6_Funeral_Funeral_6_280
22
470 51 225 135 0.8338036 
244 201 34 45 0.19549716 
144 151 24 27 0.16383873 
924 0 103 128 0.057382092 
690 7 39 35 0.054325167 
541 454 60 80 0.04833885 
873 280 93 132 0.04146646 
804 59 188 184 0.039411433 
696 136 116 161 0.031763513 
531 61 109 82 0.03129497 
227 143 24 30 0.029047199 
527 400 28 36 0.029025631 
204 176 44 60 0.02895985 
257 514 51 52 0.028217932 
886 307 56 81 0.02727358 
904 245 95 131 0.023024067 
799 199 121 152 0.022814848 
801 273 197 235 0.022027025 
747 331 155 182 0.021839892 
151 130 91 112 0.02124611 
127 29 360 427 0.020513164 
200 443 90 105 0.020348392 
