6_Funeral_Funeral_6_77
474
332 338 25 27 0.9619963 
583 361 23 25 0.9090264 
549 358 16 21 0.8962393 
85 354 19 23 0.83780444 
182 369 14 18 0.827622 
946 505 19 25 0.82282484 
427 364 15 18 0.81723785 
607 350 23 27 0.7856123 
926 496 16 23 0.7683244 
911 437 13 16 0.6573736 
478 374 13 17 0.6255752 
637 371 15 19 0.619982 
493 353 17 19 0.5883172 
799 375 11 15 0.58358914 
919 357 9 12 0.5631007 
446 356 13 18 0.5630448 
358 358 24 28 0.56151825 
72 330 15 18 0.56130713 
915 466 15 18 0.54541105 
948 411 21 27 0.52295023 
531 375 16 19 0.48702228 
1006 566 16 23 0.47850665 
982 516 22 28 0.46042866 
909 510 16 21 0.44545802 
926 541 16 19 0.44033334 
853 361 11 14 0.42981267 
988 429 11 14 0.4097948 
824 373 10 13 0.40315297 
734 373 11 14 0.39405033 
114 367 16 20 0.3818886 
899 401 12 16 0.3707045 
768 360 9 11 0.35546058 
199 398 10 14 0.26967895 
10 373 16 19 0.26794663 
940 498 19 27 0.26756936 
805 374 11 14 0.25511152 
170 330 15 18 0.24337836 
404 348 11 13 0.24323945 
975 519 16 23 0.23254094 
131 364 14 17 0.22112809 
198 349 10 12 0.21717565 
945 379 9 13 0.21348046 
282 380 13 15 0.21124849 
315 370 13 17 0.21068448 
871 371 10 12 0.20388898 
462 458 10 14 0.19351818 
999 537 22 27 0.19150282 
222 369 14 15 0.18945782 
189 347 11 13 0.18857852 
740 374 13 15 0.1767675 
36 370 16 19 0.17206858 
823 407 9 12 0.1708222 
892 443 12 15 0.15863143 
0 397 7 13 0.1543522 
963 610 16 18 0.15358312 
993 624 15 18 0.15237325 
43 377 12 15 0.14752108 
434 363 15 18 0.14584336 
748 378 11 14 0.13427249 
997 457 15 19 0.13372628 
992 527 24 29 0.13359293 
897 432 9 11 0.13266614 
842 414 9 11 0.13127933 
727 409 13 15 0.12871008 
502 392 13 17 0.12842922 
824 413 9 12 0.12627733 
999 570 23 34 0.12078721 
895 437 11 14 0.118590795 
723 364 13 17 0.11845633 
190 323 10 12 0.115413 
667 364 13 16 0.114856325 
727 372 10 13 0.11286357 
634 381 17 20 0.112102255 
147 370 15 18 0.109220445 
293 386 13 17 0.10728268 
224 397 9 11 0.10196514 
508 386 14 18 0.0991321 
793 373 10 13 0.09777108 
815 373 10 13 0.09762538 
584 386 13 15 0.093365684 
830 368 9 12 0.09109099 
735 367 12 16 0.08932874 
262 382 10 14 0.08857324 
940 445 10 12 0.08734051 
125 347 10 13 0.08709349 
123 367 14 18 0.08407591 
78 418 43 51 0.083397835 
691 365 12 15 0.082918055 
468 391 13 16 0.082801245 
938 634 17 21 0.08184914 
974 447 15 19 0.081003174 
404 352 14 18 0.08063981 
455 380 11 13 0.080027975 
332 351 23 30 0.079620965 
280 386 12 14 0.079008915 
182 343 12 15 0.07872769 
690 372 13 14 0.07733455 
294 395 12 15 0.07635073 
924 356 9 12 0.07503157 
1008 420 13 14 0.07488465 
362 352 17 19 0.07302489 
254 381 12 15 0.07293635 
286 386 11 15 0.07251115 
240 383 9 11 0.07171249 
111 384 14 17 0.07167042 
500 359 14 16 0.071118735 
507 355 12 16 0.07084992 
1003 454 13 18 0.07046256 
205 366 10 14 0.06851533 
247 387 9 12 0.06760988 
585 347 41 48 0.06745523 
879 365 9 11 0.06691285 
551 536 7 9 0.06584666 
66 361 15 19 0.0653805 
916 449 17 19 0.06519037 
1005 555 19 27 0.06509312 
948 376 9 12 0.06480899 
986 465 17 21 0.063698664 
924 545 23 25 0.06344446 
732 405 13 17 0.063265346 
912 472 12 16 0.06307265 
981 396 9 11 0.061868723 
108 373 22 25 0.061837774 
880 358 10 13 0.061669625 
268 380 11 15 0.06134504 
904 437 10 14 0.061040543 
995 429 10 13 0.05989597 
886 475 10 12 0.059456553 
897 351 9 12 0.059405167 
954 480 16 21 0.059143458 
439 355 15 19 0.05850943 
18 379 13 14 0.058265936 
887 509 11 16 0.058161315 
187 357 14 15 0.057939865 
795 410 17 19 0.057650033 
139 364 14 17 0.057454742 
416 428 25 31 0.056697458 
770 364 11 13 0.055233713 
702 386 14 18 0.055021066 
400 341 13 17 0.054693833 
991 375 11 14 0.05453829 
517 354 12 15 0.054052744 
133 344 8 10 0.054040104 
185 320 10 12 0.053300906 
528 333 13 15 0.052529503 
156 370 12 17 0.05227349 
840 408 10 12 0.051779654 
850 359 10 13 0.05145404 
133 349 10 12 0.051241383 
198 365 13 15 0.051112145 
515 380 12 16 0.05074362 
465 395 12 17 0.05054323 
903 514 16 20 0.050542172 
216 367 11 14 0.050341982 
905 375 10 12 0.04928163 
877 472 10 12 0.048490815 
464 405 11 14 0.048227426 
100 381 13 16 0.048192386 
885 365 8 10 0.048176985 
914 565 23 26 0.048034932 
895 477 11 13 0.047627464 
627 354 14 17 0.04707947 
405 362 13 16 0.046981957 
721 381 10 13 0.046870977 
853 473 12 13 0.046775714 
948 487 22 30 0.046478312 
1013 379 10 14 0.046399698 
707 383 11 14 0.046345383 
0 373 9 14 0.046261325 
228 392 9 11 0.046208754 
909 379 10 12 0.04609434 
719 355 15 19 0.045846723 
472 377 13 17 0.045618374 
303 373 12 15 0.04499625 
414 363 11 14 0.044968717 
242 388 9 11 0.04493677 
735 399 11 13 0.044905376 
100 360 14 19 0.044486918 
334 366 15 20 0.044453055 
845 373 11 13 0.044412456 
119 346 12 15 0.044022545 
35 359 17 19 0.043881994 
198 335 10 12 0.042760994 
486 362 13 16 0.04263241 
0 426 9 14 0.042620976 
955 595 13 16 0.04244292 
973 569 16 19 0.042164907 
460 380 11 15 0.04180509 
397 364 13 16 0.041624524 
975 389 11 12 0.041603096 
468 411 11 13 0.041497946 
994 630 17 19 0.041357204 
610 364 18 21 0.041324507 
580 376 23 28 0.04110862 
732 368 19 23 0.04107434 
313 332 11 15 0.040725075 
918 538 15 18 0.040454894 
760 398 11 15 0.040424857 
1007 380 11 13 0.040367857 
456 461 12 15 0.040298834 
32 378 12 15 0.04020687 
979 391 10 12 0.04016908 
546 536 7 10 0.039878666 
838 373 9 12 0.03973785 
623 358 23 28 0.039534643 
664 369 13 17 0.039435472 
560 527 7 9 0.03940006 
626 293 37 40 0.03936327 
111 351 22 27 0.03935366 
172 342 13 17 0.03928603 
271 396 10 13 0.039252292 
61 357 13 17 0.039203726 
992 412 9 11 0.038792912 
51 328 15 18 0.038147766 
20 412 12 15 0.037905622 
762 360 9 11 0.03762998 
691 378 25 30 0.03761164 
179 332 12 15 0.037438594 
668 378 10 13 0.037411265 
902 469 11 15 0.037409123 
413 371 11 15 0.03740529 
980 427 19 23 0.037132677 
1006 372 13 16 0.03695618 
141 374 17 20 0.036877804 
405 371 12 13 0.036871437 
198 355 12 14 0.036791187 
543 332 12 14 0.036656525 
387 385 14 18 0.036626797 
345 353 26 32 0.036349684 
723 388 11 13 0.036341734 
368 356 16 19 0.03603506 
710 372 10 12 0.03587949 
920 498 13 20 0.03585883 
191 330 10 14 0.035746686 
920 461 17 20 0.03557548 
901 484 12 14 0.035420023 
61 332 12 15 0.03527519 
216 341 9 10 0.035159107 
38 386 12 15 0.035124842 
954 555 17 19 0.035074092 
215 399 9 12 0.034870952 
203 396 13 16 0.034776084 
947 405 17 19 0.034756903 
641 366 23 28 0.03468851 
982 471 17 19 0.034682736 
663 357 15 18 0.034437094 
777 423 10 12 0.034428384 
895 483 12 14 0.034317803 
388 340 14 17 0.034166686 
422 389 9 11 0.03388177 
561 48 169 249 0.033613574 
192 398 11 14 0.033608533 
560 520 6 9 0.033380356 
96 385 12 14 0.033353932 
269 387 11 14 0.033349194 
966 638 11 12 0.033105448 
983 375 11 13 0.0330523 
453 386 11 15 0.03287174 
910 503 13 18 0.032853197 
790 368 9 12 0.032834943 
845 407 12 13 0.032690868 
635 393 16 21 0.03256168 
827 406 10 12 0.032386236 
997 375 10 13 0.032310933 
509 372 14 18 0.03226679 
693 391 14 19 0.032222822 
531 338 12 15 0.032176204 
568 389 10 15 0.031998005 
847 474 10 12 0.031992864 
555 353 20 26 0.031923458 
228 397 10 11 0.031753454 
923 555 23 26 0.03172217 
943 401 14 17 0.031703427 
860 359 9 13 0.031578757 
891 509 21 28 0.031471413 
846 381 9 11 0.031340893 
830 421 10 12 0.03128344 
573 387 11 16 0.031184 
640 567 9 11 0.03113159 
111 343 12 16 0.0308665 
990 544 15 19 0.030797886 
933 514 24 30 0.030738443 
756 371 13 16 0.030707706 
1011 396 12 15 0.03068065 
913 517 15 23 0.030553618 
199 390 13 17 0.030532464 
856 410 11 13 0.030403713 
496 386 15 19 0.030261176 
939 483 23 29 0.030243553 
280 374 12 16 0.030154971 
125 357 13 17 0.030029962 
1001 563 15 20 0.030014453 
974 546 14 18 0.02971287 
949 350 12 15 0.029672382 
996 381 10 12 0.0296174 
901 476 11 14 0.02954935 
452 468 12 15 0.029274525 
479 432 12 15 0.02926317 
692 356 14 15 0.029232351 
61 369 16 18 0.029209822 
536 367 19 23 0.028775102 
262 395 11 14 0.028684812 
221 379 12 14 0.028669477 
25 318 9 11 0.028545743 
944 516 23 32 0.028529473 
4 386 13 16 0.028481675 
866 372 9 12 0.028322013 
822 367 18 23 0.028241985 
390 365 13 16 0.028207311 
469 312 13 15 0.028201943 
734 335 9 11 0.028145473 
889 404 10 14 0.028005587 
902 356 8 11 0.027879484 
740 386 13 15 0.027860563 
976 515 36 45 0.027774801 
458 355 12 17 0.027695281 
789 403 15 17 0.027692571 
862 364 10 13 0.027615346 
879 341 10 11 0.027389063 
165 371 12 17 0.027368864 
933 602 15 19 0.027365308 
493 340 15 16 0.027343724 
808 369 10 13 0.027261678 
686 369 23 30 0.027084954 
971 672 15 16 0.027054388 
261 407 12 14 0.027004972 
671 388 10 12 0.026845977 
888 493 10 15 0.02674132 
903 556 13 16 0.026719512 
871 415 10 11 0.026718996 
1008 543 16 23 0.02671072 
887 397 10 14 0.026697572 
46 338 15 19 0.026695292 
1004 415 20 25 0.026604818 
204 359 10 12 0.02654383 
911 461 14 20 0.026435323 
216 350 10 11 0.026399598 
140 351 11 12 0.026160454 
1013 445 9 13 0.026117781 
751 398 11 15 0.026079185 
942 438 10 14 0.026046734 
791 419 13 14 0.026045017 
920 397 10 12 0.026024487 
447 389 10 13 0.0259978 
907 528 15 20 0.025982553 
252 417 12 15 0.025958655 
976 426 14 19 0.025922067 
699 354 13 15 0.0258978 
197 320 10 11 0.02579064 
892 448 14 18 0.025778504 
960 383 9 11 0.02566478 
267 375 19 25 0.02560844 
957 637 11 14 0.02552316 
887 499 12 18 0.025512863 
1012 160 12 19 0.025480367 
785 403 10 15 0.025454903 
972 381 14 15 0.025432065 
837 366 9 12 0.025423668 
293 375 19 25 0.025412234 
175 336 20 26 0.02541077 
989 508 17 22 0.025404373 
885 423 10 13 0.025372928 
881 318 9 11 0.02528373 
834 446 8 11 0.025240121 
784 368 9 12 0.025133085 
879 423 10 13 0.025127303 
814 420 12 14 0.025110591 
883 558 13 17 0.0251076 
967 383 11 13 0.025030363 
1005 403 14 16 0.024869768 
924 397 11 13 0.024815915 
916 505 22 30 0.024809739 
53 378 12 15 0.024549155 
727 336 10 12 0.024518892 
617 366 25 30 0.024479477 
422 359 14 18 0.024401832 
1 332 11 15 0.024338817 
232 404 10 12 0.024132477 
278 393 11 14 0.024122432 
570 393 14 20 0.024071218 
587 390 15 19 0.024066266 
499 379 20 25 0.02404319 
859 406 13 15 0.023870466 
887 458 11 15 0.02385222 
305 369 19 26 0.023838328 
0 379 10 16 0.023748657 
1005 383 21 28 0.023705507 
845 421 11 14 0.023653716 
181 354 22 25 0.023539558 
998 388 11 14 0.023537667 
141 358 12 15 0.023522532 
982 645 14 17 0.0234117 
722 367 18 24 0.023310484 
722 341 12 14 0.02329479 
4 258 12 14 0.023196353 
25 300 9 12 0.023168845 
271 360 9 12 0.023102196 
221 351 10 13 0.023094563 
929 534 17 20 0.023091922 
176 366 14 16 0.023045808 
921 478 22 29 0.022982605 
940 466 16 18 0.022834953 
118 342 20 24 0.022817314 
957 595 23 26 0.022745 
185 344 20 22 0.02274441 
764 434 12 14 0.022721045 
43 384 13 16 0.022653956 
464 519 9 12 0.022649942 
51 346 15 17 0.022597283 
518 373 11 17 0.022464667 
1012 364 12 17 0.02241956 
115 392 13 17 0.02239508 
174 321 10 12 0.022263393 
457 454 19 26 0.022262307 
100 380 24 26 0.022244923 
25 379 24 27 0.02217739 
738 402 14 17 0.022148015 
556 396 13 16 0.02211329 
438 398 11 12 0.02199932 
789 428 13 15 0.021953844 
803 417 13 15 0.021891288 
55 354 13 17 0.021853995 
445 342 12 14 0.021810887 
478 405 10 14 0.021783417 
945 355 11 15 0.021745853 
622 377 11 14 0.021606974 
207 327 10 11 0.021520743 
903 433 17 22 0.021501986 
751 360 8 11 0.021373983 
430 349 12 15 0.021351982 
916 530 14 20 0.021256248 
199 378 13 16 0.021224992 
855 460 10 12 0.021135105 
816 411 11 15 0.02111584 
318 366 18 25 0.021095356 
338 370 22 29 0.021077113 
735 381 24 26 0.021074774 
517 434 14 19 0.021059994 
582 301 12 14 0.020995466 
324 358 20 28 0.020992903 
998 81 11 15 0.020980103 
186 373 14 18 0.020953232 
952 420 25 31 0.020832494 
718 405 12 17 0.02080212 
817 405 11 13 0.02078806 
806 389 11 13 0.020758137 
381 364 12 16 0.020756336 
30 387 12 15 0.020751057 
701 348 14 17 0.02068104 
127 332 10 12 0.020610759 
997 395 12 14 0.020607807 
929 608 24 34 0.020584585 
422 332 11 15 0.02058251 
166 365 12 15 0.020568497 
230 335 9 12 0.020506728 
790 388 11 14 0.02048295 
992 396 11 14 0.02046603 
915 353 18 22 0.020427648 
916 404 12 14 0.020418469 
58 375 21 26 0.020391142 
871 418 12 15 0.02037572 
398 335 12 15 0.020345636 
718 452 10 14 0.02033933 
824 479 9 11 0.020287247 
315 338 12 14 0.020273509 
930 466 15 19 0.020226663 
906 473 23 28 0.02013179 
708 450 15 19 0.020130541 
256 376 18 24 0.020122577 
207 300 102 124 0.020077957 
279 366 11 13 0.020050388 
1011 459 11 16 0.02004619 
909 481 13 17 0.020042669 
613 377 12 15 0.02001948 
