6_Funeral_Funeral_6_1006
36
31 1 61 71 0.9995844 
644 33 72 98 0.9967092 
441 173 72 89 0.9956672 
474 4 71 70 0.04167112 
716 23 60 77 0.041526183 
425 7 133 151 0.0411932 
159 147 366 477 0.037792925 
1000 217 22 31 0.03760527 
947 173 17 21 0.03625351 
974 3 16 18 0.033712313 
676 17 80 104 0.033414695 
930 212 14 18 0.032759566 
1014 98 11 17 0.032158136 
933 55 14 19 0.032137472 
995 159 16 20 0.027089203 
903 156 13 16 0.0255477 
235 209 109 179 0.025495904 
205 195 179 303 0.025454229 
425 109 96 135 0.025436196 
1005 243 14 17 0.024488242 
994 97 14 19 0.024373343 
853 38 13 17 0.02417571 
940 54 12 16 0.023936434 
1005 117 14 18 0.023897719 
911 18 13 17 0.02345927 
950 168 12 15 0.022909926 
939 251 14 18 0.02277403 
867 224 14 18 0.022001166 
395 25 103 149 0.021783302 
907 63 14 19 0.02175333 
900 163 15 19 0.021696884 
926 50 13 17 0.021655219 
964 99 14 18 0.020538762 
896 167 12 16 0.020530099 
982 205 12 15 0.020439778 
901 178 12 15 0.020206591 
