6_Funeral_Funeral_6_432
19
710 144 98 136 0.99980456 
823 212 120 151 0.99979645 
342 153 102 144 0.9997427 
451 293 39 53 0.92115426 
86 319 25 32 0.7113918 
176 292 33 41 0.6070795 
977 220 40 45 0.30700064 
592 165 88 125 0.041838843 
72 47 186 210 0.03648241 
20 -5 186 211 0.029607017 
181 532 378 472 0.026521524 
589 20 28 34 0.026494034 
34 399 17 25 0.025654713 
822 670 106 94 0.023379322 
189 81 85 113 0.023050133 
898 619 30 39 0.022692211 
255 553 210 263 0.022348685 
216 74 50 75 0.022159243 
108 344 23 28 0.021864176 
