6_Funeral_Funeral_6_760
47
211 123 99 127 0.9991912 
667 358 26 33 0.9946321 
962 161 15 19 0.8975305 
414 319 22 31 0.65885544 
755 161 17 24 0.50154823 
864 332 8 11 0.18950318 
674 427 17 23 0.17550592 
629 158 18 21 0.07986912 
620 325 30 34 0.06764159 
953 309 10 12 0.06760964 
846 191 59 78 0.05071505 
888 316 18 20 0.04446742 
644 361 42 45 0.043586228 
889 129 37 53 0.03898152 
733 192 37 57 0.038955912 
762 157 15 22 0.03651161 
576 354 10 13 0.03585797 
924 165 11 14 0.03257612 
703 301 38 50 0.029267455 
741 170 16 18 0.028795918 
903 156 12 18 0.02879464 
613 166 10 13 0.02785564 
613 367 14 19 0.026772264 
893 154 12 17 0.025753919 
774 300 11 13 0.02569487 
601 356 10 12 0.025650693 
128 273 410 459 0.02503121 
834 115 46 56 0.02466595 
745 165 24 30 0.024140684 
443 309 24 28 0.023809763 
858 332 10 12 0.023475504 
860 341 11 13 0.023231892 
691 203 14 17 0.02305733 
912 293 11 14 0.02302083 
861 160 14 18 0.022995608 
99 189 79 116 0.022726752 
908 323 11 14 0.022704307 
767 154 22 27 0.022590319 
893 147 13 17 0.022089317 
867 326 11 13 0.02189028 
899 172 12 14 0.021853425 
834 406 8 11 0.021540575 
899 179 12 14 0.021027548 
655 234 12 18 0.020984294 
387 301 94 123 0.020294584 
896 260 12 16 0.020220635 
735 186 13 15 0.020028196 
