6_Funeral_Funeral_6_572
33
499 339 30 38 0.99970573 
654 340 31 39 0.99948967 
610 300 34 42 0.9994512 
339 322 28 37 0.9994029 
795 291 32 40 0.99935013 
286 344 28 35 0.9992391 
553 295 31 38 0.99920243 
415 343 31 35 0.99915826 
228 356 29 34 0.99913365 
546 352 30 38 0.99909043 
354 368 29 35 0.998872 
738 315 33 42 0.9985318 
163 363 26 34 0.9980014 
396 537 12 15 0.09923366 
981 569 12 14 0.055070966 
1005 565 11 15 0.04664818 
917 566 8 10 0.04384119 
896 549 10 11 0.03694298 
912 520 10 12 0.036288384 
977 568 10 13 0.03323894 
879 598 10 12 0.03013258 
425 582 8 10 0.028951712 
796 567 12 15 0.028259996 
1014 570 9 13 0.027504366 
343 396 13 16 0.026972145 
1007 619 11 13 0.02605821 
958 568 8 10 0.025867285 
864 597 8 10 0.023067392 
988 566 10 13 0.022699153 
984 535 9 11 0.021429287 
200 288 394 475 0.021113714 
960 539 12 15 0.020666135 
470 508 15 18 0.02064625 
