6_Funeral_Funeral_6_364
428
470 128 32 41 0.99834144 
170 137 33 41 0.9905381 
558 85 38 54 0.97854644 
6 602 14 20 0.56791854 
471 542 12 13 0.39587754 
356 556 10 12 0.3733396 
637 117 20 27 0.33037162 
308 656 15 20 0.32395092 
582 583 9 12 0.26903397 
615 624 9 13 0.26178718 
678 677 22 28 0.24387448 
29 598 13 16 0.21743044 
753 693 8 11 0.1958478 
501 578 10 12 0.19311418 
516 583 11 14 0.18149817 
496 646 10 12 0.17796823 
335 548 12 15 0.1750639 
485 582 10 12 0.17289045 
678 662 20 27 0.16779934 
624 638 12 15 0.16418521 
8 581 9 12 0.1585714 
496 582 9 11 0.15788278 
364 576 9 11 0.14745988 
565 572 11 14 0.14619483 
598 572 13 18 0.14099701 
565 567 10 12 0.13973467 
366 628 9 12 0.13691509 
628 134 29 34 0.13070595 
623 594 11 14 0.13002096 
270 675 12 14 0.1286718 
72 97 11 14 0.12530504 
772 696 9 11 0.123902515 
584 566 10 12 0.11929513 
20 597 13 17 0.118568644 
125 595 15 21 0.11623364 
622 644 13 16 0.11546261 
315 664 15 20 0.11464947 
367 619 12 15 0.112557985 
585 572 9 12 0.111812785 
604 577 13 16 0.11168998 
783 672 9 10 0.11159209 
713 687 11 13 0.11072641 
119 604 12 18 0.11034465 
392 587 13 16 0.10833843 
14 597 12 20 0.10511756 
500 644 10 13 0.101448864 
550 672 13 19 0.10021886 
272 629 12 16 0.10018349 
448 543 11 12 0.098869585 
416 549 10 12 0.093037054 
564 711 10 13 0.09248415 
629 626 14 16 0.09223792 
270 650 12 15 0.08986357 
361 632 9 11 0.08851565 
528 566 9 12 0.08679614 
513 587 11 14 0.0853068 
773 616 12 14 0.08336344 
362 580 9 11 0.08303774 
340 542 10 12 0.08136343 
472 559 12 14 0.08134657 
446 556 15 17 0.08009738 
551 527 10 11 0.080084726 
316 597 10 14 0.07949851 
807 563 10 14 0.07816388 
1 85 19 39 0.077561215 
451 548 10 12 0.07565354 
721 574 8 11 0.07502345 
417 543 9 11 0.074182585 
313 650 14 20 0.07406166 
350 614 8 12 0.07327938 
613 590 12 15 0.07199623 
750 579 12 15 0.06986098 
479 582 12 15 0.068832904 
133 641 16 21 0.06857812 
452 583 15 18 0.066768765 
418 607 14 17 0.066734985 
472 624 10 12 0.066292934 
285 539 10 12 0.06600747 
551 511 8 10 0.064963706 
738 677 9 12 0.064720824 
610 622 10 12 0.063091435 
302 691 25 33 0.06307631 
430 628 14 18 0.06293575 
317 645 12 15 0.062399045 
576 582 9 11 0.06138404 
290 572 11 13 0.061337918 
642 139 16 21 0.061091185 
369 613 13 16 0.05966691 
350 598 9 12 0.05670279 
757 688 9 12 0.056007292 
2 581 9 14 0.05499198 
486 536 9 10 0.054547936 
611 580 11 14 0.054089427 
327 556 9 12 0.05386325 
326 570 11 13 0.053574868 
606 526 10 12 0.052846722 
769 613 10 14 0.052677125 
518 642 11 12 0.05231435 
313 518 8 11 0.051860686 
788 671 9 10 0.05163241 
825 672 10 12 0.051127203 
614 667 24 31 0.05104799 
421 658 16 20 0.050840136 
50 682 14 18 0.050632767 
365 638 11 13 0.050339613 
776 676 10 13 0.05011176 
206 587 15 20 0.04944351 
791 610 13 16 0.049144402 
509 556 9 11 0.048685595 
448 621 10 12 0.04867112 
383 576 9 11 0.048268482 
1008 692 10 12 0.048235882 
32 575 10 12 0.047915954 
843 588 16 20 0.04720057 
508 550 10 13 0.047151886 
694 649 14 16 0.04695713 
688 682 17 21 0.04637111 
619 621 14 17 0.04592479 
613 658 14 17 0.045780495 
344 567 9 12 0.045564976 
397 550 8 11 0.0454036 
288 566 12 14 0.044963736 
327 532 8 11 0.04448021 
458 581 13 17 0.044437386 
312 611 12 14 0.044200383 
423 581 13 16 0.044176135 
566 605 11 13 0.04416011 
439 610 12 14 0.04406828 
789 540 8 10 0.043658737 
788 655 9 10 0.04332331 
614 651 14 17 0.04306621 
780 611 13 18 0.042811017 
626 651 12 15 0.042791385 
552 573 9 13 0.042730026 
382 598 11 15 0.0427257 
346 518 8 10 0.04249863 
568 517 8 11 0.0424539 
607 566 12 15 0.042340618 
807 677 9 12 0.042337596 
591 571 10 14 0.041870933 
344 525 10 11 0.041656457 
367 644 11 12 0.041526563 
767 655 8 11 0.041492984 
360 636 9 11 0.041181736 
336 581 10 14 0.041018542 
415 587 10 13 0.041000087 
511 543 9 10 0.040275194 
317 517 9 12 0.04013629 
73 582 10 12 0.039732266 
761 612 9 13 0.039665297 
785 541 9 10 0.03960365 
746 588 14 17 0.039549302 
571 605 13 16 0.039478164 
527 631 10 13 0.039449103 
706 13 9 12 0.039306674 
493 586 10 12 0.039062396 
467 541 10 13 0.038810145 
767 701 10 12 0.03879272 
487 551 10 12 0.038021296 
354 495 8 10 0.03785479 
431 626 22 28 0.037620306 
798 573 11 15 0.03759343 
408 551 10 13 0.037526388 
618 117 25 30 0.037265327 
792 618 12 15 0.037020974 
1 609 10 15 0.036985382 
583 518 8 10 0.036887884 
611 116 17 22 0.036857642 
518 575 11 13 0.036844183 
222 541 15 19 0.03679484 
476 627 10 13 0.036470994 
575 566 9 12 0.03625711 
373 605 11 14 0.036116544 
363 588 12 14 0.03592275 
352 592 9 12 0.035857327 
525 670 13 16 0.035739847 
566 561 9 11 0.035710867 
736 695 8 11 0.03555388 
312 602 13 16 0.03550736 
711 677 10 12 0.035411067 
309 543 9 11 0.0350339 
636 623 12 15 0.03500595 
4 585 14 18 0.03495256 
345 513 6 8 0.034719057 
744 653 9 11 0.034472127 
544 549 8 11 0.03437909 
572 574 9 12 0.03425946 
789 661 8 11 0.034212377 
277 602 14 18 0.034113493 
589 566 10 13 0.034018505 
599 110 24 29 0.033853076 
727 549 9 11 0.033646714 
545 512 7 8 0.033607807 
713 574 9 11 0.03322141 
743 647 9 11 0.033209443 
608 594 13 16 0.03297788 
582 560 10 12 0.032905795 
525 637 11 13 0.03289857 
6 621 13 15 0.0327954 
719 661 9 13 0.032789305 
360 542 8 11 0.032630753 
407 612 10 14 0.03255957 
568 598 10 13 0.032280754 
559 560 9 12 0.032251544 
749 637 10 12 0.032249607 
598 567 11 15 0.03219734 
496 576 11 12 0.0321926 
575 588 10 11 0.032123353 
252 577 14 20 0.032031003 
691 666 15 19 0.032007426 
685 655 10 13 0.03189416 
630 121 18 22 0.031679176 
391 593 13 16 0.031473484 
140 597 10 13 0.031311195 
417 582 10 14 0.031285215 
505 565 10 12 0.031258967 
343 534 10 12 0.031256486 
40 573 12 15 0.031248715 
462 558 9 12 0.03115486 
166 120 25 41 0.031125102 
472 587 12 15 0.030978663 
141 554 17 21 0.03075177 
243 530 23 31 0.03065417 
620 629 20 24 0.030472184 
495 534 8 11 0.030383725 
262 667 12 15 0.029993996 
772 700 11 12 0.029928435 
363 621 10 14 0.029893467 
308 706 16 25 0.029885659 
526 587 8 12 0.029738925 
610 571 13 16 0.029566696 
505 544 9 11 0.029423593 
352 633 9 11 0.029379463 
366 596 10 12 0.029280785 
71 598 11 15 0.029259568 
760 662 9 11 0.029251212 
719 679 9 11 0.029231982 
431 624 10 14 0.029054454 
561 619 49 58 0.029019793 
207 617 11 13 0.028973226 
134 630 15 17 0.02892888 
486 630 10 12 0.028891005 
310 645 15 18 0.028833333 
783 695 9 10 0.028692871 
781 675 9 12 0.028457996 
274 669 13 17 0.028331619 
510 642 11 13 0.028327582 
773 565 8 11 0.028322656 
391 619 11 14 0.028314274 
28 606 15 17 0.028280916 
738 684 9 12 0.028223872 
328 549 11 14 0.028190603 
575 536 8 9 0.028190257 
745 572 11 14 0.028189106 
562 604 10 13 0.02810137 
590 709 12 13 0.028093934 
475 546 11 13 0.028081385 
444 606 10 14 0.028079323 
551 518 9 11 0.027927488 
816 635 8 11 0.027863204 
375 502 8 11 0.02785586 
435 581 13 16 0.02757018 
439 638 15 20 0.027566621 
598 628 11 15 0.027519511 
734 653 9 12 0.027424192 
1001 687 10 13 0.027341643 
53 592 16 21 0.02727508 
261 661 11 15 0.02726585 
112 605 12 15 0.027188156 
576 559 9 12 0.027181184 
31 591 14 17 0.027148437 
831 581 9 12 0.027133988 
615 633 11 16 0.027128749 
486 576 10 12 0.027096089 
12 606 13 17 0.026977204 
44 574 15 19 0.026955394 
451 561 13 16 0.026919292 
360 612 9 13 0.026843883 
783 686 8 10 0.02677912 
384 623 9 12 0.026688421 
461 575 11 15 0.02665083 
201 575 24 35 0.026612971 
766 661 8 10 0.026561312 
288 633 12 16 0.02654992 
575 623 9 10 0.026438592 
789 599 20 26 0.026220301 
428 584 15 18 0.02616123 
414 553 11 14 0.026123354 
214 539 26 30 0.026077779 
648 120 15 21 0.026029592 
830 597 12 14 0.025981182 
750 568 12 14 0.025870394 
761 702 9 11 0.025785612 
349 573 10 12 0.02574136 
723 678 10 12 0.025668066 
167 653 10 12 0.025650065 
292 541 10 13 0.025527852 
487 662 11 14 0.025526525 
760 655 10 12 0.025388118 
24 556 9 12 0.025344137 
230 610 16 21 0.025268203 
61 609 14 18 0.025115928 
511 595 12 16 0.025017483 
407 581 10 13 0.024876416 
524 618 13 15 0.024663692 
454 575 13 15 0.024662102 
519 540 8 10 0.024594035 
350 603 10 14 0.02452772 
415 628 12 15 0.024478145 
767 636 10 12 0.02441304 
357 562 10 13 0.024274323 
517 557 9 12 0.024249222 
327 602 10 13 0.024177516 
353 500 8 11 0.02413627 
535 543 9 11 0.024112435 
838 599 13 18 0.024094008 
329 512 7 10 0.024045825 
798 627 10 12 0.024020802 
782 631 10 11 0.024016118 
736 647 9 12 0.023959761 
727 660 10 14 0.023957174 
774 632 11 12 0.023943588 
162 621 13 17 0.02394008 
767 709 9 11 0.023857871 
390 604 10 13 0.0237915 
725 636 11 12 0.023716511 
646 614 9 11 0.023652501 
509 575 11 13 0.023627412 
270 576 9 13 0.023614846 
317 591 10 13 0.023564495 
551 548 8 11 0.023507012 
622 612 12 14 0.023457116 
465 547 10 13 0.023421282 
617 590 20 23 0.023383895 
761 543 8 10 0.023357954 
357 605 11 15 0.02334032 
727 591 10 13 0.02329046 
493 650 12 14 0.023255624 
385 629 9 12 0.023246922 
603 575 22 25 0.023185793 
608 614 11 14 0.02318161 
574 495 8 10 0.023157354 
601 509 11 14 0.023079488 
291 578 12 14 0.0230621 
405 604 12 15 0.022912834 
126 619 13 17 0.022868048 
268 581 11 14 0.022846952 
655 491 13 16 0.022844419 
362 659 13 14 0.022805417 
537 548 9 11 0.022617493 
833 589 24 29 0.022578271 
382 526 8 10 0.02256846 
784 573 10 12 0.02254705 
636 635 12 15 0.02254202 
716 93 10 12 0.022444068 
277 658 12 17 0.022383858 
449 536 10 11 0.02237799 
124 607 14 18 0.022374384 
571 641 17 21 0.022351824 
784 704 9 11 0.022176698 
560 598 10 13 0.022131622 
630 511 10 12 0.02210661 
598 586 12 14 0.022085158 
780 637 11 13 0.022021286 
800 564 11 15 0.02200368 
239 564 13 17 0.021872869 
38 655 10 12 0.021857439 
759 621 9 12 0.02183857 
509 577 19 23 0.0218283 
774 637 11 14 0.021753605 
324 660 11 15 0.021736586 
261 636 12 15 0.021657687 
492 660 12 15 0.021601815 
569 525 8 10 0.021591438 
561 568 19 23 0.021553043 
504 586 10 13 0.021535425 
821 595 12 14 0.021531135 
745 582 11 13 0.021516714 
774 573 9 11 0.02146127 
501 650 12 15 0.021392826 
428 575 12 15 0.02137063 
624 508 9 12 0.021365402 
377 581 8 11 0.021304168 
797 597 12 15 0.021274244 
533 615 10 13 0.021238439 
277 581 10 14 0.021228122 
578 577 19 24 0.021207094 
269 657 13 17 0.02119769 
777 709 9 12 0.02115618 
358 535 7 10 0.021104578 
409 543 9 10 0.021067232 
769 610 21 25 0.021061951 
517 551 9 11 0.02104076 
782 709 9 11 0.021039058 
385 658 17 19 0.020990338 
560 590 9 12 0.02096455 
324 694 12 16 0.020961095 
558 511 8 10 0.020946935 
705 9 8 10 0.02093226 
654 485 22 26 0.020816287 
231 571 10 14 0.02075396 
590 675 12 14 0.020745125 
432 542 10 12 0.020704439 
571 635 28 34 0.020697003 
273 518 9 12 0.020695692 
358 595 11 14 0.020661175 
291 659 14 18 0.020611664 
623 604 11 13 0.020551214 
557 534 8 10 0.020493004 
646 498 11 14 0.020488564 
173 624 14 18 0.020471776 
576 628 9 11 0.020444859 
569 496 8 10 0.020421967 
500 676 12 15 0.020394886 
479 536 9 12 0.020392276 
159 626 13 16 0.020382106 
455 527 9 11 0.020329855 
553 567 9 12 0.020329533 
318 665 21 28 0.020315167 
304 544 10 12 0.02027309 
238 533 17 24 0.020241672 
776 14 8 10 0.020182895 
532 572 9 11 0.020168925 
180 525 22 28 0.020096004 
526 509 9 11 0.020074952 
358 495 7 10 0.02006986 
391 511 10 11 0.020051971 
776 31 8 11 0.020012245 
