6_Funeral_Funeral_6_140
78
81 90 61 85 0.99418044 
636 191 76 93 0.94832236 
499 216 57 65 0.9434594 
774 15 13 16 0.8350556 
881 48 21 27 0.72078013 
44 488 144 181 0.4669591 
701 536 21 27 0.46298173 
720 232 73 84 0.3272409 
765 38 24 32 0.30170116 
1013 44 9 14 0.28254613 
824 43 24 29 0.14737192 
437 48 382 458 0.10505938 
756 15 41 53 0.09241425 
751 105 190 268 0.08680284 
723 512 14 18 0.080936216 
859 199 48 58 0.07273958 
978 73 15 19 0.06843129 
238 127 45 53 0.067596264 
485 429 92 109 0.0619024 
715 476 12 14 0.055610552 
737 596 29 31 0.054197658 
848 1 32 24 0.053094063 
287 518 44 58 0.05206448 
934 80 22 30 0.041974813 
353 510 10 12 0.03824043 
856 205 33 37 0.03758924 
923 403 17 19 0.037216138 
675 214 88 103 0.036686033 
10 428 45 56 0.03541222 
531 445 12 15 0.033987198 
102 269 37 40 0.033868328 
571 69 55 62 0.03360756 
563 30 67 56 0.032038942 
244 118 35 39 0.03148801 
815 151 9 12 0.031300653 
430 511 8 10 0.030497203 
368 536 8 10 0.02950734 
816 173 116 153 0.029267613 
787 532 28 33 0.027606536 
985 72 16 18 0.027365409 
392 519 7 8 0.02728806 
729 597 11 15 0.026945328 
917 0 12 12 0.026860263 
669 597 12 15 0.026709506 
1012 95 12 19 0.026400277 
309 502 8 9 0.026056923 
69 473 15 17 0.025990816 
382 160 9 12 0.02587839 
812 555 13 17 0.025783485 
727 495 12 16 0.025632497 
400 521 8 8 0.025249666 
394 535 7 10 0.024937853 
540 103 47 56 0.024647111 
329 480 8 9 0.024644502 
894 536 8 10 0.024246266 
717 555 12 14 0.024138032 
888 469 9 11 0.023736907 
885 2 16 19 0.02312083 
713 544 15 20 0.02240821 
731 602 17 22 0.022278052 
332 533 31 43 0.022240205 
134 280 65 64 0.022202302 
720 495 23 30 0.021712676 
406 521 7 9 0.021666277 
383 542 8 10 0.021661399 
807 555 12 17 0.02155944 
311 480 8 9 0.02132045 
655 29 329 409 0.021128034 
318 531 12 15 0.021089261 
496 117 199 275 0.020787846 
576 48 62 62 0.020768749 
844 131 29 33 0.020750878 
947 69 13 16 0.020672724 
932 91 29 35 0.020596236 
797 530 15 19 0.020462127 
795 552 13 17 0.020449176 
832 -2 51 44 0.020185616 
780 148 16 18 0.02000064 
