6_Funeral_Funeral_6_1029
76
593 108 113 138 0.99988294 
275 123 108 138 0.99988043 
836 102 55 70 0.9991953 
0 199 29 39 0.99855345 
79 141 34 49 0.9960141 
42 175 37 51 0.9920128 
980 91 46 94 0.99055016 
144 158 36 47 0.98145264 
419 201 31 59 0.95083684 
438 202 43 59 0.16767704 
374 236 46 58 0.16184396 
773 140 30 40 0.15369211 
447 75 13 19 0.1300274 
404 177 28 42 0.12577397 
373 172 27 44 0.12480742 
229 209 26 42 0.10657101 
342 990 383 466 0.10171504 
392 168 43 67 0.10002819 
485 189 32 42 0.08529765 
159 116 27 33 0.06629915 
387 176 29 41 0.06552495 
323 145 92 119 0.06275215 
462 111 22 30 0.061143376 
451 118 15 20 0.05764074 
94 715 60 94 0.05266517 
127 156 38 55 0.052162234 
190 215 17 20 0.051968712 
102 894 31 30 0.049250662 
399 227 33 58 0.048346076 
502 196 26 37 0.044949677 
453 207 45 61 0.04280886 
409 189 29 52 0.040938742 
19 955 389 469 0.040619954 
376 151 77 112 0.03993628 
127 107 12 14 0.03881395 
486 168 30 35 0.03778138 
405 184 16 22 0.037556056 
482 225 50 60 0.03529279 
826 575 139 127 0.03396387 
145 20 10 13 0.03093957 
205 205 47 57 0.029914077 
454 6 14 13 0.029098583 
164 109 14 19 0.028169217 
70 64 12 14 0.027411439 
512 201 19 26 0.027228462 
785 140 48 57 0.0260686 
485 144 26 31 0.025615748 
347 248 49 61 0.025433755 
108 142 41 57 0.02533653 
164 1393 31 26 0.02528491 
372 169 16 24 0.025015483 
823 1 54 48 0.025007123 
170 120 17 21 0.024915736 
450 676 104 100 0.024827957 
33 262 16 20 0.024609827 
63 344 45 56 0.023738112 
477 703 66 62 0.02357268 
484 124 12 16 0.023504904 
499 171 17 19 0.023396237 
778 115 44 57 0.023287173 
173 237 43 52 0.02290442 
764 144 46 60 0.022798726 
412 99 12 15 0.022616578 
729 93 33 43 0.022326553 
441 75 12 17 0.02219996 
632 827 360 522 0.021899736 
493 205 45 58 0.021677865 
468 1229 120 144 0.021562481 
738 107 49 70 0.021474743 
474 117 17 23 0.021348983 
64 0 11 10 0.021338116 
845 184 26 34 0.02095612 
479 67 13 17 0.020658527 
101 106 12 13 0.02063043 
151 124 32 38 0.02017704 
400 8 10 12 0.020093365 
