6_Funeral_Funeral_6_128
24
635 103 32 40 0.99961567 
533 80 29 37 0.9989153 
112 101 37 48 0.9984176 
172 71 36 49 0.9978975 
213 57 34 46 0.99623233 
860 72 51 48 0.99573624 
288 108 33 38 0.99540555 
792 75 36 43 0.9934729 
455 85 37 45 0.9862075 
751 124 25 33 0.969015 
485 84 27 38 0.9548753 
96 43 13 16 0.13517176 
264 30 28 34 0.106054746 
268 49 16 21 0.056063652 
856 64 34 45 0.039612595 
396 107 10 13 0.03928556 
308 76 10 12 0.032149352 
519 366 9 13 0.02438136 
525 358 10 13 0.022040544 
824 78 16 22 0.022030616 
516 374 11 13 0.021958917 
310 81 13 16 0.020875813 
69 76 10 12 0.020681959 
449 256 40 32 0.020296738 
