6_Funeral_Funeral_6_315
26
354 147 140 214 0.9950335 
0 602 28 57 0.16387701 
54 770 193 256 0.15818498 
394 985 200 318 0.14662717 
210 452 18 24 0.12700275 
63 527 11 13 0.067218766 
654 371 37 46 0.045557417 
46 615 25 42 0.04367894 
445 -37 371 502 0.042104013 
372 885 371 461 0.041080616 
101 823 137 141 0.038607206 
38 704 329 404 0.038267493 
668 391 36 45 0.03748252 
370 1409 15 18 0.033921935 
647 360 38 40 0.03306061 
64 570 13 18 0.03240613 
365 1428 54 69 0.031717233 
148 678 99 102 0.03144536 
54 607 37 55 0.029385407 
215 769 125 115 0.026983546 
39 1318 10 13 0.026249 
95 523 13 16 0.024803743 
62 535 15 19 0.023637652 
343 546 28 29 0.022601426 
61 564 24 34 0.020988002 
52 526 42 52 0.020295937 
