6_Funeral_Funeral_6_252
118
662 137 122 157 0.9997999 
353 180 113 145 0.999711 
23 272 61 73 0.99925417 
806 214 60 81 0.99907744 
924 251 52 64 0.99878174 
161 244 60 70 0.9983229 
876 204 53 67 0.99768233 
52 199 52 69 0.9970708 
979 285 44 69 0.99015146 
38 132 43 60 0.9817723 
99 159 40 53 0.97928816 
0 129 40 63 0.9628135 
176 149 42 51 0.9545715 
206 189 43 54 0.93130594 
540 177 42 55 0.91081756 
981 211 41 60 0.8661923 
19 132 43 60 0.804435 
231 235 44 61 0.76498216 
724 290 70 87 0.7096097 
895 176 38 48 0.39614832 
978 1116 18 20 0.23908217 
30 1222 26 30 0.2345746 
946 997 16 20 0.18804358 
964 1018 12 15 0.17784524 
740 209 60 79 0.15100655 
939 965 14 16 0.13309325 
873 663 37 47 0.11414944 
759 231 38 44 0.106054045 
957 961 10 14 0.09534455 
211 1141 21 28 0.08933276 
214 208 51 66 0.08732733 
934 969 14 18 0.08414961 
838 213 53 66 0.08367548 
694 225 97 119 0.078598134 
468 903 19 25 0.07300473 
926 983 16 21 0.07227356 
55 1264 25 31 0.066664256 
932 950 9 12 0.06661871 
962 268 47 71 0.06571205 
553 178 58 77 0.06489981 
1001 971 18 31 0.0627984 
931 977 15 19 0.06223816 
604 2 51 47 0.058869652 
949 960 15 17 0.058341663 
30 1233 30 36 0.05776111 
895 951 11 13 0.053550143 
1014 891 8 14 0.051001694 
860 1200 59 74 0.049501628 
1 184 22 33 0.047220893 
741 267 62 84 0.046882343 
965 228 45 58 0.04614126 
270 1108 17 20 0.045322493 
937 976 15 18 0.042899944 
1006 917 11 16 0.042850155 
60 1262 16 19 0.04195549 
237 1133 27 31 0.041841377 
929 986 22 27 0.040954657 
468 174 48 62 0.040739592 
987 548 40 68 0.040660225 
941 226 43 62 0.040202692 
938 1243 40 62 0.038755465 
482 185 16 19 0.03805595 
581 182 54 82 0.037477046 
767 235 51 70 0.03651941 
168 1102 28 32 0.03630302 
477 184 27 37 0.035999887 
974 240 50 71 0.03540162 
901 941 10 13 0.034523733 
407 197 95 122 0.034094434 
965 940 10 12 0.033282533 
249 1174 54 68 0.032737926 
139 1134 47 58 0.031841356 
312 981 132 106 0.031259887 
950 209 40 55 0.030032722 
911 958 10 13 0.029715022 
329 1001 78 61 0.029278412 
933 991 26 31 0.028840426 
666 1070 48 53 0.028401222 
21 1214 43 48 0.028295064 
281 1102 26 29 0.027887348 
948 991 14 16 0.027760642 
910 1201 16 19 0.027625373 
875 820 10 13 0.027551899 
898 956 12 15 0.027353972 
876 815 9 12 0.027015105 
588 174 87 114 0.026923096 
253 973 224 167 0.026846237 
910 879 9 11 0.026618147 
418 321 186 311 0.026313158 
928 954 12 14 0.026179679 
899 219 52 65 0.025806913 
890 948 23 29 0.025431078 
876 238 46 61 0.025287002 
186 754 399 406 0.02468257 
228 1138 23 32 0.024652543 
873 817 9 12 0.024397103 
900 950 11 13 0.02414185 
19 1230 28 37 0.024098018 
1009 971 14 22 0.02400397 
962 963 10 13 0.023984753 
730 727 69 72 0.02377953 
483 219 192 223 0.023408277 
1012 914 11 18 0.023309242 
227 1129 44 54 0.023020312 
213 1022 30 34 0.022830617 
869 260 32 43 0.021829493 
443 154 82 111 0.02146735 
67 147 45 61 0.021416726 
31 1242 45 54 0.02141481 
2 1233 24 34 0.02113509 
888 1017 48 61 0.020816743 
702 1082 66 60 0.020768443 
222 1015 10 12 0.02073447 
908 884 10 12 0.020716857 
889 739 24 35 0.020423934 
1000 921 12 15 0.020195901 
936 215 33 40 0.020173326 
67 1209 41 58 0.020040143 
