6_Funeral_Funeral_6_160
87
831 122 53 72 0.99922025 
871 246 66 95 0.99768054 
897 97 61 85 0.99738806 
781 209 49 72 0.9971228 
157 220 62 86 0.9959409 
202 177 67 92 0.995434 
610 375 39 53 0.99252665 
363 304 45 59 0.9911509 
745 170 47 68 0.9903932 
719 157 36 49 0.9869985 
360 221 32 47 0.986061 
24 223 65 110 0.98359275 
45 67 50 107 0.94790953 
275 196 44 68 0.86991316 
297 183 36 58 0.67117554 
-1 143 53 116 0.670545 
176 200 68 94 0.64972776 
862 206 57 80 0.4451519 
120 475 87 62 0.32940856 
722 206 27 45 0.24071516 
90 189 47 58 0.1558992 
60 110 33 61 0.14511427 
142 182 29 33 0.13892156 
270 443 42 49 0.1125757 
501 465 18 20 0.09578249 
728 179 47 72 0.08513475 
895 225 61 84 0.07866346 
266 788 168 227 0.07432301 
997 88 24 60 0.07214112 
111 183 45 55 0.06719481 
67 212 59 87 0.06597419 
116 924 106 139 0.064665 
549 278 33 40 0.06177625 
253 176 57 81 0.061304953 
130 179 50 57 0.06119418 
522 407 14 18 0.05883527 
14 90 59 120 0.057148166 
311 197 32 46 0.05698315 
6 173 66 130 0.0554392 
131 943 441 531 0.051227767 
264 208 37 55 0.047288094 
381 1298 413 463 0.047286842 
979 816 44 75 0.042853538 
326 351 29 41 0.04180968 
174 475 68 57 0.040395852 
322 232 27 42 0.04017385 
396 262 13 18 0.039786804 
290 1232 51 66 0.03781542 
981 106 41 81 0.03360424 
913 203 52 71 0.033058025 
264 459 36 42 0.032022484 
276 1218 97 119 0.030650418 
204 809 32 47 0.03059601 
288 245 29 35 0.030150592 
294 446 32 38 0.02947799 
43 182 55 77 0.029177831 
323 203 39 56 0.028587475 
536 235 14 17 0.028374158 
665 638 384 512 0.028313432 
388 254 22 31 0.026513921 
686 336 24 37 0.026104357 
1002 74 20 43 0.025817625 
346 673 352 418 0.024759214 
84 437 92 102 0.024649415 
997 183 28 44 0.023717958 
511 400 29 37 0.023550933 
134 175 27 30 0.023487817 
322 207 16 25 0.0225748 
335 214 39 57 0.022506637 
764 170 56 74 0.022419829 
162 191 16 20 0.022377133 
184 243 43 57 0.022212537 
160 192 57 74 0.022183713 
679 306 24 34 0.022017429 
298 1234 19 20 0.021844883 
146 196 20 25 0.021841401 
863 167 57 81 0.021656215 
139 191 19 22 0.021541702 
154 727 383 458 0.021347757 
470 1162 110 128 0.0213224 
560 261 36 42 0.021189993 
680 693 43 44 0.020869251 
261 174 30 42 0.020720873 
731 164 38 53 0.020691784 
437 399 122 144 0.020186912 
314 240 26 41 0.020096648 
728 216 34 53 0.020027108 
