6_Funeral_Funeral_6_618
91
736 460 123 167 0.99988925 
919 4301 112 136 0.9997739 
539 2032 227 218 0.9997093 
638 3336 126 156 0.9989704 
350 488 46 59 0.9983512 
532 1186 94 108 0.9968221 
166 522 39 61 0.99529207 
93 2463 62 95 0.99119145 
275 495 46 52 0.979933 
261 2466 82 108 0.97447044 
384 533 28 50 0.9587545 
82 495 32 55 0.9372625 
434 3538 110 104 0.81238157 
204 488 43 50 0.69086415 
314 1292 77 78 0.51655644 
480 2616 142 102 0.18268657 
-30 4213 351 426 0.1794185 
163 4238 366 393 0.12962614 
341 3501 204 187 0.10994737 
646 1180 84 116 0.10913567 
85 482 27 41 0.10146183 
22 4321 190 280 0.10074035 
549 1882 356 399 0.08690558 
183 2469 51 85 0.07708891 
138 4289 209 262 0.07362068 
501 1218 12 17 0.0700567 
345 4306 231 260 0.06876713 
179 502 44 61 0.06498375 
480 510 23 30 0.0647598 
710 3280 179 223 0.06317684 
75 516 31 49 0.061878413 
297 4228 388 457 0.06022192 
436 3374 13 13 0.058846373 
925 456 69 76 0.05286845 
669 3414 111 144 0.049368676 
422 1168 10 11 0.047778677 
330 3569 147 137 0.047470108 
221 3258 393 397 0.0452862 
598 1170 99 122 0.04498225 
344 1158 44 35 0.04451755 
465 2602 408 475 0.042246953 
501 2644 92 62 0.042050965 
488 1236 12 13 0.04149979 
492 1229 11 14 0.03653237 
499 1196 9 12 0.036081653 
116 470 16 21 0.035460986 
134 537 35 51 0.03468443 
489 1221 9 11 0.03451736 
779 3281 135 126 0.033844978 
452 2559 247 206 0.033523303 
496 1220 11 14 0.032682087 
557 3162 385 433 0.032597054 
702 3422 125 179 0.032164644 
897 2601 30 35 0.03192887 
487 1215 9 11 0.03182263 
97 489 15 24 0.031454913 
396 1164 42 40 0.03127403 
540 1252 451 464 0.03124179 
569 440 114 122 0.028413018 
163 463 25 31 0.02825756 
421 1172 12 13 0.027783373 
457 434 33 34 0.02770978 
682 3481 92 117 0.027708938 
740 2717 25 36 0.025921356 
476 1229 11 13 0.025188582 
509 2607 227 242 0.024606716 
578 2596 18 21 0.024518242 
88 106 15 19 0.024477175 
478 1222 9 12 0.024357043 
85 4383 385 463 0.02432285 
192 4393 144 177 0.02424455 
440 1174 9 11 0.024069376 
84 2773 16 21 0.023443632 
99 477 24 37 0.022972886 
304 1193 59 66 0.022644334 
453 483 45 57 0.02246168 
322 1164 59 58 0.022370376 
313 1154 95 93 0.02192166 
270 1253 65 75 0.021854682 
532 3446 13 15 0.02185109 
433 3380 18 18 0.021734364 
495 2616 78 67 0.021712476 
650 2241 331 459 0.021221338 
125 2468 49 87 0.021219218 
721 1892 171 128 0.021142613 
502 1205 9 11 0.021096723 
79 2494 64 97 0.020955058 
-16 4578 436 425 0.020945843 
575 4389 403 431 0.020820403 
230 1190 27 31 0.020658165 
284 1218 56 67 0.020339128 
