6_Funeral_Funeral_6_177
415
446 259 26 38 0.99759775 
782 155 38 45 0.9969572 
877 155 31 40 0.9941824 
550 215 33 56 0.99347043 
624 185 38 46 0.98654664 
687 171 33 44 0.96554935 
422 261 27 39 0.9363924 
913 152 30 37 0.9211057 
226 234 27 41 0.9201775 
494 261 25 38 0.91319036 
900 193 31 35 0.8886799 
539 261 23 34 0.8783992 
262 179 32 53 0.8428209 
964 163 23 28 0.8196111 
360 189 9 13 0.55695695 
518 191 10 13 0.47239837 
449 187 10 14 0.37607026 
410 176 13 18 0.33289105 
155 184 32 33 0.30849472 
438 240 17 20 0.28716657 
414 400 32 37 0.28454766 
55 550 8 10 0.28089318 
30 504 8 11 0.26984137 
930 151 32 38 0.24041969 
158 581 9 10 0.19631016 
458 264 25 34 0.19440545 
127 469 7 9 0.19391383 
144 656 9 12 0.18375045 
127 588 9 11 0.1797106 
116 605 10 12 0.17912264 
60 574 10 12 0.1788728 
157 536 9 11 0.17347097 
98 598 10 12 0.17246175 
85 542 9 11 0.17017984 
290 542 8 10 0.16991544 
67 606 11 13 0.16955003 
378 189 13 18 0.16885553 
305 558 9 11 0.15988137 
316 213 17 23 0.15839031 
277 553 9 10 0.15605864 
102 550 9 11 0.1527772 
169 518 8 11 0.15215282 
73 559 10 12 0.1419376 
39 488 9 11 0.14184943 
44 566 9 11 0.14026813 
31 551 9 12 0.13886976 
213 235 27 33 0.12560555 
65 484 8 10 0.12094335 
153 462 7 9 0.117077865 
128 542 9 11 0.11659511 
165 201 15 18 0.11461298 
401 197 22 37 0.11341939 
510 170 11 14 0.1126136 
182 577 9 11 0.11151381 
97 476 8 10 0.11064609 
154 581 9 10 0.105338454 
145 595 10 12 0.10292482 
69 481 9 11 0.09976444 
302 215 28 33 0.09850809 
55 500 8 11 0.09435245 
262 538 10 13 0.093838535 
40 567 9 11 0.09220494 
85 491 10 11 0.09147247 
475 266 28 33 0.0911408 
323 209 15 23 0.090384714 
173 591 9 11 0.08946879 
73 432 9 11 0.08836789 
113 534 7 9 0.08834842 
86 614 11 14 0.087392546 
827 138 14 20 0.087343335 
274 176 45 59 0.08720843 
144 479 8 10 0.0870966 
370 192 22 33 0.08531482 
496 166 12 14 0.08224239 
297 496 10 12 0.0820786 
308 311 45 43 0.08118567 
478 274 16 21 0.07880031 
155 192 19 21 0.0782889 
356 152 15 19 0.07778737 
318 542 8 9 0.07687034 
61 567 8 10 0.075885236 
576 175 11 14 0.07577155 
185 528 8 11 0.07546153 
142 526 8 10 0.07506911 
47 609 9 12 0.074742936 
505 265 23 36 0.074268766 
103 424 9 12 0.074163444 
17 519 8 11 0.071903296 
259 226 25 40 0.07170347 
501 185 14 19 0.070555605 
999 197 26 45 0.068895526 
129 535 8 11 0.06864013 
85 416 9 11 0.06850468 
405 181 19 29 0.06800672 
552 175 10 14 0.0673808 
284 600 9 11 0.067092665 
250 197 15 23 0.06703945 
509 149 11 13 0.066044234 
169 472 8 9 0.065994896 
488 401 17 21 0.06508546 
522 189 11 15 0.06455497 
976 160 24 32 0.06452476 
133 495 9 10 0.06336974 
174 473 8 9 0.06294521 
118 558 9 11 0.061685536 
372 165 12 15 0.061226845 
0 204 46 81 0.06086767 
178 455 7 10 0.060527816 
362 467 17 20 0.05960395 
401 262 24 31 0.05935767 
44 439 9 10 0.058753595 
23 509 9 10 0.058557972 
405 194 14 22 0.05768095 
209 572 7 10 0.056557342 
253 442 9 12 0.05641532 
22 526 9 11 0.056294885 
150 591 9 12 0.056144394 
23 557 8 10 0.05611287 
251 190 25 39 0.056081917 
311 484 10 11 0.056062233 
37 551 9 11 0.055803955 
909 168 41 50 0.055620298 
158 479 8 9 0.055352334 
365 192 14 20 0.05466735 
117 480 8 11 0.053867333 
102 473 9 11 0.05362776 
525 224 12 20 0.052770495 
25 492 7 10 0.05272312 
726 158 23 40 0.05168794 
116 599 10 12 0.05128729 
316 424 10 11 0.05108133 
246 229 26 42 0.050502762 
116 660 11 11 0.05045643 
285 480 10 13 0.04995891 
166 576 9 11 0.04947554 
160 198 26 31 0.049344838 
56 623 11 14 0.0492013 
361 453 16 18 0.048724446 
133 486 8 11 0.048321698 
193 513 7 9 0.047339402 
243 171 42 60 0.04733447 
144 543 9 11 0.04714689 
492 230 17 22 0.046874393 
435 228 23 27 0.04674497 
672 171 35 50 0.04673649 
312 542 9 10 0.04641382 
501 169 13 16 0.046005912 
471 179 10 13 0.045962412 
394 159 23 28 0.045682147 
45 560 9 11 0.045487087 
89 559 9 11 0.04511294 
291 201 30 39 0.044651896 
103 181 10 15 0.04389218 
113 486 8 9 0.043748297 
0 196 12 19 0.043593995 
173 653 9 10 0.04355643 
526 259 26 37 0.043334752 
90 564 9 12 0.043061886 
483 202 14 16 0.043001607 
397 193 15 21 0.042663675 
905 192 45 52 0.04249836 
379 198 17 23 0.0423278 
239 103 32 32 0.042090766 
169 195 16 18 0.04206893 
153 520 8 10 0.041773316 
129 421 8 9 0.041349 
47 488 8 11 0.04133767 
145 549 9 11 0.041191198 
420 178 13 20 0.040937625 
541 196 12 16 0.04076313 
364 203 24 38 0.040677212 
434 246 23 32 0.04040245 
103 502 9 11 0.03988762 
366 161 13 16 0.039469212 
7 520 8 10 0.039222803 
17 553 8 10 0.03909939 
190 529 8 10 0.039023228 
390 207 14 20 0.03899156 
133 542 8 11 0.03843423 
102 543 8 10 0.03831333 
515 184 19 25 0.0380408 
21 519 8 11 0.03800834 
174 518 8 10 0.037899572 
21 567 9 10 0.037890114 
167 581 9 10 0.037646037 
237 221 25 43 0.03747822 
54 545 8 10 0.037369076 
178 264 51 60 0.037354004 
227 270 17 23 0.036740176 
358 160 14 16 0.036636565 
45 509 9 11 0.036598735 
140 166 36 37 0.03650282 
350 150 14 17 0.036429822 
396 207 16 23 0.036355056 
20 574 10 12 0.036279943 
143 472 8 10 0.03603795 
113 408 8 10 0.035977576 
63 495 8 11 0.035827305 
372 158 11 13 0.03577034 
512 192 13 16 0.035674874 
17 492 7 10 0.035614997 
58 445 9 12 0.035216015 
118 551 9 11 0.035112232 
740 180 9 14 0.03507293 
17 568 8 10 0.035070322 
136 584 9 11 0.03505909 
105 555 9 12 0.034835216 
23 213 45 62 0.034691535 
95 580 9 12 0.03467369 
0 583 8 11 0.0346026 
41 609 9 11 0.034463547 
75 564 10 13 0.03430434 
56 423 8 10 0.034247123 
157 526 8 10 0.034147833 
270 616 8 9 0.034088302 
81 495 8 9 0.03396767 
403 257 37 46 0.033957556 
182 454 7 10 0.03338163 
255 538 11 15 0.033327367 
62 519 9 10 0.033293825 
296 333 35 35 0.033249132 
36 623 10 13 0.03302759 
119 503 9 10 0.032917883 
129 548 9 10 0.03282296 
383 189 22 29 0.032450758 
62 439 8 10 0.03237084 
479 195 13 17 0.032203443 
393 256 22 32 0.03213876 
837 176 15 17 0.03200087 
61 579 10 12 0.03199451 
183 471 7 9 0.03197231 
491 220 15 20 0.031949975 
174 542 8 10 0.03186799 
119 407 8 9 0.031386476 
126 529 9 10 0.031171262 
73 502 8 10 0.031163037 
1012 445 13 21 0.031134462 
113 529 7 10 0.031032445 
178 195 14 18 0.030956578 
70 496 9 10 0.030897494 
268 535 11 13 0.030573947 
301 191 37 50 0.030310147 
6 487 7 11 0.030150926 
47 503 9 11 0.030105349 
316 166 23 33 0.030061098 
77 573 11 12 0.030038727 
549 291 12 18 0.030022109 
364 155 13 16 0.02992817 
509 154 12 16 0.029824575 
393 270 25 34 0.029811075 
500 225 16 25 0.029416773 
127 595 10 13 0.029208638 
951 154 39 50 0.029146338 
152 457 8 10 0.028955165 
119 430 8 10 0.02893606 
596 181 11 14 0.028727828 
502 158 11 14 0.028719097 
463 180 12 14 0.028306203 
76 430 9 11 0.028286768 
39 580 9 11 0.028211711 
84 663 14 14 0.028189711 
463 190 11 14 0.028122004 
282 208 40 59 0.028075922 
489 167 10 13 0.02787145 
110 425 8 9 0.027841235 
342 147 24 28 0.027763363 
175 476 8 10 0.027728323 
516 170 11 14 0.027681991 
504 161 20 26 0.027628126 
70 544 8 10 0.027620673 
24 533 9 10 0.027611803 
606 166 8 10 0.027572252 
78 581 11 14 0.027532645 
87 548 10 12 0.027522149 
717 172 29 40 0.027486669 
80 479 8 10 0.027450152 
131 177 27 32 0.027387777 
83 210 44 62 0.027307885 
7 492 8 11 0.027190927 
169 654 9 11 0.027049206 
360 154 22 26 0.027027443 
39 572 10 12 0.027018683 
31 494 8 10 0.026937705 
150 495 8 10 0.026934108 
251 525 12 14 0.026559671 
486 388 13 17 0.02655765 
111 592 10 11 0.026511265 
379 163 13 16 0.0264856 
151 541 9 10 0.026483534 
72 551 8 10 0.026436264 
244 201 25 37 0.02643049 
519 184 11 15 0.026410135 
83 605 11 13 0.026246747 
468 188 11 15 0.026088785 
143 521 8 10 0.026071081 
175 582 8 10 0.025977569 
168 513 9 10 0.025853781 
37 527 9 10 0.025827752 
309 154 24 34 0.025791408 
271 556 9 11 0.02573861 
135 566 10 11 0.025687516 
353 189 11 16 0.025574148 
421 175 21 28 0.025541056 
391 160 16 19 0.02549462 
329 208 14 21 0.025354045 
597 185 14 16 0.025159704 
174 536 8 9 0.025156077 
536 188 11 16 0.025147926 
149 550 9 11 0.025138672 
164 213 18 22 0.025134725 
120 528 8 10 0.025102235 
225 251 25 39 0.024924418 
214 568 7 10 0.024882156 
23 613 9 11 0.024863068 
362 183 13 16 0.024791582 
46 517 8 11 0.024784477 
282 343 35 34 0.024650821 
57 580 9 11 0.024579179 
229 152 69 103 0.024570322 
159 461 8 9 0.024539478 
540 178 15 19 0.024283089 
411 208 13 20 0.024265464 
316 189 26 38 0.024227465 
134 559 9 11 0.024212155 
56 439 9 11 0.02417724 
452 404 24 37 0.024139334 
593 177 9 10 0.023984458 
141 186 14 18 0.023953773 
507 178 12 17 0.023919284 
1 526 8 10 0.02385634 
133 550 9 10 0.02381341 
167 220 41 55 0.023812335 
158 485 9 10 0.023811402 
73 509 8 10 0.023750426 
134 597 11 13 0.023738276 
80 600 10 11 0.023736997 
1 587 9 13 0.02371901 
32 526 9 11 0.02363973 
476 396 28 35 0.023508893 
50 213 44 59 0.02349375 
151 502 9 10 0.023440419 
96 592 10 13 0.023418128 
62 512 8 9 0.023371398 
991 158 26 38 0.023342816 
81 536 8 10 0.023333775 
33 568 8 10 0.023317566 
149 558 9 11 0.023294263 
146 485 8 10 0.023243355 
0 478 7 11 0.023235401 
133 534 9 11 0.023184296 
7 536 8 10 0.023142306 
70 600 9 12 0.022973543 
134 481 8 10 0.022967963 
120 471 8 10 0.022954227 
149 188 18 21 0.022919636 
138 519 8 10 0.022916442 
136 464 7 10 0.022822333 
432 233 15 19 0.022807406 
137 183 44 51 0.02263553 
197 583 9 10 0.022634115 
112 599 18 23 0.02259156 
43 573 11 12 0.022489486 
136 501 8 10 0.02247277 
47 590 10 11 0.02243686 
372 381 31 36 0.02241912 
104 566 9 11 0.022413021 
40 505 8 10 0.022376083 
120 437 8 11 0.022360997 
273 657 10 13 0.02236098 
247 443 10 13 0.022359584 
304 542 9 11 0.022265894 
112 558 9 11 0.022247206 
30 608 9 11 0.022242995 
536 180 11 15 0.022231963 
153 414 8 9 0.022066351 
572 173 19 23 0.022045275 
236 189 26 35 0.022038182 
145 495 9 10 0.022030117 
439 187 11 15 0.021934252 
40 518 9 10 0.021860816 
304 562 11 14 0.021625118 
231 423 10 13 0.021549722 
426 279 21 28 0.021502592 
182 460 7 10 0.021460742 
32 626 11 13 0.021359507 
324 184 16 22 0.02133244 
477 175 9 11 0.02121693 
197 589 9 10 0.021177636 
327 180 23 34 0.021129388 
300 229 17 23 0.021092994 
515 304 18 23 0.021057261 
199 527 8 10 0.020967178 
168 595 10 12 0.020966914 
3 148 61 91 0.020902399 
295 559 9 10 0.020893797 
97 536 8 10 0.020876702 
504 144 22 28 0.020851348 
54 488 8 10 0.020788172 
484 190 14 17 0.020759478 
381 157 12 14 0.020719226 
255 533 21 24 0.02067859 
64 525 9 11 0.020605708 
343 149 12 15 0.020572744 
255 318 34 37 0.020548861 
120 564 10 12 0.020514376 
95 550 9 12 0.020419614 
412 269 17 24 0.020396575 
220 348 43 45 0.020319326 
16 504 7 10 0.020229986 
523 231 15 24 0.020220948 
119 425 7 9 0.020204926 
439 160 9 13 0.020135455 
184 478 8 10 0.020123055 
184 447 7 11 0.020078123 
977 173 39 53 0.020038268 
