6_Funeral_Funeral_6_696
64
459 170 60 81 0.999426 
968 168 53 68 0.9988611 
679 113 63 87 0.998629 
559 204 51 88 0.9985085 
264 150 28 34 0.9982925 
330 176 27 35 0.99804723 
5 173 26 34 0.9978538 
893 131 46 57 0.9975426 
21 200 25 32 0.9967744 
562 62 59 90 0.9965947 
160 191 32 43 0.9963845 
812 141 55 75 0.9958891 
59 194 25 33 0.995308 
219 172 20 28 0.9885859 
94 183 24 32 0.98313534 
362 174 22 30 0.97796565 
412 88 53 63 0.97561353 
90 156 20 23 0.9621087 
119 186 28 35 0.9382333 
23 162 20 24 0.8559554 
171 161 20 22 0.7825279 
295 163 17 23 0.6877788 
389 151 22 35 0.6549257 
59 174 20 23 0.6491957 
219 163 17 25 0.3951993 
348 159 12 14 0.3841599 
139 171 16 20 0.24987778 
957 153 26 38 0.21840224 
559 319 38 50 0.1587496 
804 162 16 22 0.14720605 
344 157 20 26 0.119929194 
805 155 28 42 0.10352892 
549 147 14 23 0.09682549 
165 170 27 31 0.09080324 
128 175 24 31 0.08298646 
378 164 21 29 0.06976667 
135 193 18 23 0.068229586 
117 171 16 20 0.067818575 
148 193 27 36 0.05952065 
279 155 25 32 0.053667966 
424 116 57 70 0.050991915 
367 169 13 18 0.050746754 
785 157 10 14 0.049566515 
389 135 42 56 0.044750407 
121 171 22 28 0.03672961 
310 47 8 11 0.03616555 
398 116 52 64 0.033876598 
162 178 18 22 0.033110257 
659 117 52 75 0.03245327 
960 157 14 19 0.031676084 
77 189 27 35 0.031647544 
392 150 12 20 0.03149363 
339 168 24 32 0.029617867 
962 378 10 13 0.027624346 
364 172 35 45 0.025066135 
95 167 19 22 0.023330724 
542 146 24 34 0.023181727 
669 139 13 18 0.022772057 
515 158 23 32 0.022496508 
384 172 28 35 0.021858448 
224 158 17 20 0.02153575 
51 301 110 118 0.020876179 
185 163 14 19 0.020161785 
127 201 26 32 0.02009645 
