32_Worker_Laborer_Worker_Laborer_32_44
32
511 260 261 346 0.99974793 
233 383 213 296 0.9952178 
190 19 226 372 0.9637307 
446 859 440 519 0.95065165 
2 812 456 535 0.69893646 
76 319 364 438 0.35456055 
535 710 430 478 0.15158704 
166 880 62 75 0.11606921 
172 139 341 486 0.10057068 
303 -25 378 503 0.097129524 
833 1253 149 169 0.092484124 
306 187 316 481 0.08508741 
95 933 258 318 0.08403466 
296 1182 424 420 0.07437916 
85 20 213 304 0.061311316 
803 924 130 167 0.05947422 
449 1419 32 34 0.05116557 
728 846 223 280 0.045968458 
460 487 470 486 0.032864876 
834 529 128 133 0.03267544 
405 12 269 244 0.032259308 
296 903 68 63 0.031102061 
826 467 186 234 0.030454872 
189 981 270 256 0.02735938 
862 74 158 196 0.024210911 
51 1094 449 510 0.02381158 
858 479 124 134 0.022486035 
139 853 114 104 0.022177361 
443 68 394 430 0.021199303 
203 999 168 136 0.021022568 
42 7 133 179 0.020470783 
303 941 408 475 0.02042338 
