32_Worker_Laborer_Worker_Laborer_32_134
28
471 361 92 109 0.9983217 
851 810 31 36 0.22293551 
224 162 27 37 0.12281577 
612 1461 31 43 0.085982054 
992 1438 30 38 0.076794475 
614 1159 28 34 0.05563268 
461 62 194 274 0.050454058 
313 150 26 33 0.046807636 
858 1472 34 38 0.039454047 
183 614 437 550 0.03829966 
1 0 51 50 0.03798761 
-20 642 466 436 0.036063086 
482 684 446 495 0.033976912 
567 463 370 508 0.032828167 
52 1480 39 43 0.029740447 
0 1489 28 40 0.028352682 
581 1505 30 33 0.02602048 
953 83 29 36 0.025316508 
624 1455 18 23 0.025130749 
819 302 188 240 0.024963506 
727 1316 12 14 0.023631321 
28 1494 27 35 0.02256153 
356 171 46 59 0.0222974 
282 169 27 33 0.022251494 
731 1310 12 13 0.022180814 
344 98 44 62 0.021773322 
968 1429 45 53 0.021620547 
719 370 124 163 0.020183759 
