32_Worker_Laborer_Worker_Laborer_32_1039
28
579 315 220 288 0.99970824 
264 265 31 51 0.6594766 
441 1000 113 172 0.3903576 
547 408 25 28 0.35886258 
374 1153 116 139 0.35388327 
435 931 352 397 0.15613395 
191 362 35 40 0.13582498 
562 374 18 23 0.11796141 
393 1037 187 220 0.10071155 
266 255 56 66 0.09998575 
491 1010 221 249 0.061318647 
387 1075 131 113 0.04299067 
363 368 36 37 0.040761277 
546 637 430 476 0.03541947 
913 81 27 36 0.03150664 
590 1098 150 136 0.02832437 
915 11 29 41 0.026032375 
810 91 17 21 0.02575862 
843 211 14 18 0.025676526 
632 1029 128 151 0.025369406 
395 1090 63 57 0.023383461 
209 331 15 19 0.023286857 
763 339 86 127 0.023272699 
906 87 25 39 0.022490324 
236 229 12 15 0.021372888 
917 82 16 21 0.020719232 
358 443 27 30 0.02036125 
166 222 13 18 0.02002326 
