32_Worker_Laborer_Worker_Laborer_32_932
40
811 797 66 85 0.996258 
957 780 54 69 0.99535096 
685 776 50 63 0.99472964 
520 807 54 76 0.994406 
114 786 50 64 0.99106336 
276 90 80 112 0.99065316 
365 824 52 72 0.98602563 
279 851 71 104 0.9844184 
245 793 51 63 0.8656996 
655 931 50 68 0.7680758 
383 777 33 41 0.7004169 
861 783 45 61 0.67899275 
840 790 53 68 0.5517275 
81 848 46 56 0.22031271 
69 869 60 61 0.14996108 
565 765 37 60 0.07111174 
374 778 28 33 0.061807074 
315 841 68 95 0.051465545 
-3 957 77 141 0.0484341 
749 878 50 65 0.04543122 
259 832 58 77 0.043789268 
697 922 46 62 0.03644585 
243 815 56 76 0.03256246 
62 901 90 113 0.02770241 
485 1000 49 59 0.027487958 
546 786 43 71 0.027270988 
78 894 42 40 0.026957594 
1 841 19 32 0.025155762 
221 792 43 60 0.024061969 
362 801 47 62 0.023082757 
749 260 242 292 0.022856776 
442 893 44 57 0.022607876 
398 789 19 26 0.022497065 
184 794 40 56 0.022416266 
140 878 34 44 0.02204765 
12 917 100 130 0.022014083 
422 1019 46 64 0.02156208 
638 789 387 453 0.020945545 
160 788 43 61 0.020429512 
315 1032 23 31 0.020175721 
