32_Worker_Laborer_Worker_Laborer_32_944
53
420 352 99 112 0.9993333 
663 936 34 42 0.3989132 
471 985 13 16 0.28369743 
55 678 25 31 0.18241477 
218 144 28 37 0.06481438 
629 294 409 531 0.04926117 
615 755 46 66 0.04489886 
133 689 17 20 0.040296104 
423 939 10 12 0.03979983 
419 932 13 15 0.03932036 
879 625 102 135 0.039317098 
365 798 14 16 0.038336277 
41 996 14 15 0.034319613 
458 965 9 12 0.033441152 
465 986 12 15 0.03336216 
718 794 54 73 0.03330388 
556 955 12 16 0.03206128 
836 698 49 66 0.03162769 
551 462 15 18 0.03142498 
429 941 11 12 0.031302195 
524 999 13 14 0.030325904 
423 993 12 15 0.03001487 
235 966 12 13 0.029937739 
27 996 15 15 0.02960182 
593 798 10 13 0.02903676 
698 662 30 32 0.029026974 
99 699 16 19 0.028841335 
49 981 12 13 0.028706266 
193 249 17 20 0.028639726 
236 982 12 13 0.02811049 
484 878 11 13 0.02687039 
457 960 9 11 0.026006145 
552 863 10 12 0.025587507 
173 996 12 14 0.025456853 
526 991 12 12 0.025336115 
410 760 25 31 0.025316423 
428 991 11 14 0.024920143 
437 990 11 14 0.024655085 
451 986 13 16 0.024213076 
631 458 10 13 0.02386479 
580 437 11 14 0.023162093 
231 183 78 107 0.023024673 
309 962 11 13 0.022896111 
526 973 9 12 0.022442967 
678 676 12 15 0.022001853 
203 3 18 19 0.021943474 
410 998 14 15 0.021337023 
652 779 11 17 0.0213123 
461 943 10 12 0.021010881 
388 770 14 19 0.020869933 
12 969 16 22 0.020837547 
423 983 10 11 0.02068889 
0 738 10 19 0.02025133 
