32_Worker_Laborer_Worker_Laborer_32_723
51
300 83 56 69 0.9985753 
431 146 58 93 0.9703119 
0 196 44 95 0.9586134 
788 61 38 64 0.9547867 
947 157 46 78 0.8059538 
169 3 60 45 0.76202697 
496 187 46 71 0.3823239 
107 274 43 49 0.16505423 
472 163 56 82 0.09854616 
650 166 31 42 0.094643176 
82 94 27 33 0.08391114 
890 173 47 64 0.07367804 
813 89 42 48 0.07306433 
520 203 41 60 0.07188778 
547 235 35 36 0.07008522 
582 243 57 60 0.05910107 
673 181 59 70 0.05792123 
773 113 15 23 0.051281594 
657 177 47 59 0.049691264 
0 152 13 20 0.04664893 
756 100 30 37 0.045892637 
137 260 69 54 0.044781324 
534 227 37 41 0.044394232 
633 245 71 60 0.044208895 
568 252 50 58 0.04015078 
102 88 10 12 0.039978694 
0 93 10 14 0.03936501 
0 138 14 20 0.038620524 
765 73 44 60 0.038095582 
157 181 48 57 0.034644727 
99 88 24 34 0.032934383 
854 178 57 73 0.031847402 
941 155 34 54 0.031139376 
642 214 68 71 0.030246021 
925 163 43 67 0.029837389 
179 263 59 61 0.02945238 
1 115 8 12 0.029165734 
641 162 27 38 0.028232832 
107 248 58 49 0.02808508 
620 222 64 72 0.027074741 
638 174 35 51 0.026866583 
655 4 47 47 0.02396403 
623 204 11 15 0.023930375 
562 242 21 23 0.02307539 
908 183 32 43 0.022147035 
32 295 38 43 0.022101276 
215 262 54 60 0.02209383 
610 202 50 67 0.021762952 
158 210 36 46 0.020864937 
888 167 75 105 0.020538999 
342 276 51 48 0.020349024 
