32_Worker_Laborer_Worker_Laborer_32_512
38
420 78 112 138 0.99973124 
169 494 9 12 0.2814918 
149 487 10 15 0.19159733 
476 1041 179 263 0.108446 
113 472 8 11 0.091845274 
752 957 56 54 0.07641324 
657 572 14 17 0.06704048 
660 700 425 504 0.053430844 
134 485 9 12 0.051755037 
223 495 11 13 0.04727342 
118 477 8 9 0.04305586 
222 500 15 18 0.04043962 
167 489 9 12 0.04010809 
182 495 9 11 0.036529444 
249 504 11 13 0.035835993 
216 502 11 14 0.03431486 
144 511 8 10 0.033998456 
432 37 14 16 0.032366022 
125 560 11 13 0.031112114 
67 558 12 17 0.029286094 
279 324 373 492 0.028612928 
189 509 10 13 0.027288321 
152 480 9 10 0.025615748 
62 562 15 19 0.025363859 
865 41 9 11 0.025347585 
151 606 11 14 0.025088938 
110 550 10 14 0.024761152 
143 469 8 9 0.024047343 
157 487 10 13 0.02397132 
686 420 15 19 0.023598533 
677 396 13 17 0.022943873 
157 508 10 12 0.022858135 
806 30 8 10 0.022052893 
857 30 9 11 0.021800188 
137 509 8 10 0.021363046 
171 516 12 14 0.021072572 
60 619 12 13 0.021039138 
191 528 10 12 0.02076348 
