32_Worker_Laborer_Worker_Laborer_32_786
18
468 529 186 236 0.99943537 
541 1925 96 115 0.13768797 
836 163 18 23 0.09489308 
467 1901 114 127 0.08551961 
878 71 23 33 0.08092182 
701 1227 176 280 0.072519235 
978 92 27 34 0.05217061 
971 2014 16 20 0.044303216 
939 2014 46 61 0.03949283 
875 60 41 53 0.038281307 
600 1047 343 525 0.034411043 
884 1939 126 142 0.03185608 
604 1577 14 16 0.030328395 
952 2039 31 39 0.025119018 
89 1538 80 115 0.022301516 
610 32 16 20 0.022210702 
331 267 12 15 0.021605603 
48 1458 166 244 0.021182865 
