32_Worker_Laborer_Worker_Laborer_32_462
23
455 198 67 82 0.9846228 
125 432 114 108 0.09028786 
110 377 202 207 0.06667353 
890 238 14 17 0.046872582 
453 205 43 52 0.04118357 
538 154 50 64 0.03558599 
857 160 9 10 0.03071006 
213 3 17 21 0.029285576 
107 427 67 79 0.026639218 
862 157 9 11 0.026470274 
23 250 16 17 0.026302937 
15 261 10 13 0.02510018 
485 192 59 78 0.024912115 
541 123 32 36 0.024766296 
84 316 31 31 0.024413822 
518 0 50 59 0.024211964 
925 166 12 14 0.023021998 
313 96 17 22 0.022152618 
623 39 13 17 0.02171053 
598 86 12 15 0.021406576 
340 371 15 15 0.020489616 
989 5 10 12 0.020393806 
517 157 50 70 0.020311248 
