32_Worker_Laborer_Worker_Laborer_32_110
56
696 40 97 112 0.9994357 
489 327 43 46 0.98883945 
456 15 18 23 0.7658194 
205 138 13 15 0.4368883 
171 241 17 22 0.29753798 
201 127 20 24 0.1277569 
270 149 11 15 0.115790226 
362 4 25 29 0.104116365 
210 131 13 17 0.096706025 
105 244 48 43 0.0723313 
291 183 31 33 0.0649725 
255 133 11 14 0.06293482 
192 105 11 14 0.060373258 
104 109 44 50 0.057066936 
197 101 13 16 0.051674563 
149 107 11 13 0.051390577 
107 94 24 27 0.04584618 
156 158 14 17 0.044595506 
318 173 35 41 0.04425089 
303 183 46 49 0.042256285 
274 145 15 21 0.040399753 
266 169 13 20 0.038656622 
266 145 21 32 0.037623744 
301 134 14 16 0.034934122 
54 125 11 12 0.034500025 
212 172 14 16 0.033807743 
163 158 12 14 0.033566963 
359 10 15 18 0.033192758 
520 30 10 14 0.03300617 
275 152 44 53 0.031192161 
31 147 11 12 0.031134127 
45 185 12 14 0.0302686 
180 237 13 17 0.028881114 
39 166 11 13 0.028322369 
219 133 11 14 0.028311042 
272 160 21 33 0.025303362 
148 162 17 19 0.025061194 
159 234 27 33 0.024791 
106 193 18 20 0.024768231 
296 141 12 14 0.024594447 
68 195 14 17 0.024401331 
212 173 45 48 0.02392104 
263 153 13 17 0.02366586 
168 227 25 31 0.02276709 
95 195 30 30 0.022429721 
101 125 12 13 0.022298552 
179 146 12 15 0.021920124 
54 94 12 14 0.021822654 
14 172 9 13 0.021548012 
206 164 14 16 0.020659897 
131 118 14 16 0.020633738 
182 228 13 15 0.020573525 
218 174 28 28 0.020451937 
165 233 43 53 0.02040976 
282 171 26 36 0.020242373 
276 142 25 31 0.020028293 
