32_Worker_Laborer_Worker_Laborer_32_594
105
659 161 58 75 0.99919456 
784 624 9 12 0.10292744 
861 533 13 15 0.09392604 
781 628 11 14 0.08268349 
552 579 13 17 0.073734395 
508 541 10 12 0.0706586 
777 630 10 13 0.06984333 
936 494 8 10 0.06854347 
48 517 8 10 0.064212106 
182 494 10 13 0.06243058 
766 0 15 17 0.054020617 
738 607 9 11 0.052820284 
25 512 7 9 0.052313063 
95 535 9 10 0.05210657 
183 517 10 12 0.050888103 
1002 484 8 11 0.047392536 
847 598 10 13 0.04694711 
240 537 12 16 0.04629064 
544 550 10 12 0.046139315 
976 503 8 10 0.042989794 
58 534 9 12 0.04268366 
540 562 11 15 0.039826952 
127 496 7 9 0.039793555 
113 526 9 11 0.036232725 
440 538 17 23 0.03498348 
555 583 15 18 0.03485501 
114 533 8 10 0.034588207 
811 606 11 14 0.03420753 
739 212 16 20 0.033477444 
732 630 15 19 0.033064865 
935 471 7 9 0.03275721 
943 479 8 9 0.032374855 
46 537 8 10 0.032370564 
445 524 13 16 0.03215837 
55 511 7 9 0.032064416 
118 504 7 9 0.031746097 
496 552 12 15 0.030717358 
41 536 8 10 0.030352447 
115 504 7 9 0.029973913 
923 526 12 13 0.029849498 
113 520 8 10 0.029666344 
910 545 11 14 0.029434362 
136 535 10 12 0.029406006 
104 511 7 9 0.029385904 
950 469 8 10 0.02925186 
45 541 10 12 0.029151674 
6 545 9 11 0.02914322 
961 480 7 9 0.029095378 
198 470 8 10 0.028913807 
176 478 8 9 0.028811034 
166 488 8 10 0.02819668 
556 576 11 13 0.027927153 
56 505 8 10 0.027562488 
182 488 9 12 0.027469246 
94 176 12 16 0.027260812 
182 469 8 10 0.026988167 
951 479 8 10 0.026530674 
549 550 8 10 0.026254559 
94 541 10 11 0.026153965 
832 607 8 10 0.026137758 
10 477 8 10 0.026063645 
953 510 9 10 0.025905127 
177 513 9 11 0.025626807 
295 45 13 17 0.024774035 
952 495 7 10 0.024482612 
935 487 9 11 0.024341902 
428 491 12 16 0.024193361 
172 523 12 15 0.024177598 
962 486 8 10 0.02408274 
911 494 9 11 0.023896292 
926 479 11 12 0.023563659 
160 503 7 10 0.023561174 
1003 494 9 12 0.023508577 
176 519 10 12 0.023296084 
752 631 9 12 0.023284353 
958 510 8 10 0.023157585 
475 501 16 21 0.022963155 
73 511 8 10 0.022921322 
177 499 10 12 0.022859996 
853 601 12 17 0.02284308 
942 579 11 14 0.02282992 
951 465 9 10 0.022773977 
987 649 19 18 0.022621166 
199 463 8 9 0.022517627 
494 113 379 433 0.022227231 
89 504 8 10 0.021971745 
300 568 18 21 0.021920532 
57 529 8 9 0.021709932 
533 591 12 14 0.021354912 
918 501 9 10 0.02128442 
975 526 11 11 0.021177279 
756 631 9 12 0.021113327 
126 448 8 10 0.021105006 
968 495 8 10 0.020983687 
137 511 7 10 0.020956775 
167 471 7 10 0.02058384 
848 602 12 17 0.020431826 
957 555 13 16 0.020375311 
984 478 8 10 0.020368591 
64 506 7 9 0.020274391 
114 160 14 17 0.020265386 
1000 501 9 9 0.020253755 
880 496 8 10 0.02016675 
982 470 9 10 0.020162316 
871 607 11 14 0.020035768 
