32_Worker_Laborer_Worker_Laborer_32_516
38
256 112 34 43 0.9997913 
419 124 29 37 0.9990941 
225 129 28 35 0.99883467 
49 22 69 92 0.99866843 
844 117 32 36 0.9975096 
966 47 60 89 0.9964064 
520 100 39 46 0.995545 
296 118 43 53 0.992728 
756 100 41 51 0.99153215 
370 147 17 21 0.98845917 
880 145 33 41 0.9815083 
480 339 36 37 0.9684553 
277 306 47 54 0.96623236 
675 318 43 47 0.963 
767 333 47 49 0.885654 
345 300 48 55 0.85473967 
575 353 43 41 0.77387 
682 164 12 15 0.3091263 
213 138 28 39 0.16393015 
207 148 22 30 0.10022471 
212 149 13 18 0.07528123 
728 141 25 31 0.064795695 
676 159 21 25 0.06340469 
273 113 38 48 0.0629795 
340 87 22 30 0.06131785 
440 0 10 10 0.045792848 
113 10 46 61 0.03296908 
748 322 43 53 0.028337084 
108 39 44 62 0.027928822 
793 335 32 39 0.025957538 
706 83 30 33 0.024102647 
438 4 10 12 0.023727383 
332 102 27 38 0.02308091 
591 124 29 34 0.022988534 
714 99 26 32 0.022348996 
215 74 12 15 0.021633558 
168 98 13 18 0.020811671 
864 154 26 35 0.020003535 
