32_Worker_Laborer_Worker_Laborer_32_408
36
276 301 103 139 0.99995935 
514 715 113 135 0.99992204 
702 324 93 115 0.99946266 
435 123 89 113 0.99942505 
877 610 51 61 0.30723563 
-1 164 13 22 0.23077898 
394 679 48 56 0.14849009 
59 205 18 19 0.09915339 
257 1169 37 37 0.095268056 
-80 704 421 387 0.08914212 
58 477 59 65 0.08376587 
73 271 31 37 0.08233346 
-106 1055 401 472 0.07177523 
367 752 99 119 0.068214834 
159 873 140 101 0.06567621 
78 146 63 81 0.06519183 
410 725 99 130 0.05100282 
823 1298 41 41 0.047647756 
60 525 100 126 0.03797805 
30 222 32 38 0.03796496 
53 746 215 266 0.037829693 
163 536 119 165 0.03558289 
391 703 40 40 0.030285759 
445 3 17 20 0.029575424 
164 600 383 413 0.02951908 
869 595 35 53 0.029241048 
168 435 61 72 0.026996234 
0 593 19 33 0.026953429 
-2 224 24 38 0.026532397 
996 259 24 29 0.02585832 
831 704 181 223 0.025051212 
47 488 84 105 0.023564983 
118 436 116 127 0.023524463 
91 176 58 74 0.02197177 
136 343 54 63 0.021450654 
17 223 28 36 0.020588435 
