32_Worker_Laborer_Worker_Laborer_32_595
129
397 183 39 43 0.97174454 
910 400 27 32 0.62072825 
338 124 24 27 0.6048688 
500 346 17 19 0.31935346 
928 277 25 30 0.31295046 
612 358 29 31 0.26675838 
207 142 22 29 0.22782695 
217 144 22 28 0.22105107 
834 455 24 30 0.167479 
486 329 13 17 0.13179281 
348 342 17 21 0.12685785 
825 391 13 19 0.12677298 
964 508 23 30 0.12358863 
439 350 12 14 0.12069292 
227 138 18 24 0.10955076 
987 469 17 23 0.10806868 
424 123 10 13 0.10453049 
865 469 18 25 0.10450913 
886 418 22 26 0.09947479 
934 357 33 35 0.09690021 
829 368 16 21 0.09342161 
902 387 15 18 0.08386483 
918 280 26 32 0.078375004 
943 436 29 32 0.07737974 
1006 440 14 19 0.07658464 
737 219 73 74 0.07489693 
382 140 13 15 0.0745011 
328 355 16 18 0.06611216 
960 514 14 18 0.06399865 
309 292 12 17 0.06275186 
908 359 16 20 0.060428303 
893 461 16 19 0.060295857 
887 313 32 40 0.055946976 
418 332 23 27 0.055668034 
999 507 11 13 0.053830337 
378 379 18 22 0.053300615 
625 354 35 35 0.051845938 
195 134 21 34 0.0511358 
929 403 16 21 0.05108477 
941 482 23 24 0.04879942 
581 425 30 28 0.04822645 
354 128 17 22 0.048111938 
828 428 14 20 0.046368357 
894 410 24 31 0.04561296 
240 551 9 10 0.0423347 
315 298 13 15 0.042076115 
232 184 35 39 0.040935937 
393 170 17 23 0.040179282 
884 330 42 48 0.039316677 
427 121 11 13 0.039306153 
567 338 29 29 0.038052928 
501 335 15 19 0.037925765 
235 171 29 32 0.037351783 
875 417 23 30 0.037278548 
948 314 25 28 0.036689803 
146 189 32 32 0.036509234 
912 451 23 30 0.03577997 
312 371 16 19 0.035425775 
541 396 31 33 0.035225924 
85 550 11 14 0.034654707 
510 233 14 18 0.034446854 
557 313 17 19 0.034225557 
913 361 22 30 0.033893604 
837 222 28 45 0.033072688 
996 321 25 30 0.03257294 
845 411 45 48 0.032416027 
914 316 29 34 0.032308232 
148 189 16 19 0.03192932 
900 348 26 33 0.031694032 
292 173 11 14 0.03164934 
403 108 11 14 0.03158433 
900 389 24 31 0.031495295 
923 359 26 33 0.03083909 
859 154 14 17 0.030733718 
1013 180 9 14 0.029801395 
425 669 9 11 0.02885653 
363 379 14 18 0.028781116 
789 228 57 71 0.028215377 
414 125 12 15 0.0278892 
288 171 11 15 0.027756037 
545 330 15 18 0.027478766 
860 491 17 19 0.027015943 
367 375 10 12 0.026490482 
899 376 23 28 0.026440023 
680 323 38 38 0.026369473 
925 508 14 16 0.026251983 
395 168 27 35 0.02597295 
907 299 33 40 0.025882509 
573 306 16 18 0.025708625 
852 419 27 30 0.024680205 
856 329 35 41 0.02402145 
407 125 10 14 0.02401863 
992 542 11 12 0.02399239 
383 294 13 15 0.023658559 
232 160 24 31 0.023639346 
277 171 12 15 0.02321381 
658 334 17 18 0.023118254 
782 455 14 18 0.022912951 
823 373 21 27 0.02289618 
723 401 18 22 0.022830393 
438 -86 410 458 0.022683168 
308 323 14 18 0.022665529 
835 319 45 57 0.022664167 
153 519 8 10 0.022581195 
904 285 26 31 0.02254532 
926 485 28 27 0.022464963 
1000 417 21 32 0.02237268 
160 471 8 10 0.022249779 
359 385 12 14 0.021835562 
851 492 14 18 0.021813752 
997 184 11 13 0.02180247 
783 25 26 30 0.021701599 
493 363 16 18 0.021673888 
763 158 32 36 0.02147017 
902 522 15 19 0.021427631 
301 273 12 15 0.021418989 
117 503 9 10 0.021289768 
185 495 10 11 0.021089429 
758 172 13 14 0.020944891 
207 607 9 10 0.020741606 
381 150 15 19 0.02062951 
240 543 8 10 0.020373967 
780 378 11 15 0.020345056 
840 451 17 20 0.020338848 
1006 307 18 22 0.020297961 
1012 424 12 20 0.020178638 
303 334 21 27 0.020066597 
1003 506 15 17 0.020026034 
332 117 38 45 0.020017222 
