42_Car_Racing_Car_Racing_42_939
31
748 186 45 50 0.80397487 
656 183 10 12 0.38627222 
175 340 190 218 0.09729048 
733 193 30 35 0.059414756 
744 232 23 29 0.05839996 
750 211 30 38 0.055748206 
679 226 12 13 0.054426003 
685 543 60 60 0.05321762 
116 340 64 68 0.050518014 
854 257 14 17 0.043270078 
183 254 376 424 0.041445285 
788 221 24 32 0.0373138 
823 263 29 33 0.033625446 
865 243 16 17 0.030058963 
220 322 32 45 0.02937824 
835 255 26 28 0.026735602 
859 248 16 18 0.025742304 
582 287 31 28 0.024951063 
771 197 30 37 0.024876915 
98 138 16 18 0.024869304 
500 283 14 15 0.023736753 
706 510 14 17 0.023567919 
692 506 25 30 0.023261612 
732 200 16 21 0.023141013 
708 229 13 16 0.022491539 
554 138 469 465 0.021496411 
696 228 11 15 0.021127263 
497 280 27 29 0.020904018 
536 307 11 12 0.020496715 
497 285 11 13 0.020212756 
700 227 15 18 0.020058297 
