42_Car_Racing_Car_Racing_42_602
122
37 163 12 18 0.6685392 
957 228 18 20 0.6555033 
119 166 11 13 0.6299815 
236 175 11 15 0.32439208 
709 128 25 30 0.31750846 
657 129 19 22 0.24759223 
134 176 9 11 0.14504457 
968 174 11 14 0.13684303 
771 140 16 23 0.124141134 
543 128 19 21 0.12019107 
30 167 14 19 0.11267007 
482 124 26 32 0.09996365 
81 175 10 13 0.09503538 
951 226 14 18 0.09475853 
221 411 98 116 0.09246087 
781 179 12 15 0.09172723 
774 179 13 17 0.09147471 
999 235 11 15 0.088565126 
1012 217 11 17 0.08522578 
814 175 11 15 0.081833825 
603 129 19 21 0.08111889 
902 181 10 11 0.080807865 
70 162 10 15 0.07616981 
908 175 9 10 0.07527995 
61 164 11 16 0.07304223 
54 165 12 16 0.073031515 
34 164 22 28 0.071496665 
847 172 10 12 0.06658118 
897 181 8 11 0.06636544 
657 165 18 20 0.066208765 
191 175 8 10 0.06286027 
933 167 9 12 0.061737005 
95 173 10 13 0.056479085 
253 182 10 12 0.05566735 
720 134 17 21 0.055077173 
96 167 8 12 0.052931566 
123 170 12 14 0.048762426 
222 174 10 12 0.04858385 
788 180 11 14 0.04803344 
904 168 8 10 0.047352277 
1007 203 13 15 0.047197152 
254 203 12 17 0.04698569 
823 166 11 12 0.046601247 
974 190 12 14 0.045613002 
217 176 9 10 0.04555143 
252 197 12 15 0.044753794 
87 155 11 15 0.04423568 
116 161 19 22 0.043293603 
988 24 36 61 0.042481907 
820 178 11 14 0.041882373 
878 183 8 10 0.041287284 
100 172 11 14 0.040536437 
839 171 11 14 0.03948145 
597 162 25 29 0.039314825 
201 213 9 12 0.039068248 
252 187 11 15 0.03894613 
318 182 9 11 0.038521096 
776 140 23 34 0.03819376 
153 173 9 12 0.037157696 
1008 212 13 17 0.036591515 
157 174 12 14 0.03518707 
113 105 15 19 0.035035286 
873 198 8 12 0.034615174 
22 172 14 17 0.0332719 
43 159 14 17 0.032705884 
4 201 28 34 0.032584388 
100 167 10 12 0.032566044 
216 180 10 12 0.032563657 
184 172 9 10 0.032024007 
77 163 10 14 0.031126814 
481 146 27 37 0.030984191 
43 166 22 24 0.030893844 
158 179 13 15 0.030386541 
191 180 9 11 0.030016096 
809 175 10 13 0.03000952 
142 166 9 13 0.029861154 
886 191 10 12 0.029250218 
141 173 9 12 0.02907289 
952 194 12 16 0.02849791 
878 190 10 11 0.028457489 
959 174 10 14 0.028378285 
112 149 11 15 0.027557367 
1003 221 18 27 0.027255345 
989 226 14 18 0.027070545 
907 179 11 12 0.02662541 
828 165 11 14 0.026346257 
886 196 11 14 0.026248816 
991 233 12 17 0.026185611 
919 165 10 12 0.025956078 
784 185 11 14 0.025841497 
920 173 8 10 0.025734723 
888 175 10 12 0.025653549 
878 197 10 12 0.025583168 
160 205 11 15 0.025433011 
21 265 11 15 0.025431328 
726 169 11 15 0.025430486 
684 122 13 15 0.025215263 
5 187 27 30 0.02480004 
923 263 13 15 0.024381392 
788 154 11 17 0.02403835 
176 182 8 11 0.023961935 
253 254 10 13 0.02369738 
80 170 18 23 0.023582814 
968 226 15 20 0.023534447 
126 98 14 16 0.022994688 
894 176 9 12 0.022654992 
862 167 10 11 0.022266038 
164 175 10 12 0.022165393 
165 228 11 12 0.021998148 
149 118 9 10 0.021969832 
13 267 14 17 0.021535967 
790 163 9 13 0.021491304 
957 213 14 16 0.021478133 
851 174 10 12 0.021473808 
933 304 11 15 0.021326095 
955 189 12 15 0.021121299 
540 159 29 31 0.020964775 
312 181 10 13 0.0207786 
863 199 9 12 0.020662425 
964 170 19 23 0.020598084 
877 204 11 14 0.020408364 
24 164 12 16 0.020199217 
