42_Car_Racing_Car_Racing_42_1045
30
641 284 135 165 0.99986434 
393 253 157 218 0.99792874 
968 371 13 17 0.507586 
777 187 41 60 0.49218336 
933 382 12 18 0.20946908 
924 381 21 28 0.12300207 
956 390 16 20 0.07652111 
931 -6 41 35 0.06922849 
792 176 28 52 0.057938956 
882 0 15 15 0.052434042 
759 201 63 88 0.052089058 
960 381 20 27 0.05129161 
974 748 10 12 0.040618077 
1007 388 15 19 0.040504362 
452 48 13 15 0.039017282 
928 561 94 168 0.03491679 
423 48 24 26 0.034754362 
915 372 27 32 0.03335618 
886 398 12 16 0.032407224 
932 385 23 29 0.027136559 
965 386 25 30 0.025616415 
880 -2 24 24 0.02435412 
990 396 11 14 0.022829054 
909 382 52 48 0.022565093 
999 390 11 15 0.02184144 
979 415 23 34 0.021760862 
945 388 26 30 0.020997245 
958 430 10 13 0.02075455 
591 48 45 38 0.020207787 
970 374 23 29 0.02009332 
