42_Car_Racing_Nascar_42_828
32
459 85 49 61 0.99896646 
325 70 55 70 0.9985033 
537 78 49 60 0.996727 
757 122 26 30 0.53728276 
175 117 20 32 0.23012859 
737 63 86 116 0.06354039 
683 71 12 15 0.061644826 
272 152 9 12 0.05856903 
756 110 42 58 0.05313791 
800 213 17 20 0.046105806 
299 39 10 13 0.042518552 
222 173 10 12 0.041285764 
231 171 12 15 0.03879088 
985 245 16 21 0.0377071 
431 440 126 129 0.030698268 
913 300 30 33 0.030512786 
734 184 11 13 0.02949987 
208 119 10 15 0.027190754 
171 109 36 48 0.0266323 
304 241 50 58 0.025121847 
485 219 96 108 0.024556892 
922 299 17 18 0.024291147 
697 77 14 17 0.023703681 
183 121 17 23 0.023577057 
747 213 46 63 0.022912879 
247 194 10 13 0.021566333 
167 127 29 39 0.021546302 
175 108 13 19 0.021231903 
197 130 14 19 0.020773128 
835 462 30 30 0.020674761 
793 211 28 33 0.020234063 
217 172 10 15 0.020124028 
