42_Car_Racing_Car_Racing_42_906
29
236 81 27 35 0.9994054 
754 79 25 34 0.99885666 
841 108 29 36 0.99869126 
567 75 24 32 0.9984043 
651 79 27 33 0.9981382 
585 105 26 36 0.9977264 
418 94 25 33 0.9972857 
294 99 29 39 0.99707484 
499 80 25 33 0.9967271 
193 102 33 43 0.99512744 
332 114 25 30 0.99235815 
707 72 23 31 0.9876984 
391 145 25 31 0.9490053 
539 235 11 15 0.1895889 
466 238 13 16 0.1751956 
263 105 20 26 0.12074247 
690 238 9 12 0.0731098 
372 147 14 17 0.041446052 
306 92 17 21 0.035754144 
344 83 23 27 0.033594478 
135 92 13 15 0.031683456 
336 99 24 31 0.031336844 
468 233 11 13 0.0305416 
435 214 11 14 0.02703893 
378 141 24 30 0.025327425 
631 263 8 10 0.025146862 
285 99 25 33 0.024664724 
152 138 12 16 0.024326576 
155 134 13 17 0.021010093 
