42_Car_Racing_Nascar_42_661
53
819 255 31 41 0.9992749 
172 292 26 29 0.15422557 
170 206 16 20 0.12193776 
206 179 31 39 0.11978872 
129 212 11 13 0.10756119 
690 406 35 41 0.103129946 
807 376 16 20 0.09966944 
778 10 13 17 0.089405164 
622 135 79 106 0.06838714 
174 184 48 56 0.06817931 
247 -53 414 475 0.05919313 
948 359 30 31 0.05681135 
657 146 53 75 0.050821207 
92 293 11 16 0.049729917 
893 350 33 41 0.049429107 
623 322 15 17 0.04803982 
171 197 29 34 0.04770714 
665 525 59 74 0.044428844 
86 83 13 17 0.040033758 
145 12 14 16 0.03780449 
90 248 23 29 0.03723641 
642 357 51 52 0.03625701 
532 416 32 34 0.03424662 
130 291 13 19 0.033434153 
384 268 9 10 0.03339468 
145 3 15 17 0.033357114 
968 367 30 26 0.033126455 
874 384 32 43 0.031990558 
619 -22 421 491 0.031227347 
93 79 10 13 0.031179275 
875 366 103 116 0.030018354 
145 36 9 13 0.029630538 
475 179 103 129 0.028214835 
400 60 210 299 0.028182985 
145 255 9 13 0.027817175 
710 155 84 120 0.027780116 
80 84 12 17 0.0276569 
502 61 11 14 0.027542977 
116 203 11 13 0.02617332 
214 285 13 17 0.025771158 
231 305 405 505 0.02388962 
163 278 41 49 0.023596646 
780 452 15 18 0.023420209 
155 197 10 14 0.02309858 
772 4 22 27 0.022524197 
382 181 331 432 0.022393852 
707 144 57 75 0.022339411 
60 122 14 17 0.021643793 
561 329 11 14 0.02159138 
172 -6 93 103 0.021498907 
170 2 17 18 0.021296423 
148 80 15 18 0.020529022 
155 201 14 18 0.02031148 
