42_Car_Racing_Nascar_42_462
72
969 303 34 44 0.9970963 
718 337 32 37 0.9636046 
761 708 24 27 0.52770704 
165 202 16 20 0.32715952 
140 206 12 14 0.105788745 
227 493 17 24 0.102996625 
311 161 204 265 0.099858984 
109 231 11 14 0.0969721 
374 441 29 36 0.08239763 
274 379 16 22 0.07897623 
171 374 18 21 0.07571983 
275 372 11 14 0.07471065 
229 273 14 18 0.06651384 
758 108 30 36 0.06465104 
212 55 348 450 0.061916724 
180 233 15 18 0.0503302 
420 370 14 17 0.04775234 
61 445 12 16 0.046507612 
134 210 16 20 0.046453618 
272 195 12 17 0.04631499 
171 238 26 31 0.043428306 
209 303 10 12 0.042412795 
242 249 14 20 0.04160844 
897 579 13 17 0.040797953 
189 335 13 17 0.04049757 
131 225 15 19 0.038376637 
272 366 12 16 0.037664473 
241 163 11 13 0.037623987 
172 201 13 17 0.03623007 
122 234 26 31 0.03297996 
283 400 24 28 0.032099884 
234 269 14 16 0.031961054 
148 308 11 14 0.03180165 
124 250 14 17 0.031539742 
168 372 13 17 0.03140061 
216 199 8 11 0.031246085 
338 351 16 21 0.030946994 
255 198 9 11 0.030652087 
130 241 14 18 0.030516757 
4 39 402 490 0.029669933 
146 205 12 14 0.028602079 
238 255 14 18 0.028570928 
721 331 21 25 0.028448058 
130 233 15 18 0.027713822 
227 376 16 21 0.027665364 
445 458 19 23 0.026657369 
226 267 24 29 0.026584888 
324 292 426 497 0.026536176 
359 357 25 31 0.026216513 
533 430 12 16 0.026102 
420 398 17 20 0.024256475 
260 377 23 31 0.023990028 
96 468 10 14 0.023656992 
513 434 25 29 0.023541184 
956 400 46 64 0.023407888 
214 203 10 13 0.023096047 
115 447 13 18 0.022964688 
160 330 16 20 0.022858772 
178 227 25 30 0.022118188 
140 199 22 27 0.021776149 
743 706 24 28 0.021229435 
329 789 9 11 0.021144232 
117 244 26 30 0.020559253 
159 206 16 20 0.020552127 
368 389 10 12 0.020524308 
322 344 28 31 0.020518372 
253 270 9 13 0.02029103 
275 190 14 19 0.02028323 
237 184 13 15 0.020267852 
556 397 52 58 0.020107197 
216 617 33 32 0.020105481 
248 359 10 14 0.020060498 
