42_Car_Racing_Nascar_42_922
180
531 61 94 113 0.9993223 
249 189 53 80 0.998855 
348 115 84 103 0.9961888 
856 153 48 84 0.84919965 
127 238 11 15 0.40410617 
76 183 10 13 0.38368052 
873 165 52 84 0.32687712 
8 166 7 9 0.28825745 
942 130 44 63 0.2652978 
30 207 8 11 0.23649547 
96 192 9 11 0.22228757 
21 191 9 11 0.15973982 
41 241 12 16 0.12636966 
71 153 7 8 0.12621912 
78 134 7 9 0.12145444 
38 198 8 11 0.119781256 
16 227 10 12 0.1149409 
48 184 8 10 0.10477583 
0 188 8 12 0.101394676 
23 157 7 9 0.10136514 
707 341 15 18 0.100807935 
108 236 11 16 0.09777701 
174 177 8 9 0.09674824 
96 168 8 10 0.0945634 
0 215 9 12 0.0936869 
64 192 7 10 0.08955764 
49 205 8 10 0.08855248 
31 167 8 10 0.08673759 
97 136 7 9 0.086643025 
835 161 47 69 0.083574854 
74 133 8 10 0.076402515 
132 243 11 13 0.07448932 
21 224 9 11 0.073854886 
55 190 7 8 0.073234044 
754 244 46 62 0.07238551 
101 191 8 10 0.071810074 
172 227 11 13 0.071245216 
91 243 22 28 0.07031329 
5 118 9 11 0.06879783 
111 185 8 9 0.06874845 
991 256 14 17 0.06757785 
118 201 9 11 0.06582898 
157 168 7 10 0.06438008 
29 212 8 11 0.06319483 
88 159 8 9 0.06264572 
57 160 8 9 0.061396167 
100 240 15 25 0.060770094 
16 195 10 12 0.06068821 
895 179 59 85 0.060100388 
75 120 6 8 0.055857252 
94 151 8 9 0.055257354 
127 233 9 12 0.054193866 
54 206 8 10 0.05298973 
22 195 9 12 0.05216213 
54 185 7 9 0.051838294 
46 175 8 10 0.051601052 
40 174 8 10 0.051549867 
3 166 7 10 0.051452257 
15 174 8 10 0.05140572 
18 153 7 9 0.05126894 
16 214 8 11 0.04976835 
145 215 8 10 0.048317056 
33 135 7 9 0.048289984 
63 197 9 10 0.047887504 
39 150 8 9 0.046582386 
105 185 8 10 0.04477667 
78 128 7 10 0.044522706 
15 135 10 11 0.044443358 
183 165 8 10 0.0441736 
0 150 7 10 0.042897034 
137 145 7 10 0.042814262 
72 199 9 10 0.042756673 
33 199 8 11 0.042455617 
49 189 8 10 0.041971765 
46 150 7 9 0.041968238 
88 191 9 11 0.041470483 
128 184 6 9 0.04135989 
119 228 9 12 0.041150685 
40 193 6 8 0.04104446 
55 232 9 13 0.040636107 
19 158 7 9 0.040609255 
63 144 7 9 0.040062048 
103 168 7 10 0.04005659 
14 167 7 9 0.039430656 
17 184 8 10 0.039207812 
8 111 9 11 0.038182687 
6 190 7 11 0.037813164 
765 266 13 18 0.037648007 
64 151 7 9 0.037442338 
112 277 12 15 0.037171166 
152 151 7 9 0.03681051 
100 197 8 11 0.03594986 
15 208 9 10 0.03560955 
114 201 9 11 0.03502338 
95 142 8 10 0.034849897 
56 128 7 9 0.03471334 
145 233 8 10 0.033992972 
145 144 7 9 0.033964988 
4 214 9 12 0.03377707 
105 150 7 9 0.03371834 
144 183 8 10 0.033687856 
110 148 8 10 0.0336239 
89 152 8 10 0.033195715 
674 323 16 19 0.03300842 
21 183 10 11 0.032617606 
150 216 7 8 0.03258462 
1 207 8 12 0.032321386 
6 184 7 10 0.031825315 
159 223 8 10 0.031426746 
157 173 7 10 0.031197997 
142 246 9 12 0.031135185 
119 168 8 9 0.030795347 
679 304 11 13 0.030632503 
145 209 7 9 0.030546442 
105 143 8 10 0.030423129 
150 237 8 10 0.030399075 
31 173 9 10 0.030150326 
23 175 8 10 0.030137014 
0 159 7 10 0.029886348 
674 309 25 26 0.029195629 
75 337 58 96 0.029106721 
9 238 8 11 0.028808814 
123 235 18 23 0.02855745 
111 230 10 15 0.028407382 
39 203 8 11 0.02828469 
178 198 7 10 0.028255124 
51 241 12 17 0.028203214 
759 266 12 17 0.02809993 
120 159 9 10 0.027921405 
0 198 7 10 0.027864568 
58 144 7 9 0.027664581 
40 224 10 11 0.027636172 
902 103 55 59 0.027503934 
46 236 20 27 0.027433971 
8 198 8 10 0.027400635 
751 261 29 40 0.027162556 
47 133 8 10 0.02699253 
89 166 8 11 0.026699083 
812 178 32 49 0.026505906 
201 174 9 10 0.026267624 
74 128 7 10 0.02615304 
71 177 11 12 0.02601855 
113 174 8 9 0.025950147 
85 183 8 11 0.025856765 
9 143 7 9 0.025499772 
177 192 9 11 0.025203807 
75 199 11 11 0.025183346 
106 159 7 9 0.025177006 
190 167 7 10 0.024958896 
120 152 7 9 0.024786495 
81 249 26 29 0.024693074 
144 189 8 10 0.024683233 
119 234 13 19 0.024549613 
47 168 7 8 0.024128279 
120 135 7 9 0.024027247 
7 171 9 12 0.02394548 
129 217 6 9 0.023740236 
39 145 7 9 0.023634534 
97 130 7 8 0.023474986 
66 183 7 10 0.022661934 
63 166 7 9 0.022383498 
676 307 15 17 0.022381796 
65 175 8 10 0.022355583 
90 143 7 9 0.02229024 
26 166 7 10 0.02221157 
150 145 7 8 0.02210632 
160 151 8 10 0.022083735 
46 231 10 13 0.022082485 
167 237 11 12 0.02207308 
176 205 8 9 0.021855678 
6 207 8 10 0.021740852 
119 173 7 9 0.021487894 
43 182 8 10 0.021177435 
671 329 12 16 0.02116464 
166 158 8 10 0.02112708 
1 145 7 10 0.02088097 
964 235 14 17 0.02074522 
47 145 7 8 0.02059392 
89 196 10 11 0.020285927 
7 221 9 12 0.020265888 
