42_Car_Racing_Nascar_42_440
79
659 133 23 31 0.9918978 
156 170 15 22 0.98253995 
729 150 22 31 0.9426147 
68 164 15 18 0.90731174 
865 166 14 18 0.89563024 
599 171 22 25 0.5203849 
1 180 9 13 0.40796536 
699 162 22 28 0.40449306 
805 159 13 15 0.30917433 
47 173 9 11 0.12716639 
3 175 13 17 0.11277153 
40 175 8 11 0.103741 
54 171 9 12 0.096383974 
214 309 10 13 0.076856636 
100 246 8 11 0.07578916 
161 166 16 22 0.073953904 
7 147 11 13 0.06965026 
55 167 10 12 0.06650932 
37 178 10 13 0.0640747 
708 157 24 31 0.06281542 
181 168 14 17 0.06260308 
94 219 11 13 0.060947254 
170 170 14 18 0.05513599 
41 168 9 12 0.04606436 
209 308 10 12 0.04479675 
801 161 12 15 0.043900177 
245 303 9 11 0.04188419 
748 152 21 29 0.04038913 
244 325 11 14 0.0402716 
407 271 12 15 0.03869373 
171 139 14 18 0.038299996 
29 172 13 17 0.03718656 
185 262 16 23 0.036358554 
190 289 11 14 0.035258222 
205 318 13 16 0.033335425 
157 159 14 21 0.032851588 
120 187 10 13 0.032790408 
810 162 11 15 0.031907763 
20 169 14 21 0.031678643 
22 218 10 12 0.031420745 
863 159 13 17 0.031240657 
245 318 9 13 0.031035336 
14 171 13 20 0.030726716 
789 173 9 12 0.030025186 
3 18 27 36 0.029729608 
806 168 13 16 0.028796654 
102 272 8 12 0.02784938 
724 114 11 14 0.027729096 
260 334 12 15 0.02733793 
15 155 10 13 0.027001295 
145 142 10 12 0.026006822 
724 212 17 22 0.025950512 
3 135 22 27 0.025881577 
98 240 8 11 0.025737928 
724 326 11 14 0.025629058 
489 416 62 66 0.025589008 
746 146 16 25 0.025407968 
221 310 13 16 0.025192576 
695 155 15 19 0.025036493 
6 152 12 16 0.025011575 
46 178 11 13 0.024820536 
56 212 9 11 0.023865214 
182 160 12 15 0.023580708 
97 227 9 12 0.023186626 
7 21 9 14 0.023134487 
44 247 9 12 0.022642057 
363 241 25 27 0.021260193 
30 167 11 14 0.021221157 
735 141 23 32 0.021206321 
4 183 13 18 0.021201046 
140 228 9 14 0.021139992 
240 308 9 13 0.021036724 
812 172 11 15 0.021013524 
137 221 10 12 0.020623306 
175 295 9 12 0.020523699 
96 208 9 11 0.020341365 
915 304 13 19 0.02021474 
597 167 16 19 0.020177566 
179 219 12 16 0.020002343 
