42_Car_Racing_Nascar_42_650
113
380 157 36 42 0.9955253 
688 191 20 27 0.94558895 
109 132 37 61 0.92409396 
909 174 14 21 0.8936837 
780 142 19 26 0.7381771 
654 217 12 16 0.70785046 
7 171 33 40 0.4996539 
983 191 10 16 0.43062505 
768 206 12 16 0.39511096 
750 205 10 14 0.32751912 
628 221 13 17 0.21660696 
221 172 10 13 0.1817692 
234 198 15 17 0.16791607 
180 188 14 19 0.15278567 
790 212 11 12 0.14966522 
288 168 12 18 0.13863015 
636 228 13 17 0.13843344 
420 519 14 18 0.13676931 
987 191 11 13 0.12492009 
78 147 25 40 0.11035237 
832 175 10 13 0.1036168 
406 132 31 48 0.10182829 
919 209 13 19 0.080441475 
628 205 23 28 0.07841918 
835 204 13 17 0.074978724 
172 185 24 30 0.070070386 
968 1 55 51 0.06520647 
977 189 12 16 0.062226042 
851 203 12 15 0.059961293 
611 227 13 15 0.058901362 
566 225 13 16 0.056201402 
593 231 9 12 0.054883167 
4 186 14 20 0.053616446 
74 134 25 40 0.048983753 
186 192 13 18 0.046118762 
997 190 10 13 0.045283012 
765 144 27 33 0.045154843 
237 180 11 12 0.04504846 
160 214 26 35 0.04421463 
632 218 17 19 0.043595895 
1 178 22 35 0.04164054 
726 129 15 22 0.041076828 
1 174 11 17 0.039447285 
229 128 13 18 0.03865479 
230 175 10 13 0.03811963 
840 230 12 14 0.037801564 
643 227 14 19 0.036821906 
596 236 9 12 0.03591945 
682 234 15 20 0.035810888 
232 179 11 13 0.035780806 
609 221 13 15 0.035713166 
776 140 14 21 0.035328507 
286 232 465 527 0.0351742 
199 196 10 13 0.03451998 
902 208 9 11 0.033298843 
609 217 21 26 0.032876417 
361 214 25 31 0.03248733 
278 223 16 18 0.031513553 
563 194 12 16 0.031358436 
898 171 20 29 0.03078671 
834 178 12 16 0.030768894 
159 186 29 34 0.030581905 
596 162 11 14 0.03031244 
1007 300 12 18 0.02983017 
780 186 11 15 0.029407026 
710 230 12 17 0.029013893 
236 205 15 21 0.028848294 
235 188 16 20 0.02838059 
482 82 43 45 0.028264316 
263 155 39 49 0.028062794 
414 430 12 17 0.027241996 
757 203 12 17 0.027012598 
0 190 12 20 0.026537018 
151 203 30 37 0.026297271 
217 167 11 14 0.026226595 
572 222 14 16 0.025783485 
230 207 14 18 0.024910057 
36 422 13 17 0.02465999 
202 210 14 16 0.024654849 
483 509 12 14 0.024553295 
756 129 15 19 0.02451923 
784 210 13 16 0.02439374 
623 198 12 15 0.024143314 
623 214 13 17 0.024119712 
174 197 16 22 0.023967165 
603 413 18 21 0.023795929 
730 126 13 17 0.023678193 
797 191 14 18 0.023550382 
236 131 12 17 0.023321385 
596 189 11 15 0.023211602 
781 134 14 20 0.023204748 
794 210 13 17 0.02312398 
983 191 18 24 0.023111325 
642 210 20 24 0.022825636 
897 207 9 11 0.022175116 
822 202 10 15 0.022076951 
787 207 22 31 0.02202986 
790 197 21 29 0.02172695 
790 145 18 23 0.02163667 
173 201 27 33 0.02160495 
239 322 43 55 0.021516483 
238 170 44 50 0.021455104 
223 213 11 13 0.021022351 
804 229 11 13 0.02078345 
592 222 10 13 0.02074211 
556 189 14 19 0.020737803 
12 183 17 23 0.020651313 
913 180 17 22 0.02050299 
241 202 15 19 0.020427898 
750 130 13 17 0.02037198 
757 121 23 29 0.02030379 
590 163 12 14 0.020234719 
305 273 14 18 0.0200396 
