57_Angler_peoplefishing_57_566
43
422 436 9 12 0.921073 
471 383 12 14 0.76333004 
263 413 13 17 0.5700338 
328 416 10 13 0.50004435 
251 407 13 16 0.3021038 
503 221 8 10 0.18550241 
459 423 10 12 0.17632315 
506 447 16 23 0.15367764 
287 454 9 12 0.12082729 
508 438 12 17 0.07964286 
500 421 13 16 0.07684409 
486 415 23 26 0.073237374 
239 453 9 14 0.05157458 
566 464 7 9 0.047953725 
327 424 11 14 0.047914598 
407 432 8 10 0.044426713 
460 437 11 16 0.043972824 
431 461 9 11 0.042726908 
484 413 17 19 0.037646037 
291 453 10 12 0.037137896 
413 462 9 13 0.035433147 
395 303 14 15 0.034533843 
527 486 8 11 0.030935535 
478 400 27 32 0.030402342 
605 410 14 20 0.029239383 
254 414 15 18 0.02698798 
451 533 14 17 0.026661254 
484 399 12 14 0.026589924 
419 431 17 22 0.026307246 
504 456 13 17 0.025076542 
433 424 9 12 0.024692038 
410 378 97 119 0.024188366 
480 418 15 18 0.023924112 
417 431 11 14 0.023852775 
314 455 8 10 0.022728737 
326 455 15 17 0.022594899 
508 429 10 13 0.022509133 
437 462 8 10 0.02210312 
542 172 13 17 0.021878451 
332 426 12 14 0.02180412 
423 456 10 12 0.021157574 
424 460 12 14 0.020881243 
506 420 11 15 0.020094037 
