57_Angler_peoplefishing_57_51
61
471 121 59 54 0.9985343 
698 58 62 86 0.9944975 
137 200 37 55 0.9648112 
818 123 64 83 0.9026191 
263 48 28 36 0.72573054 
369 145 14 18 0.2404405 
410 184 25 33 0.1816869 
352 145 13 19 0.14479017 
228 187 10 13 0.14103602 
312 157 9 11 0.13260126 
995 327 26 33 0.108733766 
184 326 17 20 0.08770515 
83 180 27 34 0.07979364 
333 145 16 18 0.06132348 
121 265 44 51 0.049335018 
346 33 11 16 0.048676793 
516 306 32 51 0.043013524 
386 156 13 16 0.04186648 
132 144 24 30 0.041164044 
137 140 17 18 0.040944483 
85 188 15 19 0.040029444 
327 148 13 15 0.03564606 
230 49 16 21 0.03484862 
380 229 31 48 0.03446001 
94 186 27 38 0.034178406 
418 193 32 35 0.031904746 
317 149 10 13 0.031070119 
85 133 46 56 0.030624174 
173 316 39 48 0.030090002 
268 187 9 13 0.029310089 
352 22 9 13 0.029285869 
279 101 12 17 0.028842576 
904 128 46 55 0.028824773 
417 259 54 55 0.028665923 
351 168 8 11 0.028062208 
252 139 10 12 0.026854416 
384 149 11 14 0.026642332 
1011 469 14 22 0.026415357 
851 559 66 84 0.026078118 
133 161 13 17 0.025854332 
300 158 11 12 0.025841342 
83 155 33 46 0.025725985 
413 181 14 23 0.025094485 
728 306 65 59 0.02506355 
344 168 9 12 0.023294833 
105 193 24 36 0.022737077 
171 139 11 13 0.02267113 
231 42 27 34 0.022616021 
221 123 11 14 0.022393165 
203 145 15 19 0.022369532 
238 134 10 12 0.022192266 
287 126 9 11 0.02211859 
100 192 16 21 0.022059169 
311 140 12 14 0.02187178 
839 451 187 222 0.021331418 
298 172 14 16 0.02123386 
75 93 14 17 0.02081261 
70 173 29 40 0.020668218 
886 544 105 111 0.020598229 
281 125 10 13 0.02037405 
107 195 14 21 0.020364406 
