57_Angler_peoplefishing_57_515
38
394 392 17 20 0.08582874 
297 312 15 22 0.079708874 
34 37 199 328 0.07304995 
630 113 11 14 0.058373105 
421 428 12 15 0.057973422 
390 401 15 19 0.05120961 
349 407 11 14 0.050949607 
433 423 8 11 0.050200585 
334 119 10 13 0.046935745 
481 343 10 13 0.044362407 
480 349 9 12 0.04325855 
438 416 10 12 0.040982734 
24 16 351 497 0.037299268 
466 397 15 18 0.03174295 
479 355 9 11 0.031372838 
388 403 121 160 0.029106276 
487 389 11 15 0.029066725 
567 264 446 503 0.02742689 
608 115 10 13 0.026638186 
289 309 27 35 0.026466753 
448 355 10 10 0.026436834 
369 429 10 12 0.026374374 
454 356 10 10 0.025414577 
379 286 15 19 0.024780665 
347 247 13 17 0.024739472 
396 408 13 15 0.024539452 
412 357 11 14 0.024069104 
414 384 14 21 0.023144828 
317 614 15 19 0.022852166 
485 346 10 13 0.02194669 
486 373 9 11 0.021748526 
407 351 11 14 0.021413542 
433 352 8 10 0.02116232 
349 418 13 14 0.020827306 
389 409 14 16 0.020376137 
754 451 15 20 0.020285996 
403 392 14 20 0.020183612 
433 415 10 13 0.020043558 
