57_Angler_peoplefishing_57_924
33
495 323 25 30 0.82822096 
189 318 25 32 0.5532795 
729 168 34 39 0.4307532 
207 281 12 14 0.1322444 
299 428 19 23 0.124253444 
201 327 16 21 0.055948336 
186 409 33 32 0.04343881 
321 230 9 11 0.034774315 
411 69 13 17 0.032704942 
328 240 8 10 0.032554813 
330 247 9 10 0.030829791 
321 236 9 11 0.030683054 
231 277 13 16 0.030551646 
448 73 11 15 0.030509261 
345 240 8 10 0.029117638 
320 224 9 10 0.028554818 
311 248 8 9 0.02840455 
305 245 9 10 0.024394693 
514 329 17 22 0.024239574 
739 154 15 15 0.024054661 
334 223 8 10 0.023789838 
359 240 9 11 0.02349377 
342 246 10 12 0.023139624 
199 294 10 14 0.022441594 
304 239 9 12 0.022105992 
350 207 11 13 0.021751678 
334 247 10 12 0.021460427 
239 272 8 10 0.021192055 
387 97 22 27 0.021102915 
310 240 8 10 0.020741297 
396 204 14 18 0.020396233 
346 232 8 10 0.020206034 
619 388 61 80 0.020104231 
