57_Angler_peoplefishing_57_402
42
335 122 64 63 0.96799916 
681 61 45 45 0.9023399 
761 121 233 378 0.3398038 
574 358 21 26 0.17749326 
575 356 14 17 0.121370666 
596 351 17 21 0.113920696 
383 76 39 62 0.10718415 
636 405 23 28 0.10214049 
675 380 25 38 0.09575228 
556 400 31 45 0.080861196 
426 370 240 227 0.07581442 
590 354 14 18 0.07537556 
562 331 14 16 0.06342326 
602 358 17 20 0.054729134 
535 252 30 31 0.052573904 
655 107 83 120 0.052541018 
677 174 61 73 0.03962051 
807 162 149 224 0.038533587 
674 199 29 40 0.038437016 
387 296 24 31 0.03800659 
586 362 17 22 0.036272813 
701 69 38 41 0.034826405 
459 237 16 19 0.03388756 
651 408 15 21 0.031360663 
578 350 13 16 0.031006267 
549 373 14 17 0.028261835 
295 287 406 408 0.025827795 
664 58 27 39 0.025745098 
683 209 14 18 0.025503092 
304 295 13 15 0.024140153 
595 367 15 19 0.023668284 
512 250 31 32 0.02297166 
603 368 16 18 0.022825183 
636 356 13 17 0.022429224 
526 287 34 37 0.021553196 
437 425 35 33 0.021456813 
517 295 45 52 0.021138132 
669 258 13 16 0.020826153 
609 355 15 18 0.020791119 
626 354 16 19 0.020622045 
970 479 46 67 0.020599298 
693 104 60 74 0.020219682 
