57_Angler_peoplefishing_57_796
23
391 295 180 242 0.99976856 
627 766 223 200 0.8078994 
761 785 129 126 0.23155314 
834 1543 17 18 0.13443351 
-1 1535 27 51 0.052346665 
592 648 367 464 0.045060027 
651 822 144 122 0.04077 
991 1183 32 63 0.039161667 
970 1147 49 85 0.037013132 
198 932 192 231 0.03482545 
617 297 254 246 0.03065974 
919 683 12 17 0.02883772 
377 1647 27 30 0.028786868 
943 1132 61 82 0.027413843 
210 472 16 19 0.023274379 
513 760 18 22 0.023045814 
317 382 12 14 0.022638822 
196 445 14 17 0.021387672 
619 886 130 160 0.021070026 
28 514 12 15 0.02079358 
214 1613 29 37 0.02076248 
773 1427 29 34 0.020338215 
565 1043 14 18 0.020058487 
