57_Angler_peoplefishing_57_15
18
437 159 16 23 0.42598245 
576 285 22 26 0.38561672 
674 165 21 30 0.262715 
686 165 24 29 0.101945534 
697 159 20 31 0.09623028 
419 154 26 29 0.079618365 
434 183 15 18 0.06175224 
724 290 13 17 0.044902947 
485 167 9 11 0.043719497 
409 148 26 30 0.03309905 
3 475 13 17 0.029255947 
653 269 10 13 0.028321493 
585 292 17 21 0.027185306 
596 283 13 19 0.023078807 
68 238 450 486 0.022256905 
411 161 25 28 0.021605836 
715 228 16 23 0.020997813 
734 272 9 12 0.020481512 
