57_Angler_peoplefishing_57_206
68
285 804 37 38 0.9639679 
618 677 15 18 0.79386455 
171 718 23 26 0.6537518 
985 615 10 13 0.53604186 
742 683 11 14 0.4886428 
797 667 15 18 0.43401203 
397 693 25 31 0.23783097 
0 498 14 22 0.20179325 
233 421 20 22 0.19122738 
366 929 235 312 0.18175359 
172 492 12 15 0.1377915 
920 706 23 25 0.13121556 
821 699 16 18 0.11668472 
736 681 13 17 0.06721771 
119 386 34 41 0.06705675 
801 661 13 17 0.062178683 
916 756 17 20 0.0572209 
796 673 23 26 0.054859348 
820 767 16 17 0.05433281 
894 743 10 12 0.053798236 
690 696 13 16 0.049756292 
468 695 13 15 0.049394026 
162 749 28 41 0.049362805 
739 676 19 24 0.0489762 
178 934 396 398 0.04551907 
982 615 19 24 0.044266384 
605 696 12 17 0.04133146 
800 737 28 42 0.040754065 
198 422 26 27 0.039083697 
461 693 14 17 0.038190164 
138 592 16 19 0.037421882 
796 726 25 37 0.03660393 
95 1153 227 263 0.03611515 
812 754 28 31 0.034270696 
634 613 13 15 0.034133196 
800 658 10 12 0.034026615 
319 488 8 10 0.03336302 
140 154 15 18 0.0325029 
57 1042 388 402 0.032362994 
200 655 9 10 0.030653952 
449 719 27 35 0.029844569 
909 694 38 46 0.029756077 
462 731 35 32 0.029584967 
617 724 10 12 0.029492896 
999 625 26 39 0.026957477 
677 635 14 16 0.02621127 
637 699 9 12 0.025697771 
316 696 30 34 0.024724197 
973 651 16 21 0.023478666 
795 723 17 25 0.023348128 
579 474 136 133 0.02319929 
382 1017 163 176 0.02314762 
452 722 16 21 0.023092581 
612 682 22 27 0.022646366 
685 781 493 527 0.022385908 
627 610 22 26 0.022077382 
625 677 12 15 0.022076609 
728 682 12 15 0.02195496 
601 677 10 12 0.021611098 
465 707 42 45 0.02139301 
215 648 7 10 0.021316787 
912 706 13 19 0.021280536 
940 694 12 14 0.021130001 
225 626 10 16 0.020650616 
709 612 14 17 0.020647995 
605 627 15 18 0.020220036 
477 725 13 15 0.020215455 
819 765 34 33 0.02006034 
