57_Angler_peoplefishing_57_661
80
102 427 14 19 0.8999431 
203 414 13 15 0.8458458 
364 410 11 13 0.52647346 
244 387 10 12 0.3987911 
402 409 9 11 0.33497494 
233 412 10 11 0.27836883 
282 419 9 11 0.20812446 
447 414 9 12 0.16860016 
36 419 12 16 0.1646623 
0 389 10 15 0.12635367 
244 392 12 16 0.122429214 
496 405 9 11 0.10852804 
368 383 9 11 0.1022581 
446 409 9 11 0.06928939 
452 414 9 12 0.068092175 
324 404 10 12 0.06299042 
579 352 25 34 0.057178974 
208 417 13 16 0.053122737 
304 403 11 12 0.053091504 
322 383 9 12 0.048914067 
0 437 11 14 0.04677987 
82 456 9 12 0.042725667 
320 397 11 13 0.041839074 
7 421 11 15 0.03895357 
308 396 9 13 0.038688872 
344 397 11 13 0.036954403 
97 432 12 15 0.036571056 
73 420 9 13 0.036103677 
142 439 11 13 0.033728983 
143 298 27 33 0.033691682 
287 384 11 13 0.033214465 
14 456 9 13 0.032676917 
1 430 9 14 0.03234281 
6 428 10 13 0.028447678 
442 414 10 13 0.028388586 
391 448 9 11 0.02774396 
308 406 9 12 0.026255392 
232 445 13 15 0.026098933 
16 388 10 12 0.026020339 
72 415 9 13 0.025741922 
237 419 11 14 0.025574338 
215 395 11 16 0.02538747 
456 395 9 12 0.025362564 
350 391 8 11 0.025211655 
311 413 9 11 0.024968809 
92 227 14 17 0.024777712 
566 344 46 52 0.024437524 
13 419 14 19 0.024295578 
390 421 11 13 0.024269154 
381 436 11 13 0.024039999 
220 396 12 17 0.023721972 
415 384 9 12 0.023675295 
338 398 8 12 0.023600508 
51 404 15 19 0.023571897 
83 254 17 21 0.023560677 
55 384 8 10 0.023225397 
13 469 9 12 0.023196753 
8 456 11 13 0.022814572 
663 447 68 75 0.022727331 
391 412 10 13 0.022117889 
571 360 25 32 0.022097945 
85 399 16 21 0.022019211 
343 402 11 14 0.021935198 
365 160 98 141 0.021748371 
295 422 11 14 0.021508599 
227 301 165 204 0.021418305 
415 394 11 13 0.021406285 
408 388 10 13 0.02134178 
273 412 10 12 0.021001307 
440 419 11 14 0.020999081 
6 413 11 15 0.020921443 
360 403 18 23 0.020589178 
90 488 44 48 0.020576645 
408 438 10 12 0.020451678 
350 406 9 11 0.020328807 
613 478 184 240 0.020298293 
277 407 10 12 0.020294193 
501 401 8 10 0.020270642 
664 398 106 129 0.020094315 
244 401 12 14 0.020052336 
