57_Angler_peoplefishing_57_139
407
241 341 12 16 0.9568747 
200 319 13 16 0.9514495 
626 299 13 17 0.9273683 
410 345 16 20 0.9036491 
551 315 13 18 0.9032936 
780 251 12 17 0.80930984 
691 276 11 14 0.79875326 
661 260 10 13 0.76916695 
178 340 13 17 0.7418721 
700 301 11 13 0.70248663 
474 339 13 15 0.6704485 
654 286 9 13 0.60419774 
851 346 10 14 0.5452606 
755 356 12 16 0.5349737 
676 294 10 14 0.5155906 
672 322 10 13 0.48527604 
815 295 12 15 0.43498078 
649 355 12 16 0.39387652 
555 308 14 19 0.3848695 
976 351 11 15 0.38174045 
355 382 10 13 0.3551504 
659 343 14 18 0.34707972 
469 378 12 18 0.33409262 
514 300 12 16 0.3243503 
889 232 9 13 0.3214483 
543 383 12 14 0.31261113 
810 310 13 16 0.31026632 
711 278 11 14 0.30765083 
617 323 11 14 0.30403736 
391 370 11 14 0.2844916 
823 332 11 14 0.28418064 
333 378 11 14 0.2815225 
743 303 11 12 0.26696533 
471 346 14 18 0.25716272 
559 423 13 17 0.24311039 
829 282 11 15 0.2417591 
476 381 11 14 0.23389626 
872 405 10 13 0.23274209 
959 358 13 17 0.22841455 
434 305 12 16 0.22701357 
871 315 10 13 0.22118728 
793 380 14 17 0.2201614 
427 372 15 20 0.19940944 
781 347 13 17 0.19587117 
859 379 11 17 0.19520263 
296 339 9 12 0.18977186 
863 273 11 16 0.1767334 
966 326 10 13 0.16833188 
603 316 11 15 0.16267908 
560 390 12 15 0.15647326 
653 347 13 18 0.15636224 
712 331 12 15 0.14254265 
525 402 11 14 0.140561 
779 334 11 14 0.13959306 
328 373 9 13 0.13956344 
634 364 13 16 0.1381476 
487 349 10 14 0.13132435 
689 332 10 14 0.13071169 
582 370 12 15 0.12980443 
702 445 8 11 0.12642251 
715 324 13 16 0.12598614 
821 214 18 25 0.1249268 
564 424 15 17 0.122159414 
828 332 10 13 0.120271884 
885 323 14 19 0.11935427 
680 384 10 13 0.11879674 
876 317 9 12 0.11622127 
675 319 9 13 0.10773008 
716 316 12 14 0.10630161 
700 348 13 16 0.103777535 
521 369 16 17 0.099975735 
553 358 10 13 0.099044494 
817 364 11 15 0.09860208 
830 361 13 16 0.093870446 
777 338 15 20 0.09300904 
581 355 15 19 0.09201242 
435 372 14 19 0.090721406 
782 304 11 17 0.088474415 
570 388 12 15 0.087997906 
729 262 9 11 0.08739086 
774 305 12 16 0.08671976 
325 406 9 11 0.08542453 
325 368 8 12 0.08164856 
318 397 9 12 0.08065067 
716 282 10 13 0.079312146 
896 310 11 14 0.07783735 
672 288 10 12 0.07744659 
341 374 10 13 0.07715236 
937 449 14 18 0.0758762 
699 369 12 15 0.074331895 
302 399 9 12 0.07337784 
815 333 11 14 0.07317564 
716 446 13 15 0.07240267 
371 414 13 15 0.07161912 
688 272 11 14 0.07132214 
571 427 13 14 0.07082141 
867 332 13 16 0.07063811 
759 385 14 21 0.070634596 
186 395 17 18 0.07011254 
663 301 9 12 0.067792654 
175 345 12 15 0.065894134 
955 461 12 17 0.06562302 
866 348 14 17 0.064584546 
519 405 11 14 0.06423626 
351 376 10 13 0.063706845 
406 396 15 18 0.0635902 
638 293 11 14 0.063551396 
556 363 10 14 0.063025415 
696 296 10 13 0.061976593 
835 358 11 14 0.06187847 
534 428 9 11 0.061410952 
280 399 9 11 0.060171604 
733 261 10 12 0.05895947 
599 320 12 16 0.05839388 
632 359 11 13 0.05794027 
230 381 9 11 0.055886835 
299 335 11 13 0.055859458 
516 338 12 16 0.05576265 
319 357 8 10 0.054966833 
878 322 14 19 0.054955345 
787 306 12 16 0.053977214 
646 341 11 15 0.05376662 
778 190 11 13 0.05306742 
956 245 14 18 0.052845377 
164 374 14 16 0.051852357 
588 349 10 13 0.051707648 
870 456 12 15 0.051306944 
893 315 13 18 0.051070824 
492 353 12 15 0.050955463 
647 289 12 15 0.05062969 
668 310 12 15 0.050558217 
958 369 11 16 0.05036564 
599 311 12 15 0.049950164 
391 379 10 15 0.049490076 
865 238 10 15 0.04937358 
683 388 11 13 0.04918959 
500 372 12 16 0.04866755 
224 347 11 13 0.048512682 
543 299 10 13 0.048272178 
376 378 10 13 0.048196893 
525 331 15 19 0.048131898 
170 355 14 18 0.04789107 
229 324 11 14 0.047826257 
666 316 10 13 0.047362365 
389 386 14 18 0.047261126 
696 353 12 15 0.047125965 
521 378 17 18 0.047116242 
772 287 9 12 0.046757635 
483 379 12 16 0.046659075 
779 194 14 16 0.046338446 
351 356 10 12 0.046068676 
343 368 9 12 0.045724005 
771 292 12 15 0.04572365 
808 346 10 16 0.04566913 
664 310 11 14 0.04560896 
582 378 12 15 0.045510117 
808 446 12 13 0.04510173 
680 271 8 12 0.04501211 
338 379 13 15 0.044689827 
775 324 12 15 0.04450202 
727 286 10 13 0.04411024 
313 350 9 11 0.04345286 
501 379 11 15 0.04341754 
531 313 16 22 0.043223426 
774 317 12 15 0.042819712 
310 392 10 12 0.04281932 
734 319 9 13 0.04280968 
590 325 12 15 0.04248592 
620 317 12 16 0.041568432 
164 414 13 16 0.04149706 
463 373 13 20 0.04132696 
551 351 11 14 0.04123246 
636 409 13 15 0.041204136 
262 343 11 12 0.040740967 
560 455 10 12 0.040232915 
510 354 15 17 0.039616104 
166 351 12 14 0.039606664 
542 425 10 13 0.039578564 
819 359 13 16 0.03909321 
759 293 12 16 0.039087728 
278 373 10 13 0.038644224 
278 366 9 12 0.03859276 
638 315 10 14 0.03846639 
697 296 17 22 0.0379618 
383 372 11 15 0.0375424 
879 235 12 15 0.03736038 
243 317 12 14 0.037280805 
944 404 11 17 0.03724399 
954 424 26 30 0.03718471 
502 386 12 15 0.03641801 
510 398 10 13 0.036344532 
396 349 20 24 0.03594973 
703 277 10 13 0.03591466 
658 256 10 13 0.035653755 
975 344 18 25 0.03557934 
845 487 12 15 0.035564996 
512 404 11 14 0.035563152 
961 243 17 20 0.035432167 
546 386 13 17 0.03526886 
767 299 12 15 0.035152383 
530 429 8 11 0.03514497 
545 315 13 17 0.03492649 
349 306 204 199 0.034781486 
392 415 10 13 0.03466952 
886 449 13 17 0.0346045 
620 328 12 16 0.034571603 
912 234 12 15 0.034235567 
314 396 8 11 0.034189638 
831 192 10 12 0.034159802 
415 340 16 21 0.033913292 
191 335 11 13 0.033852674 
636 298 11 15 0.03349494 
522 318 23 29 0.033445418 
559 384 11 15 0.033369124 
301 325 10 11 0.03321509 
641 340 10 15 0.033203486 
288 340 12 14 0.033098552 
488 327 10 12 0.032880142 
813 340 11 14 0.032861378 
231 341 10 13 0.032400914 
814 324 12 16 0.032381173 
189 357 14 17 0.032279436 
802 411 17 20 0.03224733 
392 348 12 16 0.03212699 
969 351 19 23 0.03200813 
419 317 12 15 0.031886827 
494 327 10 12 0.031820185 
963 318 20 27 0.03163472 
672 277 10 12 0.031341325 
671 271 9 11 0.03126373 
616 299 12 15 0.031049203 
989 339 13 16 0.030937009 
786 211 13 16 0.030934745 
608 402 12 14 0.030903345 
192 420 11 12 0.03089398 
861 265 19 24 0.030792337 
875 400 12 14 0.030764826 
886 345 13 16 0.030732607 
520 388 13 15 0.030650914 
940 437 11 13 0.030577796 
423 448 12 14 0.030546969 
297 404 11 13 0.030534193 
187 348 12 13 0.030454054 
869 322 13 18 0.0299462 
367 351 10 12 0.02984775 
910 498 15 17 0.02976583 
712 374 11 14 0.029640734 
381 380 11 13 0.029582886 
947 457 23 31 0.029509677 
504 435 9 11 0.029473262 
565 390 14 18 0.029381517 
286 366 9 12 0.029309126 
824 261 12 15 0.029262628 
790 394 14 16 0.029221913 
212 316 11 14 0.029177457 
514 43 26 29 0.029154988 
414 335 13 16 0.029083865 
639 308 11 16 0.028928798 
660 285 10 13 0.028915623 
830 454 9 11 0.028897276 
583 327 11 14 0.028787171 
501 365 12 17 0.028549759 
589 340 12 15 0.028496407 
254 339 9 13 0.02843796 
612 366 9 12 0.028402401 
746 306 12 14 0.028344696 
321 370 10 15 0.028299762 
983 339 23 29 0.028280862 
675 468 11 13 0.028265202 
861 280 12 17 0.02825063 
704 282 11 14 0.028182896 
750 447 10 14 0.028167395 
513 411 10 13 0.028131457 
681 263 8 11 0.027991155 
590 314 14 17 0.027938621 
566 454 9 12 0.027912436 
732 285 12 14 0.027901297 
139 391 12 14 0.027828429 
839 349 12 14 0.027552811 
245 324 11 12 0.027511403 
804 381 12 15 0.027467316 
853 351 11 15 0.0273894 
301 349 10 12 0.027196947 
708 274 18 23 0.027180167 
649 282 18 22 0.027066708 
391 355 12 16 0.026994042 
172 415 11 14 0.026834419 
855 385 14 17 0.026824307 
935 318 11 14 0.026479114 
181 356 12 16 0.026458833 
471 316 12 14 0.02644879 
585 364 12 15 0.026381772 
562 307 12 17 0.026240475 
633 371 11 14 0.026182791 
180 323 13 15 0.026171803 
982 341 13 16 0.02614838 
891 499 12 15 0.026070517 
749 283 11 14 0.026057951 
943 469 11 15 0.026048826 
573 382 13 15 0.025871506 
394 389 22 26 0.025871469 
875 331 20 26 0.02581359 
588 331 12 15 0.025762772 
764 324 14 19 0.025721407 
543 335 13 18 0.025711048 
860 396 10 14 0.025692478 
709 336 13 17 0.02559346 
279 361 9 11 0.025544701 
700 381 11 12 0.025492582 
383 395 11 16 0.025304126 
317 351 10 12 0.02530312 
598 346 10 13 0.025298128 
886 523 14 17 0.025082093 
605 322 12 14 0.025073674 
865 334 20 24 0.025068289 
265 346 11 13 0.025049128 
198 330 12 14 0.02487414 
606 459 12 13 0.024861328 
326 387 11 13 0.024738371 
287 347 11 14 0.024652626 
361 332 10 11 0.02448115 
909 230 22 26 0.024368558 
333 383 13 17 0.024269242 
667 262 9 11 0.024220262 
379 439 14 16 0.024073806 
708 347 12 17 0.024058694 
766 289 21 27 0.024052475 
334 396 11 13 0.023952054 
862 202 10 14 0.023824748 
809 335 10 13 0.023760328 
916 241 14 17 0.023755273 
823 271 18 25 0.023670351 
300 468 14 16 0.023543429 
305 391 10 12 0.023493245 
294 365 10 14 0.023379726 
182 405 55 69 0.0233789 
608 390 9 12 0.023290062 
768 446 10 12 0.023248084 
399 343 11 15 0.023164641 
871 312 20 24 0.023048729 
179 341 24 26 0.022989374 
814 288 11 15 0.022977842 
463 398 10 13 0.022945754 
756 411 14 17 0.02284236 
273 367 9 11 0.02284027 
686 264 8 10 0.022684112 
929 268 10 13 0.02267601 
835 370 13 16 0.02262272 
826 267 13 18 0.022607727 
205 340 12 14 0.022591835 
278 434 11 12 0.022546802 
388 367 19 23 0.022474755 
652 437 12 16 0.02245637 
783 203 12 15 0.022359679 
175 316 11 15 0.02231257 
689 268 18 23 0.022307884 
365 380 10 13 0.02230056 
246 373 10 11 0.02227237 
294 356 10 11 0.022267617 
781 456 10 12 0.022247707 
726 322 11 15 0.022207616 
657 256 18 22 0.022160532 
910 447 16 19 0.022132497 
634 405 10 14 0.021925194 
847 340 17 23 0.021917958 
230 334 11 14 0.021816904 
492 330 14 17 0.021792972 
868 438 12 14 0.021790989 
517 400 18 23 0.021785146 
524 304 14 22 0.02177904 
670 327 12 16 0.021770334 
875 453 13 17 0.021764454 
712 441 21 26 0.021755671 
711 292 10 14 0.021735804 
819 328 18 22 0.021726731 
639 389 9 11 0.02150374 
638 380 10 13 0.021502156 
465 347 12 17 0.021321682 
879 445 11 14 0.021260964 
631 278 10 12 0.02124276 
639 287 11 14 0.021138543 
195 338 13 14 0.02104251 
995 338 14 18 0.021037037 
504 394 12 15 0.021022378 
206 349 13 15 0.020993793 
696 263 10 11 0.02099315 
381 356 11 14 0.020971376 
695 340 11 14 0.020969955 
829 289 10 15 0.02094666 
514 346 14 18 0.020925686 
958 241 12 14 0.020873776 
863 233 20 26 0.020869507 
786 352 12 17 0.020781979 
383 387 12 17 0.020757956 
766 333 20 27 0.020612001 
312 333 9 13 0.020554623 
917 251 12 13 0.020442829 
378 333 8 10 0.02037628 
158 451 13 18 0.020300569 
887 476 11 12 0.020209521 
565 460 9 12 0.02018405 
486 332 11 16 0.020163339 
507 369 15 19 0.020143222 
662 293 10 14 0.020132344 
550 371 12 16 0.020068243 
604 331 13 15 0.020015048 
887 354 11 14 0.020005362 
