57_Angler_peoplefishing_57_868
40
619 676 179 233 0.999387 
579 221 218 349 0.50613946 
641 922 331 482 0.31398475 
645 319 114 194 0.1769329 
127 544 55 62 0.16624254 
403 205 180 274 0.13619155 
-8 178 106 178 0.09329205 
536 980 108 104 0.08459081 
532 1041 57 59 0.0757195 
345 182 165 269 0.06749747 
864 1364 65 63 0.065244034 
751 312 95 135 0.057757035 
391 1425 197 204 0.051244512 
6 216 58 115 0.05123395 
564 983 69 62 0.049537785 
986 364 37 74 0.042065874 
682 184 194 289 0.0377978 
862 1412 94 99 0.03761813 
464 231 198 273 0.037075333 
567 1137 30 39 0.035273407 
377 501 65 90 0.034974802 
144 562 56 60 0.031061823 
608 1161 58 62 0.029191839 
699 314 100 152 0.028524134 
686 1098 48 42 0.028509637 
127 467 45 64 0.028090132 
857 84 183 288 0.027330685 
757 80 188 305 0.026936129 
143 193 59 91 0.026354862 
353 115 286 459 0.026177835 
343 137 118 186 0.025618251 
581 1128 91 106 0.025331983 
146 525 57 69 0.025075026 
187 70 54 73 0.02420511 
693 358 61 102 0.024012644 
525 1035 93 101 0.022709236 
54 870 49 72 0.022253262 
28 184 135 171 0.020697711 
258 183 97 123 0.02066184 
457 490 349 453 0.02038381 
