55_Sports_Coach_Trainer_sportcoaching_55_867
40
507 265 35 41 0.9990079 
390 258 33 40 0.99597555 
233 285 23 26 0.9792707 
806 254 18 27 0.9467628 
560 287 24 30 0.92520916 
712 286 27 32 0.8273654 
54 306 26 29 0.79335654 
1011 314 12 22 0.28362712 
691 288 22 30 0.18969554 
978 378 15 19 0.16619599 
683 291 17 24 0.1382132 
46 309 16 23 0.11113509 
700 291 19 23 0.08622791 
221 336 16 19 0.076836936 
640 298 11 15 0.065539524 
742 403 13 15 0.05911619 
592 391 16 18 0.04861478 
138 424 13 17 0.04584551 
228 250 11 13 0.041217364 
585 424 9 11 0.036035333 
72 306 16 22 0.0340875 
65 300 20 24 0.03168468 
461 435 52 61 0.031502306 
997 296 11 14 0.03133476 
635 248 20 28 0.030013094 
122 424 15 18 0.027995743 
608 416 9 11 0.026596509 
719 414 13 16 0.025664428 
41 294 28 36 0.02481172 
746 410 13 16 0.02438878 
91 418 18 22 0.024345515 
552 289 16 21 0.022901064 
739 396 24 27 0.022210248 
239 381 10 13 0.021082941 
142 413 11 15 0.020842867 
158 398 32 46 0.020798225 
207 390 44 55 0.02076404 
39 304 16 22 0.020617364 
224 287 16 20 0.020309296 
221 316 12 16 0.02014097 
