55_Sports_Coach_Trainer_sportcoaching_55_894
101
428 32 181 229 0.9995716 
26 333 12 16 0.36507234 
92 141 12 13 0.30543 
693 241 61 76 0.22226083 
997 414 8 10 0.115498826 
958 406 7 9 0.111173004 
953 390 6 9 0.10678924 
960 425 7 10 0.10189528 
918 384 7 10 0.086867176 
661 254 71 80 0.07897761 
277 336 10 12 0.07681392 
1005 382 7 9 0.06719528 
944 401 7 9 0.0667944 
1014 357 8 11 0.06535743 
953 400 7 8 0.06128578 
1014 430 8 11 0.06102 
1001 384 7 9 0.05981605 
902 421 8 10 0.059441507 
945 385 7 8 0.05461295 
643 252 26 47 0.052866597 
1002 441 8 10 0.052372124 
848 382 8 10 0.050169773 
976 384 7 9 0.049735922 
913 413 7 9 0.048501287 
47 364 11 15 0.048338234 
958 400 7 9 0.04681839 
952 385 7 9 0.0465282 
918 408 8 10 0.046311274 
329 389 10 12 0.045356914 
902 418 7 8 0.045256816 
274 340 10 11 0.044884153 
966 423 8 10 0.044444107 
985 399 6 8 0.04301179 
984 391 6 8 0.04202225 
2 348 12 14 0.041954692 
975 376 7 8 0.041261137 
998 408 8 10 0.041012846 
645 249 53 72 0.03950488 
915 383 7 10 0.03950249 
946 390 6 8 0.038796164 
905 368 7 9 0.038617324 
895 413 7 10 0.038330637 
272 364 10 12 0.038234618 
999 388 8 10 0.03625688 
953 405 9 10 0.03535216 
984 367 7 9 0.03469976 
857 437 9 12 0.034177925 
9 326 7 9 0.033312753 
967 368 6 8 0.032785114 
935 392 7 8 0.032622322 
1000 369 7 9 0.03163146 
993 408 8 11 0.031539697 
970 376 6 8 0.031275954 
994 385 7 8 0.030748706 
977 389 7 9 0.030634526 
87 136 19 22 0.030575112 
1015 423 7 11 0.030228859 
969 384 7 9 0.029844128 
880 372 7 8 0.029086968 
1010 358 6 10 0.028872043 
244 410 11 13 0.02878528 
937 399 7 9 0.027780756 
24 329 10 14 0.027638352 
969 416 7 10 0.027370386 
213 423 10 12 0.027213316 
982 385 7 9 0.02712392 
936 368 6 9 0.027019653 
257 334 8 10 0.02687776 
1007 400 8 9 0.026850931 
953 429 8 10 0.026092814 
893 408 8 10 0.026042398 
87 145 16 18 0.026037082 
952 424 9 10 0.025883412 
977 358 7 9 0.025869684 
914 389 7 10 0.02549486 
1013 305 10 16 0.025177436 
259 374 13 16 0.025076332 
27 341 16 21 0.025072277 
863 383 8 10 0.025003484 
968 390 7 9 0.024992397 
1005 439 8 10 0.024957286 
993 375 6 8 0.02479757 
856 383 8 10 0.024496764 
717 231 39 59 0.024454882 
16 341 10 14 0.024345407 
297 367 10 12 0.024190793 
944 440 7 9 0.023678478 
999 351 7 10 0.023189157 
991 399 7 8 0.02305919 
98 139 12 16 0.02267266 
903 383 7 9 0.022611236 
984 360 7 8 0.02257194 
960 384 7 9 0.022561293 
930 391 6 8 0.02196935 
918 414 7 9 0.021085253 
894 446 9 11 0.0206009 
960 375 7 9 0.020411296 
890 414 8 10 0.020327786 
992 420 8 11 0.020149952 
1006 375 7 11 0.02012449 
766 240 9 11 0.020119771 
