55_Sports_Coach_Trainer_sportcoaching_55_424
110
307 331 21 30 0.9930032 
972 353 14 24 0.95046204 
418 263 44 46 0.888606 
645 373 13 18 0.83248544 
883 387 14 19 0.8257754 
930 383 14 21 0.8193801 
831 379 14 24 0.69991547 
158 417 16 21 0.5592538 
716 327 14 23 0.5517331 
125 409 15 20 0.3966529 
671 353 15 23 0.34560832 
623 382 12 14 0.33868757 
400 236 22 36 0.33291486 
202 398 21 37 0.3094339 
593 311 15 19 0.21153796 
712 367 18 26 0.18240203 
322 382 19 28 0.14978273 
2 530 12 18 0.13673222 
151 409 14 24 0.11685719 
420 478 35 40 0.113295525 
842 386 14 18 0.10274959 
936 385 15 19 0.10189475 
412 247 44 46 0.098667584 
118 412 17 19 0.098291084 
131 404 12 19 0.0959671 
740 320 15 22 0.0800456 
313 387 25 38 0.07629183 
624 375 11 14 0.06390775 
33 526 10 12 0.061647702 
210 402 24 38 0.058304895 
998 412 14 17 0.055942148 
574 136 45 69 0.05290038 
588 406 15 21 0.051428135 
28 541 12 14 0.051325206 
134 428 11 15 0.046989284 
939 412 14 18 0.04688798 
117 405 16 17 0.046431463 
337 385 17 20 0.04531717 
351 428 39 59 0.044487476 
903 424 14 19 0.04399509 
891 382 14 18 0.042071417 
721 334 17 20 0.039542075 
241 403 28 42 0.03874709 
983 355 17 21 0.038114958 
577 397 39 49 0.037199974 
318 378 15 24 0.036602333 
1008 448 14 22 0.035626348 
888 391 17 19 0.035519868 
290 468 13 18 0.034178097 
954 431 22 30 0.03416614 
1013 389 11 17 0.033887766 
1004 425 17 20 0.033273526 
1012 436 12 20 0.031663883 
359 141 20 28 0.031558126 
330 379 17 20 0.03120702 
835 386 15 22 0.03098074 
396 238 42 54 0.030591225 
931 435 14 19 0.029351072 
589 408 42 51 0.028924568 
606 364 11 16 0.028714638 
227 404 27 38 0.027844513 
589 316 16 22 0.027789151 
31 521 10 12 0.027577836 
990 412 13 15 0.027331352 
122 502 10 12 0.027191158 
611 363 14 18 0.02683601 
358 228 13 16 0.02670947 
389 353 16 19 0.026432695 
171 403 15 20 0.026263995 
729 321 20 25 0.026215881 
124 423 17 20 0.02590784 
618 387 11 13 0.025849648 
101 421 11 14 0.025431646 
594 403 17 24 0.025325248 
762 374 18 22 0.024882548 
51 482 12 16 0.02439375 
814 510 14 16 0.024271287 
872 386 19 28 0.024053765 
337 373 17 22 0.023878388 
381 234 11 15 0.02385469 
154 421 25 28 0.023836385 
123 397 17 22 0.023797708 
659 376 12 17 0.02377746 
867 473 13 17 0.023771454 
960 490 25 42 0.023700617 
730 335 16 20 0.023642669 
717 357 12 15 0.023620509 
681 355 14 19 0.02358275 
139 409 20 28 0.023504395 
190 521 10 13 0.02329032 
1002 416 17 20 0.023287537 
392 389 12 17 0.023130385 
112 402 14 17 0.022888295 
156 407 15 20 0.022863187 
97 423 11 13 0.022804296 
130 415 15 22 0.022664154 
646 411 10 14 0.02234419 
971 473 14 20 0.022161454 
898 380 13 19 0.021973638 
981 411 14 19 0.02179133 
41 477 11 14 0.02174064 
160 404 21 26 0.021387609 
583 303 23 30 0.021210272 
962 426 15 20 0.020970339 
1007 388 18 28 0.02084371 
965 476 22 32 0.020576267 
982 405 12 16 0.020326598 
821 442 12 14 0.020081602 
1000 401 21 30 0.020016097 
397 233 16 27 0.02001031 
