55_Sports_Coach_Trainer_sportcoaching_55_179
23
128 280 35 43 0.48635262 
82 245 34 39 0.42112634 
227 9 54 49 0.35245886 
148 152 40 38 0.2584283 
189 89 32 38 0.19593745 
84 15 37 49 0.15335312 
320 -1 42 30 0.100155026 
182 67 26 30 0.088285945 
67 250 53 58 0.08395133 
101 264 51 60 0.0675627 
243 28 36 39 0.045794833 
268 2 16 18 0.044610776 
193 70 14 17 0.03930007 
96 255 27 36 0.039032552 
258 -2 28 28 0.032797758 
57 235 83 95 0.028272564 
175 67 42 52 0.026538866 
272 226 40 56 0.026437392 
127 159 59 57 0.026117777 
195 82 18 22 0.024400735 
26 -3 67 63 0.0241736 
228 3 38 32 0.020633295 
336 9 21 18 0.020165019 
