55_Sports_Coach_Trainer_sportcoaching_55_569
102
890 36 51 62 0.999595 
182 78 55 85 0.9989706 
340 46 45 60 0.99864393 
733 190 57 77 0.9976762 
251 255 42 54 0.98973185 
912 199 42 55 0.9740562 
378 247 20 30 0.93980086 
591 21 21 27 0.8899805 
61 246 20 26 0.8134045 
37 252 13 16 0.76820797 
445 -10 110 96 0.7445426 
630 73 13 17 0.7431173 
49 141 26 33 0.6785937 
700 17 16 24 0.55436194 
104 241 20 26 0.27844885 
665 84 11 15 0.25764787 
632 31 9 11 0.23321897 
89 237 9 13 0.22320935 
1 235 9 12 0.14594528 
592 89 13 15 0.11508081 
706 19 21 26 0.10664789 
324 263 27 31 0.10112017 
43 297 16 19 0.08449633 
30 233 11 12 0.08259402 
937 -5 46 44 0.0821967 
563 81 13 17 0.080595784 
68 274 10 13 0.07819802 
367 243 37 47 0.07779971 
70 232 9 12 0.075841434 
5 236 10 11 0.07574838 
722 60 16 20 0.072934516 
21 247 9 11 0.07060886 
134 238 11 13 0.06913176 
9 255 9 11 0.06513882 
5 275 9 13 0.06434485 
7 269 9 11 0.06412019 
25 235 9 11 0.06146348 
93 244 12 15 0.060809743 
636 30 10 12 0.05918314 
9 261 10 13 0.0562151 
92 269 9 11 0.05570876 
65 231 9 11 0.055207293 
78 260 9 13 0.055102 
12 252 11 12 0.053911153 
15 248 9 11 0.052391622 
508 225 139 127 0.05235413 
577 98 11 13 0.051539328 
36 237 10 12 0.051495336 
63 267 13 17 0.050397705 
28 317 11 12 0.04862183 
462 56 248 287 0.048326705 
47 231 7 9 0.04655107 
1 271 8 12 0.046478968 
14 236 8 10 0.045758948 
157 292 15 21 0.044324074 
94 238 21 27 0.044184085 
68 235 12 15 0.04166261 
109 119 25 35 0.04126836 
626 28 10 12 0.0393502 
566 29 10 13 0.037933663 
78 231 8 10 0.037871726 
683 0 11 11 0.037734274 
596 16 15 19 0.037376765 
42 247 12 15 0.037196815 
86 263 10 13 0.036109377 
132 262 11 13 0.03587172 
584 23 12 16 0.035866942 
129 268 11 13 0.03575122 
12 267 10 12 0.035457753 
0 308 9 15 0.034670476 
88 253 9 12 0.03439074 
647 29 10 12 0.034124337 
94 100 42 57 0.03407378 
652 48 11 12 0.03376143 
54 270 10 14 0.032139383 
0 254 8 11 0.030558685 
182 271 11 13 0.029471086 
92 262 11 13 0.029320486 
929 271 37 42 0.029318297 
112 245 16 21 0.028333763 
38 232 9 12 0.027669327 
47 269 13 14 0.027144263 
41 255 15 18 0.02710972 
695 13 14 21 0.026887627 
129 238 11 14 0.026764836 
23 261 10 12 0.025745353 
75 252 10 14 0.025412247 
743 24 14 17 0.023627155 
46 237 10 12 0.023157574 
44 126 27 35 0.02274574 
92 233 11 12 0.022119816 
140 235 10 13 0.0217113 
132 115 13 19 0.021616967 
114 236 15 19 0.021490121 
78 266 11 14 0.020982109 
55 238 10 13 0.020673273 
32 247 10 13 0.020572728 
645 66 14 17 0.020501468 
8 248 9 12 0.020434214 
591 6 11 12 0.020150203 
0 261 8 12 0.02006978 
47 275 14 17 0.02002188 
