55_Sports_Coach_Trainer_sportcoaching_55_588
51
685 244 24 32 0.9262484 
447 248 31 34 0.5793749 
595 253 16 22 0.5439646 
599 252 24 31 0.3000953 
670 250 15 20 0.14397326 
740 381 24 27 0.13804245 
735 271 11 14 0.120860085 
609 257 23 29 0.10378642 
502 272 26 32 0.10053736 
615 388 33 35 0.09851198 
738 272 16 19 0.08513188 
706 281 12 18 0.08405932 
749 271 14 17 0.08374873 
654 272 12 16 0.054177288 
622 291 15 21 0.052941464 
788 277 10 12 0.05039994 
697 256 17 21 0.049417518 
661 267 15 21 0.04644238 
727 269 12 14 0.0432522 
596 363 17 21 0.043184765 
774 403 25 32 0.043169133 
687 258 28 34 0.04178626 
791 272 8 10 0.04178603 
783 283 10 12 0.04085897 
706 260 13 18 0.038414393 
813 342 11 12 0.036971785 
382 360 17 20 0.033681896 
739 283 15 18 0.029687235 
660 253 21 28 0.029003814 
676 245 17 23 0.028448155 
697 273 20 27 0.02836836 
846 59 27 39 0.028234428 
621 283 14 18 0.027980197 
740 290 16 23 0.027541455 
1012 334 10 15 0.026566816 
480 398 106 144 0.026104612 
490 281 28 31 0.025970593 
814 348 14 17 0.025544832 
784 272 9 11 0.025196755 
831 311 7 10 0.024831854 
737 294 26 35 0.024712846 
453 266 38 46 0.023892706 
684 237 18 21 0.022649495 
653 262 11 16 0.022540929 
789 283 11 13 0.02207708 
620 297 22 30 0.02192855 
463 249 17 22 0.021673296 
776 271 9 11 0.021317404 
649 267 12 16 0.02123065 
602 247 16 19 0.021149915 
649 419 27 33 0.020756233 
