55_Sports_Coach_Trainer_sportcoaching_55_773
29
324 93 56 70 0.99942374 
386 80 47 72 0.9987249 
631 84 54 68 0.99500054 
640 153 44 69 0.9904426 
-1 135 39 77 0.9890808 
810 118 53 80 0.9890388 
470 115 44 67 0.98795915 
990 95 34 70 0.98713475 
328 204 37 67 0.98199385 
719 82 43 60 0.70486295 
712 75 31 50 0.3953397 
169 155 42 73 0.34167585 
540 296 97 148 0.28323624 
731 88 55 61 0.25475067 
157 164 35 58 0.12931909 
197 165 44 68 0.117063805 
791 93 55 82 0.082156554 
268 156 38 58 0.059104376 
910 480 41 49 0.046658013 
218 160 47 69 0.039574597 
422 85 45 67 0.039233312 
706 153 42 62 0.03366652 
639 114 57 77 0.025670419 
240 159 47 68 0.02546241 
864 139 39 51 0.024445005 
200 147 35 53 0.023886211 
353 199 49 74 0.021296619 
759 95 54 70 0.02128901 
614 176 46 64 0.02066046 
