55_Sports_Coach_Trainer_sportcoaching_55_770
24
620 18 52 61 0.996512 
707 93 39 41 0.110480584 
81 356 8 10 0.070406236 
5 351 8 10 0.062536664 
213 350 9 11 0.058827437 
53 355 8 10 0.051544152 
121 358 9 11 0.047439873 
49 356 9 10 0.045860603 
7 357 8 9 0.043835692 
679 190 61 58 0.042268652 
503 151 64 50 0.040183004 
413 278 41 37 0.037817813 
348 271 12 13 0.03496575 
693 105 59 57 0.034812436 
25 350 7 8 0.034455698 
482 166 68 62 0.0322125 
961 333 9 11 0.031518914 
175 349 8 10 0.030759934 
182 359 8 10 0.030686306 
2 344 8 10 0.02971542 
104 302 10 14 0.027654521 
22 345 7 10 0.026506152 
19 343 7 10 0.025368689 
695 70 42 52 0.024773875 
