55_Sports_Coach_Trainer_sportcoaching_55_196
100
509 164 30 39 0.9772289 
795 38 44 72 0.9704577 
280 170 35 43 0.9225333 
170 169 32 34 0.7848172 
535 193 29 36 0.72507954 
841 38 48 74 0.52112544 
470 171 26 37 0.4752102 
319 226 33 33 0.40325138 
748 157 34 44 0.33186412 
553 187 27 37 0.12607639 
165 177 16 17 0.09869091 
229 151 16 20 0.08443075 
125 172 26 34 0.07942106 
573 158 12 14 0.07892962 
454 176 37 50 0.077827804 
224 123 13 15 0.07621103 
283 181 21 24 0.0744208 
438 185 42 50 0.072421156 
264 139 10 12 0.06984878 
793 35 30 50 0.065582894 
108 165 31 36 0.06162894 
425 197 32 36 0.058532115 
226 155 26 31 0.053010475 
563 184 18 24 0.052694313 
342 352 13 19 0.052075285 
568 180 13 18 0.04898017 
725 148 10 13 0.046432644 
244 111 9 10 0.045630712 
945 21 9 13 0.044618417 
183 178 20 20 0.04428002 
373 141 10 12 0.043131858 
519 172 33 45 0.043116745 
149 180 10 14 0.04225084 
503 124 10 13 0.04174148 
523 126 9 11 0.040582914 
373 196 12 15 0.04043406 
132 179 15 19 0.04043278 
238 126 10 12 0.040016185 
140 180 12 16 0.038539927 
543 114 12 16 0.03852659 
107 161 17 20 0.03748014 
224 154 12 16 0.035338532 
756 45 9 11 0.034800958 
521 198 28 40 0.034310233 
428 202 18 20 0.03307236 
160 171 25 29 0.032802675 
313 235 35 43 0.03245108 
399 170 12 15 0.03104133 
743 60 9 11 0.030662 
238 250 38 56 0.02928519 
242 154 31 37 0.028935704 
77 261 27 33 0.02867957 
516 219 14 19 0.028565383 
565 245 42 53 0.027956354 
266 134 12 14 0.027848655 
360 84 10 12 0.027044712 
448 132 10 11 0.02694073 
520 111 9 11 0.026884647 
161 178 12 15 0.026801527 
534 200 17 25 0.02670994 
555 144 12 16 0.02663232 
408 165 23 33 0.026423458 
186 157 41 47 0.026200537 
143 266 13 16 0.025670884 
522 102 10 11 0.025136078 
727 175 8 10 0.024935186 
749 169 16 20 0.024929298 
755 174 16 21 0.024645392 
855 13 41 66 0.024411334 
487 159 24 36 0.024279272 
238 339 14 19 0.024232985 
457 190 44 60 0.024207307 
176 226 39 49 0.024179332 
101 169 17 22 0.023927907 
786 60 36 57 0.023594309 
385 180 13 16 0.023162235 
744 102 10 12 0.022854364 
338 345 23 30 0.022735015 
506 212 25 34 0.022508932 
192 176 16 19 0.02245368 
431 142 11 11 0.022358574 
158 173 52 60 0.021962713 
627 206 12 13 0.021791253 
756 111 9 12 0.021553501 
851 64 51 74 0.02152539 
569 162 11 14 0.021515273 
311 61 9 11 0.021377465 
462 107 11 13 0.021220932 
215 120 24 27 0.021080837 
1012 299 10 15 0.020863594 
709 190 9 11 0.020837242 
642 203 11 14 0.020830082 
520 117 9 11 0.020811688 
410 177 41 51 0.02072508 
756 39 9 12 0.020577146 
140 173 24 31 0.020432958 
491 152 14 20 0.020303348 
298 190 15 21 0.02029866 
305 116 10 13 0.020212885 
681 295 8 11 0.020025011 
