55_Sports_Coach_Trainer_sportcoaching_55_786
24
550 252 105 140 0.99995625 
717 265 102 127 0.9999516 
474 120 98 134 0.9999052 
362 268 97 133 0.9998129 
751 152 9 11 0.2637305 
335 214 381 489 0.073517404 
621 301 88 115 0.071118705 
846 461 94 124 0.06425255 
659 302 60 76 0.060953233 
371 438 44 62 0.055302214 
638 348 88 99 0.051808596 
286 467 24 31 0.03836202 
27 146 31 35 0.033892952 
214 194 12 14 0.0335574 
699 174 23 30 0.030011829 
692 162 11 14 0.029863257 
703 179 13 17 0.028667074 
427 163 16 22 0.028429776 
898 287 95 106 0.027770119 
815 409 62 76 0.023973191 
158 189 11 14 0.023874613 
764 156 24 30 0.022853702 
747 151 9 11 0.021397151 
428 156 14 17 0.02102213 
