55_Sports_Coach_Trainer_sportcoaching_55_516
42
663 197 33 38 0.99955887 
688 370 48 59 0.9995339 
771 206 30 38 0.99952185 
318 209 31 38 0.99940395 
379 211 31 38 0.9993862 
502 188 31 38 0.9993812 
252 209 33 40 0.9993787 
443 191 33 40 0.9991462 
775 362 53 61 0.99889636 
472 324 47 55 0.9987263 
113 300 48 56 0.9985775 
826 190 33 42 0.998563 
250 318 49 60 0.9980585 
741 205 26 39 0.997973 
572 131 37 48 0.9979286 
374 323 44 52 0.9977028 
586 340 46 52 0.9974395 
687 329 35 39 0.15974472 
238 245 15 18 0.10630248 
727 304 37 44 0.09898353 
725 209 29 33 0.0842766 
457 363 13 17 0.053712595 
779 305 30 33 0.04841032 
710 317 38 42 0.03213296 
213 464 36 35 0.027819104 
695 282 17 20 0.02762472 
442 506 55 57 0.026695427 
570 355 15 22 0.02663893 
762 212 27 36 0.025913185 
736 653 39 30 0.025389317 
689 306 44 50 0.024550615 
679 287 44 49 0.024104526 
660 124 24 26 0.02306648 
787 301 39 44 0.022020504 
669 320 41 47 0.0214432 
490 187 27 35 0.020933306 
689 270 42 48 0.020836385 
683 304 17 19 0.020557648 
237 225 25 33 0.020514581 
842 279 36 39 0.020348879 
685 337 49 55 0.020261297 
555 108 27 34 0.020231795 
