1_Handshaking_Handshaking_1_781
26
387 204 190 230 0.9992586 
715 352 178 232 0.9986551 
23 307 99 155 0.99097717 
-17 387 404 478 0.25782603 
656 500 61 79 0.1324442 
621 492 16 21 0.09065087 
579 1286 97 99 0.08532786 
624 389 378 503 0.0693723 
652 515 34 50 0.060725965 
26 57 364 470 0.05750899 
372 902 64 70 0.056941707 
544 1165 162 226 0.04009179 
320 89 287 392 0.036906127 
346 1386 198 174 0.036007173 
629 534 25 31 0.035828725 
663 459 105 132 0.031037232 
625 5 28 32 0.029866805 
668 566 242 275 0.026557125 
637 527 31 41 0.026299194 
126 579 240 230 0.026063312 
458 537 36 36 0.025408788 
620 483 28 34 0.024914252 
195 587 152 136 0.022543807 
643 481 57 73 0.022007784 
189 651 147 139 0.020413807 
-13 209 159 274 0.02003415 
