1_Handshaking_Handshaking_1_602
134
249 344 28 30 0.90188265 
639 245 11 14 0.8147174 
915 270 12 15 0.8075397 
609 227 11 14 0.79351985 
842 236 12 15 0.7781491 
372 240 14 17 0.68287075 
645 222 9 13 0.64576733 
754 246 7 10 0.62338346 
506 227 13 17 0.60275406 
687 227 10 13 0.5274794 
509 226 8 11 0.45236886 
719 237 10 13 0.41787437 
944 243 17 25 0.38751295 
546 225 8 10 0.3343559 
365 237 15 18 0.3297406 
477 218 10 13 0.30381432 
577 221 9 12 0.28014928 
438 233 8 10 0.26237425 
136 197 8 11 0.233448 
398 323 12 18 0.22872698 
613 291 12 21 0.22392169 
677 306 13 18 0.2088039 
930 247 20 23 0.19886273 
468 247 13 19 0.18903765 
722 258 13 16 0.17661688 
693 237 11 14 0.1471008 
924 249 17 19 0.14260574 
773 256 9 11 0.14088415 
679 231 9 11 0.12062405 
676 244 12 15 0.101891614 
831 264 9 11 0.09550892 
576 227 11 15 0.09311611 
546 227 11 14 0.089177914 
291 285 14 17 0.08173405 
618 294 15 21 0.07769443 
664 251 8 12 0.077563904 
768 254 9 12 0.07695881 
189 189 9 10 0.07678476 
495 335 33 35 0.073629476 
541 241 15 18 0.07187977 
654 300 15 20 0.068890035 
757 251 9 12 0.06793618 
486 232 13 17 0.064574264 
576 246 12 14 0.063681744 
725 266 12 15 0.06217093 
674 231 9 12 0.061838992 
641 225 12 16 0.058813382 
677 235 11 14 0.053962912 
547 236 14 18 0.05281233 
469 257 13 17 0.052240077 
732 259 13 15 0.05106141 
886 260 10 12 0.050100494 
383 253 424 456 0.046726327 
671 249 11 14 0.04548098 
645 238 11 15 0.04401514 
492 234 12 16 0.043927405 
687 232 12 16 0.043200944 
635 244 11 14 0.04263121 
714 237 11 14 0.04189116 
512 338 46 43 0.0411751 
442 236 12 16 0.040248543 
671 298 13 19 0.040079303 
753 249 10 14 0.039980322 
605 295 16 23 0.03859028 
515 235 13 17 0.037645068 
486 254 10 13 0.03669885 
506 229 21 26 0.03589718 
436 238 14 18 0.035342418 
676 296 12 16 0.035193484 
474 295 16 18 0.035156693 
932 308 11 14 0.033774752 
910 295 11 14 0.032646906 
769 259 9 12 0.032232597 
608 284 13 19 0.031619806 
434 235 11 15 0.031351093 
580 253 10 13 0.030709421 
598 299 21 29 0.03063655 
921 244 12 18 0.030620806 
557 245 10 12 0.029863294 
915 261 16 19 0.029537369 
111 301 10 15 0.029436588 
139 197 10 13 0.029275846 
423 289 14 18 0.029273994 
740 254 12 14 0.029135607 
766 248 9 12 0.029058624 
850 290 12 16 0.028815424 
478 234 12 17 0.028632328 
631 237 12 15 0.02849069 
475 258 12 17 0.027242023 
579 235 11 14 0.027126731 
120 306 10 13 0.027052557 
599 266 12 14 0.026553595 
595 311 17 21 0.026374143 
538 248 15 18 0.026173988 
490 228 20 26 0.025999703 
752 261 10 12 0.025865084 
540 302 27 28 0.025257014 
472 228 11 14 0.025056768 
674 233 19 26 0.02486229 
98 301 23 28 0.02485308 
237 352 16 19 0.024664614 
263 343 17 24 0.024483789 
129 190 10 14 0.024481112 
672 313 12 15 0.024179207 
495 323 23 33 0.024164446 
535 243 13 18 0.024022594 
286 278 13 15 0.02396624 
685 245 11 15 0.023451839 
470 290 15 20 0.023417693 
471 237 11 16 0.023273462 
457 251 12 15 0.023117706 
477 226 14 18 0.023082692 
615 246 10 13 0.02291453 
130 196 10 12 0.022803467 
554 304 13 17 0.022796897 
846 270 10 12 0.022454739 
514 230 12 14 0.022302888 
605 245 11 14 0.021853382 
580 216 10 13 0.021755513 
721 262 21 27 0.02149043 
682 300 15 18 0.021387437 
483 222 12 14 0.021362325 
515 300 12 14 0.02106851 
725 275 11 13 0.021031445 
723 232 11 13 0.020957958 
637 267 14 18 0.020935899 
834 254 9 12 0.020905731 
668 244 20 24 0.020854648 
511 610 127 126 0.020694438 
526 278 11 14 0.020677118 
1010 230 14 22 0.020558435 
530 352 26 32 0.020354284 
838 251 10 12 0.020326052 
621 260 11 14 0.020010741 
