1_Handshaking_Handshaking_1_356
129
118 589 135 168 0.9986248 
667 201 124 196 0.99741346 
314 387 28 33 0.98037463 
600 411 25 36 0.978969 
571 299 16 20 0.93280405 
430 286 15 20 0.88088536 
604 291 15 21 0.83431125 
660 357 14 21 0.82703924 
279 386 20 31 0.6257583 
449 308 11 14 0.37851414 
493 299 11 13 0.33025137 
488 299 11 14 0.2587486 
142 250 10 15 0.25487518 
411 290 13 15 0.24966876 
269 391 22 31 0.13470022 
358 308 11 13 0.12265943 
506 317 14 16 0.11299207 
285 363 16 20 0.109393604 
510 301 10 13 0.10837602 
589 416 27 36 0.10160668 
618 324 12 16 0.0968021 
301 389 23 31 0.09568755 
539 418 14 18 0.09296971 
246 303 10 14 0.09182138 
648 302 11 15 0.09112216 
609 461 35 43 0.08613511 
578 303 14 20 0.08137071 
217 287 9 12 0.07852906 
668 335 11 15 0.07297055 
150 266 12 15 0.07066045 
503 302 9 12 0.06889348 
109 306 10 13 0.06836605 
502 459 14 20 0.06831312 
452 313 11 14 0.066623755 
477 371 15 18 0.06567851 
289 386 15 26 0.06536284 
136 250 12 16 0.063510574 
252 411 25 27 0.061548494 
281 288 9 12 0.057954364 
628 358 14 19 0.0570262 
329 395 17 24 0.056407034 
639 371 21 28 0.05520647 
585 424 41 46 0.054138117 
653 308 11 15 0.052584857 
291 350 21 25 0.04765357 
548 308 11 13 0.04647081 
104 293 10 11 0.046135884 
423 289 14 18 0.045422934 
508 308 12 15 0.04387009 
269 445 34 37 0.042665046 
507 462 17 21 0.041421626 
299 346 18 23 0.040087037 
657 317 10 12 0.039278395 
771 370 149 235 0.039094627 
541 301 14 16 0.03888612 
520 347 10 14 0.038609903 
104 302 12 16 0.03846852 
276 379 14 23 0.03839373 
221 291 10 11 0.03776767 
253 307 11 13 0.036465976 
794 192 110 186 0.036352303 
327 300 9 12 0.03591445 
155 269 14 15 0.035647146 
646 364 23 29 0.035044942 
401 291 11 15 0.034931567 
353 308 10 14 0.034456484 
279 370 21 30 0.0340476 
259 398 24 29 0.03346545 
-14 619 398 435 0.0334234 
718 187 114 188 0.03326399 
159 275 12 13 0.033064872 
284 290 11 14 0.032391436 
502 295 10 13 0.031951748 
531 331 14 16 0.031700835 
658 506 24 29 0.03078981 
469 301 9 11 0.030435752 
343 291 11 14 0.030378146 
117 254 10 12 0.029543009 
587 884 408 507 0.029016392 
71 325 9 12 0.028666396 
518 356 11 15 0.028449856 
704 413 13 15 0.027867239 
512 397 10 14 0.027851645 
661 350 14 19 0.027671976 
575 421 25 30 0.027298398 
253 429 47 46 0.026876366 
242 308 10 14 0.02628222 
508 452 16 22 0.025956934 
358 313 12 15 0.025772795 
508 328 12 16 0.025680227 
93 270 10 13 0.025364827 
51 289 13 16 0.025335273 
301 349 27 32 0.025163304 
8 291 9 12 0.025084605 
662 326 10 13 0.024800608 
517 283 11 13 0.024650265 
222 312 9 11 0.024585571 
428 280 15 17 0.02431591 
126 250 13 16 0.023796568 
85 324 9 11 0.023586625 
660 310 9 13 0.02331826 
347 856 238 200 0.0232209 
373 466 22 27 0.022985341 
476 405 13 17 0.022841908 
229 260 11 14 0.022794368 
78 253 8 10 0.022771401 
224 316 10 12 0.022745976 
242 299 20 24 0.022662519 
406 296 13 15 0.022513755 
143 256 13 18 0.022256158 
206 266 11 14 0.022252683 
525 332 13 17 0.022154974 
515 370 13 18 0.022106793 
619 463 18 26 0.021916904 
662 335 19 24 0.021915283 
446 304 19 22 0.02175995 
570 379 15 17 0.021628115 
733 360 36 41 0.021570548 
3 1202 89 165 0.021511402 
363 303 11 13 0.021128125 
326 261 10 12 0.021104604 
38 287 9 11 0.021042915 
240 327 10 12 0.020912465 
360 269 9 11 0.020857206 
48 258 12 15 0.02074807 
615 449 23 31 0.020726267 
567 271 11 14 0.020596813 
566 372 14 17 0.020530934 
616 318 11 15 0.020292955 
