1_Handshaking_Handshaking_1_380
64
673 -9 136 128 0.9979109 
835 -6 105 131 0.35385847 
245 56 14 19 0.3405661 
296 54 13 17 0.19065832 
467 288 53 62 0.14759137 
230 120 15 19 0.14014462 
681 638 20 25 0.12902853 
254 66 12 15 0.10352336 
327 48 9 13 0.09467656 
346 69 25 31 0.09403969 
347 66 16 21 0.08591521 
559 84 416 482 0.07591247 
248 153 442 499 0.070609786 
230 55 10 14 0.061481092 
551 601 15 20 0.05546676 
291 55 22 26 0.05533308 
232 115 25 28 0.052895658 
645 591 13 18 0.050771184 
345 76 41 47 0.046961475 
594 606 17 22 0.04693397 
652 584 21 27 0.04524516 
389 49 17 21 0.04072937 
722 -10 164 150 0.039661087 
495 27 30 37 0.03938801 
667 647 44 51 0.0380957 
334 51 11 15 0.037595987 
462 603 14 16 0.036076363 
339 57 21 28 0.03560611 
635 589 21 25 0.034601424 
541 628 13 16 0.03430644 
453 124 17 22 0.034216933 
667 590 16 22 0.033362985 
621 598 23 29 0.032982267 
239 54 13 17 0.031161232 
512 16 31 42 0.030895147 
615 579 13 17 0.030651549 
632 640 21 28 0.030469399 
338 52 14 17 0.029428085 
260 76 13 17 0.029011192 
257 235 113 108 0.028612068 
405 116 27 36 0.028177716 
329 45 21 27 0.027874323 
581 582 13 16 0.02757795 
627 11 51 68 0.027307663 
213 97 16 18 0.0272823 
518 629 47 54 0.027142664 
354 59 17 22 0.026886214 
320 45 20 24 0.026451243 
121 362 29 36 0.026390359 
355 64 25 32 0.02548011 
298 47 22 28 0.025293056 
224 117 14 18 0.025054822 
550 636 13 16 0.024649724 
88 109 8 11 0.023257643 
380 554 114 138 0.022983858 
204 100 15 16 0.022915717 
80 166 350 440 0.02213262 
683 4 13 12 0.021872604 
248 60 20 24 0.021648252 
659 579 24 30 0.021023847 
619 651 13 18 0.020800322 
333 66 15 21 0.020686153 
535 382 47 52 0.020679148 
613 654 17 23 0.020302068 
