56_Voter_peoplevoting_56_717
19
412 5 107 103 0.9998299 
826 5 104 116 0.9996557 
263 3 68 86 0.99357235 
567 61 74 96 0.99097145 
193 186 13 17 0.26468235 
346 606 109 152 0.19177939 
-14 158 160 266 0.11677658 
172 -4 60 50 0.077741034 
240 187 11 15 0.054610576 
707 489 61 78 0.053100854 
452 404 130 133 0.04841942 
219 189 12 15 0.041116945 
355 265 25 27 0.036112133 
17 67 62 61 0.036110274 
849 52 73 87 0.02609205 
367 108 45 63 0.025857683 
445 32 98 121 0.024835104 
331 112 26 44 0.024611453 
175 182 9 11 0.021801626 
