56_Voter_peoplevoting_56_339
44
540 146 34 44 0.9977356 
657 231 26 35 0.99684745 
336 311 14 21 0.5599969 
908 272 41 58 0.13290605 
322 43 28 35 0.108146355 
107 427 12 15 0.10589053 
184 503 8 11 0.06884787 
165 500 10 12 0.062311612 
100 501 11 14 0.060710505 
403 164 37 51 0.059728216 
399 203 16 19 0.055666972 
973 321 11 16 0.048490394 
780 392 24 28 0.045186408 
12 494 15 17 0.044768695 
105 423 11 14 0.042999223 
61 496 10 13 0.04275464 
78 492 18 18 0.038517 
118 437 11 14 0.03595108 
988 308 12 15 0.035933103 
982 309 13 17 0.035871122 
487 157 13 15 0.034293186 
97 454 11 14 0.033806168 
102 422 21 26 0.03191915 
343 281 12 15 0.03150104 
85 423 11 14 0.031080902 
386 295 22 30 0.030690279 
56 498 11 13 0.02958186 
357 304 12 16 0.027989184 
175 502 8 10 0.027985292 
8 494 11 14 0.027516639 
386 289 16 21 0.027068775 
561 269 50 55 0.023186306 
558 273 16 18 0.023011917 
923 287 18 26 0.02263975 
408 136 10 11 0.022389023 
1005 539 10 13 0.022201343 
676 219 14 20 0.022113053 
111 501 9 9 0.022091009 
931 275 25 42 0.022056462 
153 473 8 10 0.022004798 
83 422 22 27 0.021720717 
558 399 12 14 0.02108135 
625 307 28 33 0.021078508 
666 217 26 38 0.020344734 
