56_Voter_peoplevoting_56_528
87
622 131 31 40 0.9971547 
458 185 37 45 0.9888326 
905 240 54 62 0.98782665 
485 27 14 21 0.983125 
517 149 35 42 0.98214954 
179 64 16 26 0.9744538 
319 60 19 25 0.9564673 
533 245 45 36 0.9314168 
419 47 15 24 0.92750597 
261 66 16 24 0.81920135 
915 72 18 22 0.69415754 
782 41 15 21 0.65010715 
785 125 21 24 0.6170483 
690 89 19 26 0.5837469 
612 61 16 23 0.50254023 
893 63 16 21 0.42836806 
935 91 15 21 0.4271858 
656 75 25 30 0.33831215 
47 64 21 31 0.2736515 
797 398 26 33 0.20682187 
83 68 19 31 0.20479566 
441 43 15 18 0.18204013 
836 115 14 19 0.16175503 
776 43 12 17 0.11601753 
837 105 15 20 0.112860486 
777 111 24 32 0.11268132 
697 85 17 26 0.10827881 
843 101 14 18 0.10466252 
524 236 31 45 0.08740297 
602 230 23 27 0.07356858 
761 46 9 12 0.06986224 
891 66 24 34 0.06272201 
456 29 13 16 0.060681097 
770 106 18 25 0.05895244 
698 93 24 33 0.056702036 
939 92 20 27 0.0552555 
851 101 10 14 0.054804176 
673 29 16 22 0.054412205 
947 84 16 20 0.05400062 
766 45 11 14 0.053776834 
844 388 101 124 0.046621334 
438 25 13 15 0.045987394 
679 88 23 34 0.045979284 
479 48 13 17 0.0456078 
770 85 21 33 0.043652583 
390 57 15 18 0.042425133 
622 55 20 30 0.040748272 
395 53 14 17 0.037380796 
347 57 17 20 0.03695116 
426 44 14 20 0.033327993 
940 50 12 15 0.032231085 
659 84 25 35 0.032180734 
539 54 14 17 0.03182515 
51 2 29 32 0.031223733 
247 67 14 17 0.03099286 
980 97 26 28 0.030645963 
407 50 15 20 0.030007644 
557 58 13 19 0.02982504 
342 105 14 18 0.029222347 
653 76 18 21 0.028985376 
33 54 24 31 0.027493332 
832 107 12 18 0.027400738 
549 51 13 18 0.026028542 
919 69 24 31 0.0259244 
796 389 43 53 0.025085405 
977 104 18 21 0.024824385 
994 94 19 26 0.024656545 
979 70 39 58 0.024080258 
893 62 38 48 0.024031382 
908 66 19 24 0.023325011 
329 58 17 22 0.023312349 
908 60 14 19 0.023215864 
915 62 16 20 0.022668783 
918 156 105 142 0.022473332 
635 52 14 19 0.022319853 
671 17 22 29 0.022145245 
940 85 16 21 0.021732155 
363 52 13 17 0.02156037 
618 67 16 23 0.021505067 
543 28 10 12 0.021316633 
479 20 15 20 0.021313714 
772 75 14 18 0.021177525 
364 29 12 16 0.020976936 
788 134 24 32 0.02076 
793 454 55 67 0.020739699 
273 73 15 19 0.020617219 
923 60 14 18 0.020122243 
