56_Voter_peoplevoting_56_344
108
979 70 15 20 0.9934443 
177 80 19 23 0.9871043 
209 75 19 24 0.98211735 
800 91 15 20 0.9817815 
462 85 17 22 0.98155034 
94 55 20 25 0.9681892 
310 54 18 24 0.9483937 
701 66 19 25 0.9437632 
553 77 17 22 0.9265471 
381 84 18 23 0.9127403 
891 82 15 17 0.8564808 
346 75 15 18 0.78882426 
62 82 15 19 0.76140374 
644 62 14 18 0.51991147 
911 83 11 14 0.4687515 
299 105 18 21 0.42385447 
277 63 17 21 0.25245652 
53 55 12 14 0.20472977 
601 566 28 29 0.16816747 
185 105 17 19 0.13266692 
917 78 13 17 0.11076468 
776 78 12 16 0.099667385 
269 63 17 22 0.096500695 
861 86 9 12 0.08243678 
883 83 12 15 0.0740724 
377 512 26 31 0.06928394 
54 71 21 26 0.06726717 
441 54 16 19 0.06415699 
460 52 22 25 0.062410068 
49 61 18 22 0.062224414 
562 77 11 16 0.062181517 
649 64 23 26 0.061146073 
402 549 22 26 0.06081205 
357 98 15 18 0.05824883 
120 106 12 16 0.05807107 
366 94 11 16 0.057663523 
923 76 12 17 0.05741772 
237 101 11 15 0.05285804 
442 540 21 26 0.051358923 
900 79 12 16 0.050220575 
451 116 13 14 0.049983904 
1014 84 9 14 0.04906325 
459 548 13 16 0.04841156 
16 106 12 17 0.047115047 
911 119 9 10 0.04554978 
497 56 14 17 0.045067817 
615 570 17 20 0.04269532 
86 99 15 17 0.040895663 
472 117 26 30 0.040391456 
917 89 11 13 0.03908723 
483 118 15 17 0.038785446 
282 69 16 20 0.036962677 
903 119 10 11 0.03621926 
546 136 9 11 0.036040056 
592 579 11 16 0.03506443 
543 77 14 17 0.034695752 
344 78 21 26 0.034606818 
456 63 24 30 0.034318514 
86 22 10 12 0.034259334 
28 107 12 16 0.033679727 
907 76 18 23 0.032596003 
887 586 28 29 0.031778783 
274 84 15 19 0.03173922 
511 86 11 14 0.03153254 
856 84 11 15 0.03152367 
469 550 13 15 0.031134931 
525 119 12 13 0.031016786 
596 573 17 22 0.030769955 
0 109 12 18 0.030580444 
451 53 21 26 0.030502195 
801 73 8 11 0.03002113 
195 101 12 17 0.029919235 
114 80 16 19 0.029880032 
656 61 17 19 0.029600931 
919 118 10 10 0.028959148 
501 573 10 11 0.028891182 
451 543 22 26 0.028370665 
935 122 8 11 0.028320571 
519 92 12 16 0.027991863 
494 400 12 13 0.027426993 
465 47 12 13 0.027244536 
929 119 9 11 0.026239397 
436 541 16 19 0.026147766 
26 48 17 21 0.025616093 
847 75 11 13 0.025373578 
6 99 12 18 0.025325479 
500 587 17 20 0.025323495 
855 91 10 13 0.02501261 
702 22 23 28 0.024961993 
486 98 14 20 0.024776734 
319 100 12 16 0.02409925 
496 573 10 12 0.024030764 
572 91 12 17 0.023627108 
420 583 14 16 0.023608064 
877 576 27 30 0.023532351 
161 37 11 14 0.023485174 
1 248 9 13 0.023402065 
535 81 14 19 0.023370601 
475 104 14 18 0.022916453 
514 568 28 29 0.022797812 
501 94 20 26 0.022483548 
19 216 10 13 0.02203127 
886 85 14 17 0.021677151 
345 -31 348 423 0.021328758 
637 53 14 19 0.02125022 
421 334 9 10 0.02095566 
902 124 10 11 0.020735024 
837 110 10 12 0.02007538 
