56_Voter_peoplevoting_56_620
71
129 192 48 65 0.99876285 
289 201 34 50 0.9953992 
365 197 25 35 0.9924384 
816 140 37 55 0.9747234 
495 227 25 29 0.5882182 
345 240 26 31 0.44505337 
543 211 11 19 0.41016147 
528 217 12 16 0.21909733 
452 236 11 18 0.1624163 
250 250 16 21 0.14396837 
493 243 21 26 0.11476599 
445 238 15 23 0.10446166 
360 356 19 21 0.098245054 
478 234 12 18 0.08968702 
532 213 13 17 0.08823887 
549 216 13 17 0.07449461 
597 100 109 164 0.070181586 
456 257 11 15 0.06918223 
500 220 18 23 0.06738463 
614 237 10 13 0.06479587 
480 223 22 32 0.05879124 
421 344 14 16 0.057265855 
440 357 13 16 0.055285614 
453 276 12 16 0.051841486 
341 242 18 24 0.051570714 
368 206 32 39 0.050892107 
448 231 12 15 0.05020402 
555 150 14 17 0.046870682 
554 219 13 17 0.045104064 
476 255 10 13 0.042930037 
470 267 12 14 0.041625064 
483 226 14 19 0.041018344 
239 244 21 30 0.040854655 
823 131 29 39 0.039688714 
473 261 11 14 0.03937034 
574 236 14 17 0.0385854 
360 248 17 21 0.038289756 
438 239 16 24 0.03631078 
494 328 8 10 0.035798058 
415 190 11 15 0.03523458 
456 355 12 15 0.03461428 
238 241 14 21 0.0340837 
437 210 11 15 0.033997893 
495 212 12 16 0.030696241 
336 213 23 35 0.03059894 
486 269 11 16 0.030570984 
530 223 16 19 0.029583406 
251 227 14 17 0.028219052 
248 317 41 53 0.027874455 
187 346 16 18 0.02746158 
339 222 27 40 0.027280096 
471 241 13 17 0.027093222 
505 221 21 30 0.026888352 
826 132 18 22 0.025576293 
460 269 13 16 0.025448292 
447 229 20 28 0.02482142 
449 272 21 28 0.024163434 
502 281 24 32 0.023936547 
490 210 24 31 0.022441536 
465 260 22 27 0.022438392 
580 230 13 16 0.0223391 
242 231 22 30 0.022078134 
277 210 30 42 0.02201805 
487 249 13 17 0.021980349 
358 204 25 36 0.021866744 
546 207 21 28 0.02176434 
472 231 21 28 0.0214635 
534 217 22 27 0.021087047 
346 219 13 20 0.020824442 
734 208 9 11 0.02079776 
485 316 9 10 0.02062928 
