56_Voter_peoplevoting_56_819
20
483 442 36 42 0.9983348 
292 352 39 47 0.9982994 
599 392 46 58 0.99701715 
114 428 46 57 0.9951486 
277 614 45 58 0.99311864 
749 208 46 52 0.9924831 
643 192 47 56 0.9808704 
859 227 39 46 0.9720747 
397 466 33 42 0.9319711 
493 609 47 59 0.10556306 
910 225 21 27 0.063939944 
611 571 96 125 0.05428251 
396 459 17 22 0.046747304 
226 402 42 51 0.04444743 
407 563 14 18 0.038853053 
816 296 23 30 0.03827898 
662 263 375 493 0.02870252 
466 571 25 33 0.021891063 
930 266 15 19 0.020902356 
806 202 24 33 0.02069042 
