56_Voter_peoplevoting_56_122
201
560 79 33 46 0.97275275 
935 74 38 62 0.96768177 
419 137 26 32 0.964801 
687 48 41 62 0.9644579 
440 39 24 34 0.94790196 
82 66 35 44 0.94465554 
904 31 35 53 0.9218737 
532 14 26 31 0.8801513 
836 58 38 51 0.87857354 
210 36 23 28 0.8680708 
484 5 23 28 0.83939576 
963 12 34 42 0.8106989 
486 14 26 35 0.7975324 
251 10 21 31 0.74130744 
602 3 28 34 0.7388869 
298 17 19 26 0.720554 
705 5 38 40 0.65142775 
141 39 26 38 0.576317 
771 21 35 53 0.57255894 
402 92 17 22 0.5347755 
201 20 22 28 0.5207111 
694 359 101 87 0.48894 
32 26 22 33 0.4645098 
153 24 27 34 0.44506243 
403 10 21 31 0.36419895 
75 18 15 20 0.35478157 
146 52 32 45 0.31540003 
103 396 93 169 0.2775727 
349 25 26 34 0.25899896 
147 17 23 29 0.25387964 
259 14 24 32 0.24869171 
614 53 30 47 0.21749587 
437 1 16 20 0.21042685 
909 186 47 55 0.19477503 
403 5 13 17 0.1780477 
180 0 15 13 0.17207336 
281 109 52 60 0.17000073 
797 9 28 37 0.16587284 
785 3 29 39 0.15893051 
607 13 32 36 0.15204196 
438 34 16 21 0.14948924 
723 370 107 101 0.13083112 
229 65 29 46 0.11824142 
192 20 21 27 0.11629912 
717 349 181 205 0.106686816 
20 22 26 35 0.10566073 
811 108 31 47 0.10331539 
240 122 30 47 0.10176933 
901 84 23 34 0.09993578 
373 11 22 30 0.09937675 
244 11 19 25 0.09490261 
287 55 43 53 0.09436782 
0 451 137 183 0.09342377 
653 393 36 49 0.09197649 
74 22 22 28 0.091009915 
919 46 48 67 0.089309916 
154 9 26 28 0.088547826 
54 1 12 11 0.08771578 
664 380 54 61 0.087687925 
680 365 63 66 0.08672123 
111 25 22 30 0.086622044 
757 25 31 51 0.082243025 
663 0 26 34 0.08206488 
869 264 24 27 0.07856038 
269 124 43 45 0.07581852 
305 58 27 36 0.07519563 
107 0 14 14 0.074638665 
891 40 28 47 0.07119213 
613 32 29 38 0.0708651 
42 32 14 22 0.06334424 
82 20 15 19 0.059966974 
475 0 24 29 0.058905523 
173 0 17 17 0.057838462 
476 120 15 17 0.057405908 
308 107 45 58 0.055868145 
556 66 26 41 0.055643052 
459 0 18 21 0.054200146 
704 44 50 67 0.051660154 
562 1 27 33 0.049006034 
383 8 23 32 0.048675854 
584 85 32 43 0.04825745 
241 62 29 45 0.0475125 
795 378 184 234 0.04695153 
493 108 25 30 0.046781123 
269 70 51 62 0.046768114 
264 23 28 33 0.046594363 
61 18 15 21 0.045076698 
613 1 31 33 0.044964373 
356 15 27 35 0.044394173 
143 7 23 28 0.043928906 
139 34 16 21 0.043922264 
308 2 23 32 0.043872032 
809 15 20 25 0.04326499 
255 79 33 47 0.043153428 
370 120 26 30 0.039591253 
346 10 26 30 0.039541118 
11 31 25 32 0.039464228 
77 49 30 36 0.038898114 
645 362 59 62 0.038164917 
9 15 26 33 0.037697427 
896 164 49 61 0.03720906 
415 69 15 18 0.036865108 
739 36 39 59 0.036633644 
3 43 12 18 0.035752468 
34 20 16 24 0.035424646 
598 14 15 24 0.034797464 
162 2 18 19 0.03450874 
178 20 23 29 0.034063786 
415 123 26 37 0.033894274 
480 130 39 46 0.033804134 
545 6 28 35 0.033551075 
739 421 36 38 0.033493884 
440 491 48 51 0.033308472 
67 30 28 33 0.033251174 
199 32 25 34 0.033215825 
899 183 80 86 0.03305356 
931 16 41 55 0.032921135 
18 12 15 17 0.03288627 
91 19 15 19 0.03282772 
417 123 17 22 0.032333154 
100 26 25 30 0.032189187 
661 3 17 21 0.032119915 
1004 23 20 32 0.03192046 
49 32 15 21 0.03191643 
165 6 26 27 0.03137491 
441 7 17 19 0.031352077 
45 416 131 191 0.031173209 
105 74 26 36 0.030998923 
400 23 22 31 0.030657664 
411 17 21 28 0.030384237 
58 0 14 13 0.030142624 
786 -1 21 26 0.029858598 
476 116 25 30 0.029312069 
494 29 21 25 0.029309357 
856 45 40 56 0.028315974 
594 389 32 45 0.027962837 
223 40 17 23 0.027795028 
682 11 44 59 0.027769523 
677 60 30 45 0.02758425 
274 12 16 21 0.027507883 
48 0 12 11 0.02750308 
120 27 17 23 0.027110804 
58 6 22 26 0.026900044 
220 10 14 18 0.026897274 
3 27 22 34 0.02686136 
967 11 23 26 0.026842326 
309 49 18 21 0.026724845 
156 62 32 42 0.026383566 
219 78 30 43 0.025790507 
430 41 23 30 0.025726367 
414 152 14 18 0.025422808 
107 19 16 21 0.025329642 
208 14 23 29 0.024914885 
835 42 30 49 0.024901425 
903 190 29 40 0.024741175 
281 12 23 29 0.024547469 
98 57 27 38 0.024484217 
162 16 27 31 0.024412118 
36 36 24 34 0.024294436 
112 2 14 16 0.023911279 
397 39 14 20 0.023874221 
86 2 16 16 0.023506682 
698 373 35 43 0.023307452 
724 5 33 34 0.023252515 
259 5 17 22 0.02267456 
321 -1 23 31 0.022648504 
66 116 61 60 0.022573855 
637 418 39 41 0.022566007 
673 31 42 64 0.022395188 
329 101 32 50 0.022207888 
83 26 27 31 0.02219757 
983 117 32 38 0.022112736 
188 114 34 44 0.021798218 
392 42 13 17 0.021649402 
198 89 27 35 0.021644132 
678 0 40 44 0.02157631 
130 33 23 34 0.021543669 
247 104 43 62 0.02153558 
409 148 28 35 0.021404622 
478 26 26 35 0.021392563 
879 52 29 46 0.021335367 
167 30 19 24 0.021266518 
92 0 16 14 0.021197956 
333 1 24 28 0.021074852 
495 114 16 18 0.020961862 
602 18 20 28 0.020926395 
372 31 15 21 0.020871194 
489 119 28 33 0.020802312 
152 49 19 25 0.020764884 
330 6 16 22 0.020760966 
975 85 39 57 0.020759543 
260 95 34 49 0.020686833 
399 162 51 55 0.020657033 
90 -2 26 24 0.020494085 
298 78 49 63 0.020422973 
585 3 23 33 0.020250537 
223 124 33 46 0.02022429 
313 47 26 34 0.020142049 
871 241 16 20 0.020079732 
12 2 28 27 0.020067528 
603 54 28 43 0.02006732 
