56_Voter_peoplevoting_56_305
21
71 228 27 36 0.98935974 
442 201 30 45 0.93880105 
754 226 22 39 0.1088916 
548 103 16 20 0.054176737 
771 299 42 67 0.046588324 
426 198 35 46 0.036864772 
435 221 33 38 0.034008205 
685 290 41 63 0.03121744 
548 183 11 14 0.029698191 
535 179 11 16 0.027796866 
735 242 39 51 0.027433835 
992 407 8 10 0.025953045 
52 257 17 22 0.025539083 
888 400 8 9 0.023928043 
543 89 7 10 0.023093535 
848 400 8 9 0.021520354 
543 93 10 13 0.021004446 
887 406 8 10 0.020873602 
854 400 7 9 0.020610461 
662 235 405 484 0.020217875 
849 415 8 10 0.02010217 
