56_Voter_peoplevoting_56_441
858
218 252 93 141 0.99593604 
989 607 13 17 0.90986204 
900 558 13 17 0.81471455 
978 648 15 20 0.79343957 
834 429 10 12 0.70284015 
901 484 14 16 0.64584666 
854 531 12 17 0.6374638 
720 499 10 13 0.5808795 
773 556 9 12 0.56584865 
835 510 11 15 0.5386054 
791 500 12 14 0.47392973 
828 376 10 12 0.45545357 
492 535 58 63 0.45215562 
621 472 9 12 0.44237256 
873 595 14 18 0.43717846 
987 674 23 31 0.4145637 
821 351 7 10 0.404076 
819 590 13 15 0.39868966 
741 548 11 13 0.39721248 
972 512 12 16 0.39569795 
909 428 11 15 0.39551356 
815 408 9 11 0.3839026 
686 334 11 13 0.35583153 
795 529 12 16 0.33533117 
964 494 11 14 0.3321369 
843 406 11 15 0.32961679 
961 543 11 15 0.2977336 
924 565 11 13 0.28677285 
883 486 9 12 0.26187947 
734 416 8 10 0.25910687 
964 380 10 13 0.25448668 
952 395 8 11 0.25168326 
712 531 11 13 0.24163243 
822 469 9 10 0.23332296 
950 438 10 14 0.23129898 
1015 380 8 13 0.23124075 
929 523 9 11 0.22925389 
778 327 8 10 0.22917685 
942 358 8 11 0.22485852 
725 526 11 14 0.22160503 
757 513 9 11 0.22030902 
814 510 9 11 0.21690448 
717 530 13 15 0.20495242 
673 358 9 11 0.2040248 
986 577 13 15 0.19204034 
584 476 12 13 0.19053414 
690 470 9 12 0.18406016 
799 390 8 11 0.18171902 
440 369 7 9 0.18038084 
1014 494 8 12 0.17939168 
759 367 9 12 0.17915773 
700 544 9 12 0.17883702 
793 477 9 11 0.1785123 
733 565 10 12 0.17799065 
760 472 9 12 0.17769343 
1008 526 12 16 0.17741689 
630 437 8 9 0.17711174 
985 539 11 13 0.17513992 
460 358 9 12 0.16834933 
790 459 8 11 0.16169778 
1001 590 11 13 0.1609607 
761 371 9 11 0.15645996 
840 391 9 11 0.15590388 
720 454 9 12 0.15567644 
912 534 11 14 0.15044515 
868 240 9 11 0.15019205 
972 398 10 14 0.14780588 
746 399 7 10 0.14406268 
758 414 8 10 0.14264691 
677 461 8 10 0.13812962 
736 490 9 12 0.13655756 
907 487 13 16 0.13396026 
847 351 8 10 0.13293621 
332 324 10 12 0.13252722 
999 437 10 13 0.1322904 
806 431 7 11 0.13201104 
800 336 9 11 0.13147974 
982 407 9 11 0.13066249 
953 312 7 9 0.12961453 
784 419 8 11 0.12615156 
777 368 7 10 0.12451222 
704 557 9 12 0.123389184 
354 383 15 19 0.12033232 
754 457 7 9 0.11875366 
749 551 8 10 0.1186464 
914 400 9 12 0.1177116 
25 372 52 61 0.11620285 
725 476 9 11 0.11558403 
760 406 8 10 0.115104884 
791 550 10 13 0.11495341 
799 304 8 10 0.114047736 
791 473 9 11 0.11331304 
991 366 8 11 0.11183272 
799 472 8 10 0.11096495 
998 445 9 13 0.10963269 
841 398 8 10 0.109264806 
951 423 10 13 0.10857163 
909 469 10 12 0.108135045 
726 405 9 10 0.10673713 
961 375 9 13 0.106339574 
901 590 13 15 0.105725266 
958 388 10 14 0.105677105 
657 473 9 12 0.104797155 
993 446 10 14 0.10381626 
820 489 14 17 0.10317742 
738 544 10 13 0.102482155 
915 577 14 18 0.102443606 
924 502 10 14 0.10223778 
792 375 8 9 0.09955289 
894 508 11 13 0.0991223 
684 487 10 12 0.09885886 
866 390 9 12 0.09791208 
789 405 8 11 0.097798 
745 464 8 10 0.09764698 
823 392 8 10 0.09741933 
994 352 7 9 0.09735926 
768 552 12 14 0.09720145 
723 495 10 12 0.09511878 
862 359 9 12 0.09359168 
694 523 9 12 0.09353805 
855 598 10 13 0.092607565 
694 359 8 10 0.09207587 
991 431 8 10 0.09155565 
757 456 7 9 0.09026588 
946 444 11 14 0.09022509 
932 519 10 13 0.09010949 
821 334 8 10 0.090008445 
871 344 9 11 0.08892827 
626 437 8 10 0.0884984 
840 342 8 10 0.08839628 
832 536 11 13 0.088111006 
808 375 8 11 0.087611474 
824 296 8 10 0.086270265 
706 351 7 9 0.08551293 
796 496 10 13 0.08528645 
1014 319 8 11 0.08526492 
999 317 9 11 0.08519076 
681 334 10 12 0.08461989 
937 352 8 10 0.084417835 
993 406 9 13 0.084245116 
865 351 8 9 0.08392663 
676 469 11 14 0.08384581 
807 380 10 12 0.08384069 
721 406 8 10 0.083324775 
858 524 13 16 0.08226826 
831 464 8 10 0.082171105 
809 408 9 11 0.08108128 
863 334 8 10 0.08106478 
1006 388 9 12 0.08079038 
880 308 11 13 0.08065443 
288 254 7 10 0.07945545 
863 327 8 11 0.079229005 
740 487 10 12 0.07899793 
801 431 8 11 0.078864165 
962 366 8 10 0.077566944 
775 454 8 11 0.07756134 
783 390 7 8 0.07751851 
985 358 8 10 0.07705165 
884 490 10 14 0.07671021 
704 399 8 10 0.07659148 
818 344 7 9 0.07634633 
814 376 8 11 0.07628284 
760 401 8 9 0.076278634 
805 588 12 14 0.075958036 
681 489 10 14 0.075445 
785 457 8 11 0.07522847 
1006 534 12 16 0.074780695 
751 461 9 11 0.07395752 
841 303 7 9 0.07373492 
447 345 7 9 0.07331545 
758 384 8 10 0.07272993 
744 476 9 11 0.07254678 
992 357 9 11 0.07201092 
814 429 9 10 0.07193703 
793 309 8 10 0.0719066 
780 555 11 13 0.07163337 
704 405 7 9 0.071499154 
1014 413 8 12 0.071359724 
724 399 10 12 0.07126436 
663 446 7 9 0.071144536 
991 335 7 10 0.069301605 
1009 383 8 12 0.06900448 
417 229 9 11 0.068899184 
899 530 13 19 0.06866798 
997 358 10 12 0.06850639 
807 461 9 11 0.06848573 
956 440 9 11 0.06832941 
800 369 7 10 0.06784957 
959 358 9 11 0.067802645 
978 311 7 10 0.06777631 
976 461 8 11 0.067776024 
813 248 8 10 0.06777464 
800 352 9 11 0.06747666 
722 449 7 9 0.06745128 
808 412 8 12 0.06742096 
712 336 8 9 0.06709247 
504 350 8 11 0.06704036 
744 470 8 10 0.06665844 
926 589 12 15 0.06541622 
761 556 10 12 0.06541233 
921 269 9 11 0.06531648 
992 490 11 15 0.065067016 
711 312 8 9 0.06479438 
763 295 7 9 0.0644676 
305 103 399 472 0.06409049 
805 351 8 10 0.06394651 
769 525 9 12 0.06305172 
996 511 9 12 0.06300362 
975 281 7 9 0.062887944 
783 476 9 11 0.06285881 
999 432 8 11 0.062738076 
793 368 7 10 0.06232528 
705 345 7 9 0.062301707 
745 359 7 8 0.062016536 
785 384 7 9 0.06158952 
711 358 7 9 0.06078143 
875 579 14 18 0.060429044 
775 342 8 10 0.060386974 
878 348 8 11 0.059957515 
903 423 10 14 0.059794962 
820 407 8 11 0.059445746 
718 415 7 9 0.059212897 
719 359 7 9 0.058982667 
990 478 10 13 0.058821358 
953 270 9 11 0.05861084 
822 356 8 10 0.058540173 
775 403 9 11 0.05844101 
753 360 7 8 0.05823213 
880 262 10 12 0.05812094 
782 343 7 9 0.05806461 
1014 407 8 11 0.057801325 
862 409 9 11 0.05779368 
977 326 9 10 0.057324074 
850 445 9 12 0.057239015 
703 564 12 15 0.0567541 
985 335 7 9 0.056664784 
783 400 9 11 0.056452047 
695 319 9 10 0.05632864 
789 421 8 10 0.056253634 
1014 367 8 12 0.056240164 
916 537 11 14 0.056180287 
712 485 8 11 0.05547922 
890 516 9 12 0.055454012 
902 414 9 12 0.05495891 
810 247 7 9 0.054622922 
832 320 10 13 0.05445748 
776 416 8 11 0.0542047 
753 326 8 10 0.054179467 
749 400 8 10 0.05389592 
434 367 7 9 0.053724296 
902 405 9 11 0.05349442 
806 325 8 10 0.053105056 
953 351 8 11 0.05274237 
744 376 7 9 0.052069616 
952 357 7 11 0.051896498 
766 368 8 10 0.0518337 
941 546 11 14 0.051681574 
942 352 8 10 0.05168065 
958 422 10 13 0.051349342 
799 373 8 10 0.051283922 
955 670 12 17 0.051103637 
957 352 8 11 0.05105956 
1004 437 11 14 0.05052532 
776 333 8 12 0.050407622 
966 413 9 11 0.050397206 
977 319 8 10 0.050370574 
720 478 9 12 0.050333593 
704 304 8 10 0.0501952 
614 447 9 10 0.050029702 
777 478 8 11 0.049586654 
800 384 9 11 0.049582753 
755 366 8 10 0.04941658 
841 337 7 9 0.049245387 
796 484 9 11 0.04923854 
985 365 9 11 0.049159523 
734 313 7 9 0.04911916 
974 344 7 9 0.048782017 
982 326 7 10 0.048613887 
1008 493 11 15 0.04857499 
946 423 9 13 0.048571102 
663 442 7 8 0.04820017 
857 380 9 11 0.04818554 
639 429 8 10 0.048150934 
839 366 8 11 0.04793007 
776 351 7 9 0.047637668 
677 456 8 10 0.047636393 
646 463 8 9 0.04759712 
784 500 12 15 0.047342986 
993 437 9 12 0.046920683 
905 563 13 15 0.04692047 
886 481 9 12 0.04676072 
990 484 11 15 0.046495177 
1001 280 9 11 0.046467908 
880 303 10 12 0.046261005 
989 269 9 10 0.046232298 
775 359 8 9 0.0459083 
724 454 9 11 0.045886647 
821 344 8 9 0.04586206 
799 280 7 9 0.045819536 
939 604 14 16 0.045710333 
807 632 13 17 0.04554208 
838 324 8 11 0.045346648 
814 500 11 14 0.04534103 
842 351 7 10 0.04531307 
981 310 8 10 0.045312013 
995 319 7 10 0.045210853 
970 281 8 10 0.04518108 
915 484 13 16 0.045180164 
688 518 10 14 0.045150258 
786 404 8 11 0.04503261 
977 508 13 17 0.044957615 
802 413 9 12 0.04488885 
498 287 7 10 0.044661354 
957 310 8 10 0.044618346 
673 455 8 11 0.04457355 
722 473 8 9 0.04421122 
768 336 8 10 0.044206828 
367 361 7 10 0.044022083 
966 489 11 13 0.04383667 
945 450 11 14 0.043772873 
1008 519 11 15 0.043742113 
845 398 9 12 0.04372738 
918 421 9 13 0.043650776 
1015 309 8 11 0.04362614 
904 267 9 11 0.04359187 
729 312 8 10 0.043288853 
362 366 8 9 0.04300549 
758 461 8 11 0.04296048 
905 477 14 17 0.042844776 
727 377 7 8 0.042504624 
824 248 7 9 0.04249719 
728 560 9 12 0.04244257 
765 477 8 10 0.04240739 
951 335 7 10 0.042359035 
854 444 10 13 0.042272203 
744 448 8 9 0.04226705 
806 302 8 11 0.04222054 
818 263 7 10 0.042139936 
999 468 11 14 0.041921504 
1006 279 8 10 0.041834105 
799 455 8 10 0.041557454 
716 319 8 10 0.04142566 
816 485 11 14 0.0413861 
816 463 9 11 0.04124147 
813 514 11 14 0.041117914 
761 319 8 9 0.040859487 
969 403 11 14 0.040759105 
728 328 7 9 0.04067706 
912 574 12 16 0.04057919 
991 342 8 10 0.04056778 
609 457 9 10 0.040419836 
898 246 8 10 0.04028712 
774 486 9 11 0.04025704 
1006 470 9 12 0.04020696 
767 400 8 10 0.04019278 
945 342 8 10 0.039974228 
1000 312 9 10 0.039960284 
596 312 8 10 0.039878044 
854 407 10 13 0.039868075 
758 328 7 9 0.03982893 
797 287 8 10 0.03980158 
1004 597 12 14 0.039774075 
769 453 8 10 0.039655704 
830 468 9 11 0.039591998 
993 515 11 13 0.03952397 
857 336 8 10 0.03921817 
794 318 9 11 0.039059818 
726 381 8 9 0.038936153 
425 280 6 8 0.038918562 
911 268 9 11 0.038899694 
846 356 9 12 0.038763028 
930 595 15 16 0.03873405 
753 514 10 12 0.038733967 
805 341 8 10 0.038689457 
1014 498 9 14 0.038613178 
982 389 10 13 0.038546678 
1000 389 9 12 0.038530964 
927 325 10 11 0.038453866 
838 383 9 11 0.038441878 
917 492 11 14 0.038347058 
758 360 7 9 0.038332526 
688 368 8 9 0.038330548 
441 344 7 9 0.038302943 
1013 228 9 14 0.038271967 
929 350 8 11 0.038205214 
734 408 7 9 0.03809416 
906 584 15 18 0.038086187 
407 318 7 10 0.038005035 
754 384 8 10 0.03786874 
770 342 8 9 0.03781118 
912 375 10 12 0.037605647 
759 551 9 11 0.03753806 
759 335 7 9 0.03740781 
480 360 8 9 0.03739382 
847 271 8 10 0.03737913 
400 233 7 9 0.037323806 
989 289 8 9 0.037211843 
488 345 6 8 0.03710869 
845 365 10 12 0.036985707 
658 440 7 10 0.036720186 
790 400 8 10 0.036701635 
1006 398 8 11 0.03668731 
917 415 10 13 0.036656402 
713 415 8 9 0.036648434 
445 368 7 9 0.03661419 
940 380 12 15 0.036593087 
656 447 7 9 0.03642708 
808 493 11 14 0.03623313 
916 469 11 14 0.036037635 
710 352 8 10 0.03603313 
815 424 8 10 0.035976972 
757 486 11 13 0.03597057 
369 279 7 9 0.035939515 
753 335 7 9 0.035926864 
821 264 8 9 0.035868373 
960 342 8 9 0.0357811 
377 273 7 10 0.035761185 
745 320 7 8 0.035701573 
863 497 9 11 0.03560782 
862 382 9 10 0.035571955 
769 486 9 11 0.0354897 
746 403 8 11 0.035480976 
801 408 8 11 0.03541011 
965 386 11 14 0.035354428 
932 492 10 13 0.035270248 
506 345 6 9 0.035137657 
694 340 9 10 0.035015076 
824 329 7 10 0.034982562 
1015 461 9 13 0.034588214 
703 454 8 10 0.034551542 
881 480 9 13 0.034516566 
890 370 14 18 0.034423333 
817 479 10 13 0.03438246 
719 483 9 12 0.034362897 
975 262 8 10 0.034288283 
734 318 7 9 0.0341812 
973 501 12 16 0.034177534 
679 365 8 10 0.034141187 
718 327 8 9 0.03413437 
696 383 7 9 0.033996515 
919 561 19 24 0.03388245 
847 336 7 10 0.033844113 
862 321 8 10 0.03374621 
458 363 7 10 0.03374575 
873 334 8 10 0.033725046 
842 272 8 10 0.033709485 
976 626 11 15 0.033708833 
480 311 6 8 0.033658728 
789 591 47 56 0.033597935 
834 455 9 12 0.033501234 
1016 358 8 12 0.033474494 
831 503 11 14 0.03346187 
990 372 9 11 0.033336103 
1013 324 9 12 0.033318143 
712 317 9 11 0.033194788 
702 463 8 10 0.033071674 
711 293 10 11 0.032923717 
370 230 8 11 0.032807466 
719 335 7 9 0.032749947 
919 525 10 12 0.032639097 
968 459 9 12 0.03254498 
885 268 9 11 0.032532986 
1007 312 8 10 0.03251889 
799 396 7 10 0.032505248 
718 295 9 11 0.03245908 
757 389 9 11 0.032458592 
1001 532 13 16 0.03243903 
761 312 7 9 0.03232116 
442 350 7 9 0.03230829 
1008 318 8 10 0.032226715 
752 304 7 9 0.03218902 
880 255 9 11 0.032121524 
983 462 9 12 0.031801376 
1008 366 9 11 0.031767692 
720 521 9 11 0.031751044 
983 279 7 9 0.03174169 
854 343 7 10 0.031729404 
919 505 12 15 0.031682763 
801 589 26 32 0.03164344 
896 239 9 11 0.031638745 
735 334 9 11 0.031625014 
847 343 8 10 0.03150212 
917 366 9 11 0.031464223 
726 486 9 12 0.031305593 
992 470 9 11 0.03129757 
730 318 7 9 0.03129202 
984 436 9 12 0.03126633 
990 600 11 15 0.031249624 
656 453 9 11 0.0311874 
860 375 10 12 0.031181766 
701 520 10 13 0.031168876 
750 406 8 10 0.031122344 
806 456 9 10 0.031094246 
668 198 22 30 0.03109325 
457 312 6 8 0.031062778 
447 349 7 9 0.031045608 
881 417 9 12 0.031027693 
461 353 7 8 0.0309341 
948 605 11 15 0.030918129 
928 341 9 12 0.030794956 
734 560 10 11 0.030783935 
480 345 7 9 0.030750882 
1015 419 9 13 0.03073376 
918 475 12 16 0.030668486 
815 252 7 10 0.030664684 
997 410 11 14 0.03056164 
433 343 7 9 0.0305282 
831 368 9 11 0.030458245 
672 353 8 11 0.030402202 
345 233 8 9 0.030360462 
401 320 7 10 0.030349413 
744 327 8 9 0.03012931 
794 336 7 9 0.030121913 
966 360 8 10 0.030076375 
705 309 8 10 0.029983107 
775 310 8 10 0.029920446 
812 588 22 27 0.029900432 
647 254 9 12 0.029790856 
986 342 7 9 0.029788725 
697 374 8 10 0.029763535 
975 240 8 9 0.0296673 
968 319 7 9 0.029661935 
767 520 9 11 0.029611865 
897 428 10 13 0.029511275 
941 520 10 13 0.029511137 
781 542 10 13 0.029489696 
824 309 8 10 0.029478671 
414 343 7 9 0.02947229 
502 287 8 9 0.029295284 
839 359 8 10 0.029237377 
991 389 11 13 0.029214095 
1007 414 10 13 0.029183317 
857 362 10 13 0.029090805 
815 367 9 11 0.029011978 
985 431 8 11 0.028980372 
653 481 11 15 0.028962439 
682 406 8 10 0.028889121 
1013 468 10 14 0.028776208 
730 422 8 11 0.028755743 
818 391 8 11 0.028632643 
842 277 8 10 0.0286102 
782 368 8 9 0.028572181 
840 309 9 10 0.028558819 
881 268 9 11 0.02855501 
885 255 9 10 0.028537035 
935 375 9 12 0.028521577 
997 583 12 15 0.028478483 
481 351 7 8 0.028376274 
929 563 12 15 0.028334383 
1005 529 19 26 0.028322836 
911 528 10 13 0.028311996 
955 650 12 18 0.028246183 
824 370 17 23 0.028209297 
896 590 12 14 0.02818817 
473 289 7 9 0.027974632 
709 287 9 11 0.027871937 
968 312 7 9 0.027812768 
694 465 10 12 0.0277811 
896 352 8 10 0.027765784 
675 220 13 15 0.02774207 
929 373 8 11 0.027741376 
704 367 7 10 0.02766573 
1015 488 9 14 0.027599229 
375 247 7 10 0.027575664 
765 319 7 9 0.027552335 
652 218 29 35 0.027550187 
753 342 8 10 0.027503986 
797 308 8 10 0.027494887 
613 453 9 12 0.027492607 
383 272 7 10 0.027346702 
808 501 10 12 0.027282173 
973 605 10 12 0.02714519 
833 359 8 10 0.027025234 
725 449 7 9 0.026963186 
481 547 35 44 0.026962785 
984 352 7 10 0.026962547 
776 543 9 12 0.026837444 
826 491 12 16 0.026807364 
899 506 11 14 0.026807098 
496 262 7 9 0.026780091 
871 328 10 12 0.026771206 
806 423 8 10 0.02674973 
744 295 8 9 0.026735077 
981 319 8 10 0.026729569 
154 271 124 115 0.026690472 
854 350 8 10 0.026528714 
791 382 7 9 0.026523931 
522 352 7 9 0.026523797 
919 392 8 9 0.026517464 
786 240 6 9 0.026455041 
612 461 13 15 0.026410555 
710 390 8 11 0.026402958 
736 367 7 8 0.02639741 
335 238 7 10 0.026385177 
758 350 7 9 0.026377771 
896 479 12 15 0.026361234 
409 359 8 10 0.026308939 
614 466 18 23 0.026237763 
777 389 7 9 0.026231382 
805 356 8 11 0.026179394 
781 332 8 11 0.02612086 
832 424 16 22 0.02608042 
721 375 7 10 0.026075162 
783 495 11 13 0.02604232 
943 573 11 14 0.026020147 
681 516 10 14 0.025998024 
769 359 8 9 0.025984883 
1013 385 10 14 0.02597081 
408 287 7 9 0.025954941 
686 439 10 11 0.025953453 
431 360 8 9 0.025947474 
969 349 9 11 0.025853014 
913 413 10 13 0.025850568 
487 305 8 9 0.02583462 
1005 629 19 31 0.02580707 
400 345 8 9 0.025780158 
688 383 7 9 0.025778022 
442 311 7 9 0.025734233 
919 558 12 14 0.025713868 
719 537 12 14 0.02563494 
125 299 427 423 0.025603397 
384 248 7 9 0.025603324 
703 447 8 10 0.025592158 
465 239 8 10 0.025570584 
829 545 11 16 0.025536336 
721 366 8 9 0.025491754 
743 335 8 10 0.025477681 
735 328 7 9 0.025426123 
592 305 8 9 0.025366725 
1001 384 9 11 0.025335915 
725 271 8 10 0.02529581 
871 471 8 10 0.025250465 
831 387 10 12 0.025239175 
732 532 10 13 0.025234139 
913 365 9 11 0.025207626 
862 270 8 9 0.02519569 
967 302 7 9 0.02518665 
974 367 8 10 0.02517625 
867 343 7 10 0.025117878 
989 293 8 10 0.025105488 
293 254 7 10 0.02504013 
792 539 12 15 0.02501654 
737 544 18 22 0.02501286 
896 421 10 13 0.025008889 
935 312 7 9 0.024913738 
944 404 10 14 0.024846198 
971 492 11 15 0.024816267 
1001 262 9 11 0.024764283 
784 375 8 9 0.024763979 
712 408 7 9 0.02471719 
775 384 8 10 0.024715764 
686 399 8 10 0.024688616 
650 452 8 11 0.02463613 
974 349 8 10 0.024635306 
831 414 10 12 0.024629325 
802 422 8 10 0.0246053 
416 238 8 10 0.024576472 
705 534 9 12 0.02456126 
991 424 9 11 0.024560496 
974 392 9 12 0.024548309 
816 327 8 10 0.0245418 
880 248 9 10 0.024464777 
997 498 10 14 0.024458496 
343 254 8 10 0.024444563 
425 352 8 9 0.024428796 
688 464 9 12 0.024399204 
480 364 9 12 0.02436904 
793 431 7 10 0.024338722 
519 230 9 11 0.02432957 
777 460 8 11 0.024260053 
703 525 9 13 0.0242359 
753 279 7 9 0.024224807 
791 351 9 10 0.02419928 
751 470 9 11 0.02419771 
445 373 7 9 0.024160014 
510 344 7 10 0.024147771 
822 269 9 10 0.024050537 
879 315 9 11 0.024004305 
864 252 10 12 0.024001257 
698 406 7 9 0.023983467 
886 416 10 13 0.023970045 
693 326 10 12 0.023934847 
990 585 12 16 0.023929805 
432 280 7 8 0.02392324 
917 463 10 12 0.023908155 
959 337 7 9 0.023899674 
1009 374 10 12 0.023889638 
986 270 8 11 0.023870228 
708 558 10 13 0.023864945 
835 522 12 15 0.023824003 
522 304 6 9 0.023810277 
463 313 6 8 0.023800831 
750 554 10 13 0.02379088 
639 461 9 11 0.023731636 
688 414 7 9 0.02371908 
1016 454 8 12 0.023707302 
969 327 7 9 0.0236917 
857 438 10 13 0.023691049 
912 392 9 11 0.023689851 
726 392 7 9 0.023644598 
944 387 11 14 0.023617378 
673 432 7 9 0.023591923 
951 611 11 15 0.023581106 
672 416 7 9 0.023578841 
17 352 80 104 0.02355722 
335 247 8 10 0.02354646 
975 598 9 12 0.02353653 
794 293 8 9 0.023519458 
967 438 8 10 0.023518385 
422 226 8 10 0.02343881 
793 281 8 9 0.023408137 
760 288 8 9 0.023404555 
433 337 7 9 0.023401985 
950 412 10 12 0.02337253 
897 400 10 12 0.023358526 
282 253 9 12 0.023347251 
696 495 9 12 0.023338478 
457 351 8 9 0.02333279 
737 469 8 11 0.023246894 
407 239 7 9 0.023203988 
717 313 8 8 0.023169706 
448 312 6 9 0.02314055 
791 492 19 22 0.023122588 
854 424 9 11 0.02311767 
833 342 8 10 0.023109846 
945 319 7 9 0.023077672 
807 320 9 11 0.023038197 
927 332 12 14 0.023025677 
409 344 8 10 0.022946306 
864 591 19 24 0.022918833 
320 260 9 11 0.022913454 
741 500 11 12 0.022896463 
661 453 10 13 0.022896346 
708 583 14 16 0.02288945 
994 670 16 23 0.02287679 
806 367 7 10 0.02281791 
752 374 8 10 0.022813268 
592 264 8 10 0.022797951 
692 474 11 13 0.022786364 
776 304 7 9 0.022730604 
970 645 19 28 0.022695983 
960 460 11 13 0.022621773 
360 311 7 9 0.02259384 
479 207 9 11 0.022593718 
702 374 7 10 0.02258859 
855 463 8 10 0.022523347 
999 526 12 15 0.022421068 
935 343 8 10 0.022367507 
919 274 11 12 0.02233348 
856 391 9 11 0.02228377 
883 596 12 16 0.022262182 
823 445 9 13 0.022241917 
336 270 9 12 0.02224115 
545 336 6 9 0.022167128 
766 312 8 10 0.022158591 
895 489 12 16 0.02211865 
969 343 8 10 0.022046499 
999 323 9 11 0.022014309 
650 448 8 10 0.021986816 
847 439 9 12 0.021982385 
393 232 8 10 0.021974986 
680 512 9 12 0.021963654 
783 350 7 9 0.021951733 
720 526 19 23 0.021950912 
770 351 7 9 0.021934247 
951 487 9 13 0.021909676 
825 279 8 10 0.021898761 
696 366 8 10 0.021897363 
809 310 8 9 0.021882942 
896 332 9 12 0.021850683 
681 400 8 10 0.021839008 
864 470 8 11 0.021823736 
941 596 14 18 0.021741036 
996 584 19 23 0.021706086 
553 321 8 10 0.021705115 
671 465 18 23 0.021683786 
729 287 8 9 0.021682573 
1000 399 9 12 0.021659726 
986 294 8 10 0.02159063 
295 247 7 9 0.021577645 
377 342 8 11 0.021566497 
837 374 9 11 0.021472516 
877 328 8 11 0.02145915 
696 534 9 12 0.021415915 
959 407 9 12 0.021398969 
843 581 11 15 0.021395007 
657 384 8 10 0.021370094 
961 295 7 10 0.021369256 
864 421 9 11 0.021357 
1013 278 8 11 0.021342697 
637 453 9 13 0.021335289 
765 560 14 15 0.021276148 
995 485 13 16 0.021274332 
567 312 8 10 0.02122004 
448 286 6 8 0.021193895 
947 312 7 9 0.021105211 
1006 404 9 13 0.02110409 
999 342 9 10 0.021101372 
424 239 7 10 0.021090107 
489 232 8 10 0.021066543 
850 246 8 10 0.021057637 
736 464 8 10 0.021014154 
585 478 17 19 0.021013213 
921 334 9 11 0.021008616 
711 366 7 9 0.02100463 
496 256 7 10 0.020966155 
840 231 8 10 0.02095007 
738 564 12 15 0.02093583 
928 531 11 14 0.020935692 
880 374 10 12 0.020935547 
782 485 10 11 0.020904511 
861 594 13 17 0.020887105 
672 438 8 10 0.020867927 
998 475 12 14 0.020860799 
663 375 8 10 0.020853715 
1006 342 8 9 0.02085183 
961 494 17 23 0.020812651 
949 574 11 13 0.02078217 
674 333 11 13 0.020767711 
997 432 18 24 0.0207268 
805 470 8 11 0.020718211 
825 594 12 16 0.02070916 
859 326 8 11 0.02070123 
808 297 7 9 0.02069494 
960 488 10 14 0.020684266 
417 280 6 8 0.020676082 
417 286 7 8 0.020652892 
745 288 8 9 0.02062035 
797 604 13 17 0.0205897 
931 498 11 15 0.020582873 
353 341 8 10 0.020535776 
493 519 87 110 0.020516928 
695 312 8 10 0.020516876 
945 335 8 11 0.020498978 
974 358 9 11 0.020493856 
369 238 7 10 0.02044673 
935 546 13 17 0.020443834 
772 551 20 23 0.020415021 
710 280 9 10 0.020413255 
377 295 7 10 0.02039617 
1007 514 20 27 0.020386001 
824 369 9 11 0.020384006 
793 325 8 10 0.020383269 
381 348 9 11 0.020377828 
1008 325 9 11 0.020373521 
847 231 7 9 0.0203617 
400 238 8 9 0.020274794 
726 460 9 11 0.020270783 
383 295 7 9 0.020257294 
920 304 8 10 0.02025048 
530 310 6 8 0.020229887 
929 357 7 10 0.020211486 
376 303 7 9 0.020193875 
801 326 8 9 0.020174056 
960 304 7 9 0.020137185 
336 263 7 9 0.020112298 
950 405 11 14 0.020092553 
846 303 7 10 0.02003346 
