56_Voter_peoplevoting_56_1011
24
318 406 364 468 0.9997147 
245 169 502 600 0.8426269 
517 368 373 550 0.25328413 
443 899 467 461 0.24932583 
61 309 455 575 0.19239558 
608 84 380 493 0.1840003 
639 436 413 537 0.10709928 
904 1228 109 120 0.09695757 
528 152 249 280 0.09639793 
159 89 396 523 0.086372145 
373 51 445 458 0.07912158 
-9 1194 200 192 0.068021566 
590 238 134 142 0.06739021 
606 749 365 497 0.054946404 
745 771 137 134 0.052809086 
110 1010 120 116 0.04733333 
-44 437 387 494 0.047107246 
611 274 80 91 0.039247513 
714 728 180 284 0.038394865 
-30 655 320 469 0.037220005 
419 114 53 71 0.03611717 
-79 181 478 571 0.03315165 
13 1071 220 279 0.028033664 
516 1258 50 79 0.02273547 
