56_Voter_peoplevoting_56_118
41
282 93 91 118 0.99973255 
361 13 79 99 0.99067616 
107 7 60 62 0.9661623 
568 130 53 79 0.7136704 
668 67 40 50 0.45557186 
450 -1 46 69 0.44780317 
697 120 42 60 0.4202278 
658 84 64 86 0.3711056 
574 96 56 84 0.35067302 
586 245 112 101 0.18930875 
227 455 61 75 0.1237795 
72 417 109 102 0.08946511 
109 122 43 62 0.08681228 
813 -3 58 49 0.084257655 
590 82 88 112 0.076358095 
988 338 35 69 0.06659986 
525 223 187 220 0.055299815 
423 -10 69 103 0.04997315 
554 99 52 93 0.049964875 
435 154 323 403 0.04124151 
587 136 60 88 0.040817574 
247 441 87 101 0.039004184 
801 9 54 59 0.037425812 
943 424 86 158 0.037115697 
793 29 49 60 0.03557587 
843 -4 67 55 0.031616528 
525 21 33 39 0.03134065 
211 464 98 109 0.028027343 
911 14 117 181 0.027406123 
3 310 201 216 0.02694427 
404 6 56 82 0.026535101 
468 14 52 72 0.02626627 
108 118 76 99 0.023818452 
88 408 200 185 0.02278855 
304 58 88 116 0.021966182 
506 20 48 62 0.021807725 
36 383 124 109 0.021662056 
543 61 104 135 0.021257259 
42 431 37 38 0.02086711 
635 241 65 72 0.020233013 
513 15 32 42 0.020015873 
