30_Surgeons_Surgeons_30_533
20
496 260 49 57 0.9968522 
822 33 26 34 0.18555424 
564 246 9 13 0.11432231 
833 207 18 21 0.076907225 
559 269 11 14 0.06519595 
852 202 24 30 0.05798796 
835 257 18 22 0.050863124 
687 9 53 71 0.04564087 
931 210 15 18 0.043138467 
707 4 32 45 0.040432133 
838 201 23 29 0.033121075 
898 185 18 21 0.029521558 
917 221 27 36 0.028526975 
859 267 13 17 0.026268093 
925 207 24 31 0.025891414 
697 162 15 18 0.024605075 
180 386 15 18 0.024486693 
552 268 12 16 0.022932455 
818 430 25 28 0.022669448 
925 221 13 16 0.021033958 
