30_Surgeons_Surgeons_30_8
18
703 137 60 75 0.9995005 
589 188 63 78 0.99928397 
303 183 60 78 0.999035 
411 171 69 92 0.99517524 
893 336 29 38 0.067484364 
89 335 7 8 0.038766414 
1011 580 14 23 0.037365224 
470 135 103 103 0.032021005 
908 348 14 18 0.028706228 
965 390 11 13 0.026569234 
976 344 7 10 0.024641098 
284 451 51 52 0.024549738 
374 547 54 55 0.024095241 
494 225 14 16 0.023442129 
976 326 8 11 0.022297388 
445 108 94 113 0.022120778 
568 449 10 13 0.022058802 
997 404 12 17 0.020607661 
