30_Surgeons_Surgeons_30_552
25
212 260 29 41 0.96133727 
386 226 28 33 0.9199786 
395 220 28 34 0.052145485 
86 451 13 17 0.046601035 
412 353 15 18 0.04656619 
249 311 10 13 0.039632622 
725 277 11 14 0.039200306 
204 259 17 25 0.037465133 
511 506 32 38 0.034686718 
203 272 49 58 0.033330005 
197 260 29 38 0.03233863 
410 229 17 23 0.029372111 
398 356 13 19 0.028949957 
401 348 24 28 0.028917845 
407 214 13 15 0.028799493 
221 372 203 241 0.028791426 
306 393 197 229 0.028699236 
976 577 47 78 0.027904687 
235 327 18 21 0.024227483 
247 315 14 17 0.023132093 
365 378 13 16 0.022984555 
324 7 15 18 0.021818273 
404 218 17 23 0.021274887 
528 72 212 320 0.020729523 
223 322 31 34 0.020359783 
