30_Surgeons_Surgeons_30_256
21
321 440 142 154 0.9918138 
430 45 121 116 0.98783094 
658 470 143 140 0.8708378 
688 194 146 128 0.38856122 
343 292 133 134 0.2727062 
266 259 188 138 0.11504758 
666 126 208 236 0.09461058 
328 265 197 254 0.066463456 
255 238 131 99 0.05688247 
785 119 58 58 0.042808987 
766 107 92 108 0.039918788 
507 204 72 71 0.03885916 
596 99 432 427 0.02940536 
722 206 27 36 0.027576134 
387 80 385 413 0.0260428 
697 226 86 70 0.025874713 
19 36 175 183 0.025721874 
681 491 87 84 0.02217988 
387 319 82 85 0.020904073 
467 384 66 73 0.020659655 
31 10 114 121 0.020217825 
