30_Surgeons_Surgeons_30_554
46
853 223 52 64 0.9505912 
767 217 41 49 0.86866647 
515 232 31 41 0.802942 
61 0 289 275 0.60881627 
660 335 99 102 0.5837464 
43 283 49 55 0.494163 
263 474 15 21 0.3595225 
209 228 61 76 0.2609465 
394 248 23 31 0.15712571 
910 584 110 137 0.10233134 
377 259 15 18 0.07470497 
873 242 40 47 0.06890978 
58 274 59 71 0.06100742 
641 340 71 78 0.060859863 
412 460 34 54 0.057895795 
274 473 16 18 0.045720216 
173 210 86 105 0.043741714 
37 303 38 41 0.042923965 
153 216 56 67 0.039776947 
203 225 30 53 0.03942776 
370 255 24 29 0.039060283 
185 10 162 176 0.038721684 
725 342 55 67 0.038598914 
294 474 48 50 0.036733426 
338 261 51 54 0.035940867 
29 19 195 168 0.034715727 
363 264 15 17 0.033979382 
391 255 17 21 0.03303587 
317 470 13 15 0.032251813 
38 290 33 36 0.02962772 
354 256 31 34 0.0277767 
775 201 55 70 0.027446372 
950 358 44 45 0.02684138 
130 245 52 66 0.026343767 
631 372 110 137 0.025453547 
440 488 36 40 0.024735667 
457 483 32 38 0.024713011 
226 209 54 70 0.023456363 
422 476 36 46 0.022999506 
325 282 17 17 0.02273646 
486 230 47 50 0.02234166 
422 455 46 53 0.021688757 
330 277 19 20 0.021579932 
889 265 33 41 0.02152324 
30 315 33 38 0.021046516 
890 260 19 25 0.020417314 
