30_Surgeons_Surgeons_30_95
68
763 223 59 91 0.993316 
561 160 39 46 0.929299 
597 202 61 61 0.9069784 
357 196 57 66 0.5500279 
742 620 47 41 0.42260513 
573 168 42 55 0.22228728 
626 191 58 58 0.13028137 
317 171 49 63 0.11860338 
763 598 58 54 0.1139053 
448 402 53 56 0.07490775 
375 182 49 63 0.066215046 
648 181 48 57 0.06539093 
96 366 10 13 0.0610675 
167 185 15 22 0.061031934 
464 72 50 45 0.060533267 
207 28 115 119 0.059977036 
238 6 117 108 0.0592765 
331 194 58 69 0.052498855 
791 228 66 81 0.05142354 
45 634 42 46 0.04772532 
31 355 10 16 0.04755917 
215 189 9 13 0.046805967 
18 337 15 20 0.04665629 
803 227 96 112 0.043989614 
211 329 13 18 0.043947753 
588 181 39 48 0.0437935 
473 411 47 54 0.04335446 
34 451 12 15 0.04261182 
831 434 128 164 0.040222205 
742 593 96 83 0.03890244 
731 196 29 32 0.036001988 
795 543 46 63 0.03566746 
168 167 8 11 0.034946844 
29 342 10 15 0.034249 
762 120 16 22 0.033647686 
89 366 8 11 0.03232983 
422 386 57 59 0.031397536 
114 322 13 18 0.03024039 
472 71 28 30 0.02936742 
9 330 26 31 0.029233305 
163 238 11 14 0.027932888 
834 166 19 21 0.027301827 
786 586 56 61 0.02699145 
254 189 10 13 0.026991302 
312 167 34 47 0.026771653 
39 291 475 522 0.026114156 
426 403 17 21 0.0260797 
417 395 32 37 0.025442498 
758 632 39 40 0.025218243 
0 319 39 54 0.025036622 
740 203 17 17 0.024791537 
10 623 46 49 0.024588214 
180 188 11 14 0.024569133 
180 180 12 15 0.024511976 
331 0 38 26 0.024200307 
679 239 416 436 0.023856593 
569 150 26 34 0.023638282 
39 374 10 13 0.023565566 
182 156 25 28 0.023335269 
45 643 14 20 0.02276343 
578 111 13 17 0.022682372 
751 246 8 12 0.02249006 
182 170 13 16 0.022364816 
872 195 12 16 0.022192292 
81 367 8 10 0.021600181 
68 366 10 12 0.021016102 
301 186 11 15 0.020892527 
15 311 202 261 0.020842457 
