30_Surgeons_Surgeons_30_525
27
615 99 70 81 0.99849474 
440 76 84 112 0.9983853 
187 159 115 166 0.98909736 
80 240 141 125 0.80633414 
329 195 30 35 0.68828577 
112 180 166 173 0.42651066 
-2 225 63 118 0.26508367 
288 283 66 91 0.16991876 
692 340 18 23 0.12696396 
264 289 39 58 0.11474952 
435 414 64 55 0.08935588 
778 340 22 26 0.08405404 
231 214 98 149 0.07297162 
820 446 27 36 0.065838076 
21 226 103 121 0.04274911 
402 399 117 106 0.042306814 
465 411 38 35 0.039529186 
127 2 112 99 0.035825636 
771 426 46 54 0.03492789 
812 437 48 58 0.02851838 
431 414 42 38 0.02576749 
331 213 19 24 0.022586074 
663 347 32 36 0.022298891 
628 355 38 41 0.022283588 
550 395 138 111 0.022195749 
997 492 27 53 0.021325408 
668 341 45 51 0.020144189 
