30_Surgeons_Surgeons_30_122
23
277 302 37 46 0.9189465 
526 295 34 36 0.7973552 
255 265 28 45 0.72304285 
129 311 40 53 0.44966888 
850 433 36 34 0.24945785 
741 279 33 35 0.10025646 
218 271 33 41 0.07856809 
105 326 43 48 0.06973248 
729 268 23 33 0.055828393 
502 348 33 38 0.053706497 
812 410 42 52 0.045640666 
304 340 45 70 0.036651902 
231 269 40 47 0.03531666 
967 425 57 66 0.03256388 
832 418 47 44 0.02965223 
860 544 34 38 0.02825247 
266 268 15 22 0.027711552 
149 311 35 55 0.024565939 
196 350 48 58 0.02429378 
926 370 46 56 0.024039634 
270 291 74 102 0.021715354 
849 451 37 37 0.02094141 
264 274 41 58 0.020784756 
