53_Raid_policeraid_53_686
18
373 309 63 81 0.9994861 
632 305 56 84 0.99807215 
160 224 81 113 0.99033374 
786 156 50 99 0.5808416 
797 157 79 109 0.0924424 
677 308 45 67 0.05958791 
829 136 69 101 0.036590934 
151 110 58 71 0.03596979 
41 634 41 62 0.030833198 
470 64 12 15 0.030646976 
552 66 15 17 0.0294826 
793 106 66 89 0.025862249 
532 303 16 22 0.02444239 
539 300 15 21 0.024336394 
521 294 22 31 0.02388425 
160 93 38 43 0.023381723 
1000 466 12 18 0.022336643 
502 140 28 32 0.021802813 
