53_Raid_policeraid_53_858
56
292 222 25 34 0.99861634 
113 218 56 71 0.99798054 
829 127 46 62 0.9793571 
410 245 22 27 0.97548395 
51 215 22 29 0.96340996 
494 141 40 54 0.33294937 
357 221 20 27 0.14330466 
46 431 29 44 0.11955541 
519 184 38 49 0.11630735 
59 215 25 32 0.11404881 
507 159 43 54 0.11151344 
726 144 35 50 0.090668514 
739 158 30 39 0.076599225 
733 134 26 36 0.07434406 
99 186 32 34 0.07433161 
547 200 42 48 0.06750748 
363 274 16 21 0.065396436 
179 230 48 63 0.061480135 
236 528 62 89 0.059700992 
188 518 14 17 0.055808317 
380 216 14 19 0.05331445 
925 58 54 91 0.052314058 
56 423 23 39 0.048624326 
44 217 39 49 0.04543379 
75 216 15 21 0.043686323 
372 217 15 20 0.043083996 
361 192 14 20 0.04301319 
193 496 91 133 0.040223535 
445 425 16 22 0.039936326 
107 196 48 61 0.037367858 
37 420 33 42 0.036338758 
330 124 106 134 0.03549449 
733 158 17 29 0.034715 
649 379 36 49 0.031795032 
90 179 26 33 0.031041564 
386 213 13 17 0.0309368 
869 142 18 22 0.030750545 
123 188 15 17 0.030233748 
458 232 30 41 0.029572496 
56 433 44 56 0.029378412 
278 126 10 14 0.028610313 
90 443 37 53 0.028189253 
197 97 11 15 0.027549213 
531 180 49 58 0.027199654 
17 78 10 13 0.02644071 
828 330 89 140 0.026032355 
32 233 41 53 0.025903173 
405 232 35 46 0.025763169 
193 245 52 57 0.025037376 
77 208 24 33 0.02375124 
207 162 12 16 0.023516994 
18 443 28 35 0.022933846 
556 195 54 67 0.02263553 
425 278 25 36 0.02172889 
90 197 33 39 0.021566741 
20 62 9 11 0.020537866 
