53_Raid_policeraid_53_256
49
572 120 72 75 0.99065804 
644 87 65 76 0.97454935 
970 93 46 67 0.9385646 
835 126 43 74 0.9069449 
91 36 38 66 0.621668 
795 241 29 47 0.15901645 
380 103 48 60 0.15040246 
830 190 26 40 0.14571846 
751 55 22 31 0.1421239 
757 201 34 38 0.112723015 
623 99 59 66 0.10499981 
406 77 33 37 0.092666306 
929 128 50 68 0.09216906 
951 112 45 66 0.07480223 
377 100 24 40 0.05295712 
811 131 50 73 0.04739269 
647 545 28 28 0.045800943 
663 3 28 28 0.042114247 
391 82 50 59 0.041633416 
751 190 29 38 0.040187165 
991 101 36 60 0.03987684 
748 138 43 57 0.037777252 
152 271 10 13 0.032048065 
708 134 46 62 0.030248964 
746 50 37 52 0.0300776 
535 104 49 67 0.029954858 
510 33 58 75 0.029156167 
764 146 53 60 0.028996885 
418 65 49 56 0.028874522 
396 96 62 67 0.028122814 
345 358 32 36 0.028071603 
811 197 43 53 0.027637286 
432 98 54 61 0.026571564 
823 246 47 61 0.02646246 
29 35 42 64 0.02644927 
366 280 25 31 0.025832448 
777 226 41 56 0.025521977 
810 170 43 59 0.02428622 
332 352 16 19 0.023396028 
455 102 51 69 0.022668539 
829 91 15 21 0.022508001 
822 90 15 20 0.022209967 
841 203 16 25 0.021392573 
402 58 80 93 0.02139084 
819 85 26 32 0.020960135 
788 261 29 48 0.02080464 
885 122 81 94 0.02067689 
447 78 49 63 0.020128148 
280 381 44 63 0.020097904 
