53_Raid_policeraid_53_770
61
196 56 56 77 0.9972516 
394 92 55 75 0.99599177 
17 267 11 15 0.24354072 
828 211 44 51 0.16231368 
914 206 9 11 0.15094396 
702 202 8 10 0.10322479 
776 174 7 10 0.08621716 
712 190 8 9 0.06950516 
896 212 38 51 0.061823227 
741 207 8 9 0.0550963 
782 175 8 10 0.050145883 
761 216 7 8 0.04638146 
352 159 11 15 0.043659452 
912 201 10 12 0.04288852 
849 150 10 13 0.0418915 
125 168 93 107 0.041410655 
808 167 8 10 0.041224487 
812 378 56 65 0.04064711 
826 148 9 13 0.039902244 
667 320 36 46 0.035362333 
734 179 9 11 0.03519627 
673 185 8 10 0.033895727 
768 133 8 11 0.033389613 
812 167 9 11 0.032588452 
849 218 48 56 0.031759985 
29 260 11 15 0.031577066 
743 241 8 10 0.031376418 
711 185 8 9 0.031312894 
773 207 8 9 0.031190915 
554 182 9 12 0.030675368 
179 304 17 20 0.028797789 
15 181 13 16 0.028725598 
902 198 9 11 0.028697103 
40 259 16 20 0.028456753 
769 168 7 10 0.027625835 
768 174 8 10 0.027482592 
778 224 7 10 0.02706172 
768 216 6 8 0.026830716 
751 206 8 9 0.026718834 
847 208 33 39 0.025990568 
660 176 9 10 0.025706692 
736 224 9 10 0.025279973 
779 113 12 16 0.025212219 
849 118 28 36 0.025103707 
777 229 7 10 0.024687333 
751 200 9 9 0.02440173 
761 174 8 11 0.024308916 
908 235 14 18 0.024075134 
698 200 9 11 0.02357992 
13 261 20 24 0.022592036 
881 251 14 19 0.022083819 
777 143 7 9 0.021616237 
750 245 8 10 0.021390228 
666 159 9 11 0.02137567 
774 169 8 11 0.020885337 
553 175 8 9 0.0207733 
729 192 9 10 0.020610414 
36 327 27 32 0.02032871 
742 397 10 11 0.020098403 
769 199 9 11 0.02003838 
815 286 11 12 0.02001126 
