53_Raid_policeraid_53_445
78
531 274 108 142 0.9999417 
119 166 44 55 0.9883753 
764 160 40 50 0.9842234 
368 132 48 57 0.9832023 
214 198 42 54 0.9752084 
509 188 40 48 0.97016263 
976 155 38 51 0.9660652 
423 160 36 48 0.92562664 
822 132 45 54 0.895505 
64 182 41 51 0.89368534 
615 145 45 59 0.8481366 
217 275 34 41 0.66702116 
305 200 37 48 0.61924297 
439 159 36 43 0.39958385 
328 250 42 51 0.39337033 
946 159 27 37 0.3895192 
19 425 59 83 0.1642383 
838 106 16 19 0.15218464 
415 249 37 45 0.115596265 
717 179 30 38 0.090358295 
772 268 23 33 0.084219545 
0 117 43 75 0.07685525 
836 111 24 30 0.07596954 
108 617 32 36 0.07046603 
568 94 17 22 0.069636576 
139 149 25 31 0.06711446 
255 198 34 44 0.059311643 
292 401 25 32 0.057442293 
130 542 34 45 0.05291692 
550 130 25 32 0.0513219 
540 132 25 32 0.051244307 
284 202 40 53 0.050445035 
321 181 42 54 0.050306536 
-1 240 21 33 0.047618505 
840 388 41 37 0.044248473 
85 293 29 35 0.044229295 
826 101 46 58 0.044206385 
100 622 51 46 0.041621648 
317 222 45 55 0.040636756 
840 90 25 30 0.039682172 
233 195 43 53 0.038378134 
110 88 14 19 0.038157023 
830 100 25 31 0.037969545 
319 359 17 24 0.0355405 
119 223 364 435 0.0354416 
273 242 43 57 0.03439717 
108 625 18 22 0.034108452 
657 126 32 41 0.03368001 
497 250 35 49 0.033452082 
157 290 39 48 0.03316365 
393 142 45 56 0.03216848 
281 286 29 39 0.031234777 
223 294 23 27 0.030159092 
469 98 24 33 0.03007095 
36 423 40 46 0.029872248 
716 557 60 74 0.029241169 
597 91 16 18 0.028693175 
978 147 29 37 0.027935917 
591 106 24 30 0.025131077 
470 222 25 32 0.024308963 
204 183 42 55 0.024243928 
956 155 35 50 0.024075266 
335 165 45 57 0.023290252 
301 370 169 239 0.023150142 
308 238 93 110 0.022922717 
296 253 25 37 0.022244897 
814 261 37 52 0.022122024 
538 98 18 24 0.021886095 
372 197 40 46 0.021806607 
522 179 29 40 0.021800732 
754 250 47 63 0.021761738 
86 630 16 23 0.0210403 
302 267 50 62 0.020942857 
25 70 16 22 0.02077079 
509 99 17 23 0.020746378 
389 115 25 35 0.020616667 
894 217 45 54 0.0202607 
146 551 34 41 0.02025292 
