53_Raid_policeraid_53_107
22
230 98 33 44 0.9960759 
853 306 39 34 0.52749544 
868 299 29 33 0.1982954 
425 242 90 105 0.16496758 
139 116 12 15 0.14788885 
512 292 12 15 0.08687199 
240 85 26 38 0.08074327 
360 320 38 49 0.051466323 
927 594 44 47 0.045669038 
834 421 53 42 0.04408976 
535 272 46 60 0.042979427 
149 116 10 12 0.037895653 
761 424 16 17 0.031237632 
209 110 32 34 0.030400058 
508 281 21 29 0.02872114 
250 85 16 23 0.02855648 
573 301 10 14 0.028439457 
295 422 12 15 0.027208515 
617 436 12 16 0.026881762 
153 114 8 10 0.025353273 
993 319 11 13 0.023370963 
881 292 25 34 0.023112664 
