53_Raid_policeraid_53_54
36
643 172 61 82 0.9987375 
354 169 36 41 0.9954266 
668 131 24 30 0.35338122 
172 171 30 32 0.34792036 
125 176 27 31 0.32392862 
137 184 16 19 0.17661767 
187 160 23 36 0.16225359 
149 164 23 32 0.14240244 
51 168 33 38 0.12770297 
68 169 31 33 0.107385956 
133 167 27 35 0.06585103 
171 188 29 32 0.06059564 
310 179 13 18 0.05802915 
148 185 11 16 0.054820843 
642 99 14 18 0.054768953 
300 284 25 31 0.039292954 
297 187 24 29 0.036396414 
539 475 14 21 0.032464042 
284 327 13 16 0.032195166 
35 169 31 37 0.031627562 
162 177 20 22 0.031398777 
198 149 23 38 0.031031173 
169 181 21 22 0.030826772 
853 682 15 18 0.027136404 
127 153 26 34 0.026935898 
171 201 30 37 0.0266957 
670 118 13 16 0.02649407 
120 180 14 16 0.026487807 
623 77 12 15 0.024972603 
658 127 43 50 0.024844395 
745 538 30 31 0.023747044 
61 176 15 19 0.023023939 
676 157 405 480 0.022682332 
196 272 15 20 0.022391804 
665 116 26 34 0.02052039 
652 101 13 16 0.020044327 
