53_Raid_policeraid_53_696
132
554 254 21 29 0.77366865 
421 219 23 31 0.6602253 
452 245 22 27 0.56671864 
345 224 24 30 0.5574557 
162 112 33 40 0.5199525 
863 267 25 29 0.49680167 
269 204 25 31 0.41663066 
369 235 23 28 0.37623706 
270 330 120 163 0.34734118 
493 247 21 27 0.3055268 
371 221 23 27 0.2590866 
196 364 15 19 0.22074267 
559 244 23 28 0.21906838 
437 282 27 33 0.20862892 
648 270 20 23 0.189738 
123 223 19 22 0.1896122 
869 280 19 22 0.18794067 
533 346 26 28 0.17851272 
350 196 14 16 0.14660387 
415 228 23 31 0.13334818 
776 250 37 43 0.11948786 
67 336 31 40 0.118256144 
193 212 33 41 0.11675123 
217 395 16 21 0.11437558 
668 358 24 30 0.11375219 
459 397 23 31 0.1132934 
816 34 49 59 0.111637056 
361 222 23 28 0.10555344 
517 281 17 23 0.10168318 
850 23 18 23 0.10114371 
832 285 24 29 0.09946637 
892 281 16 22 0.09548252 
339 207 14 17 0.09365448 
841 26 28 37 0.07727191 
790 175 34 38 0.07717005 
167 108 50 58 0.07284599 
259 187 42 50 0.07092836 
59 257 30 33 0.064251214 
348 210 14 17 0.057168268 
40 331 23 32 0.05304951 
882 282 23 29 0.052756682 
187 187 52 69 0.051800363 
673 273 33 35 0.051730692 
613 278 26 27 0.0492777 
132 371 59 80 0.04926167 
539 257 22 29 0.048947286 
980 7 42 71 0.047822453 
441 278 18 22 0.047165234 
831 15 29 37 0.04625342 
811 271 44 53 0.045650464 
789 442 15 21 0.043596335 
155 124 49 59 0.043143604 
790 15 91 110 0.043087006 
67 244 32 39 0.04308334 
174 158 61 78 0.043061256 
442 294 31 38 0.041022245 
784 252 50 55 0.040992502 
825 0 27 31 0.03811772 
560 350 48 66 0.03774435 
863 249 30 38 0.037697 
333 359 22 33 0.037407074 
930 242 47 57 0.037357032 
721 0 19 17 0.036216132 
810 39 34 42 0.035651736 
427 212 19 23 0.035502397 
899 54 17 20 0.03539941 
230 401 13 17 0.03531697 
121 225 29 35 0.035237923 
791 226 15 18 0.03401058 
769 219 31 34 0.03396239 
909 248 44 53 0.03372934 
730 245 30 34 0.033649825 
350 207 21 27 0.033626504 
387 227 15 20 0.03329135 
848 276 26 32 0.033264853 
772 233 36 45 0.032811433 
354 393 16 19 0.032595392 
593 302 19 22 0.031937674 
262 303 32 40 0.0317663 
345 200 19 24 0.031421624 
862 263 18 22 0.030688694 
302 357 68 96 0.030542754 
868 284 27 33 0.03045098 
717 459 13 16 0.030269457 
664 340 37 44 0.03025064 
353 203 16 19 0.030221296 
540 345 47 60 0.029661149 
47 322 39 52 0.029282417 
842 360 25 30 0.028539553 
809 247 32 42 0.028244115 
798 221 27 29 0.026463367 
792 176 20 23 0.026134506 
783 58 27 32 0.02611202 
214 349 11 14 0.025652261 
254 272 36 45 0.025378304 
785 274 32 39 0.025262306 
86 387 47 60 0.025100721 
929 260 26 35 0.024855189 
781 233 84 103 0.024833607 
360 211 22 26 0.024730245 
805 181 31 38 0.024587998 
876 274 38 51 0.024245756 
893 264 27 33 0.024098307 
411 103 411 411 0.023878185 
950 236 54 67 0.023849534 
548 242 24 32 0.023651034 
732 234 46 54 0.02363405 
783 224 30 30 0.02351057 
846 256 40 51 0.023291765 
491 259 18 23 0.023201615 
459 240 15 18 0.023193482 
498 239 15 17 0.023165107 
156 143 60 75 0.023050595 
906 0 27 24 0.022765165 
531 262 22 27 0.02237437 
738 261 19 22 0.022116598 
240 367 8 11 0.022011025 
426 226 27 34 0.021968266 
899 0 19 18 0.02194588 
246 374 9 11 0.021579774 
811 48 18 22 0.021440253 
845 273 15 18 0.021414356 
803 217 50 60 0.021314638 
809 225 29 35 0.021266237 
248 368 8 10 0.0208853 
504 253 16 23 0.020870024 
191 339 14 18 0.020855466 
541 284 13 18 0.02081105 
894 44 27 35 0.020757005 
815 224 17 20 0.020510461 
782 422 10 14 0.020324819 
74 354 19 25 0.020056114 
