53_Raid_policeraid_53_805
28
407 184 38 42 0.99953616 
189 215 28 38 0.9971124 
590 167 25 30 0.4042117 
486 162 39 53 0.36939123 
774 175 11 15 0.2130202 
583 164 19 30 0.125885 
296 217 37 40 0.12383347 
602 163 27 34 0.10397844 
687 194 24 27 0.05235324 
204 207 24 40 0.041987702 
703 471 31 38 0.04170855 
498 186 19 24 0.039045013 
219 210 14 23 0.03610214 
771 172 21 27 0.036083713 
704 441 29 39 0.03474785 
365 181 24 33 0.034453638 
612 153 23 36 0.03315 
315 220 28 33 0.032188054 
561 381 26 37 0.032130804 
181 191 45 61 0.02977618 
570 229 47 72 0.029226778 
334 222 15 23 0.028305141 
490 169 17 23 0.027868247 
575 155 19 34 0.027695447 
573 63 12 16 0.026472602 
481 180 32 46 0.025155446 
564 387 15 23 0.023230443 
437 171 28 38 0.020391148 
