53_Raid_policeraid_53_597
39
456 178 220 293 0.9999522 
49 175 43 59 0.24541558 
636 731 106 130 0.2182005 
267 817 229 277 0.1832971 
991 806 22 29 0.09935911 
431 864 18 22 0.08142464 
188 636 358 507 0.07790734 
260 470 12 16 0.07689786 
575 670 161 241 0.07661995 
714 791 17 21 0.067986436 
877 680 99 135 0.06732397 
252 497 16 20 0.045028623 
175 547 26 32 0.04089668 
529 961 106 92 0.039951053 
530 109 50 63 0.039887942 
-2 870 27 52 0.03767897 
212 497 12 16 0.036892284 
251 505 15 21 0.034880593 
512 -43 402 515 0.034499835 
660 648 406 409 0.034299504 
919 722 60 84 0.032566037 
704 350 18 22 0.030348357 
399 687 364 476 0.028725963 
794 770 118 147 0.02772301 
225 337 14 19 0.027126677 
755 732 200 227 0.02645462 
285 867 138 160 0.02633464 
245 498 15 19 0.024019804 
597 1007 54 64 0.02259404 
259 494 16 21 0.022113558 
1003 789 20 32 0.021927506 
237 511 15 19 0.02154162 
946 793 16 24 0.021540394 
833 701 108 130 0.021516256 
226 162 14 19 0.020991761 
998 751 26 37 0.02092092 
449 889 53 80 0.02086307 
685 1065 17 17 0.020787772 
25 905 25 33 0.020088768 
