53_Raid_policeraid_53_92
41
712 261 28 38 0.99920064 
644 288 27 34 0.99306583 
501 224 32 50 0.9855399 
296 479 10 13 0.080997206 
468 291 29 34 0.06470227 
397 218 12 15 0.053303912 
587 236 11 14 0.05001357 
397 228 11 14 0.0498739 
745 315 13 16 0.0498409 
108 236 14 17 0.048788987 
135 221 8 11 0.04860131 
544 303 11 13 0.042927265 
244 438 9 12 0.03996431 
737 344 50 46 0.039514758 
587 287 13 16 0.038790792 
410 201 26 31 0.038743902 
273 474 13 16 0.0356977 
38 417 43 58 0.035278015 
400 206 26 32 0.034529768 
482 217 32 38 0.034507826 
374 416 10 12 0.032913897 
473 224 30 37 0.03261684 
706 320 18 21 0.027970877 
544 274 12 14 0.02719918 
406 201 17 21 0.02638697 
312 479 9 12 0.026287723 
15 271 9 12 0.025623057 
608 261 12 16 0.024253901 
636 294 20 23 0.024081979 
632 296 13 18 0.023847809 
584 232 11 13 0.023381231 
391 210 24 28 0.023140183 
424 202 16 20 0.023085803 
136 260 9 13 0.022733698 
263 487 9 11 0.022107268 
293 455 12 15 0.022052875 
358 207 26 31 0.021633463 
301 484 9 11 0.02147809 
396 236 12 16 0.021019911 
682 367 16 20 0.020052431 
531 217 12 16 0.020015853 
