53_Raid_policeraid_53_340
20
555 114 50 56 0.99547595 
461 45 38 47 0.9920997 
903 53 24 29 0.13037504 
631 137 50 61 0.084909864 
384 171 18 24 0.058506776 
479 205 35 30 0.053950943 
419 167 22 31 0.04306224 
154 392 59 59 0.04090533 
596 112 16 21 0.03439212 
606 426 494 392 0.03386732 
601 150 26 36 0.031482905 
67 223 16 18 0.029059945 
907 46 16 21 0.027552646 
-65 192 406 431 0.026420007 
616 151 97 107 0.023140442 
461 195 52 59 0.02272843 
573 315 16 18 0.022461405 
494 211 21 20 0.021631414 
662 178 105 104 0.021025976 
585 109 31 38 0.020844413 
