53_Raid_policeraid_53_543
62
582 193 94 117 0.9990269 
730 227 49 62 0.98039997 
163 162 22 29 0.9472261 
-3 177 41 89 0.93692833 
78 260 40 48 0.9121306 
531 285 19 23 0.8209567 
393 255 29 39 0.76097625 
485 290 21 25 0.7029615 
50 165 20 24 0.6757899 
791 230 46 69 0.6156379 
218 233 26 39 0.23708865 
89 197 15 19 0.178437 
542 345 13 16 0.10904702 
522 283 20 26 0.09740465 
22 168 48 72 0.09522458 
449 284 22 27 0.08150251 
461 292 13 18 0.07074515 
768 223 49 68 0.06800965 
546 288 13 17 0.062419277 
294 282 13 17 0.05916894 
535 342 13 17 0.058087 
368 194 14 21 0.057823177 
390 193 15 20 0.052117176 
715 236 39 45 0.04789528 
540 340 23 28 0.046181884 
550 308 12 16 0.041686784 
558 283 15 17 0.040292725 
928 276 57 57 0.03552675 
40 179 49 62 0.035007857 
1007 257 15 19 0.033404253 
83 200 25 29 0.03313441 
68 186 43 50 0.03164606 
939 636 61 58 0.030150995 
1002 232 21 28 0.028158575 
465 295 15 20 0.027895344 
266 185 16 19 0.02784384 
141 214 11 15 0.027458899 
384 197 23 32 0.027458783 
951 243 29 28 0.027390476 
375 255 36 38 0.027179446 
792 225 27 49 0.0269364 
498 291 14 20 0.026599629 
557 412 14 18 0.02595421 
498 626 15 17 0.025290247 
523 330 39 47 0.025129316 
320 179 11 16 0.025098223 
671 208 34 52 0.024472082 
520 357 13 15 0.024360975 
969 246 19 23 0.023880756 
153 298 29 34 0.023720073 
163 409 62 77 0.023514649 
953 658 31 32 0.023443399 
556 291 23 31 0.022802329 
325 177 12 16 0.022163633 
520 331 23 33 0.021832231 
519 279 14 18 0.02179108 
924 247 22 28 0.021236679 
276 275 11 14 0.021181565 
194 415 48 70 0.021057503 
301 266 13 15 0.020745628 
551 307 25 31 0.020561123 
139 280 47 59 0.020284202 
