53_Raid_policeraid_53_854
38
844 390 28 33 0.96991897 
707 280 17 22 0.21219431 
413 672 12 14 0.1612723 
825 524 76 57 0.12627688 
730 226 30 38 0.09246388 
598 264 28 50 0.06927496 
796 549 12 17 0.0681785 
626 279 32 32 0.064969 
699 525 18 20 0.062875226 
821 100 10 13 0.060479872 
812 404 13 17 0.04302901 
816 529 119 87 0.039666433 
724 219 47 65 0.038625233 
822 532 38 35 0.03825611 
596 583 28 39 0.036820684 
689 528 29 30 0.03553142 
713 539 15 18 0.030497229 
615 271 31 38 0.030477135 
874 588 39 37 0.030024644 
814 537 239 284 0.02867597 
647 268 27 33 0.02768773 
677 527 50 57 0.027381554 
848 502 65 68 0.02708204 
702 532 25 28 0.027049035 
816 95 11 14 0.026656602 
445 258 13 18 0.0266399 
695 265 39 51 0.025905374 
866 393 16 21 0.025564104 
681 538 30 37 0.02441218 
806 188 13 17 0.022712419 
828 392 31 32 0.022370541 
812 398 23 28 0.02217431 
590 560 32 43 0.022040995 
824 270 28 37 0.022021417 
578 316 14 15 0.021561213 
695 282 13 17 0.021454092 
873 423 24 27 0.020841628 
547 355 17 23 0.02083665 
