53_Raid_policeraid_53_212
36
883 88 50 81 0.9996068 
486 89 56 66 0.99889684 
620 94 49 69 0.99567574 
287 310 43 63 0.995379 
639 330 65 67 0.9220713 
344 128 23 27 0.8844014 
228 88 29 55 0.590319 
906 247 60 66 0.2150354 
551 513 26 32 0.16653106 
646 139 50 62 0.13689727 
738 138 15 20 0.13476333 
820 182 18 19 0.1085224 
637 103 53 71 0.074930735 
384 309 34 42 0.053883996 
728 130 29 37 0.05004353 
575 105 49 64 0.043249715 
549 60 41 54 0.041960396 
958 442 15 21 0.039247908 
918 23 47 56 0.03662181 
365 303 42 59 0.035370782 
422 220 41 54 0.03358888 
655 354 64 70 0.032531098 
238 95 47 56 0.031807058 
865 418 26 30 0.029473241 
340 198 37 55 0.02881368 
191 159 11 15 0.028155414 
937 92 42 67 0.02653183 
329 117 36 48 0.026304204 
453 196 29 41 0.025994057 
610 61 52 76 0.025732392 
700 112 46 58 0.025267323 
331 311 43 59 0.023630206 
814 171 29 33 0.023430048 
807 165 46 56 0.022670742 
648 329 35 49 0.021961873 
185 163 12 17 0.020454573 
