53_Raid_policeraid_53_599
123
354 306 29 34 0.9974917 
137 139 65 112 0.9905415 
243 328 25 28 0.97613573 
835 268 15 21 0.97368556 
821 309 18 24 0.9695439 
582 267 16 21 0.910956 
640 329 17 23 0.90445906 
622 264 16 22 0.9030196 
506 295 23 27 0.8728572 
853 297 15 20 0.78621054 
458 293 24 29 0.6655988 
720 240 12 17 0.6257534 
666 257 14 16 0.61750644 
877 283 10 12 0.43185484 
524 276 14 18 0.382676 
483 284 17 21 0.30050194 
472 289 20 25 0.2998461 
454 302 26 34 0.22244844 
884 331 15 21 0.19659922 
684 323 11 16 0.19012433 
572 236 16 24 0.14841332 
778 364 27 33 0.14496109 
891 297 13 17 0.12721561 
872 307 16 19 0.11860841 
750 273 14 18 0.11834541 
543 201 12 15 0.11677141 
598 276 12 17 0.115394905 
876 337 17 20 0.098966084 
96 527 17 21 0.09257628 
704 315 13 17 0.09191025 
813 375 15 21 0.084411666 
515 331 16 22 0.0827763 
518 269 14 19 0.08133729 
753 375 27 39 0.07964183 
561 221 25 38 0.0690639 
675 260 13 17 0.067514226 
512 253 12 16 0.06312878 
706 321 14 16 0.059841607 
869 319 16 17 0.05811716 
78 177 86 99 0.056942463 
678 303 11 13 0.056874797 
655 271 13 17 0.05564767 
119 474 100 138 0.053309184 
540 222 24 34 0.052945543 
876 301 14 16 0.051603563 
996 123 14 20 0.05149549 
529 277 16 22 0.051055066 
442 307 26 33 0.049398012 
862 270 10 13 0.048957784 
661 267 13 17 0.04820367 
743 369 25 36 0.047497302 
539 209 16 19 0.045924548 
871 278 13 16 0.04521552 
988 307 27 34 0.044690397 
871 321 22 26 0.04435636 
690 321 13 17 0.043480642 
762 365 38 46 0.043094564 
678 285 11 14 0.04279443 
500 291 17 24 0.04172418 
668 285 11 15 0.04158346 
521 235 11 16 0.041142635 
668 263 15 19 0.040595844 
734 362 21 32 0.040018626 
918 134 11 14 0.036139578 
497 283 14 20 0.03597721 
531 220 23 32 0.03568541 
877 302 20 26 0.035266124 
863 275 13 16 0.03443742 
231 523 25 35 0.034245335 
516 284 21 29 0.033579584 
231 590 49 74 0.033205938 
792 369 16 22 0.033086944 
844 329 13 16 0.033025365 
890 327 20 28 0.032189775 
755 331 16 18 0.03217766 
540 206 23 31 0.031741478 
533 219 14 21 0.031098433 
525 233 12 18 0.03083996 
884 313 14 16 0.03061518 
774 329 13 17 0.03014739 
623 300 12 14 0.029757258 
882 283 12 16 0.029629989 
517 277 17 23 0.029179426 
597 305 16 19 0.029067118 
678 316 15 18 0.028833205 
732 357 16 22 0.028418977 
32 307 37 43 0.027795963 
467 285 15 22 0.027341664 
260 389 26 32 0.027029032 
481 336 18 19 0.027012764 
630 405 19 19 0.026385717 
252 372 25 28 0.026164355 
596 309 22 26 0.026115622 
540 199 20 24 0.026000215 
535 211 12 16 0.025716161 
847 301 16 21 0.025591237 
475 294 26 32 0.025549514 
800 367 20 29 0.025539603 
859 282 19 25 0.025377158 
517 244 11 15 0.025199573 
705 310 23 27 0.024738843 
540 237 17 22 0.024708122 
512 255 20 26 0.024659747 
750 334 22 25 0.024654621 
329 370 30 38 0.024575213 
679 327 13 17 0.024473358 
620 253 15 18 0.024287246 
117 519 18 19 0.024102842 
397 380 27 30 0.023683552 
724 234 11 14 0.023228994 
682 261 13 18 0.022794679 
728 316 13 15 0.022590699 
455 290 18 22 0.022548854 
779 346 27 33 0.02227592 
501 349 15 18 0.022119189 
522 325 15 19 0.02193926 
742 275 15 17 0.021792479 
853 332 11 14 0.021659868 
453 366 43 51 0.021213958 
669 333 12 14 0.020979142 
694 309 11 16 0.020751925 
862 315 40 50 0.020425634 
660 279 21 26 0.020177796 
