53_Raid_policeraid_53_368
132
822 70 102 133 0.9998394 
758 148 32 37 0.9965215 
549 134 32 43 0.9912477 
59 100 12 15 0.7079251 
30 111 16 20 0.65273714 
214 99 13 16 0.4762273 
208 100 13 16 0.2070401 
285 392 14 17 0.18378471 
719 146 14 18 0.17733751 
326 386 14 18 0.14652279 
56 96 12 14 0.12713446 
395 414 19 22 0.11752446 
361 121 11 15 0.116718136 
492 393 13 16 0.11606518 
302 116 11 13 0.115436964 
66 100 11 15 0.08632666 
557 400 13 16 0.084782176 
678 137 11 15 0.07906361 
515 433 17 20 0.07799352 
452 416 14 17 0.074052066 
395 448 22 27 0.07010064 
314 393 15 19 0.06976246 
510 423 15 20 0.065749794 
446 147 11 15 0.058992293 
464 446 13 16 0.05829158 
468 448 14 18 0.0572157 
451 444 12 17 0.055039696 
386 458 15 19 0.054671586 
329 393 14 18 0.050249044 
282 400 17 21 0.049826477 
48 134 11 15 0.04926625 
602 292 15 18 0.048073933 
261 449 17 19 0.04737456 
424 183 11 13 0.047359824 
512 257 86 100 0.046114944 
318 388 13 17 0.04480509 
24 122 11 14 0.044702817 
334 301 11 15 0.043714397 
278 390 14 17 0.043587673 
459 457 15 18 0.042267434 
498 395 11 15 0.04201271 
439 145 13 16 0.040728316 
471 420 11 13 0.04057421 
275 420 17 20 0.040557843 
552 395 12 18 0.04027367 
316 411 16 18 0.040109493 
476 451 12 16 0.03995974 
562 129 32 40 0.03912107 
411 444 14 18 0.037864827 
344 358 10 13 0.03623404 
516 448 16 19 0.035834353 
358 116 20 25 0.03500642 
434 372 9 10 0.034501422 
447 178 11 14 0.03449807 
596 315 16 20 0.0339604 
423 206 10 13 0.03384622 
316 196 24 29 0.033357244 
299 118 16 20 0.033280317 
564 398 13 16 0.03309556 
219 95 13 17 0.033024937 
253 450 15 18 0.03301236 
495 442 12 16 0.03229711 
459 418 12 15 0.03172598 
318 434 15 18 0.03149829 
614 553 40 40 0.031443223 
0 137 20 26 0.031239418 
709 142 13 17 0.03031766 
597 291 25 32 0.030098507 
476 475 15 19 0.02933426 
487 389 14 18 0.029241595 
424 508 10 12 0.029186986 
328 378 20 23 0.028808406 
710 140 22 28 0.028490437 
407 238 10 13 0.02795293 
382 463 14 20 0.027893156 
355 142 17 22 0.027786598 
388 154 12 14 0.027755924 
508 436 22 28 0.027699132 
453 154 15 20 0.027641874 
453 465 13 17 0.026814653 
520 428 17 20 0.026379114 
470 508 14 16 0.026187528 
278 409 15 19 0.026181804 
413 158 11 14 0.02603687 
52 138 14 16 0.02550213 
502 484 13 17 0.02545154 
638 227 12 14 0.025445815 
630 233 30 40 0.025263764 
588 467 23 25 0.025158172 
349 174 13 16 0.025123958 
396 404 16 19 0.025018059 
4 133 14 17 0.02479304 
427 188 11 12 0.024603924 
398 246 8 10 0.024463085 
407 197 12 15 0.024254555 
452 451 14 16 0.024132876 
549 388 12 18 0.023983702 
478 421 9 14 0.02385866 
557 389 13 19 0.023571901 
438 475 14 14 0.023533374 
441 414 10 13 0.023508351 
460 152 14 21 0.023369655 
458 485 13 16 0.023353172 
391 198 11 15 0.0233129 
255 442 14 18 0.023227356 
606 219 49 60 0.023000719 
437 368 9 11 0.022944268 
69 121 13 15 0.0228461 
336 295 10 13 0.022280082 
566 262 12 14 0.02220551 
85 133 11 15 0.022173028 
521 442 16 18 0.022077618 
437 510 10 11 0.022050247 
495 438 23 28 0.021911854 
383 150 13 17 0.021784639 
536 425 12 17 0.021664795 
318 397 22 26 0.021644434 
307 670 17 18 0.021490281 
317 417 25 30 0.02140197 
501 435 13 18 0.021339001 
446 153 15 19 0.021272007 
523 451 27 31 0.021223135 
309 400 14 18 0.020962505 
559 393 21 27 0.020906879 
383 212 10 12 0.020878347 
13 125 11 15 0.020816935 
447 438 13 16 0.020716244 
446 415 12 15 0.02069512 
337 287 9 11 0.020675262 
517 288 29 47 0.02059501 
333 228 14 18 0.020454926 
537 235 107 112 0.020128878 
