53_Raid_policeraid_53_207
101
478 159 24 41 0.71135765 
121 113 27 33 0.10727594 
327 272 7 10 0.10054078 
311 294 9 11 0.08147015 
322 271 7 10 0.081147134 
949 51 10 12 0.06663058 
748 34 25 27 0.06303827 
280 262 9 11 0.06270678 
312 335 8 10 0.059825994 
126 121 15 19 0.058498368 
279 377 8 10 0.05641295 
312 313 9 10 0.05622344 
318 289 7 9 0.051129293 
313 428 9 11 0.048108224 
304 373 8 9 0.048103355 
312 288 9 10 0.04738068 
318 428 8 10 0.04661969 
498 163 23 32 0.04652974 
264 311 8 9 0.046124328 
408 350 13 16 0.046051018 
863 28 12 18 0.045970727 
775 54 10 13 0.045367993 
298 304 7 9 0.044198543 
320 349 8 10 0.042459 
295 385 7 10 0.042314 
431 198 12 14 0.04227757 
280 257 9 10 0.040139705 
311 409 7 9 0.039305937 
288 343 9 10 0.03762015 
321 302 7 9 0.036573205 
296 352 8 9 0.036484007 
565 455 13 18 0.036352985 
306 295 8 9 0.036195815 
312 360 8 11 0.036190607 
264 375 8 10 0.036106307 
280 288 8 10 0.035863988 
256 366 10 11 0.03462769 
303 367 9 11 0.03394018 
297 335 8 10 0.0325696 
386 240 9 11 0.032093972 
297 286 7 9 0.031493403 
129 399 7 9 0.031090494 
298 278 9 11 0.030701943 
439 194 13 17 0.030538544 
255 341 8 10 0.029490134 
303 384 8 10 0.029368255 
936 96 8 10 0.02924699 
295 359 9 10 0.029233297 
1 408 7 11 0.028829772 
298 326 9 11 0.02878832 
257 358 9 10 0.028498914 
234 48 9 11 0.027968246 
256 337 9 10 0.027817115 
287 290 7 9 0.027783427 
278 335 10 11 0.02764854 
279 381 7 10 0.027619097 
225 352 7 10 0.027535472 
144 46 8 12 0.027276015 
328 295 7 9 0.026929993 
289 384 9 10 0.026824953 
413 170 16 20 0.026707835 
317 294 8 11 0.02646604 
425 206 11 13 0.026246477 
415 161 25 30 0.026005596 
263 354 8 10 0.02587394 
408 316 13 17 0.025715852 
297 402 7 8 0.025494147 
286 391 9 11 0.024705928 
223 401 8 10 0.024657682 
296 310 8 9 0.02456467 
617 279 9 11 0.024074461 
312 270 8 11 0.02362698 
5 408 8 11 0.02361556 
127 417 7 9 0.023154631 
135 95 10 12 0.023153983 
516 277 12 15 0.02308508 
255 352 9 10 0.02304481 
318 333 7 10 0.02302962 
303 264 7 9 0.022791889 
309 191 10 12 0.022742754 
286 257 8 10 0.022617003 
303 319 8 11 0.022534247 
303 287 7 9 0.022509255 
215 389 7 9 0.022414071 
272 364 9 11 0.022195391 
312 298 10 12 0.02211235 
280 424 8 10 0.021939324 
32 408 9 10 0.021906685 
528 316 12 15 0.021775058 
225 357 9 11 0.021732815 
787 48 14 16 0.021642467 
161 55 8 10 0.021454124 
280 328 8 10 0.021252023 
311 278 8 9 0.021186264 
223 405 7 10 0.021161301 
297 406 8 10 0.020840399 
297 263 8 11 0.02065738 
462 164 29 35 0.020638509 
302 335 8 11 0.02043081 
279 318 8 9 0.02041941 
438 184 24 30 0.020021735 
