36_Football_Football_36_138
236
131 53 26 37 0.9985744 
881 86 27 36 0.99183404 
644 218 21 27 0.9915766 
749 131 20 26 0.95808905 
406 216 23 29 0.90992373 
539 230 16 26 0.88966787 
499 314 16 19 0.8328505 
290 81 22 35 0.81541777 
520 204 10 14 0.7609253 
557 200 12 16 0.73972744 
709 184 15 18 0.5640503 
980 74 14 17 0.54549325 
89 24 9 11 0.4549437 
667 120 14 17 0.43596706 
679 196 13 17 0.4267408 
389 190 11 14 0.40987533 
452 194 15 19 0.39196283 
283 74 22 28 0.3576585 
285 157 31 31 0.35308367 
681 100 17 21 0.2983933 
567 195 11 15 0.27963984 
755 225 23 29 0.27960238 
861 78 9 13 0.25609592 
469 212 12 14 0.2431156 
924 89 13 18 0.24082133 
678 85 12 15 0.20687334 
448 203 11 15 0.17443468 
405 336 14 21 0.16471805 
441 181 10 11 0.16373585 
735 154 14 18 0.14401834 
385 187 11 14 0.12923403 
469 259 12 14 0.12870967 
677 91 15 19 0.12800603 
448 187 13 17 0.12709507 
356 227 11 15 0.120884754 
420 208 15 20 0.11451795 
445 183 11 14 0.10596437 
970 153 15 23 0.098723106 
626 309 12 15 0.098148815 
168 18 12 15 0.09485274 
865 180 16 19 0.0920253 
86 37 9 12 0.09186628 
41 23 9 11 0.09037398 
590 210 12 16 0.086235926 
112 23 10 11 0.08206879 
493 184 8 10 0.08021656 
957 129 26 32 0.076580115 
351 189 9 12 0.073028415 
572 191 11 16 0.07207416 
323 203 11 16 0.072040096 
372 146 22 28 0.07075236 
514 203 12 16 0.06803342 
529 224 20 30 0.06739851 
528 221 12 17 0.066346034 
942 128 14 16 0.06615208 
261 85 23 31 0.06550894 
735 203 15 19 0.063001655 
74 20 8 10 0.062754095 
747 182 12 15 0.061776575 
741 76 10 14 0.060982 
509 183 10 11 0.060188003 
684 116 12 15 0.05970147 
461 202 14 18 0.059604034 
448 300 10 14 0.059177928 
649 279 14 18 0.05851311 
599 250 14 18 0.05785704 
506 190 9 11 0.05569162 
631 245 13 18 0.05403162 
525 211 10 14 0.05401913 
85 45 11 13 0.052976437 
490 186 10 13 0.05289929 
928 79 12 14 0.052432586 
112 38 10 13 0.052273456 
582 211 14 17 0.051807746 
506 182 8 10 0.051417887 
336 32 10 12 0.050900135 
748 118 13 15 0.05020843 
116 36 11 14 0.050120793 
459 308 14 17 0.049910884 
505 308 17 21 0.04736326 
539 303 15 19 0.047139715 
56 20 11 12 0.046741977 
743 55 9 13 0.045015324 
531 225 35 44 0.04470542 
528 301 11 15 0.044297926 
558 192 10 13 0.043820225 
247 17 12 14 0.043709554 
365 227 11 14 0.043372564 
254 18 12 15 0.04334289 
827 132 13 18 0.04330011 
839 148 14 17 0.042991117 
739 195 15 17 0.04267926 
701 164 14 17 0.042653896 
573 212 13 16 0.042573143 
708 174 15 20 0.042243294 
671 200 16 19 0.0417823 
429 193 14 16 0.04113876 
445 209 11 15 0.040451843 
277 73 19 22 0.040443875 
116 29 11 14 0.04030501 
866 174 14 16 0.040296145 
543 203 11 13 0.040150415 
836 142 23 28 0.040058326 
972 133 13 17 0.039815303 
407 339 22 28 0.039224125 
604 257 14 17 0.038694598 
583 205 12 15 0.038659636 
929 91 16 19 0.03811347 
81 39 10 11 0.038096696 
440 218 12 15 0.037914895 
465 257 11 13 0.037598066 
532 304 13 18 0.03759314 
563 201 13 17 0.037497684 
741 177 20 26 0.03728242 
668 261 13 16 0.036507677 
352 198 9 12 0.03625946 
529 259 11 15 0.035725854 
518 199 16 23 0.035670277 
759 90 14 17 0.03521079 
755 117 13 15 0.03498379 
949 127 11 15 0.034964006 
477 268 10 13 0.03493369 
361 141 22 28 0.034864586 
475 212 11 15 0.034566663 
673 120 14 17 0.034514967 
527 332 10 14 0.034421094 
400 332 13 21 0.034364425 
967 135 25 29 0.03433371 
965 132 14 20 0.034160778 
671 101 21 26 0.0341349 
669 268 14 17 0.03341519 
405 205 16 17 0.033372987 
690 104 13 17 0.0330836 
278 21 9 11 0.03307035 
605 267 13 17 0.03297366 
744 80 10 15 0.0328103 
149 47 13 16 0.03246888 
809 155 9 13 0.032466963 
410 206 22 26 0.032072574 
748 54 9 12 0.031568095 
837 264 16 17 0.030940104 
328 19 9 12 0.030887056 
407 267 11 13 0.030735405 
372 223 9 12 0.03056063 
275 82 26 32 0.030323712 
393 194 13 16 0.030186782 
747 84 12 14 0.030149741 
267 74 25 30 0.02985516 
106 39 9 12 0.029681275 
833 126 24 31 0.029561553 
516 188 11 14 0.029293213 
237 23 9 11 0.02928599 
471 241 13 17 0.029239144 
437 190 20 26 0.029099189 
78 22 9 10 0.028427837 
566 210 13 16 0.028320773 
438 186 14 17 0.028204948 
934 115 14 18 0.027822949 
259 19 13 15 0.027714673 
440 227 11 15 0.027604284 
928 100 24 27 0.027516874 
579 217 15 20 0.027488844 
232 24 11 12 0.027485339 
677 116 12 15 0.027475303 
511 198 11 15 0.027238423 
518 184 9 10 0.02711596 
858 191 18 21 0.027082738 
373 161 16 18 0.02678576 
742 122 16 19 0.026711956 
451 183 14 17 0.026541015 
476 200 9 12 0.026528837 
411 348 27 28 0.026326085 
270 18 11 13 0.026053727 
452 291 13 19 0.025856178 
523 200 10 14 0.025730371 
646 300 12 15 0.025613379 
903 130 42 51 0.025494654 
671 92 14 17 0.025481485 
413 353 15 18 0.025250943 
463 254 21 24 0.025124522 
937 98 16 19 0.024959456 
505 196 10 12 0.024943907 
596 257 14 18 0.024832116 
979 134 12 16 0.024795158 
631 302 11 14 0.024369841 
758 196 11 15 0.02423516 
822 122 22 29 0.024102395 
387 283 13 14 0.023949413 
425 204 15 20 0.023895849 
555 205 16 20 0.023612993 
386 189 18 22 0.023447873 
832 155 12 15 0.023435982 
339 35 12 13 0.023404714 
440 235 10 15 0.023366403 
376 171 11 13 0.023332205 
461 288 15 20 0.023315584 
596 207 11 14 0.023314074 
628 225 13 17 0.023289774 
352 221 19 25 0.023242969 
134 22 10 11 0.023195483 
769 251 13 17 0.023189235 
863 181 26 30 0.023163669 
666 33 445 501 0.023093466 
548 306 14 17 0.023051113 
367 245 10 13 0.022980563 
783 168 10 12 0.022968594 
593 261 10 15 0.022591228 
408 191 11 13 0.022580653 
966 125 12 16 0.022416037 
462 274 14 16 0.022239944 
469 286 15 20 0.022235973 
111 29 22 27 0.02169529 
919 94 15 20 0.02161863 
446 198 23 28 0.021586854 
476 288 13 18 0.02156826 
468 265 14 16 0.021567302 
740 68 12 17 0.021505207 
514 306 14 19 0.021454789 
376 185 12 16 0.02134163 
439 297 13 17 0.021334102 
857 73 18 24 0.02129352 
748 173 12 16 0.02106844 
568 198 21 26 0.021009848 
400 220 15 20 0.02098961 
40 27 9 12 0.020911464 
639 279 22 28 0.020900076 
561 206 22 27 0.020880083 
357 145 15 19 0.020737646 
149 27 11 13 0.020718887 
935 127 14 18 0.02066966 
438 255 11 14 0.020488948 
638 307 12 15 0.020457009 
417 357 29 31 0.020414326 
943 124 25 28 0.020316705 
445 177 11 13 0.020305952 
90 45 11 14 0.020108301 
