36_Football_americanfootball_ball_36_126
76
52 132 42 56 0.63324827 
780 95 38 42 0.4082486 
691 93 42 50 0.37382174 
925 57 29 51 0.25882536 
332 161 48 74 0.25617632 
792 87 33 37 0.21388593 
780 116 32 39 0.21308404 
331 319 19 21 0.15175064 
664 211 29 34 0.14489913 
1010 505 13 19 0.13702941 
963 58 43 59 0.11948568 
690 78 35 44 0.115908794 
203 171 65 64 0.08737943 
946 31 29 31 0.07329309 
674 74 30 39 0.07250202 
506 289 38 40 0.072227344 
340 149 34 50 0.06930484 
705 77 19 23 0.06524053 
123 191 26 30 0.06109886 
785 130 19 23 0.05308977 
646 218 33 39 0.052802 
670 218 41 49 0.049086947 
709 102 33 44 0.04816472 
203 149 52 58 0.042213634 
926 162 35 36 0.041533243 
612 279 57 55 0.037418444 
131 188 16 20 0.037406284 
974 55 28 40 0.036982454 
920 134 14 18 0.036681682 
808 95 17 22 0.03494697 
694 68 28 35 0.0344565 
38 117 26 34 0.034082543 
11 264 15 25 0.03345241 
645 227 13 15 0.033178072 
329 305 30 38 0.032587264 
595 261 60 59 0.032545008 
725 108 32 43 0.03207059 
111 191 43 51 0.029865835 
543 213 206 246 0.029696852 
34 190 25 31 0.029641017 
710 126 35 40 0.029559186 
917 133 23 32 0.029541653 
201 133 44 50 0.02933254 
526 312 39 41 0.029317563 
950 36 15 18 0.02924133 
678 87 38 46 0.02877539 
268 123 12 15 0.027708117 
326 191 42 52 0.026934292 
464 496 27 30 0.02595831 
772 101 25 34 0.025529185 
518 290 49 50 0.025380488 
571 247 60 54 0.025188124 
937 143 36 47 0.024774654 
980 111 43 68 0.024617862 
932 55 48 67 0.02461441 
536 285 56 56 0.023727989 
22 199 27 29 0.023723066 
966 88 49 67 0.023519186 
789 127 30 38 0.023361113 
635 216 30 34 0.023337571 
76 292 32 53 0.023160467 
10 172 42 49 0.02292387 
742 105 25 36 0.022543717 
38 115 73 94 0.022500558 
564 279 63 58 0.022431891 
0 406 21 47 0.0223033 
686 244 34 37 0.022021623 
41 124 36 48 0.021927573 
767 107 12 19 0.021476027 
714 76 15 21 0.021390583 
748 115 14 20 0.021243388 
67 146 37 46 0.020960767 
7 231 12 16 0.020920694 
320 163 39 50 0.020668138 
694 115 33 45 0.02016003 
946 119 45 64 0.020007767 
