36_Football_americanfootball_ball_36_510
33
573 142 68 77 0.9949877 
161 33 65 81 0.36302853 
968 74 42 58 0.31512636 
390 86 42 55 0.29899427 
564 28 48 65 0.26186126 
495 29 43 53 0.13865937 
104 39 105 100 0.0986418 
240 345 51 63 0.08450906 
203 13 35 45 0.08178167 
879 9 54 77 0.08156493 
391 110 44 55 0.07790217 
857 113 50 58 0.07396092 
954 86 40 52 0.06495218 
284 76 40 55 0.06412546 
1 0 37 47 0.054497685 
178 12 61 72 0.05409517 
908 44 53 74 0.050556093 
925 86 40 55 0.041391 
710 0 27 21 0.036812212 
571 17 36 45 0.035975315 
862 572 15 19 0.035679765 
467 230 86 100 0.034806967 
351 86 47 59 0.032348678 
81 -4 159 186 0.031069504 
900 0 82 102 0.0297028 
970 32 49 81 0.027749078 
870 32 38 56 0.026039066 
187 56 59 75 0.024029458 
-97 325 393 433 0.023598822 
639 170 13 17 0.02302099 
245 56 16 22 0.020817308 
781 1 31 35 0.020760404 
634 497 31 32 0.020105807 
