36_Football_Football_36_194
45
826 238 17 20 0.99529546 
421 219 16 21 0.99209857 
453 255 22 32 0.9782307 
455 189 13 17 0.9680971 
69 191 11 15 0.92273575 
557 296 22 27 0.9007268 
988 137 12 14 0.73229057 
404 147 11 13 0.4122202 
568 298 20 21 0.18676047 
408 562 21 35 0.17683244 
430 269 17 21 0.10588588 
445 260 22 34 0.05883908 
981 223 7 10 0.05263203 
415 175 8 10 0.051873248 
396 175 10 13 0.04988068 
742 137 11 14 0.049354777 
380 184 10 12 0.048240196 
78 216 10 12 0.043866623 
701 134 8 10 0.04292583 
436 279 14 21 0.042761646 
375 549 22 34 0.042513676 
846 372 9 11 0.034981895 
854 294 11 15 0.030470982 
824 348 16 19 0.03044359 
437 238 12 13 0.029348075 
405 558 17 24 0.029235998 
434 257 16 22 0.02857533 
408 174 9 12 0.028425472 
411 285 25 29 0.028377028 
534 483 12 17 0.027935864 
393 547 26 31 0.027338907 
392 182 9 11 0.02708308 
553 296 15 22 0.026685739 
74 299 12 16 0.025454957 
481 259 15 21 0.024948042 
552 168 10 12 0.024624424 
427 279 17 22 0.024373481 
398 573 27 31 0.02294051 
472 264 18 21 0.022747684 
76 226 12 14 0.022679651 
443 247 23 31 0.022628019 
81 183 8 10 0.02228536 
976 173 9 13 0.02134444 
438 245 12 16 0.021218201 
570 166 9 11 0.020742819 
