36_Football_americanfootball_ball_36_257
70
629 135 52 70 0.99954575 
430 196 61 74 0.9995296 
72 226 68 88 0.9993999 
503 214 34 45 0.9989825 
100 169 56 70 0.9986981 
865 160 82 110 0.9956915 
287 169 57 67 0.98526996 
58 181 30 39 0.98330796 
989 253 28 44 0.9266843 
386 193 33 51 0.89528507 
431 169 36 41 0.6588422 
190 180 24 33 0.3176881 
416 12 24 30 0.2855079 
765 181 84 120 0.22486472 
906 35 50 67 0.21181853 
660 609 35 39 0.15208644 
992 159 26 37 0.13300918 
185 133 16 21 0.09095257 
0 180 30 50 0.07285187 
0 160 12 18 0.07161704 
754 204 56 74 0.069779575 
822 175 88 119 0.066679664 
589 89 17 22 0.064225055 
188 175 41 60 0.06339173 
912 11 78 103 0.06258968 
963 55 55 68 0.060993977 
33 171 44 59 0.060560144 
566 94 43 66 0.05966766 
974 139 41 56 0.058816746 
361 177 48 63 0.05737758 
424 183 34 46 0.057147298 
385 -1 26 23 0.052982047 
740 352 50 57 0.052482132 
528 37 27 31 0.045431733 
968 101 29 36 0.038801342 
32 136 9 11 0.038258024 
756 222 32 43 0.03498184 
251 171 16 20 0.034882575 
936 64 87 113 0.033568908 
490 196 28 33 0.032628134 
234 171 43 59 0.031772047 
317 162 51 70 0.031481143 
275 183 41 41 0.031425882 
70 178 34 42 0.030855393 
294 130 67 94 0.029159794 
250 165 27 34 0.028719472 
418 27 29 35 0.027952844 
15 143 11 13 0.02784276 
24 241 41 58 0.026453555 
265 178 32 40 0.025827326 
958 261 28 37 0.025685403 
961 122 45 58 0.025424838 
593 163 26 36 0.024132451 
220 185 46 65 0.023855684 
973 77 52 71 0.023309331 
889 39 89 118 0.023290325 
982 226 44 68 0.023192048 
744 234 53 70 0.022975711 
530 49 87 127 0.022688523 
422 42 27 30 0.022240214 
952 195 30 42 0.02223474 
488 210 33 43 0.021652564 
935 186 53 73 0.021517735 
0 379 10 15 0.021135667 
398 195 47 57 0.020983288 
21 142 9 13 0.020621665 
718 141 174 223 0.020438574 
650 591 58 64 0.02028849 
45 164 27 40 0.02025827 
187 123 18 22 0.020208726 
