36_Football_americanfootball_ball_36_81
61
169 66 63 73 0.9916447 
913 5 46 52 0.98033935 
472 41 50 55 0.95738125 
373 116 57 62 0.86069506 
284 0 33 34 0.52820104 
699 84 35 40 0.50858986 
339 41 35 35 0.34462073 
230 36 39 47 0.1624072 
578 9 23 28 0.1546028 
569 226 48 55 0.12335141 
818 132 81 128 0.11539124 
808 32 43 58 0.10741092 
883 -5 30 40 0.10494272 
623 -2 27 23 0.07255007 
592 225 37 41 0.067204356 
846 7 26 34 0.059119847 
829 101 56 71 0.057438616 
685 26 23 30 0.05420535 
338 190 18 25 0.05294476 
335 17 50 53 0.052853856 
516 126 42 53 0.050651718 
377 0 35 30 0.044987585 
638 305 54 61 0.039891243 
549 2 48 58 0.039338842 
900 455 17 22 0.03756874 
617 30 46 64 0.03721688 
888 0 43 51 0.03637227 
564 211 27 34 0.035041284 
635 -1 25 29 0.0341826 
557 207 44 61 0.03387701 
972 15 43 52 0.032682315 
682 -1 25 19 0.031769767 
349 -1 52 46 0.031408828 
89 194 52 85 0.030976446 
802 164 30 41 0.0309123 
358 134 60 69 0.02995774 
441 0 49 45 0.029637607 
158 -1 28 23 0.029423648 
607 30 29 35 0.029072866 
564 259 32 37 0.02857867 
572 44 23 28 0.028234392 
816 121 63 82 0.028167302 
994 125 16 26 0.027782444 
706 29 42 53 0.027399378 
334 44 51 55 0.026704544 
535 7 33 40 0.024873871 
581 237 54 61 0.024418218 
805 148 55 77 0.024245763 
979 0 41 49 0.024090454 
404 196 12 14 0.024046736 
335 120 30 35 0.023819158 
230 106 37 39 0.023677597 
340 113 52 59 0.022107938 
843 169 102 141 0.021660343 
571 198 54 60 0.021423282 
611 6 51 62 0.021310363 
598 200 54 61 0.021196341 
989 112 26 43 0.02104727 
806 100 54 66 0.020495418 
841 12 47 55 0.020428956 
646 28 24 32 0.020346796 
