36_Football_americanfootball_ball_36_6
191
938 153 14 17 0.9915119 
406 156 16 20 0.9864677 
610 251 16 21 0.9809312 
613 161 13 17 0.9703564 
652 160 14 19 0.9679799 
355 169 13 17 0.9623983 
300 173 14 17 0.96038485 
353 270 14 19 0.9581833 
596 216 13 17 0.9576437 
565 124 14 17 0.9406551 
251 171 14 16 0.9255432 
398 194 14 17 0.9184718 
377 217 14 18 0.91251606 
443 196 22 27 0.8909703 
492 168 15 20 0.8388092 
573 271 15 17 0.8265262 
24 152 15 18 0.78193986 
646 230 13 16 0.7807447 
969 259 13 16 0.75159997 
479 242 37 40 0.7216623 
548 221 12 15 0.53605944 
801 119 40 57 0.5294181 
994 154 13 17 0.5264319 
166 155 30 32 0.3916338 
988 222 12 16 0.38614172 
121 101 41 54 0.37395328 
451 174 11 15 0.35057062 
318 202 11 15 0.26537496 
576 198 12 16 0.2565941 
764 135 45 55 0.22859265 
250 271 15 18 0.21833888 
1014 211 9 14 0.21643598 
643 279 28 33 0.21561676 
19 188 23 28 0.1743374 
949 245 11 15 0.15169917 
287 205 10 12 0.14546156 
295 224 10 12 0.14430556 
418 312 50 62 0.13633984 
544 226 16 18 0.12752803 
990 264 9 12 0.12311339 
3 317 27 29 0.12216684 
493 194 15 18 0.12212137 
157 161 30 41 0.10986181 
1001 251 9 13 0.106236614 
957 211 12 17 0.10438624 
637 321 22 31 0.102373704 
962 203 14 18 0.09466342 
267 231 10 14 0.091895804 
647 289 16 19 0.08630909 
974 221 11 14 0.07954765 
300 244 15 18 0.07617565 
824 126 35 43 0.07276736 
602 300 17 18 0.07202426 
344 212 11 14 0.06709106 
544 215 13 16 0.06654203 
558 294 15 18 0.062953755 
546 250 13 18 0.06235019 
957 219 10 14 0.059955154 
637 257 41 48 0.058250394 
0 206 9 16 0.054713402 
777 191 56 60 0.054279123 
721 184 29 38 0.053762615 
366 201 15 20 0.05355001 
926 212 10 14 0.053478975 
324 137 12 15 0.05117716 
507 268 13 17 0.049580444 
759 169 59 66 0.048784327 
790 126 31 49 0.048296276 
574 236 11 16 0.047590554 
73 192 30 34 0.047013894 
591 164 12 17 0.046559077 
983 261 10 13 0.045339845 
746 150 51 54 0.045252535 
14 192 16 19 0.04506137 
985 244 10 14 0.044938885 
959 326 11 15 0.04470942 
714 173 28 37 0.044645105 
996 143 12 15 0.043114036 
507 202 13 17 0.043112278 
534 192 13 17 0.04283445 
229 167 11 13 0.041968178 
911 231 24 27 0.040733904 
50 284 36 42 0.040627304 
499 200 16 18 0.040436946 
840 132 26 34 0.040402103 
562 249 15 16 0.03969018 
44 189 13 17 0.039428607 
448 169 10 12 0.038843207 
989 251 10 13 0.038727757 
709 173 52 61 0.03802763 
142 170 44 60 0.03750519 
498 173 16 21 0.037420828 
677 180 10 13 0.03653408 
956 244 12 16 0.03644645 
23 198 28 31 0.036011737 
260 309 12 15 0.035944633 
321 139 10 13 0.035838217 
868 154 25 29 0.035280243 
679 175 10 13 0.034947526 
317 150 10 12 0.034862533 
0 237 10 16 0.03482829 
4 191 23 31 0.034200612 
995 191 14 18 0.034028843 
19 320 14 17 0.03327899 
723 137 13 15 0.03324572 
554 219 12 15 0.033075042 
70 165 45 53 0.03278439 
1006 258 12 15 0.03252879 
1 367 10 16 0.032433547 
415 188 12 15 0.03184064 
959 199 13 16 0.030944474 
599 276 12 14 0.03088346 
613 343 14 17 0.030780727 
938 293 10 13 0.030526996 
0 238 21 31 0.029862693 
27 318 12 14 0.029714245 
304 178 13 16 0.029622814 
1013 259 12 16 0.029187175 
76 200 17 22 0.02910648 
409 285 46 55 0.028863007 
713 171 18 21 0.02880904 
6 195 12 16 0.028323023 
490 254 32 39 0.027880788 
566 219 11 14 0.02781207 
628 323 15 20 0.027775716 
995 167 13 17 0.02761971 
144 200 35 51 0.027333489 
982 215 13 18 0.027158068 
675 189 87 102 0.02695647 
353 463 11 13 0.02689822 
272 213 10 13 0.026630614 
919 211 13 16 0.026100764 
966 217 13 16 0.025719736 
658 289 16 19 0.025386456 
548 257 13 19 0.025253123 
565 152 16 19 0.024847925 
545 215 21 25 0.024773944 
558 119 12 14 0.02467093 
420 193 13 16 0.024378184 
771 137 20 25 0.02420761 
410 218 14 18 0.02417714 
597 269 12 16 0.024101654 
2 203 14 18 0.023882607 
983 253 10 13 0.023740936 
723 157 46 57 0.023529125 
247 230 10 14 0.023288442 
673 183 11 12 0.023269948 
143 126 43 58 0.023206828 
973 212 11 16 0.02309749 
883 153 15 20 0.023092885 
899 229 26 31 0.023069553 
279 175 11 13 0.023023413 
549 267 13 20 0.022905778 
623 143 11 13 0.022719918 
505 169 14 20 0.02266411 
877 219 14 18 0.02255345 
893 153 14 20 0.022463797 
325 158 12 15 0.022332156 
710 204 27 39 0.022261284 
542 163 14 17 0.022198942 
35 186 16 20 0.022118093 
997 261 11 14 0.022101281 
268 153 13 16 0.021911174 
984 237 11 14 0.021838322 
548 228 23 27 0.021689042 
284 180 11 14 0.021636087 
296 168 11 14 0.021529915 
542 238 21 26 0.021276038 
626 309 13 14 0.021270161 
443 187 18 21 0.021260645 
136 123 31 39 0.021246051 
110 103 32 38 0.021230659 
529 196 22 30 0.021164557 
855 127 41 56 0.021105185 
355 315 24 32 0.02103028 
79 188 12 16 0.020896867 
350 325 11 13 0.02070263 
611 318 38 46 0.020668138 
873 210 27 32 0.02063424 
925 275 10 14 0.020394646 
893 243 26 34 0.020367075 
345 317 8 12 0.020298665 
955 324 22 28 0.020222776 
318 162 12 15 0.020216854 
596 260 13 17 0.0201753 
297 251 20 27 0.020148745 
591 265 13 16 0.020122081 
391 189 14 19 0.02010334 
754 114 80 97 0.0200929 
313 150 9 12 0.02007311 
299 227 11 12 0.020030886 
