36_Football_Football_36_202
24
629 180 58 64 0.99616086 
768 143 52 60 0.99334055 
471 189 58 63 0.96421903 
715 198 38 43 0.8242164 
325 186 56 71 0.71110475 
564 309 66 68 0.19190273 
572 325 39 41 0.13432865 
781 225 74 80 0.09549674 
287 233 59 76 0.087135606 
348 196 38 48 0.06204285 
482 362 420 435 0.042812012 
457 164 54 62 0.035201225 
590 290 65 63 0.031230103 
484 206 57 72 0.030530762 
280 265 54 69 0.02935442 
321 192 38 45 0.028973017 
445 177 36 46 0.028463183 
322 294 33 44 0.027907224 
453 204 59 78 0.02359465 
460 316 34 36 0.023068935 
403 345 36 35 0.022684503 
353 216 38 43 0.021882024 
358 259 14 17 0.020308545 
797 248 69 87 0.020017628 
