27_Spa_Spa_27_851
61
860 157 34 48 0.9927216 
451 143 28 43 0.99190193 
722 144 32 45 0.9373417 
475 352 22 32 0.70496434 
12 41 64 134 0.5846375 
745 144 33 38 0.20620543 
447 132 25 35 0.17667109 
546 337 15 18 0.14973052 
497 294 20 23 0.1373416 
267 275 14 15 0.10457194 
911 139 25 40 0.092230864 
529 336 14 19 0.0864583 
448 370 12 14 0.06809116 
480 140 25 37 0.060393643 
20 230 42 50 0.04652048 
544 345 14 18 0.04647494 
49 285 16 24 0.041373804 
181 353 14 16 0.04021002 
959 269 12 17 0.03971024 
448 132 13 24 0.039272908 
260 269 13 17 0.038900875 
1007 416 9 12 0.0385667 
148 335 16 19 0.038054544 
266 330 12 15 0.03610045 
1015 367 7 12 0.035332263 
185 388 11 15 0.033644963 
531 342 15 21 0.03292442 
232 303 27 32 0.03167613 
360 252 10 12 0.030611087 
140 330 19 21 0.030113142 
636 265 406 476 0.029517775 
905 151 28 43 0.027803311 
722 191 23 31 0.027271912 
516 324 11 14 0.027182652 
211 301 12 16 0.02711931 
439 216 10 12 0.027097173 
428 147 10 13 0.025894491 
675 430 35 42 0.02515209 
120 145 8 10 0.025060821 
33 85 35 67 0.024731014 
75 315 19 22 0.02356913 
397 371 12 14 0.023527248 
425 142 9 12 0.023465574 
116 396 14 18 0.022782333 
119 306 23 26 0.022670764 
429 372 10 12 0.022541862 
963 276 12 15 0.022364149 
128 387 52 60 0.022175748 
371 263 7 11 0.022131901 
329 231 9 10 0.021917095 
350 279 9 10 0.02187087 
2 24 56 96 0.021760704 
450 123 17 23 0.021149995 
124 261 13 17 0.02101467 
429 190 10 12 0.020898465 
876 138 30 42 0.020882905 
721 138 19 29 0.020747602 
493 305 24 30 0.020427467 
515 331 13 17 0.02040861 
477 350 15 19 0.020304892 
192 367 24 27 0.020198919 
