27_Spa_Spa_27_109
18
311 380 157 105 0.47765732 
431 20 421 501 0.073538415 
196 361 60 59 0.06623813 
290 266 50 74 0.05835787 
571 263 445 462 0.05712921 
189 338 95 95 0.045653105 
247 438 59 63 0.03603735 
209 554 162 185 0.034997456 
220 399 103 99 0.032076746 
210 367 94 96 0.031265914 
373 369 42 37 0.026529161 
287 -43 364 516 0.024491632 
254 306 33 38 0.02331075 
343 375 90 69 0.023143232 
237 332 31 37 0.021741636 
175 373 64 68 0.021563118 
320 340 230 222 0.021279855 
269 400 103 106 0.020000082 
