27_Spa_Spa_27_225
25
56 159 497 398 0.2759384 
278 255 230 229 0.25735277 
534 399 43 36 0.24501352 
519 382 76 63 0.13458999 
481 382 134 104 0.11035329 
431 368 239 163 0.0868942 
895 200 7 9 0.0455911 
521 405 39 35 0.04412079 
657 206 8 12 0.04287723 
626 5 45 57 0.034543086 
218 220 44 55 0.032723583 
532 402 18 20 0.029763881 
975 232 8 10 0.025956042 
969 231 8 9 0.025324117 
802 102 8 10 0.02365669 
953 176 8 9 0.022905024 
528 392 31 34 0.022585686 
925 208 8 9 0.021790856 
881 207 7 9 0.021714186 
149 241 52 57 0.021702927 
921 207 7 10 0.021555977 
942 240 8 10 0.021144567 
785 120 8 9 0.020547 
911 214 8 10 0.020533504 
808 126 8 9 0.020487258 
