27_Spa_Spa_27_768
130
336 267 53 75 0.9993055 
191 333 51 84 0.99872714 
566 244 57 84 0.9976913 
739 320 51 79 0.99485576 
967 307 8 10 0.20630632 
229 337 51 67 0.174851 
54 357 11 13 0.15084374 
964 327 8 11 0.1445821 
904 342 8 10 0.14068475 
957 320 9 10 0.12562893 
895 295 7 9 0.11920332 
898 321 8 10 0.10367793 
885 304 9 11 0.0806417 
927 321 8 9 0.07983893 
943 360 9 12 0.079785846 
880 310 9 10 0.07908637 
883 342 10 12 0.07861801 
949 404 11 14 0.070970654 
968 344 9 9 0.07043517 
895 398 8 9 0.06930251 
882 280 8 9 0.06866907 
390 792 10 11 0.06821495 
839 550 106 160 0.06426702 
20 382 11 12 0.06129713 
882 347 9 12 0.059427258 
973 343 9 10 0.059012674 
864 272 8 9 0.05885276 
854 296 7 9 0.056119308 
857 366 10 11 0.05596099 
944 384 9 10 0.054307166 
885 336 8 10 0.053981077 
910 285 10 11 0.052168738 
926 334 8 12 0.051177613 
959 344 9 10 0.050627477 
977 321 8 9 0.05058225 
76 374 12 14 0.050014228 
880 285 9 11 0.048550755 
937 333 9 11 0.046197575 
68 408 9 11 0.045289107 
895 302 9 10 0.04505703 
847 303 9 10 0.044956714 
757 290 11 14 0.04155322 
864 278 9 10 0.040924795 
901 318 9 11 0.040655844 
843 305 7 9 0.040273517 
954 326 10 12 0.03936594 
920 320 8 10 0.039357197 
22 387 10 12 0.03892789 
210 347 49 62 0.038856026 
9 390 9 12 0.038853355 
897 349 8 11 0.03785526 
872 288 8 10 0.037229214 
877 327 8 9 0.03667051 
952 332 10 11 0.03591906 
26 398 10 12 0.03554978 
984 304 8 10 0.035226703 
53 363 13 15 0.035018925 
73 419 11 13 0.034682896 
935 328 9 9 0.034423675 
984 309 8 10 0.03326756 
949 358 10 11 0.033263434 
757 280 8 10 0.03314579 
904 310 8 10 0.032821346 
885 286 8 10 0.03248853 
980 387 10 11 0.03231719 
951 311 8 9 0.031580582 
877 319 9 11 0.031488504 
895 277 8 10 0.030540496 
869 272 8 9 0.03029367 
929 326 7 9 0.030163841 
948 383 10 11 0.029936668 
879 293 7 9 0.029580353 
966 382 9 11 0.029312434 
17 376 8 9 0.029098287 
910 334 8 11 0.029077334 
857 287 8 9 0.028912129 
911 327 8 11 0.028642919 
896 336 8 9 0.028612413 
921 335 8 11 0.028285135 
881 335 8 10 0.0282437 
959 329 12 13 0.027900673 
840 288 7 9 0.027862424 
942 388 11 13 0.02751338 
838 345 8 11 0.027093414 
887 359 8 11 0.026653232 
976 326 9 10 0.026476404 
941 319 9 10 0.025997715 
25 405 10 12 0.025862956 
969 350 9 10 0.025708003 
981 335 9 10 0.025665352 
54 370 11 13 0.0253071 
935 353 8 9 0.025291508 
929 303 9 12 0.025088308 
65 412 10 13 0.024996817 
721 285 8 10 0.024678078 
13 388 11 14 0.024386356 
880 405 10 12 0.024332851 
957 350 10 12 0.02415538 
69 414 10 13 0.024149602 
825 742 146 210 0.023931785 
1009 309 11 12 0.023870034 
897 343 8 12 0.023821214 
845 307 10 12 0.023650648 
0 366 7 12 0.023566674 
903 346 10 12 0.023361223 
871 293 10 10 0.0230654 
861 311 9 11 0.022942947 
755 285 10 14 0.022893082 
15 421 10 12 0.022747297 
864 343 9 10 0.022580208 
999 373 11 13 0.022077428 
874 368 8 9 0.022038119 
911 305 8 9 0.021890892 
863 335 8 9 0.021421758 
20 377 10 11 0.021209663 
982 342 8 11 0.021152247 
782 281 9 10 0.021091146 
124 387 11 13 0.021064173 
887 319 8 11 0.021026505 
921 327 7 9 0.020832932 
991 304 10 11 0.02076089 
940 328 9 10 0.020749556 
969 357 10 12 0.020740192 
895 289 7 9 0.02061878 
44 413 11 12 0.020522688 
864 295 8 10 0.020231657 
921 341 9 11 0.02017095 
856 310 9 10 0.020097066 
1002 326 9 11 0.020074667 
960 311 9 10 0.020031393 
