37_Soccer_soccer_ball_37_28
33
725 42 33 43 0.9987123 
619 40 38 44 0.9954397 
381 103 40 48 0.99438924 
369 146 32 54 0.97302824 
559 65 24 33 0.851505 
649 487 31 42 0.25705644 
560 292 74 137 0.11352015 
419 206 26 32 0.08959418 
595 488 41 51 0.08299918 
675 199 26 37 0.07886651 
345 170 26 35 0.0626865 
787 0 21 20 0.056648184 
566 311 28 47 0.056528497 
284 207 17 23 0.052103776 
506 128 24 33 0.051724218 
563 290 49 83 0.04821656 
561 56 37 49 0.04812754 
335 180 27 33 0.04612147 
355 161 31 44 0.041470934 
874 48 16 22 0.039090164 
577 68 33 37 0.03684641 
804 47 19 23 0.03540004 
377 118 39 59 0.033896323 
521 99 28 35 0.032761537 
634 456 45 70 0.032541186 
281 202 40 51 0.031768717 
609 476 48 61 0.028379487 
537 113 441 501 0.02753395 
461 451 86 123 0.026682738 
529 83 27 32 0.026579669 
573 484 44 55 0.02295504 
330 190 27 33 0.022861348 
515 82 30 33 0.020031072 
