37_Soccer_Soccer_37_415
32
188 421 58 85 0.99891067 
519 34 69 60 0.54611963 
907 257 44 56 0.48984447 
129 181 127 173 0.21013585 
90 143 195 290 0.12542638 
5 314 55 78 0.10549989 
630 233 56 73 0.06313092 
767 239 204 225 0.059608173 
741 12 105 103 0.05193495 
554 33 33 38 0.049879782 
547 239 106 137 0.046532314 
486 34 97 100 0.044593643 
37 51 342 460 0.044095933 
817 262 59 69 0.041176192 
508 38 13 14 0.03992425 
77 245 30 39 0.039354563 
156 225 75 94 0.038845345 
470 246 212 310 0.03790004 
270 185 16 24 0.0376185 
572 30 13 16 0.03310297 
753 26 68 61 0.032222267 
761 38 35 33 0.03220706 
801 258 98 105 0.03120921 
744 252 105 132 0.02544423 
910 242 33 43 0.02329502 
235 510 29 42 0.023085233 
826 419 57 56 0.023062833 
842 260 57 63 0.021952402 
861 187 41 54 0.0218845 
509 31 10 13 0.02167308 
770 387 49 69 0.020532094 
592 100 10 13 0.020218918 
