37_Soccer_soccer_ball_37_483
19
913 79 36 42 0.99947864 
760 144 26 34 0.9994386 
206 167 28 36 0.9982304 
98 153 40 54 0.9981858 
683 146 37 46 0.9979482 
495 88 45 57 0.99577963 
407 121 36 41 0.98252213 
853 232 14 17 0.87362903 
956 281 43 35 0.24070753 
30 525 14 15 0.2293911 
994 192 25 35 0.19796124 
830 216 14 19 0.18880598 
350 326 139 169 0.028769689 
935 302 11 13 0.026151976 
638 180 23 28 0.023526153 
870 150 27 34 0.023404049 
40 281 29 33 0.021377875 
168 36 413 541 0.02136776 
833 320 9 10 0.021260753 
