37_Soccer_soccer_ball_37_238
22
758 289 25 31 0.9983789 
617 297 24 33 0.9963527 
414 248 24 30 0.9940293 
66 142 20 26 0.98502964 
778 320 28 31 0.10286874 
579 52 470 521 0.054434333 
6 322 520 565 0.047713008 
61 206 15 21 0.04113271 
754 460 25 34 0.04096535 
769 330 30 34 0.037960175 
783 331 29 28 0.036114838 
27 -29 396 513 0.032391638 
81 225 24 33 0.032332085 
731 341 13 16 0.029721066 
99 302 12 16 0.026509501 
801 354 18 22 0.025821581 
760 312 42 44 0.02500825 
784 344 31 30 0.023911383 
767 441 109 170 0.023614505 
725 338 12 14 0.021947395 
760 298 31 35 0.021786382 
749 340 14 16 0.02020087 
