37_Soccer_Soccer_37_394
43
902 91 24 32 0.9913026 
586 123 18 24 0.8475729 
517 134 13 17 0.5700493 
132 147 12 17 0.44457102 
470 131 15 25 0.4203905 
653 158 16 24 0.08722609 
432 255 11 14 0.0866429 
583 227 13 18 0.06738029 
465 136 13 20 0.06525701 
0 181 21 31 0.055497512 
521 138 14 18 0.0550491 
646 142 16 22 0.052586872 
84 626 45 51 0.048882402 
532 155 14 16 0.04452116 
584 117 14 18 0.041475203 
444 127 11 14 0.039335396 
668 136 19 31 0.03615749 
475 126 16 23 0.03555429 
904 130 12 16 0.03270716 
450 146 12 15 0.031607587 
658 165 17 22 0.030180248 
655 145 21 32 0.029905766 
2 171 16 23 0.029361982 
633 152 25 33 0.028645756 
2 163 13 18 0.028113678 
653 131 14 19 0.027314939 
676 142 12 21 0.02670017 
1 515 29 45 0.02644892 
661 125 12 15 0.025730394 
1003 441 21 33 0.02411882 
317 475 29 32 0.024033569 
250 369 25 30 0.023575293 
622 153 22 31 0.023186602 
506 114 15 18 0.02271038 
461 110 12 14 0.022670642 
524 143 14 19 0.022616664 
453 132 12 15 0.021997958 
502 101 10 13 0.021948962 
937 127 17 20 0.02170492 
439 107 9 12 0.02156818 
654 128 23 31 0.021298181 
447 176 10 14 0.020354362 
430 141 8 11 0.020044068 
