37_Soccer_soccer_ball_37_692
292
79 270 12 14 0.61697865 
23 75 8 11 0.25329474 
121 152 9 10 0.20996594 
657 260 10 12 0.20530654 
106 94 8 11 0.18074246 
575 261 10 11 0.14293003 
25 96 9 11 0.13760288 
611 343 11 14 0.13346572 
593 121 8 10 0.12568188 
85 301 12 16 0.12305873 
60 324 14 19 0.11938757 
85 93 8 11 0.11719173 
0 84 8 12 0.116099656 
590 72 8 9 0.11250699 
608 72 8 10 0.111154735 
573 257 9 11 0.11027675 
462 265 8 10 0.1101307 
42 79 8 11 0.10429301 
704 88 8 11 0.10145853 
718 95 8 11 0.100518934 
49 142 10 12 0.09908232 
253 388 13 16 0.097448766 
46 80 8 10 0.09210832 
12 139 12 14 0.08658073 
716 117 9 11 0.07672784 
685 87 7 10 0.07637694 
55 88 7 9 0.076137915 
7 85 8 11 0.071870066 
61 96 8 10 0.069629766 
57 95 7 9 0.069334224 
650 346 9 12 0.06871271 
729 111 7 9 0.06796818 
129 92 9 12 0.06588765 
250 371 15 17 0.064726636 
586 72 8 10 0.064466275 
571 342 11 15 0.061868515 
695 105 7 9 0.061353017 
72 112 9 11 0.06135181 
47 112 8 10 0.06094008 
102 119 8 10 0.060415547 
46 48 8 10 0.060296547 
93 151 8 11 0.060217287 
47 85 7 10 0.060180113 
9 104 8 9 0.057273142 
81 88 9 11 0.057048243 
78 282 13 16 0.05702089 
13 111 8 11 0.055506364 
624 152 8 10 0.05301149 
600 54 8 11 0.052871812 
66 271 8 11 0.052846976 
224 112 8 11 0.052821636 
19 149 11 14 0.05215617 
38 94 8 9 0.05210415 
55 102 8 10 0.051957693 
40 87 8 9 0.050993614 
13 116 8 10 0.050769094 
542 88 7 10 0.050748616 
14 104 8 10 0.05037619 
717 100 8 10 0.050303973 
31 61 7 9 0.049819857 
713 113 8 10 0.04857166 
569 71 7 9 0.04829334 
637 86 9 11 0.048125852 
632 63 7 9 0.04769323 
112 112 8 10 0.047129564 
117 87 9 11 0.046892203 
66 77 7 10 0.046482164 
562 87 6 9 0.046321847 
614 63 8 10 0.045501415 
607 76 8 11 0.04546796 
24 57 8 9 0.045108855 
111 88 9 11 0.045085996 
142 111 8 10 0.045048594 
42 47 8 10 0.045003295 
621 262 9 11 0.044576865 
90 323 12 17 0.043921955 
55 70 7 9 0.04390254 
104 99 10 12 0.043734353 
613 96 8 10 0.043665655 
65 149 10 14 0.042107515 
57 64 7 9 0.041351903 
72 277 9 12 0.041250646 
626 71 8 9 0.041169845 
679 56 7 9 0.041017372 
102 126 9 11 0.04089035 
14 87 8 10 0.040766235 
719 113 8 10 0.040428825 
247 399 10 12 0.0402954 
33 89 7 9 0.040109064 
273 119 8 9 0.040043164 
746 151 8 9 0.039992366 
105 142 8 10 0.03909036 
-1 93 7 12 0.03885277 
244 361 25 29 0.03884152 
138 112 8 10 0.03872578 
432 104 8 10 0.038692202 
376 121 8 10 0.03852361 
246 405 9 11 0.038227826 
17 63 7 10 0.037987705 
584 77 8 10 0.037853107 
41 112 9 11 0.037432857 
110 134 9 12 0.037205454 
30 95 8 9 0.03687482 
858 151 9 11 0.036738455 
119 111 8 9 0.036550328 
70 284 10 13 0.03653344 
752 104 7 10 0.03616436 
85 89 9 11 0.03613501 
70 149 9 13 0.036131505 
674 152 8 10 0.03600629 
86 110 9 12 0.035921063 
93 318 10 15 0.035849944 
86 317 14 18 0.035848435 
48 71 7 8 0.03578915 
824 153 8 8 0.035748556 
1007 87 8 9 0.03540993 
518 79 8 9 0.035338182 
0 157 8 12 0.035310425 
78 292 11 14 0.03467221 
727 153 9 10 0.034440752 
261 109 7 10 0.03441333 
550 77 8 10 0.034351207 
30 71 8 11 0.034006216 
618 263 7 10 0.033975378 
545 72 8 10 0.033972405 
167 112 7 10 0.033659928 
512 88 7 9 0.033594847 
65 72 7 9 0.03347327 
40 64 8 10 0.03342174 
424 119 8 10 0.033367362 
681 95 7 9 0.03308993 
76 240 12 14 0.032707166 
610 65 7 9 0.032685205 
70 79 8 10 0.03243202 
681 71 8 9 0.032390404 
53 110 9 11 0.032107547 
689 105 8 9 0.031964462 
95 103 8 10 0.031777006 
77 295 20 27 0.031772736 
246 118 8 11 0.031734593 
25 117 9 11 0.03171601 
63 63 8 9 0.031647347 
126 112 8 9 0.031460024 
616 87 7 9 0.031439785 
599 87 8 9 0.03133009 
210 102 7 9 0.03130077 
19 71 8 11 0.031277873 
1003 86 7 8 0.031158272 
62 100 8 10 0.031126413 
712 152 8 10 0.030856423 
49 96 7 9 0.030733261 
453 103 8 10 0.030506276 
601 78 7 9 0.03046826 
31 58 6 8 0.030450149 
703 55 8 10 0.030320987 
674 56 8 10 0.029951874 
105 132 9 12 0.029869555 
30 111 8 10 0.02963603 
25 110 9 10 0.029632289 
0 101 7 11 0.029426534 
573 86 8 10 0.029418321 
237 351 10 11 0.029352639 
522 103 8 10 0.029340098 
109 141 8 10 0.028984647 
697 72 8 11 0.028819846 
137 152 8 11 0.028564198 
8 136 11 14 0.02830357 
633 57 7 9 0.02822559 
40 72 8 9 0.027862318 
1013 157 8 15 0.027834 
80 116 8 10 0.027706813 
593 89 8 9 0.027689619 
698 56 7 9 0.027190741 
582 55 8 10 0.027046608 
135 157 10 11 0.027037423 
95 87 9 11 0.02696185 
0 69 7 10 0.026888102 
702 111 8 10 0.02667797 
1002 64 8 10 0.026661314 
991 77 7 9 0.026570618 
640 56 8 9 0.026549766 
646 63 8 9 0.026505249 
733 110 8 10 0.026390605 
104 90 9 10 0.026079223 
94 111 7 10 0.026049457 
265 287 502 487 0.02603446 
1001 81 7 9 0.026029598 
680 79 9 12 0.025995782 
983 96 8 9 0.025852209 
569 260 9 11 0.025837623 
17 56 8 9 0.025787313 
567 86 8 10 0.025784606 
23 62 8 9 0.025763538 
600 73 7 9 0.0256472 
680 63 8 9 0.025614712 
560 64 8 10 0.025586925 
698 94 8 10 0.025533943 
570 113 7 10 0.02545716 
662 70 8 10 0.025452923 
29 102 8 10 0.025348505 
685 79 8 11 0.025236508 
1006 63 8 11 0.025009342 
177 96 8 10 0.024983728 
633 111 8 10 0.024977772 
191 87 8 11 0.02482734 
672 79 8 10 0.024810694 
625 64 8 10 0.024685828 
814 92 9 11 0.024641046 
73 270 9 13 0.024571106 
616 56 8 10 0.024453603 
96 131 9 12 0.024440126 
151 95 7 9 0.024302429 
631 93 9 11 0.024293711 
449 110 9 11 0.024266284 
85 293 12 17 0.024100976 
33 155 11 13 0.02405934 
537 87 8 10 0.02402232 
120 105 7 9 0.023998642 
63 56 7 9 0.023950044 
22 39 9 10 0.02392799 
860 644 18 20 0.02382452 
414 110 8 10 0.02381111 
623 46 8 10 0.023810748 
50 146 12 17 0.02376455 
400 117 7 10 0.023747176 
39 102 8 10 0.023725605 
1009 162 10 13 0.023691434 
633 78 8 11 0.02356946 
649 102 8 10 0.023537638 
824 157 8 11 0.023481773 
641 71 7 10 0.023411963 
29 118 9 10 0.023406655 
638 80 9 11 0.023339072 
82 264 12 15 0.023308203 
49 102 7 9 0.0232162 
696 109 8 11 0.023178155 
617 119 7 9 0.02312151 
86 116 8 10 0.023107192 
160 94 9 11 0.023056036 
1004 130 13 15 0.02303252 
241 401 9 11 0.02296407 
666 347 9 12 0.02287172 
510 94 8 10 0.022869766 
673 63 7 9 0.02281935 
574 79 8 10 0.02280106 
18 77 8 11 0.022767726 
533 211 10 13 0.022675676 
701 72 8 10 0.022669561 
519 115 9 12 0.022650769 
472 231 7 9 0.022645183 
85 100 10 12 0.022642925 
691 151 7 10 0.02264093 
103 151 8 11 0.02240022 
96 145 7 9 0.022355502 
151 110 8 10 0.022312239 
582 312 8 10 0.022292644 
705 62 8 10 0.022088215 
72 84 9 11 0.021999309 
21 142 9 12 0.021998176 
62 118 8 11 0.02198409 
624 104 7 9 0.021907134 
578 56 8 9 0.021905836 
65 277 8 11 0.021847328 
186 87 7 10 0.021810416 
449 136 8 11 0.021782726 
568 65 7 10 0.021777159 
719 152 9 11 0.021768598 
584 246 9 12 0.021756597 
55 119 10 11 0.021600554 
447 118 10 10 0.021473188 
47 65 8 9 0.02145419 
993 104 7 9 0.021448454 
119 92 9 11 0.021415817 
705 133 8 10 0.02134002 
640 62 8 10 0.0213374 
70 289 13 15 0.021327903 
144 134 9 11 0.021258162 
527 72 8 9 0.021242285 
985 72 7 10 0.020930504 
166 88 8 10 0.020883875 
109 159 8 11 0.020784806 
656 152 7 9 0.020740667 
999 102 8 11 0.0206619 
47 52 8 10 0.020532891 
804 157 10 11 0.020501314 
72 103 8 10 0.020380706 
997 119 9 11 0.020359607 
999 128 13 16 0.020340746 
609 150 8 10 0.020165982 
649 96 9 11 0.020116828 
258 104 7 9 0.020079639 
57 56 7 9 0.020035917 
