37_Soccer_soccer_ball_37_60
27
849 481 30 39 0.9984654 
509 229 52 80 0.9855245 
229 447 30 35 0.9845578 
402 403 111 145 0.30967617 
412 291 52 60 0.2930737 
113 510 10 13 0.222064 
373 456 108 111 0.13584562 
245 444 28 34 0.12403171 
539 699 46 32 0.112953596 
423 284 29 51 0.08579505 
804 45 183 250 0.06576692 
520 703 38 33 0.060856 
774 557 12 16 0.058967274 
328 383 33 36 0.041761495 
509 684 36 37 0.038417395 
119 531 12 15 0.032668825 
323 399 18 23 0.02963957 
396 271 85 102 0.02930083 
318 394 58 58 0.028466614 
249 458 19 26 0.028050283 
786 480 25 31 0.023359485 
396 332 70 76 0.022289412 
467 854 12 15 0.021844808 
543 258 59 66 0.021593884 
530 709 41 34 0.020727238 
449 129 56 54 0.020377928 
817 457 24 27 0.020019745 
