37_Soccer_Soccer_37_170
25
945 66 67 79 0.9991073 
466 220 69 79 0.9982768 
619 89 71 88 0.9976501 
602 1 25 30 0.99658465 
743 77 41 49 0.99635327 
516 0 15 12 0.24768706 
730 0 15 15 0.12632059 
0 0 10 12 0.08854228 
615 5 20 25 0.08850859 
641 33 25 29 0.053555757 
29 0 11 9 0.047143184 
975 13 46 53 0.03510028 
754 267 28 38 0.030195171 
499 36 17 22 0.029875878 
645 6 23 30 0.02966502 
643 18 26 32 0.029331775 
716 111 31 38 0.027974088 
625 1 17 21 0.027937029 
645 27 15 18 0.027743492 
629 4 23 30 0.023672935 
522 1 13 15 0.023216879 
440 0 12 12 0.021613369 
634 54 432 527 0.021574812 
633 0 16 18 0.021267291 
787 389 19 19 0.020139983 
