37_Soccer_soccer_ball_37_345
124
714 163 16 21 0.99735767 
490 171 16 20 0.995955 
622 179 16 20 0.995182 
555 166 16 21 0.9941691 
363 179 16 21 0.9937397 
426 183 15 19 0.99142104 
818 168 14 19 0.9889032 
383 92 11 15 0.9787813 
1001 189 15 19 0.9778431 
969 182 16 20 0.90633315 
141 317 16 22 0.66760504 
432 336 21 24 0.5425452 
414 284 12 16 0.5423736 
837 252 14 18 0.31332868 
446 281 12 16 0.30980328 
351 279 11 15 0.29683015 
949 275 12 15 0.29473191 
621 246 17 18 0.22164774 
439 209 14 17 0.22030725 
576 284 10 13 0.20125742 
476 281 12 15 0.18211873 
541 282 12 15 0.16576014 
705 136 8 10 0.16496171 
489 238 17 19 0.16285364 
552 209 21 24 0.16205329 
385 281 11 15 0.15257466 
370 158 9 13 0.14532715 
736 253 13 17 0.13975956 
428 253 14 15 0.10009793 
511 282 10 13 0.094042145 
412 234 11 14 0.093798324 
697 255 13 18 0.0931292 
367 243 15 16 0.08771209 
485 212 21 25 0.07874114 
391 235 11 13 0.07498203 
602 233 14 17 0.07305091 
609 289 11 14 0.06950016 
565 201 14 18 0.069483235 
982 198 10 13 0.06940229 
328 135 8 11 0.06647561 
400 158 11 15 0.06520976 
647 235 12 14 0.062816024 
368 126 9 11 0.058736816 
141 444 39 57 0.058545 
414 210 13 16 0.05736146 
374 129 21 27 0.055785857 
983 288 13 15 0.055757258 
440 341 18 21 0.05250872 
265 135 8 11 0.04991727 
375 209 12 15 0.048790615 
796 136 9 11 0.04838883 
423 334 16 22 0.047979202 
347 277 10 15 0.047003288 
134 322 17 21 0.046369858 
654 134 9 12 0.04343457 
437 133 8 12 0.04315645 
80 56 9 11 0.042356573 
504 138 14 16 0.042288676 
548 205 16 21 0.04166432 
368 119 8 11 0.040826127 
503 203 13 16 0.03942166 
599 137 12 15 0.039225016 
691 218 11 16 0.0388884 
617 233 24 27 0.03727587 
423 246 11 14 0.03689242 
532 134 10 13 0.03652582 
387 88 11 14 0.03610964 
433 128 8 11 0.035436716 
354 283 11 14 0.035241634 
605 211 13 18 0.035098195 
345 128 8 10 0.03446864 
487 221 23 26 0.033812832 
449 337 14 20 0.033508528 
726 189 13 16 0.033343878 
467 225 13 15 0.032849316 
613 212 12 16 0.032564472 
350 129 8 10 0.03187729 
805 256 13 16 0.031632554 
367 271 9 13 0.030649498 
422 227 13 15 0.030254446 
328 129 7 8 0.030118428 
512 227 13 16 0.030024868 
965 237 12 15 0.029701153 
146 433 30 43 0.029550876 
346 231 14 17 0.029067036 
134 328 21 28 0.028950205 
581 222 12 16 0.028866494 
966 192 12 15 0.02869658 
371 162 12 15 0.028016375 
86 59 10 11 0.027584119 
108 469 26 25 0.026932638 
630 209 14 17 0.026829885 
687 134 10 12 0.026382633 
406 132 9 12 0.02587191 
0 274 8 17 0.025114838 
802 217 13 18 0.025111526 
828 195 12 14 0.025038775 
959 232 24 28 0.024879685 
736 134 9 13 0.024774728 
431 275 9 12 0.02434363 
944 270 13 17 0.024045806 
621 225 17 19 0.023821076 
989 203 10 13 0.022744622 
610 224 23 26 0.022709006 
373 125 10 13 0.02230485 
579 279 10 14 0.022163514 
453 127 9 12 0.022064323 
836 150 17 20 0.021924663 
361 102 8 10 0.02183623 
360 127 8 10 0.02180682 
387 98 12 13 0.021781718 
413 217 13 17 0.02147101 
136 345 12 16 0.021433584 
972 259 11 15 0.021295296 
180 132 12 15 0.020610433 
552 218 24 26 0.020574989 
406 117 8 11 0.02046398 
349 270 12 17 0.020327272 
484 284 10 14 0.020287445 
959 196 12 15 0.020214392 
368 130 10 15 0.02021354 
527 137 13 16 0.020166468 
483 206 15 18 0.020049408 
427 219 14 17 0.020040233 
