37_Soccer_Soccer_37_114
144
459 179 54 75 0.9989287 
196 67 35 53 0.9452061 
143 51 16 19 0.73598737 
514 97 18 22 0.7093685 
901 115 15 21 0.6735434 
78 120 15 19 0.5867148 
863 81 16 19 0.5276754 
139 126 17 20 0.5143419 
244 155 56 81 0.49794504 
991 93 23 31 0.49551544 
456 99 17 21 0.33399585 
443 27 17 20 0.32323182 
474 130 17 22 0.309745 
949 54 17 20 0.29711357 
806 22 26 32 0.26656908 
896 43 17 21 0.24534976 
182 128 27 31 0.22007148 
402 76 15 19 0.20735255 
510 65 20 26 0.18989034 
864 190 17 22 0.18143858 
160 81 18 24 0.17991965 
129 147 16 21 0.17178166 
78 123 21 29 0.16961436 
804 95 17 24 0.16514693 
105 24 15 19 0.16126683 
58 4 18 20 0.15593289 
657 58 26 49 0.15349182 
579 43 15 19 0.1397051 
759 513 63 56 0.11033057 
925 78 21 26 0.10945332 
989 170 15 19 0.10867515 
430 120 16 20 0.101520464 
69 217 22 27 0.091807306 
726 27 37 58 0.08932399 
206 83 42 40 0.08683992 
904 1 19 20 0.08389372 
558 306 14 18 0.08237094 
90 0 16 18 0.0811939 
88 55 17 20 0.08075956 
88 179 24 31 0.07863015 
51 231 12 15 0.07600101 
555 1 14 15 0.07305702 
531 19 22 28 0.07178728 
367 97 12 16 0.06968922 
253 28 27 38 0.06829579 
971 44 24 33 0.0673006 
636 1 17 18 0.06678657 
19 138 16 23 0.065801874 
507 59 16 21 0.0628389 
313 3 17 19 0.06059439 
962 43 23 30 0.059509862 
741 7 29 38 0.059467077 
307 9 28 34 0.05774142 
541 115 20 27 0.057085343 
708 51 39 59 0.056802128 
397 129 37 49 0.05628663 
46 229 21 29 0.05328772 
499 134 24 29 0.05249426 
568 291 12 14 0.0515831 
557 135 15 22 0.050414126 
215 56 47 59 0.050291833 
117 104 15 18 0.04874505 
671 52 45 59 0.04873626 
765 1 18 20 0.04866856 
967 34 13 16 0.048516516 
749 1 29 32 0.045872808 
658 35 24 40 0.04492181 
444 160 14 19 0.04413286 
620 90 14 20 0.043531895 
434 2 17 18 0.04315902 
795 108 28 35 0.03953738 
132 135 20 27 0.039166655 
29 92 23 29 0.038380772 
708 23 30 49 0.036481973 
899 10 22 27 0.036470186 
645 67 27 41 0.03613307 
414 124 26 31 0.03595981 
269 382 31 32 0.035053495 
829 110 16 21 0.03488082 
968 23 41 52 0.03444128 
625 58 15 21 0.034291122 
466 60 15 18 0.034157954 
115 114 22 31 0.03367091 
32 0 18 19 0.03334268 
546 126 22 28 0.033129893 
937 66 14 19 0.03266493 
484 58 14 20 0.031154897 
474 132 28 33 0.030827664 
751 15 18 22 0.030337164 
21 141 22 31 0.030268548 
911 12 21 27 0.029747237 
722 66 43 58 0.029223548 
511 203 14 19 0.027967047 
922 19 15 19 0.027806476 
367 107 23 36 0.027095238 
45 55 16 20 0.026992228 
738 13 47 59 0.026946764 
659 63 16 29 0.026702628 
457 107 19 23 0.026631169 
437 155 46 60 0.026536522 
10 129 22 29 0.026338097 
988 6 22 28 0.026300335 
54 224 25 32 0.026222985 
335 84 24 30 0.025845412 
560 300 20 27 0.02552901 
963 41 47 61 0.025291868 
550 295 23 33 0.025168614 
83 139 16 23 0.024657523 
499 146 28 35 0.02465438 
439 152 23 31 0.024613176 
724 0 38 39 0.024493014 
132 147 22 29 0.024256002 
73 0 26 24 0.023873461 
499 193 31 40 0.023541406 
228 79 37 45 0.023357697 
28 149 22 30 0.0231998 
857 67 24 31 0.023047859 
507 52 15 18 0.022805355 
137 192 18 22 0.022643683 
875 16 23 31 0.022535056 
58 210 36 48 0.022524713 
573 32 20 26 0.022184083 
257 25 18 24 0.02217913 
209 351 36 42 0.022055052 
736 87 48 57 0.021821015 
931 70 21 28 0.021814663 
180 124 41 52 0.021750133 
307 26 33 40 0.02157979 
271 84 10 13 0.021241719 
233 47 45 59 0.02121504 
531 342 13 16 0.02111771 
848 136 27 35 0.021115903 
245 22 28 32 0.020997599 
705 2 18 17 0.020830533 
892 1 18 19 0.020733038 
67 160 473 456 0.020698944 
187 110 28 36 0.020530224 
508 103 25 31 0.020518137 
831 0 28 26 0.020447671 
527 347 13 17 0.020350901 
904 345 9 11 0.020306392 
886 47 25 33 0.020215018 
257 39 31 41 0.0201217 
970 77 41 53 0.02010995 
