37_Soccer_soccer_ball_37_643
52
332 87 55 84 0.9994222 
739 42 58 79 0.9988398 
88 172 26 31 0.61946857 
109 218 30 37 0.57257015 
26 157 26 32 0.36004096 
986 312 30 40 0.2754056 
887 6 27 31 0.2179311 
808 1 24 28 0.21481445 
279 82 35 61 0.18895426 
-1 186 25 34 0.15540509 
260 142 23 32 0.102771334 
543 57 30 33 0.094327025 
0 237 26 46 0.079252645 
234 0 26 28 0.07238772 
526 155 45 54 0.07058066 
125 148 25 33 0.06878231 
623 94 31 36 0.058473483 
202 41 19 25 0.0583954 
951 157 23 27 0.055938303 
549 46 43 51 0.052032933 
445 70 23 27 0.04703642 
616 161 29 32 0.044985615 
11 335 33 40 0.044822622 
50 261 30 35 0.044335708 
180 251 29 34 0.040596776 
947 62 27 34 0.038752906 
596 209 26 32 0.03853243 
162 59 19 23 0.037820976 
653 127 40 54 0.03700529 
529 136 33 39 0.035268597 
550 317 48 57 0.034142543 
193 195 28 32 0.032583106 
96 75 25 29 0.03139903 
48 -1 19 15 0.031371154 
844 32 26 32 0.03045581 
181 73 39 47 0.028983412 
550 20 25 29 0.028450206 
464 236 48 64 0.028124021 
634 38 42 56 0.027317408 
405 128 29 34 0.026340734 
0 -3 15 22 0.0255979 
0 147 14 22 0.025169194 
187 97 17 21 0.024427466 
628 1 18 22 0.023894088 
979 142 24 29 0.023018567 
832 24 44 55 0.021628559 
-1 229 13 23 0.021507373 
977 291 45 69 0.02149257 
13 0 32 27 0.021443978 
345 81 33 43 0.021158647 
471 229 34 43 0.02107567 
443 67 40 49 0.020274391 
