37_Soccer_soccer_ball_37_88
20
519 164 62 66 0.9936279 
642 28 22 29 0.9895275 
380 171 50 50 0.9538873 
86 32 21 26 0.850058 
301 6 24 30 0.846265 
195 21 16 21 0.7643392 
937 9 15 18 0.3996922 
601 57 26 30 0.07115777 
319 102 11 13 0.054324284 
125 173 12 16 0.05042711 
419 160 31 42 0.045743354 
365 148 30 44 0.036195043 
676 155 12 16 0.035686098 
181 88 9 11 0.029713962 
507 149 54 61 0.0292599 
158 93 10 11 0.02249176 
103 129 13 16 0.022046475 
930 29 43 58 0.021144656 
177 93 10 12 0.020422788 
684 157 12 15 0.020044796 
