37_Soccer_soccer_ball_37_512
33
497 62 70 109 0.99502003 
256 344 53 71 0.29487753 
979 180 30 37 0.16322692 
910 10 38 51 0.1362367 
95 280 42 50 0.08344305 
44 328 41 51 0.07917909 
410 448 58 71 0.07396965 
257 53 51 77 0.06047344 
288 -1 29 31 0.058250647 
241 -3 89 118 0.051817745 
820 234 42 56 0.04913763 
894 360 41 50 0.04807918 
267 9 53 75 0.04339158 
796 60 81 122 0.042380087 
977 14 45 74 0.041103397 
4 -1 25 20 0.03906558 
1011 407 13 28 0.038095836 
-1 426 37 63 0.037477437 
572 383 39 52 0.036680944 
717 312 30 41 0.03553843 
413 286 117 123 0.035184044 
740 59 31 38 0.034612983 
0 72 23 33 0.032534193 
977 229 44 67 0.025498718 
195 383 38 52 0.025135895 
985 260 28 34 0.024844011 
977 187 46 66 0.024561469 
189 330 30 33 0.023987152 
732 293 42 54 0.023763165 
156 4 61 55 0.02256115 
650 428 45 56 0.022370312 
631 0 30 27 0.02147261 
467 10 22 29 0.020373972 
