37_Soccer_soccer_ball_37_114
45
364 162 29 36 0.99973553 
683 258 30 37 0.9996934 
411 242 30 37 0.9995377 
506 345 31 41 0.99947566 
240 259 29 36 0.99944204 
891 255 32 38 0.99941695 
500 232 30 38 0.9993381 
443 152 27 33 0.9992539 
774 253 28 34 0.9992205 
291 165 27 34 0.99909055 
125 150 28 34 0.9990859 
832 161 29 35 0.99888235 
603 274 30 38 0.99884003 
136 368 35 42 0.99861956 
609 156 29 35 0.9985934 
642 354 36 44 0.99853754 
756 363 35 43 0.99850816 
265 363 33 41 0.99827516 
74 255 28 34 0.9982591 
740 157 29 35 0.99821126 
160 260 29 34 0.99782455 
327 245 30 36 0.997586 
675 156 26 32 0.99736804 
386 351 33 41 0.9971835 
521 153 27 31 0.9967656 
218 176 27 32 0.9894511 
199 388 22 29 0.109036244 
846 356 27 38 0.09782952 
65 333 43 51 0.06276042 
550 363 24 29 0.048534565 
886 373 32 36 0.045595095 
856 364 26 36 0.043693196 
247 375 24 31 0.04219306 
300 273 20 24 0.034544963 
464 316 22 28 0.03173994 
868 379 16 20 0.031633634 
360 382 26 31 0.031096617 
864 376 28 31 0.030794993 
202 383 17 20 0.027250003 
781 321 38 49 0.026307346 
536 370 26 32 0.024505517 
229 162 24 34 0.023908406 
202 397 24 33 0.02342476 
837 150 28 33 0.022074264 
942 365 15 20 0.02157139 
