37_Soccer_soccer_ball_37_720
47
860 186 28 34 0.9994147 
449 30 44 59 0.9964953 
120 106 40 57 0.9925964 
516 336 17 21 0.9887017 
581 347 14 19 0.986432 
712 260 21 26 0.95928526 
446 310 39 40 0.2312579 
990 174 22 29 0.1346356 
274 199 14 15 0.088856675 
14 549 8 10 0.06587986 
567 354 50 60 0.063323535 
0 559 10 14 0.060910877 
748 217 24 30 0.052229725 
200 550 7 10 0.050424837 
683 431 17 21 0.043909986 
994 238 29 38 0.041675333 
624 494 12 13 0.040338147 
9 550 8 10 0.037665293 
999 184 18 23 0.036149263 
525 458 14 17 0.035791326 
992 423 6 8 0.035170823 
593 429 14 16 0.033481356 
920 456 9 10 0.03337226 
1007 324 13 16 0.032800477 
926 251 11 13 0.03190311 
573 375 29 32 0.03143017 
824 430 9 9 0.031298712 
583 427 28 26 0.031067561 
739 413 18 22 0.030036714 
146 511 7 8 0.029755846 
981 462 9 11 0.029130738 
41 502 7 10 0.029112976 
460 295 33 42 0.028860055 
708 290 16 21 0.025385028 
551 328 87 110 0.02451778 
77 526 8 10 0.024353225 
964 177 23 29 0.023932194 
744 225 14 19 0.023687856 
430 297 35 39 0.02347142 
9 544 7 10 0.023414155 
575 119 12 15 0.02317986 
607 388 12 18 0.022313595 
1009 415 8 9 0.021525655 
727 408 32 37 0.02076792 
558 94 11 15 0.02074866 
573 387 17 21 0.020175185 
1 552 8 12 0.020086924 
