37_Soccer_soccer_ball_37_479
20
479 37 82 79 0.9772075 
770 656 129 94 0.8076299 
778 255 65 104 0.6675318 
733 274 72 77 0.13401109 
657 44 120 147 0.088323876 
500 57 49 47 0.061179124 
444 33 60 74 0.05755089 
715 267 60 73 0.05619009 
628 94 172 187 0.05338619 
364 30 14 16 0.046436854 
51 35 176 206 0.04521764 
817 632 37 34 0.038641065 
307 202 214 248 0.03231848 
473 55 47 59 0.025664942 
325 559 130 127 0.02447554 
1012 732 10 15 0.024213163 
454 34 33 47 0.024146486 
190 685 115 88 0.021077013 
797 257 39 67 0.020656114 
206 382 129 182 0.020572769 
