37_Soccer_soccer_ball_37_281
130
968 327 7 8 0.09758122 
73 523 11 13 0.096159175 
951 313 7 9 0.095242865 
177 566 8 9 0.088552184 
392 173 201 243 0.08520576 
401 656 8 10 0.077277355 
361 640 7 10 0.07681749 
175 559 8 10 0.07279725 
951 317 7 9 0.07148681 
47 496 9 12 0.06838902 
25 472 8 10 0.061187424 
985 221 8 10 0.060496014 
182 567 7 10 0.060033754 
194 570 6 8 0.05891986 
25 477 9 11 0.056508783 
386 655 9 11 0.05647098 
224 584 7 8 0.055443842 
383 303 410 453 0.05420962 
28 563 11 15 0.053876642 
194 573 8 10 0.05273689 
417 663 10 11 0.052579522 
216 569 7 9 0.051824085 
215 574 7 9 0.05081461 
366 640 8 11 0.049104262 
421 654 10 11 0.048776787 
344 623 8 11 0.047109522 
199 568 8 9 0.04370814 
217 557 7 9 0.041585688 
375 663 9 11 0.039893992 
208 567 7 9 0.039326124 
390 647 9 11 0.03897584 
9 478 8 10 0.038238116 
374 646 9 11 0.03785983 
361 631 7 9 0.037694838 
516 257 537 428 0.037309073 
198 574 7 10 0.036863465 
232 584 7 9 0.036848146 
937 328 7 8 0.03617908 
953 305 7 8 0.036107954 
400 647 8 10 0.035854798 
272 648 8 11 0.034908585 
31 504 8 10 0.034784615 
138 550 9 10 0.034417037 
1006 364 8 10 0.03441287 
947 318 7 9 0.034231924 
167 551 7 10 0.03398381 
9 429 7 10 0.03370357 
148 80 436 430 0.032379042 
1000 319 7 9 0.03223146 
934 310 8 10 0.032162964 
969 321 7 9 0.032132477 
217 582 8 10 0.032015994 
928 320 8 9 0.03196504 
241 575 7 8 0.031927377 
928 335 7 9 0.03182089 
217 518 7 10 0.031233475 
983 318 7 9 0.031178283 
946 313 7 9 0.030714888 
350 623 8 10 0.03027523 
994 204 9 12 0.030272827 
492 672 17 17 0.03011839 
384 660 9 11 0.029878704 
960 304 7 9 0.029835327 
43 495 9 11 0.029645253 
372 670 11 11 0.029373102 
779 561 6 8 0.029017821 
989 215 9 11 0.028369635 
969 336 6 8 0.028173398 
989 221 8 10 0.027470145 
29 479 8 11 0.02715643 
176 325 7 10 0.02705418 
205 560 8 9 0.026446052 
975 319 8 9 0.026266806 
416 648 10 11 0.026244137 
984 336 7 9 0.02616617 
333 614 8 10 0.02606753 
233 589 7 10 0.02595099 
928 344 6 8 0.025763966 
927 351 7 10 0.025229588 
42 501 9 12 0.025220752 
94 325 10 15 0.024995577 
169 557 8 11 0.02487385 
965 303 8 9 0.02482727 
352 628 7 10 0.02477467 
375 639 8 11 0.024633348 
163 552 7 10 0.024466215 
1 520 9 12 0.024118979 
193 551 7 9 0.024104228 
247 604 8 10 0.023722127 
40 486 8 10 0.023678247 
905 336 7 9 0.023501396 
264 319 7 9 0.023442432 
414 670 11 11 0.023267655 
930 305 8 9 0.023225153 
239 568 8 9 0.023174657 
153 568 8 10 0.023135703 
896 335 6 9 0.022971014 
976 225 8 10 0.02276674 
134 510 7 9 0.022684222 
430 655 9 10 0.02238525 
177 321 7 10 0.02232053 
703 96 442 463 0.02231239 
606 535 7 9 0.022209926 
201 551 6 8 0.022138756 
31 483 8 12 0.022066772 
371 676 12 13 0.022039695 
984 343 7 8 0.021991724 
22 557 21 26 0.02192217 
177 572 9 10 0.021905765 
953 344 6 9 0.021843813 
208 343 7 9 0.02179628 
223 567 8 10 0.02167679 
158 568 8 10 0.021568311 
89 494 7 10 0.021565355 
29 471 8 10 0.021475498 
975 312 8 10 0.021415055 
271 318 7 10 0.021286048 
587 311 7 9 0.021256408 
5 520 8 11 0.020953698 
14 479 7 10 0.02088257 
200 581 8 9 0.020774806 
927 328 8 9 0.020747846 
952 351 7 8 0.02062189 
602 247 9 12 0.020508876 
1001 326 8 9 0.020481972 
1014 319 7 10 0.020458039 
943 327 7 9 0.020438155 
375 655 8 10 0.020124761 
385 649 9 11 0.020118719 
60 510 9 10 0.0200233 
