37_Soccer_Soccer_37_618
32
488 333 83 112 0.99900633 
10 308 70 91 0.9981488 
249 321 69 92 0.99803215 
816 351 82 127 0.9976739 
452 293 56 73 0.92324257 
685 334 53 72 0.8785984 
0 439 45 99 0.8140906 
945 350 46 64 0.6177735 
465 307 75 100 0.1645082 
327 391 43 57 0.15788384 
446 299 35 54 0.15565683 
659 156 117 122 0.13785249 
709 316 53 69 0.11285012 
734 323 48 60 0.095286526 
685 433 37 45 0.0696703 
382 249 40 50 0.068211064 
673 107 134 140 0.063064925 
925 361 50 80 0.048524305 
446 133 14 17 0.04354335 
709 353 50 64 0.04093468 
729 376 34 42 0.039920453 
304 458 17 25 0.0362223 
687 233 56 77 0.03243708 
859 343 85 122 0.03212104 
480 40 35 31 0.028192943 
572 365 14 21 0.026551424 
706 81 118 117 0.024885189 
476 289 57 68 0.023420949 
579 125 27 31 0.02230212 
905 328 82 95 0.021165557 
512 270 34 37 0.020460932 
109 545 25 32 0.020014938 
