37_Soccer_soccer_ball_37_113
41
519 149 125 173 0.9996673 
715 80 67 93 0.98479176 
428 102 38 47 0.97242445 
74 117 34 43 0.9180407 
205 26 51 62 0.8990024 
274 168 35 42 0.8379519 
430 163 40 47 0.79918474 
224 238 38 47 0.32790992 
142 250 43 50 0.21699363 
135 183 44 49 0.18763864 
83 110 48 58 0.13092142 
859 49 36 44 0.10866014 
354 820 347 453 0.09801509 
59 179 38 42 0.08507799 
989 133 34 47 0.08143152 
284 891 201 303 0.08078407 
98 198 27 35 0.077863 
549 38 15 23 0.06540832 
923 266 58 60 0.05193496 
883 111 52 68 0.04653826 
734 107 60 90 0.044142198 
104 1053 481 522 0.042532384 
537 167 330 465 0.041079473 
155 190 32 37 0.04095578 
66 95 80 98 0.039347623 
280 155 32 40 0.03689236 
317 143 21 27 0.030699106 
475 525 290 301 0.030083274 
234 226 30 38 0.027345024 
903 86 47 65 0.026981076 
57 184 57 62 0.026540393 
183 296 18 23 0.024231153 
287 855 144 169 0.024009222 
155 42 44 55 0.023788897 
142 233 37 45 0.022217585 
551 47 16 21 0.021921627 
270 367 56 57 0.021908943 
39 162 92 100 0.021529447 
460 85 44 57 0.021354109 
680 97 35 42 0.0206807 
918 248 93 98 0.02020864 
