54_Rescue_rescuepeople_54_406
36
736 318 40 44 0.9851555 
431 351 36 38 0.7714631 
411 355 35 36 0.12247921 
254 159 9 10 0.075077966 
756 598 12 14 0.057922367 
407 73 9 10 0.0384195 
296 232 10 12 0.03615204 
400 183 9 10 0.03074212 
313 166 9 12 0.029095905 
389 160 9 10 0.028942332 
864 334 16 19 0.028458785 
369 149 8 11 0.0281428 
374 148 9 11 0.02785812 
398 46 7 10 0.027803639 
253 113 11 14 0.02658305 
368 128 8 10 0.025032548 
510 381 407 456 0.024386657 
485 468 30 32 0.024345305 
384 166 9 10 0.023974575 
353 127 9 11 0.023959113 
412 368 18 21 0.0238257 
408 312 44 42 0.023685718 
556 651 11 13 0.023518901 
277 231 12 14 0.022504041 
400 176 8 10 0.02247978 
263 149 10 12 0.02227827 
401 72 8 10 0.022117943 
202 91 14 16 0.021417204 
254 187 10 12 0.021274712 
318 168 8 10 0.021172576 
169 65 8 10 0.020988792 
665 561 36 39 0.020961246 
417 152 7 8 0.020932125 
319 126 10 12 0.020820493 
990 142 8 10 0.020626903 
229 150 9 12 0.02058526 
