54_Rescue_rescuepeople_54_108
32
235 335 207 286 0.99973756 
364 235 417 396 0.6777391 
425 884 471 423 0.6633413 
627 127 246 251 0.59775347 
96 861 440 407 0.4593746 
308 425 402 457 0.3065433 
477 314 70 83 0.2392292 
536 175 285 343 0.1429344 
451 289 255 239 0.103166305 
960 567 36 46 0.10230176 
460 316 129 119 0.09909636 
320 323 294 370 0.09633866 
619 64 392 412 0.08784913 
952 430 64 89 0.08136222 
712 396 109 136 0.07383519 
665 136 124 132 0.072628945 
476 206 47 49 0.06015783 
148 958 233 231 0.057851598 
597 132 115 134 0.045007806 
38 498 455 525 0.043561537 
544 1022 271 279 0.040868267 
433 1012 376 506 0.04030719 
755 440 79 83 0.037980072 
555 174 116 139 0.03367809 
113 972 120 138 0.027816692 
539 242 129 174 0.024733102 
940 262 87 140 0.02335836 
-10 750 374 486 0.022497343 
466 225 52 57 0.022442851 
424 335 117 134 0.021577198 
936 454 87 139 0.02141367 
154 947 30 50 0.020811783 
