54_Rescue_rescuepeople_54_1049
18
447 217 111 154 0.99991 
638 393 96 125 0.99967396 
110 89 136 155 0.7811893 
636 138 106 124 0.6111285 
69 61 212 284 0.15593429 
517 50 129 154 0.1528548 
598 209 53 69 0.08391683 
607 172 95 111 0.06897002 
627 195 117 132 0.05840852 
580 75 135 152 0.0484916 
17 20 355 456 0.04477727 
611 218 16 19 0.037692923 
610 241 31 39 0.033516742 
606 217 32 40 0.025820062 
71 221 36 44 0.02200685 
716 396 60 67 0.021974895 
524 -70 404 502 0.020199744 
617 70 188 240 0.02004799 
