54_Rescue_rescuepeople_54_855
28
444 139 60 70 0.99867743 
767 209 59 68 0.99454355 
556 335 60 63 0.95354706 
647 192 60 75 0.94247615 
344 335 49 63 0.54546916 
255 544 19 23 0.3368437 
299 531 13 17 0.16637018 
616 455 86 118 0.10781518 
236 330 42 35 0.07149409 
878 265 13 15 0.058614425 
6 804 94 133 0.057263233 
957 768 39 48 0.056302767 
871 261 12 13 0.054947615 
282 451 28 35 0.051828887 
675 369 43 55 0.041470196 
460 316 28 38 0.035842612 
876 259 22 25 0.034284245 
776 325 37 50 0.032935813 
293 459 15 19 0.03218338 
366 571 13 17 0.0316125 
250 312 51 62 0.026971908 
738 196 29 37 0.025122218 
31 532 12 15 0.023710776 
744 192 53 66 0.023123953 
490 709 445 457 0.023090351 
283 434 31 38 0.02170499 
177 439 43 61 0.021540917 
83 401 17 21 0.020022346 
