54_Rescue_rescuepeople_54_926
23
525 195 100 140 0.9997844 
153 94 99 114 0.99974555 
366 202 69 91 0.99488306 
744 213 374 485 0.099912606 
298 485 13 16 0.059050206 
242 485 11 14 0.04441957 
315 110 16 26 0.04285645 
11 495 19 21 0.040715143 
307 69 19 24 0.039727513 
710 283 277 310 0.036456615 
326 15 27 35 0.03550105 
17 487 18 22 0.03500784 
310 101 36 52 0.03457006 
5 497 16 20 0.029665407 
240 499 10 14 0.028694483 
199 14 30 33 0.02763366 
860 334 34 33 0.02702672 
298 77 23 28 0.024385389 
317 55 11 14 0.023705933 
236 509 10 12 0.023680426 
324 529 32 34 0.022465693 
280 461 11 14 0.021210998 
259 507 12 14 0.020164536 
