54_Rescue_rescuepeople_54_589
34
289 358 65 74 0.9980861 
460 377 63 76 0.9979079 
831 412 62 78 0.9975926 
598 371 68 74 0.9966762 
107 400 72 68 0.988572 
956 499 44 55 0.9634393 
671 441 24 29 0.66672724 
900 491 40 51 0.39645126 
685 140 13 15 0.14631958 
1003 593 19 33 0.091315985 
392 629 73 59 0.06915074 
1 487 16 23 0.06401421 
655 103 10 11 0.04984002 
733 154 13 15 0.049523376 
709 133 13 14 0.049279418 
338 356 33 43 0.04905974 
763 476 12 17 0.042720266 
673 102 9 10 0.035659686 
664 146 11 13 0.03529836 
664 440 41 49 0.03374993 
736 132 11 12 0.031224698 
763 468 28 33 0.030816311 
787 447 32 39 0.028447272 
149 646 55 50 0.024455573 
905 511 45 61 0.023335692 
990 595 27 40 0.023197208 
669 149 10 13 0.023097677 
775 443 31 37 0.022340514 
795 458 32 45 0.021982327 
190 584 13 18 0.021450521 
688 118 9 10 0.021340298 
684 441 25 35 0.021315403 
681 135 10 13 0.020977193 
681 120 7 9 0.020546425 
