54_Rescue_rescuepeople_54_1006
22
244 245 38 60 0.99706995 
619 158 50 65 0.9956631 
426 280 33 42 0.9943153 
312 257 32 48 0.9831874 
580 389 10 13 0.25867087 
550 354 15 20 0.124444336 
262 249 35 55 0.09106804 
553 349 14 17 0.09084413 
287 250 29 44 0.08896152 
577 415 9 11 0.0484927 
454 331 14 20 0.037989706 
541 389 10 14 0.03731186 
676 372 29 37 0.031771038 
547 365 15 19 0.030219687 
560 347 16 17 0.029198827 
403 336 58 74 0.027172204 
663 462 13 15 0.025297945 
564 339 15 19 0.02503419 
542 427 10 13 0.024603486 
576 467 13 16 0.021982012 
664 455 11 13 0.021975162 
-17 76 175 295 0.020504173 
