54_Rescue_firemanrescue_54_939
60
158 109 77 105 0.9957469 
61 580 20 30 0.8588988 
578 599 15 16 0.32595015 
902 522 11 14 0.2971866 
421 475 35 51 0.22977908 
268 238 26 28 0.13476755 
924 562 15 18 0.124229446 
52 589 19 24 0.10664679 
627 542 15 20 0.10227826 
135 311 65 62 0.09930691 
133 608 26 32 0.09676579 
120 565 25 33 0.08643866 
898 525 10 14 0.08107998 
907 524 11 13 0.058889933 
127 574 29 34 0.04376763 
0 224 11 21 0.043073088 
704 30 33 44 0.04192433 
117 556 24 29 0.041240286 
945 561 12 15 0.039806448 
561 638 10 12 0.03947968 
471 619 9 11 0.038721565 
343 456 48 71 0.036991064 
900 530 13 14 0.03690157 
420 656 9 11 0.03661237 
917 524 11 13 0.035962116 
821 540 14 19 0.03558761 
941 513 11 15 0.03399245 
2 583 16 22 0.033665728 
651 9 45 57 0.033404164 
918 554 23 31 0.032157276 
5 605 16 21 0.0318223 
149 610 28 34 0.03163499 
562 631 9 11 0.029942086 
556 257 88 113 0.028768882 
159 669 25 31 0.02767152 
812 564 14 18 0.027480138 
367 109 32 38 0.027130477 
0 543 16 25 0.026320651 
581 593 13 14 0.026307903 
264 225 44 54 0.024640728 
182 690 12 15 0.024472289 
878 528 8 11 0.024330439 
901 518 19 23 0.023965042 
115 566 17 25 0.023902088 
704 646 7 10 0.023376347 
339 451 34 52 0.023054738 
720 225 105 127 0.02236959 
691 482 116 155 0.022335935 
533 678 9 12 0.022006491 
807 516 10 14 0.02167329 
711 646 8 9 0.02162949 
628 530 15 19 0.021613145 
418 659 9 12 0.02109565 
909 532 11 13 0.021083118 
7 624 22 29 0.021003444 
836 509 13 15 0.02093104 
907 153 113 167 0.02085752 
715 30 54 65 0.020597693 
730 663 7 10 0.020530656 
941 557 21 25 0.020522028 
