54_Rescue_rescuepeople_54_531
32
363 125 206 299 0.99989796 
288 842 175 277 0.65904886 
644 983 44 71 0.4738414 
626 914 84 127 0.21472888 
614 133 55 55 0.13897353 
655 543 208 274 0.114121184 
384 542 54 71 0.088556826 
624 441 116 122 0.08269185 
287 382 101 114 0.0730222 
677 915 88 121 0.05998717 
311 434 58 72 0.057808623 
810 610 70 72 0.05584199 
262 704 358 483 0.048411056 
718 920 83 120 0.047605347 
683 481 118 141 0.04579021 
374 553 82 95 0.044846617 
662 459 70 75 0.04477704 
623 470 64 79 0.03909604 
284 868 415 507 0.037451703 
676 1124 98 110 0.03446286 
326 932 103 183 0.03251491 
315 451 36 46 0.031564165 
305 830 109 181 0.031251915 
749 591 126 106 0.031244403 
710 544 133 108 0.028535135 
584 404 43 46 0.027210526 
-4 242 181 290 0.026464999 
564 380 101 109 0.025577037 
610 912 65 96 0.02451575 
335 533 91 122 0.022678362 
299 34 134 129 0.021949336 
581 487 364 426 0.020492522 
