54_Rescue_rescuepeople_54_135
215
874 480 63 78 0.9986143 
503 1 52 67 0.99137384 
868 208 28 50 0.9872859 
942 218 24 38 0.9669083 
329 46 34 50 0.9308651 
43 554 71 60 0.8701437 
997 230 24 32 0.4733297 
956 470 46 69 0.32816043 
962 367 36 44 0.30557197 
696 340 17 20 0.23040289 
434 369 27 40 0.21321951 
175 165 12 19 0.21080548 
452 0 45 51 0.2011776 
155 179 21 30 0.19093782 
73 229 27 32 0.18625112 
118 373 38 55 0.18348883 
453 378 16 24 0.17817903 
662 579 44 68 0.1772734 
148 210 15 21 0.17680103 
166 231 13 17 0.16266507 
29 579 70 58 0.1622041 
949 213 34 42 0.15107584 
176 57 16 22 0.14206739 
907 398 39 52 0.11896907 
643 28 10 13 0.114890695 
850 362 46 57 0.11164119 
1005 411 17 34 0.11075203 
743 44 10 13 0.09781736 
669 500 53 63 0.0974491 
75 184 15 21 0.092405416 
149 201 15 21 0.08872522 
831 351 51 60 0.087664284 
165 170 24 34 0.0867347 
603 266 23 32 0.08452223 
686 127 9 12 0.08418696 
155 63 15 20 0.081405014 
770 329 15 20 0.07218987 
968 370 48 60 0.06928088 
252 159 28 37 0.06879546 
66 224 22 34 0.068491615 
86 229 27 29 0.06754279 
587 271 25 36 0.067111395 
499 1 35 41 0.06689985 
795 296 24 32 0.06583629 
984 228 37 55 0.06566365 
795 586 54 62 0.06365506 
651 489 44 59 0.062101174 
100 171 13 17 0.060734063 
101 176 19 29 0.05854883 
877 383 44 53 0.058368374 
739 410 31 48 0.057729065 
700 432 22 30 0.05643468 
82 104 8 11 0.056294642 
793 377 55 65 0.056161277 
414 25 28 36 0.053873245 
907 427 45 56 0.053182397 
825 320 50 59 0.053156987 
862 165 11 18 0.052760772 
922 414 32 46 0.05057334 
525 351 10 12 0.049677666 
763 323 18 23 0.04875019 
284 144 16 18 0.04826983 
213 352 36 56 0.04825384 
665 530 63 85 0.04756423 
76 271 17 22 0.04706248 
628 559 25 38 0.046795566 
780 326 59 78 0.04671661 
900 200 26 40 0.046405133 
150 548 28 41 0.045882076 
329 413 41 54 0.045564793 
701 44 9 11 0.04510647 
737 318 10 14 0.045043748 
413 17 45 59 0.04497626 
45 598 44 37 0.04441178 
684 578 95 97 0.04327829 
876 168 15 18 0.04298525 
963 219 41 53 0.042620882 
597 33 12 14 0.042034205 
835 334 28 31 0.04203109 
7 260 29 38 0.041831944 
868 169 14 17 0.041542646 
16 248 25 36 0.040809713 
623 29 8 12 0.04037808 
120 188 21 28 0.03817437 
123 306 32 35 0.03798298 
113 181 21 30 0.037669767 
878 220 33 37 0.03721275 
925 381 48 59 0.03700818 
953 464 32 48 0.036677055 
77 110 22 31 0.036104813 
84 107 11 15 0.035468433 
95 167 13 16 0.035025574 
476 333 11 13 0.034997117 
64 125 10 14 0.034831673 
57 210 16 20 0.034266338 
791 296 48 60 0.033859845 
159 221 22 28 0.033366073 
855 163 13 19 0.033301897 
849 213 42 59 0.033148702 
100 222 22 32 0.032610763 
93 119 13 19 0.032582026 
52 382 27 39 0.03251895 
742 319 9 12 0.03230436 
110 131 12 14 0.032168858 
811 340 86 98 0.031924624 
159 177 12 15 0.031491626 
769 313 26 33 0.031450696 
770 327 24 33 0.03135257 
923 276 38 60 0.031049276 
554 326 25 28 0.030772774 
925 209 33 51 0.03075875 
330 295 35 42 0.030697098 
282 23 48 63 0.03052193 
930 444 48 57 0.03033017 
0 309 40 59 0.030070987 
758 324 15 18 0.029890405 
112 139 11 13 0.02979284 
57 216 24 36 0.029675687 
71 166 11 16 0.0293658 
991 391 32 49 0.02911933 
607 501 40 57 0.029091699 
795 280 27 36 0.029014947 
36 359 45 61 0.028737647 
118 110 9 13 0.02826483 
811 297 51 63 0.027552262 
0 364 10 16 0.02742142 
149 211 24 31 0.027036062 
660 555 91 100 0.026992733 
124 200 15 20 0.026977077 
134 250 23 27 0.026834136 
200 365 36 48 0.02665633 
555 420 12 16 0.026589356 
779 334 29 43 0.026556475 
804 401 47 59 0.026398616 
947 362 79 94 0.026020346 
834 270 45 56 0.025985071 
132 209 27 31 0.02578584 
298 136 26 30 0.025711935 
356 295 13 17 0.02569274 
781 382 29 43 0.025663147 
127 197 23 27 0.025437722 
258 360 42 51 0.025327947 
233 169 45 54 0.025112059 
331 135 33 48 0.024971234 
60 260 15 20 0.024724996 
300 302 26 29 0.024653774 
846 385 47 64 0.024573537 
140 194 40 52 0.024380386 
276 125 48 54 0.02426905 
75 244 19 23 0.024219992 
748 317 12 15 0.024157595 
71 247 28 33 0.024089651 
938 366 49 61 0.024088636 
634 475 50 62 0.023993246 
167 394 30 35 0.02397791 
413 366 38 48 0.02395635 
595 281 15 21 0.02380444 
688 234 32 33 0.023743019 
899 390 34 44 0.023709752 
600 518 32 43 0.023703864 
827 234 14 16 0.023676705 
899 458 54 71 0.023650827 
1008 237 16 23 0.023624854 
787 306 15 18 0.023588277 
13 316 46 63 0.023444764 
83 130 13 14 0.02342162 
775 249 13 17 0.02332158 
11 586 58 60 0.023264127 
826 409 42 57 0.023081673 
578 266 23 36 0.022999415 
705 343 16 21 0.022848804 
34 340 36 48 0.022829663 
252 154 46 55 0.022789735 
973 394 34 48 0.022777872 
63 181 22 33 0.022701059 
500 0 20 20 0.022573479 
70 119 25 28 0.022284066 
202 170 44 55 0.02221566 
573 280 16 24 0.022190476 
959 228 20 26 0.022156002 
175 163 29 38 0.022111934 
291 139 16 20 0.022057913 
556 325 16 18 0.021894785 
277 201 30 34 0.021620799 
278 340 43 52 0.02150287 
934 491 52 70 0.021497691 
776 305 27 33 0.021485554 
860 198 14 19 0.021468842 
177 173 17 25 0.021464346 
184 387 24 35 0.02138407 
780 281 47 59 0.021330751 
393 15 44 59 0.021288691 
922 405 18 27 0.02109426 
638 497 33 48 0.02103007 
516 416 17 23 0.021001313 
294 335 32 37 0.020954799 
153 180 13 19 0.020921534 
76 169 12 16 0.02077755 
142 149 13 17 0.020760594 
346 294 24 32 0.020727461 
117 139 11 15 0.020588754 
162 56 19 25 0.020565901 
344 364 36 50 0.020504877 
987 221 27 38 0.02049883 
796 249 25 29 0.02049402 
458 372 23 30 0.020356014 
397 21 26 36 0.020285344 
333 109 48 71 0.02025575 
0 300 26 46 0.02022927 
262 431 22 35 0.020192122 
239 411 41 57 0.020175755 
140 190 23 30 0.020081429 
54 204 14 20 0.020060742 
976 359 29 41 0.020060223 
732 595 58 67 0.020017149 
