54_Rescue_rescuepeople_54_102
158
407 252 28 34 0.895487 
548 236 9 11 0.7972805 
397 246 29 32 0.17062086 
534 221 9 11 0.153827 
493 216 7 9 0.14642662 
510 212 12 15 0.12806632 
512 208 9 11 0.123883076 
1013 306 10 17 0.107036896 
233 236 10 12 0.09871539 
580 364 26 30 0.09653634 
174 199 11 13 0.09278014 
264 239 9 10 0.08844202 
405 253 16 19 0.086385086 
732 371 41 58 0.08431916 
990 231 8 9 0.07402359 
518 207 7 9 0.06888213 
157 192 9 12 0.06761216 
1009 228 9 12 0.06226299 
344 308 34 39 0.062157195 
201 208 9 11 0.060598236 
565 222 8 10 0.05748979 
489 219 9 10 0.05667075 
984 196 9 11 0.053823642 
792 288 43 39 0.052126896 
542 215 7 10 0.049611118 
183 234 12 14 0.04844052 
678 191 8 9 0.04778024 
944 241 9 10 0.04736427 
949 240 9 11 0.04699311 
725 356 31 45 0.046820424 
974 232 9 11 0.046286345 
506 214 10 12 0.04550006 
268 240 10 11 0.04539358 
483 251 15 19 0.045389723 
30 200 8 11 0.0441353 
552 214 8 9 0.044125866 
478 219 9 11 0.043866485 
454 241 12 17 0.04357559 
878 240 14 16 0.042595398 
694 175 8 11 0.042429004 
223 238 9 12 0.042106044 
559 157 8 11 0.040946376 
1014 236 9 16 0.04074982 
469 576 18 21 0.039709803 
511 248 10 12 0.039010677 
505 255 10 13 0.038977392 
289 287 10 15 0.038175844 
679 169 6 8 0.036347244 
551 208 8 10 0.035932872 
537 244 10 11 0.035849296 
238 232 10 12 0.035660412 
397 256 17 20 0.03544309 
177 190 10 12 0.03540602 
495 198 8 11 0.03538048 
968 233 9 11 0.035017654 
167 204 11 13 0.03493294 
562 254 8 10 0.034929607 
257 238 10 11 0.034797102 
662 183 7 9 0.034451947 
504 199 7 9 0.034257494 
205 259 28 30 0.03358796 
182 184 8 10 0.033373278 
519 201 8 9 0.033313215 
442 309 13 15 0.03314522 
300 282 24 29 0.033024967 
559 248 9 10 0.032584783 
560 196 8 10 0.032196533 
418 261 27 34 0.032117736 
88 233 8 10 0.03211002 
673 175 7 9 0.031981066 
663 168 7 9 0.031616226 
705 176 8 10 0.031015513 
54 172 24 29 0.030248879 
53 166 15 17 0.030243188 
799 295 56 58 0.030231968 
535 228 8 11 0.029224928 
536 199 8 10 0.029141992 
222 245 9 11 0.029024616 
332 523 13 17 0.028749786 
424 258 17 22 0.028532574 
998 230 10 11 0.028519856 
520 231 9 12 0.028413523 
169 198 10 13 0.028266255 
470 250 13 16 0.028162349 
160 204 10 13 0.028017597 
543 182 8 10 0.02777948 
472 219 10 12 0.027632006 
512 201 8 10 0.027586823 
688 184 7 8 0.027511254 
543 208 8 10 0.027385619 
59 169 15 18 0.027182018 
449 562 15 18 0.027055243 
244 239 10 11 0.026740812 
229 318 46 55 0.026543558 
454 216 8 10 0.026453568 
545 151 8 10 0.026418895 
541 219 10 11 0.02622404 
561 222 8 11 0.026079929 
754 370 53 71 0.025992088 
524 237 10 13 0.025944266 
676 521 33 33 0.025881082 
153 195 11 13 0.025843864 
446 231 10 13 0.02557489 
990 192 8 9 0.025520993 
1013 224 9 13 0.025513543 
182 188 8 12 0.025089357 
201 269 27 31 0.024936352 
506 206 9 12 0.024824519 
219 260 18 21 0.024466962 
544 231 17 22 0.024430191 
510 253 11 12 0.024410766 
424 329 25 30 0.024391865 
339 295 32 35 0.0242962 
662 198 7 10 0.02414074 
550 243 9 12 0.02411723 
551 152 8 9 0.02395977 
673 169 8 9 0.023889774 
959 239 8 10 0.023849977 
60 602 131 155 0.023819523 
447 235 13 18 0.023686174 
390 258 16 19 0.02365785 
679 247 9 12 0.023453897 
453 250 11 14 0.02334507 
998 300 13 17 0.0232966 
551 252 9 10 0.023295635 
744 359 44 61 0.02321003 
985 236 9 10 0.02317323 
543 255 8 10 0.022712227 
236 259 13 16 0.022708924 
231 242 11 14 0.022514248 
910 240 10 10 0.022255467 
576 208 8 10 0.022187073 
489 198 9 12 0.022092164 
657 177 6 8 0.021993583 
455 220 9 11 0.021928877 
827 297 50 54 0.021860665 
518 387 30 34 0.021845372 
145 277 8 12 0.021801194 
537 190 8 10 0.021692824 
529 215 9 11 0.021644304 
205 211 9 12 0.021535952 
546 0 436 506 0.021411449 
355 254 18 20 0.021329856 
165 292 14 15 0.021162324 
210 274 16 19 0.0210861 
492 253 11 15 0.020902492 
559 215 7 9 0.020859199 
703 193 8 9 0.020809019 
935 240 9 10 0.02076605 
990 235 9 12 0.020708665 
551 222 9 10 0.020693265 
1006 301 13 18 0.0206044 
542 190 8 10 0.020577405 
567 192 8 10 0.020570718 
514 190 8 10 0.020423071 
30 290 23 29 0.020415628 
496 348 12 14 0.020144885 
84 551 42 51 0.020110628 
