54_Rescue_rescuepeople_54_529
38
408 24 68 87 0.9982729 
828 165 65 82 0.9826051 
464 195 56 66 0.9785978 
301 228 62 81 0.960212 
407 284 50 57 0.37914062 
845 195 59 81 0.3200782 
522 303 18 22 0.16503948 
571 162 27 29 0.13334885 
523 296 29 35 0.11887264 
584 75 435 436 0.10380573 
410 262 48 54 0.10183089 
403 298 36 36 0.08178492 
394 302 52 64 0.06854894 
389 257 84 92 0.05280176 
315 294 64 68 0.05020745 
715 220 41 51 0.04743974 
565 167 42 49 0.046576425 
649 139 239 250 0.042743444 
411 266 30 34 0.040359095 
533 295 35 40 0.039456703 
293 250 91 103 0.038281612 
482 130 44 54 0.036212288 
483 314 43 51 0.033059217 
476 162 51 64 0.03286272 
703 202 105 126 0.031912744 
417 299 55 66 0.029740287 
108 152 359 438 0.028081978 
433 278 50 61 0.026622996 
313 215 37 55 0.024595523 
665 160 19 21 0.023594921 
430 276 34 39 0.023299763 
606 361 27 39 0.022851504 
652 338 14 20 0.022710888 
797 173 59 77 0.021933693 
494 198 34 48 0.021899398 
414 249 34 38 0.021531934 
817 246 158 267 0.02141713 
457 208 43 43 0.021207 
