54_Rescue_rescuepeople_54_581
436
317 339 9 13 0.908056 
1013 374 8 13 0.87852204 
287 190 9 11 0.87734336 
538 317 10 13 0.8582733 
436 182 8 11 0.8379381 
58 350 9 10 0.8344936 
624 185 10 13 0.8313804 
748 198 10 13 0.8178656 
973 422 13 14 0.79104275 
791 367 9 11 0.7504665 
507 181 9 12 0.7385264 
263 331 10 13 0.73851883 
691 373 9 12 0.726005 
654 199 8 11 0.7146472 
841 367 9 12 0.653793 
937 197 9 12 0.65295 
959 195 9 12 0.6480148 
96 358 9 11 0.6318054 
852 182 10 13 0.6288739 
691 190 10 14 0.6259998 
92 337 9 11 0.6255206 
406 180 8 11 0.61515915 
373 352 12 15 0.61057395 
167 352 11 13 0.6069366 
597 355 10 14 0.581853 
383 188 9 11 0.5609327 
816 367 10 13 0.5607367 
882 197 9 12 0.53723556 
537 367 10 12 0.53265387 
886 352 11 14 0.5096542 
454 190 9 11 0.4904635 
908 370 10 12 0.46999326 
997 367 11 14 0.4671517 
918 315 9 11 0.40618625 
361 343 9 11 0.39570796 
887 312 9 11 0.3866414 
193 182 10 13 0.38053212 
399 175 8 11 0.38014203 
807 178 12 15 0.3734829 
912 201 8 11 0.34729534 
409 356 10 11 0.34640974 
482 355 9 13 0.33864948 
965 308 9 12 0.3316642 
812 179 12 15 0.32681185 
481 318 9 11 0.32531074 
305 191 8 10 0.3228529 
233 353 10 12 0.31099126 
209 331 10 12 0.3065097 
4 334 11 13 0.30265227 
709 182 10 12 0.28218108 
642 367 9 12 0.28111577 
323 199 8 9 0.27753785 
844 189 10 13 0.27729046 
741 373 10 12 0.26845655 
673 199 8 10 0.26674494 
421 332 10 11 0.26213685 
480 181 9 11 0.26051813 
105 193 11 14 0.2593985 
684 216 11 14 0.25718087 
879 374 10 12 0.23876551 
906 207 9 11 0.21734816 
395 176 8 10 0.21207002 
206 198 12 14 0.21048956 
333 357 8 11 0.20711716 
927 208 10 13 0.20586985 
360 358 11 13 0.20416592 
413 352 9 12 0.20290026 
979 367 10 12 0.19451831 
541 336 10 13 0.19032869 
428 205 9 12 0.18786412 
233 376 7 11 0.17896669 
966 189 10 13 0.17458466 
883 369 12 15 0.15630507 
820 365 10 13 0.15080474 
366 356 13 15 0.14115801 
270 354 10 13 0.13732567 
925 416 8 11 0.13367128 
801 194 11 13 0.1320641 
805 192 10 11 0.117585994 
389 181 10 12 0.11718479 
88 355 10 13 0.11638534 
836 457 12 15 0.112501785 
484 395 12 14 0.11161367 
796 367 8 11 0.10696717 
240 341 8 10 0.106636934 
387 189 10 13 0.106604986 
449 360 10 13 0.10139453 
265 355 10 13 0.098953836 
868 335 9 11 0.098077 
204 359 11 13 0.09648837 
698 357 9 11 0.09629454 
110 222 8 10 0.09603377 
249 188 9 11 0.09521883 
117 385 8 10 0.0944032 
477 188 10 12 0.09298956 
716 182 9 12 0.091264226 
549 182 9 11 0.089542806 
391 360 9 11 0.08906725 
12 190 9 10 0.08726653 
1006 394 11 14 0.08564552 
865 180 13 16 0.08435432 
908 407 9 11 0.08347024 
897 452 10 13 0.08341627 
452 364 9 11 0.082273655 
485 176 8 10 0.08153934 
848 178 9 12 0.080960594 
909 412 9 11 0.07789484 
1010 383 13 19 0.07517799 
864 414 8 11 0.07227282 
768 336 10 12 0.071914114 
841 193 11 14 0.06872543 
786 372 10 13 0.06657251 
408 341 9 12 0.06653915 
433 186 9 12 0.06594109 
191 175 20 25 0.06486414 
823 361 9 11 0.06414774 
337 375 9 11 0.06382084 
1009 369 17 24 0.06375636 
98 363 12 13 0.063365445 
969 185 9 11 0.06321863 
95 371 12 14 0.062393803 
975 199 10 12 0.061772767 
884 192 10 12 0.06169838 
529 387 10 12 0.06104316 
704 186 12 14 0.060371686 
783 391 10 12 0.060132153 
903 212 10 11 0.05945497 
407 335 7 10 0.059239842 
532 381 10 13 0.058960665 
474 192 8 10 0.0585892 
885 332 10 12 0.058490045 
593 364 10 12 0.057147555 
757 214 9 12 0.056976166 
843 371 10 13 0.056708977 
366 348 15 17 0.056594506 
34 184 9 12 0.05566864 
185 173 38 49 0.055355243 
60 346 10 12 0.054320022 
862 185 13 16 0.052985683 
1014 314 8 13 0.05169732 
915 199 10 12 0.05141382 
81 351 9 12 0.051147956 
431 318 9 10 0.050628733 
236 195 9 14 0.050595403 
959 430 10 11 0.05057204 
399 357 9 11 0.05019239 
286 351 11 14 0.050010648 
377 348 14 17 0.049816538 
320 205 9 10 0.049747113 
191 358 9 12 0.048053652 
455 333 8 9 0.047698658 
795 209 15 18 0.04734464 
470 341 9 12 0.047302797 
918 205 9 11 0.04703916 
692 368 11 14 0.046968963 
972 538 23 27 0.046957117 
853 427 11 15 0.046873644 
842 182 11 15 0.04672774 
440 327 8 10 0.046705022 
552 318 9 12 0.046319302 
245 336 8 10 0.045777462 
202 363 10 12 0.045754284 
857 392 9 11 0.045712527 
230 334 9 11 0.045541547 
905 225 14 18 0.045454923 
310 197 7 10 0.045432877 
894 335 9 10 0.04537315 
423 349 9 12 0.044535525 
605 381 11 13 0.044510372 
962 390 9 11 0.04447549 
228 326 9 13 0.043863744 
864 195 11 13 0.043855343 
473 197 8 10 0.043548424 
207 374 9 10 0.043116655 
848 177 17 23 0.042666268 
114 389 9 11 0.042283818 
245 342 9 11 0.04206438 
424 213 8 10 0.04203788 
887 180 11 12 0.042007107 
765 357 10 12 0.0416111 
809 373 9 11 0.04143724 
486 313 8 10 0.040788848 
983 588 37 58 0.040554717 
893 316 11 13 0.040280946 
969 424 12 15 0.040279653 
926 332 12 15 0.040140916 
978 387 10 15 0.04008277 
621 364 9 12 0.03987036 
617 357 10 13 0.03986152 
456 328 9 11 0.039711602 
255 344 9 11 0.039559714 
558 200 9 12 0.039549075 
429 200 9 11 0.039511103 
11 332 11 14 0.039375387 
495 319 9 10 0.03917986 
593 351 12 14 0.039000455 
279 355 10 13 0.038469262 
60 355 10 11 0.038027294 
871 413 9 12 0.037556276 
318 344 9 12 0.037330247 
413 341 11 13 0.037142027 
761 366 10 13 0.03664053 
703 353 8 10 0.036454115 
884 202 10 12 0.03633269 
380 190 8 10 0.03589287 
909 398 10 13 0.035541724 
838 361 18 23 0.035395443 
673 373 10 13 0.03537622 
430 212 9 11 0.035340972 
874 376 10 13 0.03521756 
802 179 11 14 0.03507268 
919 332 12 17 0.03505449 
461 191 7 9 0.03500244 
188 334 10 12 0.034888916 
333 381 10 13 0.03484893 
332 364 9 12 0.034834657 
790 391 9 11 0.034737132 
921 419 10 12 0.034682788 
224 383 8 10 0.034603596 
392 318 7 10 0.03454787 
719 186 9 12 0.03454552 
662 415 7 8 0.034387555 
918 398 9 12 0.034253825 
797 192 21 28 0.034065153 
909 212 11 13 0.03388204 
432 176 17 22 0.033702217 
100 352 10 12 0.033422396 
422 339 10 12 0.033197228 
991 358 11 13 0.03296294 
486 380 11 13 0.032913815 
980 381 13 17 0.03287008 
429 350 9 12 0.032541256 
924 317 8 11 0.03242508 
745 193 16 22 0.03235844 
519 318 10 11 0.03217726 
495 389 10 13 0.032159843 
692 377 10 13 0.03210132 
1005 366 12 15 0.03201925 
855 413 9 10 0.032015894 
433 177 10 13 0.03200475 
453 342 9 11 0.031945437 
753 212 10 12 0.03188515 
254 186 7 9 0.031693153 
510 341 11 13 0.031676505 
414 215 9 11 0.031086797 
766 352 10 11 0.030881 
855 367 9 11 0.030697826 
358 342 20 25 0.030547788 
313 335 18 22 0.030500304 
11 195 12 14 0.030400312 
747 366 10 11 0.030291023 
971 420 21 23 0.030287566 
882 327 10 12 0.030142253 
24 188 10 11 0.030132148 
1016 210 8 14 0.02993199 
1007 536 12 16 0.029925087 
535 359 12 16 0.029862383 
409 215 9 12 0.029858807 
245 347 10 13 0.029552989 
440 332 9 11 0.02953868 
162 351 10 12 0.029353747 
964 195 10 13 0.029333424 
970 188 12 13 0.029301414 
478 365 10 12 0.029226586 
954 190 9 13 0.029165031 
908 357 11 14 0.02913935 
321 194 9 10 0.029080093 
701 372 10 12 0.029070348 
593 372 10 12 0.028991261 
828 359 9 11 0.02882212 
782 380 10 14 0.02839626 
711 352 8 11 0.028360002 
91 352 19 23 0.02834689 
809 367 10 11 0.028345112 
284 185 19 23 0.028331134 
202 193 20 23 0.028153691 
477 196 8 11 0.028111637 
89 332 17 20 0.028041502 
669 228 11 14 0.028018583 
747 358 10 13 0.027940217 
954 196 10 13 0.027850036 
883 339 107 122 0.027682038 
847 211 12 14 0.027315913 
791 362 9 11 0.027286973 
900 319 11 12 0.027261406 
328 352 9 11 0.027191374 
507 349 13 15 0.027056823 
906 199 8 11 0.026782503 
777 388 10 13 0.026726047 
599 382 12 12 0.026681513 
55 345 17 22 0.026666347 
798 388 10 11 0.026597949 
737 378 11 14 0.026517104 
657 415 7 9 0.026262067 
448 333 7 10 0.026239265 
505 354 10 13 0.026099116 
744 235 13 17 0.026031984 
592 240 9 11 0.02599409 
773 339 11 13 0.025965592 
738 367 10 13 0.025924655 
999 342 9 11 0.025901461 
913 311 11 13 0.02580171 
543 385 14 16 0.025617333 
399 352 8 11 0.02561693 
998 360 11 15 0.025616199 
1003 483 14 17 0.025551308 
904 348 10 13 0.025522664 
198 181 23 27 0.025462285 
999 281 7 9 0.025360394 
862 428 10 14 0.025274204 
621 183 17 21 0.025242906 
391 196 9 11 0.02518572 
367 229 8 10 0.025057746 
982 343 8 11 0.025011575 
518 334 9 11 0.024996974 
846 205 11 13 0.024990097 
999 286 9 11 0.024954999 
862 373 10 13 0.02488569 
314 206 8 10 0.024799032 
808 390 10 11 0.024763476 
313 214 8 10 0.02471427 
967 439 12 13 0.024662498 
224 350 10 13 0.024595672 
797 371 10 12 0.024542157 
408 206 7 8 0.024539417 
788 362 18 23 0.024538718 
449 371 9 12 0.024460997 
199 196 14 16 0.024391754 
184 340 10 13 0.024318125 
549 439 8 10 0.024262615 
918 389 10 13 0.02423784 
485 190 11 13 0.024220388 
495 381 10 13 0.024184983 
673 192 9 11 0.024172423 
918 323 11 14 0.02413939 
725 373 10 12 0.02412904 
894 339 10 13 0.02412693 
202 373 10 11 0.02401984 
476 374 11 12 0.023963362 
1000 298 11 14 0.023953918 
329 383 9 13 0.02393623 
885 340 13 15 0.023935163 
484 322 9 12 0.023932176 
373 344 14 16 0.023918044 
991 351 10 12 0.023856048 
998 350 9 12 0.023847599 
958 202 12 13 0.023791933 
825 342 9 10 0.02378336 
167 346 17 22 0.023759207 
901 334 9 12 0.02362305 
918 212 10 13 0.02358777 
944 430 9 12 0.023475269 
3 327 20 24 0.023470819 
799 381 10 14 0.023469314 
774 349 10 12 0.023308907 
545 176 8 11 0.023248594 
369 199 9 11 0.02308579 
908 421 11 12 0.023084164 
279 205 9 11 0.023039667 
602 356 10 12 0.02302217 
928 196 11 14 0.02301669 
471 348 11 14 0.022991406 
877 397 11 12 0.022845453 
932 201 12 16 0.022810321 
872 374 20 24 0.022739375 
259 328 18 22 0.022719381 
709 195 10 12 0.022705121 
928 347 10 13 0.02265255 
964 394 11 15 0.02261825 
385 318 8 10 0.02259714 
879 191 17 23 0.022535639 
783 359 9 11 0.022518005 
680 210 18 24 0.022482568 
440 229 9 11 0.02242121 
964 382 10 13 0.022415515 
565 199 9 12 0.022386959 
470 335 9 10 0.022314942 
678 191 10 11 0.022309316 
35 196 12 16 0.022266412 
940 192 11 14 0.022154434 
550 177 8 10 0.022147397 
919 404 9 12 0.022131162 
977 360 9 12 0.022116944 
708 175 19 25 0.022084692 
448 215 8 11 0.0220839 
798 359 10 11 0.022054078 
879 361 19 24 0.022041606 
207 323 18 22 0.022032542 
897 214 9 11 0.022022951 
701 365 10 13 0.021908155 
760 349 10 12 0.021899728 
406 328 9 11 0.021897608 
375 198 8 10 0.021847283 
495 375 9 12 0.021811979 
448 342 8 11 0.021752141 
633 383 9 12 0.021748817 
201 177 15 19 0.021724401 
876 405 13 15 0.021706555 
865 177 10 12 0.021685395 
199 353 19 24 0.02165054 
925 190 13 14 0.02163962 
14 214 11 12 0.021557909 
982 361 9 12 0.02155198 
389 350 11 13 0.021511849 
805 358 10 11 0.021505207 
293 344 9 11 0.021494273 
983 347 9 12 0.021487055 
40 350 9 11 0.021471007 
819 180 11 14 0.021458307 
205 337 12 14 0.021366805 
494 215 9 10 0.02136162 
202 333 10 11 0.021340292 
764 363 14 15 0.021273902 
678 373 9 13 0.021164838 
952 203 9 12 0.021153549 
700 181 20 23 0.021088848 
291 194 11 13 0.021040352 
340 379 10 12 0.020902213 
988 381 11 14 0.020843746 
104 215 10 11 0.020833306 
78 335 9 11 0.020793993 
590 342 10 12 0.020783879 
335 343 8 10 0.02059196 
820 196 13 16 0.020588951 
501 390 8 11 0.020538012 
850 414 8 10 0.02048008 
566 204 8 13 0.02046924 
755 205 10 13 0.020436876 
862 422 9 12 0.020407267 
976 361 17 23 0.020383 
931 339 12 16 0.020303708 
505 304 10 12 0.020119874 
628 118 93 130 0.020117788 
233 341 9 11 0.020110827 
621 348 12 15 0.020107793 
903 366 18 23 0.020091515 
