54_Rescue_rescuepeople_54_8
30
175 177 129 144 0.99987423 
516 79 130 151 0.99746835 
437 183 149 174 0.9950387 
994 179 30 50 0.96554273 
479 117 142 172 0.5093133 
881 71 44 61 0.078628 
885 362 31 37 0.0731076 
689 403 46 68 0.06322025 
705 407 53 73 0.047278102 
740 415 60 80 0.043283463 
471 -12 105 95 0.042483848 
758 225 30 45 0.04173403 
678 149 373 433 0.041590933 
171 117 34 31 0.040808264 
874 367 66 72 0.0380444 
294 266 75 109 0.03726986 
288 419 137 182 0.03418097 
855 340 104 119 0.030058907 
355 271 55 66 0.029921865 
503 24 120 121 0.028689623 
485 -3 66 56 0.027818117 
326 275 48 71 0.027439775 
574 0 34 27 0.024192229 
721 319 62 73 0.022941677 
237 217 102 132 0.022390526 
488 0 36 26 0.022185506 
367 263 98 107 0.022114221 
677 616 11 12 0.021507604 
319 316 36 49 0.020759929 
326 268 30 51 0.0200526 
