54_Rescue_rescuepeople_54_711
53
407 374 12 17 0.8630891 
485 308 13 17 0.84408444 
423 319 10 14 0.37910467 
438 349 8 11 0.33095786 
494 342 8 9 0.2507281 
428 323 9 13 0.23213364 
456 352 8 11 0.17080323 
495 334 9 12 0.106264286 
495 325 10 12 0.088237986 
424 312 10 14 0.07144713 
473 356 7 10 0.06872714 
497 368 9 10 0.06510003 
458 302 8 11 0.061721925 
542 284 15 17 0.06110271 
490 315 12 15 0.055104006 
480 335 10 12 0.05314438 
490 341 8 11 0.052669145 
512 295 9 11 0.051035732 
479 357 7 9 0.0506865 
475 386 13 15 0.044899527 
528 360 10 12 0.04365119 
421 317 19 24 0.043524925 
447 373 10 13 0.0432854 
463 367 8 11 0.040889286 
559 280 13 15 0.040259846 
507 213 44 59 0.038259532 
469 317 10 13 0.034385294 
446 369 9 11 0.03268494 
462 295 9 11 0.032238293 
488 294 9 10 0.030888971 
512 342 9 10 0.03034567 
445 343 10 11 0.028779441 
501 367 8 10 0.026499163 
469 324 9 12 0.026444897 
423 365 8 10 0.026206851 
488 337 9 11 0.025993079 
550 279 12 14 0.025990797 
444 419 14 15 0.024223782 
533 364 9 10 0.02416137 
437 356 9 10 0.023866711 
504 296 9 11 0.023718264 
461 308 10 12 0.023442531 
461 249 106 131 0.02244213 
446 349 10 12 0.02241203 
501 333 8 10 0.02212883 
422 358 8 11 0.02136818 
423 328 10 15 0.021254096 
537 336 8 10 0.021137305 
487 320 11 14 0.020640813 
432 344 9 12 0.020388938 
527 327 9 11 0.020287232 
575 283 12 16 0.02021001 
596 306 12 14 0.020089263 
