54_Rescue_firemanrescue_54_908
25
854 295 35 47 0.9952845 
858 158 31 38 0.9886591 
620 185 21 28 0.96460384 
438 291 52 56 0.90171844 
437 58 392 442 0.17688902 
463 296 49 56 0.16812028 
798 309 22 31 0.06442982 
426 278 45 53 0.057742607 
525 179 48 61 0.049905483 
881 166 18 24 0.048921593 
1012 60 10 16 0.04163004 
508 196 48 65 0.039197445 
518 276 120 168 0.03532404 
688 221 10 13 0.03194951 
553 175 44 54 0.03186574 
850 254 15 18 0.031163145 
410 254 50 63 0.030031908 
279 481 32 31 0.029551785 
734 157 10 11 0.026210915 
871 166 20 25 0.025027813 
980 227 42 60 0.024395315 
566 221 13 16 0.023663437 
391 95 24 33 0.023545949 
505 210 33 42 0.022273935 
571 185 15 18 0.021362158 
