54_Rescue_rescuepeople_54_188
34
398 94 212 253 0.9997055 
291 99 95 110 0.9989166 
692 14 55 62 0.99764484 
950 167 47 46 0.83167595 
233 21 51 75 0.33248046 
596 1 45 38 0.2392897 
843 129 25 31 0.2380904 
850 120 22 32 0.14222279 
251 5 33 40 0.11854458 
855 272 58 76 0.076962516 
21 55 13 15 0.076311395 
380 25 25 37 0.062039327 
316 179 61 71 0.056938924 
84 223 47 61 0.056689367 
93 78 44 62 0.054960813 
853 117 14 21 0.0501748 
955 446 40 51 0.043455638 
229 388 55 75 0.042152386 
115 222 44 53 0.037886202 
859 122 24 36 0.034051158 
782 271 32 44 0.032175455 
443 137 404 522 0.0319885 
0 328 202 281 0.030484123 
753 -2 35 33 0.030197978 
2 81 27 33 0.027028732 
311 35 15 19 0.025971375 
56 22 83 116 0.02517126 
827 262 57 68 0.024803743 
82 49 16 18 0.024694955 
942 173 33 40 0.023492258 
577 -6 62 68 0.023097418 
4 97 17 22 0.022759613 
837 134 20 24 0.02226602 
171 180 67 78 0.020594163 
