54_Rescue_rescuepeople_54_328
22
556 128 135 200 0.9987336 
371 370 26 31 0.47014478 
365 372 40 49 0.1920856 
384 372 28 30 0.09909713 
361 400 28 32 0.09001069 
365 369 18 22 0.08381613 
336 458 17 20 0.06381065 
629 598 43 42 0.05836224 
403 427 17 21 0.053802505 
709 384 38 44 0.04130923 
698 573 30 33 0.039495286 
82 347 32 36 0.034309305 
463 614 49 59 0.03260573 
678 560 56 55 0.03229262 
369 394 20 24 0.031022497 
407 36 27 36 0.02443358 
585 627 34 38 0.023563065 
291 342 381 441 0.023301598 
427 448 14 19 0.023180172 
451 454 22 27 0.022669787 
83 372 31 37 0.02235966 
78 410 30 37 0.02119812 
