54_Rescue_rescuepeople_54_777
19
692 119 59 76 0.9987841 
776 335 69 88 0.9985393 
286 41 64 94 0.994241 
410 299 78 106 0.9923706 
644 432 33 35 0.6196113 
1004 352 18 30 0.2045382 
842 613 51 60 0.16238175 
969 427 16 20 0.06223326 
948 426 15 22 0.050011784 
910 419 16 23 0.037900925 
1010 349 13 21 0.034218203 
510 32 194 258 0.031423844 
174 511 9 11 0.028422922 
1010 409 14 18 0.026347853 
927 386 16 21 0.02592337 
176 272 135 147 0.025350835 
875 147 11 13 0.022256771 
443 15 97 145 0.021685438 
915 343 14 17 0.020248145 
