54_Rescue_rescuepeople_54_208
37
249 21 115 225 0.9952604 
301 35 162 252 0.403422 
632 98 14 18 0.10848728 
361 65 188 256 0.100240715 
184 440 30 41 0.07957867 
414 504 13 16 0.071068145 
1011 580 11 18 0.059290923 
617 68 10 13 0.04868465 
100 51 17 23 0.04847198 
151 373 13 15 0.046374742 
617 76 10 13 0.04614745 
197 595 10 13 0.043427877 
338 469 40 47 0.03737962 
964 14 63 79 0.03672548 
507 542 11 13 0.036198888 
508 534 10 11 0.035763852 
709 135 31 32 0.03538198 
448 518 10 13 0.033426583 
1003 610 14 17 0.031683464 
631 115 13 16 0.029403077 
921 114 97 138 0.028422125 
509 548 10 13 0.028404787 
474 498 24 29 0.027987678 
70 299 117 174 0.027897736 
505 528 8 11 0.026570024 
364 532 16 18 0.025620304 
0 0 29 24 0.025475167 
175 302 28 39 0.024988279 
112 371 12 15 0.02460004 
150 277 12 15 0.023718912 
108 63 14 18 0.023208816 
0 165 35 53 0.023006286 
312 451 209 213 0.022334404 
528 554 15 18 0.020832112 
470 549 10 14 0.020731142 
998 608 23 31 0.02025727 
194 591 10 12 0.020182502 
