54_Rescue_rescuepeople_54_335
27
825 148 112 141 0.9998832 
524 231 96 130 0.9996711 
380 374 105 115 0.99950707 
487 91 15 18 0.31966937 
604 290 91 129 0.14089665 
565 343 217 262 0.13662203 
146 445 25 27 0.062276255 
557 261 90 127 0.059552368 
835 439 173 254 0.055792134 
416 375 361 490 0.05063835 
540 495 202 323 0.04152066 
592 461 155 145 0.031435292 
200 -8 104 123 0.031292353 
-30 -23 189 220 0.029919809 
47 63 27 32 0.028801987 
88 397 16 19 0.027950065 
223 615 54 62 0.02542472 
841 39 8 10 0.024277825 
65 71 27 33 0.023904689 
86 407 24 28 0.023581995 
133 395 14 17 0.023420753 
128 468 28 29 0.0233738 
118 14 104 108 0.022816936 
142 92 13 16 0.022448892 
829 54 9 11 0.022362357 
600 642 147 196 0.022110209 
41 18 123 143 0.020110423 
