54_Rescue_rescuepeople_54_817
28
785 645 67 77 0.9969221 
473 449 68 90 0.9421333 
260 717 422 557 0.35181925 
212 696 47 51 0.19545124 
179 591 376 527 0.1172093 
568 664 104 128 0.11335165 
437 2 34 27 0.101263635 
522 570 179 239 0.08053934 
409 473 47 66 0.07669369 
426 445 79 104 0.07661409 
59 509 361 538 0.06212979 
302 366 380 505 0.039013937 
263 690 25 33 0.036349386 
294 797 246 365 0.034330003 
691 310 166 252 0.031472545 
48 80 349 493 0.031445805 
231 685 47 51 0.031271648 
166 905 508 611 0.027911646 
172 353 196 275 0.02551497 
402 480 30 42 0.024470039 
356 483 29 40 0.021463795 
394 468 28 38 0.021246832 
386 444 81 111 0.02049371 
568 381 47 66 0.020427179 
272 444 102 126 0.020297918 
404 468 16 20 0.020158997 
591 1165 385 469 0.020102726 
558 304 100 140 0.020053724 
