43_Row_Boat_Rowboat_43_758
18
514 298 34 42 0.9947811 
362 197 15 17 0.68818694 
361 198 26 24 0.05460175 
356 188 53 47 0.037446335 
369 188 17 20 0.034252364 
772 390 12 15 0.032703567 
386 225 36 40 0.029439107 
377 195 18 19 0.028562458 
402 251 16 19 0.025350519 
371 217 37 33 0.023927461 
354 226 37 36 0.02345772 
419 209 13 17 0.022517467 
414 205 14 17 0.021218916 
383 209 35 33 0.02117986 
322 308 126 159 0.021050725 
624 70 9 13 0.020624105 
371 183 13 14 0.020249495 
573 226 475 481 0.020094935 
