43_Row_Boat_Canoe_43_940
66
397 203 31 38 0.9991097 
676 300 28 35 0.998862 
757 299 28 35 0.9986206 
309 187 32 40 0.9978071 
511 211 30 36 0.99764013 
248 239 25 38 0.99738365 
117 396 28 35 0.9932286 
525 426 37 44 0.9651487 
237 251 27 35 0.19222817 
3 269 27 41 0.14199905 
461 268 11 13 0.110090494 
222 300 14 19 0.108885065 
430 246 12 15 0.1045631 
778 377 18 23 0.090336 
462 295 22 26 0.080153406 
421 304 14 16 0.076493025 
578 269 16 22 0.0706478 
366 252 15 19 0.06651309 
618 420 24 43 0.06638783 
93 231 24 31 0.065933414 
82 225 42 57 0.063695736 
20 257 37 51 0.06166425 
95 230 13 15 0.054652244 
229 259 26 32 0.052899383 
455 267 13 16 0.05272374 
44 259 16 21 0.05260972 
422 252 12 16 0.05228184 
608 241 41 53 0.051056236 
455 299 14 18 0.048320644 
628 431 13 23 0.047716316 
80 257 12 16 0.041509647 
101 238 14 19 0.041143917 
37 251 40 53 0.037755217 
627 251 14 18 0.03633156 
227 295 12 17 0.0357432 
444 285 11 14 0.034803677 
468 267 13 15 0.03340213 
222 310 12 15 0.03332791 
786 381 16 20 0.03306053 
383 244 10 13 0.032126836 
619 246 24 34 0.03086847 
38 252 12 16 0.02953704 
449 268 11 15 0.029467199 
621 245 15 20 0.029372802 
415 282 13 16 0.029110089 
63 236 15 16 0.027967699 
447 276 11 15 0.027797919 
567 272 13 19 0.027752027 
220 293 23 31 0.027568622 
107 235 14 19 0.027037892 
447 263 10 12 0.026541403 
608 267 12 17 0.025431043 
477 266 14 16 0.02464805 
94 382 46 58 0.024624093 
9 384 100 153 0.024622895 
456 263 20 24 0.024348654 
38 263 15 21 0.024262864 
574 269 38 45 0.024113832 
526 430 55 66 0.02390754 
623 239 12 14 0.02349154 
689 388 17 20 0.023072125 
25 433 129 146 0.022991505 
18 251 16 18 0.02274768 
10 251 24 31 0.020964433 
59 232 28 28 0.02073069 
879 330 172 234 0.02022465 
