43_Row_Boat_Canoe_43_784
69
401 425 19 24 0.9795959 
208 469 24 27 0.9718308 
222 431 25 29 0.94537836 
351 458 26 31 0.9317557 
658 443 19 22 0.5522814 
140 495 16 18 0.27385268 
434 474 13 17 0.24224587 
248 500 18 21 0.19447689 
593 127 456 552 0.11212293 
653 470 11 14 0.112002745 
19 565 38 39 0.103102714 
337 360 19 22 0.09154187 
666 434 18 22 0.08034225 
390 473 13 18 0.07825566 
216 475 22 29 0.06968445 
405 461 16 18 0.067971185 
-4 560 34 43 0.061393227 
389 459 11 15 0.05305477 
186 461 14 17 0.052011322 
429 480 17 20 0.05025379 
600 417 11 14 0.047003683 
318 281 10 11 0.046859484 
183 466 14 19 0.046406496 
637 469 13 15 0.04570848 
353 288 14 19 0.04534104 
238 504 24 29 0.04531405 
646 471 12 15 0.04295514 
146 503 16 20 0.040408682 
180 508 15 20 0.0397044 
404 447 15 18 0.03948954 
152 517 29 42 0.03580585 
186 472 16 21 0.033703756 
370 464 16 22 0.03175343 
673 430 17 20 0.030953541 
31 528 39 48 0.0290235 
381 459 13 17 0.028918853 
152 503 24 31 0.028900787 
158 493 13 18 0.028805085 
674 447 15 21 0.028051034 
620 421 13 16 0.027847134 
167 506 27 33 0.02765715 
381 473 14 20 0.026841365 
7 549 36 43 0.025999859 
312 285 10 11 0.025483841 
459 159 28 32 0.025357919 
427 489 15 18 0.024955995 
420 421 12 16 0.02420527 
258 493 12 17 0.02411527 
67 272 16 20 0.0240759 
677 457 13 17 0.023967043 
427 500 13 18 0.023661647 
157 484 12 15 0.023540724 
1 533 10 15 0.023321275 
543 349 228 249 0.023167122 
633 468 12 13 0.022735232 
355 362 17 20 0.02208294 
409 450 15 18 0.022034202 
421 483 17 19 0.022024868 
149 485 12 15 0.021810247 
149 512 14 19 0.021792186 
639 485 10 12 0.021755211 
663 477 11 12 0.021736473 
30 552 34 40 0.021248711 
668 470 11 12 0.021247301 
1 575 22 39 0.020914936 
433 426 13 18 0.02072243 
-90 288 449 486 0.020211874 
357 470 26 30 0.020076787 
0 538 11 20 0.020021355 
