43_Row_Boat_Rowboat_43_797
19
480 368 16 24 0.8450492 
746 502 35 35 0.08469314 
478 426 15 19 0.065206185 
532 429 12 13 0.049511008 
532 437 12 13 0.039372478 
581 411 14 19 0.035753768 
510 440 15 19 0.035095852 
444 453 16 17 0.034001566 
539 425 14 15 0.030565092 
757 120 28 31 0.02802562 
574 413 14 17 0.027414626 
404 83 12 17 0.026966924 
125 163 14 17 0.026346501 
769 127 15 19 0.02416751 
465 416 23 32 0.024031568 
118 159 12 17 0.02390822 
715 121 13 15 0.023038125 
435 435 12 14 0.020814586 
441 100 11 13 0.020625848 
