43_Row_Boat_Rowboat_43_301
21
720 258 28 36 0.9833172 
289 278 34 43 0.62961864 
505 259 24 31 0.22973195 
516 294 31 32 0.111849956 
414 147 23 27 0.055033453 
522 304 18 20 0.047794625 
513 261 15 19 0.0401292 
302 268 27 37 0.03655659 
313 276 16 20 0.032084312 
710 302 21 26 0.029762639 
464 320 8 10 0.027244007 
503 257 42 52 0.026754718 
525 294 15 18 0.025243362 
540 280 14 19 0.023043908 
527 275 26 32 0.021490889 
540 289 13 17 0.021086467 
2 2 17 18 0.020968176 
524 250 12 15 0.020849485 
67 43 15 18 0.02084606 
384 179 29 36 0.020803945 
517 252 13 15 0.020635353 
