43_Row_Boat_Canoe_43_325
139
991 363 14 20 0.9574852 
187 384 16 20 0.9350431 
692 395 18 23 0.93455386 
798 417 14 20 0.86333054 
918 420 15 21 0.77278596 
322 403 13 19 0.7714475 
421 352 10 12 0.47487608 
226 349 10 13 0.44075277 
546 360 8 10 0.41976938 
468 349 9 11 0.37700734 
314 358 10 12 0.37637547 
687 360 9 12 0.26620096 
386 375 16 23 0.23463485 
600 403 12 14 0.2130438 
575 408 11 13 0.1987973 
146 380 14 21 0.15767829 
788 369 9 11 0.14670856 
675 370 14 17 0.14435384 
658 352 8 11 0.14160219 
925 416 12 16 0.13221769 
494 379 14 19 0.1269204 
809 419 12 15 0.122098505 
376 327 10 13 0.11345589 
595 352 8 11 0.108026996 
207 383 10 14 0.107857235 
798 407 13 17 0.10594081 
580 396 10 12 0.10486521 
803 405 15 17 0.095680796 
438 406 8 10 0.09293425 
576 499 16 19 0.092034146 
203 411 17 20 0.09187641 
331 390 12 15 0.090047136 
176 298 198 249 0.08079785 
600 409 14 17 0.0801361 
157 330 11 14 0.07740562 
671 366 11 15 0.076094136 
612 391 11 14 0.06804991 
678 377 12 16 0.06456197 
577 390 9 13 0.06161733 
593 356 9 11 0.057522308 
929 420 12 16 0.05653412 
129 359 9 11 0.053822998 
384 384 12 18 0.053709738 
343 404 10 13 0.053006805 
465 354 10 13 0.05298043 
698 425 15 20 0.052971944 
447 389 10 14 0.051311474 
806 399 12 15 0.051016394 
684 379 12 15 0.05083087 
200 417 13 18 0.050275642 
133 365 12 17 0.046621095 
604 399 10 13 0.046613406 
566 397 9 13 0.046146587 
438 373 10 14 0.04419073 
183 374 11 17 0.04331279 
914 419 13 17 0.042790815 
660 355 10 13 0.042010784 
187 376 15 18 0.041644935 
313 353 9 12 0.041009847 
456 409 10 12 0.040383488 
500 374 13 19 0.039301056 
327 402 15 18 0.039109316 
401 402 17 19 0.038110305 
429 367 9 12 0.03804033 
264 385 23 28 0.037880354 
276 388 13 15 0.037849095 
558 426 15 18 0.03723585 
837 446 10 13 0.03639053 
423 345 11 13 0.036165282 
612 402 14 17 0.035210475 
912 415 10 12 0.035071775 
364 461 16 22 0.033685546 
809 431 23 26 0.032956105 
164 332 11 13 0.03196644 
501 367 10 12 0.03187936 
619 492 23 28 0.031544752 
599 417 14 16 0.031393744 
424 363 10 13 0.030693289 
891 451 16 19 0.0306704 
440 381 11 16 0.030153155 
569 405 9 12 0.02943391 
620 403 12 14 0.02931945 
811 403 12 15 0.028978482 
529 464 27 34 0.028953208 
302 496 33 34 0.028795775 
605 390 23 26 0.028183153 
195 383 20 24 0.028102549 
672 379 11 15 0.028092602 
1000 349 11 14 0.028088557 
704 395 14 18 0.027887192 
768 437 10 12 0.02774414 
566 390 10 14 0.02761821 
412 400 15 18 0.027448673 
606 380 9 13 0.027397657 
683 368 14 19 0.026733467 
139 371 15 20 0.02661057 
248 388 10 15 0.026320549 
246 374 13 18 0.026124327 
438 399 10 13 0.025731089 
905 383 8 10 0.02560993 
665 363 10 14 0.025593668 
432 371 10 14 0.02523135 
693 228 15 19 0.02506618 
1001 453 16 20 0.02486846 
407 389 11 14 0.02481761 
309 409 14 17 0.024261918 
222 337 19 25 0.023781236 
446 407 9 12 0.02356214 
445 383 11 15 0.023424963 
127 382 13 16 0.023378888 
175 374 12 15 0.02331627 
772 381 10 13 0.023242777 
161 466 28 35 0.023139654 
691 359 10 12 0.02313858 
308 393 23 28 0.02307296 
323 387 21 26 0.02250318 
221 324 23 27 0.022491781 
671 386 11 14 0.022478737 
426 356 12 13 0.022200385 
655 489 15 20 0.02204006 
592 362 9 11 0.022034453 
694 380 12 16 0.022020653 
562 418 27 29 0.021981267 
560 406 9 11 0.021746948 
554 178 150 108 0.021591663 
118 462 32 37 0.021589361 
253 375 14 19 0.021570962 
604 374 11 15 0.0215476 
165 338 12 14 0.021535179 
691 372 12 16 0.02102964 
599 399 19 23 0.020951599 
489 378 13 17 0.020763082 
679 373 21 26 0.02073308 
565 494 24 27 0.020614183 
131 374 21 27 0.02035115 
412 389 11 16 0.0202802 
405 395 13 17 0.020120911 
668 358 12 14 0.02010901 
106 128 118 133 0.020011567 
