43_Row_Boat_Canoe_43_538
19
710 393 13 17 0.19389382 
488 403 11 14 0.1433091 
49 186 520 529 0.059911814 
712 419 13 17 0.05481784 
488 392 8 10 0.044171512 
561 432 8 9 0.037773214 
487 423 10 14 0.030892601 
1 -3 441 422 0.030568505 
549 445 10 11 0.03032219 
982 350 7 9 0.029913677 
713 410 26 30 0.029201195 
725 397 11 12 0.028754845 
711 414 11 16 0.028432377 
503 406 9 11 0.028048035 
978 351 8 9 0.027232697 
434 -10 442 421 0.025598222 
565 431 8 11 0.023685036 
484 397 20 24 0.022413408 
1001 348 9 12 0.021264536 
