43_Row_Boat_Canoe_43_429
44
344 315 20 28 0.9653028 
405 297 16 19 0.17665951 
440 298 11 14 0.13038994 
469 278 11 12 0.073263764 
654 385 11 15 0.069682926 
614 370 10 12 0.065000616 
429 309 12 16 0.0636971 
661 371 9 12 0.06252293 
397 297 16 19 0.062173348 
423 308 13 16 0.059042577 
653 276 9 11 0.05235739 
657 373 9 11 0.042079873 
1 749 10 14 0.037725616 
614 359 10 12 0.037103772 
63 558 8 10 0.03553226 
383 303 10 12 0.035062168 
413 304 13 16 0.034781422 
608 373 9 11 0.03297512 
391 301 12 15 0.032504268 
605 382 10 11 0.029743934 
621 373 10 11 0.029743385 
599 376 7 9 0.027314631 
546 359 8 10 0.027148245 
609 367 10 13 0.02714589 
547 277 27 32 0.02695227 
485 283 12 14 0.02659209 
399 212 412 482 0.02563447 
464 284 10 12 0.02554514 
549 365 7 10 0.025025256 
663 269 9 11 0.024959378 
260 307 12 13 0.02351642 
580 268 10 12 0.023397064 
574 267 11 13 0.02339481 
444 294 11 16 0.023311373 
648 273 9 12 0.023109075 
478 283 13 16 0.022469662 
318 306 11 12 0.022398164 
672 264 8 10 0.02218957 
430 301 14 17 0.021112397 
72 566 9 10 0.020977955 
137 590 8 10 0.020694803 
455 307 11 14 0.020602839 
880 309 9 11 0.020376295 
97 117 475 489 0.02031598 
