43_Row_Boat_Canoe_43_1048
238
437 281 53 66 0.99949527 
762 227 54 71 0.99940014 
665 268 54 68 0.9993864 
334 240 54 73 0.9993319 
209 217 58 72 0.999173 
566 248 54 78 0.9991592 
1009 400 8 10 0.18595076 
57 401 7 9 0.1432329 
992 396 8 10 0.11127718 
868 214 17 20 0.10636101 
1012 366 8 11 0.10113901 
88 367 7 9 0.09782495 
141 365 9 10 0.096483886 
927 397 7 10 0.095917486 
65 448 8 10 0.09024793 
926 375 8 11 0.08899383 
949 368 8 10 0.08858428 
926 174 12 14 0.08830644 
1007 350 10 12 0.08450015 
48 345 7 9 0.08115363 
77 382 8 10 0.080974 
42 352 8 9 0.07904216 
20 124 12 17 0.0772624 
101 398 8 10 0.07446502 
855 244 24 34 0.07187812 
1 327 6 10 0.07007006 
146 440 7 9 0.0683588 
952 421 10 12 0.06796991 
78 327 7 10 0.06788544 
931 184 14 20 0.06425534 
61 137 14 20 0.06149962 
949 373 8 10 0.05992938 
89 384 7 9 0.058873016 
96 392 8 9 0.05727525 
977 407 8 10 0.05631419 
1009 356 9 12 0.05628775 
121 409 7 8 0.055615984 
1015 389 8 11 0.0556086 
65 391 7 9 0.054647785 
121 367 8 9 0.054429594 
991 364 8 11 0.05403042 
952 464 8 10 0.053260453 
953 416 7 9 0.05272929 
994 429 8 10 0.052712616 
984 447 8 10 0.052341744 
910 147 14 18 0.05213132 
1014 341 9 12 0.051142126 
61 126 15 20 0.051034376 
976 453 7 10 0.050627816 
6 396 10 14 0.049780015 
950 439 8 10 0.049323794 
71 390 8 9 0.048870966 
0 403 9 13 0.048142936 
1 397 10 15 0.048129592 
960 342 9 11 0.047801573 
976 439 7 9 0.047635768 
15 324 9 12 0.04724175 
992 424 8 11 0.047127433 
1001 438 8 11 0.04659129 
144 384 9 11 0.045231283 
149 439 7 9 0.04501567 
967 399 7 9 0.044988357 
105 488 9 11 0.044452436 
66 336 7 10 0.04427649 
985 351 8 10 0.04400456 
105 360 7 7 0.043596476 
983 399 8 9 0.042896606 
998 429 8 11 0.042868637 
0 356 6 10 0.04248942 
13 398 9 10 0.041579586 
73 384 9 10 0.041515853 
174 407 7 10 0.041365977 
985 422 8 10 0.04116924 
14 418 13 17 0.04116307 
317 261 20 35 0.041134134 
1000 343 7 9 0.040788673 
39 408 8 11 0.040713433 
999 414 8 9 0.040621154 
63 360 7 9 0.040406015 
136 376 8 9 0.040277347 
141 360 9 10 0.038879033 
978 448 7 9 0.03872725 
1014 439 8 11 0.038656812 
18 127 21 30 0.03840571 
977 391 7 10 0.03837336 
959 440 6 8 0.038284827 
990 359 10 11 0.038205545 
977 400 7 9 0.038125694 
967 447 8 9 0.03800499 
120 359 8 9 0.037973497 
47 348 8 11 0.037408456 
985 358 9 11 0.037364215 
183 468 7 10 0.037351403 
900 165 10 14 0.037088457 
945 353 8 10 0.037035298 
22 319 8 11 0.037017904 
59 115 16 24 0.036265247 
7 454 9 11 0.035852563 
958 423 8 10 0.035815697 
168 445 10 13 0.03555601 
989 448 8 10 0.035293143 
975 341 8 10 0.034961246 
86 408 8 10 0.034344565 
58 360 7 9 0.033990618 
126 408 7 9 0.0339518 
121 381 7 10 0.033870988 
53 345 7 10 0.033240486 
870 216 24 31 0.033178713 
998 424 9 11 0.03298322 
97 440 7 10 0.032837942 
136 383 9 10 0.032603234 
62 398 8 11 0.032571986 
80 400 6 7 0.032400183 
994 406 8 11 0.03228798 
129 432 8 9 0.03179335 
120 375 8 10 0.031591676 
999 408 8 10 0.031543992 
31 360 7 9 0.031321287 
809 231 24 41 0.031114958 
989 351 9 10 0.031052299 
27 136 16 21 0.030894179 
17 319 9 12 0.030844763 
79 377 7 8 0.030823471 
921 367 7 9 0.030818619 
966 423 8 10 0.030796293 
866 248 17 24 0.030666584 
967 376 8 10 0.030578913 
921 374 9 11 0.030462105 
41 356 8 10 0.030432247 
32 321 7 8 0.030248964 
169 452 8 10 0.030184794 
152 525 10 10 0.03015983 
8 368 7 10 0.030152304 
53 125 25 32 0.030110417 
70 448 7 10 0.030074213 
1013 404 8 11 0.029989006 
78 352 7 9 0.029979398 
78 343 7 9 0.029886695 
940 194 12 17 0.029685752 
960 428 8 11 0.02938217 
138 457 6 8 0.029049156 
74 376 7 9 0.028908672 
177 468 8 10 0.02863338 
103 376 7 10 0.028588932 
318 259 14 18 0.028352326 
984 375 9 10 0.028290888 
16 351 7 9 0.028167358 
73 461 8 10 0.028141852 
144 457 7 9 0.028056743 
968 441 8 9 0.027984396 
14 405 9 11 0.027840836 
975 359 7 10 0.02772684 
876 209 13 17 0.027684523 
7 445 8 11 0.02752148 
54 455 9 11 0.027489526 
1014 336 8 11 0.02737628 
966 455 8 10 0.027286323 
1014 383 8 12 0.027281843 
960 384 7 9 0.026930872 
922 183 22 32 0.026864493 
103 407 7 9 0.026801236 
967 405 7 10 0.026670165 
67 122 13 19 0.026465101 
934 366 8 10 0.026419643 
89 426 9 10 0.026290039 
1015 420 8 12 0.026168205 
967 364 9 11 0.02615789 
90 390 8 9 0.026062729 
1002 381 8 10 0.025901748 
54 325 8 11 0.02569044 
1007 441 9 10 0.025459979 
976 352 7 9 0.025438761 
933 415 9 11 0.025311358 
47 319 7 10 0.024957364 
1015 414 8 12 0.024930665 
136 423 8 11 0.024779625 
953 408 7 9 0.024698336 
884 216 14 20 0.024626588 
88 373 8 9 0.024492286 
982 407 7 9 0.024466095 
837 234 34 47 0.024444222 
78 424 8 10 0.024392467 
87 439 9 11 0.024354625 
998 365 8 11 0.024093559 
78 332 8 11 0.02408642 
24 439 9 11 0.02397169 
992 414 8 10 0.02383757 
49 374 7 9 0.023836095 
1007 382 9 11 0.023769323 
917 406 8 11 0.023694975 
921 171 22 30 0.023551418 
157 374 11 14 0.023443816 
910 381 9 12 0.0234414 
73 320 8 9 0.023431977 
959 406 8 10 0.023423286 
945 463 8 10 0.023235451 
40 369 7 8 0.023168618 
144 461 6 9 0.023153191 
49 422 8 10 0.022911532 
999 456 8 11 0.022844024 
94 425 8 10 0.02281133 
1000 336 7 10 0.022767238 
72 455 8 10 0.02274301 
142 374 9 10 0.022624629 
81 358 8 10 0.022601891 
961 447 7 8 0.022585247 
142 351 9 10 0.022510659 
919 170 13 16 0.022428071 
984 464 8 9 0.022388486 
10 343 7 10 0.02223686 
40 374 8 9 0.022159519 
111 390 8 10 0.022154521 
916 165 12 16 0.022010041 
716 280 16 24 0.021906916 
913 407 9 12 0.021872513 
935 358 8 10 0.021735327 
162 445 8 11 0.021725353 
983 390 8 11 0.021705275 
983 415 8 9 0.021536194 
957 480 8 10 0.021535756 
983 440 7 10 0.021468373 
986 365 9 11 0.021363016 
1015 431 8 11 0.021338107 
64 385 7 9 0.021206437 
48 369 7 8 0.021134758 
75 429 8 11 0.020949336 
106 430 8 9 0.020938937 
30 342 7 10 0.020925952 
102 413 8 10 0.020825835 
990 344 8 9 0.020799575 
102 439 8 11 0.020741666 
112 385 7 8 0.020625899 
31 366 7 9 0.020594077 
1000 375 8 11 0.020545047 
136 350 8 9 0.020334829 
182 455 8 10 0.020152101 
214 345 17 21 0.02011567 
984 344 8 10 0.020016968 
