43_Row_Boat_Canoe_43_341
18
404 620 45 62 0.961843 
401 456 26 33 0.8093464 
440 627 41 52 0.084104724 
672 948 18 21 0.07892901 
595 601 96 113 0.069142774 
317 552 22 30 0.06805233 
233 350 23 28 0.05079781 
924 928 100 207 0.03724367 
414 465 27 29 0.0309553 
229 1075 10 14 0.030778065 
28 388 13 15 0.029103002 
320 548 14 19 0.026933989 
398 608 34 57 0.024787912 
385 451 38 48 0.0239891 
631 290 468 531 0.021440063 
887 444 12 16 0.021306077 
363 474 14 19 0.020571424 
332 1147 15 20 0.020103218 
