43_Row_Boat_Canoe_43_726
19
191 344 19 22 0.9391011 
485 326 27 42 0.8440151 
279 302 32 35 0.6852513 
497 324 27 41 0.072366334 
173 383 26 33 0.06425159 
122 243 32 38 0.051619176 
273 287 34 39 0.051486097 
294 304 21 25 0.03283269 
272 272 24 31 0.032124393 
495 396 49 60 0.031447623 
183 386 30 36 0.028734595 
805 563 39 42 0.027911672 
177 427 13 17 0.027027847 
514 327 29 34 0.02656898 
534 447 95 113 0.026498292 
506 335 16 23 0.025300633 
526 321 26 35 0.022683512 
251 294 13 18 0.02141087 
203 431 22 28 0.020008987 
