43_Row_Boat_Rowboat_43_563
19
615 106 49 56 0.9675609 
202 396 60 77 0.12230851 
0 439 8 11 0.09195647 
85 398 9 11 0.034413204 
109 390 9 12 0.034313705 
152 416 8 11 0.033528615 
9 430 7 10 0.03149791 
46 388 9 11 0.030369878 
6 399 8 12 0.028338242 
974 546 35 40 0.027525978 
82 399 8 10 0.027448688 
40 383 10 12 0.027145056 
87 376 8 11 0.026676305 
211 386 94 102 0.022501323 
13 387 10 12 0.022109728 
58 398 9 11 0.02088539 
14 380 11 15 0.020614332 
899 569 23 32 0.020450804 
32 382 9 11 0.020170985 
