21_Festival_Festival_21_727
139
589 95 97 122 0.30275333 
417 167 9 11 0.28504044 
417 170 11 16 0.24088536 
416 130 10 13 0.23896879 
822 354 58 89 0.2020209 
492 192 14 18 0.18116997 
443 218 16 20 0.15636869 
951 247 9 13 0.14819582 
421 178 10 13 0.13387464 
438 133 9 11 0.117894046 
175 215 12 16 0.11261637 
277 61 16 17 0.099736765 
383 127 9 10 0.09685481 
487 197 13 16 0.08748581 
460 172 13 15 0.08236189 
397 188 10 12 0.07799373 
434 129 8 10 0.073069274 
392 183 9 12 0.0704818 
388 156 9 12 0.06951197 
447 39 9 10 0.06825478 
519 214 12 14 0.06814699 
392 136 8 11 0.06580582 
808 325 61 81 0.06570825 
420 128 8 11 0.06468297 
479 198 10 12 0.06145511 
207 213 9 13 0.060831755 
444 174 9 12 0.06049251 
387 165 10 14 0.0600835 
959 344 12 16 0.05975761 
218 214 28 33 0.057738304 
124 253 12 15 0.057223137 
226 212 16 18 0.056705732 
463 142 10 11 0.05369875 
357 229 9 11 0.05106714 
388 197 11 15 0.049730774 
469 190 10 13 0.04966785 
947 341 14 17 0.049372114 
500 214 13 14 0.048644166 
574 164 11 15 0.047772 
456 124 9 11 0.04759491 
417 161 8 11 0.04549112 
513 142 9 11 0.04410469 
504 346 30 32 0.04358202 
469 329 25 36 0.043297086 
517 144 9 10 0.042349283 
510 29 26 30 0.042334564 
990 239 8 11 0.041288294 
229 416 14 18 0.04089544 
383 121 9 9 0.04087641 
44 111 14 17 0.040353492 
946 253 10 13 0.040033046 
429 386 12 16 0.039777298 
965 279 10 12 0.03950334 
464 197 12 15 0.038880963 
469 148 9 11 0.03862832 
469 203 11 14 0.038484804 
955 245 9 12 0.037671134 
438 201 11 13 0.037417445 
861 251 11 15 0.036632564 
253 356 13 15 0.034647487 
463 203 11 14 0.034647264 
510 43 12 14 0.034297936 
414 96 8 11 0.033541895 
472 212 8 11 0.03351039 
32 235 10 12 0.033450462 
341 171 11 17 0.032862663 
481 152 8 11 0.03237579 
497 339 25 31 0.032318376 
444 133 9 10 0.032027565 
345 494 10 12 0.031858105 
486 167 11 14 0.03095887 
55 231 11 12 0.030365076 
512 30 12 16 0.029576508 
965 288 12 16 0.029575067 
604 39 155 192 0.029418867 
193 55 10 13 0.029319435 
187 401 33 39 0.02895149 
275 139 25 27 0.028925756 
460 354 12 19 0.028782908 
410 133 9 11 0.02855614 
502 247 9 11 0.02809339 
469 172 12 14 0.027975878 
185 382 50 68 0.027916195 
534 188 9 11 0.027394185 
207 217 13 16 0.027331334 
225 410 22 30 0.027066482 
429 220 11 14 0.026457814 
406 198 9 13 0.026439346 
425 79 9 10 0.02630792 
992 539 10 12 0.02617332 
396 134 9 11 0.025737455 
520 172 9 11 0.025645893 
485 152 9 11 0.025038406 
421 228 11 14 0.024780916 
384 131 10 12 0.024612617 
430 118 8 10 0.024459487 
529 188 9 12 0.024435319 
493 180 16 19 0.024393784 
410 167 9 12 0.024171064 
338 243 12 16 0.024085436 
454 383 9 14 0.02394664 
55 53 23 29 0.023829704 
991 345 13 17 0.023803985 
429 470 12 16 0.023759097 
384 355 14 18 0.023733428 
167 206 10 11 0.023488719 
382 194 20 25 0.023436878 
306 144 16 18 0.02337979 
422 158 8 11 0.023335017 
949 239 11 12 0.023021476 
174 559 10 11 0.022904295 
969 246 10 13 0.022694882 
287 20 13 14 0.02237611 
604 343 33 33 0.0223761 
384 159 17 25 0.022171821 
949 284 10 13 0.022086728 
986 243 10 13 0.021833802 
846 286 11 12 0.021662448 
158 238 16 20 0.021509366 
282 201 32 39 0.021479333 
499 172 12 14 0.021396868 
172 48 383 467 0.021358142 
667 79 180 198 0.021295708 
446 129 9 11 0.021236833 
956 336 20 27 0.020919206 
63 170 12 15 0.020867024 
999 254 8 11 0.020853508 
661 97 63 84 0.020830782 
402 28 10 12 0.020663762 
502 240 8 10 0.020634705 
948 231 10 11 0.020593205 
494 71 9 10 0.020564562 
356 222 10 14 0.020423362 
204 345 100 117 0.020310802 
440 166 11 13 0.020235153 
527 140 9 12 0.02019437 
458 142 9 11 0.02017418 
918 285 13 17 0.020171583 
252 362 15 20 0.020056961 
