21_Festival_Festival_21_785
77
333 412 264 341 0.99982125 
728 1221 12 14 0.5574947 
755 1303 8 11 0.16418773 
725 1263 8 11 0.13744903 
815 1301 8 12 0.12130067 
752 1278 9 11 0.09710699 
102 580 48 59 0.070395224 
807 1301 11 14 0.06907602 
833 1237 8 11 0.0602263 
599 1285 8 11 0.05988082 
446 -66 451 469 0.059437323 
791 1276 9 11 0.057507247 
758 1278 7 10 0.05402286 
276 1157 383 494 0.05344611 
750 1239 7 9 0.05226903 
727 1240 10 12 0.050907895 
550 1272 8 11 0.049649086 
823 1240 9 10 0.047357634 
750 1212 8 11 0.046654575 
671 1260 10 11 0.04610526 
782 322 128 173 0.044043023 
779 214 131 199 0.042214938 
736 1257 8 10 0.041329514 
757 1306 9 11 0.038719207 
758 1296 9 12 0.038604993 
329 778 431 480 0.036189258 
718 1240 9 11 0.035298083 
783 1287 8 10 0.03421616 
687 1272 9 12 0.033633042 
732 1239 9 11 0.03358305 
801 1310 9 11 0.032580454 
308 1157 31 33 0.032351755 
753 1284 9 11 0.031904142 
817 1240 9 11 0.030483982 
687 1254 8 10 0.030073524 
718 1245 9 12 0.029963242 
36 648 220 292 0.02872172 
752 1263 7 9 0.028571604 
767 1300 8 11 0.028453195 
733 1217 8 11 0.027863922 
498 1322 35 38 0.02744122 
672 1255 9 11 0.027422566 
138 828 114 144 0.027345236 
768 1276 8 10 0.026939599 
598 1280 8 11 0.02677498 
729 1280 8 11 0.026339635 
36 616 348 505 0.02610971 
752 1273 7 9 0.025418624 
594 1284 9 12 0.02525926 
784 1237 8 10 0.025072835 
742 1262 8 10 0.02452841 
181 81 440 473 0.024130652 
759 1273 8 9 0.023847459 
733 1280 9 10 0.023817888 
671 1238 9 11 0.023166584 
734 1286 9 10 0.023039611 
798 1272 8 9 0.022851465 
718 274 174 287 0.022848044 
584 1271 7 10 0.022798218 
689 1261 8 9 0.022614291 
805 1308 10 12 0.022444155 
757 1286 8 10 0.022417372 
766 1319 8 10 0.022332806 
737 1260 9 12 0.02232234 
569 1294 9 10 0.02215733 
744 1229 9 10 0.0220152 
776 421 134 194 0.021929916 
728 1285 9 11 0.02182417 
819 1243 12 14 0.021584194 
678 1255 8 10 0.021465287 
760 1223 8 10 0.021175649 
914 1083 99 172 0.021103898 
697 1304 9 11 0.020855268 
782 1309 9 11 0.020838447 
593 1278 9 11 0.020838307 
742 1255 8 10 0.02078089 
606 1285 10 12 0.020033956 
