21_Festival_Festival_21_97
36
137 602 46 54 0.9927528 
232 32 46 63 0.98810685 
262 610 43 56 0.9761179 
505 580 37 51 0.97502536 
857 556 28 44 0.08921968 
191 586 41 57 0.0838526 
622 765 15 21 0.07297716 
799 562 41 63 0.062128346 
611 756 10 15 0.0556576 
119 6 92 108 0.052371196 
608 752 10 12 0.043339882 
586 730 15 19 0.042882103 
834 565 46 55 0.042492934 
661 738 15 18 0.038779385 
350 8 17 21 0.037948027 
515 191 233 276 0.035051666 
210 582 52 62 0.03141023 
421 87 394 443 0.031178705 
588 722 24 30 0.029878711 
573 750 11 14 0.029336065 
377 629 12 15 0.029052021 
187 559 51 64 0.029045457 
813 574 45 58 0.028275073 
790 378 131 152 0.02791224 
92 295 10 10 0.027525064 
168 548 48 56 0.025778124 
753 1006 17 18 0.025472509 
656 740 12 15 0.025325485 
611 757 20 27 0.025174722 
808 542 52 64 0.024107624 
663 758 10 14 0.02381336 
632 711 8 9 0.022859348 
404 677 14 18 0.021988755 
421 644 15 20 0.021169411 
74 589 43 59 0.020282676 
398 632 13 16 0.02003358 
