21_Festival_Festival_21_943
254
738 191 9 10 0.82326716 
112 194 12 16 0.7039528 
807 190 9 12 0.6255471 
888 180 10 14 0.6211922 
293 187 15 17 0.57307136 
353 179 9 13 0.51682806 
761 184 8 12 0.47610933 
69 195 11 13 0.46670583 
492 190 8 11 0.42773294 
831 196 9 11 0.40027374 
134 195 9 12 0.3537497 
153 196 9 11 0.3071783 
938 199 8 9 0.29560834 
544 187 10 12 0.2676277 
711 192 12 14 0.25276136 
548 183 12 14 0.24496467 
256 189 8 12 0.22677594 
191 196 9 11 0.20959279 
104 180 10 15 0.19232316 
260 188 12 16 0.18795851 
214 189 8 11 0.16801 
169 192 9 10 0.16614646 
855 197 8 10 0.16442001 
811 190 10 12 0.1604883 
157 198 9 11 0.15767686 
398 188 13 14 0.12785712 
129 191 11 12 0.12708315 
400 216 9 13 0.124692604 
592 437 13 15 0.12399134 
85 189 11 13 0.11794075 
186 190 8 12 0.11314001 
640 197 9 12 0.10838865 
597 430 13 15 0.10814112 
693 219 12 15 0.10651434 
167 196 9 11 0.10601641 
765 187 9 12 0.10417471 
325 191 9 12 0.10367323 
319 190 11 14 0.10175246 
385 185 8 11 0.10154528 
687 220 13 16 0.09973566 
648 197 9 11 0.09887786 
519 184 8 11 0.098590985 
239 168 9 12 0.096477196 
231 185 7 10 0.09513134 
109 231 14 16 0.091503724 
800 195 11 13 0.08656228 
1005 222 9 11 0.084101416 
911 278 27 28 0.0832889 
882 179 9 14 0.08291881 
173 191 9 10 0.08279268 
253 184 10 13 0.082422905 
741 193 9 13 0.082245186 
569 192 9 10 0.0776742 
814 196 8 10 0.07641092 
337 188 9 12 0.07549812 
118 231 9 12 0.07530865 
617 228 10 14 0.072604254 
997 199 9 11 0.07168716 
976 207 9 12 0.07037102 
168 223 9 12 0.070314504 
276 184 12 17 0.07008524 
250 184 8 11 0.06833435 
514 183 7 10 0.06651925 
224 185 8 10 0.0657296 
257 194 9 12 0.06549829 
637 222 13 18 0.064709745 
270 185 13 17 0.06435759 
238 198 9 12 0.06405874 
304 173 9 12 0.06329009 
399 195 12 15 0.06313135 
93 189 11 14 0.06252516 
64 190 12 15 0.062394474 
827 198 9 11 0.061722662 
508 197 10 13 0.061028004 
943 223 7 9 0.060010605 
214 185 10 11 0.05999825 
898 337 17 20 0.058516726 
619 223 10 13 0.057858206 
662 442 15 16 0.05761997 
835 196 9 11 0.057578433 
513 189 9 11 0.057483032 
155 192 11 12 0.057351094 
81 191 8 12 0.056739207 
868 301 30 31 0.055557024 
622 442 15 17 0.055087537 
558 183 8 11 0.054860495 
214 214 9 12 0.054715704 
567 217 10 12 0.05377973 
525 190 9 11 0.05316877 
701 207 11 14 0.052658852 
236 189 10 11 0.051864363 
420 187 12 17 0.051566675 
352 185 9 12 0.051486336 
391 188 9 12 0.05124826 
997 204 9 11 0.05050292 
209 196 10 11 0.04981119 
945 230 7 10 0.048841715 
1014 214 8 11 0.04829256 
505 182 8 10 0.04741887 
193 202 9 12 0.047228564 
798 205 10 12 0.047025666 
602 425 12 15 0.046605468 
300 181 12 17 0.046323977 
169 213 9 12 0.04463035 
893 185 9 13 0.04453076 
109 253 14 17 0.044088844 
311 187 10 14 0.043098528 
239 219 10 14 0.042865682 
664 227 12 15 0.04166996 
100 203 13 17 0.04124428 
873 191 9 12 0.040567786 
189 186 10 12 0.04024969 
1000 215 8 10 0.040220395 
935 215 8 11 0.04005996 
344 182 10 12 0.0399866 
98 210 13 16 0.039479554 
745 224 10 13 0.039276935 
1008 203 11 13 0.039142597 
792 238 8 10 0.037633345 
334 238 9 13 0.03729724 
86 183 11 14 0.03653125 
647 201 11 14 0.036344957 
652 192 9 11 0.036044624 
851 197 8 10 0.035983637 
341 187 9 12 0.035976626 
700 240 16 17 0.035973042 
54 181 8 12 0.035921354 
753 183 9 11 0.03585997 
285 182 15 19 0.035785258 
184 185 9 11 0.03550104 
525 182 9 12 0.035354216 
679 217 23 26 0.034750298 
699 219 12 14 0.03455736 
774 183 9 11 0.03424507 
209 184 9 12 0.034212284 
630 219 25 30 0.034142796 
642 236 14 20 0.03353737 
238 184 9 10 0.03313048 
104 174 20 25 0.03297956 
583 414 10 13 0.032715328 
676 440 16 18 0.032620218 
870 294 15 18 0.032591816 
727 196 10 12 0.032310165 
239 202 9 13 0.032240815 
393 218 11 15 0.031692304 
175 185 9 10 0.031608507 
492 194 10 13 0.031232165 
158 203 11 13 0.031112136 
223 228 9 12 0.031082422 
521 198 8 10 0.030867836 
166 205 10 14 0.030830272 
538 189 9 11 0.030484194 
793 223 7 10 0.03008515 
772 320 16 22 0.029956644 
638 203 10 13 0.029812679 
358 187 9 12 0.029668314 
88 189 22 28 0.029462678 
482 189 9 12 0.029386137 
197 191 8 11 0.029345095 
422 156 10 12 0.029315725 
509 204 9 11 0.0292718 
848 191 9 11 0.029057309 
208 204 10 12 0.028662683 
649 438 22 26 0.02860621 
668 439 16 19 0.02826145 
213 205 9 12 0.02815004 
278 62 452 429 0.02813568 
84 234 12 18 0.027981188 
885 176 17 23 0.027962822 
1000 227 9 11 0.02785653 
478 155 10 13 0.027499042 
299 193 13 15 0.027450068 
638 215 9 12 0.027178306 
215 219 10 13 0.027118623 
572 196 8 10 0.027050942 
172 195 11 13 0.02700294 
196 198 8 10 0.026897011 
830 202 9 12 0.026676694 
686 205 11 12 0.02654559 
773 188 9 11 0.026524652 
81 184 20 25 0.026504884 
877 188 10 13 0.026305806 
1013 204 9 14 0.026287857 
576 222 10 12 0.026235675 
398 201 10 14 0.025803678 
798 211 9 12 0.025711862 
825 203 9 11 0.025473697 
172 263 12 14 0.025149085 
781 358 12 14 0.02506992 
734 185 17 22 0.025026958 
559 187 9 11 0.024845285 
729 191 8 10 0.0248166 
943 239 9 11 0.024700454 
367 190 11 14 0.024528518 
634 198 10 13 0.024336178 
69 232 16 20 0.024117362 
222 223 9 12 0.02410039 
693 243 14 16 0.024004025 
616 218 20 25 0.0238757 
917 214 7 10 0.023841197 
691 214 21 25 0.023727298 
179 288 17 20 0.023715083 
392 203 11 13 0.02369898 
501 259 11 12 0.023661707 
929 254 8 10 0.02359123 
582 222 9 12 0.02352313 
272 178 19 26 0.023481838 
950 232 8 10 0.023474418 
394 183 21 24 0.023416476 
674 261 14 16 0.023414113 
741 185 10 13 0.023321882 
913 231 8 9 0.02329934 
77 194 11 14 0.02328238 
668 221 24 26 0.0232803 
767 207 9 12 0.023280287 
485 155 11 11 0.023170663 
715 378 17 18 0.02316229 
703 307 13 14 0.023082444 
230 245 8 11 0.0228683 
732 386 16 17 0.022651253 
588 415 10 13 0.02262724 
628 448 14 17 0.022612723 
95 216 11 16 0.022585995 
487 185 11 14 0.022553308 
862 198 7 9 0.022508217 
247 174 10 11 0.02237657 
800 185 9 11 0.022289973 
70 200 11 14 0.022236016 
367 218 11 15 0.022138044 
0 218 17 32 0.0220997 
116 201 10 14 0.022074368 
197 205 9 11 0.022029579 
504 190 9 10 0.021920932 
865 208 7 9 0.021876873 
244 167 11 13 0.021699373 
96 183 10 13 0.021622837 
142 197 8 11 0.021593181 
663 197 12 13 0.02152132 
938 221 7 9 0.02143207 
526 197 8 10 0.021377634 
168 185 9 11 0.021344624 
937 194 9 11 0.021310706 
870 215 8 10 0.021295264 
621 198 9 12 0.02128464 
802 185 18 23 0.021274466 
912 222 7 9 0.021098988 
543 194 10 12 0.020892821 
233 168 8 12 0.020839237 
62 235 12 17 0.020585965 
764 315 26 35 0.02048975 
893 227 10 13 0.020396065 
60 471 16 19 0.020379765 
92 229 13 16 0.020034399 
793 189 8 11 0.020018496 
