21_Festival_Festival_21_254
53
494 234 97 124 0.99992645 
227 365 56 71 0.99593794 
47 506 21 26 0.70850575 
213 494 28 36 0.6898724 
718 497 19 27 0.2654142 
1 519 16 24 0.2513299 
622 163 44 52 0.14504553 
318 281 15 20 0.07967156 
716 508 16 24 0.07136388 
90 275 31 38 0.06983227 
901 283 15 19 0.06881698 
789 534 11 14 0.056340527 
756 512 12 17 0.05519062 
170 487 25 27 0.054657444 
788 540 12 17 0.04765404 
749 508 14 20 0.04663004 
742 508 13 18 0.046203285 
369 415 51 80 0.04472147 
227 512 200 307 0.04002336 
5 574 22 35 0.035586488 
90 97 18 22 0.03558401 
978 258 15 18 0.032779157 
34 511 26 33 0.030859279 
442 1120 32 44 0.030215949 
629 164 13 16 0.029631903 
957 325 53 68 0.02956842 
146 265 29 33 0.028601179 
1006 243 13 16 0.028456923 
11 527 15 20 0.028289238 
924 281 14 21 0.02819286 
871 351 16 19 0.028161196 
1 508 15 18 0.02806766 
749 183 15 20 0.027100904 
908 277 24 30 0.026423048 
1004 249 20 33 0.025774602 
202 233 24 27 0.025175413 
528 764 31 41 0.02390222 
624 158 29 35 0.023172066 
975 262 24 32 0.023117175 
345 562 348 494 0.022734031 
973 341 31 34 0.022546066 
731 505 16 20 0.022415401 
211 490 20 24 0.021630181 
607 144 49 60 0.021574318 
896 263 27 32 0.02121974 
163 495 30 30 0.021108635 
684 532 13 16 0.020998346 
767 514 11 16 0.020878611 
470 1350 12 13 0.020786352 
762 451 14 17 0.020633845 
613 143 27 36 0.020519393 
44 501 18 22 0.020277547 
52 535 23 30 0.02024193 
