21_Festival_Festival_21_562
32
611 121 49 59 0.99388015 
52 241 25 30 0.3854128 
743 235 363 447 0.3333666 
354 281 27 30 0.29444647 
402 272 26 33 0.17750996 
167 129 54 73 0.13645148 
655 336 362 496 0.111548446 
780 315 245 262 0.10231723 
937 252 50 48 0.09785149 
351 291 15 18 0.07154616 
915 225 12 17 0.06815457 
443 349 423 502 0.065478384 
525 205 9 12 0.05173555 
1009 612 9 12 0.050523456 
485 127 8 10 0.04925636 
136 142 30 47 0.044984568 
1002 366 22 45 0.035359263 
410 502 195 266 0.03319799 
210 293 29 44 0.031435482 
96 329 62 60 0.031125149 
846 397 14 16 0.030079752 
178 131 15 18 0.028966717 
1004 341 21 38 0.028192401 
970 242 27 29 0.02676984 
393 278 12 14 0.025973964 
483 140 10 13 0.02591037 
378 284 13 17 0.025381176 
822 395 13 16 0.023092452 
381 609 46 39 0.023005327 
964 251 32 35 0.022548974 
1 337 11 20 0.02200093 
167 100 55 68 0.020532114 
