21_Festival_Festival_21_331
105
745 225 57 71 0.999516 
349 291 48 60 0.99842983 
237 276 30 38 0.9971591 
264 271 32 40 0.9968265 
58 364 40 48 0.9909644 
156 410 85 98 0.9878917 
163 282 19 23 0.98048055 
662 276 53 60 0.97493726 
142 317 26 29 0.96186185 
520 299 28 33 0.95759445 
887 239 24 38 0.8852542 
459 269 12 17 0.64093953 
992 268 32 40 0.3963223 
423 303 26 34 0.35918283 
716 294 34 48 0.2385824 
497 292 16 19 0.20665309 
620 316 27 30 0.19182025 
303 394 37 40 0.18600594 
476 281 15 20 0.15994684 
453 268 22 28 0.15406199 
680 291 50 57 0.14926338 
854 214 27 34 0.13290125 
576 271 8 11 0.12636243 
865 314 37 44 0.12294437 
611 327 29 34 0.1188634 
465 273 21 28 0.11014871 
467 321 28 30 0.10485947 
995 289 29 35 0.10353148 
482 285 21 24 0.08940339 
974 259 42 52 0.08264108 
650 280 30 36 0.078531995 
137 318 41 46 0.07097963 
505 299 29 34 0.06874426 
502 319 16 22 0.06315249 
958 281 14 20 0.05696989 
406 290 38 45 0.055296343 
865 218 28 36 0.05429193 
123 328 45 52 0.05293332 
0 297 18 40 0.0524282 
613 333 13 17 0.047587678 
974 340 12 15 0.047132466 
928 269 12 14 0.04701874 
866 233 38 54 0.04504705 
444 260 26 30 0.044962216 
467 344 15 18 0.04466581 
140 308 18 23 0.043958798 
468 319 18 20 0.04335605 
1001 305 21 25 0.043225113 
457 269 38 47 0.043155357 
866 333 27 37 0.042174805 
376 134 35 44 0.042171124 
618 295 41 50 0.039355393 
1 283 39 71 0.039175484 
462 330 29 35 0.038731366 
643 287 24 32 0.03819704 
789 223 36 46 0.037280634 
959 275 22 30 0.03669146 
490 362 29 38 0.036449764 
534 302 20 24 0.036262903 
696 257 46 55 0.03544035 
863 205 27 31 0.035244733 
494 298 26 31 0.03226828 
438 265 17 20 0.03135651 
550 268 11 12 0.031170068 
990 238 14 16 0.030768733 
487 309 27 32 0.030177442 
962 334 48 60 0.030148234 
253 278 32 39 0.029550603 
654 456 14 18 0.02928687 
79 362 34 40 0.028630417 
605 273 16 21 0.027719932 
568 270 9 11 0.027478985 
619 341 17 22 0.027246544 
268 290 30 39 0.027146671 
841 213 27 38 0.026728876 
380 286 43 51 0.025479868 
207 481 33 40 0.025364928 
485 267 14 17 0.024525816 
555 305 16 20 0.024379695 
101 338 46 54 0.024016144 
908 233 27 34 0.023996957 
564 288 15 18 0.023860015 
611 340 17 22 0.02359544 
625 336 17 22 0.023524389 
891 229 32 41 0.023485009 
431 291 38 46 0.023480624 
152 319 33 33 0.023477586 
990 305 35 41 0.02347205 
1008 281 15 20 0.02333792 
451 286 18 22 0.023284376 
607 369 45 57 0.02281103 
999 201 11 15 0.02269729 
483 275 14 19 0.022618555 
987 284 19 22 0.022588369 
104 370 42 49 0.021785347 
871 297 31 38 0.021454107 
491 304 17 21 0.021435639 
148 291 15 17 0.021256637 
875 305 19 22 0.021180758 
483 306 16 20 0.02100819 
413 282 26 32 0.02093861 
211 329 26 35 0.020655489 
334 271 41 57 0.020554688 
116 270 23 32 0.02007258 
467 299 14 18 0.02003041 
