21_Festival_Festival_21_526
1412
623 630 14 17 0.7199658 
78 599 20 26 0.6405962 
647 637 13 20 0.5387002 
909 582 17 23 0.5135762 
46 525 12 16 0.46494937 
33 118 23 30 0.4313092 
243 286 10 12 0.428624 
177 534 9 13 0.40655375 
62 157 24 30 0.39063135 
660 430 9 11 0.3815709 
113 309 12 15 0.36669475 
19 615 16 21 0.36237577 
463 773 14 21 0.34182233 
685 550 9 13 0.33625618 
997 527 9 11 0.3187919 
54 564 12 15 0.31144676 
585 512 7 10 0.27236566 
47 507 10 13 0.26924083 
987 620 13 18 0.26005384 
880 18 37 40 0.2566911 
976 579 9 12 0.2512068 
944 632 20 27 0.24408972 
55 511 9 11 0.24085902 
718 551 9 13 0.2380314 
47 559 11 14 0.2336228 
984 536 9 11 0.2282686 
952 557 10 13 0.22511671 
696 567 11 14 0.21767779 
110 467 10 13 0.2123075 
220 293 9 13 0.21192683 
67 596 22 27 0.2115302 
823 634 15 18 0.20960416 
575 479 8 11 0.20845295 
612 232 14 17 0.20587556 
240 244 10 13 0.20545931 
0 61 29 34 0.20473298 
948 534 9 12 0.2040093 
931 564 10 14 0.20179321 
602 -81 410 547 0.19624273 
983 559 12 15 0.1946877 
404 409 12 15 0.19233935 
632 253 10 13 0.18684153 
62 592 16 24 0.18085344 
696 517 9 14 0.17752385 
659 613 13 15 0.17154855 
241 502 11 14 0.17144793 
659 568 11 14 0.17025572 
233 524 10 13 0.1696316 
566 542 10 14 0.1678483 
670 383 7 9 0.16651759 
55 491 10 12 0.1613416 
665 524 9 12 0.16081822 
202 535 9 11 0.15893221 
586 516 9 12 0.15807557 
577 612 9 12 0.15584591 
326 501 10 14 0.1556728 
37 493 9 12 0.14975628 
191 486 9 10 0.14569965 
275 253 11 14 0.14452532 
661 655 19 27 0.14308481 
29 2 33 35 0.14149213 
23 529 12 14 0.14067227 
982 541 10 11 0.13969211 
884 533 10 13 0.1395886 
607 508 9 11 0.13736796 
405 472 8 11 0.13594204 
185 517 8 11 0.13520695 
152 496 7 9 0.13472411 
433 527 8 10 0.13399042 
116 268 12 15 0.133502 
111 494 9 11 0.13215765 
695 493 8 11 0.13193792 
569 511 8 11 0.12925938 
222 518 10 13 0.12690212 
457 359 10 12 0.124993 
864 565 11 14 0.12471046 
31 493 10 14 0.12456808 
416 182 10 13 0.12413273 
133 305 12 16 0.1239041 
1000 566 9 12 0.12361313 
20 564 15 18 0.12322853 
259 244 11 14 0.122808054 
150 316 11 14 0.122257724 
617 416 7 9 0.12134126 
664 384 7 10 0.12109005 
998 532 9 11 0.12028138 
11 151 18 19 0.119313285 
669 525 8 10 0.11912476 
669 360 8 10 0.118900366 
94 542 12 15 0.118522055 
330 123 29 34 0.11760317 
981 573 11 13 0.11710809 
568 495 8 10 0.11706917 
558 504 9 11 0.11666725 
417 423 10 12 0.116616294 
561 486 9 11 0.11604018 
453 550 11 13 0.11571339 
102 501 10 13 0.11546203 
728 508 10 12 0.11469204 
924 656 15 21 0.114626534 
262 679 11 14 0.11431316 
699 71 12 16 0.11409073 
649 539 10 12 0.113002814 
1 493 8 12 0.11185939 
711 503 8 11 0.111431874 
-103 69 438 547 0.11066417 
884 443 11 14 0.11042128 
902 570 10 12 0.11015952 
185 496 8 10 0.11007957 
575 495 8 11 0.110048816 
904 550 11 13 0.1092568 
749 529 9 11 0.10879239 
632 390 8 10 0.10817492 
6 495 8 12 0.10810502 
554 208 24 26 0.1080156 
671 310 9 10 0.10795875 
910 620 12 16 0.107910104 
865 561 9 11 0.107490435 
997 600 14 18 0.10703638 
972 527 9 11 0.10670872 
663 546 10 13 0.10582647 
55 515 11 16 0.10573953 
624 567 9 11 0.10431628 
111 502 9 11 0.10429317 
921 543 9 11 0.10393208 
684 692 16 22 0.1031265 
680 542 9 12 0.101962596 
593 495 8 11 0.10111976 
928 560 10 13 0.10077694 
719 522 7 10 0.10068225 
594 486 8 10 0.10048957 
961 543 9 11 0.09963744 
422 478 10 12 0.09950486 
822 618 11 14 0.09855107 
733 592 14 21 0.0978952 
881 555 11 13 0.09772707 
232 320 10 13 0.09602216 
670 519 9 11 0.0954516 
173 550 10 12 0.09512439 
578 328 9 12 0.09498011 
1008 542 9 10 0.09460142 
16 478 10 13 0.094292864 
481 193 12 16 0.094268486 
968 575 9 11 0.09392678 
700 550 9 12 0.09319831 
896 426 12 16 0.092939496 
877 647 17 22 0.09290062 
111 271 12 15 0.09235906 
826 570 14 17 0.091990314 
685 544 10 12 0.09185725 
745 528 9 12 0.091292605 
109 543 13 18 0.091061205 
83 515 13 18 0.09043364 
261 276 13 17 0.09036254 
833 549 10 12 0.090360284 
681 555 10 13 0.09024998 
916 502 9 11 0.089797765 
23 542 12 16 0.08970746 
883 549 10 13 0.089077674 
75 521 15 19 0.08852803 
350 464 7 10 0.08848358 
87 495 8 11 0.08821613 
659 494 8 10 0.088081285 
586 469 8 10 0.0874143 
815 618 11 14 0.08740316 
574 463 7 9 0.087381825 
853 479 10 13 0.08689773 
442 360 9 11 0.08595985 
182 550 10 13 0.08589551 
943 572 11 14 0.0858212 
572 549 10 12 0.08533978 
753 676 17 19 0.08465055 
883 540 10 13 0.084162556 
657 502 9 11 0.08383088 
230 547 9 13 0.08323673 
696 558 10 13 0.0831532 
1008 549 11 15 0.08297209 
469 72 24 30 0.08216847 
184 307 12 14 0.082126744 
452 517 10 14 0.082076445 
672 512 8 10 0.081976235 
190 495 10 12 0.08180319 
656 389 9 10 0.08165362 
705 509 10 12 0.081240535 
945 510 10 13 0.08102546 
663 470 7 10 0.080765344 
654 536 10 13 0.08071497 
441 472 7 9 0.08066836 
974 0 40 43 0.08066377 
865 79 28 35 0.08051943 
268 503 10 12 0.08041495 
558 158 21 26 0.08013064 
40 531 13 16 0.079801515 
152 518 10 13 0.07973025 
64 475 9 11 0.07960861 
625 572 10 12 0.0793934 
169 552 10 13 0.07927525 
532 237 12 15 0.079273604 
671 462 7 9 0.07907573 
624 351 9 11 0.07885907 
160 478 9 12 0.07866391 
574 512 8 10 0.07780128 
721 618 15 22 0.077427626 
672 343 8 10 0.07722428 
769 339 13 17 0.07718701 
431 408 9 11 0.07660369 
309 523 12 15 0.07633809 
984 550 10 12 0.07629288 
606 535 9 13 0.07611222 
279 361 9 13 0.07609821 
813 572 12 15 0.075891584 
402 453 10 12 0.07573337 
577 557 9 12 0.075466186 
288 366 10 12 0.07540105 
679 518 9 12 0.07528513 
636 550 8 11 0.075177856 
201 539 11 14 0.07517471 
566 536 10 12 0.07506792 
625 400 7 8 0.07486045 
676 626 16 20 0.07476562 
84 478 10 13 0.07421747 
663 511 8 10 0.07408182 
679 536 8 11 0.07406867 
471 559 10 12 0.07384731 
55 423 9 11 0.07353105 
991 584 9 11 0.07348337 
159 494 8 10 0.0727687 
244 291 12 15 0.07265685 
133 468 10 12 0.07258143 
1012 611 10 14 0.07245389 
951 618 13 16 0.07243544 
648 408 9 10 0.07238015 
687 349 8 9 0.072316766 
679 512 8 9 0.07205141 
266 508 11 12 0.072026424 
657 488 8 11 0.07201427 
583 269 11 15 0.0717541 
184 511 9 12 0.071747966 
97 501 9 11 0.07148982 
472 423 9 11 0.07070881 
654 549 11 15 0.07064121 
4 520 14 20 0.07061635 
636 541 9 11 0.070424 
592 556 9 12 0.070421755 
624 527 10 12 0.07020316 
253 298 10 13 0.0697417 
241 496 8 10 0.069482096 
918 482 11 14 0.069292024 
157 317 10 13 0.069280215 
710 536 10 11 0.069218285 
11 514 11 16 0.06915481 
462 533 9 11 0.06903188 
575 483 9 12 0.06867037 
797 663 17 23 0.068584174 
968 531 9 11 0.06857014 
729 119 10 13 0.06831847 
181 528 10 12 0.06827465 
41 509 11 14 0.06826112 
680 349 9 10 0.06814103 
928 526 9 11 0.0677995 
771 570 11 15 0.067498684 
697 549 8 12 0.067417845 
16 501 9 11 0.06728243 
670 448 8 10 0.06720602 
671 585 14 18 0.06719319 
632 558 8 10 0.06697318 
769 535 9 12 0.066494845 
623 463 8 10 0.06596094 
263 374 9 12 0.06582265 
248 536 9 11 0.065802485 
551 271 12 14 0.065650746 
663 326 8 11 0.065282956 
760 544 9 11 0.06523653 
641 641 13 18 0.06515353 
660 424 10 12 0.06513382 
661 695 15 21 0.06510299 
421 524 9 11 0.06500366 
208 502 9 11 0.064991675 
226 477 8 10 0.064958945 
224 659 12 17 0.06489107 
105 464 10 12 0.064798035 
694 350 8 10 0.06465948 
177 530 9 11 0.06464641 
714 524 9 11 0.06396395 
155 611 14 18 0.06385176 
218 305 13 17 0.0637315 
139 545 11 16 0.06366196 
664 343 7 9 0.06358693 
100 508 13 17 0.0631121 
670 558 10 12 0.062869705 
431 485 8 11 0.06265583 
455 524 9 12 0.0626414 
444 364 9 11 0.062580675 
294 439 7 9 0.06240971 
104 496 10 12 0.062209498 
954 634 15 20 0.06219626 
209 483 10 12 0.06181153 
30 129 25 33 0.06179798 
430 548 10 13 0.061524983 
671 351 8 10 0.06152275 
400 433 8 10 0.061370533 
753 570 12 15 0.06120739 
88 605 15 23 0.061133016 
772 580 11 14 0.0610178 
924 548 10 12 0.060657717 
327 438 8 11 0.060612936 
566 486 8 10 0.06054139 
945 552 10 12 0.060514413 
580 609 10 13 0.060510535 
169 419 9 11 0.060481444 
251 318 11 14 0.060481064 
696 544 9 11 0.06038316 
132 313 14 18 0.06000422 
564 318 9 12 0.059909694 
428 510 8 10 0.059832077 
2 499 8 13 0.05979582 
666 519 8 12 0.059782065 
241 455 8 10 0.059725303 
457 531 10 13 0.059702467 
460 550 10 13 0.059620168 
366 406 9 11 0.059600394 
660 435 9 12 0.05959529 
927 522 9 10 0.059430484 
677 422 10 13 0.059293203 
308 351 8 11 0.05923258 
569 480 8 10 0.05909689 
81 511 12 15 0.05906536 
613 574 8 12 0.058917332 
206 614 10 14 0.05888848 
687 503 8 10 0.058781277 
649 557 10 13 0.05818976 
193 500 10 14 0.05807679 
988 552 10 12 0.057982806 
214 523 10 13 0.057908084 
193 218 13 18 0.05779362 
160 581 11 14 0.0577812 
194 478 9 13 0.05776801 
752 565 11 14 0.05763284 
926 587 12 16 0.05759625 
535 53 11 14 0.057545945 
695 365 9 12 0.05746733 
111 527 12 15 0.057207245 
308 373 10 13 0.057142172 
180 469 10 13 0.056962464 
663 447 9 10 0.056914378 
32 488 9 12 0.056687526 
711 519 9 10 0.05661159 
669 549 8 11 0.056525454 
231 520 10 12 0.05648344 
687 519 10 13 0.05640234 
745 543 9 10 0.056387544 
110 585 15 18 0.056158464 
303 391 7 9 0.05604288 
163 589 14 16 0.055954225 
145 501 10 13 0.05583179 
602 693 12 17 0.05581899 
704 536 9 11 0.05575203 
63 746 29 48 0.05540805 
690 494 8 11 0.05532201 
551 486 8 11 0.05511619 
139 258 13 15 0.05491051 
646 502 9 12 0.054880947 
263 350 9 11 0.054708306 
647 314 8 9 0.054441523 
600 408 7 9 0.05437112 
145 496 8 10 0.05430814 
169 494 9 11 0.05428731 
27 634 14 17 0.054064937 
194 557 13 16 0.053841755 
743 560 9 11 0.053804718 
237 533 9 12 0.05379927 
932 527 9 11 0.053712934 
720 368 10 11 0.05370484 
288 518 9 11 0.05370182 
85 589 14 17 0.053666417 
246 299 10 14 0.053573113 
27 546 12 16 0.05348221 
468 784 22 27 0.053429753 
400 438 9 10 0.0533375 
630 247 10 13 0.053293858 
908 533 9 12 0.053243455 
1015 564 8 13 0.053055752 
402 674 23 28 0.052680805 
257 343 9 11 0.052578676 
637 392 7 9 0.05238422 
0 200 22 32 0.05235682 
581 559 9 11 0.05227088 
266 329 8 10 0.05225638 
601 478 8 10 0.05215337 
717 664 18 23 0.05210422 
319 468 10 12 0.052050013 
96 231 12 15 0.051925283 
422 407 9 11 0.05173601 
232 565 8 11 0.05167987 
932 569 12 16 0.051572908 
664 465 7 9 0.05151239 
887 578 11 14 0.051494315 
228 581 12 15 0.05148274 
133 386 11 14 0.051349897 
277 532 10 15 0.051267993 
645 611 13 16 0.05120955 
796 527 9 10 0.051205613 
634 302 8 11 0.05115099 
720 544 8 10 0.051054962 
639 397 7 9 0.05098555 
511 376 7 9 0.05096252 
640 359 9 11 0.050946977 
553 503 9 11 0.050896164 
93 583 11 15 0.050844822 
751 543 8 11 0.050772175 
665 351 7 10 0.050635543 
1 439 9 13 0.050622314 
686 509 8 10 0.050558053 
48 493 10 12 0.050510213 
812 635 12 16 0.05041713 
672 305 7 10 0.050329972 
20 484 10 12 0.050164238 
648 398 9 10 0.050135687 
561 548 10 13 0.05003777 
315 251 12 16 0.05002378 
402 446 9 11 0.04988938 
964 635 12 16 0.04988583 
470 542 8 11 0.049838398 
671 328 8 10 0.049704194 
613 559 8 10 0.049632303 
975 533 8 10 0.049631465 
0 196 12 20 0.049326587 
108 606 17 23 0.049311116 
479 409 9 11 0.04924412 
972 588 12 15 0.049212858 
658 471 7 10 0.049185332 
230 494 8 10 0.04909193 
452 420 11 12 0.049076397 
673 503 7 9 0.04902724 
687 533 9 12 0.04902681 
231 588 11 13 0.048983175 
123 269 12 14 0.048981808 
550 494 8 10 0.048975863 
143 507 11 15 0.048883446 
0 488 6 12 0.048810802 
13 567 16 20 0.048654273 
826 617 15 18 0.048623405 
645 424 8 11 0.04860712 
937 711 29 36 0.04853144 
943 628 14 20 0.048506387 
662 389 8 10 0.04850094 
687 311 8 10 0.048432935 
70 200 15 20 0.048336677 
93 515 12 16 0.048327036 
173 502 9 11 0.048234876 
51 647 18 25 0.048101764 
602 508 10 12 0.04808746 
608 582 10 13 0.04805788 
910 526 9 11 0.048049144 
571 643 11 13 0.047957636 
190 509 10 12 0.04795595 
688 566 11 14 0.04788638 
672 399 8 10 0.047869295 
1007 536 9 12 0.047786165 
372 250 13 15 0.047761142 
627 581 11 14 0.047746953 
100 523 13 18 0.047711156 
281 383 7 10 0.047692195 
375 389 10 12 0.047686286 
582 494 8 10 0.047530502 
132 414 14 16 0.04749738 
570 463 8 11 0.047375232 
635 12 10 14 0.047374148 
568 502 8 10 0.047313765 
449 382 11 14 0.04728613 
677 438 9 10 0.047105674 
648 508 9 11 0.04694553 
662 487 8 11 0.046922736 
713 573 10 14 0.046869915 
703 541 9 11 0.04684668 
139 455 10 11 0.046831183 
809 572 10 14 0.046768744 
305 519 10 13 0.046664074 
916 576 10 12 0.0465983 
662 320 8 10 0.04651161 
68 149 18 23 0.04647354 
911 575 11 13 0.04646918 
735 528 8 10 0.04641798 
263 259 11 14 0.046314795 
121 632 15 22 0.046259955 
637 535 8 11 0.04620926 
968 591 11 14 0.0460042 
432 544 8 11 0.04597066 
89 463 7 10 0.045953285 
289 261 11 15 0.04585088 
654 367 9 11 0.0458422 
255 581 11 14 0.045832384 
958 548 10 13 0.045815695 
1012 556 10 14 0.045743253 
641 367 9 10 0.04569041 
574 517 8 11 0.045606583 
133 564 11 13 0.04559204 
0 540 7 15 0.04554225 
79 545 13 18 0.04552625 
239 301 13 15 0.045509946 
756 576 12 15 0.045491736 
385 439 8 10 0.04547326 
407 144 11 15 0.045323502 
911 520 9 10 0.04521348 
59 490 13 15 0.04520317 
822 604 11 15 0.045148592 
568 516 10 12 0.045006912 
47 478 11 13 0.04488393 
629 532 11 13 0.04487686 
497 405 10 12 0.04486406 
669 365 8 10 0.0448632 
681 623 20 26 0.04483907 
283 407 10 12 0.04482551 
191 190 14 17 0.044618588 
854 517 9 12 0.04455984 
436 525 9 11 0.044543847 
751 560 8 11 0.04452767 
673 532 9 12 0.044404335 
223 460 9 12 0.04438737 
670 390 8 10 0.044274732 
311 439 8 9 0.04404418 
4 445 10 12 0.04404282 
649 384 8 10 0.044037838 
488 331 10 12 0.04400734 
651 630 16 20 0.04397984 
991 533 9 11 0.043898832 
741 585 22 28 0.043700814 
151 464 10 12 0.04369961 
41 -2 470 528 0.04363139 
736 551 8 10 0.043607876 
159 455 10 11 0.04359919 
773 540 8 10 0.043482725 
977 557 11 15 0.043480866 
424 484 9 11 0.043466825 
423 399 8 11 0.043352503 
625 479 8 10 0.043351304 
196 445 10 13 0.043294348 
181 538 10 12 0.04327292 
646 429 7 10 0.042978413 
225 513 9 11 0.042824626 
457 191 21 27 0.042782906 
80 502 9 11 0.04270311 
505 746 13 18 0.042689994 
631 479 8 11 0.042686842 
71 455 8 10 0.04267324 
68 564 11 15 0.042656764 
728 589 11 15 0.04261719 
768 540 10 12 0.04249809 
585 589 11 14 0.04244813 
704 504 10 11 0.042337734 
599 412 8 10 0.04232725 
701 517 9 14 0.042306542 
624 520 10 12 0.04216105 
938 603 14 18 0.042124517 
231 489 7 9 0.042081896 
185 485 9 11 0.042052817 
177 574 12 15 0.042025007 
323 405 9 11 0.041997496 
706 383 8 10 0.04192409 
497 399 9 11 0.041921064 
656 312 7 10 0.04178278 
976 519 9 10 0.041700475 
694 533 9 11 0.04159939 
79 464 8 10 0.041566666 
905 542 9 12 0.041516032 
670 454 9 11 0.04150104 
7 510 11 15 0.041288197 
1006 572 10 13 0.041185256 
640 408 8 10 0.04115338 
311 446 8 10 0.04095631 
654 374 8 10 0.04090737 
561 492 9 11 0.040753033 
562 292 11 16 0.040675644 
149 508 10 14 0.040621758 
345 463 9 11 0.040588915 
225 566 8 11 0.04044879 
696 500 8 11 0.040367708 
638 590 11 14 0.040302593 
424 502 8 10 0.04027726 
842 610 16 21 0.040275104 
14 492 11 13 0.040246047 
154 601 15 19 0.040205803 
58 569 14 17 0.04018805 
673 287 8 11 0.040158715 
80 494 10 13 0.04014744 
972 713 22 33 0.040115554 
440 479 9 11 0.040075414 
221 208 11 14 0.040046554 
593 480 8 10 0.039946493 
682 301 8 11 0.03983519 
991 597 14 18 0.039815012 
908 554 11 14 0.0397735 
630 384 9 11 0.03974008 
159 596 13 16 0.039681748 
933 533 8 11 0.039528 
3 111 22 32 0.039493624 
420 427 10 11 0.03947541 
381 416 9 10 0.039413102 
549 477 8 11 0.03939942 
886 529 9 11 0.039334476 
169 534 10 13 0.03930048 
550 345 8 10 0.039236967 
172 188 12 14 0.039173428 
256 655 12 12 0.03911409 
620 716 12 16 0.038892392 
416 407 10 11 0.038833346 
230 476 8 10 0.038830966 
175 508 10 12 0.03873751 
237 655 11 14 0.038533956 
85 541 13 17 0.038530532 
244 357 9 11 0.038404685 
629 407 9 11 0.03832545 
968 579 11 13 0.038311835 
116 530 10 15 0.03830905 
109 506 13 16 0.038274262 
641 446 8 9 0.03821778 
64 230 13 15 0.03819831 
562 481 8 10 0.038192518 
166 459 10 12 0.03818499 
639 570 10 13 0.038182862 
620 422 9 11 0.038162358 
744 550 8 10 0.038144145 
596 557 9 11 0.038024224 
432 436 10 13 0.03798826 
624 588 10 15 0.03792218 
662 406 9 10 0.03790821 
655 478 8 10 0.03790623 
543 478 8 11 0.037883893 
209 428 11 15 0.037881285 
991 518 8 10 0.037852872 
161 486 8 13 0.037780896 
441 486 9 11 0.03776879 
0 533 8 15 0.037763875 
165 565 11 15 0.03773261 
81 472 8 10 0.03768564 
714 553 11 16 0.037628997 
729 488 9 11 0.037608378 
101 543 14 19 0.03760475 
835 615 16 20 0.037585273 
737 596 16 22 0.037547603 
424 472 9 12 0.037515055 
217 316 10 14 0.037507873 
583 456 7 10 0.037453633 
135 486 10 13 0.037372455 
914 622 16 20 0.037207738 
588 511 9 12 0.037190378 
654 360 8 10 0.037183978 
629 357 9 11 0.03712499 
522 187 14 17 0.037096497 
39 515 12 15 0.037092853 
638 479 9 11 0.03699248 
115 463 12 13 0.03695995 
448 511 10 13 0.03693961 
149 230 11 15 0.036866732 
717 501 9 11 0.036854427 
510 382 8 11 0.03682314 
39 500 10 13 0.03679997 
526 368 8 10 0.036798332 
606 431 7 9 0.036693696 
899 421 12 15 0.036569633 
353 422 7 10 0.03655963 
649 391 8 10 0.036552954 
574 535 9 11 0.03642321 
28 143 24 30 0.036370166 
209 463 9 11 0.036294337 
680 525 8 10 0.036211215 
21 500 10 13 0.036179595 
321 495 10 13 0.036158044 
191 580 11 14 0.03615564 
640 424 8 11 0.03615194 
631 495 7 10 0.036139194 
169 325 10 12 0.036105346 
295 247 10 12 0.036045004 
652 705 13 19 0.035998233 
711 496 8 10 0.035860207 
143 316 12 15 0.03585814 
561 539 11 15 0.03583843 
361 375 9 11 0.035747636 
803 419 11 15 0.035745908 
140 484 10 12 0.035734963 
590 463 9 11 0.03567363 
688 360 11 12 0.035649955 
176 528 19 23 0.035635658 
272 526 10 13 0.035519004 
851 548 11 14 0.035471346 
679 326 9 11 0.035463113 
629 520 9 11 0.03544389 
688 344 8 10 0.03536216 
401 239 11 15 0.03534518 
256 502 9 11 0.035338182 
1001 539 9 12 0.0352881 
959 527 9 10 0.03526139 
245 496 8 10 0.035111416 
341 430 10 13 0.035089746 
262 648 13 14 0.035035074 
641 496 8 10 0.034975655 
976 548 11 14 0.034974176 
637 557 9 11 0.034962155 
18 624 23 29 0.03495305 
772 334 11 14 0.034950044 
167 525 8 11 0.034882437 
979 596 13 17 0.034839664 
7 610 25 32 0.03475202 
253 533 13 15 0.034730453 
701 493 11 12 0.034648404 
1004 603 13 18 0.034645207 
718 496 8 10 0.03463706 
178 474 11 14 0.034565575 
630 485 8 10 0.03456317 
650 551 10 13 0.03454191 
21 551 20 25 0.034535002 
413 512 8 10 0.034533888 
671 543 9 12 0.034532934 
615 400 6 8 0.034468304 
165 519 9 13 0.034417193 
734 580 12 16 0.034403708 
248 481 8 9 0.03434276 
193 200 15 20 0.034316514 
119 414 14 17 0.03431035 
618 430 7 10 0.03428089 
602 470 8 12 0.0342777 
641 501 10 12 0.034257818 
924 479 11 15 0.03416804 
75 668 25 30 0.03413336 
416 518 9 13 0.03409372 
215 462 9 12 0.034055647 
235 324 9 13 0.034050547 
971 595 13 17 0.034045544 
244 438 9 11 0.03402306 
231 500 9 12 0.034014195 
542 245 14 18 0.03390927 
553 360 8 11 0.033803727 
724 373 9 11 0.033743348 
304 406 8 10 0.033705346 
619 105 23 30 0.033676587 
101 602 15 21 0.033670586 
189 640 13 18 0.033652667 
245 432 10 12 0.033601597 
54 504 10 13 0.03356707 
873 518 8 10 0.033533603 
265 332 8 12 0.033527914 
2 524 9 15 0.033488315 
559 524 9 13 0.033472832 
872 558 21 27 0.033403147 
143 468 11 12 0.033316452 
606 477 9 11 0.033201315 
692 624 16 21 0.03319703 
692 576 14 18 0.033158053 
408 384 8 10 0.03313105 
157 538 12 14 0.033115618 
248 587 11 14 0.033093415 
332 338 13 16 0.033072736 
245 281 12 14 0.033066932 
655 699 14 19 0.033033475 
688 319 10 12 0.03292867 
127 221 15 18 0.032848377 
992 624 15 17 0.032816093 
625 561 9 11 0.0327353 
179 561 22 28 0.03263939 
895 525 9 11 0.032623798 
775 551 8 10 0.032599982 
449 415 11 13 0.03258734 
623 355 10 12 0.032574162 
158 459 11 13 0.032557324 
542 502 9 11 0.032501455 
93 463 9 10 0.032487836 
682 391 8 10 0.03248556 
255 270 13 16 0.032483835 
647 519 9 11 0.032467935 
560 532 10 16 0.032452047 
835 570 14 17 0.032424692 
644 590 11 13 0.03230648 
136 461 10 13 0.03220775 
106 282 16 20 0.032186333 
48 484 12 14 0.032151327 
417 412 9 12 0.03214824 
973 707 14 18 0.03213793 
680 504 8 9 0.032109108 
189 551 11 14 0.032041326 
808 622 11 12 0.03199985 
431 480 8 10 0.031994235 
10 477 10 12 0.03195104 
338 429 8 12 0.031857654 
904 617 13 18 0.031836376 
157 523 10 12 0.031696156 
614 566 8 11 0.031661224 
570 469 8 10 0.031583775 
191 470 10 12 0.03157415 
382 422 8 10 0.031556778 
159 510 8 11 0.03150358 
363 -60 490 554 0.03148919 
632 398 7 9 0.031433433 
327 8 40 40 0.031391166 
920 556 10 14 0.03137014 
933 628 13 18 0.031367283 
679 360 9 10 0.03134841 
712 640 13 18 0.03134805 
648 375 8 9 0.031276293 
536 429 9 11 0.0312658 
932 582 11 13 0.03126112 
225 487 9 10 0.03124968 
127 299 15 17 0.031218981 
264 441 8 9 0.031171136 
393 610 11 16 0.031056743 
526 472 8 11 0.031055117 
934 630 22 28 0.031030606 
804 319 9 11 0.031009842 
113 487 9 12 0.03100277 
60 578 14 20 0.030980121 
647 479 8 10 0.030957742 
439 535 9 12 0.030952852 
247 486 8 10 0.030935265 
463 375 9 10 0.030909393 
127 316 13 18 0.030850347 
100 587 14 17 0.030818664 
371 388 9 11 0.030781254 
400 476 11 13 0.030728873 
615 186 14 17 0.030725606 
544 494 9 11 0.030670047 
271 432 9 10 0.030620528 
947 617 21 27 0.030550597 
390 439 8 11 0.0305479 
709 600 12 15 0.030541684 
552 471 6 10 0.030538147 
319 391 9 9 0.030526621 
211 534 12 14 0.030489063 
12 522 12 16 0.030485535 
927 533 9 11 0.030426256 
654 455 8 10 0.030362342 
880 493 10 12 0.030319002 
321 384 9 10 0.030291915 
445 480 8 10 0.030267548 
614 375 9 11 0.030207198 
986 428 16 18 0.030206429 
359 380 9 12 0.030190228 
564 605 11 14 0.030171534 
197 472 9 11 0.030165125 
758 526 9 11 0.030132987 
291 372 11 12 0.030127967 
503 368 8 10 0.03009081 
881 529 9 10 0.030088853 
647 293 10 12 0.03008749 
655 507 9 12 0.030079141 
367 401 8 10 0.029897036 
897 566 11 15 0.029885769 
166 487 9 12 0.029885719 
290 439 8 11 0.029884191 
727 541 9 11 0.029867448 
446 535 9 13 0.029837059 
408 46 26 33 0.029773438 
856 434 13 16 0.02973141 
124 556 13 17 0.029729804 
255 495 9 11 0.02970907 
734 575 11 13 0.029705653 
126 485 11 14 0.029684793 
581 486 8 10 0.02967378 
345 468 9 10 0.029612 
695 373 8 10 0.02959833 
38 488 9 11 0.02958794 
769 560 9 11 0.0295817 
334 367 8 10 0.029570341 
125 417 14 16 0.029568516 
799 551 9 12 0.029560935 
110 321 14 15 0.029557796 
681 472 8 10 0.029519517 
1012 500 9 14 0.029480387 
446 542 10 14 0.02945957 
717 621 23 31 0.029443916 
686 389 9 11 0.029421292 
640 439 9 12 0.029418508 
280 389 8 11 0.029417425 
416 500 8 11 0.029413695 
657 463 7 9 0.029335182 
582 542 9 12 0.029327245 
24 492 10 15 0.029319068 
670 564 10 13 0.029303318 
719 280 9 12 0.029295908 
980 588 12 14 0.029243028 
997 583 10 12 0.02921504 
908 565 12 15 0.029181223 
208 495 10 11 0.029145326 
266 477 9 12 0.02907614 
621 242 11 15 0.029066503 
456 181 13 16 0.029063348 
839 587 11 14 0.029035758 
421 554 11 14 0.029021343 
998 282 21 29 0.029007656 
506 616 28 36 0.028998202 
15 531 11 15 0.02894901 
633 308 9 11 0.028883956 
582 550 9 12 0.028838573 
997 588 11 13 0.02876108 
944 528 10 11 0.028664533 
212 613 11 15 0.028653508 
867 602 15 18 0.028648263 
261 671 13 16 0.02863191 
923 717 15 18 0.028626079 
891 580 12 15 0.028583199 
920 563 11 14 0.028583186 
266 472 8 9 0.02856554 
311 393 8 10 0.028559254 
182 463 11 12 0.02854261 
812 568 20 25 0.028492486 
527 373 8 10 0.02846157 
487 366 11 14 0.028427353 
657 606 21 25 0.02841284 
1013 629 10 16 0.028403722 
338 399 9 11 0.028401334 
672 376 8 11 0.028377607 
623 252 10 14 0.028371723 
646 496 7 9 0.028367745 
573 472 8 9 0.02832414 
949 528 10 12 0.028280417 
734 542 8 10 0.028240992 
608 400 8 10 0.028209887 
646 524 10 12 0.028201759 
255 282 13 16 0.028197575 
585 351 8 10 0.028171454 
38 428 12 14 0.028141338 
849 501 8 11 0.02814125 
197 548 13 16 0.028140023 
188 535 10 12 0.0281015 
80 481 10 13 0.028064506 
81 432 8 9 0.027994521 
616 472 8 11 0.027962849 
680 455 9 10 0.027959557 
959 517 9 11 0.027896533 
2 431 8 12 0.02787941 
1007 516 8 10 0.027879147 
700 367 8 10 0.027872646 
561 583 16 20 0.027853731 
252 485 9 12 0.02773362 
438 373 9 11 0.027733572 
932 541 10 13 0.027722128 
319 432 7 9 0.027715195 
702 399 8 10 0.02767658 
918 472 11 13 0.02767152 
281 411 11 15 0.027640535 
345 381 9 12 0.02761617 
281 518 9 12 0.027611978 
533 150 23 28 0.027595583 
282 419 9 13 0.027590644 
942 578 11 15 0.027573172 
581 479 8 10 0.027566832 
645 438 9 11 0.027524361 
786 534 8 11 0.02750753 
878 571 13 18 0.027475856 
183 501 10 12 0.027462488 
755 340 15 18 0.027459623 
633 296 9 13 0.027400272 
345 358 10 13 0.02734151 
662 397 8 11 0.027324492 
849 517 9 13 0.027294563 
302 333 9 11 0.0272829 
418 478 9 12 0.027259434 
737 366 9 11 0.027176455 
25 107 39 49 0.027175024 
462 776 22 28 0.02715709 
657 318 8 9 0.027146293 
537 391 7 9 0.027145738 
59 558 14 16 0.02713155 
599 517 10 11 0.027088128 
1005 268 16 18 0.027070973 
940 695 18 21 0.027067432 
369 382 8 11 0.027059058 
83 612 17 22 0.027043607 
277 247 11 14 0.027029296 
263 514 13 15 0.026996987 
335 279 10 12 0.026991189 
737 559 9 11 0.026960336 
536 759 11 14 0.02695552 
225 499 10 12 0.026953818 
402 367 9 11 0.02695363 
983 615 12 17 0.026950654 
1004 566 11 14 0.026948776 
224 471 8 11 0.026936991 
584 415 7 9 0.026927961 
987 668 15 19 0.026927674 
243 238 13 15 0.026914116 
497 411 9 13 0.026909146 
16 432 9 11 0.02688315 
768 528 9 11 0.026867585 
612 503 11 13 0.02683197 
198 317 11 13 0.026821269 
607 526 9 12 0.026805231 
679 294 8 11 0.026804896 
114 538 12 19 0.026804559 
628 566 11 13 0.026798638 
625 384 8 10 0.026793148 
441 130 13 16 0.026786927 
686 477 7 10 0.02676999 
608 485 8 10 0.026723776 
153 453 9 11 0.026688565 
405 460 9 11 0.026680885 
649 279 10 13 0.026644705 
413 383 9 11 0.02664379 
559 468 8 10 0.026632154 
599 687 11 15 0.026620539 
231 510 9 12 0.026614001 
720 399 8 10 0.026598042 
632 422 9 12 0.026555946 
239 430 9 12 0.026518054 
336 456 7 9 0.026509216 
973 444 11 13 0.026486166 
625 391 8 9 0.02646917 
207 445 10 13 0.026424887 
854 577 14 18 0.026396079 
326 420 8 10 0.0263673 
879 636 14 17 0.026359858 
408 400 9 12 0.026341066 
690 487 8 11 0.026310183 
501 140 12 17 0.02629393 
740 692 15 20 0.02629284 
432 472 8 10 0.026288165 
534 492 8 12 0.026266893 
671 315 9 12 0.026260545 
452 386 12 14 0.026252236 
329 456 7 9 0.026231835 
448 350 9 10 0.026214056 
657 342 9 11 0.026187459 
618 236 12 16 0.02614033 
809 624 20 25 0.026107777 
521 374 7 9 0.026100181 
613 708 11 14 0.02608183 
979 642 15 19 0.02607154 
189 556 21 28 0.026062924 
601 533 11 14 0.026043009 
361 440 7 10 0.025980292 
993 521 18 23 0.025968403 
706 295 10 13 0.025963875 
70 487 10 12 0.025962759 
2 608 17 23 0.025949532 
72 461 8 9 0.025920115 
59 522 14 17 0.025915626 
607 438 7 9 0.025910776 
86 693 51 61 0.025908325 
687 585 13 18 0.02590441 
889 281 23 27 0.02590227 
30 736 52 69 0.025859019 
848 642 12 16 0.025851713 
646 366 8 11 0.025850466 
263 446 9 11 0.025835495 
537 335 9 10 0.025825098 
867 454 11 14 0.025817206 
861 682 16 21 0.025794845 
462 528 8 11 0.025794137 
622 469 9 11 0.025752518 
69 439 9 11 0.025745988 
697 511 8 11 0.025705248 
39 556 13 16 0.025699241 
505 374 8 9 0.025692096 
629 351 8 12 0.025673043 
877 518 8 9 0.025658675 
647 359 9 11 0.0256492 
6 431 9 11 0.025633426 
626 405 8 11 0.025621058 
646 564 10 13 0.025600232 
664 477 8 10 0.025585646 
325 464 8 9 0.025550926 
729 305 10 12 0.025547188 
631 440 8 10 0.0255032 
639 484 8 10 0.025496146 
654 589 10 14 0.025485072 
493 366 9 12 0.025469836 
432 520 8 11 0.025461817 
758 561 8 10 0.025447663 
59 549 12 14 0.025441386 
835 554 11 15 0.025433393 
577 360 7 8 0.025389854 
957 511 10 13 0.025381323 
877 288 11 14 0.025371866 
454 67 28 33 0.025347786 
116 491 10 13 0.025344266 
871 550 10 13 0.025295475 
951 598 13 16 0.02526588 
679 399 8 10 0.025253445 
445 66 13 17 0.025244033 
648 486 7 10 0.025222799 
959 534 9 11 0.025217008 
0 190 10 17 0.02517733 
721 391 7 10 0.02515976 
638 327 8 10 0.025141645 
781 321 13 17 0.025119051 
265 309 10 13 0.025103534 
253 480 8 9 0.025090206 
664 311 9 11 0.025089087 
115 507 11 14 0.025061848 
653 407 8 10 0.025058305 
702 375 8 9 0.025046855 
311 451 8 11 0.025022289 
465 436 10 14 0.02499583 
120 629 24 36 0.024942301 
141 404 11 13 0.024929114 
452 543 21 26 0.024921577 
862 511 8 10 0.024917847 
125 275 14 16 0.024911523 
827 621 22 26 0.024900747 
158 501 8 11 0.024891365 
153 351 11 14 0.024870368 
93 495 12 14 0.024859633 
535 504 8 10 0.024849849 
621 525 21 25 0.024849387 
709 618 21 29 0.02480853 
1013 573 10 14 0.024706574 
568 621 11 13 0.024697712 
133 554 13 18 0.024693344 
30 510 11 15 0.024654534 
428 400 11 13 0.02464538 
814 602 15 20 0.024624435 
655 327 10 11 0.024613364 
550 741 14 15 0.024598038 
920 525 9 12 0.02457814 
329 444 7 10 0.02456839 
547 259 12 14 0.024532242 
754 687 15 18 0.024501448 
163 597 17 21 0.02449691 
930 685 26 34 0.024488265 
432 533 8 11 0.024472423 
686 463 8 10 0.024470594 
195 263 11 15 0.024462376 
39 655 29 37 0.024447246 
152 488 8 11 0.02442313 
457 454 8 11 0.024396371 
94 454 9 10 0.024373967 
862 586 12 14 0.02432405 
549 375 8 11 0.024295272 
670 495 9 11 0.024285644 
447 502 8 11 0.024280492 
505 383 9 11 0.0242531 
1008 579 10 13 0.024250902 
615 478 7 10 0.024247488 
239 667 11 14 0.024242597 
108 514 13 16 0.024209898 
606 423 7 10 0.02420667 
848 543 10 15 0.024180517 
468 546 12 16 0.024177296 
208 507 9 11 0.024172517 
649 286 10 12 0.02415267 
327 433 7 9 0.024149725 
95 482 11 13 0.024124457 
195 507 11 13 0.024048025 
271 392 8 10 0.024044042 
258 532 13 15 0.024034316 
297 310 8 11 0.024009036 
447 375 9 11 0.024002848 
599 502 9 11 0.023991115 
261 659 12 14 0.02394349 
849 510 8 11 0.023942996 
255 396 10 12 0.023922801 
608 575 10 13 0.023915252 
1013 597 10 15 0.0238671 
646 582 10 12 0.023835238 
688 383 10 12 0.023825644 
671 279 8 10 0.0237987 
230 574 11 14 0.023792097 
976 564 20 25 0.023767697 
245 444 9 11 0.02375104 
895 519 9 11 0.023747623 
776 318 11 15 0.023731582 
1012 438 9 13 0.023720704 
664 185 12 16 0.023703221 
409 516 10 13 0.023691125 
680 462 8 9 0.023686405 
945 503 8 11 0.023675013 
390 376 8 10 0.023658259 
863 563 19 25 0.0236497 
957 709 28 40 0.023647023 
200 353 12 15 0.023639444 
559 612 9 12 0.023618279 
227 637 11 14 0.023607308 
782 549 9 11 0.023603426 
359 305 12 15 0.023582961 
401 373 9 11 0.023544392 
258 249 13 17 0.023521485 
563 56 25 30 0.023464609 
869 468 9 12 0.0234431 
414 534 10 12 0.023429044 
639 352 9 10 0.023428747 
519 399 9 12 0.023403062 
46 551 13 16 0.023391247 
444 471 9 10 0.023366723 
337 463 7 9 0.023357047 
596 550 11 14 0.023343142 
750 669 17 20 0.023333833 
938 688 44 59 0.02332617 
160 571 13 17 0.023320498 
988 539 10 12 0.023296176 
167 271 13 15 0.02329597 
416 375 9 11 0.023272477 
268 349 10 12 0.023256432 
808 568 9 11 0.023243487 
566 554 11 16 0.023206001 
766 692 14 17 0.023203192 
165 319 10 12 0.023198783 
160 555 12 17 0.023195628 
118 555 13 18 0.023187155 
141 534 9 12 0.023167329 
401 383 9 11 0.023142198 
597 604 12 15 0.023106156 
680 334 8 11 0.023085887 
665 375 7 10 0.0230844 
592 563 10 13 0.023078447 
158 472 11 13 0.023073286 
672 335 8 10 0.023072222 
46 427 11 15 0.023061488 
303 517 20 25 0.023042277 
229 642 10 13 0.023019737 
125 406 12 14 0.023008155 
791 533 9 11 0.022997076 
785 542 8 11 0.022964485 
965 670 16 22 0.022948457 
25 634 25 32 0.022923833 
313 432 8 10 0.02291624 
987 570 12 14 0.022902226 
655 396 9 11 0.022898586 
315 524 12 15 0.022897748 
22 432 9 11 0.022888519 
407 534 10 14 0.02286914 
733 534 9 11 0.022846643 
567 543 18 23 0.022795638 
617 526 9 12 0.022771621 
797 532 9 12 0.0227631 
32 230 13 17 0.022727558 
141 513 13 16 0.022690631 
278 526 9 14 0.022676561 
988 678 16 21 0.02267591 
716 579 11 14 0.022669453 
748 690 14 18 0.022657175 
321 400 8 10 0.022654325 
238 472 7 9 0.022646755 
337 424 9 10 0.022641268 
441 492 9 12 0.022633046 
838 544 9 13 0.022621686 
254 463 7 10 0.022612976 
20 636 40 49 0.022612788 
767 578 12 14 0.022593286 
465 445 10 13 0.022576666 
191 587 12 16 0.022575466 
522 208 16 20 0.022557534 
325 414 9 12 0.022555232 
245 456 7 10 0.02254178 
537 409 9 10 0.022527564 
904 526 9 11 0.022514172 
404 439 9 10 0.02249866 
662 532 9 12 0.022498189 
69 570 11 16 0.022482283 
304 398 8 10 0.02245829 
1012 535 10 12 0.02243917 
262 301 9 12 0.022436718 
1005 526 10 12 0.022424804 
933 597 13 15 0.022388345 
655 446 9 11 0.022378992 
575 343 9 11 0.02235967 
129 397 11 13 0.022338314 
343 455 9 10 0.022333737 
194 209 15 20 0.022322856 
70 471 8 11 0.022318453 
712 375 8 9 0.022309972 
917 652 16 22 0.022299778 
273 463 8 10 0.022266557 
939 715 17 23 0.022265036 
16 547 12 14 0.022239346 
560 335 9 10 0.022206819 
409 511 8 11 0.022204272 
781 270 9 12 0.022179335 
599 333 9 11 0.022172024 
920 536 10 12 0.022160377 
807 630 12 14 0.02210192 
790 566 11 15 0.022080692 
326 388 10 12 0.02207694 
965 548 10 13 0.022052113 
584 522 11 13 0.022036253 
838 580 11 15 0.022033384 
607 704 11 15 0.022031236 
614 486 9 10 0.022019066 
678 343 10 11 0.02201148 
753 561 20 25 0.021996427 
260 525 13 16 0.021981874 
238 497 17 23 0.021966135 
907 754 20 27 0.02196046 
223 546 12 16 0.021940487 
517 358 8 11 0.02193702 
493 327 10 13 0.02193578 
22 510 10 14 0.02192909 
649 471 7 9 0.021899287 
746 576 22 27 0.021898799 
237 572 11 14 0.021889111 
431 359 8 10 0.021822339 
966 512 8 10 0.021809375 
125 249 15 17 0.021774752 
571 479 223 232 0.021766454 
835 604 17 21 0.021764839 
622 437 9 11 0.021760192 
575 501 8 9 0.021749998 
674 429 9 12 0.021749059 
249 410 11 14 0.021727882 
48 462 10 11 0.021723729 
623 344 10 11 0.021715727 
729 579 22 30 0.021712115 
320 475 9 12 0.021707328 
983 517 9 10 0.021690255 
272 247 11 14 0.021688318 
422 373 9 11 0.021685418 
549 694 16 23 0.021682972 
199 527 10 13 0.021681286 
668 245 10 13 0.0216794 
544 156 22 26 0.021673912 
233 243 11 13 0.02166164 
425 83 14 19 0.02165799 
471 381 9 11 0.021654425 
960 580 11 14 0.02161249 
54 592 16 24 0.02158648 
926 680 15 19 0.02156527 
-1 5 22 34 0.021534922 
545 343 8 9 0.021521898 
775 492 8 10 0.0215108 
968 360 35 40 0.021508047 
292 522 12 16 0.021504544 
654 596 10 14 0.021489326 
454 375 10 11 0.021469874 
669 471 8 9 0.021464879 
680 366 9 11 0.021370653 
638 310 9 11 0.021342577 
235 519 11 14 0.021332473 
668 485 9 12 0.021312382 
918 520 9 11 0.021222524 
630 445 8 10 0.021220267 
50 577 22 30 0.021188319 
384 430 8 10 0.021185964 
155 751 29 35 0.021176675 
923 324 10 13 0.021120293 
666 453 8 10 0.0211197 
656 352 8 10 0.021095227 
173 485 10 12 0.021087253 
462 422 9 11 0.02108536 
894 512 10 11 0.021083286 
253 507 11 13 0.021073412 
625 485 9 10 0.021029491 
924 626 15 19 0.021028481 
236 565 11 14 0.021002121 
71 526 14 19 0.020974169 
200 611 12 17 0.020970328 
934 501 9 10 0.020968731 
20 528 19 24 0.0209629 
793 481 8 10 0.020957813 
450 523 9 13 0.020942613 
927 560 17 22 0.020922115 
816 335 10 13 0.020902013 
752 398 9 13 0.020892702 
566 611 11 14 0.020888312 
535 486 9 12 0.020862186 
306 453 9 11 0.020859748 
110 611 22 29 0.020857673 
939 704 18 24 0.020852236 
590 176 15 19 0.020842476 
250 134 26 30 0.020820271 
196 496 10 12 0.020810531 
639 342 9 11 0.02080937 
232 447 9 11 0.020792637 
601 400 7 9 0.020771114 
600 422 9 11 0.020749036 
415 399 9 10 0.020746058 
222 324 10 13 0.02074105 
735 344 9 12 0.02073571 
689 334 9 11 0.020732492 
727 534 11 13 0.020731842 
429 555 11 13 0.02072267 
989 511 7 10 0.020711944 
327 517 10 14 0.020704558 
537 413 10 12 0.020697674 
180 221 14 18 0.020694965 
991 11 31 43 0.020693315 
72 547 11 15 0.02068828 
616 382 8 10 0.020687448 
694 380 7 10 0.020682532 
854 737 12 18 0.020672124 
213 493 10 11 0.020667627 
286 360 10 13 0.02066408 
140 309 12 16 0.02056207 
578 376 7 9 0.020540558 
655 525 10 12 0.020538865 
670 631 15 20 0.020520877 
194 375 9 13 0.020487253 
529 503 8 10 0.020481732 
594 241 14 17 0.020441642 
108 594 17 21 0.020439262 
176 319 10 12 0.020425308 
671 574 11 13 0.02039838 
100 614 18 23 0.020386625 
565 367 8 10 0.020383263 
811 613 22 25 0.020342318 
828 354 10 12 0.02032925 
883 561 13 17 0.020304399 
439 519 9 11 0.020294784 
697 427 8 12 0.020275377 
640 317 9 10 0.02027028 
288 252 10 14 0.020262787 
769 491 9 12 0.02025988 
652 607 14 17 0.020210693 
215 582 12 15 0.020206025 
628 187 12 15 0.020159263 
773 597 13 19 0.020155143 
260 573 11 15 0.020126153 
31 544 20 27 0.020117825 
342 423 8 10 0.020116087 
247 525 9 11 0.020114139 
335 470 8 9 0.02010527 
440 165 12 15 0.020074883 
166 549 20 27 0.020063419 
726 3 12 15 0.020056035 
910 77 103 166 0.020036241 
336 390 9 11 0.020027395 
