21_Festival_Festival_21_513
54
209 109 82 110 0.9970233 
505 95 81 102 0.9794694 
60 166 37 45 0.9444412 
645 210 31 38 0.7407214 
20 62 28 32 0.60702693 
980 367 18 23 0.3863576 
362 147 28 42 0.20241639 
752 132 55 96 0.14327316 
43 20 30 32 0.07192028 
633 205 47 68 0.06830408 
681 184 26 32 0.06554896 
21 34 46 51 0.06344578 
975 216 14 18 0.0632055 
988 205 10 13 0.061975595 
1001 205 11 13 0.061060626 
972 239 15 18 0.060282405 
579 79 49 70 0.054905437 
670 183 13 16 0.053439762 
669 180 27 33 0.047525667 
916 204 10 14 0.047103893 
661 193 30 35 0.0428428 
347 135 47 68 0.039616995 
650 255 36 42 0.0395885 
86 43 45 52 0.03904135 
30 15 52 58 0.038968887 
746 107 51 85 0.037904005 
612 218 49 73 0.037798785 
691 181 25 31 0.03567947 
594 513 16 17 0.03447008 
851 103 50 89 0.03268842 
959 216 14 21 0.03244163 
19 173 17 24 0.031342935 
963 214 20 26 0.03125595 
1 114 12 17 0.030823817 
974 373 17 19 0.029635364 
711 41 48 60 0.02927279 
539 89 60 79 0.028595421 
326 79 43 53 0.02827341 
57 31 50 61 0.028087627 
980 213 14 18 0.026410336 
233 0 27 28 0.026329193 
56 23 18 21 0.026275031 
939 211 12 15 0.026231552 
0 99 13 18 0.02617965 
619 290 51 70 0.024979208 
16 53 47 57 0.024438977 
645 209 19 25 0.024003403 
76 174 34 43 0.023484403 
684 156 41 54 0.022847435 
692 262 38 63 0.022600332 
996 416 15 21 0.021656828 
661 184 18 21 0.021503493 
954 219 22 31 0.02088021 
539 957 12 15 0.02037988 
