21_Festival_Festival_21_936
45
381 211 295 386 0.9972024 
244 275 135 208 0.972432 
778 55 213 309 0.7941141 
263 230 199 300 0.32455277 
678 435 181 243 0.18126799 
231 156 25 30 0.103215255 
719 1074 240 273 0.095995985 
773 1419 22 27 0.08322524 
625 967 411 434 0.07016501 
34 108 27 31 0.0636839 
116 347 50 55 0.062210776 
84 427 52 66 0.060224194 
31 370 37 39 0.058935083 
29 538 674 494 0.05838128 
371 1058 218 266 0.057816647 
714 456 122 132 0.057250656 
187 89 28 35 0.050948706 
797 610 45 62 0.046577882 
795 628 15 20 0.04636213 
735 394 118 139 0.04550216 
147 87 29 34 0.044969454 
129 365 84 107 0.040181655 
290 471 504 402 0.038513165 
838 654 46 70 0.036785834 
719 9 351 493 0.03454755 
683 175 67 84 0.03137038 
876 97 153 220 0.030091478 
569 345 359 445 0.030037144 
814 604 32 43 0.029601522 
197 318 112 152 0.029452857 
30 383 43 50 0.028376903 
782 583 87 120 0.027843945 
208 114 25 34 0.027177418 
792 623 30 38 0.025245244 
59 176 128 162 0.02491102 
100 326 86 100 0.024873352 
71 419 85 108 0.024152014 
867 171 17 20 0.02393405 
-1 568 26 51 0.022990981 
433 874 136 93 0.022100003 
-1 114 11 21 0.021927651 
157 376 31 36 0.021805467 
150 154 28 32 0.02136484 
714 959 43 50 0.021221278 
807 97 137 173 0.020604491 
