21_Festival_Festival_21_640
18
172 223 11 14 0.11139933 
47 437 22 28 0.08828056 
122 433 24 34 0.051969487 
50 426 15 17 0.049698602 
619 594 13 15 0.04711811 
171 246 13 16 0.037863467 
124 428 14 17 0.036741283 
1002 190 8 11 0.035458926 
43 430 36 47 0.0351323 
667 483 10 14 0.034598753 
261 182 22 30 0.034562543 
965 245 13 17 0.029816747 
269 149 11 16 0.02941741 
748 437 14 17 0.02824307 
670 589 12 15 0.02529607 
620 602 14 16 0.0247081 
0 365 8 14 0.02090105 
110 232 11 14 0.020453895 
