21_Festival_Festival_21_100
68
675 104 132 167 0.9996772 
435 444 124 161 0.9814187 
78 180 22 29 0.8152619 
163 156 19 24 0.61988044 
98 174 24 33 0.55940247 
120 328 29 37 0.53841394 
12 241 27 32 0.43377325 
88 177 23 31 0.40082985 
1 207 21 29 0.29761693 
301 475 54 72 0.21608424 
413 79 51 82 0.14755209 
491 542 37 42 0.11481847 
104 170 18 23 0.10590226 
459 496 77 97 0.09865054 
36 193 21 27 0.083410025 
902 116 31 37 0.08201893 
151 352 14 19 0.0806551 
25 237 26 34 0.07635679 
6 247 38 47 0.07378644 
90 253 26 31 0.072610974 
54 204 24 31 0.070351064 
22 289 53 61 0.060252376 
441 362 190 259 0.052476704 
2 221 26 41 0.05126407 
327 441 32 39 0.05125026 
0 370 13 26 0.0501011 
482 279 51 75 0.049835455 
134 340 25 33 0.04920274 
65 501 20 23 0.045676548 
304 286 27 38 0.044725038 
107 413 14 18 0.04464685 
57 220 25 28 0.041190114 
34 138 13 19 0.04068173 
676 68 428 475 0.039894063 
936 322 44 53 0.039004926 
84 355 15 18 0.038126577 
566 383 10 13 0.03632412 
151 444 14 18 0.036043134 
109 313 50 63 0.033277214 
192 496 53 64 0.033246636 
150 206 22 27 0.029689694 
522 486 27 34 0.02901609 
364 66 91 101 0.028769568 
121 231 17 21 0.026712328 
260 238 51 63 0.025878036 
6 247 19 23 0.025747541 
175 200 29 35 0.02554352 
134 460 12 14 0.025502516 
992 491 34 45 0.025095668 
541 493 16 24 0.025095211 
41 197 25 31 0.02428375 
300 473 34 48 0.02369812 
136 337 16 22 0.023501204 
309 441 56 78 0.02332868 
16 280 90 96 0.022293925 
45 283 55 61 0.02148208 
479 471 77 93 0.021250157 
306 65 99 120 0.021140328 
247 304 53 59 0.021094857 
28 123 13 16 0.020838875 
244 327 10 13 0.02083141 
274 252 53 70 0.020759473 
131 421 14 17 0.020731727 
69 114 14 17 0.02064649 
161 322 12 16 0.020577606 
28 132 15 20 0.020572908 
288 516 51 61 0.020518547 
534 618 30 41 0.020399384 
