21_Festival_Festival_21_605
99
937 258 31 39 0.99951863 
178 113 62 80 0.9993098 
806 76 64 87 0.99928516 
447 31 79 110 0.9985393 
312 64 72 94 0.99804604 
634 56 67 96 0.9977792 
985 185 19 24 0.9568779 
993 267 28 35 0.93484855 
87 268 18 28 0.88992816 
7 249 15 22 0.843948 
53 280 13 17 0.7717489 
36 233 13 17 0.7535388 
60 239 15 22 0.7443481 
757 162 25 31 0.6527293 
42 261 10 14 0.5659334 
31 230 13 16 0.38452926 
72 319 12 14 0.27113688 
78 161 12 14 0.25849095 
935 207 18 21 0.23196991 
1 230 8 12 0.2101013 
6 222 9 12 0.20021753 
63 230 13 17 0.14760089 
84 316 11 14 0.11961826 
63 302 13 15 0.117517695 
88 264 13 19 0.100908 
124 275 11 16 0.0902403 
964 226 14 19 0.09016362 
7 240 9 13 0.08962942 
56 268 11 15 0.08944422 
999 297 13 18 0.087585986 
75 244 10 14 0.08562444 
12 222 9 11 0.07385515 
932 219 25 30 0.07362495 
148 193 12 15 0.07249207 
60 266 11 14 0.07198155 
994 286 27 39 0.06957173 
77 235 12 15 0.0692838 
961 194 13 17 0.0625287 
48 208 9 11 0.062153146 
64 235 16 21 0.06184463 
3 223 9 13 0.06165707 
56 262 10 13 0.058304854 
64 223 12 13 0.055862073 
38 256 17 23 0.054773085 
48 278 13 18 0.051240776 
959 95 40 50 0.051082086 
69 222 11 13 0.0494255 
45 254 11 14 0.048633274 
896 263 33 45 0.04723587 
1001 287 17 21 0.043122556 
41 596 28 39 0.04269173 
2 256 10 17 0.041319598 
30 226 10 12 0.041268196 
31 206 9 11 0.039485306 
48 242 10 15 0.039170668 
36 301 12 15 0.037657533 
933 232 27 34 0.03489347 
652 249 123 119 0.03486476 
40 282 12 16 0.03441591 
47 193 8 10 0.034033943 
52 213 9 11 0.033478357 
24 223 9 12 0.03285076 
22 214 8 10 0.03201722 
66 245 15 20 0.031831585 
880 254 38 51 0.031225502 
78 521 16 20 0.031058814 
26 228 11 14 0.030628609 
42 191 8 10 0.030618161 
135 199 9 11 0.029967148 
64 205 9 11 0.02897996 
728 426 62 55 0.028572645 
14 207 9 10 0.028373 
128 199 9 12 0.027501523 
56 246 11 17 0.027447896 
13 240 10 14 0.027355257 
0 270 9 15 0.027310867 
0 327 9 14 0.02658556 
20 282 11 14 0.025967257 
76 223 11 13 0.025791815 
65 216 10 12 0.025458962 
53 208 9 11 0.025113508 
911 263 26 37 0.02468257 
0 204 7 11 0.024538571 
44 324 10 13 0.02392742 
720 284 61 61 0.023770595 
542 99 387 467 0.023084233 
4 299 10 14 0.022476967 
994 262 19 20 0.022356302 
78 312 20 23 0.022345768 
131 272 13 19 0.022205843 
66 307 15 17 0.021851683 
37 293 12 15 0.021693654 
4 331 11 14 0.02153836 
395 809 133 130 0.021510575 
122 206 8 12 0.02147282 
876 178 39 56 0.021381281 
16 276 11 14 0.021111595 
955 233 23 29 0.020915244 
1010 266 14 18 0.020555265 
