21_Festival_Festival_21_193
989
204 438 35 48 0.99030685 
714 459 22 38 0.9188679 
629 440 21 34 0.89229006 
816 429 20 29 0.82435924 
44 501 46 67 0.8168594 
206 382 15 22 0.7280181 
394 458 19 36 0.6927439 
377 409 15 21 0.6478385 
333 407 17 22 0.5593824 
171 392 15 22 0.5337691 
746 373 10 13 0.49999055 
236 411 20 27 0.46174982 
433 468 31 43 0.45598644 
361 374 9 12 0.43923056 
398 370 13 15 0.43433216 
599 386 12 15 0.41945046 
955 436 26 35 0.40158382 
341 366 10 12 0.37065896 
35 382 16 19 0.36792174 
326 341 9 11 0.36210132 
262 480 42 53 0.36112094 
734 359 8 10 0.3391169 
741 404 10 15 0.31601956 
974 368 10 12 0.30153108 
537 418 15 17 0.2928211 
817 374 9 11 0.29158416 
277 347 9 11 0.28336594 
303 360 9 12 0.2824973 
375 368 9 12 0.27314264 
505 348 8 11 0.27218533 
736 198 9 12 0.2689896 
360 359 9 12 0.2675357 
813 397 13 16 0.2617621 
342 351 8 10 0.2610517 
791 385 9 11 0.26009816 
340 461 24 25 0.25413814 
558 359 8 11 0.25225154 
676 375 12 14 0.24707232 
530 401 14 20 0.23619908 
531 412 14 18 0.22684823 
254 350 9 10 0.22617249 
132 380 13 19 0.2261477 
189 350 9 11 0.22537899 
48 422 23 37 0.22268143 
271 328 10 13 0.21549931 
857 426 20 30 0.2142636 
183 398 20 28 0.21262884 
658 375 9 12 0.21177815 
103 373 12 17 0.2114867 
367 351 8 10 0.21054314 
230 395 15 19 0.20513985 
932 514 29 55 0.20191555 
844 372 10 13 0.20122983 
831 354 10 13 0.1987431 
216 360 10 12 0.19765797 
598 365 8 11 0.19390294 
671 361 8 10 0.19260326 
3 368 21 30 0.1879828 
50 336 15 18 0.18561257 
993 404 16 21 0.1847424 
467 381 15 17 0.18087207 
765 381 10 12 0.18054037 
572 388 12 16 0.17985596 
776 378 10 12 0.17867397 
690 419 13 20 0.1767594 
840 451 27 36 0.171108 
943 379 13 15 0.16954465 
336 351 9 10 0.16746433 
660 380 10 13 0.16690704 
797 411 14 17 0.16577768 
312 386 11 15 0.1652375 
903 390 10 13 0.16439882 
468 432 21 26 0.16197433 
351 343 8 11 0.1618838 
385 347 9 11 0.16156396 
233 402 17 22 0.15965603 
5 360 17 21 0.15755343 
870 375 12 13 0.15587494 
461 366 9 11 0.15520541 
638 388 14 17 0.1551548 
279 375 11 15 0.15473512 
261 365 10 13 0.15414666 
918 390 12 15 0.15159507 
73 322 15 17 0.15091278 
174 359 11 14 0.15060417 
854 392 11 15 0.14844528 
673 379 11 14 0.14812618 
295 343 11 12 0.14744449 
390 347 9 11 0.14730866 
462 361 8 10 0.14698038 
359 364 10 12 0.14615929 
636 436 15 25 0.14508557 
439 359 8 11 0.14392455 
260 343 9 11 0.14334017 
565 387 14 16 0.14159861 
686 357 9 11 0.14047177 
376 390 10 12 0.14025043 
945 449 39 49 0.14024507 
687 561 60 87 0.1398809 
448 350 7 9 0.13886993 
807 372 8 10 0.13865705 
569 351 8 9 0.13818735 
701 375 8 11 0.13754706 
237 349 9 10 0.13683802 
678 398 12 14 0.1363718 
200 336 8 10 0.13577901 
612 416 16 19 0.13480583 
437 373 9 11 0.13299799 
502 395 9 12 0.13159443 
868 418 15 21 0.12925555 
528 397 11 16 0.12833236 
609 364 10 12 0.12820555 
18 427 24 32 0.1277409 
725 344 7 8 0.1265385 
328 382 9 12 0.12488097 
447 382 9 12 0.12403703 
958 349 10 12 0.12366666 
626 591 45 69 0.12324175 
417 353 8 8 0.12295958 
199 384 15 21 0.12235458 
341 373 11 13 0.12233097 
864 370 11 14 0.1220613 
749 367 10 12 0.1216847 
447 363 8 11 0.12114701 
613 359 9 12 0.121020585 
711 388 12 15 0.11655574 
190 344 10 11 0.11630323 
553 358 9 11 0.116122514 
496 385 11 15 0.1149986 
456 372 10 13 0.11497399 
240 359 9 11 0.114348724 
120 323 12 14 0.11273767 
584 365 11 13 0.112295665 
730 359 8 9 0.111497335 
192 328 7 9 0.11145739 
590 402 10 15 0.110906035 
694 398 8 13 0.109263025 
651 409 13 19 0.108314894 
137 365 10 14 0.10805121 
14 515 37 46 0.10774853 
142 362 11 15 0.106612585 
630 409 14 19 0.10624127 
661 426 15 20 0.10607031 
216 349 8 10 0.106012166 
277 332 10 12 0.105198935 
780 411 11 16 0.104664996 
178 394 15 22 0.10316984 
501 389 9 13 0.1030514 
583 384 9 12 0.10191628 
317 383 11 14 0.10168871 
255 355 11 14 0.10128703 
927 381 9 11 0.10080042 
480 343 7 8 0.100789696 
560 386 13 16 0.10046446 
987 356 11 13 0.10032372 
248 408 17 24 0.100322545 
213 326 8 9 0.09993165 
256 345 10 12 0.0995511 
469 395 15 18 0.09953571 
407 342 8 10 0.0993319 
404 367 10 12 0.09904462 
939 388 15 18 0.09790588 
88 323 13 17 0.09784456 
860 391 12 14 0.097311206 
301 343 9 11 0.097306706 
350 328 8 10 0.09705651 
711 384 10 13 0.09641685 
567 372 10 13 0.09570335 
697 378 9 12 0.09553537 
409 334 8 11 0.09539789 
1014 345 8 11 0.09509963 
648 365 9 11 0.094718106 
712 613 70 69 0.094612814 
847 433 24 31 0.094585896 
731 418 17 20 0.094141625 
310 334 8 10 0.09382596 
567 367 9 11 0.09259074 
256 366 12 15 0.091982484 
267 386 13 17 0.091883086 
234 329 9 10 0.09184067 
703 360 8 10 0.090206414 
173 348 10 12 0.08985554 
936 395 13 17 0.08960971 
470 350 7 9 0.08929521 
815 454 29 34 0.0892424 
239 364 10 12 0.08899569 
220 412 16 22 0.088985294 
351 334 8 10 0.08884109 
965 359 9 11 0.08835755 
675 425 17 18 0.088059686 
254 371 13 16 0.087848045 
360 351 7 9 0.087737076 
797 343 8 11 0.08756321 
640 381 11 13 0.08722821 
351 349 8 10 0.08680698 
260 315 10 12 0.08670582 
504 365 8 11 0.086695045 
54 362 16 18 0.08581479 
219 381 12 18 0.08468446 
614 370 12 15 0.08428094 
537 394 15 18 0.08425635 
452 396 10 14 0.08415629 
803 433 24 33 0.083777696 
259 371 14 18 0.08321764 
765 387 11 12 0.082700305 
980 408 16 21 0.082314156 
578 425 16 21 0.081501745 
181 380 12 15 0.0814175 
960 358 10 12 0.08065879 
381 367 10 12 0.08062901 
961 396 10 14 0.08044423 
840 333 9 11 0.080220394 
734 411 14 18 0.08019893 
225 334 9 11 0.079895645 
310 366 10 12 0.079095416 
159 327 9 11 0.07824417 
685 398 12 15 0.07812204 
875 607 39 53 0.07807504 
235 388 14 17 0.07748798 
102 356 10 12 0.0773998 
766 375 10 12 0.07711491 
29 428 25 33 0.07708552 
807 396 13 16 0.07705641 
249 371 11 15 0.0767749 
367 390 8 11 0.07666679 
519 361 8 9 0.07659497 
574 382 12 14 0.076132126 
190 355 9 11 0.07605686 
622 394 12 17 0.07593317 
364 379 10 13 0.075681694 
401 345 7 10 0.075645484 
640 376 9 10 0.07559161 
367 335 8 9 0.07550381 
460 438 23 32 0.075458445 
417 357 9 11 0.075327665 
466 344 6 9 0.075313106 
584 349 8 10 0.075247385 
963 418 15 18 0.075023815 
960 365 9 11 0.074035175 
445 388 12 16 0.073852405 
918 400 16 18 0.07384618 
486 367 10 13 0.07384166 
572 374 11 13 0.07379708 
536 357 8 9 0.073544376 
490 355 9 11 0.0733047 
293 261 11 13 0.07323189 
590 366 10 12 0.07302743 
709 372 9 11 0.072551854 
788 441 17 24 0.072445884 
633 356 8 11 0.07208034 
874 378 12 15 0.07200628 
845 367 11 13 0.071813166 
643 436 15 23 0.071602166 
843 378 13 18 0.071322225 
488 406 11 16 0.0713064 
739 344 7 9 0.070730746 
490 427 16 24 0.07067313 
698 476 30 39 0.07060185 
206 350 8 10 0.0705272 
590 384 10 12 0.07050885 
167 362 10 14 0.07044276 
637 356 8 10 0.07040995 
790 366 9 11 0.070255026 
800 372 10 12 0.0702507 
607 408 14 18 0.06998801 
285 372 10 13 0.06964547 
662 367 9 11 0.06938985 
478 366 10 12 0.069376305 
358 441 15 21 0.06918303 
650 359 8 11 0.06918276 
782 381 10 13 0.06912511 
137 384 15 21 0.06907413 
327 395 11 15 0.069000974 
190 391 21 28 0.06881041 
797 350 9 10 0.06846496 
71 340 12 14 0.06838723 
947 417 15 18 0.068354785 
456 367 10 11 0.06828759 
78 348 13 16 0.06818079 
650 499 28 44 0.06799271 
300 394 12 15 0.067936115 
311 343 8 10 0.06789339 
414 335 8 10 0.06720585 
819 395 11 15 0.06697844 
684 435 16 20 0.066705376 
981 511 43 74 0.06653782 
417 472 33 35 0.0663734 
605 383 10 13 0.06630225 
397 396 13 17 0.06627147 
375 345 7 9 0.06608482 
342 359 9 11 0.06604872 
374 380 12 14 0.0660052 
695 358 9 11 0.06528967 
471 376 11 12 0.06527247 
294 366 10 12 0.064657845 
966 329 7 8 0.06422498 
500 383 9 12 0.06415673 
701 380 9 11 0.06413816 
399 467 27 32 0.064053334 
346 327 8 10 0.06399737 
342 378 11 13 0.06379364 
816 378 12 15 0.06371839 
375 394 11 16 0.06355381 
421 366 8 10 0.06344116 
527 373 10 13 0.06283128 
35 433 33 40 0.06272459 
509 345 8 10 0.06260288 
456 360 8 10 0.062295973 
200 350 9 11 0.062156845 
484 429 15 23 0.061428357 
957 418 13 18 0.060073122 
398 377 12 15 0.059841666 
620 402 14 20 0.059815124 
686 413 14 20 0.059699338 
437 335 8 10 0.059433788 
408 327 8 9 0.059199657 
803 410 12 17 0.058562838 
963 426 16 22 0.05845804 
751 360 9 11 0.058435608 
812 421 15 21 0.05839604 
310 411 13 19 0.058285255 
455 345 7 9 0.05823767 
962 333 8 10 0.058108352 
726 376 10 11 0.05808755 
478 360 9 10 0.058085896 
727 351 8 9 0.058046274 
761 374 9 12 0.0577987 
863 326 10 12 0.057435684 
678 367 9 10 0.056781035 
270 377 13 18 0.05676235 
543 500 22 36 0.05668758 
725 379 13 15 0.05658207 
612 403 14 18 0.056417264 
543 357 7 10 0.056122582 
165 333 9 12 0.056057423 
625 512 25 36 0.055825632 
438 381 11 15 0.05572996 
393 372 10 13 0.05560507 
222 350 8 9 0.05556962 
159 387 24 29 0.055474095 
589 425 14 20 0.05539696 
104 350 11 13 0.055362098 
228 411 17 23 0.055036824 
289 296 8 12 0.055006474 
439 351 8 9 0.054983787 
640 445 22 33 0.054976493 
345 343 9 11 0.05487133 
289 367 10 12 0.05482337 
61 370 14 17 0.054658893 
368 344 9 11 0.054476734 
782 343 8 10 0.054356605 
621 371 11 14 0.054329894 
682 352 8 10 0.054112457 
361 317 9 10 0.054063108 
385 332 9 11 0.053929817 
896 413 10 14 0.053565025 
336 372 9 13 0.05345136 
365 358 8 11 0.05324533 
776 335 7 9 0.053093508 
780 374 10 12 0.0530766 
415 366 10 11 0.052609686 
528 367 9 11 0.052555345 
720 406 10 16 0.052381672 
574 351 8 9 0.05236883 
710 367 8 10 0.052319825 
512 365 9 11 0.05211013 
764 447 15 22 0.05210474 
684 389 11 13 0.051762436 
900 413 12 15 0.051740978 
759 367 8 10 0.05168073 
733 397 13 16 0.051668126 
757 404 12 15 0.051606897 
337 511 29 32 0.051552806 
354 456 16 22 0.05137139 
1012 371 10 15 0.051233042 
274 344 10 12 0.050527345 
618 409 18 24 0.050526217 
102 367 12 15 0.050278556 
289 342 8 11 0.049990445 
646 406 13 18 0.049969077 
282 379 12 16 0.049794078 
684 381 10 13 0.049761135 
422 352 7 9 0.049725343 
381 383 10 12 0.049652908 
584 360 8 10 0.049590662 
693 488 15 20 0.049526464 
968 366 10 12 0.049526177 
214 320 8 10 0.049479216 
722 345 7 9 0.049303852 
25 169 12 16 0.049132414 
52 345 15 17 0.04912257 
424 343 8 9 0.049040195 
478 234 14 19 0.04896779 
785 386 11 15 0.048911165 
740 424 14 18 0.04891035 
453 350 7 8 0.04847834 
438 364 10 12 0.048432983 
109 365 12 15 0.048379254 
846 386 13 18 0.048302133 
391 328 8 10 0.04827577 
517 364 9 12 0.048246726 
551 354 8 9 0.048169162 
1007 350 10 12 0.048096687 
806 320 8 10 0.048077125 
395 411 12 17 0.04801147 
237 332 9 11 0.04799268 
438 386 14 17 0.047990028 
742 359 9 11 0.047930177 
431 343 8 10 0.047920693 
184 334 8 10 0.04791843 
45 174 11 13 0.04766438 
796 389 12 13 0.047574475 
460 371 10 12 0.047222223 
385 411 15 18 0.047109738 
908 389 13 15 0.047074106 
700 483 14 20 0.04703251 
312 348 9 9 0.046899218 
956 426 15 22 0.046893865 
497 479 21 31 0.046841 
361 335 7 9 0.04681062 
334 396 13 15 0.04671095 
528 391 9 13 0.046549574 
454 402 11 16 0.046529964 
302 416 14 20 0.046502486 
681 359 8 10 0.046248496 
544 353 7 9 0.04614623 
374 350 8 10 0.04612445 
713 350 8 9 0.046108853 
590 371 10 12 0.046100874 
206 343 8 10 0.04603876 
775 404 13 17 0.045998067 
773 368 10 11 0.045948375 
305 286 10 13 0.04584537 
726 387 14 17 0.045823377 
934 333 9 10 0.045818012 
738 490 29 40 0.0457995 
246 365 11 15 0.045738943 
317 254 9 12 0.04572812 
728 365 9 9 0.04571077 
380 394 15 19 0.045692094 
98 423 18 23 0.045683693 
719 360 7 9 0.045504265 
937 397 20 25 0.045368936 
495 374 7 9 0.045287408 
61 419 22 35 0.045286257 
652 442 15 20 0.045241863 
278 409 13 19 0.045147285 
630 382 9 13 0.045138992 
777 343 7 10 0.04510435 
624 382 11 13 0.04509945 
246 358 9 13 0.044990573 
773 416 16 21 0.044979285 
212 416 19 21 0.044811297 
967 350 9 11 0.04467902 
550 374 8 11 0.044486977 
40 352 10 12 0.04447648 
398 349 9 9 0.044397432 
407 391 9 14 0.044395126 
69 175 9 11 0.043893095 
19 314 13 20 0.043815847 
438 344 8 9 0.043613654 
719 469 28 34 0.043529656 
560 364 9 11 0.04343902 
632 367 7 10 0.04325616 
330 349 9 10 0.043220125 
420 381 11 15 0.043159302 
756 435 15 21 0.043139648 
318 365 11 13 0.042885955 
671 173 9 12 0.042723056 
268 393 12 16 0.042663828 
529 351 7 10 0.042653073 
599 348 9 11 0.042645358 
635 404 15 19 0.04264261 
400 360 9 10 0.042580053 
310 371 11 13 0.042489327 
871 411 14 20 0.04246399 
661 394 13 16 0.042425465 
284 388 11 14 0.042397514 
287 336 8 10 0.04236874 
449 345 8 9 0.04236336 
322 335 8 11 0.04235291 
718 349 8 9 0.042309877 
157 363 12 16 0.04230751 
236 488 47 59 0.04226788 
390 394 15 19 0.042248726 
312 406 10 15 0.04208175 
92 420 14 20 0.04202135 
577 203 10 14 0.04201529 
140 346 12 15 0.041991375 
796 384 10 11 0.041733757 
128 382 21 29 0.04168988 
45 347 13 17 0.04144543 
270 470 33 39 0.04136573 
75 331 13 15 0.04114194 
330 396 21 26 0.04112426 
534 391 12 15 0.040986337 
474 385 15 19 0.040959507 
808 466 29 33 0.040947687 
358 344 8 10 0.04093134 
670 387 12 16 0.04089084 
332 380 12 14 0.040787492 
243 413 24 32 0.040756445 
668 433 14 18 0.040640995 
526 381 10 12 0.04053823 
703 366 9 10 0.040334467 
968 434 18 24 0.04031049 
215 375 12 15 0.040302288 
20 440 33 39 0.04022809 
57 356 15 18 0.040227912 
339 398 14 15 0.040201437 
183 343 9 12 0.040177878 
661 350 8 9 0.040061455 
677 388 14 16 0.039861728 
168 342 9 13 0.039542206 
192 403 18 24 0.03935642 
945 523 41 59 0.03932115 
993 414 22 27 0.039217062 
573 367 9 11 0.039108384 
391 366 9 12 0.039022 
677 174 10 12 0.038955733 
836 357 11 12 0.03893087 
472 365 9 11 0.038857374 
583 371 12 13 0.038820144 
884 393 13 18 0.038580056 
1013 411 10 15 0.038275268 
871 405 13 16 0.03826285 
246 334 8 10 0.0382579 
757 360 8 11 0.03813539 
189 389 12 17 0.03807856 
682 533 53 77 0.038074814 
725 404 13 17 0.038014177 
232 357 10 12 0.037884794 
429 396 14 19 0.037735157 
11 313 15 22 0.0373412 
415 342 7 9 0.03730618 
433 336 8 9 0.037297223 
353 359 8 11 0.03728758 
421 373 9 12 0.03715464 
0 378 13 21 0.037067052 
598 402 13 18 0.0370084 
1002 411 15 17 0.037004463 
149 361 14 18 0.036970343 
687 364 9 10 0.03695389 
303 291 12 15 0.036791764 
953 350 7 11 0.036790546 
126 338 10 13 0.036616866 
317 372 12 14 0.036612574 
414 388 11 14 0.036526836 
322 341 8 11 0.036473595 
800 357 9 11 0.036465675 
510 373 10 12 0.036457855 
542 365 9 11 0.036454014 
405 403 11 15 0.036434226 
731 482 27 38 0.036370266 
62 338 11 16 0.036263224 
303 370 12 15 0.036198482 
851 418 17 22 0.035952717 
475 402 16 18 0.03589878 
1005 364 12 15 0.03589678 
935 381 10 13 0.035801455 
933 453 27 37 0.03574799 
861 420 16 23 0.035725452 
363 434 15 21 0.03569327 
326 365 9 12 0.03563291 
433 352 8 9 0.03560717 
756 428 13 18 0.03558169 
774 349 9 12 0.035564803 
542 376 10 10 0.035533793 
279 441 26 32 0.035417326 
946 386 14 16 0.035403956 
727 339 8 9 0.035385054 
588 441 15 26 0.035383552 
69 333 22 26 0.0353754 
944 367 8 10 0.03531382 
327 405 14 19 0.035291992 
934 364 10 11 0.035168707 
606 350 8 9 0.03515273 
996 443 27 35 0.035134133 
337 357 10 12 0.03499893 
27 501 36 56 0.034990616 
749 403 11 16 0.034898583 
962 328 7 10 0.034878362 
952 359 8 10 0.03485478 
573 486 22 28 0.03484514 
793 343 8 10 0.03484097 
248 496 58 72 0.034804255 
1009 345 9 11 0.034711502 
923 410 14 17 0.034708902 
477 471 16 22 0.03467425 
660 411 13 17 0.034426033 
238 344 9 12 0.034232903 
328 376 10 12 0.034229342 
710 455 16 30 0.03421518 
369 329 8 10 0.03413457 
896 389 11 15 0.034134265 
0 126 24 36 0.034084983 
711 360 8 9 0.034031805 
88 311 20 28 0.033981044 
696 367 8 10 0.033965558 
979 372 11 13 0.033961743 
671 395 12 16 0.033576462 
652 457 17 25 0.033527773 
388 403 15 19 0.033525266 
438 328 8 9 0.03349774 
735 352 9 10 0.033466812 
327 386 11 15 0.033449482 
878 365 9 11 0.033443544 
739 444 16 20 0.03340548 
1004 356 12 15 0.033391926 
534 366 9 11 0.033371698 
705 352 7 9 0.03331533 
668 420 16 20 0.033200618 
409 320 8 10 0.033098444 
421 387 11 15 0.033041496 
791 373 10 12 0.032890372 
651 412 20 26 0.032855667 
51 368 16 18 0.0327276 
638 428 13 18 0.032718543 
753 469 31 39 0.032647613 
737 228 11 15 0.032624617 
638 368 9 10 0.03253478 
108 358 11 12 0.03244288 
503 375 9 10 0.032441482 
790 416 14 18 0.032433968 
799 394 13 18 0.032385975 
382 360 10 11 0.032204155 
66 378 14 18 0.032053877 
894 428 12 16 0.032008804 
208 357 9 13 0.031953048 
306 252 10 12 0.031935696 
199 320 8 10 0.031915735 
818 401 15 18 0.031796012 
153 325 10 11 0.03175205 
868 367 11 13 0.031737216 
208 423 28 34 0.031707287 
911 335 9 10 0.031649288 
815 369 9 11 0.03161786 
671 402 13 17 0.031441566 
806 358 9 11 0.03143818 
69 365 14 17 0.03141386 
265 326 10 12 0.031399075 
375 327 8 10 0.031341407 
51 417 16 25 0.031303637 
471 345 6 9 0.031300474 
655 395 12 16 0.03128516 
376 360 8 10 0.031211087 
921 385 9 11 0.031206612 
338 442 16 20 0.031181743 
276 453 30 37 0.031167937 
624 358 9 11 0.031167349 
893 374 11 13 0.03112342 
927 343 9 10 0.031035839 
541 380 11 13 0.031017736 
270 439 24 26 0.030885443 
646 375 8 10 0.030881463 
345 334 9 11 0.030627914 
223 405 14 18 0.030623693 
900 463 27 33 0.030619668 
869 387 12 16 0.030618927 
735 375 9 11 0.030529296 
613 379 11 14 0.030497428 
368 406 19 25 0.030496767 
977 447 18 23 0.030495856 
431 193 13 17 0.03045961 
339 451 17 20 0.030411739 
995 500 27 54 0.030355997 
536 380 10 13 0.030220138 
199 357 9 11 0.030165125 
560 354 8 10 0.03015353 
318 351 8 9 0.030128397 
988 411 17 24 0.03009349 
850 399 22 27 0.03001441 
743 369 17 22 0.029922763 
748 426 13 18 0.02989867 
695 353 8 10 0.029810186 
442 478 18 26 0.029686013 
863 378 13 16 0.02961374 
597 394 14 17 0.02955422 
279 384 12 17 0.029538468 
707 480 15 22 0.029432094 
30 444 46 59 0.029429272 
361 388 11 13 0.02942272 
77 364 14 17 0.029416269 
351 319 8 10 0.029411266 
854 364 11 15 0.029406643 
583 397 12 16 0.029396642 
952 365 8 10 0.029375931 
832 439 28 31 0.02937392 
664 359 9 11 0.02932525 
175 380 13 17 0.029277736 
912 515 41 65 0.02918388 
960 317 7 9 0.029172553 
944 351 9 10 0.029094981 
668 412 15 18 0.029070389 
923 449 23 29 0.029049719 
336 359 19 24 0.028988687 
287 326 9 11 0.028961046 
391 380 11 13 0.02881565 
328 269 8 11 0.028775308 
968 444 19 26 0.028762015 
888 380 9 12 0.028731132 
507 431 17 24 0.028728757 
595 420 13 19 0.028649835 
236 370 13 17 0.028579768 
959 391 11 14 0.028570157 
629 394 13 17 0.028554652 
709 409 14 18 0.0285473 
974 348 8 11 0.028534647 
82 420 23 31 0.028441947 
367 395 10 13 0.028321074 
529 357 7 10 0.028293107 
769 350 9 11 0.028226491 
85 366 11 14 0.028199531 
943 343 9 11 0.028157992 
120 608 33 43 0.028149322 
287 359 10 12 0.028019816 
593 361 8 10 0.028005404 
303 381 10 13 0.027980488 
312 253 9 12 0.027959233 
687 344 8 8 0.027864683 
740 235 9 12 0.027855624 
790 483 28 39 0.027837949 
316 416 14 19 0.027809916 
817 440 29 34 0.027737498 
351 374 9 12 0.027691338 
367 501 23 31 0.027661875 
398 389 13 17 0.02761341 
224 329 8 11 0.027606012 
275 496 37 47 0.02750928 
423 396 11 16 0.027373176 
437 415 15 22 0.027298108 
751 352 9 10 0.027286613 
236 381 14 16 0.02726054 
765 403 13 16 0.027239528 
155 396 19 21 0.027224427 
959 371 10 12 0.02716665 
655 367 9 11 0.027110463 
53 326 11 16 0.027106319 
136 342 22 26 0.027105324 
969 410 21 25 0.027083859 
413 396 11 14 0.02707176 
509 380 13 15 0.02693334 
675 412 16 20 0.026882451 
690 440 15 20 0.026877413 
45 372 16 18 0.02684664 
451 378 12 15 0.026842413 
554 519 27 36 0.026813729 
767 367 10 12 0.026770685 
940 410 18 20 0.026730461 
499 430 17 24 0.026710158 
548 396 11 16 0.026704818 
615 352 8 10 0.026680466 
704 484 33 46 0.026669383 
297 360 10 11 0.026663117 
457 336 6 8 0.026631461 
264 332 10 13 0.026619408 
325 415 15 21 0.026606636 
785 357 9 11 0.026585435 
535 375 9 11 0.026580645 
258 253 10 12 0.026555173 
65 311 22 30 0.02650991 
136 357 11 14 0.026499558 
40 466 50 76 0.0264967 
643 395 12 16 0.02649329 
303 280 9 12 0.026327105 
790 358 9 11 0.026323266 
488 342 7 9 0.02628991 
224 318 9 10 0.026193453 
406 359 9 10 0.02616225 
477 372 10 12 0.026123865 
705 343 8 9 0.026076715 
624 350 9 12 0.026063483 
941 423 16 19 0.026035918 
356 505 28 33 0.025986664 
678 195 12 15 0.02592821 
319 324 9 12 0.025912035 
975 343 9 11 0.025898926 
743 351 8 10 0.025856761 
186 329 9 11 0.025855195 
351 364 9 12 0.025751425 
15 223 10 11 0.025677558 
444 456 25 40 0.025623107 
376 319 8 9 0.025618225 
635 507 26 41 0.025598075 
121 329 21 26 0.025582219 
868 396 13 17 0.025474846 
782 397 10 14 0.025461534 
779 466 16 19 0.025436018 
675 433 18 20 0.025424657 
448 336 7 8 0.025420658 
60 348 12 16 0.025358673 
845 427 17 21 0.02533561 
474 448 16 20 0.025309857 
260 374 20 24 0.025268612 
84 379 15 19 0.02522845 
368 444 21 34 0.025209678 
800 566 53 80 0.025131246 
136 340 11 16 0.02510923 
772 385 14 16 0.025101108 
960 313 7 9 0.02508601 
609 370 11 15 0.025072066 
774 358 8 11 0.025042629 
732 379 10 14 0.025041163 
894 381 10 13 0.025025915 
784 423 23 27 0.025025824 
673 334 8 10 0.024990397 
2 520 37 54 0.024972824 
326 235 9 12 0.024934584 
1002 351 9 11 0.024879806 
985 353 10 11 0.02486738 
641 343 8 10 0.024865791 
780 444 20 29 0.024855547 
834 333 9 11 0.024839258 
183 357 10 12 0.02478172 
747 432 20 26 0.024757689 
630 373 9 12 0.024746671 
704 388 11 14 0.024741283 
623 446 17 26 0.024692705 
397 418 13 16 0.024649827 
294 395 13 15 0.024620267 
809 345 8 10 0.024614576 
439 422 23 30 0.02449325 
718 383 10 13 0.024449792 
991 343 8 10 0.024443131 
248 343 8 11 0.024419216 
544 205 10 14 0.024312584 
495 394 12 16 0.02430262 
1011 355 12 16 0.024209844 
463 396 13 17 0.024209153 
972 463 31 36 0.024204826 
1012 379 11 15 0.02419019 
367 318 9 11 0.02418344 
781 424 13 18 0.024168592 
84 373 12 15 0.02413372 
802 318 8 11 0.024132865 
723 441 15 19 0.024118034 
296 267 10 12 0.02408991 
766 412 14 16 0.024087911 
-4 492 47 67 0.024056785 
854 391 21 24 0.024047744 
541 211 12 15 0.02402128 
517 388 12 13 0.02386282 
860 452 27 37 0.023822263 
946 422 21 27 0.023805082 
464 337 7 8 0.02378986 
424 454 27 41 0.023786748 
782 349 9 11 0.023780704 
407 349 8 10 0.023696134 
799 337 9 10 0.023686169 
191 334 9 11 0.023656122 
838 383 14 19 0.023585673 
876 387 14 19 0.023531247 
784 367 9 11 0.02352053 
646 427 12 18 0.023501705 
737 337 7 10 0.023481939 
535 491 24 36 0.023466073 
744 337 7 10 0.023451997 
605 423 16 21 0.023422517 
999 456 27 40 0.023398923 
432 381 10 14 0.023327313 
549 380 11 14 0.023274858 
635 415 16 19 0.023267671 
919 333 8 10 0.023254773 
19 356 12 16 0.02325452 
206 375 12 16 0.023248594 
300 269 10 11 0.0232419 
911 441 26 31 0.023226904 
206 335 9 11 0.023218142 
79 377 13 18 0.023182549 
652 424 21 26 0.023179134 
367 366 9 12 0.023134504 
180 365 11 13 0.0231298 
71 154 10 14 0.023091344 
44 431 19 25 0.023067456 
308 425 13 19 0.02303835 
45 326 12 13 0.023023102 
140 370 14 18 0.023008458 
335 318 8 11 0.022963105 
290 435 18 22 0.022956291 
494 367 9 12 0.022929056 
783 337 7 9 0.022922311 
550 452 22 28 0.022921931 
148 339 13 16 0.022905383 
836 351 10 13 0.022824217 
973 382 13 15 0.022769243 
686 483 15 19 0.022756314 
588 398 18 25 0.022715935 
232 343 9 12 0.022672998 
712 345 8 10 0.022636974 
859 410 14 19 0.02258936 
269 367 10 12 0.022558311 
814 343 8 11 0.022543607 
784 435 13 18 0.022541521 
317 393 12 16 0.022488432 
80 321 22 27 0.022485062 
654 351 9 10 0.02246191 
809 325 8 11 0.022451071 
725 409 20 26 0.022438915 
296 422 21 29 0.022423496 
250 349 8 12 0.022394696 
790 405 12 17 0.022348743 
737 224 9 13 0.022315826 
549 387 12 17 0.022266133 
125 62 13 16 0.022237888 
643 556 78 105 0.022237208 
654 369 18 22 0.022176921 
566 358 9 11 0.022127677 
592 359 19 24 0.022112032 
911 402 11 15 0.022092188 
300 354 18 23 0.02208313 
357 353 19 24 0.022040373 
957 401 12 16 0.022002675 
338 434 15 19 0.02198477 
787 452 18 24 0.021940589 
305 336 8 9 0.021932604 
86 413 13 19 0.021900665 
239 474 34 41 0.021869164 
719 365 8 10 0.021863377 
853 381 11 15 0.021835132 
269 411 14 21 0.021769919 
569 346 8 9 0.021670965 
982 397 12 16 0.021628207 
150 392 16 21 0.021534536 
361 447 15 25 0.02151661 
814 327 8 10 0.021456394 
934 341 10 11 0.021419188 
318 359 10 12 0.021395897 
447 375 10 12 0.021382283 
389 448 16 29 0.021368453 
730 352 18 24 0.0213509 
244 397 12 17 0.021338532 
291 299 11 14 0.021327421 
578 492 23 35 0.021321656 
877 395 20 27 0.021318872 
430 387 13 16 0.02131034 
0 334 11 15 0.021307927 
419 441 24 34 0.021251384 
78 154 13 18 0.021251136 
309 359 10 13 0.02124747 
751 345 7 8 0.021180447 
558 393 13 17 0.021170612 
254 396 13 17 0.021146966 
945 356 9 12 0.021143313 
458 354 20 23 0.02110609 
561 373 10 13 0.021096746 
900 403 13 17 0.021024853 
448 425 22 32 0.020973904 
810 479 18 22 0.020962 
893 419 14 18 0.020939428 
79 251 11 15 0.020921906 
257 463 35 40 0.020860732 
11 350 14 16 0.0208333 
56 341 21 27 0.02082796 
197 406 24 28 0.020812303 
737 480 17 22 0.020810757 
485 387 11 16 0.020809932 
197 365 11 13 0.020808902 
73 508 31 43 0.020781811 
996 427 24 35 0.020759743 
415 373 11 13 0.020725371 
495 342 8 10 0.020689325 
95 364 10 14 0.020685473 
317 434 15 17 0.02067352 
237 455 16 22 0.020660108 
574 430 16 23 0.020614274 
792 434 19 24 0.02056453 
689 475 24 32 0.020558955 
531 245 13 14 0.020535834 
209 364 10 13 0.02053227 
123 397 17 21 0.020519277 
432 328 9 9 0.020508911 
223 343 9 11 0.020445962 
773 327 8 10 0.02038222 
510 388 12 14 0.02026474 
47 364 15 18 0.0202629 
701 394 12 16 0.02025298 
958 466 36 40 0.020252451 
20 383 14 20 0.020218747 
399 399 19 26 0.02019803 
446 570 49 63 0.020159394 
593 349 9 10 0.0201479 
10 371 23 30 0.02014003 
50 377 15 18 0.020103645 
677 335 8 9 0.020064587 
831 363 10 12 0.020054312 
282 427 17 19 0.02005267 
230 319 9 11 0.020038826 
580 448 24 30 0.020017378 
725 423 16 20 0.02000417 
