21_Festival_Festival_21_218
71
541 211 31 42 0.9872716 
571 193 33 50 0.9850017 
304 117 32 49 0.9719392 
949 141 39 48 0.96992713 
858 116 42 58 0.96128476 
97 155 43 56 0.94944394 
318 190 30 42 0.66293925 
637 170 37 46 0.54748565 
433 255 18 19 0.40326878 
528 246 26 35 0.32080454 
785 170 58 86 0.28480545 
36 366 16 22 0.2428755 
649 181 39 57 0.19446458 
553 208 32 41 0.17907144 
797 220 35 45 0.11372418 
669 186 43 62 0.087611385 
715 147 98 106 0.07999036 
691 198 15 20 0.07680766 
469 341 54 97 0.075163014 
681 193 26 38 0.05996695 
401 231 27 33 0.05725032 
533 229 28 38 0.0567088 
473 261 17 22 0.056573506 
641 169 21 27 0.054473836 
967 144 32 38 0.054235015 
317 626 41 44 0.047616094 
419 244 14 17 0.047358308 
668 171 12 18 0.04500549 
433 239 27 30 0.043613218 
531 244 15 20 0.043397795 
466 222 37 49 0.04045349 
414 236 43 49 0.040207807 
830 244 92 125 0.036372054 
363 229 18 21 0.03486009 
322 187 22 22 0.032254793 
491 229 28 39 0.031857353 
461 230 26 37 0.031753767 
417 241 25 29 0.029895294 
36 360 41 67 0.029458243 
437 297 13 16 0.029103395 
448 231 27 34 0.027909003 
622 186 24 40 0.0274268 
190 108 46 62 0.027257973 
641 193 30 47 0.026983533 
146 194 18 21 0.026859012 
474 246 26 35 0.02597026 
460 238 16 22 0.025367774 
426 354 14 18 0.024888415 
45 40 24 34 0.024789754 
446 348 14 18 0.024642171 
288 125 36 48 0.024167107 
987 611 31 38 0.023830546 
246 71 24 31 0.023620572 
460 217 16 19 0.02305587 
506 329 16 21 0.022008516 
565 504 31 37 0.021905046 
630 171 26 35 0.021642318 
141 185 29 35 0.021538435 
986 154 17 21 0.021357274 
75 196 19 26 0.021277476 
470 289 15 20 0.021127105 
461 366 15 21 0.020974832 
79 176 31 44 0.020904062 
988 20 34 75 0.02081999 
6 367 44 66 0.020794638 
354 328 31 30 0.020621104 
461 375 15 23 0.020275844 
404 246 17 21 0.02025332 
0 434 35 75 0.020247936 
427 -1 47 43 0.020191837 
18 376 27 39 0.020125084 
