21_Festival_Festival_21_830
21
467 134 356 502 0.9997067 
9 505 45 63 0.62164176 
59 572 413 514 0.4841904 
332 452 557 545 0.36353216 
964 503 51 58 0.29273647 
940 509 54 59 0.23964062 
823 514 50 66 0.21535987 
108 813 268 290 0.18750265 
989 491 35 54 0.09689949 
340 71 371 462 0.06878342 
676 666 254 266 0.065817796 
933 497 26 38 0.06513133 
923 526 55 69 0.05753634 
186 484 415 502 0.054081853 
27 302 95 158 0.049204588 
108 91 83 147 0.03595913 
922 501 49 65 0.03412296 
185 501 18 20 0.03281496 
98 534 13 18 0.03123563 
54 50 355 516 0.02661788 
906 522 88 110 0.02641412 
