21_Festival_Festival_21_414
199
282 348 28 39 0.7229887 
146 342 22 29 0.62890095 
662 366 122 156 0.45646244 
909 372 25 41 0.38370425 
587 365 61 87 0.3314074 
130 285 16 22 0.30168763 
167 319 24 30 0.20779182 
731 383 54 66 0.20175111 
106 281 16 23 0.17488629 
626 359 107 126 0.1497873 
8 337 16 21 0.1494572 
885 274 50 82 0.13591312 
983 616 36 46 0.13250996 
172 316 16 19 0.13018923 
201 300 27 40 0.12513761 
37 305 16 20 0.123391904 
511 96 47 53 0.11925288 
417 582 80 85 0.118564054 
798 343 9 12 0.11735468 
803 334 8 10 0.115048796 
227 439 40 49 0.11037412 
550 394 38 52 0.108657114 
148 235 17 20 0.102292836 
244 88 47 66 0.10217161 
792 348 9 11 0.094738536 
363 566 103 95 0.091309205 
596 335 60 79 0.087787464 
830 274 49 83 0.08357693 
831 334 9 12 0.08160438 
26 367 14 18 0.08013531 
660 227 57 77 0.07938484 
182 540 112 100 0.07714565 
948 375 52 67 0.076244846 
495 380 26 43 0.07575665 
136 283 18 21 0.07338436 
762 344 8 10 0.07273874 
784 343 8 10 0.070591 
996 378 13 20 0.06871313 
507 359 49 65 0.06596506 
785 350 9 11 0.06472165 
810 269 79 135 0.060961504 
557 316 103 119 0.060564395 
983 375 22 29 0.05946028 
805 318 8 11 0.058602907 
22 308 15 19 0.058231995 
267 281 53 50 0.057626307 
545 364 59 79 0.05632922 
785 336 8 10 0.055480126 
816 355 12 19 0.0550177 
171 309 14 18 0.054720648 
784 316 10 12 0.054510757 
148 308 17 21 0.05350758 
347 582 67 73 0.05282926 
478 382 9 13 0.05217788 
768 309 9 11 0.051914472 
928 351 83 110 0.050305925 
456 374 9 13 0.049052272 
801 326 10 13 0.048511848 
209 129 11 15 0.048509207 
816 334 9 11 0.048273206 
549 359 31 46 0.045896232 
26 303 21 26 0.045288604 
822 340 9 11 0.04509756 
902 354 42 65 0.04420006 
789 335 8 10 0.04360198 
261 495 90 121 0.042995837 
957 396 14 19 0.042805124 
792 405 11 13 0.042460714 
956 394 56 75 0.042381044 
13 312 15 18 0.0410233 
139 274 18 22 0.040989764 
766 341 9 12 0.040806755 
712 363 83 109 0.040403903 
591 168 127 142 0.039982717 
222 79 82 108 0.038360134 
140 349 25 35 0.03789365 
973 379 15 18 0.037726626 
85 218 16 18 0.037725426 
447 390 9 11 0.03704687 
124 267 24 32 0.036383703 
823 335 9 12 0.03626339 
171 266 16 24 0.03593879 
134 261 25 31 0.035551224 
922 167 19 22 0.035416234 
802 571 113 125 0.035334732 
538 301 22 28 0.034568828 
139 361 16 22 0.034511182 
813 328 10 11 0.03402367 
817 341 10 11 0.034023426 
235 463 83 104 0.033827852 
119 247 25 34 0.033467405 
42 302 21 27 0.033379912 
164 231 13 16 0.033211242 
530 309 16 21 0.03281997 
126 292 17 23 0.03273819 
962 420 30 38 0.032688282 
23 290 10 13 0.03239685 
322 40 26 27 0.031845555 
987 363 11 14 0.031728704 
970 372 28 36 0.031088082 
487 393 12 18 0.030991752 
130 314 15 20 0.030918304 
311 548 96 118 0.030899929 
649 245 45 66 0.030698597 
140 337 19 26 0.030617258 
704 411 95 138 0.030405365 
102 254 27 37 0.03037009 
109 257 15 19 0.030331675 
176 343 24 32 0.029746229 
165 333 16 23 0.029658953 
387 249 27 37 0.029398821 
836 277 28 49 0.029256837 
168 182 10 12 0.029223524 
225 118 10 15 0.029184764 
792 381 10 13 0.029152736 
167 337 25 33 0.029024595 
768 337 9 11 0.029000973 
133 291 21 28 0.028938927 
6 317 12 15 0.028864577 
85 338 15 21 0.028798066 
230 318 14 17 0.028666714 
423 363 11 15 0.02860859 
156 230 16 21 0.028381355 
116 249 15 21 0.028283942 
564 339 13 15 0.028223276 
115 280 20 28 0.02793909 
527 56 11 14 0.02790981 
483 383 26 35 0.027866464 
887 264 88 135 0.027796363 
178 281 15 21 0.027682362 
177 390 44 59 0.027581751 
961 376 26 36 0.027398659 
596 340 97 127 0.02689856 
20 319 17 20 0.026778981 
789 317 9 11 0.026714217 
131 7 382 457 0.02660014 
821 613 75 74 0.026532685 
856 290 61 88 0.026301384 
542 373 34 59 0.026215553 
37 295 13 16 0.026090257 
774 341 9 11 0.0258445 
300 347 25 38 0.025583593 
130 265 15 20 0.025531288 
428 356 10 14 0.025524566 
795 522 51 60 0.025404736 
804 342 8 11 0.025352128 
3 282 14 19 0.025349181 
896 279 30 53 0.024810294 
780 535 105 122 0.024795312 
211 222 16 20 0.024758821 
292 54 15 16 0.024653738 
760 347 9 13 0.02454775 
104 401 49 59 0.024331005 
166 300 13 16 0.024026034 
775 329 8 10 0.023643162 
128 422 25 38 0.02362 
219 315 14 19 0.023533223 
790 326 10 12 0.02346533 
133 214 12 14 0.023241254 
470 389 13 17 0.023170816 
154 343 25 34 0.022803962 
4 297 15 18 0.022706151 
124 198 10 13 0.022692084 
56 204 28 28 0.022519892 
31 301 13 17 0.022513146 
946 290 14 17 0.022501566 
927 365 50 66 0.022467498 
799 357 9 12 0.02239271 
625 318 182 271 0.022157626 
188 337 24 32 0.021908425 
881 343 47 69 0.021788528 
156 317 25 30 0.021762455 
438 404 11 16 0.021698654 
522 59 11 14 0.021638893 
774 366 9 11 0.021605967 
944 286 11 16 0.021582592 
169 394 30 48 0.021553608 
807 357 10 13 0.021438027 
471 382 21 30 0.021373587 
411 316 25 38 0.021339405 
774 304 8 10 0.021335118 
947 385 26 38 0.021248616 
819 359 13 20 0.02116703 
193 402 54 55 0.021164939 
139 302 20 28 0.021144819 
236 436 64 70 0.021037534 
878 159 15 18 0.021000959 
90 344 15 20 0.020988915 
493 360 30 46 0.020607857 
212 310 28 34 0.020589499 
67 198 14 14 0.020576049 
557 293 12 15 0.020568306 
971 413 32 36 0.020480096 
550 300 52 63 0.020462163 
557 334 29 36 0.020392248 
232 423 33 39 0.020326816 
91 266 28 35 0.02023568 
485 401 12 19 0.020213526 
206 353 14 17 0.020203259 
