21_Festival_Festival_21_811
30
876 265 33 37 0.99791735 
95 347 35 39 0.9970757 
597 258 33 36 0.9888419 
750 264 28 31 0.6620088 
484 268 34 37 0.42006126 
774 472 64 57 0.17508365 
539 385 23 27 0.1303384 
490 444 11 15 0.052139748 
232 392 29 29 0.051140666 
781 284 11 15 0.045995764 
376 325 28 30 0.04409438 
614 264 19 23 0.042330362 
797 463 40 42 0.03795134 
761 269 25 30 0.036276318 
371 360 30 39 0.034873094 
545 379 19 22 0.031141365 
460 261 12 16 0.028956775 
777 489 36 39 0.02853226 
757 461 112 98 0.027702933 
379 366 15 19 0.027510477 
375 371 13 18 0.026725767 
369 325 44 51 0.026633305 
555 371 14 19 0.024768053 
756 514 14 14 0.02423176 
551 309 10 11 0.023466537 
534 391 16 20 0.023428032 
801 280 9 11 0.022657314 
748 508 14 15 0.022584273 
897 565 11 14 0.021776257 
554 384 17 23 0.020943357 
