21_Festival_Festival_21_777
143
576 469 18 21 0.87569004 
671 485 15 18 0.6960708 
494 473 19 21 0.6203247 
905 520 16 18 0.4305519 
257 390 34 45 0.17942235 
687 465 13 15 0.17545407 
587 475 12 16 0.16800164 
916 446 16 18 0.14986722 
495 447 11 15 0.12956774 
573 499 13 16 0.106040664 
911 376 14 17 0.10426083 
529 470 13 16 0.098365135 
863 444 14 18 0.093585625 
656 522 11 15 0.09230643 
859 157 15 20 0.07884537 
725 581 16 17 0.0757982 
701 517 12 14 0.07563025 
856 148 25 34 0.07397672 
144 98 389 535 0.071003646 
674 479 14 18 0.069773346 
852 524 12 14 0.06786493 
1015 44 8 12 0.06743879 
696 519 12 14 0.0671736 
776 571 11 13 0.064808756 
663 479 9 14 0.062087297 
857 59 9 14 0.059148367 
590 481 12 15 0.056121796 
468 378 107 136 0.054210763 
687 492 10 14 0.053977337 
725 560 11 13 0.052527912 
590 454 11 14 0.051983044 
567 476 10 15 0.05001135 
596 482 11 14 0.048190057 
311 13 42 63 0.046030864 
904 53 14 19 0.044256277 
919 491 11 13 0.043832734 
720 559 10 12 0.04323036 
639 476 12 15 0.042909745 
546 533 9 12 0.042697363 
847 521 11 14 0.040425003 
257 257 60 73 0.040340148 
445 485 13 16 0.03958143 
257 6 40 61 0.03923694 
1014 124 9 14 0.038697634 
860 56 8 12 0.03824802 
27 557 15 26 0.038090833 
840 519 8 11 0.037186448 
844 588 13 15 0.036101956 
868 412 14 18 0.035868328 
1014 203 9 14 0.035439845 
753 491 18 21 0.035418417 
916 523 12 16 0.034889266 
13 555 27 41 0.034061622 
572 462 15 18 0.03394007 
516 468 11 14 0.033912413 
578 494 13 16 0.03339059 
685 484 11 15 0.0333209 
579 463 14 17 0.033294838 
557 99 396 547 0.03328396 
825 591 9 11 0.033164904 
683 591 7 9 0.032639075 
655 512 11 13 0.0326182 
340 666 15 16 0.031834763 
688 584 8 10 0.031718373 
485 480 13 16 0.031666897 
872 396 11 14 0.0308688 
489 452 11 14 0.030686403 
335 125 343 481 0.030485995 
884 32 12 16 0.029211817 
640 527 9 12 0.029208694 
479 566 8 10 0.02898808 
512 546 9 12 0.028594296 
269 14 22 35 0.028505871 
640 534 9 12 0.028312128 
514 462 12 14 0.027842656 
257 496 40 55 0.02777321 
877 21 24 34 0.027673688 
642 640 7 9 0.027615037 
744 597 10 14 0.027469873 
738 582 12 14 0.027385758 
607 482 10 13 0.027239535 
551 669 11 13 0.027186252 
730 565 11 12 0.02713387 
766 567 10 12 0.026859257 
903 528 14 15 0.02651073 
606 470 10 13 0.026407037 
725 570 16 19 0.026339494 
656 532 11 14 0.026127873 
644 534 10 12 0.025689675 
661 508 12 14 0.025633832 
16 182 8 11 0.025591198 
686 588 8 11 0.025499666 
214 464 12 16 0.025480488 
679 468 13 15 0.025449267 
497 543 9 10 0.025442405 
664 598 7 8 0.02540956 
870 406 12 16 0.02536959 
669 471 11 12 0.025290236 
567 508 14 16 0.025134189 
874 133 26 36 0.024879472 
971 174 26 32 0.024797976 
664 461 10 12 0.024789875 
694 454 11 12 0.024549909 
575 479 13 17 0.024493398 
722 261 27 33 0.024231559 
615 605 9 12 0.024007298 
657 516 14 16 0.023784768 
712 502 9 11 0.023626262 
720 588 11 13 0.023533953 
670 516 10 12 0.023286283 
861 588 12 15 0.023103794 
486 466 22 25 0.022843739 
860 0 86 110 0.022520335 
624 478 11 14 0.022434935 
964 155 17 22 0.022314599 
222 675 12 12 0.022243896 
834 354 14 17 0.022133166 
641 600 8 9 0.022127194 
663 502 11 14 0.021828953 
669 509 11 13 0.02179118 
892 73 22 35 0.021621868 
860 601 12 15 0.021499475 
900 509 25 31 0.021341842 
654 492 11 14 0.021299753 
664 471 9 12 0.021258516 
512 430 10 12 0.021208467 
747 376 24 30 0.021143232 
709 510 9 13 0.021133367 
598 454 10 14 0.021117896 
748 387 48 57 0.021098133 
671 542 9 11 0.020938635 
535 500 10 13 0.020898782 
655 541 10 12 0.02089754 
861 581 11 13 0.020810174 
695 514 19 24 0.02049683 
452 487 12 15 0.0204464 
568 461 12 15 0.020373859 
543 453 11 15 0.020366346 
748 398 26 30 0.020323556 
479 471 11 13 0.020103514 
573 454 12 14 0.020077141 
125 409 11 15 0.020050475 
894 545 31 37 0.020039344 
