21_Festival_Festival_21_275
267
999 346 14 19 0.9832978 
966 330 16 20 0.96336424 
258 267 28 53 0.8897918 
564 338 28 29 0.8362094 
-7 196 48 81 0.78524435 
686 231 9 12 0.6532663 
619 335 23 25 0.64705086 
919 347 10 12 0.6069374 
236 271 33 46 0.4529454 
350 296 24 41 0.41717482 
742 334 12 15 0.36368877 
903 348 9 11 0.34721032 
661 419 13 15 0.2945435 
882 342 8 11 0.292268 
139 216 18 24 0.28276786 
995 405 13 15 0.2725694 
863 344 8 11 0.2628611 
446 505 14 19 0.243153 
873 333 7 10 0.20960928 
633 336 15 19 0.17702347 
753 229 9 11 0.17077345 
737 338 10 13 0.15484753 
229 227 16 21 0.13492563 
926 371 12 15 0.13308488 
537 303 28 35 0.13283075 
915 403 10 13 0.12550643 
625 289 16 19 0.123612106 
961 392 8 10 0.120572045 
924 348 9 11 0.1179511 
472 482 14 16 0.116399944 
31 197 53 75 0.11619398 
310 332 36 44 0.11450519 
877 335 9 10 0.11138013 
788 95 10 12 0.10462943 
901 388 9 11 0.10410049 
958 425 8 11 0.09718825 
943 405 9 13 0.093200736 
944 349 9 11 0.0920883 
703 452 12 16 0.090631835 
687 105 10 12 0.08928832 
401 137 9 11 0.08891092 
679 236 9 11 0.08590851 
375 299 32 39 0.0834069 
314 310 49 62 0.0830279 
971 356 12 14 0.08204808 
747 334 11 13 0.081730835 
644 108 10 14 0.077533275 
896 342 8 11 0.07569852 
668 315 10 14 0.075002305 
351 388 52 70 0.06952379 
721 429 11 15 0.0673886 
1012 405 9 13 0.06480769 
313 339 19 22 0.06320606 
948 348 10 12 0.060102247 
936 399 8 12 0.05967792 
847 349 7 9 0.059291676 
833 351 9 11 0.058907557 
806 95 11 13 0.05872573 
766 442 17 19 0.05856046 
354 297 40 50 0.05786732 
937 405 8 11 0.057523157 
869 348 8 10 0.057123665 
120 209 27 36 0.057082918 
847 93 8 11 0.055135358 
515 324 17 23 0.054545015 
540 309 16 19 0.05423201 
730 308 9 12 0.05385657 
706 238 9 12 0.053458773 
683 271 11 14 0.05334197 
515 297 17 20 0.052668847 
753 431 10 13 0.052174427 
663 43 46 50 0.051989272 
822 340 8 11 0.051149793 
733 93 12 15 0.05041286 
196 449 32 37 0.050345473 
712 300 11 12 0.05009932 
716 334 11 14 0.049679916 
146 278 14 16 0.049607802 
643 339 13 17 0.04956528 
333 300 43 55 0.04938187 
1007 406 10 12 0.049214207 
471 408 36 49 0.049131535 
762 401 8 12 0.0482431 
47 216 55 71 0.048084863 
588 451 14 18 0.047996726 
1001 337 10 12 0.04784189 
234 228 24 30 0.047750268 
766 308 10 13 0.047327116 
722 255 8 10 0.04709812 
444 309 25 32 0.046817362 
682 230 9 13 0.046628542 
859 343 7 10 0.046331644 
952 424 9 12 0.045858745 
683 332 14 17 0.045774482 
980 422 10 14 0.04574069 
557 322 31 40 0.045622274 
265 264 18 33 0.04551945 
785 261 10 12 0.04521732 
677 333 14 18 0.044644758 
438 278 10 13 0.04459452 
818 341 8 10 0.0431204 
870 424 7 9 0.043049715 
470 345 12 16 0.04298319 
532 329 15 19 0.042738225 
913 348 9 12 0.042594768 
940 399 10 12 0.042541865 
684 421 13 16 0.04244945 
62 136 35 45 0.04191373 
-17 324 159 229 0.041861337 
815 375 8 12 0.041605912 
899 348 8 11 0.041444197 
735 436 8 11 0.04044566 
871 359 7 9 0.040353157 
1008 455 9 13 0.04021154 
993 398 12 14 0.039239854 
459 272 16 25 0.039039873 
598 504 13 18 0.03899583 
508 475 17 18 0.03814265 
674 237 9 11 0.037904233 
749 340 11 13 0.03767557 
727 434 10 13 0.037409175 
1004 260 9 13 0.037140537 
768 14 49 58 0.03688468 
845 375 7 10 0.036875043 
1006 462 12 18 0.03685661 
671 312 9 13 0.036599725 
719 397 13 16 0.036299624 
189 435 51 61 0.035989035 
142 282 15 22 0.035874467 
712 337 12 15 0.03558365 
937 392 9 11 0.035314046 
697 302 9 11 0.03529456 
709 363 13 16 0.03507075 
206 272 24 41 0.034701567 
745 451 10 12 0.034492437 
748 446 10 13 0.033947434 
619 395 27 36 0.033611063 
898 385 8 11 0.033338685 
775 317 11 13 0.03306088 
725 254 10 12 0.03287217 
980 428 11 14 0.032788396 
517 303 39 50 0.0327719 
762 254 9 11 0.032676224 
581 441 24 28 0.03257938 
936 341 9 13 0.03220177 
509 299 25 33 0.031902775 
720 247 10 12 0.03190236 
716 364 10 15 0.031861488 
541 302 44 53 0.031817656 
660 322 13 17 0.03156862 
936 350 9 11 0.03152105 
705 403 15 19 0.03149423 
896 407 8 11 0.030882047 
55 148 53 66 0.03087779 
690 195 13 15 0.030841086 
948 406 10 13 0.030526968 
1012 411 10 14 0.03041273 
966 402 11 14 0.030380568 
841 93 10 12 0.030266145 
974 362 11 13 0.03020629 
523 326 16 21 0.030112268 
445 253 44 53 0.029827978 
885 382 9 11 0.029732816 
759 343 9 11 0.029684618 
787 285 10 13 0.029618846 
615 284 11 15 0.029528046 
832 344 7 10 0.029426018 
612 279 22 28 0.029112404 
963 397 11 13 0.028994696 
733 304 9 11 0.028977262 
993 347 13 17 0.028945269 
766 343 9 12 0.028796392 
830 397 10 13 0.028325515 
936 357 10 12 0.02827129 
723 261 8 9 0.02795747 
761 308 10 13 0.027872434 
787 292 10 14 0.02773661 
694 288 8 10 0.027611464 
1016 380 9 13 0.02756095 
604 297 13 16 0.027342562 
780 316 11 13 0.027324412 
615 299 12 14 0.027249377 
984 347 12 15 0.027091652 
837 350 8 10 0.02672795 
725 332 11 14 0.02660322 
788 300 9 12 0.026296658 
744 270 9 12 0.026283415 
782 312 10 11 0.02626386 
709 110 11 14 0.026092317 
602 288 15 17 0.026056034 
887 398 9 11 0.026035994 
831 392 9 11 0.025971795 
503 315 26 35 0.025699107 
604 309 11 13 0.025172325 
462 347 14 17 0.02504546 
704 255 8 10 0.024959408 
888 390 8 11 0.024914281 
999 269 8 11 0.024749206 
635 291 12 16 0.024605544 
709 92 9 12 0.024484307 
641 254 9 11 0.02447428 
544 536 15 20 0.024360206 
950 412 8 11 0.024333382 
77 225 56 69 0.024273133 
623 303 13 16 0.02410164 
775 383 9 12 0.02404995 
952 398 9 11 0.023824526 
516 285 12 13 0.023720045 
584 344 18 21 0.023705697 
846 383 8 10 0.023364075 
878 358 8 10 0.023198178 
1005 235 10 13 0.023184758 
574 621 28 33 0.023027174 
559 339 44 47 0.022971231 
652 310 13 15 0.022924403 
665 209 194 230 0.022817155 
1013 342 11 16 0.022779299 
662 311 19 24 0.022760635 
646 314 13 17 0.022739867 
926 357 10 12 0.022702094 
960 384 8 10 0.022593366 
628 403 14 18 0.022581728 
69 394 108 146 0.022382151 
892 336 10 12 0.022170635 
999 461 19 34 0.022099834 
773 310 11 12 0.022076765 
626 411 15 18 0.022049893 
855 389 7 9 0.022015853 
710 54 11 13 0.021987492 
679 61 195 282 0.021933518 
701 318 11 15 0.021905672 
801 100 13 16 0.021831214 
741 436 9 11 0.0217695 
426 289 473 425 0.021744205 
816 401 8 11 0.021672321 
301 301 13 16 0.021651555 
823 124 10 12 0.021649184 
676 310 11 14 0.02162437 
930 398 8 12 0.021622252 
885 347 8 11 0.021580188 
519 277 10 13 0.021491779 
383 134 9 11 0.02138911 
428 507 12 15 0.021306653 
620 276 24 29 0.021294525 
914 343 20 23 0.021292035 
735 254 9 12 0.021263456 
806 89 10 12 0.021059282 
674 457 13 19 0.02098583 
725 236 14 16 0.020866586 
927 310 8 10 0.02086536 
706 422 12 15 0.020807676 
869 371 9 12 0.020640953 
532 278 33 40 0.020631423 
931 405 8 10 0.020626614 
622 295 22 26 0.020579115 
998 373 10 14 0.020561267 
982 341 10 14 0.020549342 
902 408 8 11 0.020492218 
717 296 8 11 0.020481372 
941 354 10 13 0.02046463 
495 291 43 54 0.020304339 
864 118 7 9 0.02029183 
903 354 10 12 0.020288972 
802 107 10 12 0.020200541 
730 87 20 26 0.020199286 
974 320 10 12 0.020041345 
841 382 8 11 0.02000912 
