21_Festival_Festival_21_378
679
637 242 19 23 0.9213729 
742 214 13 14 0.8855975 
47 214 9 11 0.8741621 
914 230 10 12 0.8445079 
908 275 16 21 0.83091104 
716 217 13 15 0.8194473 
969 216 10 12 0.8024072 
335 207 8 10 0.76130885 
821 221 10 13 0.7364096 
191 212 10 12 0.72220904 
618 237 15 19 0.6665305 
365 216 9 12 0.55658907 
91 270 12 15 0.5434667 
948 222 9 12 0.53717643 
446 212 10 12 0.52070534 
681 226 12 15 0.51916677 
62 207 8 10 0.5095427 
284 206 9 12 0.49191925 
85 213 8 10 0.4891529 
399 213 14 16 0.4867531 
172 213 9 12 0.4865409 
209 204 8 10 0.48619187 
858 221 9 11 0.48088214 
780 215 11 12 0.42644793 
118 207 8 10 0.4256266 
896 223 10 12 0.4040618 
522 219 9 12 0.39159974 
597 223 8 11 0.38413244 
480 216 9 11 0.36785525 
875 224 11 12 0.36346498 
120 228 9 12 0.34474033 
137 241 10 13 0.3435799 
764 289 11 14 0.33763486 
839 225 8 10 0.32927218 
80 212 9 11 0.31839916 
864 247 8 11 0.31443408 
968 238 10 12 0.31195575 
377 208 9 11 0.30888775 
424 278 8 11 0.2993812 
273 214 9 11 0.29777086 
547 228 8 12 0.29393926 
258 216 8 10 0.2846146 
258 220 9 12 0.280768 
287 212 9 11 0.279224 
234 222 9 13 0.2675034 
30 209 10 12 0.26628497 
838 274 11 13 0.26247874 
125 229 9 12 0.25888902 
693 211 10 14 0.2548764 
352 215 8 10 0.24873339 
544 222 8 11 0.24091798 
309 263 8 12 0.23950334 
628 216 10 13 0.23287448 
302 208 8 10 0.21982607 
457 502 141 97 0.2085403 
118 254 10 12 0.20844033 
381 213 9 12 0.20595615 
869 246 10 12 0.19803676 
304 215 8 9 0.19706407 
114 208 7 9 0.1908373 
501 238 9 11 0.18956573 
542 215 8 10 0.18904665 
137 208 8 10 0.18729655 
465 221 8 10 0.18700533 
996 234 10 14 0.17964709 
898 237 10 13 0.17935134 
799 223 9 11 0.17857444 
899 270 16 21 0.1778337 
414 269 8 12 0.17761049 
137 213 9 10 0.17030336 
60 286 10 13 0.16333033 
142 214 9 11 0.15964925 
432 213 9 10 0.15843618 
478 309 10 12 0.15746884 
725 220 9 13 0.15687619 
810 306 9 12 0.15598005 
821 240 8 10 0.1505798 
153 208 7 8 0.14963745 
7 182 9 11 0.14650692 
487 216 8 10 0.14310347 
487 304 9 12 0.14272231 
256 206 8 9 0.14248289 
494 214 8 10 0.13657112 
172 208 10 12 0.13650538 
96 207 8 10 0.13595928 
351 208 8 9 0.13547882 
647 223 11 13 0.13518548 
281 201 9 11 0.13401163 
984 231 11 13 0.13348803 
669 231 10 13 0.13060911 
729 246 8 11 0.13053668 
225 208 8 9 0.13053156 
357 245 10 12 0.13033576 
424 220 8 10 0.12881947 
342 207 7 9 0.12771982 
583 216 8 11 0.1274652 
153 231 8 11 0.12661974 
423 215 8 10 0.12381864 
825 295 10 12 0.123441264 
861 217 9 11 0.122848056 
77 303 11 12 0.12147946 
383 219 9 12 0.120274454 
561 224 8 11 0.11877131 
538 214 7 10 0.116560556 
807 228 8 10 0.11555669 
330 207 8 10 0.11252937 
990 231 12 15 0.11203342 
430 271 8 12 0.1101007 
72 239 9 12 0.10985449 
669 248 9 12 0.10843804 
827 312 12 13 0.10663267 
360 207 8 9 0.10655729 
141 208 8 10 0.106524765 
118 248 8 10 0.10635757 
441 213 9 11 0.10624744 
464 217 8 9 0.106120415 
569 307 9 11 0.10547744 
464 252 8 11 0.105416 
502 268 8 11 0.10480469 
880 250 11 14 0.10350069 
425 284 9 12 0.10304594 
832 246 8 10 0.10269625 
480 519 82 56 0.1025923 
157 208 8 9 0.1017098 
767 310 11 14 0.099107146 
0 222 9 12 0.098511405 
426 292 9 12 0.09621853 
458 268 11 14 0.09603997 
847 293 10 11 0.09579614 
804 245 9 12 0.09454203 
208 275 8 11 0.094202586 
502 233 8 10 0.09414522 
213 205 8 9 0.09331486 
429 294 10 12 0.09227592 
318 207 8 9 0.09178711 
373 237 10 13 0.091053426 
567 224 8 10 0.09010564 
759 221 9 11 0.08957994 
727 262 9 11 0.08913342 
198 236 9 11 0.08902883 
509 222 8 10 0.08744994 
57 208 8 10 0.0866494 
469 222 8 9 0.08662128 
1012 260 10 16 0.08600014 
502 278 9 12 0.085793115 
174 222 8 9 0.085706964 
313 207 8 10 0.08510517 
941 253 14 20 0.085056804 
895 253 10 14 0.08480363 
230 207 8 9 0.082100086 
524 216 8 10 0.08209524 
353 219 9 12 0.081857085 
374 233 9 11 0.08174583 
505 215 8 10 0.079837814 
263 198 9 11 0.07932127 
964 258 17 19 0.07818477 
928 231 10 12 0.07795162 
377 187 10 12 0.07793203 
2 195 9 13 0.07785087 
886 310 13 17 0.07683841 
237 228 9 13 0.07616649 
761 246 8 10 0.07590723 
165 248 8 10 0.07581169 
404 208 12 15 0.07442024 
1000 326 10 13 0.07424269 
392 214 10 12 0.07336996 
70 281 9 11 0.07310473 
752 302 10 12 0.07287875 
452 208 9 12 0.07220579 
581 236 9 9 0.07128882 
429 300 10 12 0.07111774 
409 265 9 11 0.0705792 
688 213 10 13 0.070343055 
1014 235 9 13 0.07030343 
359 239 9 11 0.068998255 
297 205 9 12 0.06897213 
411 287 7 9 0.06889672 
162 247 8 9 0.06803661 
509 215 8 9 0.06803086 
997 252 10 13 0.067805104 
239 236 8 11 0.06770556 
848 287 9 11 0.06737852 
424 273 10 12 0.0672953 
801 240 9 11 0.06704501 
166 262 7 10 0.06692025 
565 229 8 11 0.06634577 
576 223 7 9 0.06586881 
853 261 8 11 0.06582135 
564 294 9 12 0.06544451 
839 293 12 12 0.06482504 
143 219 9 11 0.06436501 
154 238 8 9 0.063503064 
103 209 7 9 0.06342261 
73 213 9 10 0.06321197 
392 254 8 11 0.06308981 
469 254 8 10 0.062857546 
858 246 9 11 0.062637456 
361 219 10 12 0.062555306 
146 191 7 9 0.06255156 
86 238 9 11 0.062260523 
237 216 9 11 0.061938487 
78 254 9 11 0.06145265 
194 239 8 10 0.061383173 
662 223 9 11 0.06128391 
312 230 9 11 0.060639746 
231 215 9 10 0.060576655 
225 213 9 10 0.060362846 
880 288 9 10 0.060073145 
150 214 7 9 0.05989042 
968 232 9 11 0.05956678 
756 303 10 13 0.059452012 
808 280 10 14 0.059304617 
4 190 10 13 0.058816142 
277 212 11 13 0.05843503 
249 201 8 10 0.058063388 
118 211 8 10 0.057973776 
696 247 8 11 0.05781888 
840 284 10 12 0.057456393 
970 242 12 14 0.057359464 
506 308 10 14 0.05696077 
503 244 8 10 0.056862853 
175 230 7 9 0.056841474 
816 229 8 10 0.056838084 
238 206 7 9 0.05636878 
560 278 8 10 0.0563502 
31 255 9 11 0.056223415 
467 325 10 14 0.05620004 
127 207 8 10 0.056099966 
594 228 10 11 0.05586742 
839 237 8 11 0.055702906 
536 209 8 10 0.05530032 
320 214 8 9 0.054864746 
114 253 8 10 0.05474785 
196 208 9 10 0.054719713 
889 304 11 13 0.054255933 
304 246 8 11 0.054047454 
933 234 12 15 0.053716887 
835 229 9 11 0.053713113 
113 223 9 11 0.053586923 
828 299 10 12 0.05347926 
428 276 10 12 0.05345274 
305 267 9 12 0.053316742 
909 258 15 17 0.05317271 
263 192 9 10 0.053113848 
498 270 9 10 0.053021263 
893 301 12 14 0.05292657 
747 218 11 14 0.052896857 
289 220 9 11 0.05247323 
305 220 8 10 0.052428644 
41 277 9 11 0.052389756 
27 207 8 11 0.052221388 
849 262 8 11 0.05204023 
106 296 8 11 0.051896192 
942 235 13 16 0.05167859 
733 278 12 16 0.051508144 
567 239 8 10 0.051434144 
534 296 8 10 0.05087555 
567 246 8 10 0.05055259 
87 209 8 10 0.05041845 
320 237 8 10 0.050418314 
221 238 8 10 0.050416786 
174 199 8 10 0.050265998 
702 229 9 11 0.050262984 
309 248 9 12 0.050248068 
335 202 7 9 0.05000005 
328 202 8 9 0.04966121 
418 278 8 11 0.049536705 
846 222 8 10 0.049440846 
86 220 9 11 0.049283285 
856 227 10 11 0.049121458 
1014 334 8 13 0.049015906 
110 300 7 10 0.048916344 
578 231 8 10 0.048876844 
109 295 9 11 0.048832193 
896 281 13 16 0.048495874 
113 248 8 10 0.04845771 
992 262 12 16 0.048105404 
88 245 10 11 0.0481046 
950 218 9 11 0.04809675 
234 237 8 10 0.048009668 
318 201 8 10 0.047992907 
901 243 10 12 0.04799124 
62 211 9 11 0.047856092 
169 232 7 9 0.047797687 
368 253 10 12 0.047740955 
970 262 17 21 0.047728915 
55 261 9 11 0.047698412 
456 263 11 13 0.047232833 
112 212 9 10 0.047193408 
792 285 9 12 0.04713583 
550 237 9 11 0.04712507 
509 303 9 11 0.047081098 
310 214 8 10 0.046934124 
914 339 15 19 0.04682912 
21 286 7 9 0.0466906 
790 303 10 13 0.046428233 
529 310 8 10 0.046319026 
190 246 8 11 0.046193793 
621 233 11 13 0.045654852 
63 268 9 12 0.04561826 
792 231 9 10 0.045617282 
96 212 8 9 0.04559119 
294 239 8 11 0.045455627 
948 226 11 14 0.04539277 
105 301 9 10 0.045351423 
115 228 9 12 0.045150146 
925 257 13 18 0.044759642 
526 271 8 10 0.044567738 
429 315 10 13 0.044369888 
640 229 11 13 0.043955367 
945 217 8 11 0.04391229 
423 252 9 11 0.043651886 
855 253 9 12 0.043597657 
980 260 11 16 0.043573715 
415 207 9 11 0.04325121 
413 549 31 34 0.0431863 
542 534 35 33 0.043100238 
368 245 9 11 0.042909387 
577 216 8 10 0.042685643 
262 206 8 10 0.042570777 
503 209 9 10 0.042453617 
76 295 10 12 0.042362623 
56 277 9 11 0.042046875 
112 199 7 9 0.04173799 
795 221 8 11 0.041620303 
80 200 7 8 0.041444786 
1007 235 10 13 0.04117649 
45 209 19 23 0.040697455 
159 212 8 10 0.040692244 
191 263 7 9 0.040527057 
93 246 9 11 0.04046474 
830 215 8 11 0.04045327 
1007 266 11 14 0.040418 
498 233 8 10 0.04024008 
141 233 9 10 0.040166833 
71 208 8 9 0.03999143 
704 223 9 12 0.039831337 
380 184 10 12 0.03963668 
653 223 11 13 0.039627735 
782 230 9 11 0.039538063 
41 199 7 9 0.039356545 
832 222 8 11 0.03934196 
271 208 8 10 0.039264057 
397 254 8 10 0.03902494 
231 200 9 10 0.038866803 
960 254 12 17 0.038604524 
878 238 9 11 0.03837225 
911 226 17 22 0.038360704 
165 253 7 10 0.038237028 
414 199 9 10 0.038036246 
472 217 8 9 0.03778666 
574 304 9 11 0.03760517 
414 285 9 11 0.037584566 
852 285 10 11 0.03757857 
129 237 9 11 0.037545968 
158 239 7 8 0.03752082 
845 277 10 13 0.037247725 
72 332 14 16 0.037074618 
679 216 10 12 0.036851805 
193 200 8 9 0.036738236 
328 213 8 9 0.03672153 
345 240 7 10 0.036387313 
934 250 14 19 0.036360253 
392 196 10 12 0.03631956 
1013 254 11 16 0.03630894 
224 232 7 10 0.036282875 
495 246 9 11 0.036188543 
157 230 8 11 0.03612916 
550 224 8 11 0.03612606 
832 252 9 11 0.035920832 
423 209 8 10 0.03583 
248 237 8 11 0.03580596 
510 209 8 10 0.035767417 
302 283 8 11 0.035753157 
792 279 9 13 0.035646692 
617 233 10 11 0.03561187 
96 201 8 9 0.0355391 
61 223 9 11 0.0353386 
121 305 7 8 0.035307728 
966 212 17 21 0.035273764 
327 263 12 14 0.034843884 
85 231 10 12 0.03463706 
512 240 9 10 0.0346194 
889 223 9 12 0.03447807 
844 269 9 12 0.034411002 
230 279 9 12 0.034321547 
318 232 8 10 0.034315854 
151 199 8 9 0.034311693 
456 252 10 12 0.03424203 
665 234 11 13 0.03421676 
974 231 9 12 0.034111604 
559 216 8 9 0.03395599 
733 247 9 11 0.033894897 
495 209 9 10 0.033853725 
895 258 12 17 0.033696793 
184 264 8 10 0.03325521 
199 289 7 9 0.03323621 
960 244 10 13 0.033187695 
870 241 10 11 0.033162672 
191 254 7 10 0.033148136 
255 236 12 14 0.033106137 
402 308 9 12 0.033000097 
489 252 9 11 0.032964427 
833 240 8 10 0.0329539 
447 218 9 11 0.032926165 
365 208 9 10 0.032793418 
55 271 10 12 0.032668643 
39 248 8 10 0.032553956 
349 200 9 11 0.032518268 
53 213 9 11 0.032432493 
104 199 7 9 0.03236782 
551 542 40 31 0.032305595 
902 217 8 11 0.032210376 
150 222 8 11 0.032197177 
435 460 242 212 0.0321422 
326 246 9 10 0.031857457 
62 262 9 11 0.031732634 
85 306 10 11 0.031690635 
792 236 8 11 0.031673703 
936 223 9 11 0.031477872 
16 198 8 10 0.031475794 
247 232 8 11 0.03131108 
545 236 9 11 0.031304814 
729 252 10 13 0.031276193 
783 210 9 12 0.031271245 
391 247 8 11 0.031043112 
911 215 10 11 0.03104016 
535 301 7 10 0.030933348 
785 303 10 14 0.030918358 
289 238 9 11 0.030840887 
464 318 11 14 0.030805431 
288 519 46 37 0.030644724 
375 199 11 13 0.030544233 
684 233 11 14 0.030531645 
900 251 13 16 0.030491572 
479 209 9 11 0.030431535 
294 216 8 10 0.030365586 
727 241 8 10 0.030246783 
391 238 8 10 0.030148318 
162 263 8 10 0.030142393 
22 224 10 12 0.030139117 
760 240 9 11 0.030131144 
63 201 8 10 0.030117968 
255 227 12 14 0.02991819 
534 311 8 10 0.029886762 
885 287 9 12 0.029766168 
718 223 12 16 0.029612575 
991 252 11 14 0.029528609 
113 262 9 11 0.029478876 
552 313 8 11 0.029378274 
128 305 7 9 0.02936757 
357 250 11 14 0.029249951 
578 237 8 10 0.029112274 
1006 332 10 13 0.029061034 
472 262 8 10 0.028911844 
41 214 9 11 0.028799277 
544 313 8 10 0.028760508 
239 201 8 9 0.028701918 
26 165 8 10 0.028694538 
940 242 14 19 0.028674604 
909 321 11 15 0.028664762 
369 232 7 9 0.028651077 
719 238 8 10 0.028599635 
128 214 8 9 0.02848829 
153 245 8 11 0.028445616 
799 217 8 10 0.02844542 
13 176 8 10 0.028427634 
582 302 8 10 0.028353037 
362 211 17 22 0.028350672 
210 296 8 10 0.028322814 
23 192 8 10 0.028300451 
513 294 8 10 0.028228289 
498 284 8 11 0.028155569 
887 238 9 11 0.028062068 
834 276 10 13 0.028047303 
120 201 7 9 0.028037107 
281 231 9 11 0.027953595 
624 212 18 22 0.027930904 
758 307 12 15 0.027894774 
499 263 8 11 0.02788776 
848 216 8 11 0.027765155 
137 220 9 11 0.027752237 
898 298 15 18 0.02774953 
624 209 9 10 0.02769123 
409 199 8 10 0.027549593 
343 191 9 10 0.027508983 
505 304 10 12 0.027410321 
460 143 108 135 0.02740567 
621 249 11 14 0.027401065 
821 244 9 11 0.027360024 
872 294 8 11 0.027310703 
939 296 17 20 0.027286928 
991 224 9 11 0.027272038 
46 255 10 12 0.027110817 
791 206 8 11 0.027034357 
343 213 8 10 0.026896438 
895 294 12 14 0.026877176 
870 260 11 13 0.026863813 
173 191 8 9 0.026735961 
462 299 11 15 0.026683114 
426 310 11 13 0.026483607 
111 287 9 11 0.026432104 
887 212 10 12 0.026396953 
345 200 7 10 0.026310496 
536 198 8 10 0.026267186 
818 217 10 12 0.026250333 
831 208 9 11 0.026247442 
62 280 10 12 0.02617687 
695 252 8 12 0.026175994 
353 246 9 11 0.026136253 
159 223 7 10 0.026040588 
913 270 16 20 0.026034469 
398 262 8 11 0.026004314 
701 238 9 12 0.025947364 
78 246 8 10 0.02587747 
226 278 9 10 0.025856769 
313 200 9 11 0.025802203 
995 242 13 16 0.025733838 
287 231 9 10 0.025666546 
727 226 9 13 0.025661865 
490 526 43 39 0.02563762 
463 311 9 12 0.025631696 
457 247 10 12 0.02557798 
900 260 13 18 0.025575388 
134 234 17 23 0.02553977 
790 215 9 11 0.025484966 
111 268 9 11 0.025422676 
526 228 9 11 0.025361886 
864 240 9 10 0.025323316 
127 200 8 10 0.025294384 
254 209 18 24 0.02527679 
359 231 9 10 0.025140412 
850 256 8 11 0.02501985 
991 247 21 27 0.024987174 
158 200 8 9 0.02495531 
478 316 10 13 0.024799077 
743 300 11 15 0.024792317 
46 199 8 10 0.02473319 
880 310 12 16 0.024639195 
87 199 7 9 0.0246348 
528 303 9 11 0.024616145 
78 237 10 12 0.024607046 
984 228 20 26 0.024573945 
430 220 9 12 0.02447434 
294 232 8 10 0.024464287 
56 191 7 10 0.024411611 
169 184 8 10 0.024391184 
208 262 8 10 0.02438897 
188 208 19 23 0.024350224 
134 201 19 25 0.024298342 
170 220 9 11 0.024202604 
947 295 13 18 0.024163362 
960 221 9 12 0.023945736 
509 316 10 11 0.023936244 
599 237 8 10 0.023879075 
776 230 10 11 0.023859916 
331 201 18 24 0.023829348 
210 301 9 11 0.023799805 
818 253 9 12 0.023781678 
561 238 8 11 0.023689829 
839 310 11 14 0.023680542 
134 305 8 9 0.023671836 
901 289 13 17 0.023668848 
128 189 8 10 0.023590595 
736 220 10 12 0.023535108 
750 238 9 11 0.023509674 
757 252 12 16 0.023452653 
749 276 12 15 0.023418931 
797 303 9 11 0.023411952 
194 233 9 10 0.023360768 
22 197 8 9 0.023330215 
519 208 9 10 0.023279412 
76 285 9 12 0.023238603 
9 177 9 12 0.02321755 
443 204 18 21 0.023186501 
639 222 10 13 0.023145972 
124 255 10 12 0.023090312 
160 278 9 10 0.023079155 
206 223 9 10 0.023074716 
334 268 12 14 0.022997454 
807 217 8 10 0.022973185 
584 208 8 11 0.022949351 
112 192 8 10 0.022928352 
200 191 8 10 0.022926204 
185 254 8 9 0.022838354 
150 191 8 9 0.02278991 
878 216 9 11 0.022648182 
136 201 7 9 0.022580968 
431 254 9 11 0.02257691 
789 254 9 12 0.022570722 
702 212 10 13 0.022563754 
135 233 9 10 0.022542281 
390 271 8 11 0.022490146 
215 289 8 9 0.022473091 
462 208 9 11 0.022459462 
273 181 10 12 0.022457039 
415 213 9 11 0.022444297 
397 198 10 10 0.022440143 
423 262 10 13 0.022382852 
898 278 22 26 0.022354657 
144 198 8 10 0.022341419 
687 245 11 13 0.022307247 
1007 222 9 12 0.022256233 
393 260 8 11 0.022255514 
560 273 7 10 0.02219833 
886 292 10 13 0.022159955 
103 278 8 10 0.022144271 
432 263 9 11 0.02214156 
771 286 10 14 0.022135975 
766 301 11 13 0.022029132 
533 254 9 11 0.022007054 
672 222 10 13 0.021940442 
103 253 9 10 0.021887545 
408 292 9 12 0.021696867 
720 246 9 11 0.02169468 
776 210 18 22 0.02162878 
161 121 382 423 0.0216109 
399 302 11 14 0.021609612 
279 201 17 21 0.021603128 
741 246 10 11 0.021562167 
895 216 11 13 0.021556238 
384 246 9 11 0.021555606 
45 273 11 13 0.021546507 
862 228 9 12 0.021538695 
217 232 8 10 0.021515915 
95 253 9 11 0.021497445 
102 320 11 12 0.02146717 
351 209 20 26 0.021429386 
305 229 8 11 0.021419914 
551 303 8 10 0.021376587 
102 230 8 11 0.021284522 
391 208 10 12 0.02128039 
1007 254 12 16 0.021243341 
325 239 9 10 0.021207822 
97 190 7 9 0.021171883 
342 222 9 12 0.021137858 
687 252 11 13 0.021122588 
494 253 8 10 0.0210861 
72 201 7 8 0.021083398 
509 230 9 10 0.021074507 
93 296 9 10 0.020998562 
120 236 8 11 0.020966113 
914 253 14 17 0.020922488 
79 208 20 24 0.020903159 
552 207 8 10 0.020897385 
104 286 9 11 0.02086193 
269 232 8 10 0.020853855 
270 200 9 10 0.020814678 
518 239 8 10 0.020802416 
210 256 8 10 0.020788971 
996 265 14 16 0.020748029 
120 269 8 10 0.020535478 
488 209 8 10 0.020470228 
280 255 7 10 0.02047021 
4 216 11 12 0.020417763 
839 300 11 13 0.020395182 
748 208 10 12 0.020389868 
944 217 18 22 0.020386979 
22 282 8 10 0.020386577 
241 264 9 12 0.020381287 
38 208 9 10 0.020356778 
268 208 21 25 0.020353625 
231 217 18 24 0.020346617 
791 197 8 11 0.020343604 
398 296 9 11 0.020333037 
72 309 9 11 0.020322843 
152 264 8 10 0.020322371 
278 261 8 11 0.020314343 
192 192 7 9 0.020250816 
545 317 9 10 0.020220583 
734 254 8 11 0.020158255 
696 239 8 11 0.020099841 
25 260 9 12 0.020093147 
384 272 9 12 0.020088969 
559 311 9 11 0.020046951 
167 206 18 23 0.020024914 
328 255 11 12 0.020022046 
409 278 9 12 0.020010484 
327 229 10 11 0.020004513 
