21_Festival_Festival_21_201
183
773 307 29 46 0.9830035 
905 308 19 23 0.89982784 
677 298 24 29 0.88272506 
43 381 25 37 0.84425783 
218 429 19 23 0.7792499 
553 313 20 25 0.73348117 
276 362 17 20 0.68872535 
394 368 22 31 0.6757119 
506 350 22 30 0.5456516 
719 379 23 28 0.5054672 
12 434 13 18 0.49448988 
613 330 16 23 0.47578502 
290 343 16 24 0.4213524 
242 384 16 19 0.41367045 
403 341 16 20 0.39053664 
640 296 16 23 0.36376315 
438 345 14 20 0.34974763 
377 339 15 20 0.26753163 
575 344 14 19 0.26666552 
8 58 383 475 0.26540875 
481 52 223 269 0.26535907 
665 314 12 15 0.25658625 
904 147 66 58 0.2202334 
389 -37 368 434 0.16078933 
650 328 14 17 0.1601528 
11 399 16 20 0.15911765 
246 400 21 28 0.14782833 
628 317 12 14 0.14572684 
281 350 19 24 0.14309765 
329 403 25 33 0.1354054 
603 314 14 17 0.13143027 
113 292 106 78 0.12746099 
453 319 11 14 0.119995214 
3 196 108 175 0.1112035 
13 410 14 18 0.11008337 
22 134 222 283 0.104970634 
361 392 27 33 0.10163914 
430 327 11 13 0.09841539 
405 333 15 17 0.09769152 
574 352 13 18 0.092498645 
267 377 30 33 0.090715736 
451 331 14 19 0.090401314 
596 323 13 15 0.08907064 
592 377 10 12 0.088025115 
507 337 22 28 0.08726273 
939 307 19 25 0.08199425 
619 326 13 16 0.075189166 
107 270 82 66 0.07368022 
444 338 15 20 0.07353655 
477 327 17 22 0.0724746 
890 122 103 101 0.071430914 
657 -76 398 497 0.068197824 
260 389 28 32 0.067989275 
592 324 10 13 0.06164908 
492 332 12 15 0.06027341 
980 254 28 40 0.058207586 
386 345 40 53 0.057229385 
645 406 11 14 0.057203103 
147 318 45 38 0.053452 
639 81 111 131 0.052843083 
467 292 27 32 0.05225607 
57 241 124 108 0.05187664 
463 201 27 36 0.051483005 
447 423 37 54 0.05108635 
238 390 23 28 0.047277257 
300 372 26 30 0.04724963 
406 367 21 31 0.046494193 
602 320 22 27 0.04479856 
362 331 24 31 0.043113466 
921 140 42 41 0.0431032 
673 291 19 21 0.042602755 
400 333 12 16 0.042490657 
957 107 57 70 0.041180506 
569 349 12 16 0.041113716 
633 416 9 12 0.04063693 
899 282 17 22 0.040602285 
666 305 24 30 0.040395427 
1 424 9 13 0.040097233 
593 380 13 15 0.03995758 
-1 660 82 120 0.039759707 
-43 348 351 478 0.039399173 
661 340 14 20 0.039233256 
436 333 12 14 0.0387983 
469 226 450 443 0.037564114 
450 325 11 15 0.03650407 
575 361 12 17 0.034942742 
656 444 15 17 0.0349425 
318 400 41 53 0.03400887 
256 400 19 23 0.03400583 
654 438 11 14 0.033829615 
771 300 15 22 0.03372157 
856 383 13 18 0.0335833 
486 318 13 16 0.033149373 
498 328 24 27 0.032924432 
803 176 55 52 0.032800995 
422 139 25 32 0.032707296 
630 358 13 17 0.03269992 
610 315 12 15 0.032303486 
971 243 27 42 0.03185108 
474 104 136 146 0.031161275 
315 119 18 22 0.030808277 
582 74 115 144 0.030737698 
380 339 21 29 0.030206364 
447 376 21 33 0.029908707 
940 83 52 70 0.029895473 
346 109 29 33 0.029546794 
679 284 25 28 0.029403908 
203 433 40 55 0.02915183 
31 434 12 15 0.029056678 
417 94 106 134 0.028661225 
482 321 23 30 0.028064331 
641 125 67 81 0.0280387 
899 178 49 67 0.02767433 
549 296 27 35 0.02766884 
351 382 29 37 0.027657323 
467 379 14 17 0.027629785 
629 358 20 28 0.027582847 
350 314 46 58 0.027532527 
661 331 12 17 0.027190275 
95 425 27 36 0.0270175 
5 429 15 18 0.0269834 
915 271 24 31 0.026715627 
120 331 67 54 0.026505554 
758 366 26 33 0.026484754 
638 413 11 14 0.0263608 
667 321 14 17 0.026355263 
947 210 40 54 0.026007792 
432 339 15 19 0.025995918 
364 373 15 21 0.025875298 
319 290 12 15 0.025811743 
453 169 49 67 0.02577556 
207 424 24 31 0.025693832 
573 298 15 18 0.02559959 
370 410 18 24 0.02559667 
637 321 11 16 0.02550476 
634 300 10 15 0.025395282 
888 268 28 37 0.024619387 
226 398 13 15 0.024512732 
920 171 58 80 0.024471542 
8 410 23 29 0.024174247 
541 355 12 16 0.024101445 
781 70 240 267 0.023977462 
328 452 47 61 0.02396166 
754 300 39 47 0.023835529 
99 346 37 36 0.023744987 
772 253 16 22 0.023440894 
323 128 13 17 0.023440272 
471 311 28 33 0.023439802 
655 328 20 28 0.023018084 
202 385 17 20 0.022947129 
993 284 28 41 0.022859322 
515 333 14 19 0.022752063 
750 284 16 17 0.02250509 
441 115 60 78 0.022456193 
228 399 26 29 0.022410506 
419 369 16 23 0.022327466 
670 287 15 19 0.022280639 
365 352 14 19 0.022279277 
139 364 35 35 0.022278456 
457 325 19 27 0.022017198 
4 421 13 15 0.021920074 
492 318 14 16 0.021900885 
500 420 12 16 0.021860953 
297 336 26 31 0.021682557 
635 443 11 15 0.021339491 
659 487 13 17 0.02130689 
331 364 16 20 0.021193083 
180 316 373 453 0.021136584 
471 326 14 19 0.021130765 
669 77 56 76 0.02107843 
523 323 15 18 0.02107534 
323 417 44 59 0.02097535 
188 407 30 40 0.020860443 
371 461 43 49 0.020797357 
597 338 13 16 0.020684754 
339 207 29 40 0.02061491 
366 389 42 51 0.0205335 
812 304 26 40 0.02047062 
503 339 14 18 0.020457545 
347 407 30 36 0.020426124 
670 358 12 16 0.020365452 
310 398 28 36 0.020253092 
404 347 26 35 0.020186564 
