13_Interview_Interview_Sequences_13_868
155
286 87 35 45 0.99734974 
908 46 15 17 0.46975005 
690 38 13 16 0.32422012 
880 44 13 17 0.314019 
875 241 14 19 0.27544788 
915 263 26 35 0.21592 
735 544 10 13 0.15558495 
414 544 11 13 0.1549386 
727 561 11 15 0.13944454 
947 308 13 15 0.13679595 
680 495 9 11 0.11315259 
905 545 12 16 0.10700249 
930 549 13 16 0.10613189 
778 247 14 16 0.096808456 
911 275 14 19 0.096759215 
358 37 13 18 0.0941684 
902 36 16 19 0.08643753 
731 61 13 16 0.08077309 
717 238 10 12 0.07464519 
398 551 9 11 0.06796432 
728 30 9 11 0.06571705 
792 7 11 12 0.06533442 
574 283 46 60 0.06395388 
851 286 10 12 0.060617823 
944 517 9 11 0.060263745 
861 492 13 15 0.05882516 
712 243 10 13 0.057020098 
353 524 11 15 0.05660912 
882 38 13 17 0.056475043 
524 229 16 20 0.05444854 
364 293 12 14 0.053848438 
727 66 12 14 0.052454066 
749 57 32 39 0.050519384 
887 525 9 13 0.050276026 
393 521 8 11 0.048189357 
928 265 29 33 0.04584003 
543 564 10 13 0.04537438 
720 30 8 10 0.044417016 
924 545 23 27 0.043522164 
726 53 14 17 0.042920537 
861 300 12 14 0.04284336 
718 76 13 17 0.04274746 
573 545 11 15 0.04267436 
853 499 13 16 0.042648684 
376 552 9 12 0.041231327 
755 252 28 32 0.04121529 
702 44 11 14 0.041161735 
945 511 9 11 0.041102532 
757 531 110 135 0.04107242 
546 41 18 21 0.041030202 
701 525 10 12 0.039751906 
391 30 9 10 0.03891875 
404 293 10 12 0.038691062 
766 256 16 20 0.037888393 
890 36 24 29 0.037830397 
716 523 11 14 0.0371801 
696 525 9 11 0.03664203 
769 246 23 27 0.03641606 
776 512 9 11 0.03616206 
549 565 8 11 0.03520772 
874 44 12 16 0.034922756 
903 284 13 16 0.034866814 
737 278 50 59 0.03476165 
694 236 11 14 0.034711808 
873 227 23 31 0.03438235 
696 261 10 13 0.034308173 
719 231 9 13 0.034290772 
754 517 8 11 0.03377069 
905 263 45 51 0.03342779 
725 542 21 29 0.03342711 
367 239 11 14 0.033294916 
361 238 11 13 0.032700077 
1014 475 9 15 0.032337602 
458 520 8 10 0.031682882 
414 32 34 42 0.03139932 
738 547 13 16 0.031274825 
872 39 22 27 0.030623723 
793 510 9 11 0.030503366 
374 521 8 10 0.03046889 
930 556 16 20 0.030205952 
741 61 12 14 0.02993539 
505 268 11 15 0.029542025 
931 46 25 29 0.029518731 
650 290 12 14 0.029328458 
724 555 20 26 0.029208828 
349 37 14 17 0.028788442 
738 542 12 14 0.028573515 
949 517 8 10 0.02845968 
910 543 24 26 0.0281491 
907 256 26 35 0.02790531 
704 62 12 15 0.027678927 
761 64 16 20 0.027388792 
242 68 484 513 0.027371401 
925 278 15 18 0.026771344 
820 43 47 64 0.026222324 
935 525 8 10 0.026026033 
780 48 12 14 0.025968233 
903 536 12 15 0.025738712 
882 524 9 13 0.025717704 
696 566 9 11 0.025716761 
562 272 29 41 0.02561664 
903 276 12 14 0.025415223 
917 555 14 16 0.025414053 
902 282 25 31 0.025102366 
727 545 12 17 0.025028866 
636 518 9 11 0.024927549 
623 286 10 12 0.024747698 
959 37 10 12 0.024566915 
662 62 9 11 0.024543388 
927 44 11 15 0.02445017 
957 549 11 14 0.024340538 
939 304 26 30 0.024085684 
1013 302 10 16 0.02399145 
559 559 10 13 0.023921387 
400 558 9 10 0.023824446 
644 255 10 11 0.023626817 
575 261 14 16 0.023598019 
395 523 10 12 0.023491465 
424 517 8 10 0.023477629 
373 268 10 13 0.023217926 
688 526 8 11 0.023082517 
702 244 11 13 0.023043944 
721 562 12 16 0.022941573 
393 548 10 12 0.022935852 
381 556 8 10 0.022931991 
1007 52 10 15 0.022892773 
867 489 12 15 0.022780918 
927 520 8 10 0.022764703 
700 237 12 13 0.022385523 
927 286 27 34 0.022296967 
368 525 9 11 0.022229329 
687 63 8 11 0.02196305 
712 231 11 13 0.021915209 
696 299 12 15 0.021871157 
383 545 7 9 0.021606643 
830 519 8 10 0.021594157 
374 263 10 12 0.021578094 
832 32 35 44 0.021560581 
701 38 9 13 0.021530267 
687 50 10 13 0.021526514 
380 551 8 11 0.02143369 
867 297 10 15 0.021357646 
875 239 25 29 0.021320235 
890 291 44 59 0.021258712 
1006 293 9 12 0.021182489 
713 31 8 10 0.021022618 
696 255 11 13 0.020934364 
938 273 16 18 0.020875225 
668 326 10 11 0.020736286 
986 303 14 18 0.020691065 
701 254 10 11 0.020625599 
732 30 9 11 0.020515291 
262 396 15 19 0.020274892 
892 526 9 11 0.020227306 
606 262 13 15 0.02010557 
