13_Interview_Interview_On_Location_13_478
24
452 55 120 163 0.9998828 
385 440 259 262 0.16413277 
40 479 31 35 0.14333245 
139 461 20 23 0.106946506 
418 453 142 117 0.10453915 
168 460 20 23 0.06598206 
859 356 15 16 0.058782257 
149 459 30 32 0.04061892 
811 48 204 280 0.036275763 
879 357 10 12 0.033101358 
27 471 31 39 0.0317396 
996 532 25 38 0.031258434 
338 347 448 474 0.029223235 
408 160 16 19 0.028695032 
944 365 11 15 0.024083873 
159 371 44 58 0.023957117 
903 366 9 11 0.023672923 
261 318 10 13 0.023154682 
142 458 47 53 0.022509316 
188 549 38 43 0.0214377 
897 361 9 10 0.021243926 
50 476 20 24 0.021068474 
187 362 55 61 0.02080285 
867 357 12 14 0.020776134 
