13_Interview_Interview_Sequences_13_268
18
516 194 73 95 0.99707663 
95 606 39 54 0.07725303 
726 528 36 47 0.06037131 
754 577 36 47 0.04797805 
777 9 50 63 0.04265974 
613 -1 32 36 0.036074948 
647 540 60 102 0.033066772 
150 597 36 48 0.030648533 
546 2 72 65 0.030531298 
667 -3 32 34 0.027653914 
997 623 24 36 0.026892083 
786 4 36 41 0.025580758 
77 548 39 50 0.024243997 
719 66 43 65 0.022978157 
724 -2 32 28 0.022772344 
102 41 375 530 0.021332256 
976 302 31 43 0.02086735 
994 463 29 46 0.020527788 
