13_Interview_Interview_2_People_Visible_13_461
29
155 151 65 102 0.9519688 
87 168 66 98 0.61467886 
62 458 16 18 0.46404016 
111 160 79 101 0.12154254 
45 452 15 16 0.090868056 
627 44 388 448 0.07559978 
53 455 17 21 0.059210643 
77 380 9 11 0.05884935 
51 446 15 17 0.038565997 
187 163 54 80 0.037129786 
425 175 32 41 0.035948984 
728 115 230 270 0.03416753 
70 242 59 58 0.034162123 
282 580 12 15 0.032023724 
115 387 13 15 0.031583305 
110 382 12 15 0.03037963 
62 374 12 15 0.030035326 
103 381 11 14 0.027621083 
69 376 12 13 0.025587652 
217 548 30 44 0.025291326 
470 553 14 17 0.025266122 
9 358 10 13 0.024056261 
104 375 10 12 0.023012003 
26 416 99 117 0.02185762 
110 446 14 15 0.021784443 
167 482 11 15 0.020876564 
579 596 119 128 0.020695489 
63 191 102 110 0.020049939 
53 374 13 16 0.020032248 
