13_Interview_Interview_On_Location_13_521
46
896 12 114 139 0.9998919 
880 213 34 41 0.9978377 
702 44 94 147 0.99598724 
177 220 37 48 0.9920861 
75 340 64 73 0.39306363 
605 327 10 13 0.22894226 
111 287 12 15 0.14745353 
635 324 11 13 0.10524282 
7 255 32 39 0.07975534 
418 77 96 136 0.065982506 
98 349 39 46 0.06432881 
528 305 12 16 0.058649603 
644 269 9 13 0.045019206 
330 247 429 477 0.044628263 
536 272 7 9 0.043885276 
574 317 8 11 0.03996676 
481 327 9 10 0.038012225 
599 294 9 11 0.035903674 
590 278 9 11 0.03317955 
638 287 9 11 0.031333517 
550 302 10 14 0.029725375 
456 310 10 12 0.028733017 
497 312 9 12 0.028544271 
593 294 9 11 0.02824206 
342 400 101 134 0.027796969 
519 222 9 11 0.02649318 
524 299 22 27 0.025455834 
501 312 11 13 0.025176829 
713 341 28 35 0.024055803 
518 280 9 11 0.023804499 
633 264 7 9 0.023645684 
108 285 20 24 0.023152702 
549 412 42 51 0.02277779 
457 303 9 11 0.022488616 
640 265 8 10 0.02218477 
606 293 9 10 0.021843506 
689 278 8 10 0.021619905 
430 310 11 12 0.021469304 
539 219 12 15 0.021160845 
425 285 9 11 0.02103387 
591 327 9 11 0.020876495 
590 344 9 11 0.020753102 
211 225 15 21 0.020674799 
590 214 9 11 0.02055521 
585 261 8 10 0.020460188 
543 307 10 13 0.020179864 
