13_Interview_Interview_Sequences_13_55
47
613 136 160 319 0.9997398 
542 370 56 78 0.999153 
628 428 24 40 0.360151 
995 448 26 38 0.21168965 
23 278 14 21 0.20650567 
59 262 17 20 0.12829843 
52 435 21 33 0.12575658 
297 455 30 35 0.11714759 
0 428 45 56 0.098723784 
21 274 25 33 0.080813095 
937 256 89 182 0.0632717 
632 293 111 157 0.06318874 
259 575 15 18 0.060574524 
307 631 14 14 0.057142098 
622 411 40 69 0.056748804 
350 92 198 236 0.055624727 
0 289 13 20 0.053576667 
10 207 43 51 0.04969973 
145 338 42 55 0.04222223 
315 465 13 18 0.038844097 
479 349 44 57 0.03739996 
9 256 42 56 0.0346677 
46 266 11 15 0.03428021 
119 284 20 30 0.03399681 
446 344 23 35 0.03201031 
173 195 29 32 0.031780034 
636 499 114 122 0.031623323 
27 270 15 18 0.029718371 
71 211 50 61 0.029275905 
461 388 42 58 0.02923547 
444 106 202 279 0.028437324 
117 557 120 112 0.027886374 
481 411 29 41 0.02725058 
11 272 23 32 0.025998356 
757 138 151 259 0.02478336 
855 141 150 278 0.024166752 
983 455 32 37 0.023700146 
1009 459 14 26 0.02361747 
84 231 30 36 0.023451436 
527 364 49 72 0.022256978 
351 594 12 19 0.021927588 
140 584 74 72 0.021581965 
105 283 42 52 0.021537127 
52 284 14 17 0.021361211 
58 252 27 35 0.021158997 
927 139 94 198 0.020638244 
405 446 12 16 0.020094384 
