13_Interview_Interview_Sequences_13_35
32
622 498 43 61 0.9892943 
542 476 58 69 0.98727304 
472 75 43 59 0.9822833 
356 276 53 69 0.98124963 
504 404 59 72 0.97908634 
420 446 132 166 0.38828468 
959 168 9 11 0.2153719 
479 415 83 105 0.09350224 
937 153 7 9 0.07282303 
569 416 45 54 0.07066471 
725 408 18 20 0.06792727 
832 727 45 35 0.052946255 
306 480 30 35 0.049066894 
936 156 8 10 0.04607815 
559 451 54 66 0.04551525 
672 239 36 34 0.04437751 
998 164 9 10 0.040665448 
253 9 43 51 0.036141325 
599 284 36 35 0.033267297 
742 172 11 14 0.03248908 
942 157 7 10 0.030091375 
953 174 8 10 0.02629302 
941 153 8 9 0.02574515 
992 174 8 11 0.02407715 
918 176 9 12 0.023796838 
279 608 38 35 0.02319241 
929 159 8 9 0.023155283 
503 476 88 93 0.022640215 
955 168 8 10 0.022091912 
964 167 8 10 0.021686522 
993 166 9 11 0.02085589 
588 407 56 61 0.020254528 
