13_Interview_Interview_Sequences_13_2
99
636 242 54 74 0.99903417 
491 169 52 65 0.99860793 
264 188 55 73 0.9981654 
918 218 38 49 0.9951108 
549 201 31 40 0.99462986 
742 288 75 96 0.99327797 
326 28 30 42 0.99198735 
944 19 53 59 0.99125063 
644 147 29 36 0.9878862 
655 25 37 47 0.9823554 
120 269 54 62 0.97884196 
235 29 38 45 0.97195405 
569 29 40 46 0.9715139 
314 139 25 33 0.88584673 
0 26 23 42 0.8196412 
225 187 32 48 0.79463273 
6 238 26 33 0.745691 
52 148 14 17 0.5078035 
52 171 21 27 0.46481678 
677 166 29 34 0.38872793 
372 170 22 29 0.30528623 
941 291 63 69 0.23792753 
25 152 22 28 0.14215256 
0 138 11 24 0.12539168 
374 149 15 18 0.124065064 
424 514 14 21 0.12022472 
188 73 20 26 0.09961134 
693 376 30 39 0.09776071 
117 1 36 23 0.09587707 
318 224 30 39 0.09243623 
0 224 41 54 0.08340967 
710 188 25 30 0.08107318 
343 156 24 30 0.08086935 
325 222 39 53 0.069336385 
234 101 17 21 0.06929172 
333 371 36 45 0.06766622 
690 334 42 54 0.06177791 
966 4 52 63 0.061177757 
831 231 10 13 0.05965906 
998 115 17 20 0.055394094 
519 607 41 49 0.05494823 
319 32 52 61 0.051049463 
315 19 104 114 0.047618233 
21 241 24 32 0.047035377 
426 510 13 16 0.046666298 
573 526 17 23 0.04548859 
48 143 13 18 0.04448228 
145 265 44 58 0.044438723 
764 188 42 47 0.04434981 
448 0 34 23 0.042793125 
468 612 31 42 0.04232784 
890 175 17 20 0.041799214 
236 177 47 62 0.04163664 
410 172 38 46 0.03961931 
561 102 23 27 0.03957179 
373 151 23 28 0.039524637 
610 110 16 21 0.039471168 
713 157 18 22 0.038401272 
50 205 24 31 0.03796262 
22 160 16 21 0.03758708 
305 121 40 59 0.037052367 
859 294 44 59 0.0367256 
674 505 68 63 0.036338266 
13 165 24 33 0.035456996 
745 617 56 64 0.033293787 
809 300 45 65 0.032067038 
516 70 24 32 0.031166768 
692 248 34 60 0.029694464 
323 132 15 18 0.029549064 
299 430 28 37 0.029279971 
103 210 13 15 0.02692778 
69 268 44 57 0.02622288 
668 181 30 34 0.025973331 
0 22 46 66 0.025655283 
297 -2 36 31 0.025419043 
705 386 17 21 0.025023887 
30 440 35 31 0.024335742 
526 535 28 37 0.024221474 
99 202 46 49 0.023983588 
997 248 12 17 0.023091199 
406 172 24 30 0.023035193 
57 151 14 18 0.02292244 
99 203 26 31 0.02273491 
378 178 27 34 0.022594439 
592 184 41 54 0.022525562 
202 75 16 20 0.021758234 
32 241 27 41 0.021735137 
343 10 65 69 0.021462537 
213 197 31 40 0.021246009 
535 197 31 40 0.021227917 
49 129 18 20 0.021026824 
936 26 14 20 0.020858781 
676 430 16 22 0.0208464 
560 29 12 17 0.020775571 
258 557 14 15 0.020761555 
807 -2 36 29 0.020538928 
199 155 15 19 0.020212125 
178 224 43 57 0.020210586 
-6 10 84 118 0.020157347 
