13_Interview_Interview_Sequences_13_973
28
294 121 82 110 0.9976497 
820 167 78 94 0.9955285 
786 268 17 22 0.25888312 
472 95 25 31 0.12482875 
128 117 37 44 0.10336618 
502 87 16 18 0.100846924 
709 307 10 12 0.07891005 
766 274 12 14 0.046630662 
469 105 15 20 0.046541877 
647 238 10 14 0.044044945 
611 338 23 34 0.04379442 
759 273 12 14 0.042156808 
748 284 10 12 0.038442425 
668 279 11 15 0.038195692 
728 294 9 12 0.031401917 
662 243 15 18 0.03113161 
888 453 7 9 0.028177919 
774 251 27 34 0.026384367 
491 86 22 26 0.025892802 
705 304 11 12 0.023634734 
731 252 16 18 0.02340938 
498 85 11 15 0.023172205 
750 278 11 13 0.022523146 
657 273 25 30 0.022067923 
529 83 16 17 0.021538017 
518 83 13 15 0.020511055 
465 106 12 16 0.020247355 
652 242 14 17 0.020068413 
