13_Interview_Interview_2_People_Visible_13_327
21
358 191 187 275 0.9996985 
587 146 169 260 0.9995758 
444 174 156 246 0.19007812 
474 722 61 55 0.112926796 
925 201 27 31 0.09010024 
420 709 35 34 0.08133643 
464 706 19 21 0.06373745 
888 197 36 46 0.06313353 
476 722 33 35 0.042080373 
447 728 34 37 0.036139887 
452 696 49 50 0.031681783 
118 181 44 57 0.030893521 
994 189 25 35 0.025614558 
140 738 48 48 0.025570806 
935 237 27 32 0.025368733 
249 345 16 20 0.023613274 
506 720 35 38 0.022035131 
867 233 12 16 0.021423703 
928 180 11 12 0.021075357 
877 214 26 29 0.020940531 
930 194 19 23 0.020122752 
