13_Interview_Interview_2_People_Visible_13_223
109
572 106 31 37 0.9983292 
280 105 31 37 0.99735665 
651 317 40 49 0.99421364 
118 315 41 52 0.9935343 
293 374 28 35 0.99287546 
457 374 27 34 0.99265856 
121 43 40 52 0.99084026 
865 319 37 47 0.9899046 
823 106 31 39 0.97763705 
418 46 43 53 0.96925193 
697 63 38 47 0.93162864 
548 355 18 24 0.7284474 
530 331 11 14 0.2661923 
245 418 15 21 0.18263575 
738 356 18 22 0.14612588 
365 329 12 16 0.14218688 
643 57 24 32 0.09789291 
740 330 17 20 0.0856068 
874 74 24 30 0.078582875 
308 94 23 32 0.076724745 
806 73 19 26 0.072986946 
828 88 15 18 0.072685644 
557 330 13 16 0.069169074 
631 71 22 30 0.068714865 
550 331 13 16 0.0686148 
542 331 12 16 0.060546692 
813 68 13 16 0.058648776 
384 299 25 32 0.058405455 
727 42 29 41 0.055024527 
1 59 11 15 0.048266392 
845 155 21 30 0.04824167 
803 155 26 31 0.047448754 
730 333 27 33 0.04481695 
248 415 23 32 0.04393938 
834 332 24 30 0.043285914 
866 127 15 18 0.04148297 
245 151 23 29 0.040154144 
317 110 25 35 0.039953005 
280 356 18 22 0.039051585 
4 54 11 14 0.038650814 
576 297 22 30 0.038587835 
785 82 15 21 0.037426185 
797 74 19 29 0.03731039 
576 304 13 20 0.034208987 
592 72 23 29 0.03360892 
740 264 16 19 0.033158343 
226 25 16 20 0.03312132 
594 328 26 30 0.032943785 
108 150 31 31 0.032913275 
605 77 12 15 0.03271271 
221 325 23 30 0.032359723 
357 28 28 37 0.0317465 
506 349 14 18 0.030657869 
535 162 27 31 0.03048186 
543 334 24 29 0.03033746 
470 325 25 32 0.029883757 
293 97 28 36 0.028651442 
829 88 23 29 0.028432803 
542 264 15 18 0.028409276 
630 338 15 18 0.028339013 
868 145 18 22 0.027944326 
789 297 30 39 0.027749699 
528 325 18 23 0.027657267 
406 52 32 44 0.027461214 
833 97 27 36 0.027208824 
848 112 24 34 0.026952954 
818 77 20 26 0.026272155 
772 97 15 20 0.02622388 
107 124 39 40 0.026192458 
869 53 40 49 0.026111407 
774 192 17 21 0.026045874 
704 47 35 43 0.025249371 
196 457 21 26 0.025246052 
411 363 23 30 0.025004555 
826 122 21 26 0.024890142 
908 323 26 37 0.024883855 
621 65 24 34 0.024819376 
122 160 16 17 0.024461692 
447 335 28 33 0.02439357 
149 316 26 35 0.024241673 
270 104 25 34 0.023718098 
844 76 11 14 0.023508511 
346 322 13 16 0.023408866 
239 169 23 29 0.022802621 
979 348 11 14 0.022794545 
435 338 16 19 0.022296932 
696 41 29 38 0.022276131 
539 153 17 22 0.022251934 
751 51 29 42 0.022091078 
608 70 21 29 0.02199449 
0 250 12 18 0.02177853 
440 380 13 16 0.021745894 
109 427 16 19 0.021661537 
616 110 28 33 0.021500736 
643 71 18 25 0.021499248 
611 76 12 16 0.021464337 
508 318 13 17 0.021282751 
842 97 17 21 0.021240434 
756 80 14 19 0.021165362 
592 305 29 37 0.021105584 
117 306 31 41 0.021040766 
262 343 22 28 0.02095468 
53 256 16 20 0.020701196 
738 57 38 54 0.020633468 
502 318 23 30 0.02054193 
845 329 26 34 0.020497225 
554 325 22 26 0.02045265 
697 324 25 36 0.020220166 
740 368 14 17 0.020027272 
