13_Interview_Interview_On_Location_13_138
120
332 223 19 23 0.9150297 
97 260 19 23 0.8600315 
437 292 23 29 0.7322153 
674 277 16 20 0.69804746 
495 244 16 25 0.65683365 
330 272 19 22 0.33638197 
413 247 11 13 0.25732255 
234 130 32 40 0.21618545 
348 375 47 57 0.21441415 
245 386 93 123 0.18232518 
53 336 42 44 0.17566174 
423 316 50 54 0.16219923 
213 180 12 13 0.1365023 
369 306 25 38 0.1342482 
356 272 12 15 0.108684205 
164 138 18 21 0.09935404 
443 282 28 30 0.098131016 
10 531 48 45 0.09693202 
384 259 12 17 0.094067946 
436 302 30 42 0.07351322 
408 251 12 15 0.06652181 
318 309 21 29 0.055397812 
512 253 22 27 0.052008737 
357 303 28 34 0.05106995 
324 278 26 30 0.05000524 
596 279 13 14 0.04974696 
416 333 39 42 0.04920768 
505 250 15 18 0.045589928 
331 197 15 18 0.043511268 
447 292 30 39 0.04218271 
235 164 12 15 0.042167168 
299 151 16 19 0.04154494 
724 317 12 15 0.04094815 
581 268 10 12 0.040859785 
406 258 12 16 0.040096696 
741 390 37 36 0.03623384 
286 414 65 92 0.035797365 
226 406 69 82 0.03500712 
322 317 29 35 0.034692697 
430 295 18 23 0.03441239 
410 349 36 42 0.033806 
481 249 21 29 0.03365987 
412 275 15 18 0.033396695 
700 309 50 54 0.03278035 
516 244 13 17 0.032677144 
612 307 15 17 0.031557806 
140 585 36 37 0.031439174 
609 310 11 13 0.030723305 
607 293 9 11 0.030567748 
309 283 16 17 0.030178567 
333 357 49 55 0.030047739 
326 328 43 47 0.029791536 
365 276 13 17 0.029422669 
408 240 10 12 0.029391795 
447 311 31 41 0.029351657 
163 148 19 22 0.029027062 
52 495 28 37 0.028805409 
42 435 44 56 0.028505825 
604 286 10 12 0.028411672 
226 148 29 35 0.027917363 
458 283 25 29 0.027337512 
250 140 13 17 0.02705282 
414 379 35 40 0.026833761 
317 284 14 16 0.026771514 
199 111 12 16 0.026341079 
206 171 24 28 0.0263185 
220 181 12 14 0.026317278 
239 251 12 17 0.026258618 
509 294 13 15 0.02588222 
421 302 28 33 0.025761511 
502 254 24 30 0.025745422 
407 241 19 24 0.02562158 
523 253 13 17 0.025250632 
346 14 58 79 0.025104852 
479 387 34 37 0.02509833 
223 199 12 13 0.024863562 
402 266 24 26 0.024228418 
678 288 45 52 0.024189247 
598 292 11 13 0.024127476 
342 174 12 13 0.024081891 
157 336 209 197 0.024051663 
335 266 20 24 0.023672616 
478 314 12 16 0.023651488 
409 326 34 35 0.023409612 
590 271 9 11 0.023312656 
462 294 27 36 0.023224482 
336 318 31 34 0.023107264 
266 146 28 33 0.023025421 
191 115 12 16 0.022823691 
237 169 13 15 0.022728696 
285 171 11 13 0.022538964 
556 269 13 14 0.02233531 
322 298 27 35 0.022288077 
401 254 23 27 0.022252848 
652 283 11 13 0.022176985 
471 269 23 29 0.022141716 
270 206 9 12 0.021884106 
450 302 16 22 0.02178865 
378 312 28 38 0.021634782 
498 239 17 20 0.021619584 
647 271 8 10 0.021607872 
469 315 13 19 0.021519799 
337 301 27 34 0.02134178 
343 342 33 34 0.021325652 
609 296 23 26 0.021284472 
658 351 32 38 0.021216277 
383 256 21 28 0.021192614 
54 286 397 393 0.021131225 
195 108 24 29 0.02096225 
228 182 12 13 0.02095834 
434 273 27 34 0.020772925 
413 265 25 32 0.020727694 
620 293 12 14 0.0207181 
262 221 11 15 0.020711666 
206 173 14 17 0.020535473 
648 284 9 11 0.020482427 
401 337 38 41 0.02038383 
508 239 14 17 0.020189445 
347 300 16 20 0.020065824 
455 319 34 43 0.02000064 
