13_Interview_Interview_2_People_Visible_13_254
32
369 128 98 164 0.9992505 
446 27 99 138 0.9992269 
729 219 50 69 0.9990871 
623 4 73 72 0.41272038 
403 86 102 167 0.24569991 
229 126 42 57 0.12588319 
727 162 12 17 0.08629979 
782 161 24 37 0.0710168 
650 101 16 20 0.05241995 
217 14 35 47 0.04285736 
539 165 53 62 0.03839205 
517 227 43 58 0.036549207 
658 106 17 22 0.034804318 
208 24 54 73 0.033948984 
574 -1 42 35 0.032576397 
700 152 12 16 0.03209616 
198 100 87 104 0.029908849 
680 116 23 30 0.028789494 
695 150 13 16 0.027645754 
603 126 43 56 0.026200704 
529 135 47 65 0.025585156 
769 -4 42 38 0.024115207 
682 155 10 13 0.023889866 
184 39 86 136 0.023439743 
516 117 38 49 0.022230804 
756 164 10 13 0.021984478 
576 142 48 54 0.021301866 
765 182 9 12 0.021203736 
652 91 15 18 0.021039061 
430 170 93 118 0.02101229 
649 113 24 30 0.020728478 
199 212 111 112 0.020089997 
