13_Interview_Interview_Sequences_13_1032
21
385 137 216 285 0.999915 
140 561 11 15 0.37240177 
768 1197 115 142 0.09122346 
286 1371 98 102 0.08258857 
949 549 10 12 0.05827763 
2 847 64 79 0.039855428 
0 524 21 36 0.038292427 
792 493 25 30 0.03606756 
136 557 18 24 0.032155335 
688 1132 192 213 0.03176335 
123 555 11 14 0.029377958 
946 544 8 10 0.028228456 
743 641 29 38 0.02567221 
202 813 31 35 0.024171824 
215 847 23 30 0.024124585 
949 555 11 14 0.023844436 
234 1050 417 491 0.022961356 
278 699 368 496 0.022855097 
788 487 21 27 0.021784432 
888 752 25 32 0.020594643 
-90 -68 505 474 0.020160237 
