13_Interview_Interview_Sequences_13_859
26
226 198 32 40 0.99751955 
823 132 37 44 0.9971577 
123 111 33 46 0.9959558 
719 152 21 28 0.9934164 
707 200 26 32 0.9929639 
476 111 39 46 0.9863846 
618 183 21 27 0.9788816 
551 194 38 43 0.9582648 
252 163 31 37 0.9397578 
640 177 20 27 0.859243 
809 163 18 27 0.31181866 
265 444 11 14 0.16647919 
727 338 12 15 0.14765672 
571 157 26 30 0.07307766 
864 149 21 30 0.0586415 
647 306 14 20 0.045423403 
264 159 28 34 0.041415203 
814 143 29 40 0.03524907 
616 172 34 43 0.030282125 
243 172 38 48 0.027190149 
259 459 14 17 0.02670932 
787 310 15 22 0.026596207 
278 251 29 32 0.024379224 
289 227 23 33 0.024313847 
266 450 13 15 0.023615068 
853 139 28 34 0.02050322 
