13_Interview_Interview_2_People_Visible_13_239
20
540 74 230 316 0.9999267 
35 160 409 570 0.2344568 
134 585 203 325 0.06972177 
291 741 17 21 0.06724045 
344 304 411 482 0.065993644 
9 473 338 497 0.062045097 
354 785 27 35 0.06144877 
268 779 43 56 0.054297324 
278 775 27 34 0.04952044 
193 1092 391 482 0.041800898 
191 671 132 169 0.03581044 
282 743 30 33 0.032276485 
234 750 59 76 0.029998215 
280 758 31 38 0.028476624 
244 760 16 20 0.027555598 
63 1082 109 154 0.025506426 
104 6 375 509 0.022261046 
628 433 367 515 0.021872707 
250 785 16 21 0.020948013 
150 498 342 512 0.02011856 
