13_Interview_Interview_Sequences_13_33
36
332 160 241 313 0.99992573 
585 819 48 65 0.51738346 
438 1250 25 34 0.31628644 
408 984 35 44 0.16897999 
492 923 24 29 0.085443154 
494 46 441 490 0.082746565 
136 1033 408 459 0.07428496 
479 1015 15 20 0.06957727 
387 90 301 439 0.056437142 
467 1016 16 20 0.047011357 
569 799 54 71 0.03982248 
434 895 15 19 0.038142808 
456 1258 17 21 0.035116836 
270 837 30 38 0.034926772 
447 1247 12 15 0.034857493 
111 347 454 527 0.03215168 
438 1247 43 55 0.029956535 
171 1117 13 17 0.028331345 
915 923 101 164 0.02832927 
525 720 36 52 0.02787666 
459 1004 24 29 0.026405467 
358 362 369 492 0.024984786 
159 1181 13 16 0.024877552 
538 948 19 23 0.024494587 
428 904 17 20 0.024419025 
703 835 95 115 0.02383914 
449 998 24 31 0.02326247 
388 924 51 65 0.023153843 
674 789 209 240 0.02273372 
421 986 47 56 0.02267412 
150 1160 12 15 0.022474417 
565 45 264 280 0.022407573 
477 1002 27 33 0.021286169 
458 884 18 19 0.02119498 
8 876 372 481 0.021031504 
531 1059 387 510 0.020879118 
