13_Interview_Interview_On_Location_13_791
21
380 397 404 426 0.9998876 
585 981 400 460 0.13035625 
357 109 34 38 0.08579682 
287 180 216 270 0.05599376 
673 163 173 193 0.053248696 
637 1026 239 297 0.052504886 
372 106 34 43 0.049002726 
179 330 464 395 0.04587283 
392 103 30 41 0.045670584 
494 1238 22 29 0.041010667 
570 394 348 479 0.036332026 
256 680 70 68 0.031574313 
43 441 374 424 0.029223306 
364 1351 26 32 0.027449427 
82 937 418 427 0.025571384 
236 675 431 532 0.024252618 
16 -58 356 494 0.021633066 
283 -16 498 385 0.021480648 
210 116 353 414 0.021314818 
292 487 152 193 0.020990174 
155 598 135 152 0.02070883 
