13_Interview_Interview_On_Location_13_246
31
226 408 586 637 0.9999819 
217 223 491 561 0.706849 
403 73 14 18 0.6670302 
360 84 17 19 0.27000818 
255 53 450 482 0.18509766 
216 974 123 194 0.157857 
749 992 106 175 0.14667411 
617 1191 211 271 0.102343954 
262 946 447 471 0.09648351 
392 695 443 510 0.0881651 
454 1466 12 16 0.07757605 
264 996 112 195 0.06964955 
386 103 16 20 0.06523438 
583 1064 336 452 0.06283201 
397 1413 12 16 0.05505198 
353 89 26 28 0.05326983 
622 13 438 492 0.046351347 
248 624 394 557 0.0369738 
360 80 13 15 0.03676369 
412 1430 15 20 0.035401575 
77 879 363 427 0.03493276 
696 472 350 531 0.032832503 
156 387 382 521 0.032491915 
40 1071 449 496 0.029374389 
205 191 16 20 0.026545897 
339 1122 207 359 0.02568926 
654 1346 16 18 0.025116997 
210 186 16 20 0.02255544 
242 935 86 153 0.02172439 
535 1464 12 14 0.020671757 
608 1227 142 172 0.020183234 
