13_Interview_Interview_2_People_Visible_13_189
60
251 224 45 56 0.99884975 
172 215 59 71 0.9987412 
752 241 39 47 0.99795914 
511 217 49 65 0.9979425 
396 217 46 61 0.9976242 
570 183 40 51 0.99735534 
815 253 43 54 0.9918383 
676 244 39 54 0.9914175 
920 248 42 50 0.97876054 
756 618 18 21 0.31102097 
733 240 23 35 0.20816563 
989 143 13 15 0.08960794 
648 264 24 30 0.08595813 
415 110 11 13 0.0662317 
996 675 11 12 0.061825793 
594 115 14 17 0.05602565 
530 83 16 21 0.055346534 
790 244 26 36 0.052993882 
653 113 16 19 0.047443334 
685 134 14 19 0.0471864 
352 261 18 20 0.04138517 
712 270 22 28 0.04 
333 274 14 18 0.03948348 
732 255 15 21 0.039220713 
742 236 33 42 0.034726456 
589 109 15 17 0.034000117 
569 79 15 19 0.033192605 
901 259 26 37 0.033127777 
694 93 11 15 0.03134971 
404 103 12 14 0.030734675 
204 222 34 53 0.028993681 
851 244 25 33 0.028870117 
300 261 24 29 0.028352829 
983 141 13 16 0.027680058 
993 643 12 15 0.027381996 
997 117 9 11 0.026508871 
1007 674 11 15 0.026056904 
1007 201 12 17 0.025987696 
477 67 13 14 0.02587596 
424 83 13 18 0.025530182 
308 100 17 21 0.025120562 
422 101 10 13 0.02457894 
821 656 15 17 0.02399149 
603 96 14 18 0.023706114 
633 167 26 29 0.022565631 
986 6 35 44 0.022439664 
601 81 14 17 0.022436328 
996 141 14 17 0.022224003 
212 649 29 34 0.02110952 
834 683 13 16 0.021064755 
598 90 13 16 0.02101641 
646 105 15 20 0.020781709 
592 87 11 13 0.020590914 
658 258 28 41 0.020571409 
691 104 15 20 0.020430136 
426 90 13 16 0.020368896 
997 707 10 12 0.020210171 
797 820 10 13 0.020173386 
510 679 13 18 0.02008146 
668 185 13 16 0.020025734 
