13_Interview_Interview_Sequences_13_103
23
448 29 207 232 0.9998398 
215 14 37 49 0.78294927 
682 212 60 72 0.5423939 
986 112 39 82 0.14151521 
961 -3 58 52 0.076179035 
210 197 43 61 0.07382835 
731 314 46 47 0.0630275 
43 261 41 56 0.03936298 
731 304 87 111 0.039021354 
759 365 58 60 0.038498834 
226 16 44 61 0.032096956 
545 90 140 150 0.029671593 
724 217 64 73 0.029222358 
197 24 54 63 0.028449072 
661 220 39 54 0.028372142 
666 164 93 101 0.027117392 
653 217 73 84 0.024443401 
698 176 57 64 0.023907874 
224 53 46 59 0.023825634 
1 128 48 92 0.023731606 
513 308 118 158 0.023401095 
337 549 51 47 0.022935718 
16 283 54 65 0.0228117 
