13_Interview_Interview_Sequences_13_557
107
507 347 86 105 0.9883641 
125 149 11 13 0.25696352 
102 147 10 13 0.15126115 
135 149 13 16 0.1279999 
837 5 11 13 0.119351946 
138 155 13 14 0.1047916 
75 150 9 11 0.0855093 
765 424 14 17 0.07808031 
87 218 10 13 0.067759626 
941 301 14 20 0.06698232 
232 121 212 300 0.065307 
991 390 12 16 0.06445032 
1 324 8 12 0.06285265 
124 146 22 27 0.062470656 
106 287 7 9 0.058698088 
832 6 13 16 0.052723877 
133 161 14 16 0.052048754 
77 158 9 11 0.048975464 
803 405 14 17 0.047738753 
1000 371 10 13 0.045019917 
1003 378 20 29 0.044799756 
129 131 10 12 0.043637987 
126 171 14 17 0.042987812 
72 316 11 13 0.04217976 
797 409 16 18 0.041363556 
153 361 35 32 0.0411463 
22 349 9 11 0.03969295 
119 156 12 13 0.039679553 
103 135 9 11 0.03825779 
83 304 168 194 0.03749613 
942 439 13 14 0.037472915 
72 334 8 10 0.03740867 
769 98 54 68 0.037061 
39 326 9 11 0.036719948 
1013 294 11 19 0.036585994 
95 208 8 10 0.03636673 
55 352 10 11 0.03631283 
2 173 15 19 0.036188442 
487 533 13 15 0.035531666 
132 177 12 15 0.03463073 
246 422 12 14 0.034565352 
93 221 9 11 0.03399235 
72 327 9 12 0.033844613 
629 538 13 16 0.032788478 
124 164 24 28 0.032745518 
84 179 11 13 0.032211743 
118 261 12 15 0.032145035 
140 160 12 15 0.03188712 
112 159 9 11 0.031301595 
144 363 55 66 0.03089713 
114 19 30 38 0.030678751 
936 297 26 36 0.030515857 
48 168 11 14 0.029951692 
596 197 407 527 0.029909749 
125 164 14 17 0.029591935 
75 366 11 13 0.027692288 
138 143 13 15 0.027507812 
111 237 8 10 0.027420633 
173 340 13 16 0.026520899 
795 41 22 30 0.026223063 
128 215 9 11 0.02556179 
118 166 12 15 0.025132986 
100 189 10 12 0.024895648 
98 141 19 25 0.02486706 
111 301 7 10 0.024531417 
88 208 8 10 0.024488462 
107 400 14 17 0.024321465 
1010 439 14 20 0.024230579 
804 31 9 11 0.024114288 
98 142 11 14 0.024082253 
104 126 10 13 0.0239281 
44 343 9 11 0.023805337 
32 335 8 10 0.023756394 
86 286 9 11 0.02375146 
134 214 8 11 0.023731649 
843 4 10 12 0.023445599 
103 221 8 11 0.023402002 
830 17 11 15 0.023384297 
134 207 9 10 0.023194581 
0 101 8 15 0.022813922 
1 107 9 13 0.022692088 
142 295 8 10 0.022574069 
107 141 10 14 0.022509059 
105 293 9 11 0.022462105 
39 349 10 12 0.02243653 
30 318 8 10 0.022251189 
995 385 14 20 0.022057898 
99 133 9 11 0.021996746 
47 303 9 11 0.021826714 
26 203 9 12 0.021795658 
593 341 58 82 0.021729397 
77 165 9 11 0.021656998 
70 168 10 12 0.021640085 
120 145 11 13 0.02139534 
1 128 11 16 0.021385986 
117 295 103 124 0.02106816 
629 577 13 18 0.02102082 
42 47 108 134 0.020781644 
16 326 8 10 0.020772906 
792 412 13 16 0.02067202 
103 281 8 10 0.02056364 
162 286 8 9 0.020492977 
82 285 9 10 0.02039628 
128 207 8 10 0.020318689 
102 153 10 14 0.020230036 
86 280 8 11 0.02014141 
54 311 11 14 0.020118225 
