13_Interview_Interview_Sequences_13_3
208
177 39 350 466 0.99966013 
830 359 26 31 0.62112504 
846 12 55 67 0.56519413 
617 267 13 17 0.42529804 
862 398 24 29 0.34202057 
898 419 25 37 0.33753702 
650 387 18 22 0.2780969 
648 278 10 13 0.21407571 
959 72 15 17 0.21063392 
682 234 16 20 0.19450043 
583 277 13 17 0.16787575 
889 427 35 51 0.14997418 
724 235 10 13 0.13958374 
920 532 32 40 0.12990153 
852 20 33 43 0.119662024 
734 185 13 17 0.105083704 
731 399 17 20 0.10503918 
972 129 15 19 0.10058179 
736 306 12 16 0.09310748 
848 383 39 52 0.08719067 
855 156 16 21 0.0834685 
947 110 15 19 0.0773445 
813 204 14 18 0.07535462 
710 394 23 29 0.07370115 
829 372 32 40 0.07354408 
699 514 14 17 0.06925714 
725 439 25 32 0.0682959 
720 229 11 16 0.06694609 
686 277 11 14 0.06657207 
838 398 25 34 0.06515067 
659 322 22 27 0.064786635 
638 309 10 14 0.061885796 
703 370 14 18 0.061620697 
759 124 11 13 0.061556507 
690 236 12 15 0.060207687 
677 189 9 12 0.0596883 
720 434 42 51 0.057105612 
988 470 23 34 0.056161255 
880 24 31 44 0.055478357 
1002 69 16 22 0.055158153 
584 243 12 15 0.053971615 
834 490 17 23 0.05139365 
694 369 24 29 0.051251885 
684 267 13 16 0.050813142 
678 275 12 15 0.050145376 
694 259 13 18 0.04987639 
631 260 11 14 0.04973679 
775 381 22 29 0.048928935 
675 325 11 15 0.047825664 
679 305 11 15 0.046501536 
702 400 16 21 0.044945396 
894 282 13 16 0.044574916 
790 419 44 51 0.044409905 
949 124 15 20 0.044244114 
692 242 13 16 0.04356358 
563 42 16 19 0.042651623 
843 423 15 20 0.042188328 
910 92 13 17 0.04081546 
733 254 11 12 0.040311668 
75 553 13 16 0.039921284 
997 256 16 21 0.039885387 
848 409 24 34 0.039788608 
946 247 26 33 0.038544945 
577 269 10 14 0.03836111 
707 366 13 16 0.037767168 
631 243 12 15 0.037745498 
765 394 12 16 0.03723696 
583 271 11 15 0.037218813 
732 437 16 20 0.03721772 
790 180 12 15 0.03679594 
638 385 25 29 0.035929292 
763 386 24 32 0.035766132 
917 391 23 31 0.035741314 
728 253 10 12 0.035122752 
689 396 26 30 0.03507311 
747 312 29 35 0.034658432 
656 245 11 13 0.03440227 
614 343 24 30 0.034253143 
717 223 10 14 0.034152515 
627 346 16 20 0.034080494 
631 251 12 17 0.033754714 
613 325 11 13 0.033119444 
1011 255 12 21 0.03311432 
975 430 13 17 0.032927707 
644 305 14 18 0.032875355 
792 347 25 28 0.032677256 
897 436 20 28 0.032534987 
650 282 12 14 0.032495502 
866 399 39 52 0.031670246 
719 245 11 14 0.03126506 
797 253 12 16 0.0312315 
639 438 29 35 0.03062262 
998 452 15 18 0.03056666 
636 150 11 17 0.030529082 
994 452 25 31 0.030311296 
557 38 27 30 0.029971046 
693 304 15 19 0.02996697 
965 471 16 22 0.02973001 
625 30 11 14 0.029654149 
604 5 23 27 0.029636888 
867 24 57 71 0.029631466 
620 352 15 18 0.02962596 
1007 103 12 16 0.029448237 
841 366 28 34 0.029257104 
653 328 15 20 0.029238597 
692 274 13 19 0.02906686 
585 124 11 14 0.028917845 
648 332 12 16 0.028619662 
843 348 44 57 0.028555512 
632 307 12 15 0.028440347 
859 412 20 26 0.028417613 
828 355 19 23 0.02838269 
987 252 22 27 0.028169299 
667 251 12 16 0.028126257 
834 458 14 18 0.027574962 
836 395 19 24 0.027426504 
655 378 26 33 0.027283847 
985 460 38 59 0.027230537 
795 173 10 13 0.026964506 
646 270 12 16 0.026923697 
0 140 9 12 0.026557459 
724 243 12 15 0.026430586 
876 308 10 12 0.026396174 
681 369 29 33 0.026348246 
909 428 27 43 0.026218584 
634 413 44 54 0.026165921 
719 388 26 31 0.025965773 
893 426 17 23 0.025908154 
884 343 15 18 0.025791107 
848 158 13 16 0.025773883 
718 324 15 19 0.025763875 
607 250 13 16 0.025679983 
605 286 13 17 0.025612678 
637 293 11 14 0.025408925 
991 253 12 17 0.025340473 
892 387 23 29 0.025252866 
973 477 16 23 0.025210802 
759 393 14 18 0.025198769 
134 399 16 23 0.024995478 
730 183 11 15 0.024984777 
805 424 26 31 0.024874011 
717 389 14 18 0.02467224 
636 260 20 25 0.02465536 
734 239 11 13 0.024323631 
700 243 11 15 0.02427586 
685 242 105 123 0.024102986 
650 315 24 30 0.024008194 
701 238 10 13 0.023950262 
737 393 17 22 0.023924451 
686 261 13 17 0.023903131 
626 392 27 32 0.023810616 
569 221 10 12 0.023788832 
608 214 10 12 0.0237815 
613 352 15 19 0.02373714 
10 198 26 40 0.023666004 
890 16 31 41 0.02361741 
710 235 13 17 0.023609333 
572 133 9 13 0.023556491 
740 388 24 31 0.023458825 
671 275 13 16 0.022920234 
834 346 30 38 0.02291527 
693 251 13 17 0.022914756 
711 243 12 15 0.022835495 
768 190 11 14 0.022821067 
686 377 44 47 0.022786545 
819 190 13 17 0.02277564 
633 339 16 20 0.0227641 
812 134 10 12 0.02262609 
824 419 25 32 0.022510553 
854 27 14 20 0.022431888 
736 246 11 13 0.022259925 
666 369 17 21 0.02221167 
621 259 20 26 0.022189992 
749 308 13 16 0.021959485 
577 243 11 14 0.021846583 
690 262 21 28 0.021812461 
661 244 12 16 0.021707261 
729 183 22 27 0.021645278 
748 388 13 17 0.021576734 
739 183 14 16 0.021516839 
866 344 17 22 0.02145974 
711 213 9 12 0.021428268 
646 290 15 18 0.021363104 
692 371 16 20 0.021314707 
898 25 18 24 0.021258052 
991 427 13 17 0.02123396 
674 269 21 26 0.02111902 
640 285 10 12 0.021113215 
668 331 24 29 0.021071738 
714 405 96 122 0.020966796 
924 95 43 58 0.02094314 
623 326 26 33 0.020905674 
675 238 23 28 0.020831404 
847 173 11 14 0.020730074 
652 315 40 50 0.020706993 
903 87 48 60 0.020661024 
885 387 42 55 0.020659316 
860 11 15 18 0.020554243 
649 368 27 34 0.020538468 
696 190 10 12 0.020501286 
879 178 12 15 0.02042657 
677 351 27 32 0.02041035 
641 276 11 14 0.020349568 
676 397 28 33 0.020346116 
601 159 10 13 0.020334871 
768 356 42 49 0.020327471 
869 337 25 32 0.02010519 
736 299 20 26 0.0200549 
