13_Interview_Interview_Sequences_13_759
19
451 588 150 190 0.9977157 
798 1334 32 36 0.68580693 
333 970 15 21 0.08626073 
783 1051 29 39 0.060381047 
396 838 29 32 0.053414892 
606 649 384 547 0.04869602 
790 1031 44 68 0.04309194 
494 188 54 74 0.04024573 
406 770 432 463 0.03745539 
333 1252 17 21 0.03673464 
328 1292 27 33 0.036436915 
348 1008 25 38 0.03503473 
808 1046 27 43 0.034702256 
754 1036 47 67 0.03074268 
363 980 12 14 0.026856393 
771 896 24 31 0.02496492 
730 1015 85 116 0.023961032 
755 1213 15 15 0.02254604 
700 1001 13 22 0.021895805 
