13_Interview_Interview_Sequences_13_495
60
538 71 42 50 0.9768173 
494 120 27 31 0.9557201 
431 142 33 36 0.9461383 
351 126 26 32 0.8654443 
411 144 26 31 0.80183125 
401 117 26 33 0.6823456 
109 123 23 29 0.5678433 
305 128 26 31 0.42107973 
340 308 13 18 0.122367986 
592 98 14 19 0.10696405 
0 118 24 41 0.08757445 
179 133 13 16 0.08066012 
363 81 16 20 0.07734383 
409 138 20 27 0.076959245 
109 41 15 22 0.07442858 
119 127 16 22 0.074149914 
369 80 19 22 0.0671594 
53 116 31 38 0.056078527 
2 105 41 59 0.05324656 
155 100 12 16 0.050074186 
188 138 15 20 0.046725478 
195 140 14 19 0.046230752 
383 173 27 31 0.043707464 
427 150 23 25 0.042832986 
370 84 26 30 0.04107544 
582 89 23 32 0.03953958 
103 44 23 31 0.03894381 
103 132 25 34 0.03187524 
397 124 18 23 0.03131617 
73 129 17 21 0.030791951 
383 103 22 27 0.030658465 
48 87 28 34 0.030556131 
91 171 17 22 0.029972924 
123 124 22 29 0.02956786 
367 67 24 29 0.028563282 
132 122 14 17 0.02748746 
103 114 14 16 0.02499643 
106 152 15 20 0.024677202 
108 146 24 30 0.02466524 
370 98 26 29 0.024576778 
98 110 40 51 0.02395172 
46 84 45 59 0.023809202 
20 116 28 34 0.022923501 
179 144 16 20 0.022356594 
97 168 18 22 0.022060733 
203 141 13 18 0.021907998 
503 114 20 26 0.021742428 
392 106 25 32 0.021692848 
690 267 15 17 0.021462845 
654 96 39 59 0.021456186 
327 260 10 13 0.0213575 
94 139 12 16 0.020877114 
185 154 17 20 0.0207685 
175 137 15 18 0.020714352 
407 151 18 23 0.02065831 
343 119 25 33 0.020555755 
115 258 23 32 0.02036939 
102 130 17 21 0.020317568 
86 98 23 29 0.020313978 
285 104 22 28 0.020306868 
