13_Interview_Interview_Sequences_13_5
29
480 28 86 117 0.9984744 
107 291 37 50 0.8302342 
75 343 45 56 0.30000573 
630 77 32 35 0.23982005 
245 213 55 64 0.16746922 
73 291 32 47 0.074808136 
76 278 61 68 0.072818264 
581 53 39 53 0.06399995 
728 129 46 57 0.062893845 
707 167 28 26 0.059548486 
588 6 21 31 0.058001284 
65 235 28 27 0.055733163 
152 373 66 67 0.05548389 
673 101 25 34 0.050048225 
68 245 18 23 0.04314496 
592 48 25 39 0.042334065 
748 124 29 39 0.040013112 
629 91 26 33 0.038767137 
237 243 60 74 0.035690658 
705 152 56 51 0.031942252 
683 107 18 23 0.030740174 
73 275 38 43 0.029248228 
618 103 21 33 0.024084644 
340 116 13 16 0.022855483 
639 77 14 17 0.022532588 
143 355 51 65 0.02119599 
837 8 214 226 0.020962853 
481 325 73 61 0.020913107 
629 103 15 22 0.020660188 
