13_Interview_Interview_2_People_Visible_13_252
124
619 27 62 85 0.9987954 
870 9 65 89 0.99868876 
865 523 30 41 0.99852127 
33 29 51 66 0.99704933 
579 509 32 40 0.99644583 
110 554 46 58 0.9954751 
805 274 32 40 0.9949385 
226 16 29 34 0.9930864 
84 287 28 33 0.9927227 
327 559 44 57 0.9873152 
435 15 22 27 0.93704766 
503 282 24 29 0.9034224 
273 269 20 23 0.80450654 
21 262 24 29 0.6975387 
28 331 21 25 0.61050326 
304 362 24 30 0.41238716 
340 315 13 17 0.21320996 
385 297 16 21 0.1684858 
462 283 14 17 0.16423258 
988 321 17 19 0.16268814 
86 340 21 26 0.1458438 
548 349 13 16 0.13572408 
985 396 22 26 0.114033096 
723 304 22 28 0.10496815 
979 374 16 19 0.089469075 
161 355 12 14 0.08686862 
120 8 29 33 0.08221052 
37 328 22 28 0.07782096 
987 329 16 19 0.075426914 
721 76 22 36 0.074696235 
53 327 24 31 0.069095574 
369 306 12 17 0.06786167 
745 305 15 20 0.065390944 
219 347 13 16 0.06441818 
199 277 11 14 0.06316706 
273 346 16 21 0.06300935 
348 370 15 18 0.062370062 
217 139 17 22 0.06030875 
766 266 27 40 0.060258675 
460 287 20 25 0.059611432 
413 370 15 20 0.05616228 
596 394 18 20 0.05545479 
93 336 26 33 0.055086132 
97 59 27 36 0.05508595 
343 370 13 17 0.051472306 
25 323 18 21 0.051324353 
24 314 18 20 0.05094356 
247 345 13 17 0.050039947 
559 269 13 18 0.047865856 
484 381 15 17 0.046454623 
915 362 15 19 0.045756806 
999 337 14 17 0.04378106 
537 411 17 20 0.03974886 
542 351 23 28 0.039493788 
106 337 27 36 0.038482457 
318 363 21 31 0.03657566 
176 340 11 15 0.036018677 
162 277 10 13 0.03573068 
558 409 15 18 0.035655085 
141 344 20 28 0.034126513 
982 404 15 21 0.033194046 
83 62 28 37 0.03253491 
580 301 12 15 0.03228241 
185 336 25 28 0.03164084 
26 303 18 20 0.031111099 
730 297 15 20 0.030896978 
609 294 10 13 0.030751817 
347 314 12 16 0.030505657 
179 380 12 14 0.030498458 
725 317 16 20 0.029161466 
970 306 10 13 0.029038034 
772 338 30 40 0.02850376 
923 363 12 16 0.027753662 
995 399 21 26 0.02768275 
549 372 14 17 0.027668187 
710 88 34 38 0.027103864 
231 388 27 35 0.02683819 
645 298 17 20 0.026629787 
563 439 16 18 0.026622847 
204 282 10 13 0.026524989 
980 309 40 52 0.026405811 
589 333 10 13 0.026056815 
152 239 9 12 0.025944497 
340 294 23 28 0.025850711 
959 403 23 28 0.025835974 
331 370 13 18 0.025637047 
350 440 10 12 0.025546487 
408 257 29 42 0.025332894 
543 331 11 13 0.025327476 
189 76 13 17 0.02523894 
876 339 15 21 0.02515756 
147 341 13 19 0.02489269 
541 402 17 22 0.024752436 
171 338 23 28 0.024490282 
646 326 11 13 0.024383359 
220 152 14 18 0.02418235 
625 297 28 31 0.02404695 
978 378 23 29 0.02387888 
623 315 13 15 0.02386874 
1011 338 13 18 0.023810633 
804 355 49 50 0.023707686 
372 296 20 26 0.023612665 
293 371 30 30 0.023602828 
550 314 13 14 0.023550054 
285 264 21 26 0.023286229 
153 118 32 33 0.022898603 
933 319 24 32 0.02266869 
997 344 16 21 0.022611847 
326 401 12 13 0.02259754 
568 75 25 33 0.022596251 
252 256 14 18 0.022509448 
358 324 10 13 0.02237242 
393 34 15 19 0.021949219 
910 358 15 18 0.02184468 
115 44 35 47 0.021810042 
546 618 26 31 0.021740325 
970 401 21 28 0.021698838 
281 301 22 29 0.02163933 
34 325 16 20 0.02157163 
119 327 43 54 0.0211085 
444 250 15 19 0.020904277 
950 339 12 16 0.020747118 
291 299 22 28 0.020335544 
324 353 14 20 0.020110928 
