13_Interview_Interview_Sequences_13_541
81
485 250 21 30 0.9794658 
752 327 9 13 0.27946138 
960 80 12 15 0.23216604 
131 120 17 22 0.10759511 
186 107 24 29 0.08764758 
483 305 14 18 0.06447468 
120 307 20 23 0.061984055 
127 105 23 31 0.05334459 
485 355 13 15 0.047984064 
69 88 16 21 0.046182893 
186 272 15 19 0.04598045 
687 108 13 14 0.04587097 
139 126 15 21 0.04403875 
92 97 23 31 0.04317651 
97 88 22 29 0.040363576 
384 443 29 31 0.04031145 
896 117 11 14 0.039303828 
96 229 25 31 0.039293014 
221 153 14 17 0.038854122 
958 76 19 24 0.038392134 
479 355 14 18 0.03757834 
754 278 8 11 0.036413956 
533 298 11 15 0.036270563 
187 100 16 20 0.03482908 
28 85 21 27 0.03481384 
753 329 13 16 0.03475359 
344 253 11 14 0.033921357 
519 300 11 14 0.033106506 
478 298 16 20 0.03289692 
415 154 11 14 0.031965774 
795 105 23 29 0.031651672 
156 84 13 16 0.030994844 
215 90 12 16 0.03098539 
93 119 16 21 0.030382311 
181 106 17 21 0.030341033 
511 86 11 13 0.029496739 
76 159 16 19 0.02838253 
525 298 13 17 0.02817814 
280 156 12 16 0.027825823 
473 234 37 47 0.026213001 
813 272 10 12 0.026198667 
132 92 15 19 0.026131082 
489 296 16 21 0.025966035 
527 293 11 14 0.025747266 
276 201 17 22 0.025642913 
414 325 11 14 0.024838138 
541 348 10 12 0.024573488 
63 98 13 18 0.024410564 
881 132 11 14 0.023617713 
433 127 40 52 0.023493536 
951 81 14 18 0.023408264 
489 8 192 224 0.023228912 
79 294 11 14 0.02309645 
509 367 16 19 0.023040913 
181 281 15 19 0.022915764 
119 114 25 32 0.022567937 
745 325 12 16 0.02240379 
829 235 10 13 0.022313667 
886 126 10 14 0.022079214 
466 361 27 32 0.021976722 
146 128 15 19 0.021888638 
680 109 11 13 0.021842435 
91 231 17 21 0.021779973 
888 117 10 14 0.021535799 
334 108 13 16 0.021371251 
479 122 41 54 0.021363724 
189 126 17 21 0.0212919 
267 149 11 14 0.021211138 
598 195 13 16 0.021159338 
218 146 22 28 0.021142717 
193 119 24 31 0.021114826 
500 296 14 18 0.021012781 
691 103 12 14 0.020980062 
188 95 13 16 0.020824956 
508 355 16 20 0.020741919 
107 223 18 24 0.02072103 
63 96 23 30 0.020611659 
98 107 24 34 0.020520173 
885 88 16 18 0.020408554 
366 347 98 110 0.020176696 
100 170 22 27 0.02002914 
