13_Interview_Interview_Sequences_13_929
32
486 155 60 78 0.9992805 
791 168 85 108 0.99604285 
176 169 67 86 0.99444664 
67 161 80 108 0.95754766 
773 255 52 56 0.1919191 
446 326 113 150 0.17020947 
70 272 27 31 0.14956467 
4 73 54 74 0.1465718 
847 301 96 127 0.11159629 
888 294 103 143 0.06772475 
595 373 11 14 0.06538921 
10 179 56 82 0.0636211 
238 328 46 47 0.05893003 
599 291 12 14 0.05121949 
545 301 11 13 0.04443553 
-5 238 95 151 0.0341994 
589 310 9 11 0.033410106 
25 166 78 104 0.032534458 
595 318 12 14 0.02940531 
526 338 10 13 0.028150957 
767 221 88 97 0.026477525 
5 196 93 130 0.025877679 
629 386 13 16 0.025479674 
725 250 34 37 0.02541078 
1 182 30 52 0.025027335 
604 412 12 15 0.023733215 
623 389 12 14 0.023168763 
74 480 30 34 0.022803606 
773 278 31 41 0.022127667 
835 311 65 99 0.021253128 
641 359 18 21 0.020576939 
636 387 16 18 0.020024348 
