13_Interview_Interview_2_People_Visible_13_420
562
338 395 214 343 0.9994622 
87 114 14 17 0.8254796 
957 730 18 23 0.7924614 
957 422 14 19 0.763556 
893 75 17 20 0.76082635 
490 19 15 18 0.7477976 
92 1174 13 16 0.74325883 
988 46 14 17 0.7172779 
89 951 16 18 0.69074637 
28 1138 18 21 0.6841892 
928 791 17 20 0.6116546 
91 1013 16 20 0.61068183 
959 951 15 18 0.5958056 
25 359 15 19 0.5910678 
520 80 16 19 0.58583313 
88 672 17 20 0.5765207 
89 642 14 19 0.5232613 
459 48 14 17 0.5123527 
28 1047 16 20 0.49545655 
23 79 17 20 0.4952533 
86 421 16 18 0.48511523 
956 204 17 19 0.47024807 
88 889 18 22 0.44533724 
27 888 15 19 0.44264984 
987 327 16 20 0.43368304 
88 484 16 20 0.4334568 
925 78 15 18 0.39750037 
90 1200 17 20 0.39582136 
88 329 15 19 0.3822746 
25 517 16 20 0.37162352 
85 359 19 23 0.36191893 
831 78 18 22 0.34232524 
87 147 14 17 0.34207037 
122 1234 15 18 0.33237094 
26 547 14 17 0.3283971 
300 75 22 26 0.31951645 
-1 82 12 20 0.315285 
1012 169 11 18 0.3110755 
217 1266 13 15 0.30537552 
991 1104 15 17 0.30284747 
90 859 14 17 0.30190986 
0 609 13 21 0.299469 
56 299 14 18 0.29168546 
55 51 13 17 0.28076684 
958 51 11 13 0.27613783 
956 80 15 18 0.2658788 
3 1136 15 22 0.26483276 
956 1259 21 25 0.26441324 
990 857 16 19 0.2458531 
25 50 15 17 0.24502023 
55 483 19 21 0.23246627 
744 1263 13 15 0.2310833 
29 1078 13 15 0.23027672 
491 47 13 15 0.2244186 
430 51 11 13 0.22251567 
25 608 17 19 0.20577629 
552 75 18 21 0.20250125 
89 270 10 12 0.20237847 
30 1110 15 18 0.19967575 
987 387 17 20 0.19876213 
27 580 14 16 0.19775917 
495 1235 13 16 0.19498067 
0 268 9 16 0.19300188 
365 78 16 18 0.19014841 
924 239 15 19 0.18445174 
989 916 16 20 0.18126546 
336 21 11 14 0.16919091 
989 517 15 17 0.16690311 
863 18 12 15 0.166521 
92 1050 12 15 0.16632245 
650 1232 15 17 0.16548274 
0 578 11 17 0.16177182 
988 575 15 17 0.16092996 
0 51 10 16 0.15989286 
798 71 24 28 0.15505333 
55 19 14 17 0.15472916 
805 1260 16 19 0.1543618 
925 264 16 19 0.15063712 
868 1231 15 18 0.14933304 
24 19 14 17 0.14913788 
125 1211 12 15 0.1486866 
56 145 13 17 0.14338501 
27 1171 16 19 0.14298044 
60 983 15 18 0.13928641 
1013 1228 11 15 0.13413267 
928 207 11 13 0.13398495 
956 16 16 18 0.1334089 
395 79 16 18 0.13312505 
961 1107 11 13 0.13082932 
186 1233 13 16 0.12886362 
991 766 11 13 0.12597904 
553 49 15 17 0.1238316 
90 923 13 16 0.11588162 
1014 110 10 15 0.1150092 
61 1110 12 15 0.11256591 
988 423 15 18 0.111331984 
5 946 16 22 0.10908505 
26 243 14 17 0.107884265 
894 51 14 19 0.10511518 
497 1265 10 12 0.10061784 
25 325 19 23 0.098689236 
961 1051 14 16 0.097552575 
712 1234 14 17 0.09615908 
956 517 15 19 0.09578255 
989 235 12 15 0.09477167 
958 547 13 17 0.09328592 
58 801 13 16 0.09226463 
90 237 15 19 0.092046335 
974 505 15 17 0.09168643 
27 983 16 18 0.091517605 
932 1046 11 14 0.09075874 
927 485 13 16 0.09073989 
87 177 14 16 0.089690134 
279 387 95 133 0.089438446 
459 81 15 18 0.08799552 
59 828 14 18 0.086155206 
428 17 15 17 0.086125836 
55 515 15 18 0.08563779 
56 579 14 17 0.08470995 
1013 701 10 15 0.08439163 
987 207 15 18 0.084236994 
434 1267 13 16 0.0838706 
47 92 13 17 0.08353485 
990 825 14 17 0.08237461 
989 796 16 18 0.08190898 
24 299 14 17 0.07993628 
28 773 12 15 0.079168804 
960 1235 12 15 0.07875451 
366 18 13 16 0.07841055 
618 1232 15 17 0.07820351 
740 79 13 15 0.07746077 
57 1012 18 21 0.076910496 
960 1139 14 16 0.07655328 
959 709 12 14 0.07633345 
519 50 15 17 0.076211594 
25 834 14 16 0.07491195 
552 18 14 17 0.07483083 
403 1267 12 15 0.07457718 
1015 1170 10 14 0.07379978 
958 109 14 17 0.07331814 
59 767 13 15 0.07273853 
830 170 22 32 0.07131273 
796 52 15 18 0.07067282 
90 766 16 21 0.06978106 
56 548 14 17 0.06814848 
957 172 15 18 0.06797925 
61 1205 12 14 0.0675585 
6 1093 12 16 0.065445796 
989 267 16 19 0.064749375 
90 1291 18 21 0.06467079 
960 578 11 13 0.06433021 
695 1215 11 14 0.06377645 
928 1202 14 16 0.0635322 
988 144 14 18 0.06351947 
598 1236 13 16 0.06295193 
437 1256 9 12 0.062664546 
926 49 14 16 0.06222874 
1 801 10 15 0.06159726 
87 299 15 18 0.061431777 
1014 638 10 16 0.060965028 
429 82 14 17 0.060395908 
496 1296 14 17 0.06036078 
619 1295 16 19 0.060083978 
934 66 15 17 0.059741665 
1013 260 12 20 0.059284214 
932 1107 13 14 0.059241522 
348 98 16 19 0.058675565 
902 0 13 12 0.058667697 
92 799 10 13 0.058199562 
57 453 15 18 0.0580968 
56 268 14 18 0.057790574 
464 1297 12 14 0.05772155 
87 85 13 16 0.057339944 
997 734 12 16 0.057332948 
32 1239 10 12 0.057287507 
0 300 10 15 0.057189304 
699 127 175 203 0.05667021 
929 517 13 17 0.05661867 
24 450 17 19 0.056079116 
924 412 12 13 0.056060463 
990 674 13 16 0.05579765 
53 0 13 11 0.05516253 
59 1049 15 17 0.05512463 
773 1233 14 16 0.0549351 
962 1299 15 18 0.054462206 
91 1236 14 17 0.05332715 
950 0 14 13 0.053041738 
558 1235 11 13 0.052771006 
974 1034 15 17 0.05255408 
832 48 15 18 0.05246543 
75 757 13 16 0.05153828 
997 1229 10 12 0.051513024 
87 831 15 19 0.05141484 
2 417 15 21 0.05118567 
470 1230 9 11 0.05085383 
58 673 13 16 0.050535433 
929 734 12 14 0.050340228 
91 1144 15 19 0.050282747 
742 1233 15 17 0.050260667 
964 1255 12 15 0.050045572 
930 1014 13 16 0.049628023 
92 1076 15 17 0.049380362 
958 831 15 18 0.049265113 
277 1262 16 19 0.04851327 
967 225 14 17 0.04840982 
460 1 384 418 0.048133004 
895 17 13 15 0.04720933 
77 230 12 15 0.047160693 
966 775 14 17 0.047063727 
800 18 14 18 0.04672253 
48 620 13 17 0.046150867 
803 57 16 20 0.04608096 
28 855 14 18 0.04601171 
583 50 14 17 0.04589696 
570 1282 13 16 0.04576147 
55 426 14 17 0.045501303 
956 327 16 19 0.045208983 
580 158 13 17 0.04508059 
795 44 16 18 0.044850823 
95 1115 12 15 0.044462375 
422 1 12 13 0.044462025 
933 20 12 15 0.04434404 
960 1075 14 16 0.044337627 
988 737 13 17 0.044081982 
711 1264 15 18 0.04395196 
79 234 12 16 0.043684326 
950 522 15 19 0.043341346 
987 506 22 25 0.04328062 
91 519 11 14 0.04323139 
55 644 15 18 0.042999744 
508 69 13 16 0.0423934 
621 1210 11 14 0.04115828 
968 754 13 16 0.041023426 
939 61 14 18 0.04096036 
588 1294 14 16 0.040900815 
929 1260 13 15 0.040823396 
939 99 16 19 0.04064988 
342 1234 13 17 0.040497236 
470 1223 8 10 0.040478084 
917 65 14 17 0.040429696 
956 119 17 20 0.04029894 
991 77 14 18 0.040290847 
982 732 12 16 0.040118296 
995 1050 13 16 0.03987124 
1 1108 11 17 0.039514992 
52 1281 12 15 0.039493613 
1012 378 11 18 0.039461944 
59 237 12 14 0.039240025 
4 554 13 17 0.03906442 
306 51 13 15 0.03881589 
597 92 12 14 0.038648494 
27 642 14 16 0.03854901 
991 1238 11 13 0.03849539 
1013 790 11 16 0.038491175 
87 704 15 18 0.038487926 
771 49 13 16 0.038483437 
1 211 10 16 0.03815219 
949 -1 23 23 0.038112495 
949 243 13 17 0.037933066 
154 1007 15 19 0.037909493 
464 1221 8 10 0.037670083 
54 394 15 19 0.0375146 
954 900 16 18 0.03718915 
995 500 16 18 0.03687691 
89 394 13 16 0.036737815 
991 1139 14 17 0.036728814 
991 1267 12 16 0.03665521 
4 539 13 16 0.036588226 
78 1290 13 15 0.036553834 
90 987 15 17 0.036551546 
651 1204 11 13 0.03642623 
1014 50 11 16 0.036423024 
91 1284 15 19 0.036408056 
797 36 13 17 0.036374953 
373 1238 11 15 0.03633869 
710 0 12 10 0.03609596 
991 953 14 16 0.03604288 
961 522 15 17 0.036018156 
68 91 12 16 0.03567893 
586 83 15 16 0.035583533 
0 330 12 19 0.035234317 
951 7 25 24 0.03520691 
154 985 14 17 0.035082065 
996 1236 13 16 0.035081726 
375 0 13 12 0.034821525 
75 41 14 17 0.034706026 
948 376 14 18 0.03465647 
62 1295 12 13 0.03454762 
366 58 12 15 0.034464955 
26 113 14 17 0.034314908 
87 459 13 16 0.03426098 
923 249 16 18 0.03419052 
31 708 9 11 0.034013756 
956 298 15 19 0.03382745 
91 451 13 16 0.033772584 
433 1238 10 13 0.03356673 
69 228 14 16 0.03355466 
1013 1003 11 15 0.033540983 
999 0 11 10 0.033244554 
89 547 15 18 0.032917436 
404 20 11 16 0.03273273 
983 515 14 17 0.03269993 
70 620 13 16 0.032568596 
3 9 13 17 0.032394096 
408 66 15 18 0.032278433 
684 1233 14 17 0.032269698 
335 52 13 16 0.032251984 
485 1230 11 14 0.0322497 
1014 542 10 14 0.03218361 
963 0 15 13 0.03211674 
527 1267 12 14 0.032059077 
932 52 12 14 0.032037165 
470 1253 11 14 0.0319164 
122 1205 12 16 0.031781938 
987 451 15 17 0.031778842 
77 571 13 16 0.0317514 
963 1230 12 15 0.03170727 
1011 139 12 19 0.031601455 
768 19 14 16 0.031525414 
152 1297 14 16 0.03146152 
463 1237 10 12 0.0312081 
86 231 13 16 0.03120762 
59 922 13 17 0.031203873 
590 1237 12 16 0.031184347 
959 610 14 17 0.031171301 
949 772 12 16 0.030998645 
464 1231 9 11 0.030826287 
927 858 15 18 0.030629812 
939 72 14 16 0.030567084 
280 1235 10 12 0.030464195 
929 1139 15 16 0.030448178 
776 1205 10 12 0.030383913 
808 1236 11 13 0.03036541 
389 65 13 17 0.030357346 
335 84 13 16 0.03028356 
974 1284 10 13 0.03023463 
935 421 12 15 0.030156491 
854 0 12 13 0.030135008 
965 245 14 19 0.030022249 
85 58 14 16 0.029743453 
894 38 13 17 0.029702816 
746 1229 13 16 0.029683482 
79 1254 12 16 0.029566709 
401 1261 12 15 0.029481556 
986 495 22 25 0.029424872 
988 152 15 18 0.029202156 
21 443 17 21 0.029176954 
898 43 14 18 0.029151041 
1013 327 12 20 0.029120313 
1014 1107 11 15 0.029037768 
914 284 13 16 0.029030483 
59 85 14 16 0.02892912 
92 53 14 17 0.028852448 
480 1229 10 12 0.028847588 
766 1237 13 15 0.02883212 
446 0 12 11 0.028778255 
997 709 12 14 0.028703036 
926 21 12 14 0.028493991 
441 497 402 492 0.028463408 
519 63 22 26 0.028278753 
994 204 13 18 0.028144587 
990 1296 11 13 0.028122071 
469 1237 11 13 0.027934248 
992 1202 12 16 0.02776076 
863 50 14 17 0.027756592 
87 1206 16 20 0.027724441 
998 163 11 15 0.027650163 
52 84 15 19 0.027567022 
366 71 13 16 0.027491586 
917 813 13 17 0.027367186 
927 393 13 15 0.027266275 
129 1212 14 17 0.027162906 
101 971 14 17 0.027017448 
463 1216 9 11 0.027002124 
59 1242 13 17 0.02681994 
992 1230 10 13 0.026776917 
50 96 14 17 0.026770597 
989 710 12 13 0.026693307 
837 390 12 15 0.026671048 
982 1251 11 15 0.026669672 
944 242 12 17 0.02661092 
79 243 13 16 0.026509715 
955 242 16 19 0.026449464 
55 243 13 15 0.026313577 
281 107 15 18 0.026272032 
997 179 12 16 0.026238702 
454 1253 10 13 0.026175765 
926 115 15 19 0.026160799 
923 59 15 18 0.026103685 
736 1233 13 17 0.026089408 
88 542 12 15 0.026047023 
446 1286 10 13 0.02603735 
46 1282 12 16 0.025893921 
86 1058 14 17 0.025855292 
931 579 12 15 0.02583413 
465 74 15 19 0.02581974 
297 417 19 25 0.025818964 
471 1260 10 13 0.025766354 
989 297 13 16 0.025739003 
606 0 11 11 0.025687918 
985 708 11 13 0.025565283 
2 640 15 20 0.025482228 
618 1285 15 17 0.025438406 
997 1223 10 12 0.025429565 
919 18 11 14 0.025410876 
983 179 13 16 0.025399579 
92 980 14 17 0.02535354 
2 76 14 20 0.025346281 
710 79 12 15 0.025324807 
919 407 12 16 0.025294451 
59 1078 14 18 0.02509156 
983 794 15 19 0.02503412 
980 0 13 11 0.025029117 
926 429 12 14 0.024971593 
988 162 14 16 0.024960393 
977 497 21 26 0.024947707 
489 1235 12 14 0.024918098 
854 389 11 15 0.024842571 
983 1295 12 15 0.02483399 
1005 1234 12 15 0.02478939 
942 226 13 15 0.024733437 
982 787 14 17 0.024663648 
61 230 13 15 0.024579255 
992 1045 13 16 0.024546124 
5 605 19 26 0.024544429 
7 1067 13 16 0.02435165 
759 1237 11 14 0.024324609 
102 206 12 16 0.024288017 
60 116 12 14 0.024266468 
791 55 14 19 0.024257796 
0 548 11 16 0.024221186 
925 1234 15 18 0.0241848 
457 1235 9 12 0.024163509 
1013 857 12 18 0.02410345 
60 1178 14 16 0.02404975 
952 171 13 17 0.024038492 
478 1235 10 14 0.02403424 
940 286 13 17 0.024028335 
989 610 16 18 0.023899188 
59 618 15 17 0.023889696 
45 754 13 16 0.023880893 
0 517 10 15 0.02387739 
124 1225 20 24 0.023820333 
240 53 10 13 0.023797762 
699 1219 12 16 0.023785686 
438 1232 9 10 0.02374371 
97 948 14 18 0.023740597 
488 1208 8 10 0.023738112 
0 1096 20 27 0.023733422 
150 0 11 9 0.023677424 
1002 151 22 28 0.023625305 
54 109 12 14 0.023578921 
957 186 15 18 0.023578854 
464 1261 10 12 0.02356947 
974 0 13 11 0.023530759 
587 162 12 16 0.023504023 
581 1282 11 14 0.023481354 
614 82 15 19 0.023474388 
988 0 13 11 0.023399351 
988 184 15 18 0.023311883 
470 1267 10 14 0.023231415 
992 49 15 17 0.02321711 
394 58 15 18 0.023189826 
932 427 14 16 0.023188522 
76 756 23 25 0.023082478 
357 0 13 12 0.02306311 
994 113 13 18 0.023026042 
948 755 12 15 0.023018993 
988 1210 13 16 0.022934677 
956 1238 21 27 0.022927064 
916 92 14 18 0.022851892 
1013 475 10 14 0.022784777 
25 433 17 20 0.022773081 
272 20 13 16 0.022728126 
15 78 18 25 0.022726461 
465 44 13 16 0.022711543 
934 173 12 16 0.022683114 
962 503 23 25 0.02266853 
76 251 13 16 0.022614915 
59 0 12 10 0.022458691 
862 82 15 16 0.022415848 
950 725 15 20 0.02241187 
74 133 14 17 0.022411402 
172 1214 11 14 0.022401087 
69 751 13 16 0.022368804 
352 11 12 13 0.022354597 
54 230 12 14 0.022210661 
922 67 21 25 0.022159975 
455 1215 9 12 0.022139816 
851 347 14 18 0.02213002 
933 1114 12 14 0.022085764 
970 1259 13 18 0.02201145 
988 173 13 15 0.021913415 
581 77 16 19 0.021910036 
590 1284 13 16 0.02186414 
994 145 15 20 0.021855498 
572 155 24 29 0.021852609 
699 1242 14 16 0.0218365 
398 21 12 16 0.021816928 
1013 1195 10 16 0.021789612 
877 94 13 16 0.021704063 
950 123 15 18 0.021691956 
811 1255 11 14 0.02168197 
920 75 15 18 0.021609712 
934 1083 10 13 0.021589465 
690 1234 15 18 0.021459488 
89 612 15 18 0.021444565 
925 420 11 13 0.021433 
982 107 14 18 0.021380419 
80 425 14 17 0.02128 
949 286 15 18 0.021252876 
803 45 15 18 0.021183288 
48 787 11 15 0.02110779 
66 1172 13 17 0.02104782 
1006 706 12 15 0.021042619 
1004 140 20 27 0.021037724 
998 172 12 16 0.02102958 
81 1283 23 28 0.021028904 
117 1218 15 17 0.021012673 
952 45 12 16 0.021003848 
1014 761 11 17 0.020991888 
896 1234 12 15 0.02095657 
550 50 24 26 0.020940281 
973 526 12 15 0.020933928 
22 146 15 17 0.020919116 
952 77 14 16 0.02090558 
991 1221 11 13 0.02080244 
894 26 13 16 0.020752719 
457 1220 9 11 0.020747725 
470 0 10 10 0.020685524 
657 1233 15 18 0.02067305 
987 789 17 18 0.020661306 
935 1090 10 13 0.020642981 
452 0 14 12 0.020641295 
926 329 15 19 0.020628419 
512 40 25 27 0.020603657 
358 12 12 14 0.02056102 
990 691 12 14 0.020556897 
489 0 12 11 0.020537477 
596 1230 12 15 0.020536605 
36 779 13 16 0.020520993 
479 1223 9 12 0.020515788 
616 15 11 14 0.020507447 
1014 12 11 16 0.020444442 
923 141 16 19 0.020411175 
91 433 16 19 0.020391079 
920 843 12 15 0.0203686 
54 1248 13 15 0.020353222 
59 15 13 16 0.020241875 
645 1239 15 18 0.020231333 
984 1235 11 15 0.02015395 
243 20 14 18 0.020132963 
0 395 13 20 0.020125244 
247 1300 11 12 0.020124974 
49 402 12 17 0.020105895 
42 316 13 16 0.02010058 
522 56 15 19 0.020079775 
940 1235 12 17 0.020079585 
94 212 13 16 0.02002967 
983 1213 11 14 0.020015756 
438 0 13 12 0.020014288 
87 529 13 15 0.020008063 
