13_Interview_Interview_On_Location_13_129
24
403 -1 191 245 0.99977964 
302 36 10 11 0.20628045 
709 464 19 23 0.15207186 
602 498 23 26 0.10592064 
258 43 13 16 0.092190415 
663 530 13 15 0.059570387 
588 544 17 21 0.057798363 
656 468 23 28 0.047167677 
115 146 32 37 0.04440314 
799 1 36 33 0.03621838 
3 341 14 22 0.031286873 
786 256 29 36 0.03003834 
652 557 17 18 0.030032588 
591 533 24 30 0.027254129 
315 79 16 20 0.02561761 
655 463 18 22 0.025537789 
141 60 13 16 0.024953721 
811 243 15 18 0.023885313 
610 494 15 18 0.022631451 
809 -3 53 43 0.022613999 
674 482 14 17 0.021965431 
826 4 20 17 0.021658767 
316 3 31 32 0.02116544 
295 31 11 14 0.020992141 
