13_Interview_Interview_2_People_Visible_13_668
177
598 468 16 20 0.91570014 
936 453 18 23 0.78392494 
415 470 13 16 0.4041203 
126 714 13 17 0.38455155 
716 627 15 19 0.33737123 
292 468 13 17 0.31731197 
106 693 12 13 0.24344788 
85 684 11 15 0.21778482 
220 720 20 29 0.17665155 
5 683 12 16 0.16937117 
39 721 13 16 0.16612078 
246 735 22 27 0.16561778 
527 488 13 16 0.15307759 
290 745 14 17 0.1400702 
90 732 14 17 0.1319839 
706 625 22 26 0.1249737 
30 746 16 18 0.12337498 
176 649 9 10 0.12181151 
692 493 24 27 0.11946213 
521 479 11 12 0.09454737 
437 525 15 20 0.0893117 
499 485 11 14 0.08913711 
118 713 15 17 0.08897539 
691 503 17 21 0.087947175 
174 722 15 18 0.08664849 
323 746 17 19 0.083937936 
63 700 12 15 0.0823128 
28 686 13 16 0.0813628 
80 685 12 15 0.08004222 
28 670 12 13 0.07986408 
339 737 17 19 0.079541706 
69 37 340 482 0.076262474 
55 691 11 14 0.07240556 
132 710 13 17 0.07070916 
17 590 11 13 0.06871913 
480 470 10 14 0.06545194 
222 711 16 22 0.0643871 
205 709 14 17 0.0632751 
150 714 15 18 0.06325818 
705 477 25 30 0.06270816 
534 470 9 12 0.062111374 
532 474 13 17 0.060955994 
568 427 12 16 0.06030078 
707 496 16 20 0.05966842 
533 449 11 14 0.058036864 
135 700 12 15 0.05791676 
45 582 11 14 0.05570035 
67 705 13 17 0.05561378 
55 573 11 14 0.05205101 
27 552 11 15 0.05190145 
925 453 24 29 0.051868074 
2 677 10 13 0.050340503 
591 497 15 19 0.050177217 
484 557 11 15 0.04965905 
68 737 15 18 0.04762148 
154 708 14 17 0.04716263 
27 675 14 15 0.046355437 
60 694 11 14 0.04635105 
528 471 9 13 0.045984507 
128 660 10 12 0.04569715 
677 609 44 56 0.045523997 
714 283 223 269 0.04474197 
158 692 11 13 0.044408888 
635 504 11 15 0.042158898 
345 732 15 19 0.041306436 
330 744 18 19 0.041295413 
209 727 23 28 0.04121184 
71 728 20 25 0.041065168 
78 656 10 12 0.040718235 
609 468 14 17 0.0404621 
109 582 10 13 0.039368566 
6 712 14 18 0.03926844 
380 740 17 20 0.039072867 
420 492 13 16 0.03885405 
702 477 14 20 0.0386948 
197 701 14 15 0.038663577 
781 347 30 33 0.037773922 
156 701 12 15 0.037483115 
174 700 11 13 0.037431706 
22 726 11 15 0.037152514 
211 713 22 29 0.036803886 
230 725 22 27 0.036801923 
157 655 9 10 0.03675084 
500 530 11 17 0.035861976 
30 725 12 15 0.03438886 
596 492 23 26 0.03414074 
102 696 15 17 0.0335003 
198 739 14 17 0.032698087 
213 708 14 18 0.03259604 
317 741 16 19 0.032530602 
516 488 21 26 0.03211388 
90 592 17 17 0.031923395 
133 660 9 11 0.031855196 
687 624 29 33 0.03160663 
132 720 12 16 0.03137788 
611 493 16 17 0.030954296 
152 668 11 14 0.030940136 
199 714 14 18 0.029332576 
620 492 12 14 0.028952625 
180 701 11 14 0.028507542 
66 745 17 18 0.028333608 
693 477 12 17 0.028233374 
204 721 15 18 0.02803778 
297 747 14 16 0.027935313 
156 720 13 17 0.02726293 
56 698 12 16 0.027240273 
165 716 12 17 0.026692068 
59 723 14 16 0.026333217 
139 740 14 18 0.026298722 
275 736 25 29 0.02600374 
170 645 10 12 0.025982434 
44 707 12 15 0.025944361 
47 690 13 16 0.025770444 
204 737 16 18 0.025728256 
174 669 10 12 0.025702978 
256 737 17 21 0.02565614 
152 663 10 11 0.025542589 
203 702 13 15 0.025521116 
686 453 12 18 0.02534092 
150 746 12 16 0.025173482 
551 427 10 13 0.025098557 
552 452 11 15 0.025059588 
540 491 13 15 0.02502821 
497 480 10 12 0.024866587 
695 384 10 12 0.02453201 
70 691 13 15 0.024447093 
525 496 15 20 0.02423883 
180 707 12 15 0.024069017 
964 490 17 23 0.02400947 
70 684 14 16 0.02384838 
628 613 11 13 0.023709917 
420 482 15 17 0.023670632 
590 428 9 11 0.02360668 
191 708 11 15 0.023507714 
629 512 16 20 0.023482734 
252 724 16 17 0.023480942 
559 436 11 15 0.023416027 
516 498 14 18 0.023356993 
69 726 12 16 0.023328567 
656 426 11 14 0.02327496 
479 550 12 16 0.023269452 
428 490 12 16 0.023262078 
623 429 8 11 0.02301699 
64 559 9 13 0.022694457 
78 208 96 140 0.02265905 
580 372 14 19 0.022516368 
486 462 10 14 0.022462897 
95 583 12 13 0.022451393 
38 709 13 15 0.022308528 
510 494 11 13 0.022236792 
197 619 13 15 0.02223282 
558 427 12 16 0.022150513 
78 679 13 15 0.022088258 
35 685 11 14 0.021946358 
86 476 16 17 0.021934541 
286 752 17 18 0.021852659 
703 489 26 31 0.021814475 
174 660 9 13 0.021800077 
700 627 18 22 0.02163318 
53 558 11 13 0.021625075 
637 706 16 17 0.021457488 
110 587 11 14 0.021352414 
61 730 15 18 0.021251746 
117 590 10 13 0.021179844 
102 583 11 13 0.021143422 
688 477 11 15 0.021136366 
140 694 10 13 0.021125518 
118 610 12 15 0.020940255 
171 737 16 18 0.020742837 
685 428 11 13 0.0207248 
180 652 10 12 0.020655248 
484 473 10 14 0.020529017 
157 662 10 12 0.020444352 
528 445 13 15 0.02040414 
167 698 12 15 0.020387402 
60 714 14 18 0.020288471 
700 452 12 18 0.02014674 
