13_Interview_Interview_On_Location_13_537
29
793 444 59 107 0.86876446 
188 373 510 615 0.79465306 
138 585 450 571 0.26292533 
485 808 95 117 0.15588678 
619 845 119 102 0.1438037 
956 587 29 36 0.13881725 
295 457 282 371 0.086132504 
0 195 443 451 0.07944833 
21 820 549 530 0.065525986 
907 581 109 141 0.057254348 
508 821 116 142 0.057235125 
905 538 31 33 0.051682103 
579 855 132 136 0.04944631 
993 973 29 49 0.044418056 
734 416 105 131 0.036536083 
976 971 48 84 0.033005625 
922 923 17 22 0.031118102 
902 499 52 67 0.030317241 
324 373 214 308 0.027963325 
947 575 29 37 0.023552962 
924 458 55 78 0.023476142 
638 889 89 80 0.023169864 
759 568 216 220 0.02294593 
968 591 28 39 0.021771587 
524 836 71 86 0.02153466 
956 948 72 145 0.020820534 
670 857 77 73 0.020711081 
866 556 30 33 0.020062784 
808 481 39 63 0.02004951 
