35_Basketball_playingbasketball_35_674
101
370 150 65 81 0.9990182 
90 7 30 36 0.9976956 
15 233 36 47 0.996252 
151 64 35 46 0.99607444 
0 89 24 47 0.99575484 
288 116 30 36 0.99532014 
185 139 44 55 0.9952779 
172 15 31 38 0.9937272 
215 75 26 34 0.9901787 
597 276 34 40 0.9854323 
563 102 29 36 0.9842524 
859 259 32 39 0.98287773 
633 45 44 69 0.9816049 
983 17 37 92 0.97786707 
950 249 23 29 0.96043 
406 15 30 41 0.9409091 
999 249 22 27 0.9294636 
875 167 28 32 0.8992455 
900 80 24 29 0.87622947 
267 85 29 36 0.8760922 
510 31 22 29 0.85381234 
356 91 29 33 0.83634007 
352 10 23 30 0.81678325 
451 21 29 38 0.76246375 
479 107 23 27 0.7589222 
802 53 23 29 0.7453392 
602 27 22 27 0.7300564 
840 136 24 30 0.7261687 
452 39 28 40 0.60735273 
818 153 28 40 0.4917137 
551 34 25 31 0.43730983 
120 130 36 46 0.30359265 
579 72 27 32 0.24100646 
794 112 32 40 0.23513341 
785 87 26 33 0.2264501 
980 126 18 23 0.22240862 
340 119 41 54 0.19008903 
787 98 31 41 0.17490779 
930 84 19 24 0.12690628 
973 183 18 22 0.12158134 
266 -1 33 32 0.10913001 
128 147 31 44 0.09310764 
488 139 38 51 0.08791887 
351 108 41 49 0.0854958 
910 287 19 28 0.08353198 
163 0 29 24 0.08099775 
827 140 29 39 0.072264336 
4 403 231 265 0.07204896 
626 57 31 50 0.065503515 
1003 313 18 24 0.06098433 
878 144 24 31 0.056234945 
939 296 23 30 0.054642126 
739 43 25 36 0.052379433 
902 70 15 18 0.052286252 
808 121 19 25 0.048742395 
3 489 23 29 0.048322134 
519 36 24 31 0.046545647 
453 194 43 55 0.045749933 
366 97 29 35 0.04568351 
539 34 25 33 0.04424722 
133 259 45 67 0.043031935 
725 31 37 58 0.042182937 
984 345 19 23 0.038129784 
556 327 41 56 0.03680719 
999 274 25 39 0.03612629 
646 261 36 42 0.03496124 
262 9 29 36 0.03476243 
474 103 39 46 0.033415753 
255 17 26 33 0.03041762 
940 156 16 20 0.030121561 
278 0 23 17 0.029709447 
554 95 27 35 0.028418131 
978 174 15 19 0.028236527 
912 82 18 24 0.02804251 
792 59 28 36 0.027094493 
478 86 28 37 0.02644287 
997 255 26 42 0.026409283 
596 27 39 51 0.025991594 
510 142 39 52 0.02573079 
653 36 54 74 0.025543943 
477 63 22 29 0.025352763 
420 27 29 37 0.025289752 
965 296 24 32 0.02503407 
919 337 39 50 0.024696998 
606 264 33 38 0.0242359 
569 84 29 37 0.024210382 
110 138 37 54 0.024132755 
803 129 38 52 0.023923166 
100 182 29 38 0.0236364 
546 89 17 22 0.023512617 
175 1 29 30 0.023127843 
948 292 23 31 0.02249292 
279 100 34 46 0.022386061 
859 152 37 49 0.022041298 
586 66 19 25 0.022002455 
350 149 48 65 0.021893874 
250 27 24 32 0.02157425 
554 228 42 55 0.021568822 
433 23 38 52 0.02143507 
919 291 24 29 0.020335816 
503 31 19 24 0.020330377 
