35_Basketball_playingbasketball_35_366
19
413 322 35 47 0.6834806 
422 790 30 40 0.24561305 
506 751 23 30 0.19601148 
394 332 42 46 0.16592814 
390 348 33 41 0.15349309 
553 164 28 43 0.113310255 
536 177 45 50 0.048217826 
514 749 15 21 0.04457345 
429 789 17 22 0.041791443 
578 49 14 20 0.035001498 
718 123 10 12 0.033057008 
408 326 11 15 0.030699247 
571 40 25 32 0.027139317 
630 115 10 14 0.026280794 
703 134 8 9 0.02535818 
494 754 27 32 0.024518937 
722 3 15 17 0.021483218 
421 795 19 23 0.020988388 
613 109 15 18 0.020177329 
