35_Basketball_basketballgame_ball_35_478
391
127 416 69 94 0.99741805 
720 318 10 13 0.73298955 
893 209 15 18 0.3997212 
620 110 9 11 0.36125576 
659 158 11 14 0.34008756 
311 271 23 27 0.33035967 
734 165 9 12 0.23281226 
805 339 15 20 0.18151447 
472 169 9 11 0.18149135 
624 160 8 10 0.17521924 
638 165 8 10 0.16856034 
430 147 8 12 0.16746339 
697 167 9 12 0.16146858 
406 159 8 10 0.15371165 
497 103 9 11 0.13298659 
324 271 15 20 0.13235597 
655 135 9 12 0.13088018 
625 164 9 12 0.11834312 
631 87 9 11 0.11543535 
578 104 7 9 0.111346334 
613 176 8 11 0.10660175 
599 159 7 9 0.105114065 
806 335 11 13 0.10462973 
71 207 10 13 0.10366321 
657 197 7 11 0.10092288 
738 80 7 10 0.0976761 
381 262 10 13 0.095098495 
400 158 9 11 0.09103238 
777 175 8 10 0.08865018 
463 150 8 11 0.08650037 
782 176 7 9 0.08571709 
676 261 14 15 0.08558548 
743 159 7 10 0.08431819 
498 64 8 11 0.083733924 
513 88 7 9 0.07798097 
90 225 8 9 0.076916724 
776 193 9 11 0.076421306 
623 128 8 9 0.07545063 
704 151 9 11 0.073037274 
623 192 8 11 0.07092906 
717 167 10 13 0.06894504 
610 181 9 12 0.06833668 
633 51 9 11 0.067993574 
70 232 9 12 0.06737754 
687 182 10 11 0.065395825 
743 96 7 10 0.065286644 
490 166 8 10 0.06504834 
804 345 25 33 0.06423547 
624 171 10 12 0.06345581 
582 101 8 10 0.06222645 
463 145 9 10 0.060898308 
341 246 11 13 0.06068919 
494 142 8 11 0.059223425 
745 197 8 10 0.058119655 
426 150 9 11 0.05768175 
623 142 8 10 0.05705532 
82 92 9 11 0.056976475 
807 152 7 9 0.056026902 
598 190 9 10 0.055334654 
78 231 8 10 0.0552756 
630 164 9 13 0.05468873 
657 127 8 10 0.054675728 
744 237 13 16 0.054170527 
462 156 8 10 0.054039266 
758 192 10 12 0.053965297 
714 171 9 10 0.053062845 
737 49 8 10 0.053034145 
729 165 8 12 0.052618835 
441 157 9 11 0.05199206 
446 153 7 9 0.0519759 
77 212 8 11 0.051359963 
562 159 8 10 0.0511847 
720 103 8 11 0.050835226 
622 237 10 14 0.05069475 
93 222 9 10 0.050659727 
793 189 8 9 0.0506216 
815 158 8 9 0.05033854 
109 222 9 11 0.050027877 
647 151 8 11 0.04986326 
310 272 38 47 0.04963109 
343 149 8 9 0.04907521 
441 152 7 10 0.04864515 
458 152 8 10 0.04838343 
639 171 9 11 0.04833888 
479 149 8 11 0.047809757 
476 167 8 11 0.04771091 
273 148 8 10 0.047609825 
398 152 9 11 0.046570163 
920 243 27 34 0.04623127 
601 86 8 11 0.046136208 
610 70 8 10 0.046109263 
738 96 7 9 0.045986854 
458 157 8 11 0.045927055 
662 152 9 12 0.045771524 
551 82 10 12 0.04558823 
455 96 8 10 0.045512166 
361 41 8 10 0.045466326 
713 69 9 11 0.045402702 
490 161 7 9 0.045344032 
630 143 8 10 0.04501908 
792 184 8 10 0.044939168 
726 87 7 9 0.044514857 
841 199 10 11 0.04415914 
89 198 8 10 0.04404617 
808 157 8 10 0.043898493 
687 151 8 10 0.043720078 
730 111 7 9 0.043409258 
647 101 8 10 0.04332913 
464 111 7 9 0.04310082 
788 239 11 14 0.04300961 
69 189 8 10 0.042960867 
92 230 10 12 0.04281647 
760 135 8 11 0.04273909 
682 206 8 11 0.042648446 
811 335 11 14 0.0420925 
663 171 10 12 0.042088926 
728 159 8 11 0.041809514 
591 87 8 9 0.04174946 
735 111 7 9 0.04126295 
645 173 9 11 0.041209485 
317 250 41 51 0.040899232 
782 192 8 10 0.040810496 
616 128 8 9 0.040628094 
727 95 7 9 0.040627204 
752 192 9 11 0.03974085 
766 103 7 8 0.039386068 
89 229 8 11 0.039111834 
359 46 8 11 0.03905434 
397 191 9 10 0.038933113 
415 152 8 10 0.038780734 
621 104 10 13 0.03849008 
817 362 15 19 0.038418725 
613 71 8 10 0.037940223 
808 209 8 10 0.037908893 
399 165 9 10 0.0378053 
158 23 10 12 0.037677072 
623 134 7 9 0.037647057 
599 164 9 11 0.03763384 
102 215 10 13 0.037482228 
615 36 8 11 0.037419014 
448 139 9 13 0.037306435 
406 259 9 12 0.03720019 
716 315 18 22 0.036849048 
341 251 14 16 0.036653854 
583 176 9 11 0.036484353 
318 119 7 9 0.036149524 
693 182 9 12 0.036139842 
768 141 9 11 0.036044087 
489 119 8 10 0.035855852 
760 153 8 9 0.035658475 
789 151 7 9 0.03543248 
496 37 10 11 0.035010487 
328 455 13 14 0.03495416 
680 151 8 9 0.034892816 
440 198 9 11 0.034654707 
598 69 8 10 0.03464669 
65 208 9 12 0.03417076 
589 104 8 9 0.034090534 
399 390 10 13 0.03394181 
647 119 7 10 0.03383372 
427 143 8 11 0.03376576 
704 205 8 11 0.033656012 
478 128 8 10 0.03364568 
66 231 8 11 0.033381406 
761 97 7 8 0.033343736 
894 200 10 12 0.033329207 
721 56 8 9 0.033302356 
465 52 8 11 0.033278544 
688 157 8 10 0.03318552 
337 39 7 8 0.033161502 
513 94 8 10 0.032993514 
497 88 7 9 0.032963857 
662 204 9 11 0.032936648 
624 151 8 10 0.032818213 
490 173 7 9 0.032817412 
321 112 7 8 0.032763164 
406 207 8 9 0.0327185 
614 31 8 11 0.03270338 
97 215 9 12 0.03260874 
775 412 13 18 0.0324543 
426 173 8 9 0.032423798 
661 126 8 11 0.032408986 
439 193 8 10 0.032366578 
736 134 7 10 0.032224067 
326 238 9 12 0.03208554 
120 223 10 11 0.031995445 
670 135 10 11 0.031968027 
749 205 10 13 0.031929713 
493 160 8 10 0.031569295 
575 108 9 10 0.031489067 
326 38 7 9 0.031412426 
396 175 10 11 0.031326994 
728 152 8 9 0.03123088 
66 237 9 12 0.031119091 
95 198 7 10 0.030981183 
623 198 9 11 0.030946976 
432 169 8 11 0.030874712 
629 198 8 10 0.03074723 
760 120 9 10 0.030719385 
103 192 7 9 0.030678155 
617 199 10 13 0.03065134 
335 253 11 14 0.030435413 
332 260 12 16 0.030382484 
577 176 9 11 0.030303746 
741 163 9 12 0.030040283 
640 119 9 11 0.02993627 
441 180 10 12 0.0299289 
704 157 9 11 0.029899118 
720 109 8 10 0.029866194 
392 158 8 10 0.029768452 
625 94 9 11 0.029585931 
471 149 9 11 0.029559057 
314 121 8 10 0.029392371 
616 189 9 11 0.029371023 
689 175 8 11 0.029340057 
543 104 8 10 0.029245686 
304 274 14 20 0.029083781 
709 150 9 11 0.029061278 
640 199 8 9 0.028973853 
752 112 7 8 0.028841695 
661 133 9 12 0.028799059 
471 35 10 11 0.02870075 
637 49 8 10 0.028427523 
423 135 7 9 0.02841753 
762 102 7 9 0.028352026 
448 96 8 11 0.02828827 
904 238 10 11 0.028235309 
750 196 9 11 0.027918776 
326 254 24 29 0.027669065 
616 76 9 11 0.027615217 
622 77 9 11 0.02752065 
761 113 7 8 0.027510466 
526 88 8 10 0.027314302 
832 207 9 11 0.027274217 
439 167 8 10 0.027080938 
806 184 7 9 0.026944434 
481 78 8 10 0.026924057 
341 469 11 12 0.026803896 
438 142 8 11 0.026687065 
338 32 7 9 0.026516011 
528 104 9 11 0.026449746 
800 185 8 10 0.02643973 
608 37 9 11 0.026385888 
280 129 7 9 0.026322324 
105 229 8 11 0.026283665 
807 244 11 14 0.026279071 
753 143 7 9 0.026270987 
769 207 10 12 0.026264692 
501 69 8 11 0.026257062 
343 32 9 10 0.026112966 
766 137 8 10 0.026005132 
479 133 8 10 0.025680715 
377 215 10 12 0.02556032 
860 276 10 12 0.025557576 
511 60 9 11 0.025478464 
480 96 7 9 0.025332382 
700 171 9 11 0.025277741 
742 84 8 10 0.025105981 
455 142 8 11 0.025092494 
760 183 8 9 0.025090193 
84 88 9 11 0.02508125 
777 179 9 11 0.025036622 
670 174 9 11 0.02501825 
790 208 9 11 0.025013179 
97 28 9 11 0.024947492 
796 335 43 50 0.024870496 
638 110 8 10 0.024859913 
336 78 8 10 0.024820829 
727 128 8 10 0.024782976 
593 54 8 9 0.024756312 
400 209 8 10 0.024630874 
749 232 11 14 0.024580268 
817 143 7 9 0.024471523 
130 40 7 9 0.024313387 
400 259 12 15 0.024140183 
488 136 7 9 0.024124512 
282 173 8 10 0.024085235 
144 214 8 10 0.024058266 
289 150 7 9 0.024053285 
448 80 8 10 0.024032293 
767 96 7 9 0.023988897 
939 300 10 13 0.023988469 
509 260 11 14 0.023787132 
424 205 8 11 0.023776863 
760 157 9 11 0.023744019 
334 160 8 9 0.02369297 
361 23 7 9 0.023684874 
448 112 7 9 0.02353651 
719 79 8 10 0.023513468 
440 175 9 11 0.023438688 
769 173 8 11 0.023425967 
384 160 8 11 0.023418594 
722 395 15 19 0.023378108 
743 142 8 10 0.02336378 
440 136 9 10 0.023327075 
381 301 48 63 0.023302075 
671 265 13 17 0.023275916 
64 62 11 15 0.02323726 
817 175 8 9 0.023236804 
488 95 7 9 0.023235956 
759 125 9 10 0.02320018 
594 191 7 10 0.023197174 
712 111 7 10 0.023177722 
602 39 8 10 0.023158504 
369 191 7 10 0.023152078 
469 53 9 9 0.023035685 
355 47 8 10 0.023032103 
311 39 6 8 0.022990787 
720 63 8 10 0.02298254 
326 145 8 9 0.022929184 
111 217 9 11 0.022903752 
335 103 7 9 0.022900933 
649 142 8 11 0.02290031 
485 79 8 10 0.022891345 
494 124 9 12 0.022879649 
607 187 10 12 0.022806078 
642 72 7 9 0.022795476 
424 168 8 11 0.02278403 
775 168 8 11 0.022677077 
335 245 25 30 0.022608008 
495 96 9 10 0.022587392 
292 157 462 536 0.022586543 
330 268 24 30 0.022544626 
681 182 8 11 0.022516642 
119 136 8 11 0.022477476 
802 214 8 10 0.022418806 
594 70 8 10 0.02239268 
799 344 17 20 0.022385387 
500 31 9 10 0.022270566 
624 54 8 10 0.022240313 
630 149 8 10 0.022150414 
263 254 44 53 0.022105943 
734 151 9 9 0.022103919 
726 69 8 10 0.022049753 
448 120 7 9 0.021940071 
807 190 7 9 0.021810902 
803 226 11 13 0.02174186 
766 118 8 10 0.021694385 
393 152 8 9 0.021628164 
748 241 13 15 0.021582877 
447 204 8 10 0.021553732 
856 271 12 14 0.021550355 
609 31 9 11 0.021474775 
768 111 7 10 0.021384219 
177 40 7 9 0.021366762 
590 108 8 10 0.021353735 
737 142 8 10 0.021348704 
600 134 8 10 0.021292463 
338 71 7 10 0.021210862 
802 151 8 10 0.021145197 
690 167 8 10 0.02110745 
816 167 7 9 0.021073602 
494 172 8 10 0.021058775 
393 209 8 10 0.021023965 
352 136 7 9 0.02102029 
640 124 9 11 0.020990046 
342 78 7 9 0.020968087 
619 133 7 10 0.020862663 
338 149 8 10 0.020755991 
337 143 8 10 0.02074919 
628 240 12 15 0.020741202 
376 150 9 11 0.020723658 
353 199 8 11 0.020682931 
270 184 7 9 0.020681191 
807 175 8 10 0.020678781 
185 24 8 9 0.020645417 
696 151 8 10 0.020604385 
503 78 7 9 0.02058398 
487 199 9 12 0.020515496 
600 80 8 10 0.020491788 
321 193 9 10 0.02044918 
725 63 8 10 0.020448392 
439 113 7 9 0.020417387 
750 94 7 10 0.020387545 
645 266 16 18 0.020337354 
320 226 50 61 0.02030993 
570 110 8 9 0.020291563 
727 103 7 10 0.020260852 
79 224 8 10 0.020230372 
359 205 9 12 0.020195464 
615 24 8 9 0.020193463 
406 176 8 10 0.020184603 
87 193 8 10 0.020154674 
409 153 8 10 0.020149745 
561 152 7 9 0.020139625 
322 39 7 9 0.020126153 
129 206 8 11 0.020092405 
595 157 8 11 0.020075168 
552 70 10 13 0.020036854 
512 99 9 11 0.020029398 
551 150 7 9 0.020000037 
