35_Basketball_Basketball_35_635
48
420 317 31 38 0.99947065 
484 321 29 37 0.9994211 
544 288 29 38 0.9993481 
753 313 32 38 0.99928576 
621 304 33 39 0.9991937 
598 264 28 36 0.9986344 
814 302 31 38 0.9982135 
699 340 29 36 0.9981698 
277 275 27 33 0.9981286 
311 450 27 39 0.99789643 
282 310 30 35 0.99774975 
457 277 29 33 0.99761605 
449 416 31 41 0.99650687 
370 414 27 32 0.99597293 
360 332 26 33 0.99403787 
211 316 25 30 0.99382186 
511 477 28 33 0.99228036 
570 447 30 38 0.9843215 
414 441 21 26 0.34325647 
453 580 40 35 0.2852067 
239 323 16 20 0.21628201 
726 335 21 28 0.16096681 
216 395 17 19 0.117672704 
683 305 23 26 0.10898792 
727 317 22 27 0.07832713 
570 576 24 30 0.06085837 
330 304 16 19 0.052413147 
280 289 31 35 0.0489246 
349 332 24 32 0.04844729 
513 298 24 27 0.041188356 
366 524 53 48 0.03810033 
580 293 16 18 0.037881773 
372 288 15 16 0.036185157 
556 447 27 37 0.035068415 
228 507 24 27 0.032145154 
393 332 23 27 0.030558791 
571 290 23 30 0.029019186 
845 297 16 22 0.028577229 
788 328 24 29 0.027537318 
790 302 16 21 0.027028212 
529 493 28 38 0.024313847 
381 308 16 18 0.024238694 
341 331 15 19 0.02251407 
51 9 183 186 0.022453558 
725 304 23 27 0.021549258 
692 312 23 28 0.021440376 
215 292 14 16 0.021410435 
267 314 16 23 0.020763457 
