35_Basketball_playingbasketball_35_65
83
851 414 15 19 0.9916613 
906 353 18 23 0.9824767 
620 388 17 22 0.9817941 
966 404 22 28 0.9770568 
921 374 22 33 0.971882 
1005 414 16 23 0.9626935 
744 375 16 20 0.9460761 
229 423 23 38 0.9048727 
801 422 15 18 0.7881472 
797 458 22 25 0.5829277 
679 231 12 13 0.52514 
452 347 16 21 0.46376902 
854 459 16 18 0.46270388 
717 411 13 18 0.43046686 
709 460 21 26 0.3432383 
76 501 21 35 0.28402063 
796 499 14 18 0.2637279 
534 317 15 21 0.2005945 
744 427 16 20 0.15510522 
876 486 16 21 0.15497476 
831 488 16 23 0.15093865 
19 560 40 42 0.13581601 
410 384 15 18 0.1333891 
779 396 13 16 0.11990387 
462 341 24 29 0.113527246 
502 348 13 19 0.09866181 
889 384 17 21 0.086261556 
821 451 13 19 0.07711977 
973 462 27 34 0.076911576 
490 287 35 50 0.074255005 
779 450 14 18 0.06721193 
671 265 28 33 0.065846615 
823 395 12 15 0.0560457 
811 458 15 19 0.055026185 
809 398 10 13 0.054652628 
524 309 20 29 0.050601363 
853 353 14 17 0.048411757 
534 308 14 20 0.04760311 
675 268 17 20 0.047354415 
507 300 26 35 0.047308717 
480 37 11 14 0.043638337 
-1 529 29 41 0.041206528 
53 491 26 34 0.038954947 
228 419 17 26 0.03832723 
900 495 16 22 0.037693486 
827 448 16 22 0.037408516 
741 421 16 19 0.03654897 
887 449 14 20 0.035755217 
870 522 13 16 0.034475796 
194 487 18 24 0.03364347 
790 435 12 16 0.03317644 
721 414 14 20 0.032717317 
540 32 12 15 0.032260414 
1002 621 22 35 0.031325165 
477 342 21 29 0.030282125 
420 45 11 14 0.030191625 
837 379 12 15 0.029958032 
757 431 14 20 0.02854197 
763 376 15 19 0.028439652 
501 311 15 22 0.02750308 
494 348 13 20 0.027389392 
183 428 22 29 0.027333226 
824 376 10 13 0.027208269 
787 450 16 21 0.02644613 
790 457 18 23 0.026250765 
997 489 27 42 0.025506048 
521 224 23 29 0.025440257 
674 261 16 17 0.025104174 
784 361 11 14 0.024934255 
746 394 13 18 0.024787497 
365 46 11 14 0.024155077 
788 488 18 25 0.02289392 
537 309 21 28 0.022428306 
600 24 12 15 0.022317544 
979 458 17 23 0.022214256 
830 380 11 13 0.021721771 
756 373 14 18 0.021585323 
972 438 39 54 0.021346094 
820 481 14 21 0.021324579 
533 226 22 27 0.021136638 
878 348 12 16 0.020503815 
913 387 25 33 0.02042467 
557 280 16 20 0.020388933 
