35_Basketball_playingbasketball_35_405
65
824 296 16 22 0.7480593 
356 316 13 18 0.26325637 
583 312 11 13 0.2578925 
558 317 13 17 0.20082471 
549 308 10 14 0.13129483 
358 309 12 16 0.12678117 
349 319 13 18 0.11297398 
517 115 12 13 0.11075153 
580 318 15 19 0.11034011 
342 321 13 17 0.093918994 
563 322 13 16 0.08611104 
543 134 8 11 0.08263508 
334 315 15 19 0.07156753 
575 321 14 17 0.06310463 
499 184 18 20 0.062203713 
560 277 9 11 0.061744776 
566 293 8 12 0.05761632 
805 308 12 12 0.053514685 
550 315 12 16 0.053349577 
550 323 12 16 0.04968129 
559 144 8 11 0.04898442 
843 341 25 34 0.04749193 
574 271 9 11 0.047426626 
533 294 8 11 0.045637265 
833 304 14 18 0.04365208 
545 334 9 12 0.043294445 
811 305 15 17 0.04054818 
548 331 11 14 0.037215758 
361 323 13 15 0.036061246 
328 322 12 17 0.035712723 
828 361 27 29 0.034202047 
555 310 14 17 0.032653064 
492 271 10 11 0.03130701 
544 271 8 10 0.030247908 
530 287 8 10 0.02961307 
815 299 16 18 0.029520037 
560 271 9 12 0.02697698 
567 271 9 12 0.026976552 
502 310 8 11 0.026587812 
486 311 8 10 0.026526166 
545 314 11 16 0.026038934 
537 385 13 19 0.025521168 
544 303 12 15 0.025375096 
547 302 18 25 0.02524245 
895 222 168 280 0.024409961 
835 293 14 19 0.024221411 
584 276 9 10 0.024198376 
577 357 14 17 0.023863142 
749 245 11 12 0.022740439 
575 288 8 10 0.022739088 
589 278 9 10 0.02271275 
1008 482 13 21 0.0223344 
568 167 9 11 0.02208545 
538 119 7 9 0.022042515 
560 293 10 13 0.021811733 
565 276 10 12 0.021700177 
819 301 26 31 0.0216303 
470 221 11 13 0.021465689 
527 300 8 10 0.021342378 
547 339 13 16 0.021149462 
491 180 19 21 0.020996688 
511 265 8 10 0.020856066 
351 319 24 28 0.02061641 
558 308 21 27 0.0204317 
543 277 9 11 0.02009369 
