35_Basketball_Basketball_35_180
28
603 165 29 37 0.9996012 
384 193 27 36 0.9995852 
529 155 27 36 0.9990113 
218 173 30 38 0.99896586 
330 189 30 36 0.9988397 
282 187 33 42 0.9988232 
412 397 36 46 0.99870026 
473 218 32 41 0.9986389 
440 176 27 34 0.99850345 
685 164 28 38 0.9981396 
611 358 30 39 0.99631566 
434 375 26 33 0.15964623 
472 133 13 17 0.052475426 
524 244 15 19 0.05179498 
491 130 12 15 0.044792134 
544 251 13 17 0.034555774 
516 232 12 14 0.03431919 
895 61 42 53 0.033035383 
950 102 25 28 0.02853281 
575 340 12 16 0.02697144 
290 213 26 31 0.025814142 
356 217 18 21 0.025669757 
355 359 20 29 0.02532768 
359 209 16 21 0.02487495 
490 103 28 36 0.023694681 
452 157 24 29 0.022730932 
127 56 13 17 0.022046572 
302 216 25 31 0.021935731 
