35_Basketball_basketballgame_ball_35_375
2230
992 534 13 20 0.67275894 
361 143 7 10 0.6083148 
681 199 9 11 0.5335842 
658 136 8 11 0.50985307 
805 183 10 13 0.49902725 
969 78 7 10 0.47210997 
762 603 18 22 0.46947137 
413 133 8 11 0.46781528 
862 198 9 11 0.44934243 
352 127 7 10 0.4447735 
631 215 8 11 0.4438036 
575 149 8 10 0.41456848 
500 166 9 12 0.4133215 
606 190 7 10 0.4117522 
648 177 8 10 0.40980187 
591 226 10 12 0.4041179 
830 215 9 12 0.40050682 
845 152 8 11 0.3891273 
822 681 25 28 0.3739047 
593 110 7 9 0.34709823 
874 692 25 30 0.3422224 
610 231 8 10 0.3414036 
647 55 6 9 0.34088287 
635 132 7 10 0.3404117 
626 56 6 9 0.3161965 
615 217 8 10 0.31142947 
446 135 7 10 0.30012146 
433 167 8 11 0.29308566 
865 222 7 10 0.29235289 
862 127 8 11 0.29224652 
649 158 8 10 0.288767 
449 212 9 11 0.28809428 
272 95 8 9 0.28689504 
537 158 7 10 0.2739341 
1 126 8 12 0.26771346 
862 133 7 10 0.26470655 
719 99 9 12 0.26049632 
334 104 8 10 0.25894934 
838 5 8 11 0.25181273 
272 175 7 10 0.25149113 
967 142 8 10 0.24935845 
576 111 7 10 0.24928482 
393 147 10 11 0.2481853 
838 127 8 11 0.24637124 
465 158 7 9 0.24604571 
982 485 23 30 0.24415052 
862 157 9 10 0.24313384 
522 224 8 11 0.2428104 
808 745 19 21 0.24014755 
95 127 8 11 0.23513995 
430 190 10 12 0.23255526 
840 169 9 11 0.23180631 
52 524 12 16 0.23138306 
986 483 15 19 0.23093632 
518 161 8 10 0.23082201 
965 165 9 11 0.23058023 
695 111 9 12 0.22948577 
300 192 8 10 0.22784692 
842 150 8 10 0.22580495 
256 95 7 9 0.22542691 
738 97 7 10 0.22230823 
861 568 13 19 0.22133562 
118 168 8 11 0.22065733 
817 174 8 11 0.21922186 
933 214 8 10 0.21709955 
997 165 11 12 0.21628882 
823 150 8 10 0.21606952 
638 233 8 10 0.21441467 
567 166 8 10 0.21385057 
360 167 8 10 0.21336184 
86 102 7 10 0.21241751 
887 150 9 10 0.21167341 
94 152 8 10 0.21158029 
591 15 6 8 0.20952775 
592 55 7 9 0.2065285 
1010 146 11 13 0.20603004 
321 30 7 9 0.2055259 
543 204 8 10 0.20230697 
592 149 8 9 0.1936882 
871 520 13 19 0.19256714 
712 135 10 13 0.19246489 
896 171 10 13 0.19169606 
1005 15 10 13 0.19105747 
592 129 7 10 0.18939564 
724 182 8 11 0.18841137 
1009 483 11 15 0.18785451 
575 191 8 9 0.18566328 
701 23 7 10 0.18504015 
674 221 8 11 0.18352571 
477 94 8 12 0.18245025 
453 198 11 12 0.18168433 
450 166 10 11 0.18110263 
471 136 7 10 0.18008304 
273 158 7 9 0.1798122 
625 176 7 10 0.17936657 
862 151 9 12 0.1772054 
608 87 7 10 0.17661458 
181 64 7 9 0.17647056 
888 157 8 11 0.17614792 
804 681 16 21 0.17273456 
859 199 8 11 0.17229772 
441 41 8 9 0.17227268 
495 102 7 9 0.17101212 
493 641 21 26 0.17020994 
160 94 7 10 0.1690254 
392 17 7 9 0.16655497 
768 69 8 10 0.16651224 
62 121 7 10 0.16630484 
983 4 9 11 0.16606827 
318 143 9 11 0.164955 
378 173 8 10 0.16478 
617 199 7 10 0.16453171 
657 221 8 11 0.16387068 
558 184 8 11 0.16294183 
575 89 7 10 0.16279835 
888 135 10 11 0.16186681 
888 103 8 10 0.16087176 
821 273 9 10 0.16044262 
157 143 8 11 0.15971713 
685 237 8 9 0.15909632 
423 23 7 9 0.15903158 
471 207 8 10 0.15884902 
150 159 8 9 0.1585408 
863 177 8 10 0.15784924 
397 145 9 10 0.15624851 
918 506 13 16 0.15621577 
847 156 8 9 0.15578331 
390 41 8 9 0.15466303 
825 200 8 10 0.15289354 
110 157 7 9 0.15090369 
153 128 7 10 0.15064056 
949 7 10 11 0.15054516 
657 72 8 10 0.14852901 
997 36 9 11 0.14737779 
999 55 9 11 0.14672443 
855 111 8 10 0.14632545 
440 183 9 12 0.14565824 
290 121 7 10 0.14505789 
295 607 23 28 0.1437375 
506 150 7 10 0.14315575 
477 180 9 11 0.14242129 
514 102 7 9 0.14206077 
477 101 8 10 0.1419964 
889 142 9 12 0.14197578 
625 152 9 10 0.14139734 
110 531 13 16 0.14084327 
873 128 8 11 0.140422 
694 79 8 11 0.13864478 
448 152 8 11 0.13835475 
320 198 8 10 0.13778295 
77 167 8 10 0.13741145 
905 205 9 11 0.13736202 
79 126 8 10 0.13726123 
558 71 7 8 0.13675906 
610 150 8 10 0.13646086 
999 159 10 13 0.13567393 
519 103 8 9 0.13505697 
625 156 8 12 0.13460584 
62 102 7 10 0.13428788 
893 506 15 18 0.13380158 
933 207 8 11 0.13325444 
559 103 8 8 0.1328099 
437 190 10 13 0.13262773 
951 185 7 10 0.13262373 
637 128 8 11 0.1318873 
378 24 7 9 0.13182785 
281 137 8 10 0.13132861 
590 189 8 10 0.1307956 
729 64 7 10 0.13070607 
606 255 10 12 0.13055834 
519 183 8 10 0.13055667 
800 64 9 11 0.12964119 
910 142 9 10 0.12958817 
512 176 8 10 0.12957129 
896 435 10 15 0.12954508 
463 153 8 10 0.1288539 
775 143 9 11 0.12794903 
677 113 9 11 0.12759453 
442 45 8 11 0.12758243 
521 14 8 9 0.12587816 
429 72 9 11 0.12543875 
319 192 7 9 0.1252152 
514 159 8 10 0.12520677 
160 55 8 10 0.12500536 
425 72 9 11 0.124719545 
489 135 8 10 0.124518275 
566 54 8 10 0.12434001 
774 214 9 12 0.123995245 
448 157 9 11 0.123867355 
912 135 9 10 0.12369187 
169 160 7 10 0.123645686 
949 77 7 10 0.123635955 
440 23 8 10 0.123508565 
410 192 8 11 0.12312101 
207 39 8 10 0.12267512 
303 135 8 10 0.12234712 
535 263 12 15 0.121388115 
76 525 11 14 0.12108597 
909 158 8 11 0.12078229 
992 167 10 13 0.12064577 
553 46 8 10 0.12043971 
410 80 7 10 0.1196386 
545 103 7 9 0.119348854 
569 215 8 11 0.11903441 
558 231 9 11 0.118995294 
814 230 8 10 0.118873395 
554 87 8 9 0.11861154 
863 192 8 10 0.11852005 
374 8 8 9 0.11828551 
496 117 8 11 0.118250094 
164 563 15 18 0.117616385 
510 197 9 12 0.117526725 
412 172 10 12 0.11745746 
286 137 8 10 0.11699095 
263 142 7 9 0.11687151 
536 181 7 10 0.116195574 
922 151 9 11 0.116059534 
831 103 10 12 0.11589103 
400 166 8 11 0.115817085 
334 605 15 18 0.11579501 
900 436 13 16 0.1151339 
919 191 9 10 0.1150579 
639 73 7 9 0.11493644 
426 184 8 10 0.11479365 
350 105 7 9 0.11476124 
812 566 15 20 0.114244506 
437 196 8 11 0.114110045 
193 144 8 10 0.11391027 
225 80 7 9 0.113502994 
774 172 8 10 0.11310691 
641 95 8 11 0.11300468 
335 125 8 10 0.112948745 
525 204 9 11 0.11291399 
351 132 7 10 0.112058215 
336 143 8 10 0.11205026 
537 119 7 8 0.11203982 
280 191 7 8 0.11202206 
153 134 8 10 0.1118258 
494 143 9 10 0.11130756 
428 119 9 11 0.110970676 
586 165 9 11 0.11034632 
943 446 9 13 0.10842169 
921 197 9 12 0.10807206 
353 15 7 9 0.10803015 
500 217 10 11 0.10650307 
303 65 6 8 0.10646362 
599 78 7 10 0.10645395 
874 110 8 11 0.10624611 
383 86 8 10 0.106136404 
606 174 8 10 0.10601719 
157 174 7 10 0.10570554 
943 140 9 11 0.105346404 
6 99 11 13 0.10530278 
952 562 13 21 0.105198324 
94 62 7 9 0.10505716 
296 109 8 9 0.10415624 
142 151 8 10 0.103420414 
129 56 8 10 0.10311647 
384 23 7 10 0.10289024 
680 63 7 9 0.10254546 
680 94 10 12 0.10213467 
281 80 8 10 0.10211197 
1014 71 8 11 0.102084205 
197 134 7 10 0.1020677 
840 145 7 10 0.10195206 
433 196 9 12 0.10186258 
66 87 8 10 0.10142914 
129 119 8 10 0.10026731 
663 8 7 8 0.10024561 
646 95 9 11 0.10014434 
440 128 9 11 0.09993973 
744 30 7 9 0.099717714 
478 121 8 9 0.09947139 
624 181 8 9 0.09898917 
248 152 7 9 0.09889044 
661 70 9 11 0.09868934 
614 113 7 9 0.098657705 
457 40 8 10 0.09850414 
904 151 10 12 0.09848245 
688 128 9 11 0.098312095 
606 57 7 9 0.09806781 
607 183 8 11 0.0976571 
663 55 7 9 0.097434044 
625 86 8 11 0.09741689 
389 630 16 20 0.09741048 
256 79 8 10 0.096900895 
1000 468 11 14 0.096676365 
681 134 8 10 0.095387645 
945 136 8 10 0.09510267 
343 181 8 10 0.09505431 
809 577 18 21 0.09503448 
31 90 7 10 0.09502245 
80 62 7 10 0.09462095 
81 571 18 23 0.09425339 
585 183 8 11 0.094233304 
608 118 8 9 0.09366019 
550 160 8 11 0.09269686 
382 111 8 10 0.09269148 
237 14 8 10 0.0920781 
736 81 8 10 0.092013635 
535 48 7 9 0.09182261 
760 22 7 9 0.09165384 
469 213 9 11 0.09154879 
451 205 11 12 0.09136829 
221 111 9 10 0.09099748 
679 7 7 9 0.09066808 
430 134 7 9 0.090524174 
414 165 10 13 0.09050157 
255 87 7 8 0.09034637 
602 61 7 9 0.09027497 
609 215 8 11 0.09021225 
477 88 7 9 0.08997993 
426 77 9 11 0.08986324 
85 96 9 10 0.089790806 
702 238 8 10 0.08955567 
505 126 7 9 0.08917189 
390 21 9 11 0.089022055 
488 269 10 13 0.08895692 
629 57 7 9 0.08843906 
255 183 7 9 0.088425525 
39 56 7 10 0.08835556 
241 132 9 11 0.08795046 
457 120 8 9 0.08765982 
837 104 9 11 0.087657705 
510 151 7 9 0.08747246 
747 214 12 15 0.08732792 
590 216 7 9 0.086915866 
353 64 6 8 0.086514115 
528 151 6 9 0.08633118 
294 121 7 9 0.08618931 
697 207 7 10 0.085798405 
1011 478 11 15 0.085618004 
576 46 8 9 0.08521117 
359 15 8 9 0.08519833 
995 697 26 34 0.08436529 
91 555 13 18 0.08431421 
136 104 8 10 0.08408915 
135 56 7 9 0.08384371 
264 103 6 8 0.08384159 
688 102 8 10 0.08378212 
879 127 9 12 0.083738685 
655 238 8 10 0.08365849 
496 111 7 10 0.08355623 
398 182 9 12 0.083466284 
488 199 8 11 0.083421506 
585 213 8 10 0.08338871 
129 140 8 11 0.08335555 
104 103 9 11 0.083285116 
313 104 7 9 0.08321009 
218 184 6 9 0.08315502 
319 148 9 11 0.083073296 
680 87 7 9 0.08271511 
914 116 9 10 0.08261265 
999 101 8 10 0.0823587 
593 87 7 9 0.08215695 
168 143 9 10 0.08200281 
879 166 8 11 0.08178625 
488 150 9 12 0.08161202 
207 102 8 10 0.08161141 
456 180 8 11 0.08157015 
478 189 10 12 0.081394255 
263 111 7 8 0.08138253 
656 76 8 9 0.08105177 
909 199 10 12 0.08099992 
415 40 7 8 0.080959305 
610 114 7 8 0.08094569 
99 181 9 12 0.080776595 
702 55 9 10 0.0807045 
678 142 10 11 0.08066829 
629 151 8 11 0.08056685 
625 220 8 10 0.0803627 
57 158 7 10 0.08019233 
246 128 7 10 0.08012016 
471 199 10 12 0.079842195 
409 41 6 9 0.079825714 
234 70 7 10 0.07962268 
945 73 8 9 0.079441264 
861 104 8 10 0.079342864 
407 86 8 10 0.07933573 
31 57 8 10 0.07927011 
376 55 7 9 0.07901641 
597 351 11 14 0.07894515 
304 94 6 9 0.07888284 
735 63 7 9 0.07858381 
414 62 8 10 0.078544706 
916 222 10 12 0.07851774 
359 61 7 10 0.07840794 
303 70 6 8 0.078073114 
176 112 7 10 0.077695094 
121 95 7 9 0.07768346 
558 95 7 10 0.077585794 
670 167 10 12 0.07744633 
447 140 7 9 0.0771757 
593 49 6 8 0.077140786 
560 120 8 10 0.07708984 
131 158 7 9 0.07686702 
678 80 7 9 0.0768357 
854 94 8 9 0.07682445 
152 88 7 9 0.076725446 
224 28 8 10 0.07667495 
47 87 8 10 0.07664367 
615 45 7 9 0.076550946 
456 96 7 10 0.0763065 
480 24 8 10 0.07595512 
19 517 13 18 0.075942576 
246 105 8 9 0.07583465 
520 260 9 11 0.07565547 
297 142 7 9 0.0752168 
543 158 8 11 0.07513631 
142 54 8 10 0.07507878 
96 8 8 10 0.074989714 
168 135 8 10 0.07481164 
647 117 9 11 0.074781686 
951 11 9 12 0.07458957 
697 54 7 10 0.07454574 
634 39 7 9 0.07452915 
302 37 8 10 0.07422918 
402 92 6 9 0.07409192 
646 112 9 11 0.0737247 
87 85 8 10 0.07343184 
674 157 8 10 0.07327461 
256 176 6 8 0.07319274 
945 13 8 10 0.07313097 
159 89 7 9 0.07305173 
678 150 10 12 0.073011465 
848 118 9 10 0.07295048 
519 119 8 10 0.07293656 
201 96 7 9 0.07293569 
238 184 7 9 0.07285159 
175 127 8 9 0.07271604 
114 167 8 11 0.07260974 
0 682 13 21 0.072585285 
359 119 8 10 0.07257657 
158 15 8 9 0.07232516 
70 137 8 9 0.07231897 
992 87 9 10 0.07226892 
271 72 8 10 0.072101764 
61 622 27 31 0.07209469 
668 172 10 12 0.07178377 
230 149 8 11 0.07176768 
727 189 8 11 0.07173784 
710 85 8 10 0.0715616 
878 110 9 11 0.07148427 
384 79 8 10 0.07120664 
209 142 7 9 0.07120174 
129 47 7 8 0.071193956 
438 173 8 10 0.071056545 
520 96 8 10 0.07097275 
704 62 7 9 0.07095063 
609 40 7 9 0.070835076 
233 169 7 9 0.07073392 
474 121 8 10 0.070289135 
544 166 8 9 0.07020121 
56 23 7 9 0.07000825 
559 222 8 10 0.0697567 
589 160 9 11 0.06975007 
795 64 8 10 0.06972364 
493 137 9 9 0.069663286 
239 117 7 9 0.06937187 
358 183 9 10 0.069327705 
159 148 7 10 0.06916703 
752 157 11 12 0.06900394 
378 39 7 9 0.06899875 
473 48 7 8 0.068923995 
279 113 7 8 0.068916194 
189 119 8 10 0.06888398 
542 175 9 12 0.06878295 
158 128 7 10 0.06869001 
240 113 7 10 0.06860818 
536 220 9 12 0.06849377 
538 152 8 11 0.06841916 
473 125 8 11 0.0683211 
321 9 8 9 0.06810086 
552 120 7 10 0.06803014 
822 31 7 10 0.067789644 
46 121 8 11 0.06754695 
640 112 8 10 0.06742444 
608 144 9 11 0.067054406 
649 245 9 11 0.066982545 
632 7 7 8 0.066975355 
945 8 9 11 0.066896245 
201 167 8 9 0.066810906 
334 121 9 10 0.06671245 
751 271 7 10 0.06665539 
152 38 7 9 0.06656088 
647 153 8 9 0.066522986 
648 240 9 11 0.06635375 
465 214 9 11 0.066346474 
161 60 8 11 0.06628988 
455 101 8 10 0.06623903 
352 40 7 10 0.06612617 
511 143 8 11 0.06592341 
168 166 9 11 0.06591955 
551 231 10 11 0.065496475 
567 47 7 10 0.06549272 
118 71 8 11 0.06545248 
919 168 11 12 0.06543582 
961 159 9 11 0.06537414 
641 117 8 10 0.06532398 
765 86 8 10 0.065315746 
980 641 17 23 0.0651673 
233 128 7 9 0.06510812 
690 110 9 12 0.06501927 
415 159 8 11 0.064892255 
919 185 9 10 0.064756975 
328 119 8 11 0.06470244 
662 105 8 10 0.0646286 
993 525 24 30 0.06443298 
128 60 8 10 0.06414815 
473 191 9 11 0.06408011 
937 166 9 12 0.06388184 
932 133 11 13 0.06387876 
904 80 8 10 0.06384725 
849 94 8 9 0.06380211 
949 136 8 11 0.06365284 
975 22 8 9 0.0635712 
913 111 8 11 0.06355631 
517 277 13 17 0.0635492 
613 247 11 13 0.0635403 
640 77 6 9 0.063380904 
622 199 8 10 0.06335469 
13 514 14 18 0.0633525 
223 128 8 10 0.063173294 
8 615 22 29 0.062938236 
191 126 8 10 0.06289988 
447 76 11 13 0.06288563 
553 260 9 13 0.06278843 
346 105 7 9 0.0627758 
905 156 9 12 0.062721506 
377 192 7 10 0.06272128 
197 183 8 10 0.062719025 
446 182 9 11 0.06269855 
808 150 7 9 0.062639624 
528 8 9 10 0.062567405 
320 183 6 9 0.062487006 
137 174 7 10 0.06239509 
408 166 9 12 0.062332906 
48 519 10 15 0.062321577 
558 262 10 12 0.06231426 
315 193 7 9 0.06231158 
990 5 9 10 0.06223781 
695 157 9 10 0.062147617 
585 188 9 11 0.062080823 
209 61 8 10 0.06201161 
234 173 7 10 0.06200855 
893 142 8 10 0.061988104 
182 69 8 9 0.061940327 
408 45 8 10 0.061823588 
94 156 8 11 0.06180152 
881 207 8 11 0.06179884 
414 151 7 9 0.061748035 
408 30 8 9 0.061642364 
960 494 10 14 0.06164036 
544 109 8 10 0.061628528 
152 112 7 10 0.061615713 
782 9 8 9 0.061543837 
278 153 8 10 0.06147459 
854 116 9 10 0.061242033 
273 101 7 8 0.06106365 
985 167 9 12 0.06100369 
65 80 8 10 0.060734868 
690 80 8 9 0.06072647 
741 95 8 10 0.060659505 
429 125 9 11 0.06063107 
544 229 10 13 0.060599793 
299 38 7 9 0.060593683 
79 120 7 10 0.0605704 
321 121 7 9 0.06056283 
1005 441 14 18 0.060491383 
62 636 24 28 0.060473748 
106 158 8 10 0.060464762 
129 103 7 10 0.060361605 
132 587 15 19 0.060205687 
425 46 8 10 0.060121454 
1013 13 9 12 0.06007549 
934 32 9 11 0.06000703 
983 111 8 10 0.059797563 
298 70 7 10 0.059754066 
993 152 8 10 0.05971151 
157 135 8 9 0.059540395 
623 190 8 11 0.059477016 
295 104 7 10 0.059306107 
335 110 7 9 0.05922455 
1004 691 15 19 0.059171032 
927 6 9 11 0.059041698 
925 173 9 11 0.058925893 
84 561 16 23 0.05887667 
828 198 8 10 0.05887593 
327 8 7 10 0.0588689 
250 184 7 9 0.05884328 
585 174 8 10 0.058824133 
258 143 7 9 0.05870623 
384 184 8 10 0.058623847 
608 134 8 9 0.05852469 
762 81 8 9 0.058487155 
677 156 9 10 0.058354534 
680 99 10 11 0.058265854 
922 697 28 32 0.05806053 
967 146 9 12 0.05805035 
369 56 7 9 0.057966936 
199 102 9 11 0.05789487 
174 96 7 10 0.05783694 
680 231 9 11 0.05771955 
497 219 10 12 0.057476938 
575 282 12 16 0.057436205 
393 62 7 9 0.057322025 
134 143 8 11 0.05726552 
1006 111 9 11 0.057240136 
262 138 7 9 0.05722364 
670 126 9 10 0.057214588 
495 206 7 9 0.057202715 
120 7 9 11 0.057118442 
992 158 10 12 0.057062495 
695 127 9 12 0.056994107 
222 105 8 9 0.056973886 
541 222 10 12 0.056924134 
794 23 7 9 0.056790147 
887 108 8 10 0.056670614 
176 56 8 9 0.056634758 
573 214 9 11 0.056577854 
921 275 10 12 0.056509353 
694 103 7 9 0.056406796 
608 157 9 11 0.056320325 
538 274 13 16 0.056293316 
142 48 8 10 0.056283895 
646 1 9 9 0.056231488 
59 607 28 33 0.056170885 
520 63 9 10 0.056073952 
743 8 8 9 0.05597531 
495 229 13 16 0.055898886 
720 176 10 12 0.055881627 
737 14 8 9 0.055850945 
216 161 8 9 0.05573923 
818 135 8 9 0.0557019 
552 181 10 14 0.055694398 
720 63 9 11 0.055627003 
550 236 11 14 0.055606164 
407 159 9 10 0.05550175 
616 24 7 8 0.055448335 
347 109 7 10 0.055219855 
749 256 10 11 0.055204622 
654 96 7 9 0.05518777 
385 42 7 9 0.05515914 
192 94 7 10 0.055094328 
474 174 9 12 0.055040706 
647 294 8 10 0.054999292 
664 167 9 12 0.05498898 
104 108 8 11 0.05491666 
703 79 9 11 0.05488592 
27 597 17 20 0.054882314 
857 143 9 10 0.05468916 
270 62 8 9 0.05464149 
889 742 26 27 0.05459413 
471 54 8 10 0.054543447 
145 71 9 10 0.05426085 
525 71 8 9 0.054248687 
643 55 7 9 0.054233905 
880 103 8 10 0.05407489 
360 57 8 10 0.05404491 
560 206 9 11 0.0540162 
219 117 8 10 0.054010943 
541 151 8 10 0.054007683 
456 44 8 11 0.053923175 
590 8 8 8 0.05385018 
910 31 8 10 0.053837407 
87 200 9 11 0.053749397 
152 166 8 11 0.053616695 
383 189 8 10 0.05355189 
765 44 8 10 0.053473033 
648 37 7 10 0.05339902 
426 188 9 12 0.05336107 
721 189 10 12 0.053355467 
55 55 9 12 0.05330447 
552 103 7 9 0.0532717 
856 165 9 11 0.053083237 
702 41 7 8 0.05305686 
89 56 8 9 0.053032923 
391 183 8 11 0.053013064 
489 112 8 9 0.052968428 
463 30 7 9 0.0529221 
462 38 8 11 0.052905552 
303 88 7 9 0.052869998 
653 118 10 11 0.05282533 
137 70 7 10 0.052774053 
288 175 8 10 0.052765954 
369 49 7 8 0.0526079 
631 94 7 10 0.052556705 
536 176 9 12 0.052554548 
97 176 9 12 0.052524444 
858 103 8 10 0.052486923 
929 111 8 10 0.05244174 
174 158 9 10 0.052389864 
136 168 7 10 0.052386418 
782 25 6 8 0.05232264 
446 41 7 9 0.052284345 
800 222 9 11 0.052201457 
241 128 8 10 0.05219939 
328 14 7 9 0.052175414 
112 62 7 8 0.05216485 
885 127 10 12 0.05208429 
886 40 7 9 0.05207365 
814 179 10 14 0.05205898 
455 175 9 11 0.052007098 
155 92 7 10 0.05195457 
711 80 8 10 0.05179456 
727 1 8 8 0.05175457 
135 150 9 12 0.051747188 
552 126 7 8 0.051743362 
81 133 8 10 0.05172335 
674 38 7 10 0.05172147 
801 176 9 12 0.051673867 
922 498 14 17 0.051625084 
972 184 9 11 0.05161539 
488 128 7 9 0.051546086 
503 639 22 28 0.0515138 
505 191 8 11 0.05151146 
455 125 9 11 0.051476616 
815 8 8 10 0.051467165 
794 69 9 11 0.051450036 
495 183 8 10 0.051409103 
31 174 8 10 0.051375445 
598 73 8 10 0.051325586 
50 136 8 10 0.051323727 
170 32 7 8 0.051222794 
1000 77 8 10 0.05118507 
493 40 8 10 0.05110145 
661 215 8 10 0.05110103 
687 15 8 10 0.05105346 
1003 19 9 11 0.050990034 
576 116 8 10 0.0509869 
625 60 8 10 0.050890982 
73 560 21 28 0.05081465 
543 77 8 11 0.050811075 
286 80 7 9 0.050792426 
825 101 9 14 0.05069024 
214 136 9 10 0.05068735 
96 121 8 9 0.050673455 
649 126 8 10 0.05066847 
513 118 7 10 0.050661154 
525 101 7 10 0.050632823 
320 25 7 10 0.050550915 
378 112 8 11 0.050491273 
923 272 11 11 0.050443493 
328 71 8 10 0.050403297 
614 157 9 11 0.05040163 
528 261 9 12 0.05036093 
694 133 9 11 0.05031428 
151 63 7 10 0.05027826 
941 166 9 11 0.05014568 
968 82 9 11 0.05012967 
576 15 7 9 0.05011614 
513 96 7 10 0.050100733 
288 95 8 9 0.05009846 
551 255 9 12 0.050034758 
906 435 14 17 0.049994804 
15 80 7 9 0.049984306 
447 6 8 9 0.04996456 
975 108 9 12 0.049938023 
740 101 8 9 0.04992649 
553 41 8 9 0.04989108 
377 86 7 10 0.049889643 
949 716 12 17 0.049881138 
87 133 8 10 0.04981545 
797 689 15 20 0.04976666 
521 78 8 10 0.049754668 
526 65 8 9 0.049749456 
679 69 8 10 0.049519647 
0 412 7 13 0.049506277 
248 157 8 10 0.049441367 
553 95 7 9 0.04941082 
63 95 9 10 0.049398772 
985 492 28 35 0.049354054 
485 158 9 10 0.049283385 
304 168 8 10 0.049273323 
602 174 8 10 0.049252585 
648 31 8 10 0.049205802 
82 85 8 11 0.049191196 
664 157 8 10 0.049184345 
262 79 7 10 0.049177855 
542 72 8 9 0.04913655 
406 93 7 9 0.049125254 
977 3 9 12 0.04912403 
696 214 10 12 0.049094554 
660 222 9 11 0.049085274 
961 173 9 11 0.048993878 
176 79 6 8 0.0489585 
526 78 8 11 0.04895805 
656 230 9 11 0.048952956 
321 96 6 8 0.048934206 
622 72 8 10 0.04887456 
773 69 7 9 0.048593283 
494 25 8 9 0.048479434 
897 53 8 10 0.048423003 
351 200 9 12 0.04833405 
232 112 7 9 0.048301976 
974 103 9 11 0.048282593 
176 24 7 8 0.048216473 
701 111 9 11 0.048177674 
984 478 13 18 0.04816988 
313 109 8 9 0.048070937 
290 103 8 9 0.048035573 
66 135 7 10 0.047983255 
174 152 9 9 0.04797287 
345 128 8 9 0.047959533 
583 266 11 14 0.04778122 
286 86 7 10 0.047752827 
125 8 8 10 0.04774139 
647 259 10 12 0.047712926 
679 167 10 12 0.047696766 
590 244 12 14 0.047674507 
208 15 7 9 0.047648564 
657 16 7 9 0.047626078 
713 640 27 31 0.047603212 
463 219 10 12 0.04753601 
502 112 8 10 0.047505073 
342 144 8 10 0.047500215 
344 88 7 9 0.04747708 
189 166 8 10 0.04745604 
520 87 8 9 0.047394738 
537 164 8 9 0.047325995 
594 78 7 10 0.04732155 
695 72 7 9 0.047307156 
305 120 7 9 0.047293033 
479 28 9 11 0.04729226 
929 2 8 8 0.04719209 
0 120 8 14 0.047177363 
528 182 8 11 0.047161803 
121 111 7 9 0.047141172 
441 6 7 9 0.047131352 
584 46 6 9 0.04711568 
816 584 17 21 0.04710914 
238 169 8 9 0.047084477 
895 48 8 9 0.047083993 
533 7 9 10 0.04702014 
374 197 9 10 0.046919897 
440 29 8 10 0.04681988 
264 167 8 10 0.046800364 
737 9 8 8 0.046755537 
857 159 8 10 0.046721853 
26 93 8 11 0.046681456 
525 96 8 11 0.04668101 
240 88 7 9 0.046677656 
705 87 8 9 0.046672545 
624 17 8 10 0.046653494 
822 145 7 9 0.0466345 
494 149 8 11 0.046607863 
796 585 13 17 0.046606924 
883 523 14 17 0.046598915 
526 12 8 10 0.046571616 
953 150 9 12 0.04657083 
306 128 8 9 0.046539318 
674 118 9 10 0.046512242 
385 73 7 9 0.046419624 
254 63 8 9 0.04641363 
737 234 10 12 0.04640198 
942 31 9 10 0.046399735 
663 63 8 9 0.04639924 
597 112 7 9 0.046373103 
71 151 9 11 0.046364862 
911 166 9 11 0.046343256 
720 7 7 8 0.046260912 
482 158 7 10 0.04622456 
111 16 8 10 0.046211928 
943 740 24 27 0.046198014 
238 174 7 9 0.046180267 
863 24 8 10 0.0461302 
489 142 9 11 0.046101607 
801 32 7 9 0.046063624 
269 56 8 9 0.046026237 
69 567 14 20 0.04600204 
959 151 9 11 0.045878172 
801 14 8 10 0.0458452 
933 22 9 10 0.045765925 
655 112 8 9 0.04566112 
512 261 9 11 0.04562737 
705 71 8 9 0.045626044 
582 207 9 11 0.04562325 
246 110 9 11 0.045570377 
543 120 8 9 0.045562383 
617 128 7 9 0.045524944 
917 608 27 31 0.045518048 
845 167 9 11 0.0455039 
365 167 8 10 0.04549425 
798 730 23 30 0.045486633 
953 28 8 11 0.045454536 
782 143 7 10 0.04526529 
423 15 8 10 0.045242343 
24 158 8 10 0.04524156 
682 14 7 10 0.045161936 
41 88 8 10 0.045139406 
945 54 8 10 0.045134556 
614 144 8 10 0.04509921 
267 63 7 9 0.044948652 
645 5 9 10 0.04492883 
240 32 8 10 0.044922136 
543 133 7 9 0.044907175 
552 65 8 9 0.044866525 
147 64 7 8 0.044865996 
994 93 9 12 0.044848435 
885 239 10 12 0.044839058 
88 165 8 10 0.044836488 
126 95 7 9 0.044798743 
407 143 10 11 0.04462024 
618 72 7 9 0.044575743 
72 2 8 8 0.044549905 
495 96 8 10 0.044531673 
998 94 10 12 0.04440943 
325 31 7 9 0.044406276 
25 142 9 11 0.04437382 
174 175 7 9 0.044367563 
448 219 10 12 0.044338394 
806 177 9 11 0.044330675 
652 159 10 11 0.044320785 
1007 87 10 13 0.04431332 
613 236 9 11 0.044288013 
223 168 7 9 0.04423555 
423 8 7 9 0.044221308 
920 493 12 17 0.044165358 
721 1 8 8 0.044139765 
329 125 8 10 0.04412818 
360 172 9 10 0.04410802 
583 72 9 10 0.04402183 
617 206 8 9 0.043974396 
409 150 8 10 0.043953996 
512 86 7 10 0.04394496 
808 145 7 9 0.0438991 
953 102 9 10 0.04388491 
895 96 8 11 0.043832038 
295 56 7 8 0.043737788 
485 246 9 12 0.043705225 
273 119 8 10 0.04369178 
608 127 7 9 0.04363931 
850 113 8 10 0.043624762 
447 16 7 8 0.04357955 
784 173 9 12 0.043559086 
685 96 9 10 0.043552686 
920 12 9 11 0.043504536 
335 174 9 11 0.043433316 
695 229 10 12 0.043422293 
251 80 7 9 0.043408487 
93 57 8 9 0.043402135 
607 197 8 10 0.043398906 
936 54 7 9 0.04336311 
947 183 7 11 0.043320008 
527 174 9 11 0.043276276 
453 71 9 11 0.043256145 
442 16 7 9 0.043229915 
408 128 10 12 0.043190245 
845 126 8 10 0.043148555 
678 216 8 11 0.04311211 
781 181 10 13 0.043033063 
1007 190 8 11 0.04289912 
519 110 7 10 0.04285309 
935 38 9 9 0.042791527 
809 734 19 23 0.042746015 
377 29 7 9 0.042741623 
318 137 9 10 0.042690583 
822 118 8 11 0.042671233 
254 200 8 10 0.042670492 
749 261 8 11 0.04264688 
609 93 7 10 0.042543072 
346 134 8 9 0.042418186 
870 145 8 10 0.042408824 
170 174 8 9 0.042406853 
660 139 9 11 0.042406 
665 88 8 9 0.04238122 
861 109 9 11 0.042307787 
894 101 8 11 0.042253114 
925 198 9 12 0.042240247 
957 24 9 11 0.04214035 
197 143 7 9 0.042128813 
623 31 7 9 0.04204534 
631 80 8 10 0.042026736 
519 200 9 12 0.04201892 
174 30 7 9 0.042007063 
575 41 8 9 0.04198738 
113 120 7 9 0.041965343 
498 172 9 11 0.041940045 
518 272 11 14 0.04191101 
431 159 8 10 0.041908972 
462 96 8 9 0.041805517 
702 208 9 11 0.04176267 
70 6 9 10 0.04175838 
192 206 7 9 0.041722108 
912 104 7 9 0.04168324 
867 630 19 23 0.04159131 
543 87 7 9 0.041567434 
584 78 7 9 0.04154988 
713 102 9 10 0.041525576 
713 16 7 10 0.04146726 
401 308 10 13 0.041464243 
752 94 8 10 0.04141735 
165 72 9 10 0.04140962 
463 23 7 9 0.041223902 
412 244 10 12 0.04121163 
614 41 7 9 0.04120181 
854 284 8 11 0.04119709 
423 85 9 11 0.041167043 
968 31 8 10 0.04113983 
226 149 9 10 0.04109101 
114 185 7 9 0.04108046 
920 156 10 10 0.04107318 
494 200 7 11 0.04103321 
383 45 8 10 0.041013375 
551 175 9 12 0.041003563 
465 207 9 11 0.040963206 
177 16 6 8 0.040955096 
751 139 10 12 0.04092419 
81 79 8 11 0.040830415 
908 540 12 17 0.040777843 
704 94 8 10 0.040775012 
808 679 23 31 0.040771782 
254 56 7 9 0.04071193 
527 119 7 9 0.040698305 
198 108 9 12 0.040679663 
892 522 12 16 0.04066318 
306 650 23 32 0.040587142 
888 45 7 10 0.040545713 
249 86 8 9 0.040516578 
319 203 11 13 0.040491488 
608 81 8 9 0.04042912 
720 15 7 10 0.040426455 
897 118 10 11 0.040418863 
756 155 12 13 0.040408902 
74 126 8 9 0.04038724 
625 39 6 9 0.04026209 
369 87 7 9 0.040261265 
869 149 9 11 0.040240925 
835 682 16 21 0.040220417 
158 22 7 8 0.04015205 
912 215 10 13 0.040125035 
678 38 8 11 0.040114973 
920 239 9 12 0.040105674 
696 15 7 10 0.0400022 
215 56 7 9 0.039936025 
575 208 9 11 0.03992762 
112 21 8 11 0.039925523 
526 86 8 10 0.039922982 
119 119 8 10 0.039921332 
334 15 8 9 0.03985126 
62 604 14 19 0.039813213 
754 16 7 9 0.03977941 
754 23 7 9 0.03974144 
344 63 8 10 0.03967696 
945 242 10 14 0.03963325 
216 14 7 9 0.03959837 
405 6 9 10 0.039552886 
884 496 23 26 0.039550386 
130 24 7 9 0.039527703 
607 168 8 10 0.0395132 
862 143 9 11 0.039511517 
542 127 8 9 0.03949652 
218 166 8 10 0.039457195 
590 174 8 10 0.039419316 
369 80 7 9 0.039404664 
255 112 8 10 0.03928024 
721 41 6 8 0.039234262 
142 174 7 10 0.03921402 
145 76 7 10 0.03913393 
158 168 8 10 0.039108258 
632 209 7 9 0.039081156 
1006 104 9 10 0.038956214 
314 31 6 9 0.038915087 
825 286 9 12 0.03889132 
615 7 7 8 0.038858816 
320 63 7 9 0.038823225 
767 150 9 12 0.038735814 
368 62 7 9 0.03873394 
126 594 16 19 0.03870178 
399 16 7 9 0.03870111 
366 127 8 9 0.03863774 
779 24 7 8 0.03863109 
216 128 8 9 0.038629122 
251 71 7 10 0.03862676 
933 126 10 12 0.038600277 
949 1 8 9 0.038596615 
942 161 8 10 0.038561195 
423 159 8 9 0.03847978 
512 135 8 10 0.0384578 
510 72 7 9 0.038435128 
142 104 7 10 0.038434133 
193 176 7 8 0.038426038 
641 175 9 11 0.038400073 
974 119 8 10 0.038343474 
162 70 8 11 0.038335405 
729 87 7 9 0.03833041 
391 29 8 10 0.038275503 
80 23 8 10 0.03825961 
880 63 8 9 0.038250543 
952 96 9 11 0.038248852 
734 111 11 13 0.03819978 
934 583 24 28 0.03815158 
240 37 8 11 0.038061775 
862 119 8 10 0.037995424 
881 46 9 11 0.037980646 
519 22 9 10 0.037978485 
535 52 8 10 0.03795001 
672 70 7 10 0.037918266 
111 192 8 11 0.03788961 
934 185 9 10 0.0378827 
624 166 8 10 0.037860297 
997 151 9 11 0.037840087 
911 45 8 11 0.03780732 
104 71 8 11 0.037783034 
502 118 8 11 0.037726477 
957 96 8 9 0.03772614 
894 150 9 11 0.037723254 
479 111 7 8 0.03768484 
761 41 9 10 0.037657235 
200 191 8 10 0.03739202 
711 70 7 9 0.037369113 
207 127 8 10 0.037353653 
298 63 7 10 0.037324253 
354 121 7 10 0.03730178 
241 102 8 10 0.037280038 
463 101 8 10 0.037252847 
169 150 8 10 0.037239816 
28 116 10 11 0.03716981 
879 174 8 10 0.037132286 
263 185 7 8 0.037121132 
567 79 8 9 0.037080564 
519 1 8 8 0.037066 
359 86 7 10 0.037062533 
992 490 16 20 0.037041727 
887 214 7 10 0.037031434 
935 7 9 10 0.037002966 
440 76 10 12 0.036991227 
39 185 9 11 0.03698041 
758 17 7 9 0.036958512 
313 160 8 10 0.036957797 
90 158 8 11 0.036938842 
355 654 19 23 0.036934447 
7 509 12 16 0.036883615 
400 104 8 12 0.036872234 
111 56 7 9 0.036870636 
104 191 9 11 0.036870036 
782 29 7 9 0.036864296 
823 109 9 11 0.036857616 
616 133 8 10 0.036781207 
103 167 9 10 0.036770057 
298 33 8 10 0.036741298 
591 206 8 10 0.036721785 
816 271 9 12 0.03668398 
298 87 7 10 0.036643825 
360 31 8 9 0.036643732 
184 119 9 10 0.036639143 
297 79 8 10 0.03663893 
862 620 21 26 0.0366264 
328 88 7 9 0.03661886 
519 175 8 11 0.036607027 
59 125 8 10 0.03659653 
895 603 53 50 0.03656885 
879 87 8 10 0.036567736 
608 15 7 8 0.036532834 
982 126 8 10 0.036496047 
469 159 7 9 0.036460865 
150 77 7 10 0.03642215 
672 6 7 9 0.036355916 
104 532 12 18 0.036347795 
911 38 8 10 0.036297016 
674 79 7 10 0.036288466 
887 96 8 10 0.036264375 
423 29 8 9 0.036244348 
358 136 19 25 0.036213584 
230 80 8 9 0.036199603 
189 160 9 11 0.036174543 
615 30 7 8 0.03616658 
174 48 8 9 0.036088403 
558 39 7 10 0.036072478 
254 71 8 10 0.036063943 
633 110 8 10 0.036050808 
878 116 8 10 0.036045052 
302 79 8 10 0.036041692 
498 233 15 17 0.036031332 
222 133 8 10 0.036006153 
352 182 8 10 0.035979774 
767 94 8 11 0.0359749 
40 149 8 10 0.035941698 
446 237 10 12 0.035914723 
377 183 9 10 0.03590411 
829 278 10 12 0.035894893 
990 508 25 34 0.03589274 
934 118 8 10 0.0358811 
559 111 7 8 0.035809867 
715 137 11 14 0.035790626 
543 96 7 9 0.03578556 
570 144 8 11 0.035742953 
537 126 8 9 0.035705253 
26 88 8 10 0.03567242 
652 175 8 11 0.035662457 
3 624 16 22 0.03563964 
560 125 7 9 0.035637345 
893 196 11 14 0.035631463 
310 127 8 9 0.035614688 
439 238 9 12 0.035614163 
272 90 7 8 0.03561102 
457 23 7 9 0.03558969 
384 93 9 10 0.03557717 
192 149 8 9 0.035564665 
250 7 8 10 0.035551757 
409 61 9 10 0.035486404 
503 160 8 10 0.035475235 
176 118 8 10 0.035443597 
696 48 8 10 0.035442486 
935 15 9 9 0.035430603 
1013 343 9 13 0.035425212 
32 135 8 11 0.03541475 
234 65 7 9 0.035387766 
47 93 8 10 0.035362132 
567 219 9 11 0.03535173 
895 286 12 14 0.03533309 
496 88 7 9 0.035319697 
769 172 9 11 0.03530715 
623 22 7 9 0.035262622 
585 63 7 9 0.0352561 
641 23 7 8 0.03523144 
385 103 8 10 0.035214618 
39 516 11 14 0.0352005 
751 88 7 9 0.03515788 
1015 257 9 14 0.035157364 
774 113 8 10 0.03510017 
70 142 8 10 0.03503615 
314 149 8 10 0.0350245 
543 213 9 12 0.035024215 
586 228 9 12 0.035021923 
615 94 7 10 0.035001058 
145 128 7 9 0.034999758 
881 96 8 9 0.034988437 
738 24 7 9 0.03496103 
641 181 8 10 0.03495194 
128 111 7 9 0.034940872 
926 72 7 9 0.034918707 
422 166 9 11 0.034848798 
311 120 7 9 0.034842473 
623 128 7 10 0.034807425 
378 117 8 10 0.034785632 
858 175 8 11 0.034725346 
662 48 8 9 0.034662243 
639 167 7 10 0.034614168 
965 486 11 14 0.034582824 
712 128 9 10 0.034509912 
59 525 12 17 0.03450979 
551 201 8 9 0.034492657 
167 77 8 9 0.03447235 
367 135 8 10 0.034460958 
281 65 8 9 0.034459375 
802 8 7 10 0.034453265 
477 196 10 13 0.034447175 
698 39 7 8 0.034399133 
638 39 8 10 0.0343732 
833 167 8 11 0.03434117 
383 7 8 9 0.03429344 
1012 487 12 16 0.0342858 
201 62 7 9 0.034270976 
318 103 8 10 0.034180205 
213 141 9 11 0.034155283 
198 176 8 8 0.03413506 
586 8 7 9 0.034133803 
433 22 7 9 0.03408268 
634 45 7 9 0.034042988 
672 87 7 10 0.034039006 
863 218 9 10 0.033970445 
293 125 8 9 0.033962257 
974 744 27 25 0.0339526 
376 46 8 10 0.033948176 
418 23 7 10 0.033947907 
567 127 7 9 0.033916283 
287 158 7 9 0.03390327 
1004 164 9 12 0.03385857 
749 1 8 9 0.033797976 
630 176 7 10 0.033726536 
568 173 8 11 0.033654146 
194 103 7 10 0.03356337 
528 2 9 8 0.03355898 
596 228 11 12 0.033519026 
912 182 9 11 0.033510633 
936 171 9 12 0.03348964 
694 201 8 10 0.033486236 
839 181 8 11 0.033460654 
206 120 9 10 0.03345846 
2 96 9 13 0.033453092 
177 70 8 10 0.033451725 
127 40 8 9 0.033376187 
459 30 7 10 0.033349935 
472 40 7 9 0.03334288 
329 103 8 10 0.03334205 
366 183 7 9 0.033336055 
538 87 7 9 0.03333549 
917 135 8 11 0.03330675 
637 215 8 11 0.033243094 
741 229 12 15 0.03323899 
154 181 8 10 0.033229932 
893 158 9 11 0.033204712 
752 277 8 11 0.033198774 
655 128 8 9 0.033161756 
222 184 6 9 0.03316038 
535 64 9 10 0.033154633 
825 96 8 11 0.033133313 
32 168 8 9 0.033079285 
640 272 8 11 0.033077795 
154 150 7 10 0.033062432 
351 70 7 10 0.03304923 
639 142 8 11 0.0330478 
777 7 9 10 0.03304244 
160 99 9 11 0.033032384 
142 144 9 11 0.033008374 
65 8 8 11 0.033000264 
510 127 7 9 0.03299829 
897 179 9 11 0.03298875 
160 568 19 24 0.032976963 
79 183 8 10 0.032941893 
872 64 7 9 0.03290367 
971 215 38 49 0.03288281 
632 199 7 9 0.032852303 
304 183 7 10 0.03285097 
662 14 8 10 0.032833476 
542 256 11 13 0.03282501 
280 184 8 10 0.032777674 
250 55 7 9 0.03277072 
88 109 8 10 0.032766536 
936 159 9 12 0.03273998 
200 87 7 9 0.03272132 
103 22 8 10 0.032719284 
352 86 7 10 0.03271106 
137 15 7 9 0.032702353 
873 104 8 10 0.032695927 
426 133 8 10 0.03268907 
511 29 8 10 0.03268369 
521 9 9 10 0.032659564 
207 160 7 9 0.032628253 
538 204 8 10 0.03261512 
439 72 9 10 0.032609295 
511 79 8 10 0.032599486 
287 181 8 11 0.03258781 
489 87 8 10 0.032582194 
862 742 21 28 0.03257122 
798 677 16 19 0.03254503 
927 183 8 11 0.032514308 
89 128 9 11 0.032440193 
296 150 9 10 0.032421596 
525 256 10 13 0.03240915 
672 63 8 10 0.032401495 
925 155 9 12 0.03237588 
424 196 10 12 0.03235736 
901 173 10 12 0.032316808 
503 87 8 10 0.03231351 
104 152 10 12 0.032282207 
745 1 8 8 0.03221418 
807 14 7 10 0.03219043 
250 189 8 9 0.032183956 
524 228 9 11 0.03215885 
784 12 7 10 0.032150853 
312 134 8 10 0.032128736 
906 143 9 10 0.032062564 
600 168 8 10 0.032062158 
735 1 7 7 0.032048568 
991 704 16 21 0.03202117 
1003 480 20 25 0.03200608 
315 197 9 10 0.031985965 
-1 677 24 31 0.03197945 
56 176 8 11 0.03197381 
81 70 7 10 0.031940944 
696 84 7 10 0.03192563 
35 586 15 17 0.031886492 
536 113 7 9 0.031882033 
657 103 7 9 0.031877115 
888 192 8 11 0.031866107 
938 445 10 13 0.031854384 
600 207 9 11 0.03184545 
544 236 12 14 0.0318133 
312 72 7 8 0.031800922 
430 152 8 10 0.031775378 
587 56 7 9 0.03176253 
479 80 7 9 0.031757325 
814 13 8 9 0.0317082 
624 80 9 10 0.031685755 
50 24 6 9 0.031668324 
329 167 9 11 0.03165889 
791 127 9 11 0.031612698 
885 206 9 12 0.031612463 
238 95 8 9 0.03157485 
537 96 8 9 0.031537954 
567 198 9 11 0.031517126 
64 142 9 10 0.031497613 
615 87 8 10 0.031420037 
321 14 7 9 0.031393737 
206 96 8 9 0.0313575 
591 39 7 8 0.031346403 
160 48 6 8 0.03133541 
954 745 20 23 0.031328972 
750 6 7 9 0.031317763 
646 87 8 10 0.031316105 
345 15 7 9 0.03131206 
447 62 7 9 0.031296913 
599 102 8 10 0.03128156 
552 223 9 12 0.03124236 
875 748 16 21 0.03117825 
466 142 7 10 0.03117324 
557 254 12 14 0.031163087 
753 183 9 11 0.031162383 
625 92 8 11 0.031149428 
734 198 9 11 0.031121239 
925 167 10 12 0.03110683 
614 166 8 10 0.031095948 
558 79 10 11 0.03107919 
121 33 6 8 0.031028472 
467 136 7 9 0.031021392 
886 517 12 14 0.030995034 
743 26 7 8 0.030969026 
115 537 14 17 0.030945709 
885 536 14 20 0.030915765 
570 94 7 9 0.030894414 
673 95 7 10 0.03089319 
399 23 7 9 0.03086397 
512 0 8 9 0.030849185 
697 9 8 9 0.030849062 
71 120 9 10 0.030814877 
568 134 7 9 0.030814158 
687 215 9 11 0.030800393 
1003 514 15 18 0.030798513 
969 109 8 11 0.030787414 
638 46 8 9 0.030776912 
884 517 23 28 0.030772539 
121 89 6 9 0.030769514 
641 87 8 10 0.030737579 
200 214 7 10 0.030731643 
170 112 7 10 0.03070846 
943 198 8 11 0.03069248 
453 219 10 12 0.030678255 
69 94 7 9 0.03062368 
318 166 8 10 0.030596856 
175 134 8 10 0.030562647 
273 112 7 9 0.030515207 
205 0 10 10 0.030483518 
229 25 8 10 0.030481722 
664 153 8 9 0.030462759 
386 16 7 9 0.030441308 
199 128 7 10 0.030430136 
144 110 7 9 0.030408254 
804 66 9 12 0.030389562 
4 164 11 14 0.030385897 
152 119 8 9 0.030309547 
592 105 7 9 0.030287188 
540 281 12 16 0.030286333 
896 111 8 10 0.030271169 
880 160 9 11 0.030244697 
183 16 7 8 0.03023811 
566 120 8 9 0.03022875 
946 190 7 10 0.030227521 
493 654 17 21 0.030214176 
588 135 7 9 0.03021302 
742 110 9 12 0.030197114 
953 109 10 12 0.030179316 
455 151 8 11 0.030142507 
944 23 8 10 0.030132882 
313 47 7 9 0.030104076 
360 23 7 8 0.030054988 
110 103 8 10 0.030006414 
710 189 10 11 0.029994054 
936 47 8 10 0.029989474 
702 212 10 13 0.029973298 
949 206 9 11 0.029970687 
513 111 8 10 0.029956624 
753 188 10 12 0.029936675 
95 80 8 10 0.029874241 
814 188 8 11 0.029866653 
62 159 7 9 0.029862335 
657 64 8 10 0.029848108 
398 70 8 11 0.029841 
608 221 8 11 0.029832875 
847 279 12 14 0.029831992 
604 349 11 15 0.029829923 
144 168 8 9 0.02979738 
902 213 10 12 0.029789463 
36 596 13 17 0.029773137 
570 87 8 10 0.029720189 
489 7 8 9 0.029717889 
351 79 8 10 0.029714739 
134 121 7 9 0.02970911 
504 145 8 11 0.029705632 
441 119 9 10 0.029700795 
818 149 7 11 0.029686967 
0 715 13 21 0.029659456 
463 16 7 8 0.029649388 
225 48 7 8 0.029640906 
749 682 25 29 0.029634811 
648 163 10 12 0.029625604 
330 172 9 11 0.029616063 
351 2 8 7 0.029616056 
279 118 7 9 0.029596986 
814 225 8 10 0.02957277 
537 145 8 9 0.029564384 
834 131 8 11 0.029557196 
39 144 8 10 0.02955662 
1013 85 10 13 0.029552044 
857 22 10 12 0.029545723 
134 61 7 9 0.02953501 
701 128 9 10 0.029517768 
7 107 10 12 0.029496137 
1015 166 9 13 0.029487228 
225 72 7 9 0.029481497 
1005 276 9 11 0.029463781 
869 224 8 10 0.029426664 
910 175 8 10 0.029384363 
401 159 9 11 0.02935611 
733 263 8 10 0.029331794 
760 278 8 10 0.029297978 
112 88 6 8 0.029242208 
543 145 7 9 0.02921574 
305 173 8 11 0.029204452 
408 55 8 10 0.029162413 
933 606 25 31 0.02912783 
504 94 7 10 0.029104382 
329 112 7 9 0.029084282 
857 150 9 11 0.02906407 
824 0 8 9 0.029058857 
737 31 8 9 0.029030858 
786 603 15 16 0.029019201 
528 135 8 9 0.029010369 
609 23 7 9 0.028975626 
231 47 7 9 0.028964408 
222 93 9 10 0.02895745 
681 24 7 8 0.028818453 
749 209 11 12 0.028780827 
423 41 8 10 0.028772574 
927 240 9 12 0.028741028 
759 6 8 9 0.028697137 
563 260 12 14 0.028695313 
488 119 8 10 0.0286376 
601 184 8 11 0.028633473 
832 1 10 11 0.028628282 
918 45 9 12 0.028621068 
981 224 11 13 0.028616527 
743 212 20 24 0.028613083 
840 190 9 11 0.02859489 
926 190 8 10 0.028594717 
606 208 8 10 0.028567366 
304 719 43 47 0.028487984 
406 15 8 9 0.028479759 
680 57 7 8 0.02847183 
877 523 23 28 0.028467793 
335 95 9 10 0.02845975 
143 14 7 9 0.028428417 
418 7 7 8 0.028424893 
537 71 10 11 0.028419457 
165 62 7 9 0.028413545 
136 78 8 10 0.028402865 
969 103 9 11 0.02839575 
185 174 7 9 0.028394936 
471 166 8 10 0.028385058 
25 111 9 12 0.028380685 
0 465 10 16 0.028369917 
655 38 7 9 0.028365938 
223 87 9 11 0.028359516 
158 113 8 9 0.028352309 
17 617 22 29 0.028304238 
817 144 7 10 0.02828783 
533 2 9 8 0.028287087 
942 440 9 11 0.028257482 
488 23 8 10 0.028238928 
567 61 7 9 0.028227912 
57 110 8 10 0.028227089 
31 141 7 11 0.028209403 
257 136 9 10 0.028165724 
829 285 9 11 0.028144652 
702 9 7 8 0.02813164 
245 133 8 10 0.02808831 
894 192 9 11 0.028086051 
948 239 9 12 0.028067043 
351 23 7 9 0.028063107 
461 119 8 10 0.028055644 
334 41 7 8 0.028044477 
98 188 8 11 0.027997086 
329 78 8 9 0.027995283 
552 80 8 10 0.027990794 
159 32 6 9 0.027921332 
438 244 8 12 0.027857454 
875 507 15 18 0.027826337 
616 15 7 9 0.027821267 
288 55 8 9 0.027806673 
135 126 7 9 0.027802581 
391 103 8 11 0.0277965 
671 2 8 7 0.027785664 
318 159 8 11 0.027756974 
48 56 9 10 0.02769895 
358 125 9 11 0.027690215 
184 159 9 11 0.027664863 
129 174 8 10 0.027644686 
392 71 7 10 0.027626852 
772 649 18 23 0.027621446 
487 72 7 9 0.027593771 
105 87 7 9 0.027570212 
292 596 15 18 0.02754649 
512 25 9 10 0.027542796 
297 194 10 12 0.027539004 
27 55 8 11 0.027514393 
154 56 7 9 0.027513737 
939 708 22 27 0.027512513 
479 221 9 11 0.027487576 
121 102 7 9 0.02746665 
119 186 8 9 0.02746585 
505 8 7 9 0.027434248 
312 79 7 8 0.027392948 
554 70 8 9 0.027386 
745 691 22 29 0.02737103 
234 117 7 9 0.027364757 
245 580 15 16 0.027342282 
702 46 9 10 0.0273219 
655 32 6 9 0.02731993 
651 220 8 11 0.027319334 
104 77 7 10 0.027305078 
398 173 8 10 0.027287845 
446 129 8 10 0.027273193 
801 36 8 10 0.027253278 
501 255 11 12 0.027239775 
326 191 7 9 0.027233452 
278 96 8 10 0.027219381 
481 16 7 8 0.027210562 
112 76 8 11 0.027205268 
743 86 8 9 0.027189814 
736 58 7 9 0.027183302 
647 60 8 10 0.02717648 
671 179 9 12 0.027172567 
952 166 8 11 0.027153268 
201 198 7 9 0.027145257 
319 110 8 9 0.027141942 
302 141 8 11 0.027139215 
273 78 7 9 0.027126666 
913 190 9 12 0.027097715 
56 16 7 8 0.027092356 
80 110 7 9 0.027074466 
272 125 9 10 0.027065435 
41 126 8 10 0.027056184 
400 127 8 10 0.027054377 
382 56 7 9 0.027049594 
104 96 7 9 0.027031466 
735 38 7 10 0.027009228 
353 143 8 10 0.026991775 
993 56 8 10 0.026939427 
777 40 8 10 0.026901092 
416 2 7 7 0.026891232 
392 87 8 10 0.026861466 
995 681 26 35 0.026852679 
375 14 7 9 0.02681011 
803 705 18 20 0.026778327 
712 20 7 10 0.026740527 
698 62 7 9 0.026723953 
729 196 9 12 0.026706345 
280 72 7 9 0.026694573 
297 95 6 9 0.026689436 
385 1 8 8 0.026678482 
250 63 8 10 0.026630128 
999 115 9 12 0.026625875 
567 207 9 11 0.026623735 
576 184 8 10 0.026597278 
335 88 8 9 0.026586022 
13 100 8 11 0.026582656 
608 45 8 10 0.026570369 
472 80 9 11 0.026569262 
201 1 8 9 0.026551867 
928 105 8 9 0.026548596 
81 57 7 10 0.026537066 
238 64 8 9 0.026534589 
960 63 9 9 0.026524473 
974 95 9 11 0.026500113 
54 88 7 9 0.026489398 
465 1 8 9 0.026475051 
691 116 8 11 0.026458587 
757 103 8 11 0.026448157 
448 112 8 10 0.026444875 
896 64 8 9 0.026443873 
586 15 7 9 0.026437115 
813 547 24 26 0.026407927 
562 164 7 10 0.026401985 
166 56 8 10 0.026396547 
322 88 7 8 0.026395695 
406 739 11 14 0.026374716 
231 158 7 9 0.02637353 
495 0 8 8 0.026341356 
235 699 57 69 0.026309807 
896 217 9 11 0.026269782 
917 111 9 12 0.026267605 
576 105 7 8 0.026257517 
240 56 6 8 0.026256928 
647 205 8 10 0.0262328 
128 88 7 9 0.026225071 
55 142 8 10 0.026201738 
254 117 8 9 0.026199479 
565 232 8 11 0.026195243 
345 24 7 9 0.026165703 
600 95 7 10 0.026141884 
440 111 9 10 0.026131801 
64 13 8 10 0.026126813 
685 171 9 11 0.026101358 
993 101 10 12 0.02608861 
846 191 8 11 0.026086379 
956 739 30 35 0.026037024 
371 739 26 26 0.026035434 
554 187 9 11 0.026034169 
42 119 8 11 0.026032556 
431 40 7 9 0.02600954 
186 191 8 10 0.025997993 
169 24 7 8 0.025995603 
350 603 13 18 0.02597944 
338 180 8 10 0.025959915 
623 112 7 9 0.025959471 
706 182 9 11 0.025957502 
788 173 10 12 0.025941163 
401 229 11 13 0.02591121 
203 40 7 10 0.02589438 
296 137 7 9 0.025888955 
191 89 8 9 0.02588614 
153 23 7 8 0.025879467 
478 39 8 10 0.025849564 
599 144 8 10 0.0258469 
936 200 8 12 0.025844222 
796 632 18 21 0.025833223 
47 102 8 10 0.025830025 
201 160 8 10 0.025826365 
162 78 7 9 0.025822489 
499 78 7 9 0.025821734 
381 167 9 12 0.025796484 
191 201 7 9 0.025786312 
664 31 8 9 0.02576919 
456 16 7 9 0.025748573 
550 205 8 10 0.025735378 
446 255 10 12 0.025682053 
950 568 25 32 0.025678445 
480 152 8 10 0.025671424 
773 196 10 12 0.025669372 
489 94 9 12 0.025663499 
168 128 8 10 0.025617579 
414 84 8 10 0.025597217 
901 125 10 12 0.02555621 
121 56 8 10 0.025542963 
544 64 8 10 0.025542332 
466 56 7 10 0.025535544 
802 200 8 10 0.02552187 
726 15 7 9 0.025519801 
198 208 8 9 0.025519118 
689 55 8 9 0.025512371 
816 119 9 12 0.025501715 
368 15 7 9 0.025498623 
661 77 9 9 0.025476864 
830 97 7 9 0.025436284 
575 197 8 10 0.025431383 
455 6 8 9 0.025416171 
373 134 9 11 0.025392894 
591 199 8 9 0.025384663 
920 202 10 12 0.025358418 
886 64 7 10 0.02534614 
601 213 8 10 0.02534612 
337 47 7 8 0.025331425 
758 108 8 11 0.025319764 
680 31 8 9 0.025313659 
492 261 11 13 0.025309565 
801 80 8 10 0.025300752 
311 175 9 11 0.025294907 
328 136 7 9 0.025294095 
584 40 6 8 0.025271343 
633 33 7 9 0.025263608 
486 166 8 10 0.025261762 
54 200 9 10 0.025228925 
640 150 8 10 0.025209326 
383 160 8 9 0.025206905 
192 54 7 10 0.02520418 
184 143 8 10 0.025153691 
496 255 9 11 0.025139548 
469 2 8 8 0.025102679 
982 269 9 13 0.025098491 
241 150 7 10 0.025077937 
128 125 9 10 0.025069933 
366 149 9 11 0.025067732 
631 246 11 14 0.025060019 
742 57 8 9 0.02503997 
602 118 6 9 0.024998542 
214 150 8 10 0.024992907 
70 649 21 20 0.024969537 
695 97 8 10 0.024954926 
806 120 9 11 0.024935825 
22 126 8 10 0.024935372 
816 170 8 10 0.024931211 
129 151 8 11 0.024925798 
490 204 8 11 0.024919795 
623 206 7 9 0.024918202 
675 198 8 11 0.024897117 
215 40 7 9 0.024894202 
136 87 8 10 0.024887372 
602 197 8 9 0.024881698 
413 196 9 12 0.024875667 
186 96 7 9 0.024868064 
254 189 8 10 0.02486039 
514 164 8 10 0.024856808 
631 167 8 10 0.024822839 
496 245 10 13 0.02481188 
370 71 7 9 0.02479883 
375 142 8 11 0.0247882 
623 103 7 9 0.024761574 
239 144 8 9 0.02475833 
950 47 8 10 0.024720306 
416 31 7 9 0.024701985 
805 32 8 10 0.024701597 
702 29 7 10 0.024694992 
592 73 9 11 0.02468654 
440 62 8 10 0.024664918 
68 529 16 18 0.024659004 
1004 593 16 21 0.024632866 
942 174 9 10 0.024614811 
934 220 9 11 0.024595203 
929 222 8 10 0.024561968 
505 72 8 10 0.024548879 
648 16 8 9 0.024542408 
871 229 8 10 0.024535028 
634 237 9 11 0.024525844 
336 63 7 10 0.024525221 
200 57 7 9 0.024515562 
185 78 7 10 0.024504108 
418 16 7 9 0.024478626 
425 54 8 10 0.024463149 
641 16 7 10 0.024461443 
991 111 10 12 0.02445078 
632 103 8 9 0.024400877 
276 752 13 16 0.024399884 
808 270 9 12 0.02437409 
1001 521 17 22 0.024369402 
232 54 7 9 0.024352659 
263 97 8 9 0.02434652 
919 53 8 10 0.024324609 
512 64 7 10 0.024313796 
401 30 7 9 0.024311833 
882 746 21 22 0.024309192 
855 216 8 11 0.024278585 
207 192 7 8 0.02427358 
55 79 7 10 0.024253214 
391 1 8 8 0.024225382 
217 8 8 10 0.024195248 
831 158 8 9 0.02419152 
641 101 8 10 0.02416887 
200 80 8 10 0.024148744 
894 31 8 10 0.024144584 
263 127 8 9 0.024143435 
158 120 8 9 0.024139013 
718 80 7 9 0.024126612 
680 128 9 10 0.024109887 
1014 102 9 12 0.024100231 
89 61 8 10 0.024094386 
807 571 15 19 0.024084562 
958 29 9 10 0.024080483 
265 72 7 10 0.024071101 
535 13 9 10 0.024066584 
217 175 8 9 0.024057638 
489 1 8 8 0.02404939 
974 30 10 11 0.02404775 
975 47 8 9 0.024031468 
786 734 25 32 0.024026988 
471 5 7 9 0.024023395 
974 86 8 10 0.02401029 
793 93 8 13 0.02400177 
975 55 9 10 0.023991842 
648 199 9 11 0.023983436 
560 47 7 10 0.023969378 
648 215 8 11 0.023956336 
217 94 8 9 0.023948299 
87 192 8 9 0.023943556 
901 167 9 12 0.023940565 
56 95 8 10 0.02392521 
647 23 7 9 0.023912976 
133 600 17 19 0.023887528 
935 111 8 10 0.023864303 
368 93 7 9 0.02385968 
713 120 8 10 0.02385914 
800 119 10 12 0.023858814 
631 123 17 23 0.0238525 
832 120 8 10 0.023852022 
491 101 8 10 0.023847003 
749 610 14 18 0.023813682 
1015 124 8 12 0.023806468 
480 135 7 10 0.023795042 
351 8 7 9 0.023777518 
584 199 8 10 0.023772087 
859 181 8 11 0.023753 
288 71 7 9 0.023743792 
536 134 8 10 0.023742903 
46 204 9 12 0.023742389 
128 14 7 9 0.023723178 
800 216 9 12 0.023693081 
975 125 9 10 0.023689482 
615 79 8 10 0.02368901 
389 222 9 12 0.023679659 
904 64 7 8 0.023645088 
311 166 9 10 0.023621295 
170 39 7 9 0.023614107 
480 166 7 10 0.023565697 
654 165 9 11 0.023563417 
72 111 8 9 0.023545133 
64 150 8 12 0.02351693 
663 127 8 10 0.023509802 
107 214 414 492 0.023507696 
303 111 7 9 0.023502225 
401 40 7 9 0.023501396 
370 197 8 10 0.02346974 
968 38 8 9 0.023441013 
248 12 9 11 0.023431236 
392 93 7 10 0.023427079 
38 135 8 10 0.023426019 
585 32 7 9 0.023402479 
729 32 7 8 0.023381544 
641 158 8 10 0.023361865 
208 175 7 8 0.023352368 
713 94 8 11 0.023346568 
325 599 20 25 0.02331134 
969 187 9 12 0.023306731 
480 8 8 9 0.02329546 
16 126 9 11 0.023291849 
868 552 14 17 0.023282217 
1002 438 23 32 0.023276031 
264 48 8 10 0.023270596 
1004 156 12 15 0.02326246 
221 7 9 11 0.02323845 
751 31 7 9 0.023237532 
254 205 9 10 0.023230271 
848 215 8 11 0.023229815 
9 78 9 11 0.02321272 
311 181 8 10 0.023212353 
15 118 9 11 0.023178482 
847 197 8 11 0.023167705 
774 189 10 12 0.02314291 
334 79 7 8 0.023140268 
342 56 8 10 0.023136443 
368 1 8 8 0.023127984 
432 213 10 12 0.023124807 
232 9 9 10 0.023111641 
694 219 11 14 0.023097353 
847 738 27 31 0.023084113 
272 181 8 10 0.02307978 
184 103 7 8 0.023017354 
449 96 9 11 0.023016587 
687 220 9 11 0.023012688 
33 182 8 11 0.022999957 
655 1 8 7 0.022986133 
446 118 8 10 0.022975266 
935 139 11 12 0.02295967 
95 111 8 9 0.022934707 
982 151 9 11 0.022919618 
641 7 8 9 0.02287569 
687 63 7 9 0.022875154 
249 2 9 9 0.022858825 
0 483 11 18 0.022854246 
879 55 7 9 0.022853617 
911 65 7 8 0.022850817 
589 103 19 26 0.022848995 
407 2 8 9 0.022840613 
958 182 8 12 0.022836406 
902 280 8 9 0.022822177 
62 109 7 10 0.022821471 
695 140 8 10 0.022801967 
5 132 8 11 0.022761036 
143 31 7 9 0.02275128 
672 102 8 10 0.022746466 
129 79 7 9 0.022742443 
381 626 16 21 0.022725824 
136 30 7 9 0.022713501 
295 17 8 9 0.022709206 
31 127 8 10 0.022708323 
375 72 7 9 0.02269578 
168 95 8 11 0.022693198 
94 85 8 10 0.022633167 
737 341 8 11 0.022625858 
295 175 7 10 0.022619868 
344 93 7 10 0.02260609 
495 7 8 10 0.022600701 
448 2 8 9 0.02259733 
778 45 9 11 0.022594528 
120 126 8 9 0.022564547 
30 69 10 11 0.022561183 
441 53 8 11 0.02255882 
957 14 8 11 0.022524944 
769 16 7 9 0.022513267 
974 71 9 11 0.022509212 
726 46 7 9 0.022504041 
432 204 10 12 0.022472562 
137 95 7 9 0.022471894 
672 32 7 10 0.022453727 
569 40 8 10 0.022449166 
734 204 10 11 0.022442361 
478 47 7 9 0.022407528 
366 174 7 9 0.022404503 
847 230 8 10 0.022402987 
930 592 23 31 0.022393428 
559 64 8 9 0.022392958 
20 601 17 19 0.022382911 
630 181 8 9 0.02235625 
698 237 8 10 0.022331791 
62 180 9 11 0.02231706 
528 126 7 9 0.022309203 
942 126 9 11 0.022301454 
105 197 9 10 0.022289205 
121 136 9 11 0.022266285 
263 149 8 10 0.0222628 
565 267 12 14 0.022256603 
1005 464 20 27 0.022252029 
464 163 9 12 0.022234745 
223 54 8 10 0.022230376 
478 55 9 11 0.022228584 
698 30 8 10 0.022223052 
154 15 8 10 0.02221218 
720 56 8 9 0.022195257 
568 15 7 9 0.02217887 
404 633 12 19 0.022175428 
726 95 9 10 0.02216903 
588 219 18 23 0.022163976 
907 38 8 9 0.022145582 
511 639 27 31 0.022133136 
267 174 7 9 0.022130525 
452 236 10 12 0.0221096 
890 285 11 13 0.02210893 
299 621 16 18 0.022105275 
882 149 8 10 0.02209788 
65 554 22 28 0.022095367 
826 219 10 11 0.02208374 
848 222 8 11 0.022079065 
336 192 8 9 0.022073954 
184 32 7 8 0.022073768 
756 213 11 15 0.022057708 
224 144 9 10 0.022056382 
975 150 9 11 0.022054283 
719 281 8 9 0.022032356 
255 152 8 9 0.022017345 
901 536 21 29 0.021999555 
829 260 9 11 0.02198584 
216 222 8 10 0.021957036 
880 144 9 11 0.021949826 
720 196 8 11 0.021944895 
335 232 8 10 0.021944305 
552 266 11 14 0.021923926 
941 568 23 26 0.0219227 
408 239 9 12 0.021918273 
185 207 8 10 0.021906633 
1015 31 9 13 0.021888867 
144 120 8 9 0.021888817 
911 505 13 17 0.021888172 
359 103 7 10 0.021885231 
597 149 8 10 0.021885231 
312 63 8 9 0.021877557 
86 23 8 9 0.021862011 
414 142 9 11 0.021838322 
174 87 8 9 0.021822786 
654 198 9 11 0.021821372 
1008 303 9 11 0.021800173 
279 102 7 8 0.021775452 
232 132 8 10 0.021765962 
577 72 7 9 0.021758568 
95 12 7 10 0.021755174 
824 155 8 11 0.021749329 
520 57 8 9 0.021747783 
344 1 9 8 0.021717526 
71 103 7 8 0.021711897 
520 188 8 10 0.021701925 
1014 190 9 12 0.021701504 
575 127 7 9 0.021699838 
655 130 17 23 0.021696428 
327 55 7 9 0.021684486 
622 49 18 24 0.021677064 
1011 447 12 18 0.021672565 
136 48 8 9 0.021667298 
329 39 7 9 0.021659948 
551 214 9 13 0.02165887 
948 592 18 21 0.021641115 
406 103 9 11 0.021636844 
808 236 11 12 0.021631721 
115 355 42 50 0.021626437 
97 2 8 8 0.02162535 
685 142 9 11 0.021623392 
308 602 16 21 0.021623118 
916 270 21 24 0.021583334 
168 16 7 8 0.021577016 
793 88 8 11 0.021567043 
582 87 8 10 0.021549452 
597 239 10 13 0.021527344 
423 93 9 11 0.021496097 
802 205 8 11 0.021494685 
54 205 8 10 0.02148662 
944 84 8 10 0.02146393 
873 639 19 22 0.021447334 
72 158 8 10 0.02142304 
152 47 7 9 0.021405537 
622 144 8 9 0.021405129 
105 16 8 10 0.021393992 
984 140 9 11 0.021390526 
55 151 8 11 0.021384202 
567 71 8 9 0.02137729 
454 110 9 11 0.021364652 
288 168 7 9 0.021360295 
414 734 9 12 0.021349125 
161 198 7 8 0.02133821 
944 717 22 27 0.021318717 
942 149 9 12 0.021301778 
320 56 8 10 0.021287743 
902 190 10 12 0.021287087 
502 78 9 11 0.021213999 
936 103 7 10 0.021207888 
470 151 8 10 0.021197028 
184 126 9 10 0.021194618 
6 85 9 11 0.021194018 
135 182 8 10 0.021182904 
142 94 8 9 0.02118132 
610 31 7 9 0.021178553 
689 48 7 10 0.021170119 
120 1 8 8 0.021144185 
784 167 9 12 0.02114222 
327 94 7 9 0.021137705 
559 214 10 13 0.02113026 
720 157 9 11 0.021115808 
768 7 7 9 0.02110145 
517 635 14 19 0.021090787 
866 228 8 10 0.021087512 
431 16 7 9 0.021076323 
624 118 7 9 0.02107158 
463 110 8 11 0.021069199 
835 172 8 11 0.021068849 
343 120 7 8 0.021065004 
463 126 8 10 0.021058638 
762 69 9 11 0.021047315 
28 522 13 17 0.021045823 
507 234 13 16 0.021045133 
754 674 26 28 0.02103875 
355 166 8 11 0.021004401 
870 158 8 10 0.021002198 
633 72 8 9 0.020964876 
567 182 7 10 0.020963343 
536 77 9 11 0.020953128 
714 8 7 8 0.020941976 
856 127 19 24 0.020941282 
46 525 14 19 0.020935848 
648 49 7 9 0.02092635 
900 531 14 18 0.020913107 
376 126 8 10 0.020902272 
929 117 9 11 0.020897852 
600 86 7 10 0.020885395 
334 71 7 10 0.02088242 
789 575 23 27 0.020868754 
613 117 8 9 0.020852357 
118 190 9 11 0.020825474 
919 23 8 10 0.020823266 
328 63 7 9 0.02080987 
142 8 8 10 0.020802917 
918 227 9 11 0.020793457 
185 183 7 9 0.020785585 
175 143 9 11 0.02077822 
937 96 8 10 0.020772466 
478 215 9 11 0.020770064 
5 569 14 20 0.020749636 
38 523 12 16 0.020738354 
573 238 9 11 0.020733679 
89 14 8 10 0.02072949 
527 144 8 10 0.020729205 
77 6 8 10 0.020727133 
759 174 10 12 0.020724723 
160 160 7 9 0.020712204 
960 136 9 10 0.02070439 
365 119 8 11 0.020695258 
0 583 21 31 0.0206784 
76 555 14 20 0.020674614 
105 54 8 10 0.020663096 
844 172 8 11 0.020626647 
120 38 8 10 0.020609898 
233 40 7 9 0.020607473 
217 47 7 9 0.02059966 
923 72 7 8 0.02059866 
56 72 7 9 0.020597547 
312 14 8 10 0.020594744 
978 61 8 11 0.020558348 
232 94 8 10 0.02055228 
503 15 7 9 0.020546997 
814 236 10 13 0.02054513 
88 174 8 11 0.020543478 
525 167 8 10 0.020538721 
296 184 17 24 0.020534664 
908 496 21 28 0.020532085 
970 118 8 11 0.020527085 
375 80 8 9 0.020516472 
859 29 9 11 0.020515723 
287 600 23 31 0.020515686 
499 242 14 16 0.020507427 
373 625 14 19 0.02049691 
61 649 26 30 0.020491077 
616 191 8 10 0.020488583 
544 55 8 9 0.020487292 
258 167 7 10 0.020475935 
965 73 19 23 0.020472195 
774 156 11 13 0.020471431 
645 170 18 23 0.020433728 
566 237 10 11 0.020420445 
871 696 16 21 0.020412091 
198 149 8 10 0.02040199 
897 70 7 9 0.020401537 
904 102 7 9 0.020399218 
743 697 12 19 0.02039006 
64 31 7 9 0.020373482 
358 161 9 11 0.020372657 
551 301 13 15 0.02037 
744 47 6 8 0.020369548 
446 22 7 10 0.020348536 
1004 492 24 30 0.020334959 
806 583 13 19 0.020288656 
1015 64 8 11 0.02026458 
591 32 8 9 0.020261105 
174 101 8 10 0.020182202 
184 150 7 9 0.020175435 
497 72 8 10 0.020170739 
8 596 24 30 0.020164596 
144 192 7 9 0.020156616 
577 79 6 9 0.020144163 
97 71 7 9 0.020131197 
326 593 13 18 0.020121342 
256 100 9 10 0.020110354 
7 149 8 10 0.020095363 
303 23 7 9 0.020086292 
816 206 9 10 0.020079464 
524 23 8 10 0.020076074 
902 112 8 10 0.020061933 
738 285 7 10 0.020052936 
816 126 8 11 0.020044476 
346 70 8 9 0.020043332 
784 261 11 13 0.0200297 
680 45 7 10 0.020018548 
918 40 8 11 0.020014554 
780 634 14 19 0.020014394 
623 133 7 10 0.020012552 
720 167 10 12 0.020001035 
