35_Basketball_Basketball_35_361
78
164 249 26 36 0.9992673 
698 116 26 33 0.99906534 
651 252 27 34 0.9986426 
908 129 33 42 0.99855155 
71 163 27 33 0.9984681 
870 236 30 36 0.99835145 
596 121 25 31 0.99829644 
517 243 26 33 0.99793136 
405 247 24 32 0.9966275 
162 129 25 30 0.9961254 
478 117 24 33 0.9935377 
775 240 29 35 0.9932968 
301 251 23 32 0.9932481 
364 129 26 35 0.993016 
263 126 25 31 0.9874822 
826 115 24 29 0.94929427 
759 245 31 36 0.22362147 
168 226 13 16 0.2211531 
2 210 11 17 0.14870316 
870 365 13 15 0.11652933 
274 244 15 20 0.10944982 
386 446 11 13 0.083818585 
189 249 14 20 0.0704288 
382 221 12 14 0.066925265 
454 444 14 16 0.058747217 
386 196 17 20 0.05848377 
99 165 17 21 0.056674473 
565 461 12 15 0.05428496 
311 252 25 34 0.04605916 
183 385 15 19 0.045779046 
649 384 10 11 0.045657184 
487 468 14 18 0.043565 
501 444 11 13 0.04341238 
822 235 14 17 0.04272258 
583 440 10 11 0.04261299 
748 413 11 11 0.041806098 
382 243 17 21 0.041114822 
766 427 14 17 0.040677767 
619 446 11 13 0.03751913 
275 220 13 17 0.035395823 
533 248 24 33 0.035351943 
386 121 12 17 0.03484553 
162 157 22 26 0.034701962 
964 297 15 19 0.034568857 
266 199 26 34 0.03327895 
719 396 12 15 0.032296177 
263 161 15 18 0.031201396 
527 187 27 32 0.030039633 
662 180 12 17 0.029288856 
26 208 16 20 0.0285864 
411 160 13 17 0.028556451 
163 168 18 21 0.028496588 
0 133 10 15 0.02839926 
831 388 10 13 0.027668247 
747 423 13 15 0.027403463 
729 421 12 15 0.027358288 
172 243 26 34 0.027174879 
89 163 20 26 0.027161686 
591 431 8 9 0.0269175 
45 170 15 18 0.02474402 
268 230 23 32 0.0242019 
597 147 24 27 0.024176693 
373 121 22 28 0.02360255 
744 407 10 12 0.02318441 
765 435 15 18 0.023128651 
317 226 16 20 0.022342276 
757 409 11 14 0.022293271 
896 124 28 39 0.022229435 
372 219 23 29 0.022189494 
840 406 9 12 0.0217428 
830 423 11 14 0.02168545 
261 238 23 29 0.021644643 
23 196 13 17 0.02162315 
363 196 17 20 0.021551933 
532 443 12 14 0.02149425 
372 245 15 18 0.020849431 
486 210 13 17 0.020713171 
266 214 25 35 0.02048781 
