35_Basketball_playingbasketball_35_279
21
398 1004 189 129 0.9638053 
709 1247 217 221 0.12865561 
108 106 25 36 0.11015391 
66 91 24 39 0.10061174 
622 1083 407 461 0.07609544 
269 250 15 18 0.058373906 
132 68 42 71 0.054143634 
264 43 169 236 0.044736262 
258 486 171 247 0.04160812 
467 1045 158 129 0.040804047 
9 99 44 65 0.037422337 
114 69 40 62 0.035338927 
340 1025 198 186 0.03188792 
57 48 34 42 0.027028946 
99 88 44 57 0.026828628 
322 1192 439 433 0.024700189 
137 84 56 86 0.024202397 
146 961 23 38 0.023606025 
89 1092 463 431 0.022093125 
172 1 17 16 0.02116706 
158 4 15 16 0.020277778 
