35_Basketball_playingbasketball_35_219
124
242 682 105 117 0.9995995 
926 860 70 92 0.9978517 
699 1047 69 86 0.9978116 
464 958 67 82 0.99719834 
811 945 77 103 0.99204963 
582 859 34 49 0.98026675 
687 919 24 40 0.9802182 
830 885 24 30 0.2662201 
630 30 12 18 0.20906772 
236 435 12 15 0.19299953 
227 450 11 14 0.14258794 
323 430 15 19 0.13782038 
615 139 14 17 0.12897187 
708 91 56 73 0.12296326 
615 147 14 17 0.107249804 
761 153 25 31 0.097599514 
212 468 13 18 0.09670908 
483 95 16 19 0.08477631 
994 230 15 20 0.08002758 
404 340 15 19 0.07350289 
333 398 23 29 0.07225275 
204 422 14 17 0.07101709 
598 148 362 494 0.07020966 
175 494 10 12 0.06953132 
462 304 9 12 0.06942823 
382 415 17 22 0.06791896 
700 18 360 476 0.06639433 
230 466 14 19 0.06325542 
332 393 17 21 0.060831953 
450 49 363 456 0.059656516 
198 425 14 17 0.059045434 
446 403 13 18 0.05884398 
483 232 17 20 0.05833106 
269 520 15 19 0.054946743 
440 373 13 17 0.05384662 
286 431 13 17 0.05356677 
737 887 55 57 0.05115445 
475 94 18 23 0.047898475 
221 473 15 20 0.044902246 
499 11 12 15 0.04484459 
602 123 13 17 0.044738717 
310 371 14 19 0.044321973 
210 499 12 16 0.04358167 
265 402 13 16 0.041303914 
327 454 13 16 0.039933976 
364 377 15 19 0.038691815 
223 298 11 14 0.03788467 
339 388 15 17 0.037257824 
301 348 13 16 0.0365301 
287 406 13 16 0.035744708 
216 445 9 12 0.035352793 
985 1066 40 51 0.033474788 
337 408 24 30 0.033074845 
590 103 10 12 0.033028122 
776 328 23 31 0.032674506 
398 402 16 21 0.032495935 
478 360 13 16 0.032187812 
468 97 16 21 0.03187676 
762 870 33 31 0.031400964 
342 424 15 19 0.031196984 
179 371 14 19 0.030743193 
331 433 14 18 0.030605199 
278 485 13 19 0.030543242 
481 338 11 16 0.030194256 
607 140 14 16 0.030061953 
192 502 12 15 0.029922286 
300 167 100 95 0.029851673 
372 344 17 19 0.02967081 
777 914 87 116 0.029508071 
828 37 16 21 0.029036794 
807 7 12 14 0.028452137 
254 411 14 18 0.028160507 
795 14 12 14 0.027768794 
263 396 13 16 0.02772912 
819 892 31 38 0.027445441 
227 476 15 20 0.026762307 
206 401 11 14 0.026551919 
345 386 15 17 0.026449315 
212 461 12 16 0.026350189 
355 343 15 17 0.02634567 
269 441 13 16 0.026032247 
242 460 14 18 0.025820643 
151 -11 422 517 0.025299732 
276 392 13 17 0.02520919 
358 366 23 26 0.02475509 
701 69 90 118 0.024715723 
358 402 14 18 0.024663337 
328 403 15 19 0.024621606 
249 355 15 19 0.024456536 
614 230 24 30 0.024405356 
160 523 10 13 0.0243261 
650 520 32 42 0.023875268 
296 489 14 18 0.023789639 
750 881 35 39 0.023326261 
477 83 25 32 0.023192234 
312 433 14 18 0.023113305 
724 866 104 114 0.023022832 
505 248 10 12 0.022918647 
259 575 16 20 0.022871153 
147 491 11 14 0.022868307 
340 431 15 19 0.022579474 
773 23 14 18 0.022372425 
234 279 9 12 0.022316597 
193 423 12 15 0.022314543 
234 425 20 25 0.02217025 
878 253 11 13 0.022057913 
232 431 12 15 0.022044996 
379 394 14 18 0.02172599 
356 575 16 22 0.021644605 
214 452 11 13 0.02156648 
405 381 10 13 0.021471307 
532 80 130 157 0.021359809 
300 364 16 20 0.021343544 
204 415 15 16 0.021161765 
836 899 35 40 0.020817665 
229 385 15 18 0.020663137 
292 476 23 30 0.0206476 
180 420 11 14 0.020554412 
277 434 14 17 0.020362351 
417 1158 42 45 0.02023756 
282 307 420 523 0.020136394 
743 151 29 34 0.020074245 
610 151 20 23 0.020059573 
328 387 14 17 0.020006336 
