35_Basketball_playingbasketball_35_511
44
555 294 15 19 0.54131913 
556 304 15 19 0.17548239 
411 273 13 17 0.16142547 
335 288 9 11 0.07725681 
197 300 11 13 0.065631464 
577 318 9 12 0.06327093 
168 292 10 12 0.06170356 
566 340 11 13 0.056606226 
225 312 8 10 0.056141444 
369 280 7 10 0.055121563 
162 303 8 10 0.050421193 
556 288 12 15 0.04568932 
166 310 8 11 0.040192023 
577 324 9 11 0.03738325 
369 302 9 11 0.036380123 
193 299 9 12 0.035077836 
118 161 41 43 0.034519956 
197 308 10 11 0.0330188 
752 18 403 525 0.032503054 
590 302 10 12 0.031654175 
13 8 12 16 0.03163327 
398 273 8 10 0.031148428 
125 329 10 13 0.030034158 
201 288 8 10 0.029715488 
545 300 12 16 0.029603923 
367 285 9 10 0.029465279 
397 277 10 13 0.029464558 
199 295 10 13 0.029336642 
151 304 7 9 0.029107766 
578 188 18 22 0.028837202 
411 325 14 18 0.027058598 
144 304 8 9 0.027011609 
351 259 9 12 0.026550485 
34 44 175 222 0.02476356 
12 177 49 59 0.024463724 
69 199 30 34 0.024242977 
413 264 11 12 0.023955746 
47 52 101 143 0.023479845 
214 302 8 9 0.023248713 
621 314 12 14 0.022824211 
607 342 9 12 0.022432478 
70 283 14 15 0.022419415 
631 344 9 10 0.021820083 
232 328 8 10 0.020632872 
