35_Basketball_Basketball_35_158
51
197 466 108 172 0.99783427 
956 568 60 87 0.997357 
830 741 35 44 0.4049092 
748 823 56 76 0.2828854 
678 701 24 29 0.25999987 
881 581 25 32 0.24566391 
558 7 375 460 0.24215952 
288 881 42 61 0.23183858 
818 630 27 35 0.20366266 
105 396 24 28 0.15969793 
837 794 52 73 0.14133677 
-16 -38 388 466 0.12575011 
989 1029 16 21 0.11618853 
325 -95 310 439 0.08687837 
344 473 64 95 0.07459386 
828 762 51 64 0.06432186 
150 1164 41 48 0.05785271 
329 937 50 65 0.054979637 
127 459 30 37 0.054345183 
212 388 27 34 0.05188323 
152 831 32 40 0.04780567 
380 39 430 509 0.047044072 
809 641 44 64 0.04584347 
873 574 39 53 0.04316046 
214 1098 142 190 0.03704421 
190 455 31 42 0.036413424 
818 764 90 114 0.036231276 
736 730 47 57 0.034972966 
140 284 26 34 0.03382294 
701 74 254 306 0.03138922 
353 28 198 256 0.030636804 
631 675 43 59 0.030040728 
247 943 369 495 0.029936792 
831 128 135 151 0.026222242 
856 782 55 72 0.025672339 
189 279 24 32 0.025495537 
95 824 33 45 0.025309883 
174 494 499 452 0.024521708 
473 72 214 290 0.024318466 
742 817 38 51 0.024129188 
590 712 27 36 0.023335848 
807 668 51 63 0.022835853 
165 384 27 35 0.022812275 
258 454 101 144 0.022796351 
318 803 410 490 0.022576882 
642 665 26 32 0.02231915 
793 720 172 251 0.022096036 
349 54 132 157 0.022031376 
808 798 50 72 0.02055682 
64 1046 25 30 0.020546302 
103 817 46 60 0.020415628 
