35_Basketball_basketballgame_ball_35_64
142
127 288 55 74 0.9993168 
476 221 59 82 0.9990777 
293 237 62 81 0.9990415 
657 105 32 39 0.99862516 
34 244 55 70 0.9978942 
590 209 66 90 0.9966916 
689 215 73 94 0.9960387 
139 108 24 32 0.9954406 
591 79 27 33 0.99516475 
237 243 34 46 0.99426925 
465 63 25 32 0.99385697 
440 109 31 39 0.99341077 
901 174 54 82 0.9934028 
386 67 27 33 0.9928328 
807 182 37 51 0.99276227 
492 160 34 39 0.9918172 
869 59 26 34 0.99167085 
954 185 74 104 0.99107164 
0 244 28 42 0.9886912 
96 129 24 31 0.98865324 
399 146 26 35 0.98835105 
536 17 24 31 0.9857907 
100 197 43 55 0.98339164 
272 126 27 34 0.9813487 
526 90 26 36 0.9790813 
277 219 31 43 0.97707283 
344 154 25 31 0.97558445 
150 139 25 31 0.9691316 
193 216 28 34 0.9636958 
70 210 33 42 0.93356216 
412 14 24 29 0.9231719 
413 112 29 36 0.90762424 
445 2 26 28 0.89981085 
234 190 32 38 0.8738394 
453 44 22 29 0.83995974 
0 294 34 59 0.82911724 
213 103 27 31 0.82731456 
25 77 20 25 0.8095378 
563 198 32 46 0.805707 
267 6 23 27 0.80507743 
206 8 18 24 0.791606 
299 92 21 26 0.7903115 
240 68 28 29 0.77356195 
243 165 26 33 0.7549842 
89 38 21 27 0.7368847 
621 4 24 30 0.7220287 
35 157 22 25 0.68289566 
46 40 19 26 0.68138605 
54 193 21 27 0.64044875 
718 68 53 65 0.5433116 
336 0 26 26 0.5291064 
263 100 25 32 0.5026751 
352 210 24 32 0.48855278 
0 103 24 40 0.471236 
738 51 61 75 0.4646516 
156 7 19 22 0.45011243 
488 -3 24 26 0.43351424 
724 94 35 44 0.35314918 
377 168 19 24 0.3359237 
200 48 26 29 0.28412032 
293 1 18 20 0.25752503 
188 168 23 32 0.21348925 
239 173 33 44 0.19533388 
180 78 24 28 0.17778485 
3 214 28 38 0.1602708 
5 267 40 64 0.14030723 
63 -1 17 14 0.13371526 
55 220 50 61 0.1263847 
536 157 30 44 0.09956475 
442 209 16 18 0.09716018 
526 111 29 36 0.09573572 
892 379 22 29 0.090508305 
282 3 24 26 0.0855044 
173 119 24 33 0.0851848 
573 193 45 63 0.08478563 
405 132 28 37 0.075826764 
145 73 23 28 0.074887134 
927 183 60 90 0.07289693 
492 5 23 28 0.07211504 
843 691 49 52 0.06465717 
277 208 26 35 0.060644753 
804 402 47 51 0.059986357 
421 108 40 48 0.05853189 
262 282 42 54 0.052401118 
242 258 41 53 0.04894669 
156 41 18 20 0.04826166 
170 248 32 37 0.048013236 
493 178 35 42 0.047374707 
8 95 19 26 0.04660153 
616 136 33 38 0.04508415 
394 -2 19 15 0.04360364 
961 0 12 11 0.043000817 
221 91 16 19 0.042962085 
141 216 16 21 0.042635646 
256 85 24 31 0.042230986 
691 184 54 70 0.041912198 
453 53 28 37 0.041508973 
532 99 31 35 0.03898799 
655 198 76 113 0.038856152 
165 132 24 32 0.038424592 
454 10 21 25 0.035825923 
354 160 26 32 0.035109244 
404 9 25 27 0.0334721 
56 193 36 46 0.033355482 
180 228 33 35 0.03321324 
387 155 24 31 0.03283585 
208 57 25 30 0.032716725 
302 439 61 51 0.03262001 
204 105 19 25 0.032566983 
675 244 23 38 0.031501688 
217 119 26 32 0.029659277 
799 698 32 33 0.029515725 
28 154 21 24 0.029489385 
384 0 25 22 0.029160785 
100 117 16 20 0.028928867 
654 228 23 33 0.028876953 
731 110 32 39 0.028306523 
449 73 27 33 0.02808824 
302 0 18 19 0.027907906 
190 88 26 33 0.026609814 
698 44 84 107 0.0263974 
334 39 22 31 0.026370095 
379 2 18 18 0.026342778 
177 226 487 492 0.026244368 
688 68 25 33 0.02560862 
463 49 19 23 0.025195349 
374 71 27 35 0.025047112 
617 13 29 37 0.024437219 
233 77 28 33 0.024250839 
302 81 27 33 0.024073312 
46 160 17 22 0.024024647 
513 48 25 33 0.023651607 
290 6 25 29 0.023643203 
710 76 37 49 0.023519138 
44 48 28 37 0.023370972 
578 123 28 33 0.02321657 
254 72 19 24 0.022748202 
614 -2 42 43 0.022174034 
378 615 10 13 0.021730002 
139 78 18 22 0.02075914 
108 107 15 19 0.02042615 
28 65 25 32 0.020290203 
