35_Basketball_Basketball_35_458
21
491 29 47 64 0.9987941 
245 36 40 56 0.9911513 
743 27 40 57 0.9852716 
638 300 22 33 0.1571078 
163 137 32 39 0.12901804 
418 217 18 20 0.11386834 
588 220 24 27 0.1044004 
635 257 16 21 0.06659998 
644 291 15 21 0.037790187 
500 187 27 32 0.036271993 
642 282 15 17 0.033776656 
562 115 13 19 0.03324732 
177 131 31 38 0.031084808 
609 222 19 21 0.030511227 
414 203 28 35 0.030004306 
268 96 16 21 0.029642543 
597 217 25 27 0.026165517 
48 126 23 30 0.02509303 
516 230 23 29 0.024085063 
170 155 18 26 0.021188105 
450 233 426 530 0.020298576 
