35_Basketball_playingbasketball_35_248
64
492 922 31 39 0.9985055 
168 890 26 32 0.9888021 
154 956 29 39 0.95523834 
815 859 20 24 0.90388453 
143 854 18 22 0.88699913 
652 859 18 22 0.7256269 
631 893 56 51 0.6944492 
392 828 35 40 0.6794088 
289 854 9 13 0.57401013 
531 1088 25 33 0.2050525 
623 908 46 45 0.17430738 
651 887 42 36 0.16840154 
503 374 114 137 0.1562121 
30 895 13 18 0.11102618 
487 800 9 11 0.09667318 
28 894 21 29 0.086488 
909 838 18 21 0.08643128 
1012 715 11 16 0.06530283 
297 950 10 14 0.060556084 
755 1356 13 14 0.057636242 
648 865 15 19 0.045966126 
407 828 32 35 0.04442101 
446 770 16 19 0.04283158 
429 825 21 33 0.03998142 
305 836 10 12 0.038878046 
127 911 41 47 0.038131446 
503 773 26 34 0.03785773 
446 328 186 243 0.037477534 
131 843 12 15 0.03685769 
527 1079 41 56 0.0337744 
824 847 9 11 0.03361355 
510 793 14 19 0.032350633 
117 987 35 37 0.032241244 
750 1346 14 18 0.030475205 
363 154 31 28 0.030195031 
282 853 11 13 0.029983137 
494 798 10 13 0.029869206 
940 795 10 11 0.029787727 
398 809 12 14 0.028803468 
877 819 9 12 0.028563984 
292 856 10 13 0.028255256 
418 842 15 18 0.028195653 
905 812 9 11 0.028062692 
292 848 11 15 0.027896928 
403 831 16 20 0.027846552 
596 717 415 502 0.026929317 
173 790 12 13 0.026659548 
137 971 40 43 0.026501292 
151 850 16 24 0.026051925 
934 758 11 15 0.025264641 
9 807 7 10 0.024913153 
406 810 12 13 0.024593074 
136 856 15 21 0.024115857 
632 887 35 39 0.02342804 
896 845 23 25 0.023141637 
894 834 11 14 0.023125049 
114 909 15 24 0.023020819 
350 878 9 12 0.021351175 
145 938 41 47 0.021288842 
410 847 27 32 0.021051174 
134 824 10 12 0.020731272 
544 1096 16 21 0.020687796 
505 788 28 36 0.020447621 
657 906 37 41 0.02015061 
