35_Basketball_playingbasketball_35_156
21
391 446 117 79 0.96646833 
808 377 84 109 0.8940414 
895 437 58 62 0.17948 
76 145 92 97 0.11606547 
149 119 57 71 0.07978534 
853 412 91 95 0.06951155 
412 454 59 48 0.032829553 
108 171 41 45 0.031427525 
351 399 175 163 0.03074074 
458 472 55 50 0.029623857 
108 111 67 72 0.027401434 
525 230 14 20 0.027083712 
410 387 90 112 0.026896661 
770 230 92 122 0.025876787 
76 606 18 23 0.024192039 
133 146 64 73 0.023592407 
475 327 20 21 0.023178477 
499 357 45 61 0.02151367 
470 329 16 17 0.021232136 
67 100 95 98 0.020909185 
520 215 10 13 0.020219555 
