35_Basketball_playingbasketball_35_588
31
591 157 71 87 0.9986297 
604 467 131 198 0.9911136 
156 -2 48 50 0.91803086 
10 119 29 37 0.16035786 
209 23 209 213 0.12772602 
240 84 134 117 0.085598625 
108 199 38 37 0.068357594 
552 372 173 262 0.06617689 
482 708 84 110 0.059456475 
766 476 132 173 0.05896812 
708 380 47 68 0.049997102 
2 157 32 51 0.049027666 
315 9 68 68 0.04177768 
636 397 196 248 0.04031224 
218 639 80 121 0.036640253 
210 6 27 32 0.035926025 
502 342 56 54 0.031133004 
604 239 384 494 0.030080827 
678 1 33 25 0.026803168 
71 81 43 57 0.024998277 
222 8 68 74 0.024475226 
0 28 39 63 0.023775524 
907 -7 109 136 0.023438422 
213 12 108 113 0.022818148 
337 180 391 469 0.022333719 
106 208 50 51 0.022247652 
665 0 50 46 0.021681909 
512 0 39 37 0.021278333 
694 -1 31 30 0.021131765 
267 126 115 120 0.020773254 
440 725 89 104 0.020088505 
