35_Basketball_basketballgame_ball_35_389
255
505 228 39 53 0.9803705 
622 588 17 23 0.9583131 
565 619 13 17 0.6553401 
322 613 11 14 0.6194498 
221 611 10 13 0.55696803 
85 621 10 12 0.5381424 
16 610 11 16 0.41754448 
641 577 22 29 0.3995937 
28 595 9 12 0.36149082 
500 584 11 13 0.32610053 
969 588 34 39 0.31163284 
136 586 9 12 0.30479553 
153 624 9 11 0.24350987 
635 581 19 28 0.22553825 
256 625 10 12 0.21522647 
136 565 9 11 0.20747337 
158 590 7 10 0.19667749 
567 593 12 16 0.17019776 
314 595 9 12 0.14946003 
570 569 12 17 0.120772086 
313 573 8 11 0.116957 
303 557 8 11 0.107617535 
548 613 9 12 0.10628262 
185 592 8 11 0.10351573 
110 550 8 11 0.10341553 
9 597 11 15 0.10086046 
15 582 10 13 0.093146175 
805 303 22 30 0.08827885 
62 580 9 11 0.08248617 
589 573 13 15 0.07848412 
820 305 20 29 0.076890916 
916 405 10 13 0.07527501 
518 574 13 18 0.073879905 
151 604 10 13 0.069884375 
729 598 9 12 0.06724544 
560 597 10 14 0.06696852 
286 605 9 11 0.064901054 
262 614 8 11 0.06383976 
286 589 8 10 0.06358502 
683 621 11 14 0.060992457 
140 588 9 11 0.06081444 
867 588 13 19 0.060684673 
200 569 8 9 0.058581047 
606 594 11 15 0.057823285 
189 590 9 12 0.05616871 
319 567 8 11 0.055908266 
178 543 8 9 0.054985367 
317 591 9 13 0.05481712 
223 559 7 9 0.05320438 
700 570 11 15 0.051795516 
112 568 8 11 0.051494885 
14 587 11 15 0.05131309 
469 578 11 16 0.0509914 
675 573 13 16 0.05078468 
161 558 8 9 0.05041751 
547 620 11 13 0.04958426 
201 512 8 9 0.049578868 
166 559 8 10 0.048827965 
110 588 10 12 0.04873321 
883 625 13 15 0.048659835 
890 577 49 56 0.04818972 
555 544 11 13 0.048017956 
201 542 7 9 0.04764019 
934 599 25 36 0.04673066 
221 600 8 10 0.045877572 
349 604 9 12 0.045571342 
160 553 9 10 0.044877388 
233 558 8 10 0.04409145 
8 600 18 28 0.04407582 
141 566 8 10 0.043549895 
119 589 8 11 0.043292765 
145 542 8 10 0.04318325 
342 560 9 11 0.04314813 
177 558 8 11 0.043147974 
200 584 9 11 0.042797282 
660 587 14 19 0.042448968 
935 229 29 33 0.041777983 
903 435 12 13 0.041229654 
631 560 13 16 0.041161638 
209 528 7 8 0.04093157 
206 573 8 10 0.040421054 
440 571 11 14 0.040361393 
941 586 16 20 0.040180657 
380 618 13 14 0.040031392 
21 620 13 16 0.039773166 
908 437 10 14 0.03954586 
460 616 12 16 0.03910505 
583 573 13 16 0.038943406 
913 580 51 57 0.038881805 
166 566 8 10 0.038839787 
81 615 10 13 0.038451575 
216 559 7 9 0.038415417 
161 567 8 10 0.038239885 
542 590 10 13 0.037938032 
96 568 8 9 0.03769258 
238 550 8 11 0.037618425 
90 581 8 12 0.0373073 
295 572 9 11 0.036873624 
605 553 15 21 0.036206875 
200 537 8 8 0.03596913 
201 573 8 9 0.035706323 
46 566 10 13 0.035606246 
191 584 8 10 0.035594385 
748 572 10 13 0.03551755 
917 454 11 14 0.03500652 
684 615 10 13 0.034610998 
142 561 8 9 0.034576796 
894 556 29 36 0.034189213 
701 595 14 18 0.03410857 
110 555 8 10 0.033936467 
193 569 7 9 0.03374549 
926 403 10 13 0.033632968 
192 574 7 9 0.03361366 
385 590 8 10 0.03328902 
282 590 8 10 0.033159126 
157 598 10 13 0.03259084 
176 512 8 9 0.03251671 
640 621 18 19 0.03217236 
393 540 9 12 0.032023918 
153 584 8 11 0.03190756 
103 568 8 10 0.03185943 
758 600 10 12 0.03180601 
281 584 8 11 0.03166295 
219 606 10 13 0.03164753 
129 566 8 11 0.031351093 
582 525 9 11 0.031278387 
111 615 10 11 0.030893652 
389 603 10 14 0.030809304 
237 616 8 10 0.03063278 
129 512 8 11 0.030469751 
237 555 9 12 0.030116642 
262 600 8 9 0.030109942 
562 614 11 13 0.030061854 
239 544 6 8 0.030010106 
181 519 9 10 0.029960364 
1 556 10 16 0.02948961 
183 574 8 10 0.029451773 
905 559 97 99 0.029188488 
159 527 8 9 0.028913531 
217 553 7 8 0.028882228 
474 558 10 12 0.02888151 
546 522 106 123 0.028647255 
105 557 8 10 0.028444467 
316 571 9 12 0.02840758 
161 518 9 10 0.028296096 
157 584 9 11 0.028212685 
258 617 8 10 0.02820422 
119 567 8 11 0.028050136 
579 546 15 18 0.027941523 
94 620 10 12 0.027844958 
105 586 10 13 0.027757566 
183 567 8 10 0.027736623 
149 542 8 10 0.027496757 
191 597 8 9 0.026767531 
567 527 13 14 0.026754726 
285 624 10 12 0.026499042 
224 544 6 8 0.0263835 
158 572 9 11 0.026297087 
679 593 12 17 0.026252853 
262 560 8 9 0.02623784 
392 621 10 13 0.026190266 
607 615 13 16 0.025870865 
193 528 7 9 0.025857214 
181 558 8 10 0.025739208 
261 566 10 13 0.025718924 
200 518 8 9 0.025701363 
263 605 9 11 0.025621286 
193 608 9 11 0.025512798 
128 560 8 10 0.025510244 
938 586 26 37 0.02547934 
360 583 9 12 0.025279423 
226 581 8 10 0.025140904 
206 588 8 10 0.024886608 
206 542 7 9 0.024667697 
390 588 10 12 0.024606632 
286 599 9 11 0.024322184 
224 577 8 9 0.024224862 
562 572 10 14 0.024186825 
215 574 8 10 0.024150431 
477 562 11 15 0.02407475 
659 609 16 19 0.024073264 
153 573 9 11 0.024064759 
210 559 7 9 0.024040572 
288 570 10 13 0.024029013 
547 590 11 13 0.02400096 
182 537 8 9 0.02397356 
949 571 25 33 0.02395204 
129 583 9 12 0.02391031 
23 591 18 23 0.023903226 
444 588 10 13 0.023703516 
385 523 9 12 0.023675999 
137 551 8 10 0.023529252 
104 542 9 11 0.023414439 
577 534 25 31 0.02341013 
376 615 11 15 0.023370882 
453 540 9 12 0.023328075 
161 512 9 10 0.02312801 
64 557 10 12 0.023127379 
177 518 9 10 0.0230297 
375 564 9 12 0.022966618 
908 588 14 17 0.022865318 
177 608 8 10 0.022767972 
671 576 15 20 0.022713633 
525 565 9 13 0.02252426 
414 550 10 13 0.022472637 
37 230 10 14 0.022385659 
487 589 11 13 0.02224618 
719 591 9 11 0.022243522 
514 574 11 14 0.022240723 
511 579 12 16 0.022234041 
94 581 9 13 0.022135077 
312 614 11 13 0.022008628 
177 576 8 10 0.02193845 
487 571 10 13 0.021854147 
725 571 12 14 0.021774853 
286 612 10 12 0.021758921 
271 620 9 11 0.021723384 
461 565 9 12 0.021623956 
146 621 8 11 0.021608617 
433 575 10 13 0.021574128 
739 549 12 14 0.021551302 
396 619 11 14 0.02140818 
142 572 9 11 0.021363197 
565 602 13 16 0.021319384 
106 526 8 10 0.021308588 
165 512 9 10 0.021215336 
335 567 9 12 0.021210248 
397 587 10 14 0.021093339 
111 607 9 11 0.021046827 
151 559 8 10 0.021020532 
235 553 8 10 0.020908013 
543 624 11 11 0.02088525 
320 560 8 10 0.020883704 
547 566 10 12 0.02088327 
664 586 21 28 0.02087794 
702 628 11 12 0.02084675 
206 519 8 10 0.020774873 
37 599 10 12 0.020670552 
161 534 9 10 0.020577172 
670 620 13 15 0.020574683 
495 598 10 14 0.02051184 
321 403 27 33 0.020469802 
215 527 7 9 0.020428846 
134 512 8 10 0.020408431 
327 567 9 11 0.020282146 
738 619 11 12 0.020235153 
875 549 24 32 0.020233369 
224 520 8 9 0.020232929 
177 582 8 10 0.020191342 
147 604 9 12 0.020181872 
368 607 9 11 0.020169534 
181 551 8 10 0.020160122 
205 511 9 10 0.020123009 
497 579 17 22 0.02011712 
182 511 8 10 0.020115163 
