35_Basketball_basketballgame_ball_35_80
100
493 97 99 117 0.99968517 
259 129 49 69 0.9992685 
35 114 35 44 0.99815565 
808 76 51 57 0.99752635 
294 12 38 49 0.9973992 
383 16 37 48 0.9909992 
166 2 40 49 0.9900657 
7 168 38 47 0.9864835 
893 70 43 56 0.9861422 
91 183 39 48 0.9859511 
906 378 36 46 0.97976935 
136 153 35 37 0.97250855 
164 230 40 51 0.96932214 
3 361 40 56 0.9481642 
65 209 43 54 0.94451714 
0 237 32 53 0.93064 
349 142 32 41 0.5587281 
512 8 27 35 0.46332353 
437 203 29 38 0.39975458 
80 280 35 45 0.3518991 
359 109 48 54 0.32662115 
202 55 26 34 0.32457015 
700 199 15 20 0.24325241 
86 473 32 39 0.22925417 
181 176 32 53 0.22746153 
460 61 33 45 0.2154548 
520 4 20 25 0.1724829 
615 182 35 37 0.14492318 
53 175 29 38 0.14416896 
386 126 17 20 0.12625526 
195 285 38 51 0.12379299 
703 435 58 86 0.12295671 
99 486 23 30 0.100531444 
195 60 38 48 0.08666471 
65 455 47 58 0.081797354 
663 192 15 19 0.07643747 
694 205 27 37 0.072089806 
517 46 45 53 0.06899447 
378 118 27 34 0.06865043 
492 5 42 45 0.06767547 
527 18 29 36 0.065659225 
134 35 28 45 0.06487435 
667 268 34 41 0.06182093 
698 200 40 55 0.06080032 
162 417 44 55 0.060493797 
394 158 22 31 0.058201637 
13 112 24 31 0.051004358 
1001 452 25 46 0.049852032 
15 147 45 56 0.04970268 
546 45 32 36 0.049386926 
390 163 16 22 0.04788605 
400 166 43 53 0.04532689 
91 34 31 36 0.04357444 
609 194 43 47 0.041990444 
91 258 45 58 0.038912233 
485 3 28 34 0.036287416 
455 74 26 36 0.034283288 
512 13 50 60 0.033614453 
148 167 41 50 0.033257846 
79 225 39 49 0.03325149 
423 162 14 17 0.032936633 
225 529 397 540 0.032618314 
103 273 48 62 0.031053158 
190 616 15 17 0.03076616 
149 161 21 22 0.030369645 
39 132 32 40 0.029237153 
-1 202 46 62 0.028420513 
353 559 378 364 0.028373742 
414 175 47 56 0.028262096 
1004 315 21 35 0.027289955 
474 47 42 56 0.025447026 
510 57 29 37 0.025420042 
977 294 27 40 0.024944905 
537 24 17 21 0.024920955 
410 146 43 55 0.024869861 
560 49 17 22 0.02421154 
174 257 47 62 0.024082625 
388 104 43 52 0.024019526 
197 473 31 39 0.02399762 
662 240 48 64 0.023930049 
433 192 45 64 0.023926865 
8 155 27 37 0.02384645 
207 294 42 50 0.023680232 
92 247 34 40 0.023368338 
888 271 87 121 0.02334518 
419 156 25 30 0.023111861 
60 196 33 43 0.023103723 
337 428 11 15 0.022827173 
185 476 29 34 0.02280156 
405 157 27 33 0.022719443 
136 283 42 57 0.021947261 
3 276 29 41 0.021413283 
389 169 24 38 0.021296876 
185 57 32 35 0.020649197 
916 351 26 33 0.02060395 
674 212 48 58 0.020446844 
205 261 47 60 0.020421531 
579 533 38 36 0.020362787 
722 556 15 19 0.020275718 
459 46 29 38 0.020003656 
