35_Basketball_playingbasketball_35_795
456
82 36 24 31 0.9979857 
220 74 25 31 0.9974915 
52 269 65 91 0.9951416 
486 497 13 19 0.9775269 
847 84 44 55 0.96272844 
559 59 40 53 0.95943236 
641 17 14 20 0.93874264 
952 28 19 25 0.9383664 
972 75 17 25 0.9268325 
135 108 23 30 0.9229137 
212 124 39 45 0.82082075 
39 14 10 12 0.7849113 
609 521 11 14 0.6480334 
912 436 23 35 0.6089028 
852 594 10 15 0.54010624 
695 544 9 11 0.4946395 
520 505 15 18 0.486102 
195 129 13 16 0.48359743 
590 510 8 11 0.4763853 
596 29 11 15 0.46451843 
695 570 12 14 0.36426076 
382 71 8 10 0.3096705 
156 94 17 23 0.3039518 
477 115 12 18 0.27715534 
662 550 8 11 0.2601432 
10 455 23 30 0.24137706 
785 517 7 9 0.2349939 
377 71 8 10 0.22514169 
462 543 11 15 0.21500844 
439 549 11 14 0.19655709 
524 465 11 15 0.1960546 
453 180 13 17 0.19194728 
771 9 16 19 0.19028237 
1002 100 15 19 0.18657446 
725 550 8 11 0.18232903 
332 5 12 13 0.17693168 
328 55 8 12 0.1654835 
700 548 9 13 0.16168335 
743 549 8 10 0.16142654 
357 7 9 11 0.15935425 
435 521 12 14 0.14752212 
745 544 8 10 0.14450304 
608 549 10 13 0.14440307 
886 226 35 34 0.14366354 
443 568 14 17 0.14119095 
689 547 10 13 0.1310661 
735 559 10 13 0.13093726 
775 536 8 10 0.12795317 
392 8 11 12 0.12706456 
749 543 8 10 0.12564684 
376 22 7 9 0.11874221 
393 46 7 9 0.11240156 
158 430 129 147 0.11163469 
366 37 9 11 0.111427516 
305 47 8 10 0.10962251 
301 203 26 29 0.10458927 
28 28 11 13 0.10340247 
679 565 10 12 0.10287232 
310 78 7 9 0.09931526 
299 3 12 14 0.09555622 
318 94 7 10 0.09427497 
333 113 9 11 0.092743166 
288 245 49 51 0.09175217 
568 542 10 11 0.09090992 
598 46 14 18 0.09035324 
596 532 10 13 0.08959435 
681 542 8 9 0.08855984 
361 38 8 10 0.087221 
738 2 28 25 0.0858729 
790 518 8 9 0.08313566 
344 81 6 9 0.08001602 
999 116 24 42 0.08000442 
679 571 10 12 0.0799969 
297 36 8 10 0.07917301 
773 587 9 12 0.07731651 
574 543 9 12 0.077010304 
280 28 12 17 0.07635329 
625 543 9 10 0.07460689 
574 549 9 12 0.07440608 
390 134 10 13 0.074158855 
712 528 8 9 0.07356325 
680 536 8 9 0.073143184 
502 484 13 17 0.07225938 
826 60 12 15 0.07162192 
21 52 11 13 0.0709085 
575 557 8 11 0.07075294 
408 79 8 10 0.06944066 
336 71 8 9 0.06750203 
384 135 10 12 0.06681493 
353 40 7 9 0.06576767 
785 551 8 9 0.06522781 
621 503 8 10 0.06492197 
727 555 10 13 0.063537166 
367 81 6 8 0.06254933 
397 46 8 10 0.061555892 
367 33 9 10 0.061537314 
722 520 7 9 0.061344985 
625 568 9 11 0.061042268 
736 549 9 11 0.06089137 
125 313 94 92 0.060012702 
56 547 44 55 0.059687957 
665 572 10 12 0.059470586 
625 485 9 11 0.059084233 
726 543 8 12 0.058698628 
322 46 8 10 0.05774259 
601 485 9 11 0.05745786 
657 545 8 11 0.05735864 
123 335 40 41 0.057041075 
969 437 12 15 0.05687921 
742 558 8 12 0.056800872 
322 40 8 10 0.055502355 
351 63 7 9 0.055011638 
725 519 7 9 0.05473343 
480 483 11 14 0.05459309 
599 501 8 10 0.053921636 
574 567 9 11 0.053761777 
661 511 8 10 0.053657662 
333 55 8 11 0.05345951 
398 135 9 12 0.053302057 
360 127 8 9 0.053027272 
369 64 7 8 0.052090257 
626 573 8 11 0.05188052 
649 484 8 10 0.05151584 
277 43 11 15 0.051266186 
428 540 11 14 0.050908905 
1002 102 21 33 0.05038933 
702 519 7 9 0.050247803 
581 543 9 11 0.049221825 
631 555 9 12 0.048653107 
383 39 7 9 0.047787447 
454 253 386 479 0.047769222 
302 64 7 10 0.0475496 
743 565 10 12 0.04735748 
351 47 8 9 0.047124445 
408 104 9 11 0.04683783 
710 532 10 11 0.046639167 
383 77 7 8 0.04612428 
592 505 8 11 0.045418013 
322 54 8 11 0.045170974 
935 133 21 34 0.04472246 
927 346 15 19 0.044643406 
701 554 10 14 0.04462261 
583 568 8 10 0.044621885 
889 209 35 36 0.044608023 
746 1 43 45 0.044236474 
600 496 8 11 0.04414192 
1005 133 13 22 0.043947764 
719 525 9 10 0.043740455 
362 82 7 9 0.04372599 
766 548 8 10 0.043404866 
326 40 7 10 0.04327827 
768 544 7 10 0.043052066 
616 511 9 11 0.042879596 
686 558 9 12 0.04209286 
377 46 7 10 0.041862264 
337 101 8 10 0.041789584 
509 567 9 12 0.041555118 
447 596 9 11 0.04135938 
314 95 8 10 0.041264005 
726 579 13 18 0.04105244 
518 486 11 13 0.04100531 
792 542 8 10 0.04097952 
775 575 8 9 0.040860534 
319 89 7 9 0.040688366 
787 4 16 20 0.040455967 
792 535 9 11 0.039790213 
409 85 8 10 0.039419122 
629 61 12 16 0.03929328 
702 496 7 9 0.039147012 
465 546 12 15 0.039115243 
119 335 185 218 0.03902095 
507 491 12 16 0.03892852 
739 15 17 20 0.038711466 
202 122 20 28 0.038647145 
304 70 8 11 0.038580623 
377 93 8 10 0.038271256 
697 519 8 11 0.038170744 
56 62 10 13 0.03798756 
698 524 9 11 0.037883677 
720 543 10 13 0.03783925 
836 90 35 45 0.037804928 
668 35 15 17 0.03742575 
759 544 9 10 0.037422307 
663 555 9 11 0.03741281 
377 78 7 8 0.03737803 
382 31 7 10 0.037275057 
751 526 7 9 0.037173137 
807 629 11 12 0.037043866 
646 501 8 10 0.036298674 
749 560 8 10 0.036092184 
397 156 10 13 0.036054797 
209 116 25 31 0.03598128 
376 88 8 10 0.03596629 
748 567 9 11 0.035859127 
477 515 12 15 0.035798162 
818 55 23 28 0.035674747 
301 13 10 13 0.03539414 
607 471 9 10 0.03530989 
351 55 7 9 0.035285696 
686 519 8 10 0.035250165 
631 480 8 12 0.035187583 
782 526 8 11 0.035059202 
647 480 8 10 0.03501971 
726 575 10 14 0.034999654 
742 582 9 11 0.03496222 
19 332 42 55 0.034924436 
337 39 8 9 0.034798127 
559 501 11 14 0.03464192 
305 52 8 10 0.03463711 
259 214 30 33 0.0346323 
687 485 8 10 0.034616753 
596 22 19 24 0.034519296 
769 566 8 10 0.034354325 
778 529 8 11 0.03424558 
310 102 8 10 0.033988055 
285 45 11 14 0.0338667 
309 47 8 9 0.0338611 
309 72 8 11 0.03320008 
608 565 10 13 0.03310911 
696 538 8 10 0.032934595 
374 112 9 11 0.0327011 
626 114 50 54 0.032530595 
673 484 8 10 0.032494158 
343 96 7 10 0.032287862 
341 5 10 11 0.032213394 
568 572 9 12 0.03220352 
327 1 11 13 0.032147106 
371 71 6 9 0.031876266 
322 60 8 10 0.031843886 
438 85 9 11 0.03170943 
973 440 13 16 0.031655848 
618 58 24 35 0.031623438 
346 63 7 9 0.031607326 
688 570 12 16 0.031493757 
434 547 11 15 0.031463355 
591 526 12 14 0.03146017 
654 485 8 10 0.031425323 
565 488 9 11 0.03138375 
342 40 8 9 0.031376023 
703 527 8 10 0.031317238 
771 536 7 9 0.0312714 
736 544 8 10 0.03126966 
611 555 11 13 0.03125885 
41 18 13 16 0.031177705 
950 23 15 20 0.030926324 
780 533 10 12 0.030919494 
549 567 13 18 0.030893417 
443 543 12 13 0.030863544 
617 496 8 10 0.030863043 
302 39 8 9 0.030856866 
934 570 12 14 0.030706203 
344 46 7 10 0.030684646 
311 15 9 11 0.030572679 
512 467 12 15 0.030569443 
709 548 12 14 0.030529393 
557 572 9 13 0.030343028 
78 280 102 106 0.030191576 
712 565 10 13 0.030077314 
774 567 8 10 0.030065248 
621 510 9 11 0.03000486 
514 2 17 16 0.02988885 
751 536 8 10 0.0298816 
381 23 7 10 0.029869884 
542 479 13 15 0.029835671 
143 330 107 108 0.029786665 
630 575 8 11 0.029714651 
50 387 32 37 0.02953598 
352 135 8 10 0.029387651 
385 152 9 12 0.02924899 
669 566 10 12 0.029049696 
369 112 8 11 0.028937392 
335 31 9 10 0.028927438 
400 118 8 10 0.028870862 
726 526 8 9 0.028735371 
722 578 24 28 0.028443258 
339 77 7 10 0.028418964 
918 135 41 48 0.028253723 
352 31 8 9 0.028212817 
721 480 8 9 0.02801414 
712 570 11 14 0.027901266 
424 21 10 12 0.027873907 
313 87 8 10 0.02763495 
327 95 8 10 0.027495855 
662 36 14 16 0.02744418 
608 512 8 11 0.027431233 
655 471 8 9 0.027306313 
640 479 8 11 0.027184423 
727 535 7 10 0.027070671 
351 81 7 9 0.02692131 
491 565 12 15 0.026920253 
392 152 10 13 0.026797408 
942 127 21 33 0.026752956 
761 548 9 11 0.026662827 
946 99 23 30 0.026611203 
686 564 12 15 0.02660354 
575 524 12 14 0.026575932 
681 548 10 12 0.026451627 
874 47 26 30 0.026290433 
351 160 11 12 0.026139263 
5 3 13 15 0.026101934 
769 472 7 8 0.025896356 
345 55 7 9 0.025867578 
397 40 9 11 0.02585949 
687 536 7 9 0.025813736 
966 431 21 27 0.025791775 
641 501 8 10 0.02570338 
27 34 14 18 0.025473636 
334 62 8 10 0.025445111 
310 54 8 10 0.02544472 
360 55 7 9 0.02540842 
636 605 10 13 0.025327861 
737 479 7 10 0.025307506 
790 551 8 10 0.025286753 
27 49 15 18 0.025283473 
177 129 39 51 0.025269967 
793 92 43 56 0.025247693 
697 496 8 10 0.025239049 
736 472 7 9 0.025229124 
974 449 13 16 0.02522244 
407 121 10 11 0.025174232 
703 534 9 11 0.025159294 
647 472 9 9 0.025144875 
630 580 9 11 0.02512951 
429 570 11 14 0.025075674 
519 532 8 11 0.025062487 
575 56 31 42 0.024987016 
631 471 8 10 0.024957597 
951 85 25 30 0.024886267 
358 133 9 12 0.024865778 
504 31 17 18 0.024853824 
624 536 8 11 0.024846628 
553 532 10 12 0.024746627 
432 599 8 10 0.024745315 
384 45 7 10 0.024705514 
632 81 51 61 0.024702493 
719 496 7 8 0.024671825 
932 217 29 34 0.024669737 
717 572 13 17 0.02455844 
711 485 7 9 0.024542784 
520 459 20 24 0.024534682 
343 127 8 11 0.024378387 
328 71 8 11 0.024353905 
710 541 11 14 0.024350535 
806 470 9 11 0.024342906 
613 541 10 13 0.024341647 
889 165 49 52 0.02425054 
476 106 22 30 0.024220172 
722 513 7 9 0.024166295 
566 536 12 13 0.024166005 
749 547 9 11 0.02414416 
212 110 15 19 0.024122715 
535 532 11 12 0.024044158 
719 534 9 10 0.024035338 
851 74 30 45 0.024027016 
351 96 8 10 0.02393893 
321 6 8 11 0.023916522 
532 478 13 14 0.023896094 
624 471 9 10 0.023841016 
545 34 73 100 0.023821833 
661 545 8 11 0.023794942 
408 73 8 10 0.02378625 
260 78 10 13 0.023752302 
617 486 7 10 0.023720978 
407 134 11 14 0.023696415 
802 470 8 10 0.02362513 
726 513 7 8 0.023529038 
22 37 21 26 0.023486892 
704 513 7 9 0.023484912 
374 39 8 10 0.023457257 
584 517 10 13 0.023316937 
341 101 8 9 0.023289295 
957 76 24 30 0.023269275 
319 111 8 11 0.023187136 
320 32 8 10 0.023150034 
633 17 15 20 0.023117082 
681 525 10 12 0.023028046 
360 95 9 11 0.023004083 
767 606 9 12 0.022923933 
823 72 27 35 0.02284796 
913 428 18 23 0.022755008 
23 57 13 15 0.022725811 
559 541 10 12 0.022692781 
626 547 10 13 0.022581853 
292 247 30 33 0.022519397 
30 22 12 15 0.022489505 
246 77 12 17 0.022453202 
744 571 10 12 0.022393174 
996 249 14 20 0.022383023 
691 542 18 23 0.022381324 
597 525 12 15 0.022349237 
753 2 20 19 0.022216287 
629 566 8 11 0.022196779 
373 141 11 14 0.022195362 
317 199 32 31 0.02216012 
593 496 8 10 0.022144327 
408 55 9 10 0.022104507 
367 85 6 9 0.022009982 
640 580 8 12 0.02198932 
424 536 12 16 0.021969412 
455 541 13 15 0.021943219 
686 38 13 14 0.02194294 
669 551 8 10 0.02185462 
600 518 8 11 0.021845741 
304 20 8 10 0.02181967 
550 468 12 13 0.02178339 
971 404 18 22 0.021751318 
582 524 9 12 0.02174567 
328 32 8 10 0.021744698 
360 32 9 10 0.021728799 
18 47 20 24 0.02170583 
304 88 7 10 0.021684134 
606 439 9 11 0.021608174 
374 5 9 11 0.021559134 
719 577 15 19 0.021517402 
494 482 14 17 0.021513285 
560 493 11 13 0.021506937 
501 498 11 15 0.021431059 
366 56 7 9 0.021371888 
376 65 7 9 0.021240056 
399 94 8 10 0.021200448 
433 554 11 14 0.021188373 
367 6 9 11 0.021177493 
721 472 6 9 0.021176113 
613 530 9 12 0.021074519 
400 88 8 10 0.021031141 
391 127 9 12 0.021026136 
531 506 12 16 0.021016082 
717 -1 29 26 0.020954005 
570 567 9 12 0.020852659 
301 32 9 10 0.020802105 
360 46 7 9 0.020678883 
725 603 15 17 0.020629158 
548 501 13 17 0.020609604 
359 101 8 10 0.02057494 
690 45 51 55 0.020556927 
505 581 10 13 0.020500654 
376 54 7 10 0.02046497 
727 472 7 8 0.020404313 
703 472 8 10 0.020391362 
562 44 29 38 0.020375151 
727 485 7 9 0.020373782 
439 597 9 11 0.020356208 
944 143 16 23 0.02035227 
268 225 94 97 0.020326022 
375 30 8 10 0.020317513 
304 94 7 10 0.02027601 
437 544 19 22 0.02025712 
392 41 8 11 0.020236198 
759 581 9 10 0.02018979 
622 495 8 9 0.020182481 
447 159 11 14 0.02017583 
680 471 7 10 0.020129371 
733 573 10 12 0.020126875 
375 201 36 41 0.0200632 
596 540 10 13 0.020063106 
311 7 8 11 0.020043204 
