35_Basketball_Basketball_35_393
28
181 27 258 215 0.911237 
757 164 43 64 0.52788955 
202 15 412 434 0.25583175 
783 94 49 58 0.19168566 
824 380 184 247 0.18244998 
-55 300 476 399 0.15268156 
533 677 13 17 0.0878656 
726 127 77 109 0.08464171 
271 170 400 400 0.08231588 
773 180 40 46 0.04939441 
794 197 31 37 0.0484538 
199 694 51 60 0.04736258 
813 98 37 43 0.03928092 
37 83 465 519 0.039188903 
782 97 27 42 0.034581076 
748 179 35 60 0.03182762 
56 615 23 32 0.031298988 
763 271 40 47 0.03040835 
781 266 51 75 0.028004758 
776 248 103 147 0.02710372 
140 354 366 479 0.026761003 
739 268 50 60 0.024926664 
579 684 28 32 0.024237636 
547 667 16 19 0.023605086 
690 93 92 135 0.023323253 
765 95 52 80 0.023052251 
701 109 187 235 0.022814386 
369 691 36 41 0.021485424 
