35_Basketball_Basketball_35_185
73
293 436 59 64 0.99485457 
717 469 63 89 0.97635704 
607 720 21 28 0.97417825 
458 637 44 56 0.45171684 
598 766 11 15 0.16187826 
559 746 13 17 0.14482068 
593 748 12 14 0.111511104 
650 445 50 57 0.10310347 
631 763 14 16 0.088159926 
564 764 15 19 0.066274256 
591 742 12 15 0.06605881 
448 156 12 15 0.0604642 
527 699 14 19 0.059781615 
553 744 23 31 0.05914765 
992 734 9 12 0.052504234 
674 442 31 35 0.05200818 
592 72 450 421 0.05080606 
949 520 8 10 0.04314014 
692 465 111 129 0.042109903 
716 488 40 55 0.041579906 
-31 -22 416 486 0.039275967 
677 24 9 10 0.038856357 
420 722 25 32 0.03670919 
479 644 36 45 0.03586047 
629 739 13 16 0.034746505 
506 668 15 22 0.033877354 
678 0 8 9 0.033767004 
699 818 24 32 0.033403102 
705 8 9 9 0.032803673 
403 633 357 483 0.032401703 
497 654 24 38 0.031946674 
1002 623 8 10 0.030159052 
635 738 12 15 0.03000009 
427 730 15 18 0.029827075 
622 740 21 25 0.028954564 
45 653 8 11 0.027232567 
945 524 9 10 0.027167266 
375 760 10 11 0.02716615 
656 28 9 12 0.027001796 
602 463 31 33 0.026987284 
629 731 15 18 0.026926592 
589 743 20 24 0.026227903 
550 716 14 18 0.026018795 
584 660 11 15 0.025854686 
554 463 22 25 0.025744746 
694 15 8 9 0.025679559 
609 443 42 54 0.02509651 
452 153 425 453 0.024994437 
710 8 9 10 0.024679324 
634 749 13 15 0.02379592 
22 696 8 10 0.023575617 
657 441 85 96 0.023566008 
661 59 9 11 0.023410842 
595 756 14 17 0.023399495 
705 13 9 10 0.023309428 
157 605 9 11 0.02286688 
960 536 8 9 0.02261603 
606 656 13 17 0.021547994 
688 24 8 9 0.021486599 
592 510 11 12 0.021391677 
583 737 13 17 0.021132682 
458 598 9 11 0.020585144 
709 12 10 11 0.020555355 
719 5 12 12 0.020355588 
682 712 8 11 0.020342462 
21 732 10 12 0.020312503 
655 495 32 34 0.020306991 
445 159 17 21 0.020181607 
705 31 9 12 0.020175649 
728 478 34 43 0.020150933 
974 510 7 10 0.020095719 
1000 704 8 11 0.020080907 
135 683 9 13 0.02005695 
