35_Basketball_playingbasketball_35_283
49
660 351 120 93 0.9453847 
0 254 123 197 0.2937799 
233 6 33 35 0.10530156 
157 309 16 20 0.07198397 
372 909 15 20 0.051840894 
258 0 37 32 0.050601766 
1012 750 11 19 0.04800395 
741 1372 17 18 0.04582596 
671 372 40 33 0.042831175 
780 1374 15 16 0.042541973 
373 29 37 61 0.03879862 
109 1235 10 13 0.038071293 
152 1318 10 12 0.036603708 
430 1184 12 15 0.035645682 
437 957 11 15 0.0322183 
1012 799 12 19 0.03164602 
309 1369 16 16 0.030617077 
290 994 223 249 0.03057579 
866 1373 17 19 0.030020047 
36 637 10 13 0.029181778 
0 925 11 15 0.02889957 
443 15 13 12 0.02869199 
247 1373 9 11 0.028609317 
391 1370 13 14 0.028407441 
151 1324 11 13 0.028170332 
685 363 55 53 0.02670428 
0 979 12 21 0.026381686 
413 880 10 13 0.02609214 
218 1306 13 16 0.025700193 
260 1177 40 58 0.025038045 
110 1326 9 12 0.0247314 
425 1180 11 14 0.024713224 
382 1368 10 12 0.02451962 
128 1309 11 13 0.02418727 
132 1259 12 15 0.02403988 
702 386 72 77 0.023709554 
398 1371 12 14 0.023628507 
302 1370 13 14 0.023589384 
886 1384 11 13 0.02357863 
0 909 15 17 0.023360552 
755 558 24 39 0.023050388 
267 1179 18 20 0.02279479 
422 191 14 17 0.022109382 
382 822 10 11 0.021522552 
429 1373 14 14 0.020935936 
587 323 224 168 0.020804811 
141 643 11 13 0.020773258 
462 341 13 15 0.020716691 
58 982 14 18 0.020017015 
