35_Basketball_playingbasketball_35_251
24
431 113 100 151 0.9979956 
168 932 23 29 0.16562799 
264 1199 24 31 0.0889229 
-26 -130 434 449 0.07603693 
274 939 18 20 0.05896349 
163 878 16 17 0.045228243 
-45 176 439 516 0.037411332 
114 878 13 15 0.031038957 
105 918 17 22 0.028536297 
127 281 25 27 0.027001353 
93 884 10 12 0.026350155 
446 597 9 10 0.02610149 
455 611 16 20 0.023866195 
363 276 30 35 0.023271566 
980 1060 11 15 0.022544075 
855 604 10 12 0.022434684 
775 1049 8 9 0.022184765 
807 1064 10 12 0.021227198 
857 19 17 20 0.02117502 
58 895 16 17 0.020937845 
27 933 16 20 0.020437926 
913 0 27 28 0.020307709 
161 909 16 18 0.020254355 
133 879 14 15 0.020064183 
