35_Basketball_basketballgame_ball_35_827
37
380 408 209 301 0.9997938 
707 905 242 290 0.99846077 
540 1346 139 154 0.87721264 
500 1314 63 83 0.23335637 
461 1442 60 79 0.19235575 
755 1039 221 271 0.118669055 
615 653 194 252 0.0727156 
515 1343 38 48 0.06757922 
559 1143 138 100 0.06281785 
649 867 417 458 0.056764502 
549 901 14 19 0.055234455 
592 1153 83 61 0.051049605 
545 853 15 18 0.0429196 
481 1194 193 232 0.041103996 
531 900 12 15 0.03936965 
568 1151 73 52 0.03890576 
511 1299 111 140 0.03219796 
422 1400 92 139 0.030555725 
444 1293 194 245 0.029298598 
554 581 341 436 0.029015949 
461 834 12 17 0.027007736 
174 765 342 421 0.026561264 
147 1000 374 465 0.026516981 
516 951 11 14 0.026268467 
478 1326 55 81 0.025474297 
10 1421 30 32 0.025055626 
645 1013 260 263 0.024737023 
217 742 31 37 0.024382398 
272 727 55 66 0.023905713 
533 943 9 12 0.023579648 
507 884 14 17 0.023076199 
489 1375 115 128 0.022659242 
0 1266 228 275 0.021190211 
727 753 36 39 0.020747624 
475 1123 224 198 0.02068976 
336 910 110 132 0.020039236 
544 905 13 17 0.020002643 
