35_Basketball_basketballgame_ball_35_709
1375
883 1010 30 37 0.99933016 
223 1008 34 42 0.9987962 
769 998 32 41 0.99839514 
65 990 29 35 0.99799395 
895 979 27 33 0.9971457 
179 982 37 45 0.99648464 
286 993 34 41 0.9954065 
347 965 31 36 0.99468297 
2 1001 36 50 0.99406 
529 411 60 63 0.99179804 
172 940 24 28 0.9892709 
938 980 24 30 0.98897666 
995 930 21 28 0.98830974 
37 988 26 35 0.9873094 
138 959 24 31 0.98568904 
782 714 17 22 0.9844604 
905 926 22 27 0.9832254 
864 976 22 29 0.9828278 
850 919 22 27 0.9810775 
3 967 23 30 0.9810559 
1002 1000 23 34 0.97800285 
323 777 21 28 0.9765394 
246 929 25 32 0.961791 
993 977 27 36 0.9571077 
106 829 20 26 0.95707464 
26 772 21 28 0.95170933 
54 804 21 27 0.9469437 
909 955 21 25 0.9419251 
410 550 17 21 0.9323826 
925 806 21 26 0.93182546 
241 734 18 24 0.9303761 
415 755 20 24 0.9248947 
262 775 20 26 0.9238832 
984 780 19 23 0.9235089 
786 977 25 33 0.9217571 
948 684 17 22 0.9187077 
180 563 17 21 0.9173495 
307 805 19 26 0.91639256 
55 960 23 28 0.9084731 
46 623 25 34 0.9079255 
931 905 20 25 0.9070508 
869 861 19 24 0.9049638 
897 674 17 23 0.9047591 
914 864 19 25 0.9038297 
973 833 21 26 0.903727 
945 655 19 23 0.9035604 
230 685 17 22 0.9024681 
354 752 20 25 0.9010825 
138 821 24 31 0.90065986 
107 643 17 22 0.89185023 
354 554 18 22 0.8839695 
297 685 20 26 0.8835419 
80 566 17 23 0.8757888 
828 720 19 25 0.874756 
242 550 17 21 0.8663591 
975 581 12 17 0.86282444 
96 931 21 25 0.8545589 
218 603 16 21 0.84169084 
10 555 18 22 0.83557105 
10 612 22 30 0.8317279 
322 704 20 24 0.8294635 
418 599 16 21 0.8271074 
147 674 15 20 0.8238818 
974 608 14 18 0.8162583 
269 705 17 21 0.81592834 
764 416 15 18 0.8100426 
30 828 22 27 0.80141056 
275 753 21 26 0.801305 
792 643 17 22 0.79952705 
644 593 80 74 0.7921592 
290 624 16 21 0.78846467 
302 554 16 20 0.78739125 
840 652 13 17 0.78216445 
985 719 16 21 0.77774024 
390 582 17 22 0.776151 
440 704 16 22 0.7728225 
0 888 18 25 0.7680185 
997 814 19 24 0.7663723 
219 759 18 22 0.7571751 
19 856 22 28 0.7558528 
267 984 30 36 0.74819106 
156 709 20 26 0.7462959 
924 580 21 27 0.7362065 
972 907 20 27 0.7298454 
0 602 26 35 0.72331536 
-1 812 13 22 0.7141315 
860 810 18 22 0.7118166 
330 645 16 20 0.7086353 
926 732 16 20 0.7078353 
965 968 20 27 0.7063933 
751 491 14 17 0.69916356 
391 628 16 20 0.69584155 
127 422 13 16 0.6829448 
421 475 14 18 0.681497 
833 774 16 21 0.6763058 
44 422 14 16 0.6752837 
247 323 13 16 0.6651322 
508 936 22 28 0.66408867 
804 780 19 24 0.6633335 
100 973 24 31 0.66237676 
1 928 22 31 0.6554468 
193 663 16 20 0.649265 
496 989 30 41 0.6437417 
373 668 16 20 0.6368142 
789 313 12 16 0.63425946 
263 662 15 17 0.6299996 
800 548 19 23 0.62814933 
58 594 18 23 0.62061423 
263 964 33 42 0.6159458 
164 587 14 19 0.6130717 
974 759 20 23 0.6060805 
854 894 22 28 0.59788835 
206 374 13 16 0.59699935 
84 861 17 23 0.59472346 
201 791 19 25 0.5885136 
868 773 15 19 0.58498085 
362 717 18 22 0.58459026 
312 388 12 14 0.5741696 
798 807 20 25 0.5734678 
295 430 13 17 0.56725943 
75 413 13 16 0.5564211 
827 492 14 16 0.5541078 
410 408 13 17 0.5288602 
346 489 16 21 0.52829987 
166 374 13 16 0.51865095 
977 697 18 21 0.5143251 
354 831 23 29 0.509731 
814 412 13 15 0.5081941 
187 710 16 20 0.505088 
195 306 12 16 0.501356 
926 779 15 19 0.49736348 
228 483 17 22 0.4944412 
181 614 15 19 0.4941582 
245 629 16 21 0.49181452 
909 837 18 22 0.48900512 
882 737 15 20 0.48795184 
86 492 11 15 0.48689649 
231 413 13 16 0.48649305 
162 989 31 38 0.4802854 
427 642 18 24 0.47948587 
105 961 28 33 0.47875774 
55 351 11 15 0.47799295 
292 321 14 17 0.4726224 
875 787 17 21 0.4710194 
307 601 16 20 0.4680424 
370 645 18 23 0.46638137 
974 863 20 26 0.46493983 
773 693 14 17 0.46455243 
388 784 22 27 0.4641845 
394 867 24 31 0.462566 
109 407 13 16 0.4614238 
394 371 13 16 0.45980805 
186 733 17 23 0.45300126 
798 429 13 16 0.4526244 
799 366 13 15 0.4495751 
87 394 14 17 0.44872427 
245 357 11 14 0.448117 
365 358 13 16 0.43563864 
356 691 16 19 0.4281079 
751 964 22 30 0.41635853 
787 401 14 17 0.405265 
888 467 12 16 0.4037858 
64 433 12 16 0.40339696 
207 333 11 13 0.40323344 
301 458 16 19 0.40219426 
255 612 15 19 0.40175292 
66 467 13 16 0.40092236 
277 484 11 14 0.39705247 
761 740 17 19 0.39105192 
132 626 14 18 0.37694088 
224 893 26 32 0.3762378 
108 333 13 15 0.37256977 
911 307 9 12 0.37017757 
882 581 14 17 0.36249942 
211 971 22 29 0.35949874 
895 650 15 19 0.35893038 
264 366 12 16 0.35759243 
889 704 15 19 0.35621983 
722 571 16 21 0.348609 
93 428 12 15 0.34498054 
896 635 15 17 0.34302163 
111 441 13 16 0.33997947 
261 583 15 19 0.33884084 
227 366 10 14 0.3374221 
236 443 16 19 0.3330166 
76 336 11 13 0.33136728 
75 523 14 18 0.32644612 
765 468 16 20 0.32199273 
171 422 13 16 0.3206522 
370 382 12 15 0.31996247 
415 384 10 13 0.31944895 
253 400 14 17 0.3188231 
895 445 12 15 0.3174455 
842 677 14 16 0.305156 
301 731 18 21 0.3048533 
643 620 68 82 0.30354366 
120 287 10 12 0.30020112 
71 359 11 14 0.2993654 
145 609 15 18 0.2980978 
737 450 12 16 0.29340836 
8 326 10 13 0.29010245 
335 345 13 16 0.28561306 
77 214 11 14 0.28552762 
871 420 11 15 0.28350767 
742 702 15 20 0.281644 
0 749 14 27 0.27917978 
19 601 24 29 0.27916738 
316 533 13 16 0.27626085 
872 415 10 12 0.2757084 
157 470 11 14 0.27481455 
280 353 13 16 0.27426335 
808 669 14 18 0.27167922 
853 736 16 20 0.26216444 
148 355 12 15 0.25763726 
18 460 14 18 0.25728446 
334 275 12 16 0.2539583 
108 361 12 15 0.25325254 
267 337 13 16 0.25239027 
349 462 12 16 0.25130758 
389 399 11 15 0.25042462 
200 553 14 19 0.24966128 
39 475 13 16 0.239721 
366 206 11 13 0.23668817 
945 429 12 15 0.23281163 
319 668 14 17 0.23146039 
228 294 10 13 0.23036447 
739 301 11 14 0.22670683 
184 476 13 16 0.22623447 
925 475 13 15 0.223102 
134 397 12 16 0.2219712 
836 430 12 16 0.21980132 
143 646 14 18 0.21703915 
889 952 17 22 0.21471803 
174 516 15 19 0.21409367 
996 748 16 19 0.21124028 
791 434 13 16 0.21045321 
822 698 15 19 0.210365 
801 299 10 13 0.2084006 
44 396 12 16 0.20766409 
99 588 15 19 0.20621084 
788 484 13 17 0.20551664 
271 761 21 28 0.20483899 
831 393 12 15 0.20287026 
697 394 16 21 0.19813582 
756 390 13 16 0.19722126 
324 441 13 17 0.19568765 
847 450 13 16 0.19556914 
852 618 15 20 0.1950257 
170 357 13 15 0.19464669 
123 1001 22 28 0.1936721 
925 790 20 25 0.19344074 
230 383 12 15 0.19271533 
953 974 21 29 0.19057667 
437 632 16 23 0.19035335 
288 374 13 17 0.19034405 
856 467 12 16 0.18918753 
182 688 16 20 0.18890108 
741 246 11 14 0.18883097 
188 383 11 15 0.18847498 
925 769 19 23 0.18827759 
140 502 13 16 0.18654527 
87 306 11 13 0.18583685 
85 350 12 15 0.18525876 
152 392 11 14 0.1848235 
299 402 13 15 0.18458131 
59 975 26 35 0.18023573 
269 309 12 15 0.1770443 
944 372 11 14 0.17648228 
774 323 12 14 0.17640352 
941 332 11 14 0.17633814 
398 688 17 20 0.174635 
376 819 16 19 0.17376348 
615 278 10 14 0.17227228 
236 311 12 14 0.17138359 
117 325 12 15 0.1710772 
1002 680 18 22 0.17083655 
791 340 12 15 0.16854124 
147 555 13 17 0.1679249 
807 326 11 14 0.16608617 
877 384 10 12 0.16586047 
951 355 12 14 0.16560651 
219 434 13 16 0.16548973 
377 472 15 18 0.16240083 
229 889 17 21 0.1620592 
217 453 14 16 0.16100198 
313 859 23 34 0.15989335 
671 572 26 30 0.15951224 
316 473 17 22 0.15896775 
768 371 12 14 0.15495095 
630 363 11 15 0.15428437 
335 624 14 17 0.15346067 
368 712 17 21 0.15234789 
318 584 16 19 0.15129605 
278 330 11 15 0.15006654 
661 239 9 11 0.14870754 
952 312 11 13 0.14792064 
863 847 16 20 0.1474697 
759 721 13 16 0.1467135 
27 430 12 16 0.14531802 
734 373 13 16 0.14521223 
67 370 14 16 0.14441186 
726 461 13 17 0.14369375 
260 498 14 17 0.14360662 
867 442 11 13 0.14251867 
110 465 12 16 0.14185081 
918 898 16 20 0.14180118 
371 656 17 21 0.14151523 
727 428 14 16 0.14082286 
831 433 13 16 0.14015153 
872 499 13 16 0.13988441 
869 336 9 12 0.13968794 
989 439 9 11 0.13966359 
539 361 26 31 0.13925873 
711 313 13 16 0.13885485 
983 439 11 13 0.13833164 
173 503 11 14 0.13734186 
924 744 18 21 0.1356925 
970 937 16 19 0.13426094 
130 787 15 19 0.13329867 
26 364 12 15 0.1311407 
192 532 13 17 0.1298983 
794 615 15 20 0.12813064 
770 918 25 33 0.12809254 
326 317 14 16 0.12800866 
183 364 11 16 0.12721981 
4 415 12 16 0.12607163 
292 585 13 17 0.12446191 
337 475 14 17 0.12434418 
97 985 20 25 0.124219134 
432 1024 16 21 0.122834325 
121 264 9 12 0.12049941 
262 465 14 18 0.12023567 
995 720 15 19 0.12013867 
893 350 12 15 0.11977311 
48 286 11 14 0.11957746 
23 585 21 27 0.118628114 
932 391 11 12 0.11753016 
880 724 18 22 0.11728369 
811 536 15 19 0.11667393 
269 386 13 15 0.11577593 
835 522 17 22 0.11507888 
809 910 23 32 0.11492959 
656 372 11 14 0.114506535 
88 285 11 13 0.11350081 
857 350 10 13 0.11341383 
110 295 11 14 0.11216924 
952 483 13 15 0.11193649 
738 329 13 16 0.11093167 
551 429 52 63 0.11072953 
510 360 13 18 0.11060026 
383 343 9 13 0.10957888 
123 551 13 18 0.109436594 
255 242 11 13 0.108099274 
710 431 14 18 0.10760426 
937 447 10 13 0.106261164 
699 452 14 17 0.10603179 
54 504 13 16 0.10560402 
986 751 20 24 0.10449321 
252 301 11 14 0.10400744 
302 303 11 14 0.10364085 
933 419 12 14 0.10217772 
262 427 12 16 0.10180485 
756 311 11 14 0.1004195 
323 354 12 15 0.09971111 
166 397 13 15 0.099511355 
356 419 13 14 0.09866794 
927 350 12 14 0.0984206 
661 368 14 17 0.09808604 
433 580 12 16 0.09785591 
3 446 12 15 0.09721765 
923 897 21 26 0.097134225 
360 602 16 20 0.097129256 
104 317 10 13 0.09693196 
710 349 15 18 0.09691138 
666 585 33 40 0.096709244 
306 460 20 24 0.096222274 
0 475 13 19 0.09610333 
68 299 10 13 0.095932335 
794 836 17 23 0.09496345 
575 451 28 43 0.09463037 
783 346 13 16 0.094404295 
715 575 27 31 0.09423322 
102 563 14 18 0.09415535 
403 449 13 17 0.09395935 
328 204 12 15 0.09373384 
214 480 13 18 0.093638815 
796 482 14 17 0.093472 
181 288 14 17 0.093183115 
656 569 56 60 0.09306409 
217 442 14 17 0.09298094 
400 213 11 14 0.09254041 
117 383 11 13 0.09247422 
1002 717 14 18 0.09244537 
798 231 11 14 0.09231953 
253 506 13 16 0.09207444 
196 342 12 15 0.09200663 
319 337 14 16 0.091813646 
797 515 12 16 0.09141643 
835 921 13 19 0.09114753 
976 439 11 14 0.09102814 
351 270 12 14 0.09057896 
85 266 12 14 0.09043004 
833 304 9 11 0.09036292 
726 310 13 16 0.09032495 
269 436 14 16 0.09031335 
116 595 14 18 0.09003172 
831 308 10 13 0.08949378 
857 308 10 11 0.08938793 
804 540 17 21 0.08874403 
771 299 13 15 0.08786749 
960 608 12 16 0.0876196 
50 602 26 36 0.087518625 
863 341 10 12 0.08724659 
654 601 44 42 0.08699234 
513 414 47 55 0.086595275 
186 715 21 28 0.08630277 
751 442 14 17 0.0862201 
255 373 12 14 0.0858216 
316 419 12 16 0.08580482 
269 419 14 17 0.08569329 
978 461 9 12 0.08539957 
804 296 11 13 0.08470471 
232 451 14 17 0.084327325 
224 300 11 13 0.08395124 
892 767 19 25 0.08360692 
892 403 12 15 0.08272178 
58 621 24 30 0.08253284 
384 720 16 19 0.08212884 
731 411 15 17 0.08187632 
374 507 14 17 0.081684515 
1006 479 9 10 0.08107539 
923 863 22 26 0.08080813 
1012 412 10 15 0.080095805 
222 341 11 16 0.08000185 
771 458 15 18 0.079975404 
851 401 13 16 0.07971216 
241 437 14 16 0.07970475 
974 405 9 11 0.07929615 
751 389 13 16 0.07892952 
85 446 10 13 0.0784948 
699 325 12 15 0.07835295 
133 515 14 17 0.07764224 
349 244 10 12 0.077625684 
214 340 12 15 0.076235674 
135 506 15 17 0.07576843 
198 404 11 14 0.075330324 
778 671 15 19 0.07525333 
757 746 22 30 0.0748619 
163 292 12 14 0.07480218 
900 350 10 13 0.07479621 
148 319 11 14 0.07445605 
740 514 16 17 0.074167594 
371 524 14 17 0.073673174 
968 439 9 12 0.07346626 
827 693 16 19 0.072902404 
119 301 12 15 0.07263247 
787 988 29 39 0.07237894 
194 538 14 17 0.0720843 
370 356 13 16 0.07207543 
378 714 17 20 0.072053075 
856 387 11 13 0.07200369 
377 542 21 26 0.071029745 
110 326 13 16 0.0709978 
1005 728 16 21 0.07096163 
194 941 26 31 0.070774786 
524 267 14 16 0.07065031 
176 286 12 14 0.070555 
882 810 17 21 0.07041932 
805 601 17 21 0.07024966 
883 709 20 24 0.0701995 
906 381 9 12 0.069894895 
605 339 11 15 0.06945614 
109 593 13 18 0.06932166 
79 491 13 16 0.06918226 
929 755 15 17 0.068786524 
42 480 14 17 0.068733886 
6 363 11 14 0.06847095 
767 326 11 14 0.06836188 
772 377 13 15 0.06803504 
999 341 12 14 0.0678209 
586 458 18 27 0.06757754 
26 581 16 19 0.06754956 
741 353 13 16 0.06743629 
166 365 14 16 0.067141 
151 460 12 15 0.066813424 
343 246 12 13 0.066804804 
219 406 12 15 0.066706195 
341 467 14 17 0.06654436 
804 477 10 15 0.06639662 
919 525 14 17 0.066336766 
682 436 12 14 0.06564984 
822 317 9 11 0.06558078 
928 394 13 15 0.06555466 
856 355 9 12 0.06541763 
793 278 11 12 0.06529602 
918 377 12 14 0.06491853 
258 396 13 17 0.06476939 
500 921 41 51 0.06463726 
767 231 11 13 0.064569294 
896 396 11 14 0.06450477 
313 594 16 20 0.06424922 
5 521 18 21 0.06408732 
138 402 13 15 0.06395549 
945 260 11 13 0.063660294 
93 223 10 13 0.06365517 
937 328 10 12 0.06291101 
320 348 13 17 0.0628154 
862 775 16 21 0.0627262 
89 381 12 15 0.06254239 
752 314 13 16 0.062156104 
835 634 13 17 0.06212123 
245 279 10 12 0.06147977 
271 857 14 20 0.061143722 
197 560 15 19 0.061031513 
296 516 11 16 0.06093638 
229 577 16 17 0.06033313 
76 317 11 13 0.059971925 
315 462 16 19 0.059817176 
165 313 14 16 0.05965872 
103 521 14 18 0.05940394 
311 510 13 17 0.05938699 
897 392 9 11 0.05929036 
850 333 9 11 0.058853313 
854 383 10 12 0.058283128 
51 424 13 17 0.05822892 
4 395 14 17 0.058178686 
902 389 10 13 0.058091816 
759 331 13 15 0.058020137 
677 347 14 17 0.05787014 
1002 268 9 12 0.05776638 
305 723 18 22 0.057731014 
341 370 14 17 0.057690307 
300 606 19 24 0.05768704 
0 907 24 38 0.057357464 
380 353 14 17 0.0570202 
331 635 17 21 0.057015814 
246 793 16 21 0.05698214 
182 694 22 26 0.05697595 
38 310 9 13 0.056934904 
844 1009 16 22 0.056746453 
240 331 10 14 0.056641627 
848 372 11 13 0.05655793 
767 696 15 19 0.05621013 
889 311 9 11 0.055908516 
143 294 11 14 0.055284247 
756 608 15 18 0.055162292 
152 247 10 12 0.054786097 
859 461 12 16 0.054620795 
942 270 10 12 0.05458465 
129 395 12 16 0.054444905 
967 607 14 19 0.05441281 
735 515 14 18 0.054350663 
0 348 12 17 0.054319523 
845 342 10 14 0.05424685 
194 501 13 16 0.05411822 
75 616 17 22 0.054099753 
868 236 10 13 0.053668488 
767 293 13 16 0.053629987 
160 310 11 13 0.05356222 
806 213 9 11 0.053472035 
13 301 11 14 0.05331426 
332 371 14 17 0.053229053 
343 437 12 17 0.053083546 
202 275 12 15 0.052803464 
806 420 12 15 0.052573968 
880 324 9 12 0.05246722 
860 672 13 18 0.052394953 
221 482 17 21 0.052385446 
216 310 11 13 0.05234302 
128 235 13 16 0.052322354 
116 361 12 15 0.052256305 
965 501 14 15 0.05211574 
872 778 17 20 0.05210752 
748 349 12 15 0.052065708 
831 515 15 18 0.05137194 
728 377 12 16 0.051293693 
689 380 11 15 0.051232677 
294 341 12 14 0.051091053 
355 651 15 20 0.051036924 
756 588 15 17 0.050995138 
917 421 11 13 0.050951563 
223 824 14 18 0.050679132 
235 229 11 13 0.050615184 
998 429 10 13 0.05054259 
684 339 14 18 0.050347436 
631 391 14 18 0.0502784 
989 493 11 15 0.050171144 
798 333 10 13 0.050063755 
826 705 16 17 0.050014317 
810 874 14 18 0.049761113 
677 644 56 62 0.049728476 
889 460 14 18 0.049535494 
708 253 12 15 0.04934309 
802 434 12 16 0.04931939 
266 589 16 21 0.048952166 
663 276 12 15 0.0489322 
124 268 10 12 0.048715506 
965 477 11 13 0.04861725 
185 387 12 15 0.048516884 
968 333 11 13 0.048311442 
362 697 15 18 0.048274487 
840 344 10 12 0.048232634 
871 366 10 11 0.04813626 
12 364 12 15 0.048027776 
197 958 25 31 0.047997985 
53 309 10 12 0.047337327 
918 358 10 12 0.047229037 
965 864 20 25 0.04721373 
829 506 14 17 0.047024857 
553 365 27 33 0.0468957 
610 309 10 13 0.046873067 
403 370 12 14 0.046687305 
93 372 11 13 0.046611987 
846 319 9 11 0.046446554 
959 506 12 14 0.04639465 
395 927 39 53 0.04638848 
340 251 12 13 0.046197176 
889 353 12 15 0.046031825 
296 307 13 15 0.045914374 
984 316 10 12 0.045857165 
909 505 13 15 0.045755718 
284 516 14 18 0.045609396 
767 377 12 15 0.045586422 
992 281 10 12 0.045585074 
340 396 14 17 0.04554653 
561 375 29 35 0.045543373 
949 734 15 21 0.045390468 
62 602 23 29 0.04526822 
948 256 10 12 0.045190133 
96 452 10 13 0.045041166 
173 688 15 20 0.04497946 
1002 806 17 22 0.0448501 
215 781 21 28 0.044760276 
937 273 9 11 0.04472276 
30 359 11 14 0.044692516 
988 605 14 17 0.04449628 
786 970 20 24 0.044427063 
392 309 11 14 0.04434187 
665 306 11 14 0.044288736 
227 585 16 21 0.04423807 
11 397 12 15 0.0441968 
214 489 14 17 0.044194162 
34 613 25 32 0.04392787 
629 302 10 13 0.04390703 
825 435 11 15 0.043753486 
139 513 14 17 0.04359639 
59 354 13 15 0.043396134 
685 271 12 15 0.043245215 
872 387 12 14 0.04322323 
933 355 10 13 0.043075714 
859 922 22 27 0.04304063 
753 262 10 13 0.04300033 
108 254 9 11 0.042937413 
886 317 10 13 0.042837873 
693 406 15 19 0.042835947 
156 777 19 20 0.042651042 
794 863 23 30 0.042580545 
350 584 13 18 0.042404275 
92 261 12 15 0.042344376 
796 604 20 26 0.04233414 
141 547 16 19 0.042296767 
671 255 11 13 0.042080157 
191 345 13 15 0.042061128 
839 366 10 13 0.042010535 
996 611 13 16 0.041953556 
263 387 13 16 0.041899547 
536 368 16 22 0.041894358 
188 789 23 27 0.041804973 
949 501 13 15 0.04172722 
340 483 16 20 0.041723385 
872 374 9 11 0.041719735 
2 469 13 17 0.041683156 
717 310 13 17 0.041589066 
401 414 13 15 0.0415793 
927 418 11 14 0.04152947 
78 209 11 13 0.041332956 
127 390 11 14 0.0413019 
669 259 11 14 0.04123022 
4 357 12 15 0.04117596 
738 520 18 21 0.041130908 
886 905 12 15 0.041125674 
845 426 11 15 0.041069575 
563 352 14 18 0.04102924 
568 315 10 13 0.040884078 
853 327 10 11 0.04056245 
329 269 12 15 0.040545005 
104 323 12 15 0.04040736 
811 1002 24 30 0.040404968 
167 412 12 16 0.040377963 
731 457 14 19 0.04037667 
137 255 10 13 0.04005781 
187 286 12 15 0.04002883 
142 260 9 10 0.03998853 
3 944 26 33 0.039954312 
236 587 15 19 0.03990646 
892 528 15 21 0.03987152 
431 210 11 13 0.039811276 
733 306 13 16 0.039724916 
226 254 9 11 0.03971331 
435 332 11 14 0.039678454 
335 469 13 18 0.039636716 
262 380 13 15 0.03958641 
270 952 28 36 0.039471004 
912 633 17 19 0.039337438 
124 577 13 15 0.03931067 
938 366 9 12 0.039231475 
189 505 15 18 0.039181523 
265 459 14 17 0.039170977 
308 305 12 16 0.039104145 
820 405 12 16 0.039072976 
405 298 11 13 0.038989916 
851 366 11 12 0.038985297 
990 546 12 15 0.03881728 
848 326 9 12 0.038745876 
387 468 11 14 0.03870482 
737 349 11 14 0.038561508 
260 239 12 13 0.038547006 
124 305 11 14 0.03849744 
123 501 12 16 0.038217302 
236 1000 28 37 0.03807193 
912 359 10 11 0.038049176 
53 239 10 14 0.037892617 
417 385 14 18 0.037871107 
719 650 36 49 0.03785547 
717 481 14 16 0.037776493 
52 289 11 14 0.037759494 
108 398 14 16 0.037629947 
790 282 13 15 0.037589636 
307 1011 27 37 0.03748766 
257 946 27 36 0.03744404 
735 295 12 15 0.0373355 
123 780 17 22 0.0372228 
349 394 13 16 0.037110534 
681 507 14 18 0.03707179 
841 278 9 12 0.037045874 
48 317 12 15 0.03702797 
222 628 14 18 0.036888022 
811 662 14 18 0.0368624 
337 706 16 19 0.036848858 
216 676 13 18 0.036739655 
18 193 13 17 0.03632259 
727 291 10 13 0.03630415 
871 409 10 12 0.03621458 
675 429 16 19 0.03620267 
309 424 12 16 0.036153287 
954 864 19 24 0.03613125 
174 255 9 12 0.036109477 
910 514 12 16 0.036045566 
792 914 29 40 0.036000237 
1015 363 9 13 0.035991937 
861 304 10 11 0.035988335 
103 460 12 15 0.035974756 
870 515 14 17 0.03594937 
51 321 13 16 0.035935387 
425 470 13 17 0.035932463 
272 413 13 17 0.03590728 
911 374 10 14 0.035853907 
844 437 12 15 0.035803173 
631 297 9 11 0.035778023 
822 361 12 15 0.035628676 
345 238 10 12 0.03560624 
167 453 13 16 0.035599377 
894 303 9 12 0.035475235 
521 901 33 48 0.035424992 
943 862 21 25 0.035325177 
766 925 19 24 0.035283312 
733 262 11 13 0.035156988 
260 514 15 19 0.035095274 
284 328 14 17 0.03504942 
659 435 15 19 0.03493744 
26 837 25 33 0.034923017 
941 422 11 13 0.03484949 
1012 477 9 12 0.03480693 
800 647 15 20 0.034794707 
70 519 14 19 0.034758117 
785 595 15 18 0.034632646 
835 497 12 16 0.034520153 
710 420 13 17 0.03448173 
3 340 13 15 0.034475192 
83 331 12 15 0.034459848 
214 428 13 16 0.034408815 
409 382 11 13 0.034406833 
178 509 15 18 0.034397822 
848 398 12 15 0.034266353 
572 372 13 17 0.034251302 
902 632 20 23 0.034189973 
402 481 14 17 0.03418005 
74 239 14 17 0.034125093 
780 321 12 16 0.0341014 
856 343 10 12 0.034079086 
889 446 12 15 0.034040745 
998 687 17 22 0.034027625 
791 216 9 11 0.03400945 
152 405 12 14 0.034003723 
954 350 12 14 0.033987805 
861 384 10 12 0.03396621 
387 340 12 15 0.033917926 
333 310 13 17 0.033886988 
228 665 15 17 0.033882413 
78 309 11 13 0.03388224 
898 639 21 27 0.033702604 
640 286 12 14 0.033687856 
31 327 10 13 0.03349589 
249 373 12 15 0.0334644 
64 1020 23 29 0.03346241 
255 466 15 17 0.03340954 
272 206 10 12 0.033394787 
872 460 10 14 0.03338281 
495 979 51 65 0.033364356 
133 721 13 16 0.033362802 
444 391 14 17 0.033334106 
267 521 14 18 0.033311695 
736 253 11 12 0.0333016 
824 312 9 11 0.03328578 
748 321 13 17 0.03325298 
359 705 20 25 0.033250038 
151 453 11 14 0.03321893 
206 282 12 16 0.033128213 
288 267 10 12 0.03311831 
122 595 15 20 0.03310441 
964 719 16 21 0.03294261 
885 381 11 13 0.0329263 
822 375 10 13 0.0328974 
739 379 13 16 0.032836124 
299 586 13 17 0.032784592 
1 281 10 16 0.032770354 
108 953 18 22 0.032739058 
996 398 11 13 0.032723755 
315 392 13 16 0.032667287 
911 423 11 13 0.03260629 
413 724 16 18 0.032582544 
667 300 13 16 0.032555614 
927 344 10 12 0.03253654 
893 411 10 11 0.03235762 
671 430 12 16 0.032335468 
908 250 10 13 0.03229193 
822 561 14 18 0.032256145 
402 994 47 62 0.032240294 
562 370 16 20 0.03217156 
80 348 12 15 0.03211225 
843 646 13 18 0.032085378 
92 323 12 14 0.032050833 
222 410 12 15 0.0319711 
945 362 14 17 0.031825498 
305 713 17 20 0.031777855 
103 934 25 28 0.031730372 
295 465 14 18 0.031729065 
640 319 11 13 0.031639922 
70 483 12 16 0.031618197 
747 594 16 19 0.031607326 
832 1012 21 28 0.031606562 
930 468 12 14 0.03158557 
1010 723 12 18 0.031555086 
227 875 17 20 0.031542603 
950 269 11 13 0.03153042 
416 643 14 19 0.031514853 
789 624 15 18 0.031474005 
587 222 12 14 0.031440265 
805 451 12 14 0.031276986 
935 341 11 13 0.031220514 
372 513 15 19 0.031151114 
41 898 17 23 0.031057129 
838 424 12 14 0.031009769 
898 449 13 17 0.030987503 
997 617 13 17 0.030986939 
293 613 15 20 0.03091719 
76 354 12 15 0.030882936 
823 281 9 11 0.030880436 
1007 611 13 18 0.03082178 
934 402 12 13 0.030814396 
494 427 32 42 0.030780276 
100 452 12 14 0.030750794 
10 973 27 34 0.030686434 
816 319 9 11 0.030668655 
984 357 10 13 0.030661855 
829 240 10 12 0.030559137 
323 655 20 23 0.030529512 
910 280 9 12 0.030499369 
828 358 10 13 0.030450353 
40 279 9 12 0.030447636 
338 632 16 21 0.030423723 
115 466 12 17 0.030388698 
169 506 13 16 0.03037689 
215 410 12 14 0.030363452 
943 357 12 15 0.03027305 
673 596 41 37 0.030170137 
335 401 13 17 0.030093962 
299 495 15 19 0.03006259 
667 396 12 16 0.030013125 
981 468 10 13 0.029979723 
996 435 10 12 0.02994582 
109 259 11 14 0.029937994 
836 689 14 18 0.029918708 
515 353 16 21 0.029865194 
133 580 13 15 0.029838668 
759 421 15 19 0.029814279 
315 383 12 15 0.029813947 
202 627 15 18 0.029811934 
863 564 14 18 0.029796671 
1011 735 12 18 0.029761637 
663 270 12 14 0.029712245 
921 293 9 12 0.029669676 
871 360 9 12 0.02966966 
231 331 12 15 0.029666424 
543 280 11 12 0.02966318 
166 675 12 16 0.02947138 
67 617 17 24 0.029462308 
101 554 15 19 0.029439803 
249 507 12 18 0.029407881 
396 656 14 17 0.029372817 
50 348 12 16 0.029366387 
415 324 11 13 0.029346943 
946 332 11 13 0.02929091 
178 923 23 27 0.029289236 
1007 815 15 22 0.029228657 
670 293 11 14 0.029077865 
133 937 16 19 0.029024309 
47 505 14 18 0.028993327 
90 347 13 16 0.028936006 
288 433 13 17 0.028871361 
828 364 12 14 0.028830424 
430 291 10 12 0.028789032 
879 775 20 24 0.028778203 
108 518 14 17 0.028674198 
878 672 16 21 0.028669212 
388 491 11 14 0.028628057 
850 447 11 13 0.028621648 
852 426 12 15 0.028571786 
694 372 13 16 0.028453376 
788 600 16 21 0.028452992 
873 764 15 18 0.02845198 
186 490 15 17 0.028428117 
39 284 12 14 0.028407553 
805 444 12 15 0.02838791 
767 286 11 13 0.028348342 
909 467 13 15 0.028341405 
291 593 14 17 0.028304184 
990 487 10 13 0.028287271 
814 468 11 15 0.02825967 
172 921 16 19 0.028250908 
831 342 9 11 0.028219804 
921 351 10 13 0.028211769 
831 628 13 18 0.028203532 
814 225 12 16 0.028171742 
109 308 11 14 0.028127402 
303 596 15 19 0.028122867 
336 248 11 13 0.02801786 
288 318 13 16 0.028014677 
1015 451 10 14 0.028012611 
221 578 14 17 0.028000755 
831 314 9 12 0.027989507 
794 398 12 14 0.027970891 
269 237 11 13 0.027959907 
2 597 17 20 0.027956368 
744 600 22 25 0.027942134 
269 451 13 17 0.027914701 
210 522 14 18 0.027900148 
19 771 36 46 0.027874514 
839 453 12 15 0.027863735 
274 444 12 15 0.027728157 
354 463 13 17 0.027720423 
104 216 9 12 0.027701367 
37 366 11 14 0.027680967 
920 770 15 20 0.02765708 
14 454 14 17 0.027652718 
829 371 12 14 0.027627287 
67 270 11 13 0.027620658 
798 386 11 14 0.027615786 
33 316 9 12 0.027592255 
812 628 13 16 0.027591186 
365 292 13 16 0.027581982 
800 214 9 11 0.027506638 
799 380 13 15 0.027483588 
1004 470 12 14 0.02747535 
141 521 12 15 0.027473204 
62 260 11 13 0.027463851 
655 441 15 19 0.027459286 
762 764 17 23 0.027416404 
358 262 11 13 0.027379079 
164 411 20 26 0.027360002 
384 299 10 12 0.027354049 
861 789 22 26 0.027344989 
852 643 13 16 0.027340708 
463 201 13 16 0.027330069 
339 386 15 18 0.02726047 
-4 978 38 57 0.027259426 
330 435 14 18 0.027259225 
120 426 13 16 0.027221372 
783 488 14 17 0.027216123 
978 938 14 18 0.027194943 
807 320 9 12 0.027176857 
421 637 17 22 0.027145762 
876 366 10 12 0.027102467 
41 469 14 17 0.02708432 
904 376 9 11 0.027049573 
980 574 13 18 0.027021563 
81 268 12 14 0.027012173 
910 407 11 12 0.026911642 
104 336 13 16 0.026905673 
41 596 24 30 0.026905442 
87 221 11 14 0.026903395 
37 292 12 15 0.026881851 
768 347 12 15 0.026849713 
885 668 19 27 0.026846237 
255 502 20 24 0.026837511 
293 496 14 18 0.026807358 
227 424 15 19 0.026795097 
278 358 13 19 0.02679067 
382 242 12 13 0.026778996 
631 248 9 10 0.026730029 
789 220 11 14 0.02666206 
367 452 12 16 0.026626702 
295 246 9 10 0.02660122 
387 347 12 15 0.026545161 
653 638 42 53 0.026540978 
642 1416 32 32 0.026501488 
385 539 16 20 0.026494468 
148 429 13 16 0.026471782 
820 1007 21 29 0.026458815 
884 322 11 14 0.026443878 
876 374 11 12 0.026423188 
102 260 11 15 0.026416907 
365 371 15 17 0.02641615 
956 531 12 14 0.026398312 
828 441 13 16 0.026393104 
349 264 13 15 0.026383389 
-1 924 17 24 0.026382709 
243 727 15 18 0.026382348 
823 486 14 18 0.026378924 
149 261 11 11 0.026339183 
696 803 50 57 0.026300874 
187 622 15 20 0.02627535 
111 387 12 14 0.026255425 
579 370 15 19 0.02619713 
725 339 13 15 0.026178516 
814 350 9 11 0.02609691 
164 477 11 13 0.026054677 
817 357 10 14 0.026024148 
139 540 14 17 0.02599855 
915 427 12 15 0.025994424 
566 943 27 37 0.02598921 
833 296 9 10 0.025983496 
321 318 11 14 0.025968859 
635 255 11 13 0.025953976 
367 300 11 12 0.025948677 
85 325 13 14 0.025918089 
882 592 14 18 0.025900368 
155 252 10 12 0.025853295 
800 326 12 14 0.025851697 
288 579 14 18 0.025842382 
698 462 14 19 0.025802176 
319 244 9 12 0.025785761 
900 293 11 12 0.025778558 
1000 484 10 13 0.025760517 
983 407 10 13 0.025726724 
28 999 28 38 0.025720667 
213 315 12 13 0.025719658 
35 357 11 13 0.025703544 
795 817 23 31 0.02568422 
323 343 19 23 0.025655517 
852 674 13 17 0.025654364 
887 399 11 13 0.025616836 
764 703 16 20 0.02560167 
918 414 10 12 0.025595509 
813 330 11 14 0.025574563 
917 301 11 14 0.025504371 
939 371 10 13 0.025495999 
295 262 10 12 0.025472155 
235 429 15 18 0.025450157 
954 490 14 15 0.02543869 
776 697 15 21 0.025434613 
838 441 13 16 0.025406402 
961 370 11 15 0.025375687 
898 439 12 14 0.025343487 
28 493 14 18 0.025331244 
125 346 12 15 0.025315752 
928 645 21 25 0.02530974 
18 618 22 28 0.02528192 
1005 446 11 13 0.025268147 
790 227 12 15 0.025243131 
997 658 13 15 0.025231894 
412 395 14 18 0.025213324 
802 996 23 32 0.025212806 
925 643 15 18 0.025187628 
52 396 12 15 0.025181385 
188 524 14 17 0.025152732 
493 938 42 52 0.02514277 
260 575 15 18 0.025142163 
249 380 11 14 0.025106719 
869 921 21 27 0.02503497 
949 530 14 16 0.024999196 
873 796 20 25 0.024999188 
782 479 11 15 0.024990676 
859 473 12 15 0.024976585 
99 546 14 19 0.024889397 
587 443 27 44 0.024887867 
1007 406 10 13 0.024857095 
915 528 21 27 0.024819572 
247 292 10 13 0.024814252 
644 288 15 18 0.02477338 
212 983 27 33 0.024683967 
20 249 14 17 0.024621256 
154 612 13 16 0.0246204 
798 441 13 16 0.024600614 
159 288 10 12 0.024567945 
367 528 14 18 0.024567053 
46 807 22 29 0.024560753 
934 424 13 16 0.024535626 
356 388 13 16 0.024482306 
161 371 13 16 0.024480166 
865 278 9 11 0.02447904 
300 259 10 13 0.024477407 
265 226 11 13 0.024471993 
326 362 14 18 0.024446318 
856 316 11 13 0.024440749 
93 317 11 13 0.02442188 
182 317 12 15 0.024381796 
843 686 14 18 0.02437175 
389 485 12 15 0.024311248 
776 682 16 22 0.02428248 
644 317 13 14 0.02425405 
398 954 44 59 0.024232578 
402 254 12 14 0.024223782 
648 862 12 15 0.024200274 
371 639 15 19 0.024173135 
733 336 13 16 0.024166238 
499 986 20 23 0.024144953 
666 365 14 17 0.024135964 
304 210 11 14 0.024116931 
786 835 27 39 0.024101516 
990 351 10 12 0.024095217 
81 658 17 21 0.024079984 
920 471 12 16 0.024035716 
707 387 13 16 0.02401414 
44 911 15 21 0.024002684 
132 232 11 14 0.02394996 
834 509 14 17 0.023946917 
320 467 15 19 0.02393067 
675 254 11 12 0.023915853 
233 477 15 17 0.023906868 
86 278 12 14 0.023887208 
321 536 14 19 0.023884628 
279 382 11 14 0.023881199 
362 418 13 16 0.02387567 
142 332 13 15 0.023874778 
275 658 14 18 0.02386909 
536 288 12 14 0.023857692 
189 436 12 16 0.02383591 
453 251 11 14 0.0238308 
144 837 18 23 0.023800107 
699 371 12 14 0.023747806 
279 611 13 17 0.023723774 
836 482 13 17 0.023683265 
283 506 15 18 0.023637872 
73 212 19 23 0.02361952 
930 891 16 20 0.023592725 
222 682 16 20 0.023552863 
153 669 14 20 0.02353232 
364 457 13 17 0.02352361 
839 318 9 11 0.023522768 
126 522 13 16 0.02351912 
905 247 10 12 0.023467863 
805 551 23 28 0.023463242 
637 340 13 17 0.02345758 
176 914 22 25 0.023438683 
481 437 43 57 0.023430532 
871 807 20 25 0.023416603 
976 456 10 13 0.02339848 
756 448 13 19 0.02338921 
268 476 15 19 0.023367262 
180 441 12 15 0.023357742 
621 610 60 75 0.02335444 
160 581 14 18 0.023351008 
1001 295 10 12 0.02332122 
101 368 14 17 0.023292124 
46 367 10 13 0.023278562 
903 302 11 13 0.023275388 
244 306 13 15 0.023272786 
879 407 9 11 0.023246283 
701 296 12 16 0.023204044 
333 497 14 18 0.023202585 
268 633 14 18 0.02319727 
635 358 12 15 0.023169745 
200 379 12 14 0.023162223 
187 556 16 21 0.023138728 
115 974 18 23 0.02308378 
310 1030 31 43 0.023082353 
880 253 9 11 0.023048708 
561 246 10 12 0.023040397 
89 1045 21 32 0.023034343 
312 730 17 21 0.023027694 
692 386 15 19 0.022990411 
415 479 15 19 0.022983603 
802 513 15 19 0.022979848 
436 641 18 26 0.022903148 
996 696 16 19 0.022895088 
225 463 22 26 0.022871358 
907 459 13 15 0.022859136 
896 757 13 15 0.022833947 
610 277 11 14 0.022821423 
989 357 9 12 0.022772623 
725 268 13 15 0.022725599 
795 308 11 14 0.02271465 
645 610 40 50 0.02270711 
861 357 10 12 0.02270311 
338 314 13 17 0.022673022 
825 396 11 15 0.022663549 
417 482 21 26 0.022644147 
387 323 104 138 0.022640109 
78 664 16 20 0.022621883 
784 628 11 14 0.022570197 
761 797 23 33 0.022558328 
868 522 15 18 0.022524837 
348 285 12 15 0.022518458 
942 618 15 18 0.02249005 
744 489 14 19 0.022487966 
987 819 21 26 0.022479136 
231 288 9 12 0.022462305 
166 321 14 17 0.02245531 
105 297 12 15 0.022446327 
174 435 13 16 0.022417352 
744 640 94 116 0.022409067 
358 725 18 22 0.022400748 
457 403 27 36 0.022387454 
217 459 22 27 0.02237857 
910 314 10 12 0.022369258 
220 867 18 20 0.02235726 
267 490 14 18 0.022346305 
44 454 11 14 0.022293579 
239 362 12 14 0.022259707 
397 257 15 17 0.022255868 
750 732 25 33 0.022222986 
138 586 14 18 0.022219384 
140 616 15 20 0.02220946 
210 325 14 16 0.022168692 
265 314 12 16 0.02214997 
793 591 22 29 0.022147462 
999 423 11 13 0.022142056 
85 245 10 14 0.022140136 
162 398 21 24 0.02210435 
996 284 10 12 0.022055488 
169 261 11 13 0.022024274 
421 1016 26 36 0.022024008 
656 404 12 16 0.022022722 
755 706 14 19 0.021999082 
248 731 17 23 0.021990867 
365 260 12 14 0.021934124 
298 253 10 13 0.021921156 
923 466 20 26 0.021911526 
1002 687 23 31 0.021904027 
894 517 12 16 0.021839036 
657 244 11 13 0.021803759 
509 335 11 14 0.021796826 
150 389 19 23 0.021781966 
237 520 14 19 0.021724299 
322 836 24 32 0.02172279 
312 270 9 12 0.021702372 
388 697 16 19 0.02168719 
684 503 12 14 0.021636209 
790 305 12 13 0.021635706 
76 485 13 17 0.021634668 
261 267 11 13 0.021623403 
772 354 15 17 0.021599153 
314 782 24 30 0.021582766 
30 293 12 15 0.021563523 
818 775 18 25 0.021557724 
1009 365 10 13 0.021538815 
808 774 16 20 0.021525133 
181 793 17 19 0.021498445 
187 369 12 15 0.021494815 
755 695 21 27 0.0214565 
911 843 21 26 0.021453766 
816 312 8 10 0.021443406 
81 261 11 14 0.021442814 
142 560 14 17 0.021438863 
373 538 16 20 0.021418413 
390 302 11 13 0.021384884 
19 268 12 14 0.021383941 
684 412 13 16 0.021347499 
395 396 13 15 0.021329401 
195 969 17 20 0.021313673 
997 502 10 14 0.02131037 
344 883 28 34 0.02125736 
859 783 16 22 0.021254266 
225 379 11 15 0.021245245 
913 514 20 26 0.021243896 
999 508 12 14 0.021241065 
824 238 11 13 0.021227088 
84 342 12 15 0.021225968 
192 650 22 26 0.021223119 
579 378 15 20 0.021215277 
430 515 14 19 0.021179227 
180 1074 35 46 0.021155456 
141 493 14 16 0.02115102 
219 474 15 20 0.021126308 
168 591 16 20 0.021125482 
41 371 11 13 0.021114795 
805 579 15 18 0.021095607 
342 284 12 15 0.021074796 
130 542 20 26 0.02106088 
0 943 14 22 0.021045823 
305 736 20 25 0.021037107 
924 380 10 13 0.021000993 
360 549 16 21 0.020994337 
611 275 20 24 0.0209937 
918 481 14 17 0.020985272 
816 363 10 14 0.020966932 
213 467 15 19 0.020941447 
876 460 12 16 0.02093733 
745 394 12 15 0.020932702 
171 310 11 14 0.020919122 
820 325 10 12 0.020915661 
919 340 10 12 0.020910393 
71 350 12 15 0.020894924 
139 634 15 18 0.02087548 
726 416 19 22 0.020857424 
135 377 13 16 0.02083463 
847 412 11 12 0.020821515 
386 705 16 21 0.020783985 
124 362 12 16 0.020757556 
379 479 15 18 0.020744594 
849 379 11 13 0.020743992 
988 524 13 16 0.020712167 
382 362 13 17 0.020706017 
744 707 21 26 0.020659579 
358 596 15 19 0.020659165 
761 388 14 16 0.02065442 
439 273 12 15 0.020647928 
278 848 20 31 0.020644208 
89 434 11 15 0.020605808 
440 387 12 17 0.020600155 
355 734 24 29 0.020587277 
156 619 13 17 0.020568196 
28 331 12 15 0.020559568 
104 444 12 15 0.02055596 
31 900 23 28 0.020542176 
901 327 12 13 0.020526815 
104 246 10 12 0.02049941 
131 412 14 17 0.02048687 
736 239 10 13 0.020485584 
983 351 11 13 0.020470982 
24 333 11 15 0.0204523 
375 349 13 16 0.020436142 
166 689 14 18 0.020412115 
1012 603 12 19 0.020399917 
79 303 10 13 0.02039925 
390 674 12 16 0.02039179 
350 694 15 20 0.020383574 
143 652 20 26 0.020364748 
976 839 25 31 0.020362604 
204 424 14 18 0.020358918 
883 798 20 25 0.020350475 
936 877 23 26 0.02033938 
731 595 27 31 0.02031582 
879 707 14 18 0.020304713 
956 543 22 28 0.02029598 
283 285 13 14 0.020294318 
73 331 18 22 0.020290535 
331 351 16 18 0.020289768 
203 397 12 14 0.020279545 
107 368 14 17 0.020272104 
60 293 19 23 0.020244246 
92 496 12 16 0.020227905 
220 773 21 28 0.020220686 
164 705 22 29 0.020197269 
702 434 15 19 0.020189673 
992 432 10 12 0.02016132 
980 363 11 14 0.020138908 
619 281 13 14 0.020137455 
815 550 22 27 0.020133402 
119 280 10 13 0.020106284 
49 301 11 13 0.020034205 
780 351 14 17 0.020031758 
862 763 20 26 0.020024078 
182 393 11 15 0.020019446 
