35_Basketball_basketballgame_ball_35_216
686
370 169 19 23 0.75165784 
483 210 14 19 0.7398144 
45 448 9 11 0.40678233 
119 432 7 11 0.36109573 
709 407 7 10 0.34866834 
294 394 10 13 0.34418282 
640 422 7 8 0.31321692 
103 393 7 10 0.31014782 
2 365 7 11 0.23442693 
553 486 8 10 0.22675742 
1013 431 8 12 0.18873876 
94 376 7 9 0.18449363 
229 416 8 9 0.18433802 
984 415 7 8 0.1839799 
67 415 7 9 0.18307261 
786 480 7 10 0.18263417 
1010 436 8 11 0.16600652 
7 360 7 9 0.16349563 
73 375 7 9 0.15103304 
97 413 7 10 0.14026777 
47 383 6 8 0.13693774 
46 408 7 9 0.13282141 
375 430 8 11 0.1283161 
29 352 8 10 0.12672698 
65 407 7 10 0.12594658 
120 391 7 8 0.12574175 
215 441 6 9 0.120889425 
143 398 6 9 0.117256306 
718 488 9 10 0.11595165 
24 398 7 8 0.11311035 
341 355 11 13 0.11284287 
637 492 8 11 0.10963076 
31 382 7 9 0.10887739 
663 415 8 11 0.105489224 
6 364 7 11 0.1039696 
789 478 8 11 0.103490375 
984 422 7 8 0.09895777 
83 358 7 9 0.0951613 
49 337 6 8 0.09478207 
38 329 7 9 0.09408319 
87 433 6 9 0.09213141 
193 416 7 9 0.09202441 
240 391 7 9 0.091326475 
984 381 7 10 0.09083828 
231 374 7 9 0.090274684 
113 409 7 9 0.08968899 
1002 408 7 10 0.08773837 
58 400 7 9 0.08652793 
319 455 6 9 0.08525565 
169 446 8 10 0.085113354 
46 358 7 10 0.08336797 
887 342 8 10 0.08306022 
694 426 7 9 0.08224605 
536 408 6 9 0.08218772 
69 351 8 10 0.082067214 
129 437 8 9 0.08073775 
681 495 7 9 0.08031547 
1009 385 9 11 0.078493595 
355 407 6 8 0.07821735 
103 415 8 11 0.07775716 
415 464 6 8 0.07722084 
64 369 6 9 0.07705955 
878 385 7 8 0.07499473 
211 440 7 9 0.074211776 
42 359 7 9 0.07371076 
248 343 8 10 0.073111326 
193 422 7 8 0.07309194 
919 399 8 11 0.07305098 
55 336 7 9 0.072440125 
242 440 6 8 0.07079131 
944 397 8 9 0.07073015 
864 480 7 9 0.070694186 
10 391 7 9 0.07066205 
42 390 8 10 0.070189744 
557 484 8 10 0.070091136 
177 423 6 9 0.069739565 
14 303 8 10 0.06969957 
889 361 8 10 0.06880997 
82 432 7 8 0.06792736 
96 409 7 10 0.06742649 
867 414 7 9 0.067204684 
198 414 7 9 0.06711062 
488 -91 503 552 0.06652144 
297 318 10 10 0.065500036 
175 383 8 10 0.06546634 
66 420 7 9 0.06521003 
24 423 7 9 0.064954236 
43 383 6 8 0.06480241 
829 416 8 10 0.06406666 
968 415 7 9 0.06372163 
593 479 8 10 0.063490674 
103 352 7 9 0.063448295 
546 487 9 11 0.06339383 
863 485 8 10 0.06311435 
199 431 7 9 0.062300887 
9 337 7 10 0.062114157 
88 437 6 9 0.061950434 
634 490 8 10 0.06049583 
87 353 6 8 0.060262207 
23 263 7 9 0.060195226 
120 325 9 10 0.059767023 
552 505 10 11 0.05958054 
877 390 8 10 0.059509967 
33 287 6 8 0.05913458 
645 421 7 9 0.05904271 
65 373 6 9 0.058997415 
558 425 7 9 0.058726378 
974 400 7 10 0.05846803 
23 415 8 11 0.057946112 
966 367 8 11 0.057938475 
394 455 7 8 0.05763491 
25 393 7 10 0.057101406 
912 423 7 9 0.056426734 
550 462 8 10 0.056202244 
157 431 8 10 0.054533273 
376 424 8 10 0.05451413 
722 360 7 10 0.053797655 
71 422 6 9 0.05348182 
40 377 7 9 0.053318642 
1015 423 8 12 0.053252466 
99 391 8 10 0.052855473 
462 124 23 30 0.05274163 
136 448 8 10 0.05264531 
39 302 6 8 0.05254973 
591 501 8 10 0.052371684 
35 328 6 9 0.052368857 
663 420 8 10 0.051668394 
569 480 7 9 0.051490888 
1005 413 8 10 0.051116668 
79 376 7 9 0.050800104 
151 352 8 9 0.050562084 
114 343 7 9 0.050489776 
98 310 7 10 0.05024833 
97 352 7 8 0.049991723 
375 163 25 34 0.04989569 
1009 502 8 10 0.0497406 
216 376 7 9 0.049403187 
158 421 7 10 0.04928622 
70 408 7 9 0.04869886 
1001 326 8 10 0.048141744 
664 408 8 9 0.047575727 
854 382 7 10 0.047464684 
255 400 8 9 0.047432706 
240 367 8 9 0.047395356 
48 272 7 9 0.04685818 
32 377 6 9 0.04664508 
313 -64 388 506 0.04625927 
139 399 6 8 0.046196997 
410 465 7 8 0.045936458 
115 432 8 10 0.04588202 
118 343 6 8 0.045313288 
814 479 7 10 0.044848863 
41 414 7 8 0.04484539 
943 376 7 9 0.044830117 
442 471 6 8 0.044706877 
98 464 8 10 0.044570457 
577 487 8 11 0.044509117 
854 375 7 9 0.044479676 
560 447 8 10 0.04433109 
809 471 7 9 0.04424533 
535 477 8 10 0.044098463 
9 385 8 10 0.044093892 
358 406 7 9 0.04374281 
134 432 7 9 0.04323602 
98 447 8 10 0.04322874 
185 438 7 9 0.043207485 
968 422 7 9 0.04306699 
689 478 8 9 0.043024004 
678 438 8 10 0.042858116 
39 297 7 8 0.042735912 
574 400 9 10 0.04251336 
426 471 6 8 0.04250261 
543 478 8 11 0.04233258 
894 470 8 9 0.041824397 
278 415 8 10 0.04158384 
153 382 8 10 0.04154282 
471 472 8 10 0.04146503 
1000 421 9 10 0.041264705 
632 408 6 9 0.041258328 
39 334 8 10 0.041233156 
799 438 7 9 0.041147072 
193 400 7 9 0.041089073 
695 478 6 8 0.041072223 
200 352 7 9 0.041030552 
1002 414 7 9 0.040964473 
962 464 6 8 0.04095803 
934 480 7 9 0.04093598 
176 416 6 8 0.04087131 
106 421 7 9 0.040783983 
61 400 8 9 0.040677782 
143 358 7 9 0.040621422 
529 487 8 11 0.040557176 
344 392 8 11 0.04052457 
825 440 6 8 0.04049841 
885 479 8 11 0.040447343 
641 399 7 8 0.040389255 
79 409 8 9 0.040374603 
247 440 6 9 0.040353358 
158 416 7 10 0.040282145 
122 456 7 10 0.040149525 
49 341 7 10 0.040135637 
602 351 9 10 0.040076867 
1015 443 8 12 0.040065728 
369 415 8 10 0.040042944 
79 414 7 9 0.039998606 
392 448 7 10 0.03980911 
952 359 7 9 0.039782416 
240 385 7 9 0.039635684 
121 464 7 8 0.039622117 
590 439 7 9 0.03959721 
570 398 8 11 0.039595835 
120 385 7 9 0.03951769 
32 302 8 9 0.039359346 
14 384 7 10 0.039222468 
176 344 7 9 0.039113704 
55 342 7 9 0.039064426 
1008 319 8 10 0.039009985 
714 391 7 9 0.03894336 
765 471 8 10 0.038890272 
478 127 13 21 0.038803183 
168 441 7 9 0.03873523 
814 455 7 10 0.03871197 
14 336 7 9 0.03869021 
166 329 7 9 0.038519617 
954 383 7 9 0.038477078 
230 352 9 10 0.03821521 
73 336 7 8 0.03809556 
24 367 6 8 0.03802283 
905 480 7 9 0.037914164 
422 456 7 8 0.03787971 
486 477 8 11 0.037785534 
263 360 8 9 0.037740007 
127 454 8 10 0.037629195 
631 374 8 9 0.037627235 
478 495 7 8 0.037568133 
241 398 7 9 0.037559822 
670 479 7 10 0.037536822 
40 342 7 9 0.037444796 
767 486 7 9 0.037435807 
347 455 6 9 0.03740206 
398 455 8 9 0.03725837 
207 392 7 9 0.037246082 
778 480 7 9 0.037239105 
928 430 8 10 0.03723275 
177 429 6 9 0.037173953 
663 495 7 9 0.03693077 
944 495 7 9 0.036904845 
798 433 7 9 0.036796212 
582 471 7 10 0.03670199 
82 353 8 9 0.036528364 
65 328 7 8 0.036505572 
352 455 7 9 0.03647558 
1008 497 8 11 0.03645812 
90 375 7 9 0.036440108 
830 455 7 10 0.036337137 
930 480 7 9 0.03629597 
312 371 9 12 0.036234766 
154 422 8 10 0.036186032 
95 433 8 9 0.03603075 
911 480 6 8 0.035960056 
585 445 8 10 0.035860207 
116 437 7 10 0.03576309 
130 416 6 8 0.03563821 
446 381 9 11 0.035631992 
102 305 8 9 0.035576522 
285 311 8 9 0.035474014 
961 479 7 10 0.035465334 
937 375 7 9 0.035460237 
441 496 7 8 0.035368863 
936 382 8 10 0.03533007 
731 510 7 10 0.035271112 
209 376 6 9 0.03519975 
936 449 7 10 0.03506204 
142 448 7 9 0.035042897 
48 353 6 8 0.034985285 
785 367 7 9 0.034891177 
398 463 7 8 0.03484899 
610 494 8 11 0.03482313 
657 497 7 9 0.034794345 
15 270 7 9 0.03452648 
905 406 6 9 0.034461174 
294 430 11 13 0.034413677 
32 343 7 9 0.03421296 
26 357 8 10 0.034181412 
870 409 8 10 0.034139816 
41 396 8 10 0.03405938 
210 456 7 9 0.034050707 
614 399 7 9 0.033994634 
370 438 8 10 0.033983406 
102 439 7 9 0.033964597 
26 382 9 10 0.033943027 
842 446 8 10 0.033906803 
498 84 33 34 0.033806562 
343 472 7 8 0.03376673 
911 417 7 8 0.03375731 
159 389 7 9 0.03360668 
703 496 7 8 0.033542894 
863 438 8 10 0.033302553 
246 366 7 9 0.033290755 
177 454 7 9 0.03328732 
841 432 7 9 0.03319878 
623 504 9 10 0.033123724 
337 350 11 14 0.03299831 
98 455 7 10 0.032979123 
373 414 9 10 0.032820802 
855 408 7 9 0.032785084 
374 408 8 10 0.03278056 
554 423 8 10 0.032701846 
15 398 8 9 0.032629404 
689 472 7 11 0.032526556 
865 409 8 10 0.03251073 
598 477 9 12 0.03246833 
386 447 7 9 0.03239734 
551 491 8 10 0.032354854 
1 336 7 10 0.03234587 
529 479 8 10 0.032240145 
517 165 16 19 0.0321793 
143 326 8 10 0.03215446 
783 439 8 10 0.032123692 
997 455 9 10 0.032116983 
1005 408 8 10 0.031984944 
102 446 7 9 0.031863976 
871 438 7 9 0.03186154 
360 456 7 9 0.031842712 
766 477 7 10 0.031768795 
143 394 8 9 0.03176318 
225 392 6 9 0.03174501 
232 369 8 9 0.031719826 
577 470 8 10 0.03169194 
559 408 7 8 0.031616323 
158 384 7 10 0.03156876 
686 365 8 10 0.031567402 
747 439 7 9 0.03143008 
575 374 8 10 0.031423997 
895 383 7 10 0.03136284 
184 433 7 8 0.03128125 
198 409 8 9 0.031207273 
551 405 7 9 0.031124905 
97 358 7 9 0.030924562 
978 486 7 10 0.030787569 
175 389 8 10 0.030759027 
744 384 7 9 0.030625967 
17 423 7 9 0.030574763 
368 463 6 8 0.030572329 
432 471 6 8 0.030541468 
585 440 8 10 0.030434173 
696 503 7 9 0.030361457 
374 436 8 10 0.030324426 
278 367 8 10 0.030318195 
606 471 8 10 0.030263124 
80 424 6 8 0.03022821 
575 422 7 9 0.030193897 
249 348 9 11 0.030180331 
64 335 7 8 0.030102856 
405 449 8 9 0.030058313 
1002 321 8 9 0.029988714 
601 471 9 11 0.02997675 
977 471 7 9 0.02993149 
975 357 8 10 0.02990456 
602 421 7 10 0.029881392 
47 377 8 9 0.029822825 
657 502 7 10 0.029738136 
58 304 7 9 0.029673478 
279 390 8 10 0.02962683 
839 486 7 9 0.02943995 
1014 501 7 11 0.029384144 
39 280 7 9 0.029372068 
261 302 9 11 0.029350808 
665 472 7 9 0.02935061 
193 408 7 9 0.029306183 
336 417 7 9 0.029242752 
485 452 8 11 0.029189207 
55 423 8 10 0.029104618 
645 416 8 11 0.0290723 
73 431 7 9 0.029033037 
223 457 6 8 0.029017942 
649 406 7 9 0.028929824 
54 382 8 9 0.028861951 
96 381 7 9 0.02878154 
870 335 7 9 0.028660808 
811 477 7 10 0.028626285 
38 311 8 10 0.028604906 
719 390 7 9 0.028586706 
974 405 8 10 0.028434267 
570 462 8 11 0.02842387 
25 375 8 9 0.028375061 
152 464 7 9 0.028314285 
34 334 7 9 0.028268363 
45 398 8 9 0.028213095 
753 494 7 9 0.028211245 
41 365 9 10 0.028204214 
863 432 8 10 0.028106548 
130 449 7 9 0.028017104 
216 456 7 9 0.02799945 
880 358 7 10 0.027978849 
367 390 7 9 0.027927682 
576 480 8 9 0.027842488 
384 397 8 10 0.027821794 
958 383 8 10 0.027754072 
982 478 9 11 0.027714739 
1 406 7 9 0.027652623 
601 416 8 10 0.027626602 
833 512 9 11 0.027594442 
281 359 7 8 0.027577389 
813 461 8 10 0.027535684 
50 318 8 10 0.027503733 
984 409 7 10 0.027493134 
197 514 10 13 0.027474219 
615 463 7 9 0.027472237 
447 470 6 9 0.027373008 
348 357 9 11 0.027345762 
400 449 8 9 0.027341215 
56 310 7 9 0.027282676 
601 464 7 9 0.027281456 
272 352 8 9 0.027274558 
623 424 6 9 0.02725126 
632 414 7 9 0.027205333 
486 448 9 11 0.027196253 
254 350 8 9 0.027182203 
247 360 8 9 0.027162706 
303 376 8 10 0.027098818 
881 513 8 10 0.027051248 
249 416 6 8 0.027021695 
998 448 9 10 0.027013335 
1015 407 7 10 0.026997924 
24 296 7 9 0.026987331 
574 455 7 9 0.026885785 
880 352 6 9 0.026874145 
82 438 7 8 0.026865805 
643 94 35 39 0.026859427 
232 391 7 8 0.026831018 
90 415 7 9 0.02681505 
871 464 7 9 0.026805457 
550 399 9 11 0.026798517 
101 455 8 11 0.026709396 
479 467 9 12 0.026699726 
723 422 7 9 0.026682975 
479 447 9 11 0.026639853 
959 335 8 9 0.026614483 
698 496 6 9 0.026613804 
154 407 7 9 0.02660285 
682 389 7 10 0.026434986 
409 469 7 8 0.026424514 
73 381 7 9 0.026391229 
24 281 6 8 0.026368476 
879 397 7 10 0.026299674 
441 465 6 8 0.026299627 
670 400 7 9 0.02627703 
870 478 8 10 0.026276667 
626 416 7 9 0.02620628 
151 375 8 10 0.02620226 
557 508 9 12 0.02618873 
111 392 8 9 0.026130233 
168 366 8 9 0.026125135 
720 384 7 9 0.026109084 
918 471 8 10 0.026103782 
79 381 7 9 0.026033109 
681 367 8 10 0.026010143 
502 189 16 24 0.025960686 
78 335 7 9 0.0259567 
909 319 9 11 0.025890734 
152 470 7 9 0.025881216 
144 352 7 10 0.0258055 
576 492 9 11 0.02574229 
863 513 8 10 0.02572311 
752 489 7 8 0.025718622 
1 340 8 11 0.025714466 
866 334 7 9 0.025665477 
671 486 7 9 0.025561616 
192 431 7 9 0.025548056 
465 480 7 9 0.025512336 
695 375 9 11 0.025444355 
33 281 7 9 0.025421647 
65 446 7 10 0.025382062 
576 448 7 9 0.025376229 
727 359 7 9 0.025344824 
904 400 7 9 0.025313413 
686 495 7 9 0.02530652 
889 408 7 10 0.02526009 
321 278 17 20 0.02520874 
569 423 7 10 0.02520772 
110 456 8 10 0.025133578 
58 406 7 9 0.025103731 
117 414 8 9 0.025102763 
344 431 6 9 0.025000194 
866 328 7 10 0.0249428 
352 431 7 9 0.024942469 
266 415 6 9 0.024907203 
14 320 8 10 0.024902884 
470 476 8 10 0.024755819 
460 373 11 12 0.024705237 
194 470 8 10 0.024687516 
969 407 7 9 0.024683962 
169 376 7 9 0.024670403 
545 400 7 9 0.024652086 
473 488 8 10 0.024587378 
647 400 7 8 0.024527654 
690 430 9 11 0.024516203 
858 487 8 10 0.024492104 
39 441 9 10 0.024479074 
793 432 8 9 0.024454372 
974 352 9 11 0.024370236 
976 416 7 9 0.024368921 
858 438 7 9 0.024345148 
789 484 8 10 0.024295725 
581 487 8 9 0.024293484 
263 335 8 9 0.024285201 
249 399 7 10 0.024235923 
474 493 8 10 0.02415652 
385 470 7 9 0.024141127 
1000 392 7 9 0.024109742 
385 439 7 9 0.024101458 
682 20 415 523 0.024081767 
872 471 7 9 0.024064228 
869 485 9 11 0.024030529 
306 407 8 10 0.024027476 
272 335 8 10 0.02401121 
232 383 7 9 0.023989888 
384 392 8 10 0.023967456 
839 464 8 10 0.02393578 
215 352 7 8 0.023903817 
453 500 8 12 0.023841787 
110 422 8 9 0.02381903 
102 384 7 9 0.023808705 
944 454 7 8 0.023808017 
484 199 21 28 0.023723774 
103 433 7 9 0.023723016 
137 393 7 9 0.023595426 
31 391 7 10 0.023589505 
33 296 7 9 0.02356642 
810 462 8 10 0.023552818 
832 497 7 8 0.023542752 
970 400 8 9 0.023456525 
721 377 7 9 0.023454996 
916 454 10 12 0.023437357 
545 456 8 11 0.023333766 
666 488 7 9 0.023315398 
857 432 8 10 0.023150219 
741 463 9 11 0.02314712 
966 479 7 10 0.023120305 
272 375 7 9 0.023096697 
590 431 9 10 0.023050547 
183 463 8 9 0.022996759 
1008 424 17 25 0.022925872 
736 464 9 10 0.022880146 
896 409 7 9 0.022733843 
902 441 7 9 0.022716394 
534 487 8 11 0.022713885 
115 426 18 23 0.022647612 
815 484 8 10 0.022612449 
906 423 7 9 0.022551227 
58 368 7 9 0.0225255 
176 349 7 9 0.022497518 
969 328 7 10 0.022497443 
606 422 8 10 0.022457797 
978 383 7 10 0.022457745 
934 464 7 9 0.022441639 
991 416 7 8 0.02244099 
741 502 7 9 0.022406936 
903 485 8 9 0.02240131 
993 335 8 10 0.022396272 
56 375 7 9 0.022347352 
383 361 8 10 0.02233582 
352 111 22 29 0.022301838 
694 473 7 9 0.02226491 
871 432 8 10 0.022250533 
353 382 8 10 0.022200836 
585 431 8 9 0.022189599 
910 344 7 8 0.02217519 
373 171 39 51 0.022144374 
762 439 7 9 0.02212484 
224 383 6 9 0.022080535 
255 328 8 10 0.022030683 
11 309 8 10 0.021993652 
481 478 9 11 0.021984613 
263 399 7 9 0.021977821 
859 479 7 9 0.02197634 
553 389 8 10 0.021972446 
225 368 7 9 0.02196038 
873 398 8 9 0.021958198 
977 318 7 9 0.02195757 
158 408 7 9 0.021950124 
233 470 8 10 0.021901943 
791 472 6 8 0.02189603 
112 414 8 10 0.021862427 
890 389 8 10 0.021831898 
122 367 7 9 0.021805191 
464 485 7 10 0.021743009 
543 406 7 9 0.021740863 
913 302 7 9 0.02172052 
600 512 9 12 0.02164822 
48 294 8 9 0.021639492 
810 448 6 8 0.021623462 
425 372 8 11 0.021617899 
173 449 8 9 0.021615097 
735 369 6 9 0.021609211 
890 496 8 10 0.021585857 
241 360 7 9 0.021578899 
272 312 8 10 0.02156194 
225 397 8 10 0.021560414 
616 489 7 9 0.021535924 
738 503 7 9 0.021512583 
917 448 9 11 0.021476122 
367 152 27 34 0.021459624 
919 479 7 9 0.021438386 
930 374 7 9 0.021421233 
891 471 7 10 0.021404536 
535 392 7 9 0.0213889 
589 446 8 10 0.021377698 
55 351 7 9 0.021373335 
881 483 8 11 0.021304954 
946 489 7 9 0.021287581 
623 431 7 9 0.02128235 
63 303 8 10 0.021280915 
687 384 8 9 0.02127007 
193 392 7 8 0.021259144 
125 463 8 10 0.021238936 
353 424 7 9 0.021218454 
105 358 6 9 0.02121683 
842 438 8 11 0.021211755 
888 337 8 9 0.02116805 
279 352 8 9 0.021155251 
247 336 8 9 0.021137428 
393 463 6 8 0.021119308 
857 494 8 10 0.021084601 
635 422 7 9 0.02105168 
374 374 9 10 0.0210501 
671 510 7 9 0.021021875 
178 499 9 11 0.021020245 
569 367 8 10 0.021011101 
105 365 7 9 0.021010494 
590 510 9 12 0.02100771 
881 336 6 9 0.0209937 
281 383 8 10 0.020984348 
679 374 7 9 0.020983921 
680 488 8 9 0.0209769 
441 478 9 10 0.020937374 
785 473 7 8 0.020928312 
569 456 8 9 0.020923957 
585 391 8 10 0.020920396 
385 465 7 9 0.020911807 
288 487 8 11 0.020879915 
370 373 8 10 0.02087358 
16 375 7 9 0.020852275 
392 414 7 9 0.020835226 
584 423 7 10 0.020813428 
609 489 7 10 0.020806715 
217 381 7 9 0.020798478 
826 454 8 11 0.020790758 
826 496 7 9 0.0207787 
454 496 8 11 0.020770663 
49 424 8 10 0.020757595 
297 486 8 11 0.020749172 
777 438 8 10 0.020741627 
9 397 8 10 0.02073989 
855 414 7 9 0.020728396 
87 367 7 9 0.020680979 
583 479 7 10 0.020674657 
703 502 7 9 0.020637551 
273 368 7 10 0.02063592 
340 343 12 14 0.020614378 
902 350 8 11 0.020564612 
263 366 8 9 0.02055439 
153 437 8 9 0.020551195 
666 477 8 11 0.020546293 
519 486 8 10 0.02054069 
1002 375 7 9 0.020537667 
249 422 6 8 0.020492459 
735 510 7 11 0.020458903 
515 471 7 9 0.020413902 
248 327 7 9 0.020392926 
613 492 9 11 0.020365633 
255 405 7 10 0.020361727 
57 256 8 10 0.020341512 
886 447 7 9 0.02033677 
16 367 7 8 0.020329997 
894 388 8 11 0.02028286 
497 495 7 9 0.020279545 
802 359 8 10 0.02021815 
225 340 7 9 0.02018205 
49 289 7 9 0.020147266 
960 421 8 10 0.020125853 
928 406 7 9 0.020125184 
343 416 8 10 0.020103712 
912 496 7 9 0.020081546 
138 359 7 9 0.020065526 
