35_Basketball_basketballgame_ball_35_287
1243
303 412 9 11 0.88771045 
949 422 12 16 0.8155116 
793 357 10 12 0.81095856 
374 390 7 11 0.7594679 
272 424 11 15 0.71854216 
768 388 13 16 0.7182658 
396 359 8 12 0.70706475 
296 427 11 14 0.6561011 
836 360 13 17 0.6321457 
257 438 9 11 0.61165845 
422 357 12 18 0.5697062 
843 393 17 21 0.55765 
647 448 12 15 0.5404655 
870 362 9 13 0.53250897 
677 369 11 14 0.50525105 
649 311 8 10 0.4982352 
775 359 9 11 0.4894307 
609 409 11 15 0.48293337 
929 367 11 14 0.47964668 
662 413 7 10 0.4446197 
701 401 10 12 0.43970653 
811 418 12 16 0.43518576 
830 303 8 11 0.4334916 
896 382 9 12 0.4078415 
911 362 11 15 0.40781915 
952 379 10 13 0.4072828 
54 364 11 14 0.39661562 
217 447 9 12 0.38383788 
795 423 12 15 0.3818343 
694 322 10 12 0.37891042 
921 350 9 11 0.36657238 
695 415 9 10 0.36383224 
732 436 12 15 0.3561746 
628 453 12 15 0.35364208 
825 309 11 13 0.34961763 
574 311 8 11 0.34069878 
635 407 10 12 0.34003073 
702 342 9 12 0.3228314 
244 403 9 11 0.32071736 
1002 365 8 11 0.31703228 
792 351 10 13 0.31702068 
976 398 9 11 0.30685133 
809 304 7 9 0.2890447 
744 327 10 12 0.28236818 
939 312 7 9 0.28179792 
952 396 9 10 0.27772298 
1005 380 9 11 0.26641604 
744 372 11 13 0.26607847 
891 445 11 16 0.26238194 
26 331 10 13 0.25714526 
685 442 10 14 0.25145972 
972 452 9 12 0.24538442 
749 308 10 11 0.2432617 
979 399 10 12 0.24206999 
724 413 10 15 0.23692676 
673 405 9 11 0.22900218 
986 327 9 11 0.22879978 
728 310 11 15 0.22718728 
980 382 9 11 0.22587112 
312 438 9 12 0.22358032 
1000 424 10 12 0.21861686 
761 366 8 11 0.21639016 
584 322 10 12 0.21360208 
673 400 8 10 0.21360025 
944 350 9 12 0.21210264 
608 297 7 9 0.21156916 
428 362 11 16 0.20729987 
186 445 9 11 0.20503259 
994 406 10 13 0.2019104 
872 310 9 12 0.19953723 
766 373 9 11 0.19492671 
540 289 21 29 0.19472675 
832 363 12 14 0.19334193 
829 316 10 12 0.192506 
255 432 9 11 0.19079849 
631 428 12 14 0.18889275 
790 303 8 10 0.18888682 
931 399 11 14 0.18839976 
685 336 8 11 0.18766873 
966 374 9 11 0.1861694 
891 215 8 10 0.18468846 
377 384 9 12 0.18366113 
713 320 9 11 0.18352678 
1013 430 8 12 0.1818191 
585 380 12 14 0.18128888 
808 309 8 11 0.17909801 
661 375 8 11 0.17714249 
757 255 8 10 0.1769824 
796 375 11 14 0.17697848 
965 365 10 12 0.17464526 
615 315 8 12 0.1703487 
648 315 11 13 0.16796976 
895 320 9 11 0.16385247 
822 366 9 11 0.1629608 
885 239 8 9 0.16194727 
367 343 8 9 0.1603908 
711 384 9 10 0.15969256 
965 359 10 11 0.15863961 
815 373 12 14 0.15738074 
417 362 13 15 0.15718076 
359 390 7 9 0.15522163 
937 316 9 11 0.15341985 
626 470 11 15 0.15285121 
207 463 9 11 0.15272674 
895 341 8 10 0.15153849 
446 357 10 14 0.15100293 
714 358 8 10 0.15099181 
285 412 10 12 0.15036829 
758 231 8 10 0.1495961 
1010 153 12 20 0.14726289 
749 327 10 12 0.1463396 
885 197 9 11 0.146253 
895 375 10 13 0.1453266 
877 311 8 10 0.14410523 
383 374 8 10 0.14370288 
936 335 9 10 0.1434984 
920 311 6 9 0.14259842 
886 324 9 12 0.14095032 
766 326 10 12 0.13928115 
806 198 7 10 0.13838468 
719 384 10 12 0.13550393 
421 379 11 15 0.13485439 
807 316 8 11 0.13351674 
689 318 10 13 0.13184042 
199 399 9 12 0.1316713 
702 220 8 10 0.131349 
802 335 9 12 0.13039154 
775 245 8 10 0.1264346 
869 343 10 12 0.12635861 
209 445 8 10 0.12563086 
726 342 8 9 0.12554118 
311 336 8 10 0.12481635 
439 364 11 14 0.12428095 
853 341 11 13 0.12382448 
782 230 7 10 0.1233484 
768 304 8 10 0.122360535 
1013 436 9 13 0.122038744 
783 326 13 14 0.12187465 
988 331 9 11 0.12173496 
678 411 9 11 0.121182464 
801 340 9 12 0.12077297 
648 306 8 10 0.12043457 
432 396 9 10 0.1203334 
974 303 8 10 0.118960254 
841 167 9 10 0.11847087 
569 315 11 14 0.118403465 
991 410 11 14 0.11839037 
759 327 9 11 0.11789574 
870 348 9 12 0.11757746 
640 292 8 10 0.117038995 
644 475 16 19 0.11592381 
18 418 13 17 0.11538895 
724 404 10 14 0.11510757 
725 236 8 11 0.115004994 
983 374 9 12 0.114843704 
741 245 8 12 0.114369534 
784 396 11 14 0.11428702 
669 165 9 11 0.11355304 
718 350 8 10 0.11338353 
686 388 9 11 0.112818934 
970 296 6 8 0.11277899 
785 295 8 10 0.111751825 
937 296 7 9 0.11086415 
889 357 9 12 0.11082505 
60 383 12 15 0.110585354 
703 348 8 10 0.11039859 
774 351 10 11 0.11010077 
965 329 8 9 0.109353945 
893 358 9 11 0.109216444 
610 335 7 10 0.10920926 
1007 415 9 11 0.10915436 
764 483 10 12 0.10823709 
975 310 8 10 0.10763387 
705 199 8 9 0.1052966 
856 304 7 9 0.104567945 
894 311 8 9 0.104477815 
864 310 8 10 0.10446313 
381 382 8 11 0.10442633 
814 385 13 18 0.10411295 
898 183 8 11 0.10281919 
933 232 9 11 0.10279774 
493 347 13 16 0.10257263 
847 184 8 9 0.10206384 
29 310 9 11 0.10116883 
497 338 15 18 0.100646384 
895 336 9 11 0.10045145 
352 390 8 10 0.09930681 
997 476 9 12 0.09916344 
277 493 10 13 0.09872685 
885 193 8 9 0.09849255 
993 459 10 13 0.097454555 
743 359 9 11 0.09742159 
591 387 11 15 0.09696861 
341 398 9 11 0.096293144 
440 358 12 15 0.09589049 
725 400 8 11 0.09547012 
328 363 10 12 0.095411055 
353 374 9 11 0.09506423 
681 440 10 13 0.09493977 
881 198 8 11 0.09461635 
785 302 10 11 0.09338823 
944 355 10 13 0.09311827 
895 208 8 9 0.0929623 
943 295 6 8 0.09166846 
954 425 13 15 0.0911201 
519 292 13 17 0.09092497 
882 420 12 15 0.09066063 
640 215 8 9 0.09064488 
687 253 6 9 0.09042364 
535 216 7 9 0.090355 
912 310 8 10 0.090065084 
969 309 9 11 0.089940816 
367 365 8 10 0.08891967 
586 240 7 10 0.088768825 
819 369 13 16 0.08855604 
937 342 9 12 0.088499546 
993 399 10 13 0.08845133 
621 237 7 10 0.08803227 
984 342 10 12 0.087936044 
890 221 9 11 0.0873356 
919 334 9 11 0.0871697 
655 407 9 11 0.08682261 
750 437 12 14 0.08630738 
745 208 10 11 0.08615209 
335 415 9 10 0.085949175 
646 289 8 10 0.08585061 
312 455 10 12 0.085820206 
630 302 7 10 0.08505568 
21 350 10 12 0.08476632 
687 249 7 9 0.08465721 
775 208 8 9 0.08294006 
861 206 8 11 0.08260079 
1015 390 8 11 0.08259619 
673 446 10 13 0.08219909 
886 168 8 10 0.081691295 
72 326 9 12 0.081425324 
769 240 7 10 0.081068404 
880 256 7 9 0.081040554 
775 343 9 12 0.080932565 
583 308 8 11 0.08013431 
343 391 8 11 0.07984366 
697 404 10 12 0.07900081 
878 214 8 9 0.07867791 
784 391 9 13 0.0785875 
818 367 9 12 0.078447856 
920 318 8 11 0.0783813 
975 317 9 10 0.07834741 
736 383 9 12 0.07834072 
901 376 9 11 0.0778865 
58 358 11 14 0.0774585 
726 384 8 11 0.07694407 
777 181 8 11 0.07671761 
872 304 8 10 0.07624076 
687 313 8 10 0.076238595 
970 390 10 12 0.076189585 
848 333 9 11 0.07548657 
780 428 15 17 0.07536811 
687 424 7 11 0.075203925 
903 409 13 17 0.07473127 
800 450 12 16 0.07442635 
301 455 10 12 0.07411317 
417 488 15 20 0.07409786 
949 367 8 11 0.0736646 
822 288 10 11 0.07350899 
918 391 11 14 0.0727845 
431 336 12 15 0.07278048 
889 352 8 11 0.07255454 
983 348 9 11 0.072266385 
969 247 9 12 0.072177604 
988 373 10 11 0.07205424 
948 351 9 11 0.071587905 
800 217 8 10 0.07140851 
655 434 11 13 0.07136407 
831 178 8 10 0.07080052 
319 357 8 10 0.07064138 
688 349 9 11 0.07058387 
853 335 10 11 0.070527054 
817 326 9 12 0.0692304 
633 224 8 11 0.06917974 
206 440 8 11 0.06904808 
741 437 10 13 0.06903336 
918 325 9 11 0.068737976 
1 292 10 17 0.06870058 
635 437 12 13 0.06865295 
736 335 8 10 0.06848801 
748 380 12 14 0.06803745 
971 358 11 11 0.06793467 
694 271 8 10 0.067854375 
711 288 8 10 0.06756699 
958 318 9 11 0.067252696 
918 206 7 10 0.06716092 
819 404 11 15 0.067124024 
788 308 11 13 0.06699181 
726 176 7 10 0.066949904 
913 306 7 9 0.06692706 
845 223 8 11 0.06654857 
758 175 8 11 0.06641991 
713 351 7 9 0.06609196 
361 352 6 9 0.06584781 
941 343 9 11 0.06576182 
240 435 9 11 0.06573562 
905 363 10 14 0.06564368 
385 368 7 10 0.065392785 
361 358 7 8 0.06533119 
204 468 12 14 0.0651005 
874 206 7 9 0.06507564 
720 342 9 11 0.064870805 
631 294 7 10 0.06474085 
287 510 9 12 0.06457866 
990 342 9 11 0.0643027 
615 247 8 10 0.06420262 
624 399 8 10 0.063958146 
634 246 7 9 0.063699126 
888 366 9 11 0.06352737 
451 356 13 16 0.06351795 
949 357 8 11 0.0633163 
967 381 10 11 0.063145615 
719 367 9 12 0.06300728 
705 288 7 10 0.06299541 
622 327 7 9 0.06289269 
705 166 10 12 0.06266357 
589 239 7 10 0.06250036 
358 409 9 11 0.06248751 
318 455 8 11 0.062305465 
726 181 8 10 0.06213141 
699 222 8 10 0.061963845 
776 255 8 10 0.061558228 
873 201 8 10 0.06109676 
862 182 9 11 0.06088254 
595 390 11 14 0.06081688 
720 336 9 10 0.06067222 
662 206 8 10 0.060562346 
901 187 9 12 0.06048227 
681 340 9 11 0.060365345 
900 326 9 10 0.06019543 
894 367 9 11 0.060080055 
573 221 9 12 0.059652988 
727 337 8 10 0.059466586 
615 327 8 10 0.05940504 
984 367 10 12 0.059335455 
454 361 13 17 0.059309892 
622 232 6 9 0.05920956 
618 232 7 9 0.059141003 
829 230 8 10 0.05903249 
976 376 9 11 0.058588885 
616 223 7 9 0.058391508 
858 309 8 11 0.05835325 
903 396 11 13 0.058339972 
300 421 10 13 0.05829896 
982 318 8 10 0.058241006 
890 311 7 9 0.058083143 
447 327 8 10 0.057975743 
880 263 8 9 0.057873797 
890 373 9 12 0.057857938 
701 320 9 11 0.05774526 
637 246 7 9 0.057486665 
781 182 8 10 0.057317674 
858 207 8 10 0.057249803 
767 319 11 12 0.05719927 
58 311 8 11 0.057111092 
673 271 8 10 0.057006616 
606 232 7 9 0.056729842 
1013 454 8 12 0.056568462 
547 286 13 20 0.056530766 
599 303 8 10 0.056515355 
312 443 10 12 0.056224503 
278 321 8 11 0.05619167 
680 382 9 11 0.05614272 
919 344 11 13 0.055954564 
784 375 9 12 0.05593646 
577 254 7 10 0.05581844 
1002 373 10 13 0.055796746 
642 184 7 10 0.055709817 
437 390 8 11 0.05536267 
989 438 10 12 0.055190127 
62 318 9 12 0.055022147 
187 438 12 14 0.05498643 
899 246 8 11 0.05496531 
899 445 12 14 0.054922264 
898 256 7 10 0.054716196 
66 324 9 12 0.054665033 
672 393 8 10 0.054568812 
626 303 7 9 0.05438934 
862 201 8 9 0.054210264 
1006 421 10 14 0.054187804 
353 409 9 10 0.054114733 
792 377 10 14 0.05367612 
909 418 12 17 0.053669512 
881 317 8 11 0.05364478 
982 313 7 9 0.053602714 
992 430 9 10 0.05335431 
673 477 9 11 0.053259354 
1012 423 10 15 0.053176474 
445 309 9 11 0.05316952 
391 391 9 12 0.05311125 
750 410 12 17 0.053083487 
736 152 8 10 0.05294977 
518 386 16 19 0.05276103 
1013 407 9 12 0.05266214 
662 380 8 10 0.05266059 
615 200 8 10 0.052651882 
796 362 9 12 0.05264639 
252 423 9 11 0.0525554 
902 262 9 10 0.052385896 
69 389 11 14 0.052113567 
557 298 11 15 0.05201123 
960 312 8 10 0.051897176 
790 344 10 12 0.051832024 
381 389 8 11 0.051806632 
759 347 12 13 0.05149069 
317 376 10 12 0.051450465 
748 211 10 11 0.05128852 
842 358 14 18 0.051263932 
598 309 9 11 0.050962392 
768 437 12 15 0.050865572 
890 304 7 9 0.050820503 
712 293 8 10 0.050766576 
431 327 11 13 0.050656475 
774 242 7 9 0.050482925 
713 183 7 9 0.050474484 
656 215 8 10 0.050410353 
688 429 8 11 0.050384223 
917 359 10 13 0.050340343 
767 344 10 12 0.050255638 
438 370 11 14 0.05016459 
928 359 8 11 0.049877424 
593 221 7 10 0.049872186 
759 305 8 10 0.04985646 
608 435 9 12 0.04974901 
649 398 8 12 0.049733095 
782 341 11 14 0.049587704 
806 152 8 10 0.049444024 
800 193 8 10 0.049340487 
904 230 7 10 0.04909411 
893 305 7 8 0.0489473 
288 440 9 11 0.048893522 
313 325 8 10 0.04888837 
766 367 10 12 0.048825238 
522 289 20 27 0.048761982 
976 326 8 9 0.04866191 
707 403 12 14 0.048407793 
1007 387 10 13 0.048315503 
303 350 6 9 0.0482979 
632 288 7 10 0.0482875 
285 502 9 11 0.04828578 
934 382 9 11 0.048252217 
591 345 10 11 0.048225205 
984 414 10 12 0.04819291 
354 383 7 10 0.048170604 
614 296 7 10 0.048101805 
375 527 9 10 0.048098337 
830 287 8 10 0.048097603 
935 390 9 12 0.048047937 
640 263 8 9 0.04796904 
411 490 23 29 0.04785418 
385 421 9 10 0.047658693 
623 347 8 11 0.047548383 
877 207 8 10 0.047492333 
790 352 18 24 0.04744764 
416 447 9 13 0.0473563 
1008 455 9 11 0.047283947 
423 385 11 15 0.047283743 
847 303 8 10 0.04723467 
943 391 10 13 0.047202557 
991 392 10 11 0.047120295 
942 335 9 10 0.04704288 
76 327 9 12 0.04689677 
948 414 13 15 0.046822798 
747 366 10 13 0.046820126 
914 325 8 11 0.046748772 
753 191 7 9 0.046740286 
858 231 9 11 0.046725843 
742 351 10 12 0.04669122 
325 479 11 15 0.046470687 
677 399 8 11 0.04641636 
0 318 8 12 0.046350595 
1000 361 9 11 0.045957908 
1013 460 9 13 0.045896355 
846 229 7 10 0.045869112 
197 455 9 10 0.04586566 
898 262 7 9 0.045849085 
673 277 9 10 0.045837946 
759 360 9 10 0.045832336 
705 382 9 11 0.04575696 
280 497 10 13 0.04560194 
833 206 8 10 0.045478363 
302 494 9 11 0.045422673 
655 399 8 11 0.045376573 
743 181 7 10 0.04536764 
694 238 7 9 0.045363452 
816 359 9 12 0.045344654 
793 167 8 10 0.045335885 
420 369 13 20 0.04527541 
434 331 13 16 0.04521165 
872 167 7 8 0.045086633 
893 351 9 11 0.04488988 
337 392 9 11 0.044877738 
669 423 11 13 0.04487385 
816 214 9 11 0.04483269 
989 367 10 11 0.044820357 
591 295 6 8 0.044817507 
406 378 12 15 0.044757683 
934 213 8 11 0.04474958 
621 316 8 10 0.04467268 
872 294 7 10 0.044054884 
345 367 7 9 0.043968573 
742 241 7 9 0.043906942 
736 158 8 10 0.04388038 
773 303 9 11 0.04386642 
877 350 8 11 0.043836992 
749 388 13 15 0.043697655 
887 231 9 11 0.043675426 
261 320 7 10 0.04358541 
877 381 10 13 0.0435391 
274 323 9 11 0.043397382 
717 325 9 10 0.04338977 
637 222 9 12 0.04332149 
764 419 11 15 0.043293577 
993 469 12 16 0.043287434 
659 207 7 10 0.04322786 
886 255 7 8 0.043154944 
625 277 8 10 0.043050967 
1014 442 10 14 0.042976398 
767 309 9 10 0.042910237 
981 228 9 12 0.042898774 
420 477 16 18 0.042886723 
777 224 8 10 0.0428576 
576 248 6 8 0.0427629 
680 389 8 10 0.04275554 
592 302 7 10 0.04262959 
698 217 8 10 0.042512164 
761 309 8 10 0.04238441 
358 383 8 10 0.04228901 
759 393 11 15 0.04226049 
441 303 8 11 0.04216349 
806 350 9 12 0.042149507 
23 379 12 13 0.042140685 
600 216 8 10 0.041870225 
610 317 8 11 0.041817993 
857 247 8 11 0.041774902 
947 372 9 13 0.04174725 
721 176 8 10 0.041733474 
598 184 7 10 0.04166676 
892 436 15 20 0.04165583 
772 434 16 18 0.04162971 
663 200 8 10 0.041593373 
673 411 9 12 0.04151345 
367 359 7 10 0.04147833 
615 301 7 9 0.041439813 
840 328 9 11 0.041349154 
589 325 9 11 0.041305162 
601 238 8 10 0.041300923 
992 348 8 11 0.04129433 
383 350 7 10 0.041214425 
313 432 8 11 0.041141506 
375 358 8 9 0.041053206 
14 388 9 11 0.041033197 
821 327 9 12 0.040986393 
837 303 9 11 0.040981278 
939 348 9 11 0.040971793 
920 241 8 10 0.04083963 
942 160 8 10 0.04081869 
946 221 9 11 0.040813763 
695 418 10 14 0.040654134 
30 406 11 12 0.04058917 
999 413 10 12 0.04049812 
744 341 8 10 0.040312406 
772 324 10 14 0.04029387 
865 342 9 12 0.0402363 
777 177 8 9 0.040135846 
649 254 7 10 0.03998762 
568 333 10 13 0.039984968 
962 333 9 10 0.039978854 
1012 351 10 13 0.039866854 
920 189 7 10 0.039703038 
871 286 8 11 0.039695058 
401 379 10 13 0.039690517 
855 182 9 11 0.03963762 
793 239 8 10 0.039599124 
446 304 8 11 0.03956783 
935 208 7 9 0.039480764 
813 394 14 20 0.03947174 
70 320 9 11 0.039468963 
673 566 25 29 0.039448503 
966 224 8 10 0.03944598 
950 405 11 13 0.039396603 
64 304 8 10 0.039346505 
880 175 8 10 0.039268393 
846 215 9 10 0.039241813 
928 445 10 14 0.039209854 
710 343 8 11 0.03918667 
760 225 7 9 0.039169695 
487 333 24 30 0.03914214 
651 405 8 11 0.038913812 
333 358 10 11 0.03865671 
957 175 9 11 0.038632993 
935 303 7 8 0.03856971 
901 390 9 12 0.038566183 
840 184 7 9 0.038491253 
437 353 19 26 0.03836208 
759 167 7 9 0.038092796 
823 159 7 10 0.038031828 
439 380 9 13 0.03800567 
609 328 7 9 0.037966527 
752 248 7 9 0.037823386 
58 315 10 13 0.03773483 
375 352 8 10 0.03772714 
1012 413 9 13 0.03770659 
696 350 8 11 0.03763348 
925 343 10 12 0.037595913 
925 390 11 14 0.037480287 
352 368 8 11 0.03744441 
902 255 8 10 0.037372828 
806 215 8 10 0.03735013 
567 340 10 14 0.03727622 
632 400 8 11 0.03723815 
655 221 8 11 0.037180755 
303 344 7 9 0.037153594 
894 393 11 14 0.03706987 
809 249 7 9 0.036952373 
661 430 11 14 0.036932427 
639 199 8 10 0.03689702 
861 246 10 11 0.03685092 
830 368 13 17 0.03661412 
864 287 8 10 0.03650876 
719 214 7 9 0.03648153 
274 487 9 11 0.036461104 
1009 409 8 11 0.036366243 
874 213 8 11 0.03636539 
422 352 11 15 0.03621824 
607 167 9 10 0.0362133 
911 381 8 10 0.03619129 
865 349 9 12 0.036157254 
299 408 19 23 0.036134977 
783 200 7 9 0.036123563 
609 311 9 11 0.03605038 
722 232 9 11 0.036032163 
28 316 10 14 0.036030393 
992 423 9 11 0.035997793 
830 324 10 12 0.03597661 
974 366 8 11 0.03593887 
246 430 9 11 0.035938125 
694 373 9 11 0.035905644 
608 200 8 10 0.03587687 
680 199 8 9 0.035825856 
407 427 11 14 0.03573287 
272 397 10 12 0.03571958 
342 405 8 10 0.035704687 
711 175 8 10 0.0356282 
598 344 8 10 0.03547257 
64 372 12 16 0.035460684 
917 224 8 10 0.03543525 
193 423 9 12 0.03542531 
623 214 7 10 0.035317305 
894 168 8 10 0.035268147 
1008 303 8 11 0.035258345 
397 534 13 16 0.0352071 
932 412 10 13 0.035193376 
974 207 10 11 0.03505423 
317 436 11 14 0.03505399 
776 167 7 8 0.035020955 
259 442 11 12 0.034954906 
352 358 7 9 0.034938656 
709 198 8 10 0.034911722 
198 437 11 13 0.03489198 
798 168 8 10 0.034879927 
253 468 10 11 0.034879208 
742 377 12 15 0.034751434 
657 189 8 10 0.034738686 
679 427 9 12 0.0347051 
551 268 8 11 0.03469072 
793 161 7 8 0.03465376 
704 161 9 11 0.034571007 
902 199 8 10 0.034505498 
1015 394 9 13 0.034470405 
929 198 9 10 0.034455914 
927 335 8 11 0.0343208 
921 246 8 10 0.03431492 
703 183 8 9 0.03426192 
808 205 7 10 0.03416313 
742 151 8 9 0.034014873 
281 303 7 9 0.03393906 
190 452 9 11 0.03390777 
675 471 14 16 0.03387935 
652 470 11 14 0.03385713 
982 423 8 11 0.03385557 
751 344 8 10 0.033817273 
847 248 8 10 0.03374955 
742 177 7 9 0.033701304 
964 411 10 13 0.033660434 
871 181 9 11 0.033595823 
992 277 8 10 0.033480898 
687 407 8 11 0.033478007 
783 277 10 12 0.033401903 
950 333 9 11 0.033387415 
881 247 7 10 0.033367693 
905 165 9 11 0.033366345 
599 327 8 10 0.033361927 
389 461 8 11 0.033270244 
929 304 7 9 0.033198927 
911 396 9 11 0.033185925 
677 271 8 10 0.03318511 
713 215 7 9 0.033175837 
423 342 9 11 0.03316872 
977 429 9 11 0.033145323 
637 400 10 11 0.033141423 
934 361 9 11 0.033139404 
839 191 8 10 0.032997023 
813 303 8 10 0.03295109 
88 312 7 9 0.032927938 
697 256 8 10 0.03285146 
863 176 8 9 0.032836184 
733 305 10 12 0.032824136 
913 223 8 10 0.032603554 
997 455 10 12 0.032573856 
423 325 10 11 0.03257231 
367 350 8 10 0.032549057 
862 213 8 10 0.032459926 
561 213 7 9 0.032422557 
263 414 9 11 0.032412354 
70 311 8 10 0.032395046 
583 348 215 222 0.032306205 
863 305 8 10 0.03229672 
712 413 10 13 0.032274224 
551 442 10 16 0.032264594 
363 344 7 9 0.032210413 
277 446 10 12 0.032158434 
974 296 7 9 0.032085918 
982 429 9 10 0.032003913 
188 482 33 32 0.031915765 
556 307 12 15 0.03187988 
567 208 7 9 0.031874165 
360 367 8 10 0.031853393 
425 311 8 9 0.031827997 
406 358 10 13 0.031791776 
738 327 8 11 0.031786732 
872 176 8 10 0.031770222 
586 296 7 8 0.0317141 
681 422 9 12 0.03163057 
18 432 15 19 0.03161938 
711 335 9 11 0.031618096 
959 375 11 13 0.031590458 
968 315 9 12 0.031588063 
736 136 7 9 0.031555206 
386 325 9 10 0.03149725 
741 431 9 12 0.03149686 
647 422 9 12 0.03148115 
775 294 7 10 0.031358138 
223 469 9 12 0.03135694 
307 270 9 11 0.031352066 
376 510 9 11 0.031321958 
913 319 9 10 0.031285547 
914 206 8 10 0.031257164 
909 160 9 10 0.031239111 
728 198 7 10 0.031061908 
367 385 9 11 0.030966902 
312 341 7 9 0.030958116 
327 398 10 13 0.030937074 
337 376 8 10 0.03093308 
755 411 14 18 0.030920086 
325 461 9 11 0.030899476 
908 447 12 14 0.030862624 
606 215 8 10 0.03079569 
946 412 9 12 0.030613894 
302 447 9 11 0.030583104 
52 358 19 24 0.030569134 
640 190 9 10 0.03056676 
532 294 18 22 0.030472089 
742 322 19 23 0.030454695 
588 320 9 11 0.030389292 
888 333 9 11 0.030359797 
816 208 7 9 0.03028646 
311 399 7 10 0.030266685 
885 396 13 16 0.030260546 
926 320 8 10 0.030224707 
193 429 11 13 0.030209264 
783 397 21 23 0.03020309 
934 199 7 9 0.030181987 
298 344 7 9 0.030103372 
692 382 11 12 0.030090176 
670 143 9 10 0.029952481 
456 304 9 11 0.02987332 
770 358 8 10 0.029824568 
383 395 9 11 0.029814953 
783 316 12 14 0.029810252 
897 201 8 10 0.02980164 
791 287 7 10 0.029674727 
720 254 8 9 0.029670268 
58 370 21 27 0.029605782 
999 342 8 11 0.029567162 
735 215 8 9 0.029527182 
816 174 8 10 0.029504979 
911 257 7 9 0.029470634 
952 303 7 9 0.029430296 
889 209 9 10 0.029410945 
615 341 9 11 0.029379586 
750 360 8 10 0.029359898 
951 327 9 11 0.029343486 
781 177 8 9 0.029339578 
598 348 9 11 0.029338812 
665 144 8 10 0.029258959 
728 440 13 16 0.029182723 
847 345 14 17 0.02912148 
316 424 10 11 0.029116733 
959 407 10 12 0.029097263 
781 358 8 12 0.028994232 
919 185 8 10 0.028986223 
853 379 13 16 0.02897007 
601 232 8 10 0.028921619 
402 319 7 9 0.02891719 
610 248 7 8 0.028904142 
640 208 8 10 0.028883008 
680 438 18 23 0.028877573 
302 435 10 13 0.028772723 
899 428 14 18 0.028753238 
682 317 9 12 0.028739087 
818 378 13 18 0.02872692 
335 382 9 10 0.02871606 
957 413 13 14 0.028679516 
648 391 9 12 0.028675519 
720 192 8 9 0.028647045 
318 459 11 13 0.028631298 
977 224 8 10 0.028618004 
419 324 7 10 0.028616963 
416 374 20 25 0.028605344 
999 391 10 11 0.028594546 
886 247 7 9 0.028587937 
690 231 8 11 0.028534962 
23 340 10 13 0.028485782 
745 319 9 11 0.028438186 
519 456 12 16 0.028434342 
446 318 9 11 0.02842588 
965 230 8 9 0.028409196 
657 185 8 9 0.028404752 
901 205 9 11 0.02837369 
695 247 7 8 0.028355611 
778 328 20 24 0.028349584 
935 305 18 24 0.028324466 
445 350 23 29 0.028283365 
1006 341 10 12 0.028231267 
700 420 10 13 0.028150992 
767 191 8 10 0.028146021 
912 343 9 11 0.028143413 
952 295 7 8 0.028142422 
701 256 8 10 0.02813342 
625 287 8 9 0.0281145 
882 167 8 10 0.028046932 
917 413 10 14 0.02803812 
953 197 10 10 0.027987408 
928 238 8 10 0.027969498 
558 240 7 10 0.027951213 
589 349 9 11 0.02794958 
758 180 8 10 0.027942145 
633 241 7 10 0.027937423 
782 349 9 10 0.027928714 
392 353 18 24 0.027836908 
694 367 9 11 0.027826957 
632 208 7 8 0.027607778 
943 208 8 8 0.02760484 
670 174 9 10 0.02755743 
726 349 8 10 0.027509583 
612 431 9 12 0.027490102 
721 408 17 24 0.027488876 
573 334 9 11 0.02748781 
927 363 17 22 0.02745282 
692 435 12 15 0.027411247 
857 200 8 10 0.027407233 
680 265 7 9 0.02740615 
573 402 16 18 0.027401477 
711 192 8 9 0.02739281 
957 455 12 13 0.02732704 
29 434 11 16 0.027322592 
1006 358 9 11 0.027265053 
510 286 20 26 0.027255768 
853 328 9 11 0.027232002 
445 330 11 13 0.027226515 
508 285 14 18 0.027210318 
682 249 8 10 0.027147917 
684 366 10 12 0.027087254 
736 207 7 10 0.02701463 
625 423 11 14 0.02696889 
352 1 46 59 0.026962811 
953 179 9 11 0.026836969 
400 374 10 13 0.026798302 
991 312 7 10 0.026791576 
390 371 9 12 0.026735254 
798 293 10 11 0.026732616 
946 380 9 13 0.02672528 
588 357 9 11 0.026710901 
992 271 8 10 0.026660562 
368 336 9 11 0.02665409 
663 399 8 10 0.02664411 
998 349 9 11 0.02663181 
624 209 7 9 0.026617806 
630 278 8 10 0.026588406 
1013 188 10 16 0.026557732 
863 224 7 8 0.026482472 
3 418 14 17 0.026444443 
577 240 6 9 0.026433935 
664 420 9 12 0.026373247 
757 389 19 26 0.026320504 
583 222 8 10 0.026309853 
581 385 13 16 0.026280671 
879 424 13 16 0.026247976 
727 192 7 9 0.02620522 
807 356 10 12 0.02618278 
832 296 8 10 0.026174502 
461 511 11 14 0.026144393 
292 423 19 23 0.026131265 
672 437 10 13 0.026107976 
776 213 7 9 0.02609903 
890 387 11 15 0.02609691 
890 342 9 11 0.026043758 
866 358 18 23 0.026043607 
629 484 11 14 0.025967106 
964 427 11 13 0.025940133 
989 445 11 13 0.02589765 
982 321 18 24 0.025859077 
694 231 9 11 0.02583828 
797 303 9 10 0.025820447 
878 358 8 12 0.025817739 
852 364 11 14 0.025793465 
657 200 8 9 0.025766866 
791 270 9 11 0.025757616 
880 268 9 10 0.02574714 
252 432 19 24 0.025735283 
746 305 8 10 0.025709784 
721 182 7 10 0.025708633 
759 249 7 8 0.025698917 
754 261 10 11 0.025605038 
544 215 8 10 0.025597258 
694 357 9 11 0.025518179 
370 395 9 11 0.025490172 
608 339 8 11 0.025476309 
903 225 8 10 0.025448212 
895 227 10 12 0.025392849 
1013 382 9 13 0.025390161 
862 269 8 10 0.025379917 
685 463 11 13 0.025377538 
617 216 7 9 0.02537142 
734 143 8 9 0.025330264 
249 463 10 12 0.02530129 
561 208 7 10 0.025298804 
767 169 7 8 0.025287049 
704 171 9 11 0.025257813 
773 373 10 11 0.025223471 
663 183 7 10 0.025217162 
693 428 11 15 0.025196329 
88 315 8 12 0.025192095 
275 526 13 17 0.025152488 
406 319 7 9 0.025109822 
977 423 9 12 0.02510325 
559 231 7 10 0.025101349 
677 358 13 15 0.025075493 
799 158 8 10 0.025072537 
750 318 10 11 0.025050111 
784 272 9 11 0.025030827 
919 200 9 11 0.025020866 
599 333 9 11 0.025017288 
369 486 10 13 0.025011051 
369 328 7 9 0.025006449 
622 404 10 11 0.024977712 
992 263 7 9 0.024940962 
966 351 11 12 0.02492758 
877 343 8 10 0.024898391 
574 216 9 10 0.024867425 
856 212 9 11 0.024863588 
788 413 13 16 0.024858007 
296 459 11 12 0.02482199 
550 304 12 16 0.024811264 
825 299 19 23 0.024806475 
903 359 18 24 0.024800962 
544 323 13 19 0.024741622 
657 381 8 11 0.024739673 
273 446 9 11 0.02471393 
919 443 11 15 0.024679366 
806 325 9 12 0.024658328 
802 315 9 12 0.024643352 
853 355 12 15 0.024606477 
506 337 15 18 0.024520071 
385 320 8 10 0.024428902 
780 364 9 11 0.024418658 
769 183 7 10 0.024405057 
817 158 8 10 0.024392525 
376 375 9 11 0.024381904 
871 279 9 12 0.024363173 
741 158 8 10 0.02436307 
933 420 11 14 0.024324454 
541 270 10 11 0.024276493 
673 380 8 11 0.02426187 
680 207 8 9 0.024211066 
294 446 10 12 0.024210824 
592 217 7 10 0.024202798 
656 421 9 12 0.024196444 
806 288 9 10 0.024185847 
901 320 7 10 0.024166904 
654 391 9 12 0.024118321 
685 468 12 14 0.024117563 
1006 479 10 12 0.024109663 
692 444 13 15 0.024106342 
769 257 7 9 0.024102002 
687 182 8 9 0.024087835 
585 216 7 10 0.024051974 
718 430 10 14 0.02398848 
767 175 7 9 0.0239587 
408 363 10 14 0.023921907 
932 439 11 14 0.023921221 
396 391 11 15 0.023918359 
567 302 8 11 0.023880616 
915 419 12 16 0.02387007 
713 468 10 14 0.023823787 
863 168 8 9 0.023803882 
735 200 8 10 0.02377817 
911 174 9 10 0.023718534 
826 180 8 11 0.02370155 
824 176 8 11 0.023700582 
880 233 9 10 0.023684926 
344 360 7 9 0.023677437 
182 404 10 14 0.02363775 
335 352 8 10 0.023611195 
319 470 10 12 0.02358842 
840 248 9 10 0.02356958 
701 413 10 12 0.023568328 
630 256 8 10 0.02356676 
912 183 8 10 0.02354704 
891 380 9 12 0.023511205 
965 407 10 12 0.02346341 
955 389 10 14 0.023441624 
369 384 18 23 0.02343044 
861 238 9 11 0.023408214 
329 415 9 11 0.023407634 
791 371 19 22 0.023402676 
721 249 7 9 0.023366848 
984 443 11 13 0.02336614 
807 156 8 10 0.023362901 
237 423 10 12 0.023358488 
608 223 7 9 0.02335822 
288 444 10 13 0.023335816 
799 268 10 12 0.023311399 
664 446 9 12 0.023296997 
743 440 12 16 0.023282131 
392 539 14 16 0.023276173 
630 359 8 10 0.023251347 
528 207 7 9 0.023227625 
813 446 9 11 0.023222122 
401 313 7 9 0.02320355 
637 460 11 14 0.023185723 
1007 335 9 12 0.023182742 
928 191 8 10 0.023171471 
303 319 8 10 0.02315831 
871 222 9 11 0.023136256 
975 240 8 10 0.023086747 
878 222 10 11 0.023059692 
69 304 7 10 0.023040975 
223 464 8 10 0.023029272 
390 321 8 11 0.02302205 
655 321 9 12 0.023015479 
296 367 9 11 0.023009965 
664 478 9 12 0.023004152 
726 324 9 12 0.022994354 
914 333 8 10 0.022985507 
823 247 9 11 0.02297843 
422 447 11 13 0.022957629 
20 387 13 15 0.02295058 
14 424 15 19 0.02292599 
959 295 7 9 0.022921931 
944 327 8 10 0.022846496 
568 324 10 14 0.022839822 
367 550 26 30 0.022830438 
856 169 9 9 0.022830125 
465 231 215 230 0.022824077 
852 371 14 16 0.02279811 
896 175 7 10 0.022787467 
625 296 8 10 0.022763351 
949 375 18 23 0.022750214 
23 405 11 14 0.02274499 
849 389 15 18 0.022704817 
219 451 10 13 0.022700438 
197 420 11 14 0.022694163 
799 310 9 11 0.022673016 
407 312 7 9 0.022666173 
591 308 9 12 0.022622641 
755 429 13 17 0.022615774 
982 235 9 12 0.022612395 
536 270 10 11 0.02260718 
974 393 18 22 0.022600194 
308 506 13 14 0.022596499 
840 215 8 10 0.02259145 
341 415 8 10 0.022580512 
434 362 20 27 0.022521432 
958 191 10 12 0.0225147 
1007 459 11 13 0.022513319 
896 239 9 10 0.022512063 
970 207 9 12 0.022504913 
710 311 9 11 0.022493199 
246 436 9 12 0.022485375 
770 208 8 9 0.022482954 
429 430 9 13 0.02244853 
568 241 7 9 0.022428315 
806 400 21 26 0.022423951 
550 216 7 9 0.022406636 
720 135 8 10 0.022401731 
373 336 8 9 0.022397762 
919 383 8 10 0.022348309 
313 360 8 8 0.022334822 
764 426 14 19 0.02232967 
878 181 8 10 0.02230606 
878 365 8 11 0.022296106 
427 380 12 15 0.022279216 
313 423 8 11 0.022244517 
308 407 10 13 0.022237187 
807 169 8 10 0.0222269 
799 172 8 10 0.022222739 
689 276 10 11 0.022214837 
719 151 7 10 0.022206135 
576 305 8 11 0.02218316 
416 342 9 11 0.022178147 
653 462 12 14 0.022154786 
760 320 9 10 0.022133818 
481 295 8 10 0.022111835 
686 399 9 10 0.022102118 
62 310 9 11 0.022060983 
793 246 9 10 0.022053337 
975 350 11 12 0.022003014 
585 244 8 10 0.021997703 
698 395 18 22 0.021991555 
872 238 7 10 0.02191116 
694 335 12 13 0.021905858 
558 192 8 10 0.021892466 
475 304 13 16 0.021882268 
909 166 10 11 0.021881696 
720 303 8 11 0.021812908 
728 143 8 9 0.021781772 
761 321 20 23 0.021734618 
577 396 15 18 0.021734454 
846 174 9 10 0.021731386 
616 205 6 9 0.021728067 
743 201 9 9 0.02172586 
661 319 9 11 0.021721892 
726 246 8 10 0.021686096 
801 206 8 9 0.02167284 
847 296 9 11 0.021595405 
808 296 9 11 0.021581572 
974 476 8 11 0.021579573 
934 192 8 10 0.021540515 
698 262 9 11 0.021539006 
749 400 23 30 0.021527471 
782 409 14 17 0.021485554 
615 143 9 11 0.021456705 
954 319 9 11 0.021454899 
935 223 8 9 0.021440512 
857 252 8 10 0.021421792 
729 215 7 9 0.02140925 
890 382 19 24 0.021394337 
849 207 7 10 0.021381501 
919 305 6 9 0.02137615 
213 442 18 22 0.021329392 
983 358 10 11 0.021312082 
597 188 8 10 0.021299416 
57 303 8 10 0.02125462 
534 220 9 11 0.021253034 
869 335 10 12 0.0212392 
719 209 8 10 0.021238372 
910 372 10 13 0.021228207 
727 305 11 13 0.021202488 
769 213 8 10 0.021169951 
353 352 8 9 0.021162089 
1001 303 7 10 0.021137305 
403 377 23 30 0.021133063 
732 411 12 15 0.021119228 
913 200 8 11 0.021100111 
752 197 8 10 0.0210945 
786 424 18 21 0.021082513 
272 435 9 11 0.021078652 
905 311 7 9 0.02101579 
733 402 13 17 0.021007853 
263 432 8 11 0.020996269 
798 287 10 11 0.020988898 
575 324 9 12 0.020987548 
777 201 7 9 0.020985357 
705 193 8 10 0.020982021 
694 391 9 10 0.020981649 
944 215 10 11 0.020981306 
856 224 8 10 0.020974813 
1015 467 10 14 0.020944703 
296 399 7 9 0.020936472 
5 413 22 27 0.020923292 
960 353 21 23 0.02091933 
856 286 9 11 0.020912364 
743 135 8 9 0.02087705 
793 172 9 10 0.020866951 
306 337 7 9 0.020862186 
640 271 8 9 0.020838764 
631 273 7 9 0.020832757 
601 297 7 9 0.020806666 
767 198 8 10 0.02077901 
754 236 8 10 0.020754028 
728 168 7 9 0.020687973 
565 295 8 10 0.020675106 
895 409 13 17 0.020651365 
686 448 11 14 0.02062607 
772 308 11 13 0.020625286 
625 458 11 14 0.020624885 
383 345 8 11 0.020612888 
412 182 11 13 0.020612357 
689 414 8 10 0.020564927 
424 324 21 27 0.020544296 
433 303 7 9 0.020543402 
856 175 8 10 0.020542396 
279 351 9 10 0.020514712 
612 457 13 16 0.020514045 
675 450 12 14 0.020513015 
641 317 10 12 0.020502225 
862 189 9 10 0.020500002 
575 207 8 9 0.020483866 
984 453 9 13 0.020462202 
67 382 12 16 0.020430434 
591 231 7 9 0.020402778 
277 452 9 12 0.020398632 
599 199 8 10 0.02038603 
600 319 8 10 0.02038543 
430 320 11 13 0.020372014 
703 355 9 11 0.020371903 
697 207 7 8 0.020330291 
524 286 13 19 0.020316973 
1013 478 9 13 0.020306066 
637 240 8 10 0.02027639 
713 363 10 12 0.020257909 
838 199 7 9 0.020257464 
345 344 7 9 0.020219954 
832 198 8 11 0.020212645 
199 462 11 12 0.020211425 
319 352 7 9 0.020205075 
810 253 7 9 0.02020453 
824 197 7 10 0.020132545 
558 245 8 11 0.020127462 
880 332 9 12 0.020119112 
1000 335 8 10 0.020102814 
857 268 9 11 0.020098196 
754 168 7 9 0.02009046 
432 423 9 11 0.02003979 
974 436 11 14 0.020016877 
799 230 8 10 0.0200139 
