35_Basketball_basketballgame_ball_35_681
44
457 32 89 118 0.9993326 
925 500 22 29 0.65615255 
962 449 18 21 0.23725641 
721 546 18 23 0.15738192 
938 463 16 20 0.15405525 
252 274 31 42 0.13710763 
213 252 24 29 0.11921734 
115 218 29 37 0.10087315 
240 315 33 40 0.09697871 
288 410 18 21 0.082404196 
1009 465 16 25 0.08115939 
994 508 18 24 0.06583775 
135 379 25 28 0.05047862 
273 353 28 32 0.046593238 
170 421 24 29 0.044982374 
950 447 40 51 0.043870203 
897 450 16 20 0.042458367 
480 -38 433 513 0.04231545 
-15 87 406 442 0.037039034 
123 170 375 432 0.036658525 
601 356 29 35 0.036439415 
84 373 18 22 0.03521217 
127 286 28 34 0.03406827 
138 393 18 22 0.034010123 
171 409 22 28 0.03219077 
941 455 23 28 0.031083515 
210 392 17 21 0.030742839 
132 398 20 28 0.030415686 
304 277 32 34 0.029810665 
708 416 55 68 0.029471317 
714 409 87 108 0.029211363 
718 368 31 44 0.027697435 
875 602 23 30 0.027133489 
989 498 18 25 0.026512684 
122 302 45 58 0.024959981 
713 529 14 17 0.024467371 
866 126 83 112 0.023631714 
113 362 17 20 0.023047172 
283 392 27 33 0.022140315 
881 146 53 68 0.021429222 
785 422 97 123 0.021121327 
71 270 32 39 0.02105697 
0 577 19 38 0.02066511 
0 373 22 35 0.020039044 
