35_Basketball_playingbasketball_35_644
21
336 208 173 212 0.99920064 
748 415 250 293 0.33865127 
519 827 338 480 0.15497471 
12 876 42 64 0.06234388 
613 931 209 294 0.051987037 
4 1272 52 84 0.050783895 
719 1263 78 132 0.050356507 
12 1253 57 74 0.047410578 
250 308 58 75 0.037595488 
100 1407 98 138 0.031812552 
952 1090 76 169 0.03109365 
28 1348 95 127 0.030668102 
771 1263 88 136 0.028653359 
-5 1264 89 146 0.028213933 
581 674 363 456 0.02630061 
794 457 178 152 0.026091082 
773 1233 169 230 0.025741495 
99 953 35 43 0.024937987 
-1 1297 147 227 0.024134517 
129 920 26 37 0.024129124 
592 445 452 449 0.020245466 
