35_Basketball_playingbasketball_35_362
374
889 427 15 19 0.9613117 
16 524 11 14 0.89045113 
536 403 24 28 0.8661365 
47 522 9 12 0.8059718 
206 487 11 14 0.78430265 
704 465 13 16 0.7085891 
475 386 19 22 0.7072369 
621 371 20 24 0.7039934 
71 525 11 14 0.6978735 
69 470 9 11 0.4870838 
23 495 10 12 0.48584032 
96 528 9 11 0.45907834 
184 520 10 11 0.4454658 
168 520 10 11 0.43919182 
262 526 9 12 0.42034766 
151 494 9 11 0.40311995 
221 502 9 12 0.27529594 
48 478 9 11 0.25127444 
627 433 17 20 0.23505065 
88 478 9 10 0.22303611 
141 523 9 12 0.2101177 
92 479 9 10 0.2010898 
53 572 9 12 0.19926216 
118 470 8 10 0.18762243 
362 504 8 11 0.1864553 
302 479 8 9 0.18471815 
241 525 8 10 0.18153334 
85 548 10 13 0.175515 
46 501 10 12 0.17474987 
24 454 8 9 0.16862522 
184 502 8 10 0.16316092 
113 470 8 10 0.1627237 
136 487 8 9 0.15923068 
102 494 9 11 0.15493967 
49 465 8 9 0.15278968 
292 525 10 12 0.15245907 
53 504 9 11 0.14994359 
119 487 7 10 0.1492002 
245 525 8 10 0.14751749 
1 483 8 14 0.14478828 
41 502 10 12 0.14435066 
221 536 10 12 0.14158879 
239 519 8 11 0.1407414 
183 497 7 9 0.13902943 
312 519 8 11 0.13293347 
578 261 16 19 0.13154083 
279 517 8 10 0.13122736 
884 457 27 32 0.12685911 
494 536 8 10 0.12587066 
118 524 8 11 0.12440773 
376 528 7 9 0.12366626 
365 507 8 11 0.12338656 
334 488 9 10 0.12199857 
70 475 10 12 0.12051301 
293 504 9 11 0.11903563 
497 234 17 19 0.11773133 
304 517 7 9 0.11691295 
46 495 8 11 0.11539304 
617 428 28 33 0.11260565 
47 470 9 11 0.110186376 
77 573 9 13 0.10947705 
156 494 9 11 0.108285606 
288 502 9 11 0.10422695 
234 493 10 13 0.101727016 
299 481 7 9 0.10131715 
539 482 13 16 0.10057084 
158 533 11 14 0.09906254 
385 496 8 10 0.09760573 
183 511 9 11 0.095850214 
71 566 10 11 0.095759206 
296 485 8 10 0.095096596 
80 480 8 9 0.09156443 
597 411 22 27 0.09021957 
916 433 28 42 0.090133846 
202 492 8 10 0.089612655 
191 480 8 10 0.087783515 
236 512 9 11 0.08763667 
217 509 10 12 0.087104976 
280 502 8 10 0.08568338 
160 527 9 11 0.08417359 
394 528 8 10 0.083710924 
318 520 9 11 0.0830258 
70 542 9 12 0.08258622 
238 548 15 18 0.082391754 
177 495 7 9 0.08233115 
29 455 8 9 0.082162164 
29 493 8 11 0.08009271 
113 520 9 12 0.079910725 
95 485 8 10 0.07914359 
176 538 12 14 0.07721214 
277 535 10 12 0.07687512 
231 526 8 10 0.07642319 
186 480 8 10 0.07583404 
188 523 9 12 0.074135974 
286 496 7 9 0.07177091 
197 468 8 11 0.07097004 
224 528 9 11 0.070732735 
149 500 10 13 0.070555404 
320 538 7 9 0.07037429 
192 469 10 11 0.06976856 
49 485 9 12 0.069415785 
295 519 9 11 0.06885176 
71 501 9 11 0.06856588 
383 500 9 11 0.06853934 
127 472 8 10 0.067812346 
127 445 9 10 0.06780863 
973 501 10 13 0.06710019 
305 536 9 11 0.06657064 
153 489 7 10 0.06650113 
63 560 9 12 0.065851815 
390 496 8 9 0.06553498 
224 463 9 10 0.06514886 
52 479 9 11 0.0649647 
470 537 8 9 0.064892165 
172 524 9 11 0.0637435 
401 502 8 10 0.06372734 
138 520 9 11 0.06340059 
295 509 9 10 0.06194156 
170 503 9 10 0.061695967 
353 522 7 9 0.06144323 
265 522 9 12 0.06079486 
501 535 8 10 0.060475208 
80 543 9 11 0.05903986 
104 489 8 9 0.05849897 
19 519 11 14 0.058439054 
41 494 9 11 0.058042724 
32 462 10 11 0.056297015 
493 540 8 11 0.056291338 
89 473 8 9 0.056087367 
505 517 9 11 0.055875562 
76 567 9 11 0.055008817 
925 439 12 17 0.054988857 
240 466 7 9 0.054965965 
69 465 8 11 0.054860197 
175 509 8 10 0.054187033 
247 453 9 10 0.05305852 
478 511 7 9 0.05282893 
192 496 7 9 0.052744552 
957 501 9 13 0.052426275 
111 487 8 9 0.052231826 
118 464 8 10 0.05191818 
31 488 9 11 0.051392518 
174 503 9 11 0.050100073 
121 492 8 10 0.050061896 
393 534 8 9 0.050000403 
360 527 7 9 0.049428765 
93 474 8 9 0.04887389 
604 416 28 30 0.047640342 
369 487 7 9 0.047570672 
319 471 7 9 0.047075473 
96 539 10 12 0.046853792 
37 542 11 13 0.04681159 
150 538 12 15 0.04678475 
40 507 9 11 0.046708103 
368 528 8 9 0.046629347 
311 537 9 11 0.045823768 
6 511 9 11 0.045673575 
282 497 8 9 0.045351975 
213 492 9 12 0.045167957 
254 472 8 9 0.045002107 
106 470 8 10 0.044393167 
928 501 11 15 0.044118173 
4 479 10 14 0.04409617 
51 520 10 13 0.044091225 
367 535 8 10 0.04398213 
198 464 8 10 0.043614835 
279 511 8 11 0.043263473 
146 509 9 11 0.04308559 
151 479 6 9 0.041917812 
166 539 9 13 0.04182281 
336 480 7 9 0.041767206 
175 472 7 9 0.041755024 
920 440 12 15 0.041451074 
478 525 8 9 0.04138398 
341 486 8 10 0.040977284 
924 445 15 23 0.040960677 
936 485 10 14 0.040878147 
118 478 8 9 0.040694777 
352 479 8 10 0.040182974 
192 485 7 9 0.040146124 
503 524 8 11 0.03963397 
143 479 8 9 0.039614804 
394 542 8 10 0.039447002 
311 488 8 9 0.039419077 
42 524 9 11 0.039371178 
897 432 41 54 0.038960516 
17 461 9 12 0.03882575 
383 533 7 10 0.03878786 
137 481 7 9 0.038359374 
656 482 13 17 0.03822437 
80 484 9 11 0.03809948 
239 470 7 9 0.037911154 
358 486 8 9 0.03787621 
257 495 8 9 0.037477996 
420 495 8 10 0.037158854 
397 543 8 10 0.037151657 
17 455 8 10 0.036685575 
80 579 10 12 0.03662526 
38 487 8 11 0.036439575 
230 465 8 10 0.0361651 
288 520 9 11 0.036099397 
223 518 9 10 0.035915863 
1012 469 9 12 0.035745695 
399 496 8 10 0.035628047 
303 474 8 8 0.035022404 
226 566 14 16 0.034597315 
375 533 8 11 0.034315407 
174 549 12 14 0.034191072 
114 454 8 10 0.034171756 
249 572 13 15 0.03403231 
133 534 9 12 0.033996906 
474 520 8 10 0.033961423 
457 463 9 11 0.03371489 
465 535 7 10 0.03343116 
265 563 11 14 0.033382155 
100 500 10 12 0.03330715 
8 547 9 12 0.03325816 
65 543 8 11 0.033231538 
112 449 8 10 0.033224534 
358 480 8 9 0.033139486 
99 532 9 13 0.033104144 
199 525 9 11 0.03306983 
238 532 11 13 0.032986708 
39 549 11 13 0.032986496 
574 399 10 13 0.03289169 
983 502 8 11 0.032842956 
330 508 8 11 0.032512236 
216 515 10 12 0.032361984 
21 462 9 12 0.03203733 
101 509 10 12 0.03190365 
110 574 10 11 0.031800386 
167 472 8 8 0.031799026 
165 565 11 13 0.03177359 
326 524 8 11 0.03148873 
62 503 9 11 0.03137805 
233 518 8 11 0.031149887 
118 455 7 9 0.031027956 
38 464 8 11 0.030915288 
180 514 19 23 0.030850297 
167 549 11 14 0.030611638 
309 494 9 10 0.030521745 
375 480 9 9 0.030299906 
172 555 11 13 0.030264746 
158 488 8 10 0.03011036 
345 508 8 10 0.030051138 
447 544 7 9 0.030003691 
160 472 8 9 0.029899044 
336 8 76 81 0.029826239 
45 550 11 13 0.02960963 
161 519 9 11 0.029206172 
273 540 11 12 0.029073175 
217 527 9 12 0.028949758 
216 497 19 24 0.028861651 
160 478 8 9 0.028823992 
957 487 8 10 0.02867532 
222 496 10 13 0.028636886 
344 481 8 9 0.02861678 
456 541 8 10 0.02860132 
229 535 10 12 0.028539447 
287 0 113 118 0.028429221 
271 519 8 11 0.02834791 
74 531 11 13 0.028217882 
185 485 7 9 0.028198536 
368 539 9 11 0.028060328 
167 558 11 13 0.027906176 
69 560 10 12 0.027831912 
61 507 9 12 0.027799888 
477 376 30 33 0.02776237 
229 539 11 14 0.027600944 
167 487 8 9 0.027398992 
86 555 9 12 0.027248722 
116 323 14 15 0.026981723 
222 545 12 15 0.026933847 
85 516 9 12 0.026805509 
168 495 7 9 0.026786616 
314 471 8 9 0.026748339 
41 469 8 11 0.02658648 
608 261 401 512 0.02649903 
432 527 8 10 0.026423177 
472 364 27 36 0.026337776 
159 561 9 11 0.026298547 
52 470 9 10 0.02624448 
52 549 11 13 0.02617806 
113 464 8 11 0.026148714 
262 501 8 10 0.026072124 
254 477 7 10 0.026063148 
456 511 7 10 0.025911992 
535 262 10 11 0.025677083 
29 448 8 10 0.02567487 
367 519 7 9 0.025389062 
249 479 9 10 0.025368055 
540 552 16 20 0.025253423 
44 519 17 22 0.025236173 
509 510 8 11 0.025216052 
215 470 10 11 0.025138345 
362 533 8 10 0.025048027 
327 542 8 10 0.02503504 
352 544 8 10 0.024983797 
1 509 8 12 0.024975332 
253 454 8 10 0.024773898 
405 503 9 10 0.02475758 
77 519 10 12 0.024450669 
232 488 9 12 0.024409428 
42 478 8 11 0.0243821 
947 0 34 22 0.024062747 
332 503 9 11 0.024036633 
611 433 16 19 0.023987487 
8 516 9 13 0.023975633 
401 509 9 11 0.023969667 
350 504 9 10 0.02388893 
790 494 7 9 0.023843778 
112 561 8 10 0.023841875 
330 488 9 11 0.023831291 
147 488 19 24 0.023737919 
56 559 10 12 0.023713266 
302 504 9 11 0.023386234 
197 480 9 10 0.023328679 
71 508 10 12 0.023312837 
997 486 12 17 0.023310263 
147 495 9 11 0.023250228 
378 502 8 10 0.023155719 
208 470 8 10 0.023110677 
274 510 8 11 0.022970745 
232 23 210 215 0.022967432 
441 544 7 9 0.022876685 
360 497 7 8 0.022866646 
261 496 7 9 0.02281674 
86 464 8 9 0.022761775 
497 325 19 21 0.022651961 
101 584 10 11 0.022642013 
230 498 10 13 0.02250429 
416 500 9 11 0.022444805 
448 580 8 12 0.02243104 
588 421 27 30 0.022411054 
149 565 10 12 0.022389801 
992 477 8 10 0.022307044 
229 550 24 29 0.022200182 
377 496 8 10 0.022033319 
132 539 11 13 0.022011971 
243 542 14 16 0.021859871 
256 488 7 10 0.021814248 
264 540 9 11 0.02176993 
0 471 8 12 0.021766294 
104 464 8 10 0.021722436 
510 85 11 15 0.02169923 
335 518 8 11 0.021633593 
79 462 9 10 0.021605859 
126 526 10 12 0.021604242 
11 525 10 14 0.021539237 
721 544 9 11 0.021502286 
129 476 8 9 0.021454524 
367 495 8 9 0.021439293 
15 449 8 10 0.021438915 
474 524 8 11 0.021369478 
289 507 9 11 0.02117628 
0 548 8 12 0.021097636 
358 521 8 9 0.021037573 
506 239 14 18 0.02097643 
1012 535 8 11 0.020967197 
497 527 8 10 0.020933328 
343 537 7 8 0.020862153 
8 463 9 11 0.020857427 
368 481 8 9 0.02078406 
135 518 20 24 0.020610096 
217 534 20 24 0.020582067 
238 497 11 13 0.020440914 
163 533 12 14 0.020433294 
602 541 16 20 0.020415429 
111 565 10 12 0.02022758 
101 518 11 12 0.020181254 
32 520 9 10 0.02013117 
498 90 42 57 0.020082133 
87 483 9 11 0.020047717 
462 512 7 9 0.020016724 
