35_Basketball_Basketball_35_304
18
768 266 30 39 0.9867394 
701 251 28 37 0.9817448 
865 347 56 58 0.1133521 
712 261 17 24 0.05981464 
282 109 451 442 0.049430232 
855 422 49 58 0.049238216 
758 296 15 21 0.044262994 
700 256 43 54 0.042953815 
715 265 26 35 0.03245885 
789 213 10 13 0.02986764 
763 341 45 49 0.029305639 
770 312 19 22 0.028818373 
721 266 14 21 0.027014108 
-18 99 467 462 0.026922964 
693 258 14 22 0.026481057 
142 1 424 441 0.023930144 
846 423 36 42 0.022059904 
741 296 28 31 0.020848382 
