35_Basketball_playingbasketball_35_127
61
636 32 33 43 0.99928695 
318 56 29 38 0.99926037 
886 64 27 35 0.9985366 
531 165 37 46 0.9978823 
491 111 37 47 0.99698776 
597 186 48 62 0.99656194 
91 18 18 24 0.9658896 
15 62 16 20 0.8677325 
418 74 23 28 0.8533903 
851 3 26 29 0.83852005 
167 1 23 23 0.7018943 
1004 115 18 33 0.50333565 
736 17 55 65 0.12849323 
760 15 18 21 0.11869612 
458 138 25 35 0.11734281 
123 2 17 18 0.114404984 
820 12 23 30 0.09461791 
168 47 14 18 0.08974566 
406 138 22 29 0.074206814 
813 67 25 32 0.071931735 
461 195 25 37 0.052666537 
108 2 17 18 0.050534196 
126 123 10 13 0.048824266 
406 66 23 32 0.048045278 
834 19 15 20 0.047058735 
819 61 14 16 0.04158077 
412 67 36 47 0.041227274 
817 67 16 20 0.039393954 
732 0 97 110 0.03790811 
899 134 31 39 0.036448073 
403 68 15 22 0.03596207 
163 33 25 33 0.035677876 
392 5 27 27 0.03441031 
680 14 25 30 0.033517495 
463 135 12 17 0.031167224 
403 2 24 23 0.030262016 
119 74 15 16 0.029393258 
843 10 25 35 0.02692465 
103 41 26 34 0.026816715 
645 565 10 12 0.026185272 
347 208 24 27 0.025849978 
205 345 511 493 0.025766268 
862 4 20 21 0.025757682 
432 258 17 23 0.02560387 
760 53 208 238 0.025406728 
406 36 39 52 0.024843493 
740 36 14 19 0.024424974 
378 3 29 29 0.024100848 
158 1 17 19 0.023994623 
618 108 14 20 0.023858787 
402 15 17 20 0.023571886 
989 270 10 14 0.02271386 
307 140 31 28 0.022443887 
571 139 445 440 0.021884954 
694 49 14 19 0.02151155 
830 13 24 32 0.021437876 
192 25 13 16 0.021256564 
864 13 18 22 0.021139178 
776 66 16 20 0.020641426 
803 71 26 35 0.020317487 
566 173 30 36 0.020211635 
