35_Basketball_playingbasketball_35_794
94
283 175 28 36 0.9988662 
511 135 30 38 0.9988305 
556 124 32 39 0.998379 
100 157 26 36 0.9972572 
751 85 42 56 0.9952437 
835 141 32 40 0.9924429 
425 177 19 24 0.971684 
-3 162 25 51 0.96228015 
267 148 16 25 0.93684316 
184 162 20 29 0.9185889 
394 146 16 22 0.8109676 
325 163 17 21 0.7633891 
113 29 27 33 0.50714886 
440 203 18 24 0.49497062 
381 171 17 21 0.3212813 
380 193 20 28 0.30695775 
435 206 26 34 0.24224783 
244 180 19 31 0.2043709 
149 36 14 18 0.1404761 
206 256 65 124 0.105645455 
159 181 24 28 0.0886952 
504 207 34 43 0.080733955 
0 253 12 17 0.0754492 
400 463 13 15 0.0693575 
70 199 11 14 0.06292533 
136 29 26 31 0.061643172 
383 466 9 12 0.061598673 
367 396 11 15 0.060014438 
602 175 20 23 0.057640992 
142 139 11 16 0.057363294 
400 148 22 28 0.05651352 
264 142 13 21 0.054088276 
166 170 25 33 0.051591683 
385 155 23 27 0.049558178 
330 158 14 18 0.047989335 
395 193 14 21 0.047299925 
232 179 13 18 0.04512765 
67 214 24 34 0.043718718 
174 165 33 44 0.041561384 
375 177 23 27 0.040870782 
128 75 12 16 0.04013151 
246 174 12 16 0.038635224 
386 199 23 30 0.037590787 
149 172 24 32 0.036505632 
463 142 11 15 0.034566637 
856 356 24 31 0.034049205 
340 192 23 34 0.033718124 
120 33 34 36 0.03325608 
236 181 16 24 0.032677747 
496 237 40 49 0.031224871 
69 116 16 20 0.03119093 
68 200 15 22 0.030990304 
181 129 13 17 0.030377014 
130 68 26 33 0.030274386 
178 73 15 20 0.03011935 
564 161 28 32 0.02840863 
390 464 10 12 0.028209679 
0 247 22 25 0.02767972 
329 168 17 26 0.027165364 
887 122 12 15 0.027042093 
245 111 9 10 0.027036244 
836 185 26 44 0.02696581 
131 39 37 49 0.026891174 
565 218 34 43 0.026886325 
425 211 28 39 0.02688387 
264 153 25 33 0.02617475 
804 538 15 21 0.025270563 
711 176 23 40 0.025063004 
377 165 13 17 0.024505926 
238 269 50 93 0.024493892 
4 500 12 16 0.024414754 
371 188 17 24 0.023587765 
125 12 33 39 0.023433533 
386 187 15 21 0.022794971 
904 144 10 13 0.022464423 
110 32 18 24 0.022430552 
334 151 11 14 0.022156963 
87 162 26 33 0.022149598 
842 254 41 58 0.022087082 
182 138 14 18 0.021950517 
135 130 12 16 0.02194024 
377 225 17 22 0.021690244 
96 137 26 39 0.021534655 
1011 455 12 19 0.021405935 
340 149 12 15 0.021297218 
142 39 16 20 0.021255974 
430 222 31 42 0.02120378 
231 219 37 57 0.021174867 
374 207 26 36 0.021172378 
892 119 10 14 0.021038339 
238 174 13 19 0.02085814 
211 114 22 28 0.020806609 
101 121 20 26 0.020532867 
337 467 11 13 0.020002473 
