35_Basketball_Basketball_35_801
23
642 276 15 21 0.86249125 
922 252 16 21 0.3288074 
515 214 32 34 0.18450801 
509 311 47 60 0.116667435 
909 247 46 57 0.08179535 
563 325 54 60 0.07923728 
603 354 17 22 0.0777878 
840 496 206 204 0.07034124 
889 231 11 15 0.051379804 
309 94 9 10 0.049157526 
1012 323 10 16 0.03963851 
325 99 10 14 0.03826081 
321 102 9 13 0.031690374 
635 276 26 34 0.030401465 
592 344 29 34 0.029625924 
321 96 8 11 0.026657673 
519 321 13 18 0.026082693 
632 278 43 55 0.023656841 
312 104 10 12 0.022962958 
914 255 26 32 0.021986302 
148 195 42 47 0.021879727 
593 375 16 20 0.020803344 
920 238 67 77 0.020728037 
