35_Basketball_basketballgame_ball_35_662
163
757 1 28 35 0.9995776 
110 65 30 39 0.99939346 
116 112 31 38 0.9993861 
170 0 31 34 0.9992902 
288 133 30 39 0.99907625 
379 71 28 34 0.99892235 
307 96 33 38 0.99884003 
477 82 55 73 0.99871695 
795 123 58 70 0.99792755 
63 41 27 35 0.99778926 
709 82 31 38 0.9977373 
242 66 36 43 0.9975216 
363 139 31 37 0.9974808 
207 148 44 55 0.99699795 
428 12 28 36 0.9967989 
597 51 49 61 0.9962297 
689 121 46 59 0.9947914 
555 33 28 35 0.9929173 
685 51 29 36 0.9855386 
804 41 31 34 0.9852443 
280 0 30 31 0.98317933 
38 114 24 31 0.98242915 
65 103 42 54 0.9823063 
732 125 42 54 0.95974886 
227 122 33 38 0.9531863 
659 3 29 33 0.91610116 
1 173 22 32 0.80768067 
849 143 24 38 0.76209164 
493 -1 24 21 0.5881233 
272 6 29 34 0.47010675 
770 54 30 33 0.41982955 
523 59 32 39 0.36567658 
863 142 30 40 0.36041656 
623 2 22 27 0.25739476 
-1 -2 17 25 0.20783956 
349 121 26 31 0.18065071 
164 136 26 36 0.1802161 
58 83 25 31 0.18020351 
669 123 46 58 0.16169767 
409 144 34 41 0.1512544 
196 94 25 28 0.14927067 
761 62 24 29 0.14256294 
356 130 28 35 0.13328762 
678 4 23 28 0.1325391 
581 0 23 24 0.12262227 
807 26 26 33 0.119530804 
396 189 25 37 0.10516431 
771 5 25 31 0.102886245 
840 75 38 50 0.10154533 
791 9 27 31 0.092169106 
435 90 28 40 0.09083164 
702 94 40 52 0.085524514 
278 21 28 31 0.0841777 
202 111 32 37 0.08382638 
65 0 21 20 0.08308554 
528 43 38 46 0.08091765 
751 68 22 27 0.0733096 
804 19 25 27 0.06809098 
514 36 38 45 0.06748161 
654 119 41 60 0.06747018 
785 1 24 29 0.06444894 
856 91 39 57 0.064131625 
853 70 31 35 0.06285215 
445 18 24 34 0.062442582 
22 65 27 36 0.06244186 
-1 85 11 21 0.0609391 
179 49 29 38 0.060833346 
530 1 31 30 0.059825566 
341 85 25 29 0.05774513 
816 25 16 19 0.057376392 
316 3 26 29 0.056343127 
865 65 20 20 0.056221 
457 90 27 44 0.054750737 
2 267 26 36 0.053691726 
75 1 14 15 0.051150225 
701 9 16 20 0.05024406 
164 120 27 36 0.049587563 
339 3 17 20 0.048252832 
304 1 27 26 0.047834594 
264 41 22 29 0.047744587 
276 19 19 23 0.047091674 
212 118 35 37 0.046234064 
689 7 16 22 0.045522872 
650 60 23 31 0.045370914 
757 75 25 32 0.044572502 
538 8 17 20 0.044000983 
201 1 24 30 0.04370673 
330 142 24 31 0.043379113 
641 0 18 21 0.041393224 
628 341 37 37 0.041060697 
810 2 17 17 0.041046467 
268 15 19 24 0.04056996 
522 7 29 34 0.04043133 
635 5 26 29 0.03982114 
757 91 23 30 0.03976862 
862 109 42 64 0.03954056 
28 52 26 39 0.03937179 
-3 170 37 50 0.039203558 
53 112 34 39 0.03905874 
323 36 23 32 0.037386883 
458 80 45 62 0.03709173 
285 110 22 26 0.03702149 
333 7 17 22 0.034868978 
875 150 27 39 0.034737866 
887 313 22 38 0.034247898 
632 9 18 22 0.033732183 
321 -1 17 16 0.03355041 
291 116 32 42 0.032569747 
114 -1 19 14 0.03221313 
0 75 20 33 0.031789698 
786 15 19 23 0.031696044 
290 525 16 19 0.031324863 
381 50 15 18 0.030698618 
871 79 34 47 0.030393826 
188 86 26 30 0.030280381 
543 0 21 20 0.030276211 
290 14 27 34 0.029854676 
362 196 16 20 0.02981976 
681 29 24 29 0.02924899 
667 0 17 15 0.028580852 
232 142 33 44 0.028486583 
513 1 28 25 0.02789085 
210 0 27 30 0.027620614 
133 29 23 27 0.027361779 
460 19 14 21 0.027222797 
255 539 12 16 0.02700381 
119 561 13 17 0.026639089 
277 34 26 31 0.02640124 
804 4 17 20 0.02639961 
174 63 24 32 0.026351925 
339 114 27 34 0.026318902 
452 37 16 23 0.026242258 
622 11 27 35 0.02603334 
192 44 30 38 0.026004102 
225 -1 27 28 0.025877533 
393 168 41 52 0.02476162 
890 264 33 47 0.024281569 
670 11 24 32 0.024047615 
184 28 29 37 0.024010463 
82 525 15 16 0.023815123 
38 63 26 35 0.023796273 
36 82 38 52 0.023784501 
55 66 27 36 0.023733819 
357 297 52 65 0.02357757 
849 74 18 22 0.02355691 
472 52 25 30 0.02341447 
334 47 14 20 0.022823514 
535 22 39 46 0.022568205 
930 0 30 30 0.022567164 
858 0 17 19 0.022557229 
320 18 27 37 0.022347942 
790 47 29 36 0.021829523 
545 1 34 31 0.021598151 
747 137 39 48 0.021584658 
8 69 27 35 0.021440767 
639 61 25 37 0.021309279 
422 402 96 130 0.021024423 
349 104 25 32 0.020660989 
642 110 37 60 0.020584274 
382 102 25 30 0.02044672 
467 90 16 24 0.020402491 
904 540 29 32 0.020062646 
614 323 45 45 0.020016905 
