35_Basketball_playingbasketball_35_377
19
564 648 54 74 0.9959889 
539 1123 27 31 0.048122857 
409 1232 9 13 0.045581624 
618 1103 26 33 0.042262517 
502 1101 29 39 0.033891376 
372 1243 9 12 0.031224864 
392 1232 8 11 0.027640784 
349 1246 10 11 0.026232902 
334 435 67 69 0.025611535 
211 1160 152 174 0.02527268 
483 267 48 47 0.024230001 
344 1239 8 11 0.023025425 
344 1245 9 12 0.022041153 
929 1033 92 131 0.021857118 
350 1239 9 10 0.021823566 
398 1238 9 11 0.021621436 
973 1090 15 16 0.02118543 
196 1302 35 38 0.021044584 
400 1215 8 11 0.02089024 
