35_Basketball_playingbasketball_35_606
118
26 381 16 19 0.97438705 
381 191 23 29 0.77549726 
75 388 15 18 0.74976665 
186 206 28 29 0.7015405 
948 381 15 17 0.5775006 
1 407 13 21 0.4628708 
240 401 13 17 0.35267848 
444 55 425 547 0.33235198 
889 393 12 15 0.21413091 
878 382 8 12 0.16666433 
784 414 8 10 0.14423044 
748 360 19 22 0.13215977 
857 366 8 10 0.12742749 
837 406 10 11 0.12629277 
913 440 8 12 0.12375717 
654 424 11 14 0.123116925 
984 438 9 11 0.11811425 
199 202 19 27 0.10620128 
575 423 7 9 0.09006148 
851 430 7 9 0.081997074 
45 400 16 20 0.08031973 
45 421 15 18 0.0750197 
51 418 15 20 0.07237088 
798 399 7 10 0.07062827 
791 404 10 13 0.05565895 
263 423 8 9 0.050987452 
119 425 15 20 0.05072428 
3 397 14 18 0.05063059 
466 210 12 14 0.049360555 
330 365 28 43 0.048896123 
324 351 45 72 0.048648313 
180 209 21 22 0.047199994 
5 380 11 13 0.046135463 
652 455 10 12 0.04602716 
92 403 13 20 0.045305043 
797 404 8 11 0.04438145 
25 434 14 19 0.043845918 
871 396 8 12 0.04347123 
772 219 13 16 0.04124929 
199 439 8 10 0.040989693 
873 387 10 15 0.040054146 
695 421 8 10 0.03998863 
919 360 8 11 0.039816447 
878 377 8 11 0.039304603 
36 419 14 18 0.037943684 
789 412 9 12 0.037862808 
821 425 9 10 0.036941055 
989 437 11 12 0.036892243 
996 438 9 12 0.036783174 
817 369 7 8 0.036731135 
576 457 8 9 0.03624808 
915 436 12 14 0.03546539 
241 445 9 12 0.035098318 
847 366 8 9 0.034772143 
36 409 14 19 0.034048446 
553 446 8 10 0.033888336 
943 347 13 16 0.03372488 
873 375 8 12 0.033454545 
141 380 13 17 0.032927833 
37 402 15 18 0.032785825 
926 398 9 12 0.032570384 
80 391 16 20 0.032545693 
793 399 9 12 0.032041788 
86 444 10 13 0.031160843 
765 217 15 18 0.029271306 
981 439 14 19 0.02920776 
850 425 8 11 0.02920745 
222 421 10 12 0.029025616 
829 391 8 11 0.028869823 
290 448 8 10 0.028837137 
270 424 9 11 0.02878804 
51 408 16 20 0.028499706 
541 424 8 9 0.027962893 
401 471 10 12 0.027781053 
669 453 12 13 0.027778974 
115 458 39 40 0.027022453 
841 366 8 9 0.026900457 
927 365 9 14 0.026735641 
557 440 9 10 0.026660971 
784 408 10 12 0.026489208 
665 447 11 13 0.026425643 
83 401 16 20 0.026366042 
300 652 27 31 0.026160285 
270 428 10 14 0.02558552 
163 235 13 17 0.025576532 
126 423 28 32 0.025440775 
854 438 8 10 0.025235359 
591 439 8 9 0.025223194 
902 367 7 10 0.025008418 
255 430 9 12 0.024687959 
892 381 13 16 0.024597194 
132 381 16 22 0.024268532 
779 414 9 11 0.024090622 
27 428 14 18 0.024017317 
304 423 8 10 0.023947543 
553 440 8 11 0.023772413 
933 370 11 15 0.02304159 
660 249 41 43 0.022791566 
220 374 13 16 0.022593744 
870 366 8 11 0.022559583 
5 389 12 15 0.022538828 
20 490 12 16 0.02221092 
249 370 97 136 0.02204603 
653 431 13 16 0.021996267 
76 398 17 21 0.021976033 
876 381 17 24 0.021860907 
98 401 16 20 0.021703007 
832 404 11 13 0.021557014 
829 397 10 13 0.021021532 
894 186 15 16 0.020997982 
278 151 16 25 0.020780757 
933 379 12 17 0.02059222 
615 424 7 9 0.020546779 
236 269 12 16 0.02049481 
776 407 8 9 0.02037846 
884 382 13 14 0.02025686 
217 421 10 13 0.020079063 
842 360 8 11 0.020025387 
