35_Basketball_Basketball_35_529
39
376 179 27 35 0.99917245 
764 236 32 37 0.9986719 
504 158 36 44 0.99832207 
563 175 32 41 0.99815243 
640 175 29 39 0.99786866 
697 214 30 39 0.9952337 
266 209 30 40 0.9948148 
437 166 32 42 0.9943203 
390 148 15 18 0.21955116 
313 219 16 21 0.21504629 
336 168 16 19 0.11029607 
361 161 24 31 0.10624718 
324 155 14 17 0.08977901 
310 177 24 31 0.085282505 
327 173 22 29 0.0543469 
376 159 23 26 0.051832158 
325 145 17 20 0.051367246 
326 151 24 25 0.04715229 
665 17 346 484 0.03499684 
355 163 17 23 0.03476943 
372 156 16 19 0.030526342 
318 139 16 18 0.029115697 
653 177 29 38 0.028516635 
344 184 24 31 0.027690977 
335 181 22 30 0.027515331 
338 176 16 21 0.027475987 
388 156 22 28 0.027390268 
587 249 344 381 0.026650863 
319 208 25 30 0.025716312 
337 155 17 18 0.025647221 
320 183 24 31 0.024559112 
594 283 28 37 0.023866454 
626 202 15 21 0.022823486 
234 228 14 18 0.02228824 
664 297 192 230 0.02193445 
325 198 27 32 0.021448784 
365 177 25 35 0.020158784 
229 235 13 18 0.02015588 
385 266 10 15 0.020022469 
