35_Basketball_basketballgame_ball_35_197
42
801 13 53 72 0.99946874 
627 152 60 80 0.99946433 
42 92 66 81 0.9991873 
257 181 62 84 0.99798006 
244 101 67 80 0.99796706 
718 207 67 91 0.9975756 
819 271 72 75 0.9942684 
447 165 61 74 0.99201715 
24 37 53 59 0.96271396 
4 -2 45 41 0.8117197 
700 168 49 66 0.75561535 
322 34 54 66 0.5148805 
343 36 32 37 0.4273836 
996 3 26 36 0.31022054 
991 160 29 53 0.14428483 
932 15 25 31 0.12080911 
44 0 42 40 0.10929344 
446 0 21 15 0.08034855 
359 85 42 60 0.07609392 
24 57 58 76 0.06615898 
357 3 20 19 0.061724313 
249 139 64 82 0.052049894 
96 384 67 62 0.049715485 
71 368 110 106 0.04742235 
663 164 56 72 0.0424198 
465 1 37 27 0.03967162 
34 15 54 62 0.039052244 
446 1 31 27 0.038872946 
935 564 44 55 0.038537666 
600 49 31 34 0.035454333 
340 1 30 25 0.034375463 
445 182 33 48 0.032496776 
42 340 160 203 0.027781162 
790 245 51 68 0.025127988 
743 638 9 11 0.024672566 
503 209 16 20 0.023626273 
24 375 108 142 0.022480644 
934 569 28 35 0.02230698 
148 -2 51 40 0.022245636 
312 5 55 51 0.021763014 
932 692 13 15 0.020556254 
718 139 15 18 0.020532131 
