35_Basketball_basketballgame_ball_35_565
1109
786 470 25 35 0.98982024 
881 354 21 28 0.98582375 
579 423 17 23 0.9850963 
533 449 16 20 0.9767743 
540 326 13 15 0.97185284 
800 427 21 28 0.971845 
898 290 18 23 0.9615027 
517 434 15 20 0.95808005 
797 331 17 25 0.9509615 
614 343 14 18 0.9417356 
867 432 21 28 0.9384597 
828 229 12 15 0.9350271 
702 386 21 28 0.92571735 
876 459 21 29 0.9073946 
868 216 14 19 0.8970277 
963 282 18 22 0.8898317 
802 259 13 17 0.8797836 
780 384 20 25 0.8563743 
223 449 13 20 0.85320437 
404 415 12 15 0.8443703 
705 484 26 31 0.84067714 
708 314 13 16 0.8195312 
590 474 20 27 0.8173484 
315 423 15 18 0.806683 
733 308 14 19 0.7956007 
501 369 12 16 0.7652132 
443 415 12 16 0.76306224 
947 355 18 24 0.7616144 
915 255 12 15 0.7588071 
646 325 11 15 0.75488836 
172 454 16 19 0.74829596 
660 308 12 16 0.74538803 
639 224 7 10 0.74515253 
567 310 11 15 0.7407814 
784 186 10 14 0.72147304 
687 308 12 15 0.7189623 
763 250 12 16 0.70961475 
137 451 13 18 0.69551164 
519 338 12 15 0.6857592 
437 341 10 13 0.6698105 
551 434 14 19 0.65766674 
256 458 16 20 0.6530355 
792 316 13 18 0.6523052 
928 394 17 21 0.63780165 
956 245 13 16 0.63312477 
847 180 10 12 0.61844134 
400 341 10 13 0.6159607 
382 409 13 18 0.60044557 
549 280 9 11 0.59947586 
722 285 12 15 0.5989031 
939 234 13 17 0.5932544 
670 327 12 14 0.58472717 
470 380 13 16 0.5656229 
856 251 13 18 0.55235165 
854 194 13 16 0.5237432 
605 430 16 21 0.51300955 
275 460 15 20 0.5082398 
196 455 13 18 0.5082193 
817 277 14 17 0.49818775 
650 349 12 16 0.48553932 
978 266 13 16 0.46082076 
160 390 7 9 0.45430723 
547 367 12 15 0.44282943 
204 413 9 12 0.44000354 
491 398 13 17 0.43735257 
870 468 26 34 0.42422912 
660 290 13 16 0.40838382 
828 384 17 23 0.4008379 
636 304 9 12 0.392204 
704 247 11 15 0.3852292 
382 390 13 17 0.37764362 
672 263 10 13 0.37578636 
688 491 27 39 0.36790547 
381 342 10 12 0.35884082 
133 435 10 13 0.35624874 
332 374 9 11 0.3540937 
676 496 29 40 0.3314899 
70 406 10 12 0.32980752 
457 310 9 12 0.32858288 
181 368 8 10 0.32710478 
868 486 16 21 0.3261523 
868 513 22 27 0.3261235 
501 422 13 16 0.3242937 
443 367 12 15 0.3236353 
842 277 12 15 0.32317668 
785 233 12 16 0.31807047 
718 251 10 12 0.3177602 
633 270 9 12 0.3138966 
515 356 12 15 0.3103194 
614 300 10 13 0.303615 
464 349 10 13 0.2889099 
116 424 10 12 0.28394693 
424 452 12 15 0.28265247 
420 337 9 13 0.26999828 
700 349 15 18 0.26823825 
378 343 9 12 0.26695403 
99 452 12 15 0.26180235 
910 234 12 14 0.26106465 
669 369 15 23 0.2601276 
817 210 11 16 0.2580261 
293 398 10 13 0.25174832 
117 391 9 12 0.24348204 
426 311 8 10 0.24340299 
469 451 16 20 0.24330619 
386 393 13 17 0.2411262 
255 372 9 10 0.23775831 
197 430 10 12 0.23743941 
347 583 15 16 0.23720069 
425 404 12 15 0.23416369 
455 391 11 14 0.2310044 
753 293 9 13 0.22510168 
793 322 16 21 0.21848981 
388 449 14 18 0.21725929 
480 422 12 15 0.21557724 
799 290 13 16 0.21260606 
189 414 8 11 0.21126588 
309 451 15 19 0.21066101 
486 366 12 14 0.2104628 
670 299 12 15 0.20895836 
306 465 15 19 0.20650287 
756 300 10 14 0.20289066 
760 465 16 21 0.19920649 
494 325 10 14 0.19726506 
339 358 8 11 0.19535235 
550 343 11 14 0.1901902 
662 256 8 11 0.18189004 
879 173 9 11 0.18126427 
870 443 23 30 0.17791913 
663 231 10 11 0.17691593 
565 349 11 14 0.17508231 
470 294 8 10 0.17315714 
729 478 22 33 0.17049709 
979 147 11 13 0.16876276 
939 484 16 19 0.1676418 
529 294 9 10 0.16659813 
240 396 9 11 0.16629799 
778 266 13 15 0.16487841 
820 207 11 14 0.16466214 
14 389 8 11 0.16361494 
889 250 11 15 0.16218509 
680 349 12 14 0.16208114 
830 372 15 17 0.16113143 
844 314 15 19 0.15879948 
752 445 13 17 0.15771039 
264 457 19 24 0.15720746 
463 343 10 13 0.15647012 
1 416 8 12 0.15069033 
352 326 7 10 0.15006629 
469 356 9 11 0.15001573 
313 351 8 10 0.15001468 
774 443 15 18 0.14983276 
335 446 20 25 0.14939837 
129 430 11 14 0.14926839 
532 252 9 11 0.14885905 
461 316 9 12 0.1487151 
87 404 10 11 0.14796224 
408 289 7 9 0.1471692 
719 485 25 34 0.14606845 
238 411 9 13 0.1441943 
566 340 10 13 0.14381756 
747 360 15 20 0.14370292 
750 287 10 12 0.14143084 
680 253 10 12 0.13958353 
200 407 11 14 0.13898475 
688 271 11 13 0.136964 
245 384 9 10 0.13642389 
198 381 8 10 0.13628739 
850 435 15 20 0.13595131 
529 249 10 11 0.13524441 
708 249 12 15 0.13156983 
489 357 11 13 0.13146676 
669 230 9 11 0.13058457 
698 325 11 14 0.13018997 
184 388 8 10 0.12909532 
157 441 14 16 0.12815988 
619 397 14 17 0.12798299 
198 376 8 10 0.12618913 
616 279 8 11 0.12606801 
38 433 9 11 0.124375165 
494 411 14 17 0.12388895 
394 482 13 18 0.12334796 
1009 195 9 13 0.123264305 
703 208 8 10 0.12300756 
278 372 8 11 0.12218223 
447 287 8 10 0.12132763 
352 352 8 10 0.11948017 
916 162 12 15 0.11932605 
656 267 9 13 0.11915635 
70 436 10 11 0.11909747 
407 387 12 16 0.11850674 
216 429 11 13 0.11819898 
503 255 8 9 0.118162416 
391 308 8 11 0.11800426 
414 311 9 11 0.11583302 
657 237 10 12 0.1152208 
101 439 9 12 0.11515679 
182 374 8 9 0.11425815 
724 280 10 13 0.11387231 
425 315 11 14 0.113694616 
834 379 13 17 0.11302858 
83 491 13 18 0.11246394 
112 395 9 11 0.11198721 
702 380 15 19 0.11185101 
572 350 9 12 0.111645415 
685 230 10 12 0.110652484 
56 400 8 10 0.108490944 
237 472 15 22 0.10826048 
377 326 8 9 0.10740446 
612 308 11 15 0.10659134 
15 415 10 12 0.105993845 
751 189 9 11 0.105925016 
976 197 11 13 0.105587445 
960 249 15 17 0.10558055 
545 283 8 11 0.10502737 
992 199 10 12 0.10477495 
735 469 20 29 0.10453646 
501 301 11 14 0.102638744 
322 333 8 10 0.10227868 
664 224 9 11 0.101955384 
76 404 10 12 0.10186955 
494 366 13 16 0.10094031 
661 278 11 14 0.10066301 
55 406 9 11 0.10061407 
512 283 9 11 0.10023409 
65 407 8 11 0.10006744 
607 259 10 14 0.09940481 
495 255 8 11 0.098955974 
1004 140 15 18 0.09879653 
685 450 19 25 0.0986471 
596 388 13 16 0.098234594 
770 468 25 32 0.0981828 
523 335 11 14 0.097887866 
619 294 13 15 0.09769803 
605 396 12 15 0.0972731 
886 262 11 15 0.09722158 
993 203 12 15 0.097206995 
249 408 9 12 0.09697323 
657 262 9 13 0.09688353 
318 366 8 10 0.096781835 
617 230 9 11 0.09594885 
280 464 15 19 0.09524923 
335 365 11 13 0.09434618 
358 373 11 14 0.09384416 
632 307 10 14 0.09360454 
780 343 16 20 0.09358865 
931 283 15 20 0.09291063 
595 342 11 14 0.09276576 
469 286 8 11 0.09217162 
592 346 12 16 0.09173234 
61 422 9 11 0.09133864 
681 220 9 12 0.09117264 
215 380 8 11 0.09108729 
502 296 9 11 0.090883866 
998 291 13 18 0.08967769 
926 245 10 13 0.08916783 
582 268 10 11 0.08914058 
612 316 11 14 0.08911681 
357 379 11 14 0.08794266 
574 334 9 13 0.08712221 
669 461 17 23 0.0870582 
389 489 14 21 0.086055025 
509 363 12 16 0.08579736 
685 217 8 10 0.08499331 
787 214 12 15 0.08474324 
56 412 9 11 0.08422255 
772 546 25 29 0.08396466 
694 349 14 17 0.08373971 
365 402 13 17 0.08303044 
511 352 11 13 0.08222279 
947 238 13 16 0.082196884 
662 370 15 21 0.081839904 
481 295 8 11 0.0788044 
192 429 9 13 0.07875859 
341 364 10 12 0.07865502 
775 533 25 30 0.0784437 
606 334 11 14 0.07833011 
866 410 14 18 0.07827102 
361 333 9 10 0.07819275 
917 231 10 13 0.078083925 
359 357 8 10 0.0773221 
906 427 17 21 0.07688272 
279 368 8 11 0.076357506 
698 139 15 21 0.07629134 
405 511 25 29 0.0762578 
440 460 12 15 0.07600754 
71 401 10 12 0.07547034 
311 367 9 11 0.075188756 
235 458 14 17 0.074673146 
385 304 8 10 0.074061945 
953 206 10 12 0.07405586 
176 388 8 10 0.073838286 
353 321 8 10 0.073692605 
319 358 8 9 0.0735137 
385 404 14 19 0.073486626 
110 446 9 12 0.07323481 
432 285 7 10 0.07270129 
346 443 15 21 0.0725279 
351 374 11 14 0.07230346 
565 294 9 11 0.07210118 
666 305 12 16 0.07095822 
295 367 8 10 0.07085932 
777 448 17 21 0.070717745 
63 412 9 12 0.070667036 
623 254 9 11 0.07046943 
782 218 13 16 0.07018078 
577 264 9 12 0.06975856 
948 155 11 13 0.069529526 
142 474 14 18 0.06952101 
438 469 12 17 0.06945367 
718 345 12 15 0.069385916 
448 350 10 13 0.06849143 
848 186 12 16 0.06844011 
335 570 12 18 0.06829344 
787 184 10 12 0.06822124 
297 335 7 8 0.06794809 
878 236 11 15 0.06786417 
700 290 11 14 0.06772714 
287 343 7 10 0.06771513 
512 256 7 8 0.06757345 
995 282 13 19 0.06756701 
926 292 13 18 0.067408435 
244 388 10 13 0.06737286 
191 389 8 11 0.067130126 
447 324 8 11 0.06688681 
525 423 12 15 0.06662956 
676 459 15 21 0.0660518 
227 453 15 19 0.065975875 
692 315 12 15 0.06563356 
526 317 10 12 0.065555446 
831 213 10 13 0.06547415 
243 467 13 18 0.065463476 
453 442 13 19 0.06509937 
391 279 8 9 0.06499882 
274 374 8 10 0.064646654 
312 374 10 12 0.064397834 
849 194 12 15 0.0638304 
495 280 9 11 0.06372671 
495 261 8 10 0.063657634 
868 419 15 19 0.0632786 
568 336 11 12 0.06320938 
674 267 12 14 0.06296411 
906 438 16 21 0.062822774 
925 334 16 19 0.0627826 
402 232 7 9 0.062340487 
334 326 8 9 0.0619583 
264 336 7 9 0.06165386 
337 304 7 9 0.06131051 
536 287 8 11 0.061183915 
433 303 8 9 0.0609144 
184 429 11 13 0.060780898 
233 408 9 12 0.060712084 
663 503 30 42 0.06036564 
185 421 10 12 0.060193084 
1014 275 11 16 0.059714712 
957 206 10 12 0.05965703 
477 467 14 19 0.059585016 
444 426 13 17 0.059356008 
142 390 8 10 0.059266232 
536 270 9 11 0.05879178 
455 294 7 9 0.057882085 
324 447 22 26 0.057527706 
355 411 12 16 0.05744782 
522 428 15 19 0.05741318 
422 372 12 14 0.057280608 
391 340 9 11 0.057022408 
472 310 9 13 0.05697963 
328 326 7 11 0.05686504 
816 432 16 19 0.056744073 
216 590 27 32 0.05673028 
504 285 9 10 0.05662705 
305 367 8 10 0.056079242 
88 392 8 9 0.05592409 
699 488 19 26 0.0559212 
716 296 14 17 0.05576554 
417 294 8 10 0.055594925 
950 292 13 18 0.055562288 
343 303 7 9 0.055465195 
622 309 11 13 0.05544043 
588 228 11 14 0.055415764 
369 303 8 9 0.05525375 
599 433 15 19 0.055165324 
453 350 11 13 0.054558583 
167 389 8 10 0.054016955 
55 439 7 10 0.053947058 
802 285 13 16 0.05393159 
441 247 7 9 0.05371865 
820 289 13 16 0.053690523 
28 399 10 11 0.053634334 
591 221 10 13 0.053513188 
599 219 10 14 0.053377587 
247 344 8 8 0.053365808 
541 347 12 15 0.05312777 
516 348 12 15 0.052996323 
561 293 8 11 0.052788354 
820 472 16 23 0.05276076 
477 278 8 10 0.052747693 
490 254 9 11 0.05273323 
815 237 9 12 0.052576225 
749 447 20 26 0.052495245 
151 407 9 11 0.0524529 
591 302 11 12 0.05219277 
297 381 9 11 0.051996347 
871 508 15 18 0.051971827 
684 355 12 16 0.051835172 
462 303 8 10 0.051680196 
313 455 16 20 0.051555417 
561 355 12 15 0.051375803 
216 406 8 11 0.05116004 
792 292 12 16 0.051060114 
618 406 17 23 0.050954275 
192 384 8 10 0.05093131 
826 394 18 23 0.050745085 
101 472 10 13 0.05067332 
67 508 9 13 0.050250676 
241 344 7 9 0.050170578 
252 411 10 12 0.04994832 
574 550 11 14 0.049895175 
288 402 11 13 0.04982046 
641 401 15 22 0.04970554 
378 491 22 28 0.049670935 
387 520 18 20 0.04963862 
606 324 11 14 0.049428564 
136 390 9 10 0.04916631 
748 461 21 29 0.04916486 
497 235 8 11 0.049149416 
731 493 23 32 0.049108896 
415 289 6 9 0.049104687 
406 216 9 11 0.04899948 
992 392 21 30 0.048964817 
296 374 8 11 0.04896262 
7 420 9 11 0.04882187 
794 311 15 18 0.04875508 
742 214 10 12 0.048753932 
727 224 9 12 0.048748177 
455 405 12 15 0.04874339 
191 407 8 12 0.048632782 
152 436 14 17 0.0485186 
488 351 11 13 0.048239235 
397 470 12 18 0.048199363 
273 367 7 10 0.04819348 
429 372 12 15 0.0480312 
259 470 13 18 0.04800258 
712 278 9 12 0.04795472 
568 264 8 11 0.047623377 
710 300 13 15 0.04756173 
638 332 11 15 0.04748079 
451 410 14 17 0.047103878 
754 329 15 17 0.046696443 
796 217 13 16 0.04669226 
358 320 7 9 0.04667772 
375 393 15 19 0.04664144 
432 272 7 8 0.046611164 
431 279 8 11 0.046579808 
454 383 11 13 0.046422485 
700 493 30 41 0.04626633 
465 263 7 10 0.04616735 
525 312 10 12 0.046067752 
508 427 14 19 0.045925137 
760 473 20 29 0.045863643 
327 398 10 13 0.04581055 
275 443 13 16 0.04575716 
50 405 7 10 0.04570678 
805 438 24 28 0.045705173 
457 305 8 9 0.045633625 
742 473 20 31 0.045620598 
881 262 11 15 0.045532312 
358 405 12 16 0.04535604 
296 358 9 10 0.04532142 
360 327 7 10 0.045286644 
184 407 9 11 0.045268998 
265 359 7 10 0.045177363 
937 389 16 19 0.04507762 
775 392 17 21 0.04506544 
242 335 6 9 0.045042917 
991 277 12 16 0.045028057 
641 324 11 15 0.044999547 
348 366 10 12 0.04492507 
249 351 9 9 0.044879317 
476 612 33 37 0.044862267 
886 463 20 26 0.044862095 
988 442 20 22 0.04478644 
475 339 12 14 0.044622693 
199 359 7 8 0.044613916 
402 215 8 11 0.04451171 
361 366 10 14 0.044229038 
449 292 8 10 0.044203524 
600 262 9 13 0.044092048 
638 387 13 15 0.044081837 
409 311 9 11 0.04404183 
192 398 9 10 0.044000044 
303 374 9 11 0.0439891 
580 334 11 13 0.043983348 
868 489 25 30 0.043857403 
685 395 11 16 0.04378356 
922 504 18 23 0.043684624 
552 241 7 8 0.043633588 
376 320 8 10 0.043606397 
750 280 10 13 0.043554258 
823 222 13 16 0.043489326 
1005 306 13 16 0.043476254 
496 270 8 9 0.04347017 
686 344 11 14 0.043434657 
671 245 9 11 0.043195337 
788 450 12 17 0.04319371 
135 384 8 9 0.04317119 
451 434 14 18 0.042931642 
914 402 15 20 0.04292236 
384 357 9 12 0.042849332 
858 269 12 15 0.04283283 
303 335 7 9 0.04281592 
750 218 10 14 0.042798262 
990 331 12 16 0.042752862 
381 383 12 15 0.04262974 
491 524 14 19 0.042596593 
1012 192 10 13 0.042571146 
177 374 8 9 0.042490464 
345 327 8 9 0.042398617 
470 341 10 13 0.041959092 
111 384 8 9 0.04194627 
118 492 12 15 0.041850507 
680 228 10 13 0.04184245 
199 434 10 13 0.041750647 
344 334 7 9 0.041701373 
232 345 7 9 0.041683443 
646 509 10 14 0.04153347 
884 237 11 14 0.041445184 
317 351 8 10 0.041212123 
39 416 9 11 0.041039936 
214 344 6 9 0.04095155 
380 348 10 12 0.040887598 
479 373 11 14 0.040824484 
193 352 6 9 0.040718153 
423 239 8 9 0.04060054 
374 309 8 10 0.04053621 
273 319 6 8 0.040485024 
692 488 17 25 0.040359218 
611 416 16 23 0.0403057 
491 503 12 16 0.04024658 
167 367 7 9 0.04024144 
725 299 13 17 0.0401359 
248 357 9 10 0.040131733 
190 422 9 12 0.040109236 
661 269 12 14 0.039939765 
796 393 15 20 0.03991507 
624 261 8 12 0.039863616 
247 428 13 15 0.039838158 
1002 401 17 23 0.03975498 
190 435 10 13 0.039693616 
669 237 9 12 0.039569814 
535 302 9 11 0.03956392 
1006 221 10 13 0.03951177 
119 384 9 11 0.039509546 
828 355 13 17 0.03944557 
613 322 12 14 0.039408173 
558 362 12 16 0.039192703 
127 383 8 9 0.03918479 
465 373 11 13 0.039098565 
256 556 26 33 0.039044097 
437 303 8 9 0.03901849 
526 529 54 59 0.038925428 
1001 362 12 17 0.03884537 
460 389 12 14 0.038794123 
374 304 7 10 0.038773343 
905 483 15 21 0.038737096 
551 507 13 15 0.038527578 
698 207 8 11 0.03845311 
424 322 10 13 0.038450982 
934 487 16 22 0.038416594 
34 436 10 13 0.0383225 
29 405 9 10 0.038305577 
336 352 8 11 0.038296912 
462 444 13 18 0.038283035 
808 332 15 20 0.038205463 
745 284 11 13 0.038134195 
311 311 7 9 0.038079817 
209 351 6 9 0.03806807 
163 442 14 17 0.03804031 
611 336 13 17 0.037992984 
517 284 8 11 0.03793488 
210 344 7 10 0.037919275 
700 331 11 13 0.037796915 
788 519 17 23 0.037788052 
65 438 9 12 0.037642393 
992 377 17 21 0.037607603 
481 367 11 12 0.037581395 
62 400 9 10 0.03757047 
735 229 10 14 0.037544623 
302 381 8 11 0.03753041 
623 278 8 12 0.037488937 
750 348 15 18 0.037391044 
762 539 25 29 0.03726262 
424 246 9 11 0.03710938 
814 271 13 15 0.037095875 
472 280 9 10 0.037059586 
257 336 7 8 0.036919 
630 294 10 14 0.03688338 
292 441 13 16 0.036865428 
668 274 12 14 0.03680941 
423 418 13 15 0.036802568 
333 379 10 12 0.036668085 
689 445 17 19 0.036667224 
513 260 8 10 0.0366473 
446 269 8 9 0.0366043 
535 263 8 10 0.036428772 
775 454 23 27 0.036394753 
595 403 16 19 0.036385093 
808 471 22 28 0.036328856 
446 264 7 10 0.036302418 
353 280 7 9 0.03614938 
497 403 14 17 0.03611834 
980 203 12 14 0.036117125 
205 436 10 12 0.036071837 
326 332 7 10 0.036035746 
953 356 22 28 0.03598903 
744 218 10 14 0.035901703 
572 216 9 11 0.035762962 
705 310 13 16 0.03574096 
533 385 13 15 0.03567774 
199 422 11 13 0.03555015 
254 344 7 8 0.03553683 
384 337 9 11 0.035516914 
382 325 8 10 0.035429996 
612 260 10 13 0.035365608 
402 475 14 18 0.035326168 
409 272 7 9 0.035245415 
518 255 8 9 0.035180777 
281 358 8 10 0.03515041 
908 418 16 20 0.03492711 
995 210 13 15 0.034840893 
296 327 9 11 0.034795415 
215 352 7 8 0.03478291 
927 275 13 17 0.0346114 
137 493 11 15 0.034544528 
366 328 8 10 0.034529757 
655 371 14 18 0.03446386 
738 213 9 12 0.034449566 
532 541 33 32 0.034383353 
423 303 8 10 0.034334723 
696 135 12 15 0.03425301 
543 247 9 11 0.034186266 
576 244 9 11 0.034107793 
296 320 7 9 0.034088142 
910 246 12 15 0.034078456 
20 413 10 12 0.034071684 
432 348 11 13 0.034064204 
401 288 7 10 0.034057274 
663 245 9 11 0.033864547 
231 349 7 9 0.033798274 
281 352 7 9 0.03372748 
376 335 9 11 0.033725005 
137 476 11 16 0.033674337 
966 151 11 13 0.033666905 
637 263 9 12 0.033609804 
160 359 7 9 0.033588596 
238 478 21 30 0.03355656 
631 264 9 12 0.03355531 
947 407 15 19 0.0335155 
441 240 7 9 0.033429556 
440 269 8 10 0.033404134 
465 280 7 10 0.03339258 
797 559 26 34 0.033384852 
757 276 10 14 0.033378355 
442 317 9 12 0.03329051 
316 381 9 10 0.03326737 
501 231 9 11 0.033263724 
225 352 7 9 0.03324486 
949 322 15 20 0.033226408 
713 477 18 24 0.033218194 
399 386 12 18 0.03313324 
488 248 8 9 0.03313191 
369 309 8 10 0.033061698 
647 513 12 17 0.032952607 
401 293 8 10 0.032898694 
724 247 11 13 0.032879826 
600 333 11 13 0.032783493 
386 309 8 10 0.032777585 
471 300 9 11 0.032743696 
428 429 11 15 0.032714862 
1012 280 13 20 0.03267403 
754 339 14 18 0.03259952 
614 255 9 12 0.032477677 
551 273 9 10 0.03241702 
209 381 8 11 0.032392666 
714 309 13 16 0.032352723 
498 295 9 11 0.0323009 
418 302 8 10 0.032269128 
151 398 8 9 0.032229867 
413 371 13 16 0.03219446 
254 358 8 10 0.032186687 
244 398 9 10 0.03217146 
351 406 12 16 0.03213578 
327 457 22 27 0.032134704 
199 367 7 10 0.03210654 
439 296 7 9 0.032085158 
463 323 9 12 0.03203845 
970 273 16 21 0.03200768 
1001 299 14 19 0.031958353 
193 358 7 9 0.031924564 
902 448 16 20 0.031917557 
25 406 9 11 0.031894628 
360 342 9 10 0.031855173 
93 398 8 11 0.031817634 
829 206 10 13 0.03175926 
441 287 7 9 0.0317574 
801 325 18 25 0.03166996 
147 470 15 20 0.03156748 
639 317 10 14 0.031557396 
903 206 9 13 0.03152317 
205 419 10 12 0.031409763 
564 363 11 15 0.031360425 
312 344 7 9 0.031324733 
479 299 9 12 0.031281948 
681 306 12 16 0.031216487 
179 464 15 19 0.031164153 
593 394 12 17 0.03113829 
957 466 14 17 0.03098563 
478 224 8 10 0.030976836 
477 347 11 14 0.030966256 
385 556 27 29 0.03093615 
384 278 8 11 0.030927934 
198 389 9 10 0.030922532 
909 214 9 12 0.030864354 
38 375 11 11 0.030858023 
904 212 10 13 0.030837081 
366 357 9 10 0.030809449 
778 183 9 12 0.030788898 
803 387 12 16 0.030776417 
931 460 12 16 0.030737452 
424 271 7 9 0.030713916 
873 213 14 17 0.03064278 
965 501 10 13 0.030631665 
321 294 7 9 0.03061826 
474 384 13 17 0.030562662 
135 411 10 12 0.030536238 
139 501 14 17 0.030524159 
412 380 14 16 0.030490208 
220 421 11 13 0.030465517 
685 491 13 19 0.030440828 
142 384 9 11 0.03039466 
572 504 11 13 0.030353557 
823 370 15 18 0.030345082 
966 205 10 13 0.030207371 
441 264 7 10 0.030124882 
48 415 7 11 0.030118205 
1000 219 10 13 0.03003252 
328 304 7 9 0.030022463 
383 321 8 10 0.030012378 
411 476 14 16 0.030001719 
430 231 9 10 0.02994448 
47 422 8 10 0.02992527 
366 296 7 10 0.029887384 
811 287 15 19 0.029848475 
217 358 8 9 0.02983437 
296 303 6 8 0.029797317 
543 355 11 14 0.029748524 
329 310 7 9 0.02970364 
488 231 9 10 0.029631313 
1013 340 10 15 0.029603923 
652 361 15 20 0.029554836 
345 -46 229 219 0.029469762 
526 323 11 14 0.029435435 
657 300 12 16 0.029426467 
781 524 23 29 0.029332604 
665 217 8 10 0.02931924 
458 394 12 15 0.029240016 
174 429 10 12 0.029187305 
571 302 11 14 0.02917406 
834 234 12 15 0.029140629 
954 348 15 24 0.02912868 
102 408 9 10 0.029127453 
634 463 17 22 0.0291198 
449 417 16 20 0.029017998 
600 325 12 14 0.028798109 
483 475 13 17 0.02863241 
398 304 8 9 0.02861067 
522 309 9 12 0.028520593 
208 368 7 9 0.028413462 
610 435 17 23 0.028381944 
364 371 11 13 0.028343448 
299 397 11 13 0.028234774 
712 238 9 12 0.028196257 
670 224 9 11 0.028091552 
169 384 9 10 0.02797221 
988 268 12 17 0.027959077 
494 525 25 31 0.027958354 
104 397 8 11 0.027956408 
998 254 12 15 0.027893314 
298 496 22 30 0.027884556 
153 391 8 10 0.027854213 
607 247 9 9 0.02783562 
422 295 7 10 0.02781788 
669 357 12 18 0.027739318 
428 324 10 12 0.027737183 
589 285 9 12 0.027724968 
184 361 7 9 0.027698671 
592 263 8 12 0.027698 
351 263 7 9 0.027694225 
760 450 22 27 0.02764277 
245 459 13 18 0.027633583 
693 230 9 12 0.027543755 
999 267 11 14 0.027526762 
802 316 14 16 0.027513033 
573 472 25 30 0.027487561 
665 325 11 13 0.027475506 
271 381 7 10 0.027470794 
504 279 8 11 0.027457764 
194 375 8 10 0.027406406 
442 252 7 10 0.027365968 
600 245 8 10 0.027332896 
54 429 9 12 0.027327241 
248 368 8 10 0.027271844 
536 279 9 10 0.02723504 
635 217 18 24 0.027198078 
449 310 9 11 0.027112363 
443 475 12 16 0.027047886 
438 310 8 11 0.027025197 
790 298 13 17 0.026961612 
603 402 14 18 0.026937699 
710 342 12 15 0.026872436 
449 394 11 15 0.02682086 
980 270 14 19 0.026747067 
545 274 18 22 0.026670067 
143 374 8 9 0.026641142 
631 247 9 11 0.02659599 
427 457 13 15 0.026466168 
405 348 10 12 0.02646473 
341 499 23 30 0.026462862 
605 221 8 12 0.026454069 
477 246 8 10 0.02644065 
183 435 12 14 0.026422342 
168 420 10 12 0.026407365 
566 371 11 16 0.026404047 
947 473 16 20 0.026399914 
472 335 10 13 0.026388014 
835 213 13 16 0.02634405 
433 337 18 22 0.026296271 
926 140 100 129 0.026263086 
910 409 15 20 0.026174255 
988 158 10 12 0.0261398 
827 282 11 15 0.026100215 
629 466 16 22 0.026084177 
972 316 12 16 0.026066003 
679 314 12 14 0.025999406 
813 382 23 28 0.025979742 
829 300 12 17 0.025970278 
498 307 9 12 0.025968196 
526 300 10 13 0.02594451 
894 276 13 16 0.02591459 
711 215 8 10 0.02584019 
668 453 15 20 0.02578738 
639 506 23 30 0.025777332 
1000 261 11 14 0.025769457 
371 427 15 18 0.025744746 
179 444 15 18 0.02573382 
223 413 10 13 0.025710907 
69 442 11 15 0.025689613 
697 287 10 13 0.025644353 
48 430 9 12 0.025611656 
63 382 9 11 0.02558651 
767 284 12 15 0.025545446 
599 239 8 11 0.025525944 
295 296 7 9 0.025508672 
380 507 24 27 0.025505243 
931 495 15 22 0.025498765 
905 236 11 14 0.025449708 
795 409 15 18 0.025358533 
207 390 8 10 0.025358193 
730 441 17 20 0.025323648 
189 444 12 16 0.025236186 
917 150 10 12 0.025231095 
549 333 10 13 0.025220016 
416 272 7 9 0.025203278 
198 399 9 11 0.025177905 
556 277 9 12 0.025141645 
511 394 11 15 0.025138684 
848 259 11 13 0.02513291 
632 331 12 16 0.025096092 
374 400 17 23 0.025036694 
558 342 10 14 0.024988614 
461 456 15 18 0.024898391 
240 359 8 10 0.024868818 
983 332 12 17 0.024820032 
208 375 8 11 0.024785485 
636 274 10 13 0.024782138 
287 367 8 10 0.024772102 
241 367 7 9 0.02476914 
935 189 103 127 0.02476356 
161 367 7 9 0.024756098 
233 529 27 29 0.024719827 
214 433 12 15 0.024634505 
831 259 11 14 0.024625214 
815 230 10 14 0.02460142 
628 505 24 35 0.024568047 
445 452 12 16 0.024564302 
135 397 9 11 0.024463616 
604 421 15 20 0.024442563 
363 296 6 8 0.024363367 
263 365 8 11 0.024354614 
427 398 12 14 0.024333153 
425 251 8 12 0.02431815 
289 304 7 8 0.02426397 
336 343 8 9 0.024253491 
580 324 12 15 0.024251128 
1011 308 12 16 0.02423078 
249 329 6 8 0.024216572 
802 295 15 18 0.024172472 
623 400 18 26 0.02414445 
367 491 24 31 0.024116682 
639 508 13 18 0.024116335 
343 295 7 9 0.024060918 
105 391 8 10 0.02405573 
473 223 9 11 0.02405351 
944 337 22 32 0.024045803 
781 461 23 31 0.024042405 
934 241 13 15 0.023993406 
223 375 8 10 0.023956364 
86 411 11 12 0.023954386 
151 430 13 16 0.02393533 
662 291 19 22 0.023921402 
493 392 13 15 0.023849173 
861 518 18 22 0.023796236 
740 230 11 14 0.023774298 
537 329 11 15 0.023752645 
765 441 21 26 0.023712853 
495 321 9 11 0.023681445 
755 285 12 16 0.02360458 
311 441 21 26 0.023598563 
712 294 11 14 0.023526832 
625 248 8 11 0.023493536 
693 390 17 23 0.023470143 
691 343 13 16 0.023456864 
157 448 14 18 0.023453908 
558 380 11 14 0.023443438 
559 271 8 10 0.023440775 
265 382 9 11 0.023432998 
526 381 12 15 0.023428224 
56 444 8 10 0.023427472 
405 358 10 12 0.023357986 
584 285 9 12 0.023330597 
279 383 8 9 0.023307115 
740 207 10 12 0.023270026 
850 320 14 18 0.023269644 
558 301 9 13 0.023260856 
448 305 8 9 0.02325327 
433 337 9 10 0.023237813 
713 501 18 23 0.023233017 
479 482 13 17 0.02321532 
265 342 7 9 0.02318097 
520 303 9 11 0.023167495 
357 587 12 15 0.023063496 
286 351 8 9 0.023041751 
855 274 11 15 0.022982316 
246 336 7 8 0.022961307 
21 431 10 11 0.022960456 
199 406 18 23 0.022924963 
421 432 14 19 0.022906084 
427 354 13 16 0.022875544 
724 339 13 16 0.022833206 
802 401 15 19 0.022775875 
675 361 15 21 0.022757588 
1008 189 18 27 0.022754751 
573 365 11 14 0.022745796 
478 254 7 10 0.022737913 
411 392 13 15 0.022714445 
543 271 8 10 0.022713363 
540 311 11 12 0.02269522 
348 493 24 29 0.02266297 
446 334 9 12 0.022638677 
894 202 12 14 0.022608517 
302 445 15 18 0.022594359 
654 313 13 16 0.022548841 
173 415 9 11 0.022491246 
503 249 8 10 0.022487326 
490 541 26 32 0.022474978 
724 475 15 23 0.022388509 
989 383 16 23 0.022384949 
668 489 26 35 0.02237933 
513 333 12 15 0.022360075 
621 222 8 10 0.022348527 
777 219 11 15 0.022344725 
142 406 10 12 0.022333803 
74 325 207 230 0.022324203 
1013 417 11 16 0.022249734 
891 257 14 18 0.022245523 
186 511 19 22 0.022201283 
937 197 11 14 0.022201044 
837 196 13 15 0.022168852 
714 321 13 16 0.022146206 
476 506 15 18 0.022093708 
77 423 9 11 0.02208898 
943 329 13 21 0.022073748 
601 390 20 25 0.022064352 
55 414 21 27 0.021986658 
631 496 41 55 0.021939008 
785 321 12 16 0.021911597 
71 423 10 12 0.021827538 
477 532 10 13 0.021803392 
536 309 10 12 0.021774448 
592 208 7 9 0.021767797 
845 203 11 14 0.021749953 
824 197 10 13 0.021742433 
396 336 18 23 0.021736732 
151 350 8 10 0.021736389 
312 317 7 10 0.021711988 
918 511 17 20 0.021697795 
168 396 8 10 0.021681363 
993 193 9 11 0.021633863 
430 470 14 17 0.0216278 
496 396 14 17 0.021621905 
367 287 7 9 0.021599537 
583 236 10 12 0.021596832 
879 393 13 17 0.021596365 
782 293 11 15 0.02158532 
677 418 15 19 0.021548264 
968 260 12 15 0.02154379 
796 383 21 26 0.021524586 
463 363 11 14 0.021524098 
936 401 21 26 0.02151384 
632 239 9 11 0.021509593 
822 379 17 22 0.021500582 
446 240 8 9 0.02142085 
316 426 23 26 0.021419453 
757 226 13 16 0.0214177 
129 432 19 24 0.02136649 
838 320 15 18 0.021357423 
408 372 11 13 0.021323085 
816 244 11 14 0.021302378 
665 285 13 16 0.02129153 
541 380 12 16 0.02122212 
657 249 19 25 0.021188844 
781 183 17 22 0.021182537 
225 367 7 10 0.02116957 
328 368 10 12 0.021163741 
924 258 12 16 0.021155406 
502 272 8 10 0.021150123 
846 218 12 14 0.021101156 
310 430 15 20 0.021096537 
63 444 9 12 0.021094134 
163 540 15 18 0.021022184 
593 217 8 11 0.021009004 
974 192 11 13 0.020976488 
821 245 11 14 0.020962099 
287 319 7 9 0.020955278 
364 432 16 22 0.020946935 
188 463 15 21 0.020897023 
918 292 12 17 0.02087821 
159 394 8 11 0.020866098 
113 376 7 8 0.020857703 
356 534 14 16 0.020843882 
559 246 8 10 0.020806937 
713 270 10 12 0.020786334 
304 304 6 8 0.02078605 
536 319 12 14 0.020779941 
621 473 14 19 0.020761821 
609 295 10 13 0.020755814 
829 218 19 23 0.02072872 
879 434 17 22 0.020722464 
301 358 8 10 0.020719403 
391 348 10 12 0.020717235 
553 302 10 12 0.020709429 
675 295 11 15 0.020709105 
678 142 9 12 0.020686628 
277 396 11 13 0.020685477 
621 236 10 12 0.020682784 
703 300 12 15 0.020659106 
343 288 8 9 0.020640662 
974 192 20 23 0.020622127 
341 411 13 15 0.020620035 
261 414 9 10 0.020607363 
204 484 16 19 0.02059581 
230 375 7 10 0.020590812 
792 336 14 20 0.020590438 
281 311 7 9 0.02058827 
327 287 7 9 0.020565273 
278 390 9 12 0.020554204 
289 336 7 9 0.020547865 
459 410 12 15 0.020540716 
537 524 37 39 0.02052287 
250 465 22 28 0.020496225 
406 232 7 9 0.020472772 
119 407 9 10 0.020466387 
153 474 16 19 0.020463116 
919 223 10 14 0.020457102 
168 428 11 13 0.020439101 
728 313 13 16 0.020410948 
335 321 8 8 0.020371236 
326 434 24 28 0.020357896 
441 324 10 11 0.0203057 
561 308 10 15 0.020301402 
143 368 7 9 0.020299233 
241 375 8 10 0.020281855 
375 354 9 12 0.020280644 
518 261 9 12 0.020248437 
271 351 7 9 0.020237861 
821 298 14 18 0.020237805 
423 304 19 24 0.02021582 
226 477 20 29 0.020209191 
486 482 13 17 0.020185098 
613 492 40 54 0.020162402 
637 295 10 14 0.020157503 
411 420 11 14 0.020146608 
576 255 9 10 0.020134317 
288 382 8 11 0.020094614 
111 419 19 22 0.020091709 
838 204 12 14 0.020079508 
931 472 21 26 0.020052845 
799 422 15 19 0.020052074 
617 235 9 12 0.020041158 
813 300 14 18 0.020025294 
