35_Basketball_playingbasketball_35_252
35
594 55 51 67 0.999079 
101 10 49 67 0.9901597 
556 0 42 45 0.9858079 
480 67 46 71 0.97608644 
440 12 49 58 0.31420642 
1009 73 15 25 0.13076447 
74 -2 30 26 0.07927411 
416 4 54 62 0.07703624 
420 17 27 36 0.05875994 
359 204 45 71 0.055604998 
625 -1 35 33 0.054406013 
456 233 234 306 0.053192813 
512 44 28 43 0.04740338 
251 234 33 34 0.047314584 
498 16 43 50 0.04204758 
767 332 15 18 0.04008912 
659 18 182 238 0.037884492 
521 330 75 71 0.034633584 
583 0 30 31 0.032300245 
478 299 139 126 0.030854816 
342 58 53 62 0.029723896 
490 241 343 420 0.028438706 
378 146 50 69 0.028328996 
526 372 43 44 0.027835546 
514 -1 37 37 0.026687253 
445 3 35 40 0.025506174 
63 0 30 30 0.025185063 
434 408 58 59 0.023805745 
49 6 29 30 0.023403248 
440 235 50 61 0.02255527 
409 2 35 43 0.022380587 
329 109 39 41 0.022204118 
351 0 31 24 0.021813214 
616 9 46 50 0.021682194 
443 256 107 108 0.02113731 
