35_Basketball_basketballgame_ball_35_446
94
471 325 109 152 0.9989415 
867 847 26 33 0.8074193 
830 744 17 22 0.7860203 
791 935 22 28 0.6404342 
235 850 16 23 0.6266314 
883 811 19 25 0.6034108 
763 829 16 21 0.6010358 
796 892 29 38 0.5094277 
862 779 16 21 0.5054349 
762 741 18 22 0.4764563 
863 896 26 33 0.43011633 
722 821 16 20 0.41402784 
730 874 18 23 0.3922965 
255 802 19 25 0.32210362 
316 811 18 23 0.23567598 
806 866 17 23 0.22150435 
689 868 18 22 0.208089 
808 813 22 29 0.20579018 
927 760 17 25 0.19658034 
665 847 17 21 0.17963798 
928 915 19 24 0.16313608 
301 863 25 29 0.153185 
203 947 263 295 0.15222864 
692 897 24 30 0.14318655 
884 952 22 26 0.13859953 
756 896 20 27 0.12761137 
723 864 21 28 0.1153579 
277 770 21 27 0.113971926 
717 776 17 23 0.104679465 
801 874 28 37 0.09665594 
696 729 19 22 0.08578382 
900 988 27 36 0.08564592 
111 292 50 45 0.08174055 
822 991 27 33 0.077144355 
711 950 26 34 0.07078041 
779 781 15 18 0.06807305 
713 853 18 23 0.06713669 
818 783 18 20 0.06654049 
274 1088 31 35 0.058643878 
689 909 30 36 0.051811118 
306 739 16 19 0.0506435 
642 909 24 32 0.04646111 
745 738 16 19 0.04578919 
211 1064 41 46 0.045412406 
338 826 45 60 0.042596437 
341 843 27 38 0.041967895 
908 740 13 17 0.04083035 
823 776 22 26 0.040404025 
864 649 24 31 0.03744808 
885 850 26 35 0.037053872 
958 711 26 32 0.036767136 
131 1025 376 401 0.034060292 
809 824 24 31 0.033391844 
339 769 27 34 0.033211738 
560 557 106 164 0.032928195 
782 898 27 35 0.03253119 
747 738 25 28 0.0314349 
812 806 16 19 0.030855985 
300 744 16 18 0.030122025 
663 850 24 32 0.02983375 
498 513 47 52 0.029287284 
5 147 28 34 0.028598877 
27 499 28 32 0.027015513 
914 765 21 28 0.026290977 
330 841 27 34 0.025993025 
274 780 19 23 0.025535557 
233 946 69 80 0.025432125 
787 851 17 21 0.025095807 
477 117 99 146 0.024915034 
307 769 16 21 0.024796106 
772 869 23 28 0.024610272 
251 763 18 20 0.02445091 
228 734 24 28 0.023900347 
859 693 14 19 0.023860458 
635 954 57 70 0.023800548 
294 855 21 31 0.023787126 
780 789 17 23 0.023430355 
832 857 24 29 0.023268169 
906 770 15 20 0.023097236 
878 933 25 32 0.022235468 
690 873 26 32 0.022230566 
869 829 27 34 0.022169514 
816 836 22 27 0.021938965 
291 807 23 29 0.02186032 
780 905 17 23 0.021763278 
698 856 22 28 0.021674788 
241 768 24 29 0.021672655 
870 908 29 34 0.02159001 
875 822 18 22 0.021286916 
817 899 26 32 0.021024367 
703 1104 34 34 0.020450966 
214 761 26 32 0.020378694 
359 844 28 37 0.020341178 
824 812 23 30 0.020233449 
