8_Election_Campain_Election_Campaign_8_157
170
163 420 33 45 0.99934715 
268 441 21 25 0.9826629 
219 456 21 27 0.9654608 
-1 471 20 30 0.9547511 
325 459 25 38 0.93482924 
805 461 12 16 0.7090119 
726 415 17 21 0.69616336 
405 460 13 18 0.45760983 
645 443 12 15 0.37560138 
333 433 13 15 0.32577062 
1004 340 15 22 0.22057398 
630 424 13 14 0.2133096 
766 439 23 31 0.19422168 
585 547 18 20 0.17177498 
686 451 14 18 0.16233395 
606 464 15 20 0.15708925 
921 448 8 9 0.15691006 
583 450 22 30 0.1448495 
894 389 9 11 0.14298949 
583 403 13 16 0.1369048 
666 441 14 21 0.13358445 
662 438 13 19 0.12342742 
906 441 7 10 0.12226783 
653 441 12 18 0.1070716 
920 262 17 20 0.1068253 
612 461 12 16 0.101866744 
774 360 8 11 0.09523804 
854 436 11 15 0.09260736 
792 370 10 13 0.083249494 
991 306 11 13 0.07956556 
536 446 9 13 0.07893871 
820 453 10 13 0.07650893 
360 266 12 15 0.07385055 
309 460 26 31 0.073065996 
903 452 11 13 0.07204272 
464 395 13 18 0.07177419 
434 440 25 30 0.07171498 
685 443 14 18 0.07067468 
830 463 9 12 0.06796097 
894 448 7 10 0.06562936 
890 447 8 11 0.06497617 
874 351 9 11 0.06288119 
447 275 11 14 0.06276617 
702 421 9 10 0.062480778 
951 386 11 14 0.062361084 
690 457 14 16 0.06104342 
503 464 13 18 0.060949408 
909 446 9 11 0.05891862 
810 460 11 14 0.05841749 
946 253 10 12 0.05650488 
617 483 11 17 0.055067133 
958 448 11 12 0.05430131 
832 437 11 15 0.05373846 
662 489 14 20 0.053024117 
830 113 31 38 0.05107095 
915 247 25 29 0.047385562 
932 236 10 13 0.045511138 
338 433 13 18 0.044738658 
816 454 10 14 0.044411853 
594 458 21 28 0.042637076 
909 452 11 13 0.042109285 
678 441 14 18 0.040742435 
399 463 14 19 0.04064168 
358 273 13 15 0.040634897 
826 185 19 36 0.039882064 
790 450 13 17 0.039111037 
693 438 11 14 0.038480654 
799 306 12 16 0.03828597 
919 250 15 18 0.03803821 
887 342 9 10 0.03789299 
438 449 24 34 0.037755124 
797 452 14 18 0.03729012 
397 474 11 16 0.037117727 
734 441 16 19 0.0370706 
719 453 13 17 0.036273245 
655 430 9 13 0.03566377 
894 397 8 10 0.035630174 
940 437 10 12 0.035159033 
851 323 12 17 0.034558695 
572 415 10 12 0.03427158 
405 449 20 28 0.034058258 
772 453 16 19 0.033315532 
559 457 14 20 0.03315809 
230 540 20 30 0.033151682 
557 451 25 31 0.033081997 
951 454 11 12 0.032939542 
769 364 8 10 0.032775287 
612 474 14 19 0.032728244 
461 413 12 16 0.03261173 
508 439 10 13 0.032564122 
639 438 11 15 0.032445073 
759 376 8 10 0.032124568 
625 348 10 12 0.03193507 
617 438 16 20 0.031913552 
562 437 38 47 0.03181582 
680 451 12 16 0.03165092 
653 327 13 17 0.03139945 
936 445 11 13 0.03138137 
885 410 10 13 0.031235795 
822 461 11 13 0.03116607 
623 425 15 18 0.03108625 
530 503 39 53 0.0310148 
895 453 9 10 0.030462286 
589 440 22 32 0.030297494 
811 315 14 18 0.030199124 
56 607 9 12 0.029701628 
662 360 15 19 0.028883182 
985 300 10 12 0.028053395 
863 455 11 12 0.027865084 
687 432 8 11 0.027833197 
556 438 10 15 0.027547268 
822 447 11 14 0.027473908 
502 441 13 18 0.027466197 
105 527 23 30 0.026752654 
774 323 9 13 0.026453849 
477 440 14 16 0.026395261 
912 236 26 28 0.026336294 
465 459 24 27 0.026280914 
863 470 11 12 0.025893344 
900 388 10 12 0.025726285 
890 384 9 13 0.025577001 
800 464 13 15 0.025504444 
832 432 10 12 0.024938716 
777 447 16 21 0.02493788 
832 338 12 17 0.02487444 
1004 445 12 16 0.024663309 
801 310 25 30 0.024555618 
489 449 22 29 0.024468578 
943 389 13 16 0.024063999 
574 443 13 16 0.02390963 
829 454 11 13 0.023545587 
233 524 22 33 0.023401543 
672 471 10 12 0.02336561 
449 463 14 20 0.023339625 
846 309 21 33 0.023099255 
574 450 16 22 0.023033392 
726 444 12 16 0.022869457 
764 340 10 14 0.02278888 
547 441 22 30 0.02278443 
832 308 10 13 0.022713806 
503 432 10 11 0.022700239 
570 366 215 213 0.022675486 
944 455 10 11 0.022188324 
455 389 21 27 0.022069236 
680 458 12 16 0.021945227 
917 333 13 14 0.021918895 
849 470 8 12 0.021914572 
805 313 15 19 0.021776367 
236 559 13 18 0.021740353 
793 301 42 50 0.02168493 
479 455 24 29 0.021649286 
349 442 12 17 0.021363016 
766 324 10 13 0.021286681 
789 340 11 15 0.02121285 
537 449 13 17 0.02120837 
867 459 11 13 0.021151278 
597 471 16 20 0.021097941 
616 398 11 15 0.021044841 
614 482 20 29 0.021013383 
732 408 12 14 0.020942165 
543 352 12 16 0.020881096 
676 470 11 13 0.020846603 
889 439 7 10 0.020592617 
519 292 9 12 0.020542212 
760 324 9 12 0.02045423 
343 430 22 29 0.020430654 
342 440 12 16 0.020338215 
944 460 10 13 0.02024786 
781 326 8 12 0.020234356 
549 484 11 13 0.020163005 
