8_Election_Campain_Election_Campaign_8_297
99
498 279 35 44 0.9968516 
643 260 41 53 0.99621516 
159 457 49 57 0.9912143 
786 246 46 53 0.97902393 
599 273 33 43 0.97537845 
924 301 30 39 0.93789953 
414 322 28 32 0.9204388 
710 232 24 32 0.5981968 
485 158 11 14 0.51416683 
538 270 23 29 0.4490356 
940 303 30 43 0.36333406 
581 279 30 35 0.30939308 
718 141 11 15 0.27959612 
402 296 27 31 0.16846596 
405 237 14 17 0.1566962 
199 451 33 38 0.15269154 
713 197 15 17 0.14593342 
821 184 11 12 0.1280355 
405 309 31 35 0.12570286 
507 137 24 31 0.113043875 
117 203 22 30 0.10341355 
397 233 24 27 0.08883372 
370 310 24 30 0.080336645 
691 140 14 16 0.07637567 
715 230 15 22 0.075647585 
326 313 10 13 0.07547824 
767 196 12 16 0.07159611 
584 35 12 17 0.07134561 
73 461 34 43 0.06903141 
766 305 27 36 0.063629955 
516 143 14 20 0.06307273 
451 336 19 23 0.058078565 
795 181 12 15 0.05666723 
395 282 15 17 0.055602558 
392 290 27 31 0.055303838 
460 231 16 19 0.05139373 
564 131 10 12 0.050200157 
399 300 14 17 0.050125223 
670 152 15 20 0.048402242 
484 148 22 28 0.047095582 
380 271 17 20 0.047091722 
384 259 11 14 0.04675786 
557 133 13 15 0.046640176 
325 230 10 13 0.04519464 
770 203 12 14 0.045173287 
405 164 16 19 0.044759233 
389 274 27 31 0.044144597 
443 274 15 18 0.043527752 
566 293 23 32 0.04323306 
452 273 13 17 0.04276811 
489 126 9 11 0.042073917 
439 267 12 15 0.041382752 
541 617 15 22 0.04024945 
397 248 13 17 0.039638504 
490 155 12 17 0.037846733 
178 263 324 443 0.036642674 
421 252 11 14 0.036479026 
467 229 12 16 0.035519004 
768 175 10 12 0.034274608 
245 515 48 33 0.03342135 
606 67 27 31 0.032835443 
749 116 13 13 0.032794714 
574 285 24 33 0.03251045 
438 260 12 16 0.032073162 
398 205 11 12 0.031345993 
492 139 22 31 0.030644001 
551 138 13 15 0.03034237 
480 160 14 16 0.030211853 
404 244 27 31 0.030136678 
706 244 24 34 0.03000045 
174 465 56 56 0.02932796 
433 250 24 30 0.028486341 
181 482 101 89 0.027701167 
167 196 12 16 0.0276809 
381 300 14 18 0.026443169 
351 376 12 16 0.026389237 
412 253 14 15 0.026262067 
402 309 18 24 0.025532415 
984 405 11 16 0.025302872 
870 314 16 20 0.024925485 
636 124 11 13 0.023742355 
612 301 16 21 0.023453156 
1011 233 13 19 0.023021009 
744 112 12 14 0.022997437 
380 255 26 33 0.022894371 
720 234 16 23 0.022889003 
523 145 21 30 0.022791313 
863 429 30 40 0.022758747 
523 237 20 27 0.02224939 
502 142 16 22 0.021978676 
377 296 25 31 0.021835625 
346 373 22 30 0.02151093 
388 175 12 16 0.02131952 
355 384 12 17 0.02112826 
789 183 15 18 0.020903677 
886 178 15 19 0.02077825 
631 117 14 17 0.020592133 
392 321 49 49 0.02042249 
889 302 27 39 0.02035343 
