8_Election_Campain_Election_Campaign_8_452
75
422 386 54 67 0.99755776 
787 322 85 99 0.99450064 
969 392 50 69 0.99199647 
639 291 77 83 0.99167514 
74 449 44 50 0.98023397 
361 404 43 56 0.93237513 
152 447 41 48 0.879781 
8 490 34 40 0.30519193 
0 452 31 48 0.17459047 
322 381 15 21 0.13545111 
527 393 25 36 0.07602406 
392 380 13 15 0.07487128 
143 456 35 49 0.07081758 
111 459 28 36 0.06619395 
286 321 13 15 0.063245945 
484 542 47 60 0.059078697 
351 410 33 43 0.054929905 
310 180 9 11 0.049197227 
60 455 27 36 0.047998413 
106 140 8 11 0.04786492 
292 246 11 13 0.044817053 
334 349 9 10 0.03953526 
287 312 9 11 0.03737148 
332 398 25 36 0.036747605 
60 429 14 17 0.036427304 
290 252 9 11 0.034627717 
280 183 8 11 0.033723835 
367 387 12 16 0.03367057 
732 350 45 63 0.033520363 
222 281 11 15 0.03333063 
331 380 12 16 0.03311284 
749 371 12 16 0.032135632 
500 391 41 61 0.032041464 
71 143 8 10 0.03173284 
344 175 8 11 0.030883752 
242 393 30 40 0.03052232 
245 293 9 12 0.029947905 
525 378 23 36 0.029419959 
748 475 43 64 0.028912548 
164 456 43 49 0.028797459 
340 364 15 19 0.02861006 
278 239 9 11 0.027498258 
204 542 31 44 0.027206523 
125 460 27 38 0.02710107 
381 401 34 48 0.026892936 
58 440 26 36 0.026827145 
294 240 10 11 0.0266915 
287 223 8 10 0.02622947 
128 157 9 11 0.02512986 
265 303 9 10 0.024971768 
249 215 8 11 0.02469865 
-3 414 24 43 0.024363946 
278 244 9 12 0.024268612 
239 413 39 49 0.023862487 
58 430 22 30 0.02367677 
5 461 46 59 0.02346362 
222 200 8 10 0.023459276 
302 204 10 12 0.023392124 
0 131 9 14 0.02324709 
490 403 30 47 0.023120305 
225 160 9 10 0.023083854 
283 316 22 26 0.022589622 
246 174 9 11 0.022584533 
308 199 9 11 0.022499366 
247 190 9 11 0.02232529 
262 191 9 10 0.021708252 
278 156 9 12 0.021412041 
272 246 9 11 0.021380384 
361 380 26 34 0.021342782 
30 479 43 53 0.021070093 
450 391 51 66 0.02069873 
281 303 9 10 0.020542491 
198 468 36 40 0.020478467 
263 220 9 11 0.020234404 
287 230 9 10 0.020182552 
