8_Election_Campain_Election_Campaign_8_252
442
293 441 52 67 0.9984523 
492 378 25 33 0.9962131 
412 391 29 37 0.9956208 
140 453 84 97 0.9951416 
922 309 28 36 0.99164504 
853 302 14 16 0.9601908 
897 297 15 18 0.92904353 
670 350 15 19 0.9281224 
877 311 15 19 0.92263585 
884 333 17 21 0.910077 
365 387 26 32 0.86845964 
790 335 16 20 0.847042 
608 365 12 15 0.7377067 
651 363 14 18 0.7203354 
755 334 13 16 0.67474896 
38 424 10 12 0.662393 
86 449 21 27 0.625488 
823 353 15 23 0.61316705 
110 423 12 14 0.5545734 
711 298 14 15 0.5440239 
301 379 15 18 0.5326845 
846 331 18 20 0.4260902 
676 377 12 15 0.3819611 
655 301 9 12 0.36022046 
712 323 12 16 0.35992768 
984 288 24 28 0.34453338 
623 359 11 13 0.32265863 
726 452 26 34 0.29336336 
952 314 15 21 0.28926137 
910 302 10 13 0.286725 
769 316 12 14 0.2740925 
633 344 11 14 0.27274388 
737 335 10 12 0.26329556 
576 356 12 15 0.2502049 
671 403 13 16 0.24862361 
178 407 12 15 0.22437266 
79 412 11 14 0.21604685 
242 397 9 12 0.21575968 
711 384 13 18 0.2144676 
52 477 25 34 0.19841644 
683 333 11 14 0.18972024 
705 351 11 13 0.1727648 
296 404 12 16 0.17170283 
283 389 11 14 0.1702631 
33 422 11 14 0.16991483 
648 342 10 14 0.1675815 
466 377 15 18 0.16448721 
726 354 14 17 0.16308756 
97 410 11 15 0.16242385 
372 364 15 19 0.15882692 
263 388 8 11 0.15347454 
475 346 11 14 0.15339877 
663 304 9 11 0.15334758 
654 339 11 14 0.15171553 
1 426 11 16 0.15049408 
432 367 11 13 0.14610562 
239 391 9 12 0.13876799 
487 334 11 14 0.1357969 
745 301 11 12 0.13402696 
728 314 9 13 0.13232666 
542 350 11 13 0.12840208 
305 403 25 32 0.12434095 
868 292 11 14 0.121514365 
686 363 13 17 0.12140418 
773 297 14 15 0.118859574 
297 379 12 15 0.11827528 
838 275 11 15 0.117756516 
494 339 11 14 0.115736105 
78 419 13 18 0.114884436 
519 341 11 13 0.11303051 
632 410 13 19 0.112806186 
508 335 13 15 0.112067685 
766 322 13 17 0.110737056 
648 358 12 15 0.109943055 
837 243 13 17 0.0987804 
662 323 10 12 0.09769985 
269 453 45 58 0.09743652 
948 386 25 31 0.09687879 
459 358 11 14 0.09613366 
231 380 8 10 0.09608001 
732 348 13 17 0.09480083 
300 390 14 19 0.094647795 
895 305 12 15 0.09410323 
913 300 13 17 0.09297313 
851 345 17 21 0.09265594 
306 374 14 18 0.09248899 
1008 274 12 17 0.0922837 
658 334 12 14 0.091443814 
209 391 8 11 0.087792054 
477 333 12 15 0.08658226 
527 335 11 14 0.08607547 
844 243 14 18 0.08451508 
278 368 7 10 0.08337157 
306 384 14 17 0.08241016 
272 373 9 11 0.08157361 
271 398 8 11 0.07860052 
36 430 15 18 0.076769836 
715 319 12 15 0.07645676 
63 436 11 15 0.076034464 
237 382 8 10 0.07574733 
831 353 18 23 0.07534594 
105 421 11 16 0.074961245 
226 380 7 10 0.07415802 
580 361 12 15 0.07308431 
0 461 8 13 0.072990745 
823 295 10 14 0.07289639 
453 392 14 19 0.07252351 
71 426 15 19 0.07243381 
258 384 8 11 0.07155786 
763 329 13 18 0.07125803 
349 387 11 16 0.07092348 
384 325 12 15 0.07068331 
654 318 9 12 0.07059641 
541 385 25 31 0.07012921 
739 339 11 14 0.06962863 
501 340 12 15 0.06859567 
376 394 16 20 0.0683797 
848 306 13 17 0.068114825 
684 369 13 18 0.06809913 
739 368 15 18 0.067822225 
426 392 24 31 0.06728641 
668 303 8 12 0.064598836 
48 444 10 14 0.063917875 
404 350 9 13 0.06358347 
981 296 16 19 0.06307267 
614 359 12 15 0.063006006 
112 404 10 11 0.06300262 
198 400 9 10 0.062993795 
768 299 12 13 0.06186732 
771 355 12 17 0.061514944 
839 342 24 27 0.061390433 
114 428 12 14 0.060880344 
129 395 9 12 0.060129136 
281 385 8 10 0.060033243 
750 464 32 35 0.05972965 
309 367 9 12 0.05963721 
891 341 16 21 0.05962153 
650 348 12 15 0.05945397 
747 307 12 14 0.05899347 
308 405 15 19 0.058670945 
739 348 12 15 0.057938345 
961 246 8 10 0.05767916 
980 283 35 49 0.057386298 
686 359 10 13 0.05715549 
316 388 12 16 0.05699065 
407 364 12 15 0.056780845 
216 375 8 10 0.056151167 
297 400 21 27 0.056114815 
657 306 11 14 0.055692844 
295 395 14 18 0.055658273 
805 327 11 13 0.05513424 
845 311 14 19 0.054313008 
647 335 9 12 0.05282867 
193 398 9 11 0.052683387 
581 44 10 12 0.052501142 
693 359 9 13 0.05142749 
377 369 13 17 0.05059871 
117 400 9 11 0.049606893 
29 485 13 17 0.049126133 
273 369 9 11 0.048798528 
298 387 12 15 0.048526485 
445 392 13 18 0.04770246 
157 347 9 11 0.047693063 
648 324 9 12 0.047685176 
301 386 25 32 0.047551427 
164 398 10 11 0.047295287 
285 384 9 12 0.04665865 
719 362 12 16 0.046519518 
445 465 34 54 0.046283394 
422 349 10 13 0.046183143 
841 368 17 19 0.045935836 
24 421 11 15 0.045814022 
784 405 25 36 0.045768008 
650 319 9 12 0.045556426 
1008 330 13 19 0.045147255 
306 375 24 31 0.0449611 
779 294 11 14 0.044774264 
883 323 16 22 0.0446081 
404 356 12 14 0.044456758 
64 479 15 24 0.044316296 
265 395 9 12 0.043060217 
893 314 12 16 0.042992324 
52 443 13 16 0.042900052 
794 344 14 18 0.042779293 
44 433 12 17 0.04244692 
33 419 18 22 0.042245053 
245 404 9 12 0.04218841 
118 435 10 13 0.04125928 
903 241 9 12 0.041001156 
570 351 11 14 0.040959813 
915 304 25 32 0.04067542 
920 287 9 12 0.040674713 
279 417 46 57 0.040642727 
277 373 8 10 0.0405076 
360 366 9 11 0.039709274 
287 401 12 16 0.039664626 
687 303 9 12 0.03943338 
227 411 13 15 0.039411873 
655 324 10 13 0.039395195 
688 318 9 12 0.03938239 
43 486 33 39 0.039334 
734 437 46 45 0.039233632 
822 571 47 60 0.039142463 
898 244 8 11 0.03909045 
72 423 24 30 0.03895295 
539 398 27 37 0.0387752 
772 391 22 32 0.038706284 
368 345 11 13 0.03847339 
316 392 15 20 0.038377758 
535 362 12 16 0.03829178 
705 301 9 12 0.038141076 
925 284 12 14 0.037905708 
572 348 20 26 0.03787932 
586 357 12 15 0.037874613 
685 326 9 12 0.037850134 
673 410 14 17 0.037840273 
268 390 9 11 0.03782048 
600 374 10 14 0.03765649 
866 286 10 13 0.03763486 
814 315 12 16 0.03740505 
798 327 12 15 0.037091304 
763 338 13 17 0.036962885 
910 295 12 15 0.036676794 
438 360 9 12 0.03642842 
15 428 10 14 0.036360938 
374 348 9 12 0.03629259 
716 304 13 16 0.03615915 
182 400 11 12 0.03608771 
720 381 21 29 0.036065888 
280 394 13 15 0.036051348 
30 484 27 30 0.035999216 
677 341 11 14 0.03562905 
15 487 26 32 0.035432238 
833 250 11 14 0.035286818 
696 302 9 13 0.035212398 
175 389 9 10 0.03514341 
45 490 18 19 0.035070103 
575 400 24 32 0.03502266 
841 354 18 20 0.034975205 
604 375 14 20 0.034679886 
789 357 12 15 0.03456346 
726 301 10 13 0.03454599 
525 0 12 11 0.034525827 
499 331 21 24 0.03440638 
797 353 12 15 0.03425135 
998 286 21 29 0.034197323 
413 356 11 13 0.034037013 
670 383 15 19 0.034031287 
459 384 16 19 0.033923056 
444 371 13 17 0.03391945 
291 407 22 27 0.033847332 
916 294 11 14 0.03375983 
244 492 39 57 0.03367695 
716 329 12 14 0.033352174 
890 323 16 22 0.033318024 
216 381 8 10 0.03326667 
599 344 8 12 0.033009756 
73 411 12 15 0.03298166 
753 412 45 47 0.032828555 
758 355 12 16 0.03273488 
473 376 16 21 0.03266354 
448 347 11 14 0.032562815 
232 390 9 11 0.032150466 
802 331 13 17 0.031915795 
1011 338 11 16 0.03190116 
812 323 12 14 0.031893715 
270 381 9 12 0.03186347 
845 462 22 27 0.031840574 
852 308 15 19 0.031826794 
83 426 11 16 0.031812742 
161 393 9 10 0.03155554 
207 396 10 12 0.031526435 
832 458 11 15 0.031497046 
659 369 14 17 0.031172154 
204 415 10 12 0.031051096 
671 356 20 24 0.03105075 
279 359 7 9 0.030831028 
531 337 13 16 0.030685062 
709 305 14 16 0.03064041 
685 350 9 12 0.030599367 
732 371 23 27 0.030594585 
733 461 40 33 0.030566633 
921 365 24 31 0.030451084 
6 498 13 17 0.030445108 
166 404 11 13 0.030351253 
966 306 11 14 0.03012383 
559 371 13 16 0.030077223 
630 339 18 23 0.02997418 
579 417 18 25 0.029929144 
460 363 12 16 0.029927941 
709 343 12 14 0.02990997 
960 253 8 10 0.029850885 
399 352 12 17 0.029689044 
565 365 12 16 0.029665604 
616 358 18 23 0.02963421 
574 25 8 9 0.02961435 
54 417 46 53 0.029450938 
470 341 20 24 0.029430764 
436 370 14 17 0.029323237 
729 308 14 17 0.02928115 
535 37 11 13 0.02914279 
365 466 27 46 0.028841 
733 364 14 17 0.02872655 
820 315 12 17 0.028622745 
840 314 12 18 0.028607134 
368 360 11 15 0.028447952 
488 330 21 24 0.02840933 
591 375 10 12 0.028402353 
638 353 11 16 0.028320838 
454 100 11 13 0.028316732 
900 459 17 22 0.028174026 
444 325 16 20 0.02797642 
265 376 8 10 0.027959792 
191 405 9 12 0.027831635 
664 349 14 17 0.027611103 
285 412 16 19 0.027586075 
939 291 12 14 0.027471665 
6 416 22 26 0.02736363 
312 383 28 35 0.02723105 
833 236 12 16 0.027119169 
37 441 13 16 0.027111903 
1006 279 16 23 0.026964977 
190 412 9 11 0.026829168 
416 349 11 13 0.026591638 
492 346 14 16 0.026359662 
704 346 18 23 0.026269836 
12 497 15 20 0.026269209 
342 385 15 20 0.026151402 
378 377 15 21 0.026125707 
902 296 18 23 0.026018469 
868 329 14 19 0.02592674 
706 316 10 14 0.025720816 
772 347 13 18 0.025712794 
640 335 9 11 0.025691288 
360 393 14 18 0.025658552 
150 407 10 12 0.025648354 
452 340 13 17 0.025514191 
784 362 12 15 0.02549731 
569 24 9 12 0.025438063 
631 389 11 15 0.025417656 
402 377 26 33 0.025394494 
822 384 14 18 0.025347391 
55 413 10 13 0.025315545 
614 445 12 16 0.025309013 
387 331 11 14 0.025185686 
688 308 10 13 0.025163788 
766 361 13 15 0.02513048 
488 353 13 16 0.025089124 
280 399 41 50 0.025021067 
553 377 30 29 0.024947995 
257 377 8 9 0.024924569 
952 394 41 45 0.024920443 
716 390 16 21 0.024702128 
975 299 11 16 0.024700755 
419 341 13 16 0.024677878 
839 281 11 15 0.024674695 
730 400 29 32 0.024545792 
968 386 37 41 0.024504319 
621 405 21 31 0.02441825 
526 363 14 16 0.024413312 
950 302 14 20 0.024403885 
724 430 31 43 0.024357231 
694 307 10 13 0.02431591 
755 342 15 20 0.024200672 
729 388 27 31 0.024150696 
653 334 20 24 0.02412202 
79 402 21 25 0.02408161 
368 356 23 31 0.02393554 
909 245 9 10 0.023866473 
373 332 11 14 0.023790933 
829 229 11 13 0.023746666 
438 393 21 31 0.023719516 
149 275 15 18 0.023674753 
396 391 25 30 0.023613583 
144 412 12 15 0.023483614 
399 333 11 14 0.023352532 
144 284 11 15 0.023206467 
326 382 28 36 0.023137761 
284 394 21 27 0.0230232 
749 315 10 13 0.022975048 
461 340 13 15 0.022811856 
835 374 16 19 0.022778345 
10 452 23 31 0.022682846 
885 255 9 11 0.022493381 
120 390 8 11 0.022398978 
793 414 16 23 0.022264916 
881 231 7 10 0.022190504 
222 394 12 15 0.022156052 
250 445 46 57 0.022147223 
703 343 12 15 0.02208976 
213 390 11 13 0.022071742 
825 299 13 16 0.021924306 
22 490 15 19 0.021913765 
279 385 20 23 0.021905107 
615 369 21 30 0.021873876 
742 296 20 24 0.021850305 
157 276 16 20 0.021800866 
721 464 28 41 0.021731397 
613 436 11 15 0.021664055 
206 404 10 12 0.02165606 
66 479 26 34 0.021646267 
581 373 11 13 0.02164482 
190 390 10 11 0.021622544 
726 342 11 15 0.021614637 
697 296 9 12 0.021528076 
0 426 18 27 0.021509534 
95 449 17 23 0.021469612 
734 301 11 14 0.021465898 
684 402 12 16 0.021463584 
717 352 19 25 0.02145852 
200 419 11 13 0.021443604 
101 444 12 17 0.021428974 
845 272 10 13 0.021416908 
51 431 20 27 0.021362666 
547 414 34 35 0.02135639 
551 393 31 34 0.021344008 
387 393 14 20 0.021316508 
380 317 21 27 0.021199401 
13 490 13 18 0.021156967 
1001 212 10 13 0.021023424 
779 307 14 17 0.020917038 
653 379 12 17 0.020830553 
592 24 7 9 0.020823276 
315 379 14 19 0.020788012 
790 301 11 15 0.020787304 
957 261 9 12 0.02075995 
-5 186 47 73 0.020714033 
96 484 30 41 0.020680364 
538 358 15 19 0.020661468 
438 328 15 18 0.020564068 
714 433 23 36 0.020539759 
693 316 9 13 0.020538798 
369 325 24 29 0.020507807 
668 323 10 14 0.020371933 
286 368 7 10 0.02030256 
451 366 20 26 0.020288592 
438 387 16 22 0.020283876 
13 420 13 16 0.020256583 
521 333 19 24 0.020178106 
766 346 13 18 0.020150647 
455 351 21 25 0.020098625 
111 433 11 14 0.020017728 
