8_Election_Campain_Election_Campaign_8_269
44
387 201 244 316 0.9999219 
491 1452 16 20 0.08842841 
172 1189 84 64 0.082179114 
627 1305 13 17 0.067187905 
580 1100 15 20 0.059818342 
579 1421 13 17 0.0596649 
493 1322 13 15 0.056685336 
524 1330 13 15 0.047631238 
484 1348 12 17 0.04249615 
519 1294 12 15 0.039383125 
508 1021 15 19 0.038582783 
520 1010 12 16 0.03823778 
180 1171 119 105 0.03592931 
554 1390 14 17 0.035867937 
525 1041 14 19 0.03481643 
519 1329 13 17 0.033498064 
502 1365 13 14 0.032040507 
550 955 13 16 0.031593315 
487 1325 11 15 0.030937212 
484 1169 12 16 0.030176273 
607 1038 14 19 0.029703345 
551 998 12 15 0.029516373 
550 1303 20 29 0.028202338 
599 966 15 20 0.02749937 
481 1296 14 18 0.026993569 
588 1103 15 19 0.026987767 
586 1298 17 19 0.026719484 
565 1348 13 18 0.026442012 
495 1365 11 15 0.026360946 
547 1001 13 18 0.026217999 
629 1449 22 27 0.026132084 
500 1371 16 18 0.025942557 
556 994 12 16 0.025572414 
154 1149 202 202 0.024759907 
509 1390 11 14 0.024282917 
543 1021 13 17 0.02343726 
551 1294 13 16 0.023101684 
575 1152 15 20 0.022459053 
644 1374 16 19 0.022160131 
427 1074 393 486 0.021966271 
555 1427 13 18 0.021609586 
559 1371 14 17 0.021442212 
525 1413 12 15 0.0203707 
526 1374 13 14 0.020322213 
