8_Election_Campain_Election_Campaign_8_357
35
197 286 133 192 0.9727138 
671 824 8 10 0.08765356 
133 815 12 16 0.083307035 
356 831 9 11 0.05756197 
270 754 9 12 0.050886698 
270 823 8 10 0.048110537 
223 831 11 12 0.04685496 
294 822 7 10 0.038246483 
269 788 8 11 0.03523076 
128 818 13 17 0.035199266 
239 772 9 11 0.034187164 
606 571 41 57 0.033157136 
878 791 13 17 0.031033978 
191 796 8 10 0.030956512 
135 808 10 12 0.028139561 
293 848 8 10 0.027919559 
922 862 7 9 0.02783376 
272 848 8 10 0.027528407 
290 823 9 11 0.027158592 
265 790 9 11 0.026656726 
647 804 11 13 0.025759386 
357 665 16 21 0.023574399 
136 791 8 10 0.023516651 
140 790 9 11 0.02271903 
830 781 10 12 0.022320503 
237 806 9 12 0.022072978 
846 844 13 16 0.022015505 
129 792 9 10 0.021817308 
779 786 15 16 0.021486932 
168 798 8 10 0.021355638 
268 828 9 11 0.021009358 
672 646 8 9 0.020845113 
869 856 39 50 0.020829383 
112 848 9 12 0.020790635 
132 822 14 18 0.020227116 
