8_Election_Campain_Election_Campaign_8_244
27
388 99 106 148 0.99992776 
102 65 138 169 0.99988663 
507 128 120 166 0.99959046 
650 73 89 110 0.99958485 
849 141 89 107 0.99912125 
784 118 66 87 0.9976592 
255 158 81 97 0.9930414 
735 138 49 68 0.9490444 
2 168 56 76 0.8768428 
967 91 62 148 0.83395857 
699 112 76 100 0.23420084 
341 357 42 50 0.124105856 
926 115 89 134 0.095447816 
22 164 62 73 0.07854309 
362 173 27 41 0.062357213 
342 75 409 520 0.05889796 
820 245 25 37 0.04864101 
813 224 43 62 0.038787846 
748 102 14 20 0.034237333 
993 202 30 47 0.03399399 
444 114 107 148 0.031194204 
359 361 31 35 0.0239753 
341 146 49 73 0.022672998 
978 170 44 79 0.022570059 
364 188 17 22 0.021768436 
730 143 33 45 0.021731524 
334 124 87 118 0.020035459 
