8_Election_Campain_Election_Campaign_8_133
37
856 190 29 37 0.99925107 
20 112 32 43 0.99901736 
903 187 28 34 0.9960877 
946 184 25 30 0.9768935 
727 178 33 36 0.96225375 
203 90 76 157 0.9443126 
630 168 25 32 0.89749044 
897 243 18 21 0.20894806 
944 219 17 19 0.19848949 
640 170 17 23 0.09455273 
379 127 42 47 0.09244657 
432 174 29 29 0.08657966 
300 140 25 33 0.062017445 
410 168 32 39 0.046258 
650 171 12 16 0.04494007 
360 135 28 35 0.041350614 
485 210 11 14 0.041087683 
482 197 12 15 0.037782732 
426 185 33 33 0.035222024 
384 153 60 51 0.032853324 
960 186 19 24 0.03181545 
899 163 14 15 0.029372448 
943 203 24 31 0.028108016 
638 174 25 34 0.027991194 
429 197 13 14 0.02762618 
414 192 61 51 0.024529077 
292 125 44 59 0.024119215 
402 172 61 51 0.022396836 
5 138 15 23 0.021611875 
230 111 92 121 0.021521036 
424 203 37 32 0.021348255 
969 185 15 22 0.020659307 
439 191 31 35 0.020507831 
632 164 14 21 0.020334577 
398 139 32 38 0.020300603 
477 189 12 17 0.020236097 
76 133 99 137 0.020120636 
