8_Election_Campain_Election_Campaign_8_236
18
156 360 62 83 0.9987583 
324 337 66 95 0.9984321 
558 132 75 93 0.9976866 
408 355 44 55 0.9730207 
764 345 47 59 0.91263103 
924 400 37 66 0.12389798 
489 610 34 31 0.074088246 
839 374 9 12 0.07317643 
828 239 45 60 0.070021085 
807 375 14 20 0.0514518 
367 371 34 55 0.047202747 
858 240 39 54 0.046454463 
434 0 22 18 0.0360184 
455 381 41 57 0.027960747 
427 370 44 60 0.027207144 
363 345 33 62 0.02606157 
736 109 10 15 0.024748417 
379 384 35 46 0.02117476 
