8_Election_Campain_Election_Campaign_8_118
156
712 376 106 129 0.99969375 
291 165 55 69 0.99942493 
532 167 35 46 0.9985567 
405 207 72 92 0.9984653 
888 331 58 76 0.9975177 
994 237 31 38 0.99521154 
649 201 36 42 0.9948226 
693 244 88 126 0.99262846 
174 215 38 50 0.98843956 
531 292 66 106 0.97965 
362 172 41 58 0.97178316 
215 190 41 51 0.9704673 
959 272 35 43 0.956579 
148 196 45 61 0.945921 
211 279 37 52 0.87546533 
889 234 23 34 0.5751664 
104 199 36 52 0.5126602 
921 484 106 195 0.47119978 
2 553 23 40 0.44923022 
960 226 15 17 0.41295978 
990 327 36 46 0.3847827 
884 245 24 37 0.3583208 
818 229 35 64 0.2717032 
901 200 10 12 0.25805783 
597 196 12 16 0.25637916 
805 183 11 13 0.24717487 
860 184 10 12 0.23272645 
866 226 38 55 0.2153025 
952 200 11 12 0.21317352 
584 164 10 12 0.20154795 
773 183 10 14 0.1939657 
983 201 12 15 0.1844707 
721 196 19 24 0.1621562 
195 202 40 53 0.16027753 
811 220 31 45 0.15318044 
712 186 9 13 0.13666265 
822 182 8 11 0.13448827 
899 232 12 17 0.12180745 
626 160 13 17 0.11537064 
53 190 29 45 0.104936354 
588 234 21 30 0.103514925 
810 216 18 22 0.10125444 
236 420 14 19 0.096169956 
931 190 11 13 0.095628634 
638 197 13 19 0.094912715 
116 197 47 58 0.089078836 
885 194 11 14 0.08825863 
641 196 29 35 0.08196166 
945 180 11 15 0.07839337 
985 208 19 21 0.066431694 
990 276 28 37 0.06511246 
950 225 14 18 0.063042335 
498 179 25 41 0.06288383 
909 244 11 16 0.056431334 
604 322 60 82 0.055615585 
845 182 8 10 0.054159977 
907 254 21 30 0.054123543 
950 239 17 22 0.05205105 
817 218 18 23 0.05162341 
948 485 68 106 0.048422564 
383 201 34 51 0.04633792 
954 233 18 20 0.045601714 
832 228 30 54 0.04474242 
721 172 10 12 0.04462936 
715 188 13 16 0.044238973 
711 235 56 77 0.043227125 
727 198 26 30 0.04296502 
826 68 17 23 0.042927727 
993 263 27 35 0.040650327 
0 609 42 62 0.03940164 
971 258 40 52 0.03919976 
639 157 10 13 0.038761042 
814 180 12 14 0.038717914 
977 197 11 15 0.038651768 
724 173 12 14 0.038417563 
863 331 56 82 0.03690096 
880 192 11 13 0.036766883 
1012 187 11 18 0.036610033 
832 417 58 93 0.036480524 
92 239 13 17 0.035303213 
632 148 12 14 0.03517977 
87 207 45 61 0.035031136 
913 262 25 33 0.03489707 
947 186 13 15 0.032958362 
688 288 105 178 0.032594915 
70 198 43 57 0.032569513 
815 175 9 11 0.032499686 
928 195 10 13 0.031838257 
763 212 17 20 0.0312817 
946 198 10 12 0.031242916 
855 194 14 15 0.03116627 
651 167 14 17 0.031049611 
868 35 13 15 0.03045626 
840 176 8 10 0.030043092 
915 253 14 19 0.02940203 
804 214 29 38 0.029018085 
1007 203 12 17 0.028897177 
920 190 8 10 0.028858088 
723 190 15 18 0.028823229 
1000 61 22 36 0.027475445 
976 274 18 25 0.027177718 
783 388 92 133 0.026930014 
101 243 15 20 0.02660962 
910 191 8 9 0.026554445 
982 222 25 29 0.026515646 
499 141 13 17 0.026422733 
591 190 20 27 0.026388803 
949 246 28 33 0.026358234 
62 243 12 15 0.026318146 
741 44 12 14 0.02629166 
717 180 13 17 0.026234023 
632 197 22 29 0.025947483 
705 186 11 15 0.025349626 
732 174 11 14 0.025294583 
474 410 61 63 0.02518508 
895 255 16 25 0.025066886 
855 183 19 22 0.024990942 
965 197 10 14 0.024837244 
907 197 10 13 0.024802808 
643 158 10 13 0.024797343 
801 180 19 23 0.024677742 
158 177 31 57 0.02452139 
911 251 12 17 0.024380805 
812 204 15 18 0.024222992 
636 144 10 12 0.023972845 
956 255 28 35 0.023939807 
870 189 9 12 0.023854496 
599 142 9 13 0.023700228 
679 69 9 11 0.022961847 
822 54 10 13 0.022767644 
1001 280 17 22 0.022571985 
732 180 12 14 0.022352058 
565 297 83 105 0.022209533 
823 186 9 12 0.02210805 
827 223 17 29 0.021912724 
655 76 12 16 0.021896308 
85 221 28 38 0.021862669 
597 146 12 16 0.021795249 
646 165 12 16 0.021787792 
958 190 10 13 0.021632433 
789 10 18 22 0.021578325 
913 271 35 48 0.02157601 
884 421 93 134 0.02156752 
994 203 14 18 0.02152803 
959 374 53 65 0.021480246 
2 550 44 65 0.021432675 
980 189 15 18 0.021413468 
807 176 11 14 0.021205403 
920 199 10 12 0.021187069 
589 229 16 21 0.02079922 
949 194 18 23 0.020756552 
731 189 16 19 0.020660024 
981 216 16 19 0.020259064 
-6 331 82 142 0.020209447 
793 3 16 16 0.020157492 
850 408 89 130 0.020138897 
