8_Election_Campain_Election_Campaign_8_347
55
212 131 33 43 0.99670357 
754 167 24 35 0.99138063 
923 587 12 15 0.9145874 
22 571 14 20 0.89433736 
1010 572 11 16 0.5990138 
967 577 14 16 0.45812592 
175 562 13 17 0.3073507 
887 579 14 17 0.16827394 
965 586 13 15 0.122828275 
145 565 15 18 0.08794426 
41 660 11 14 0.085946895 
1007 565 17 25 0.08555213 
960 587 10 13 0.08528452 
759 283 12 14 0.08419421 
892 575 11 14 0.08235957 
1001 640 9 12 0.07765311 
53 513 12 16 0.07381515 
933 556 10 12 0.06909152 
16 574 14 19 0.055738155 
933 614 11 14 0.050549075 
951 598 12 14 0.047414884 
967 634 10 13 0.046638492 
951 588 10 12 0.04445413 
34 572 15 19 0.041943014 
167 563 14 18 0.04184848 
852 572 11 16 0.03835091 
330 177 56 67 0.036660936 
778 677 29 45 0.031515956 
957 596 11 15 0.03138246 
1014 639 9 11 0.031218898 
929 613 10 13 0.030664677 
117 516 11 17 0.030617818 
1004 644 10 12 0.029293964 
930 588 10 13 0.029028704 
675 334 13 16 0.02754406 
108 520 16 20 0.02699262 
966 593 11 13 0.026734676 
463 579 13 17 0.025857562 
913 621 9 11 0.02536861 
911 590 9 13 0.024129914 
43 656 10 12 0.02408002 
901 572 10 14 0.023734475 
477 586 15 19 0.023517072 
929 542 9 11 0.02335773 
912 616 9 11 0.023096213 
31 74 113 144 0.023002375 
935 607 10 13 0.022761224 
158 564 12 15 0.022127677 
938 613 11 14 0.022101011 
45 603 13 15 0.022097796 
962 660 12 16 0.021911701 
1012 582 13 18 0.020767245 
397 613 9 11 0.020721773 
134 564 15 19 0.020076524 
961 656 10 12 0.02006559 
