51_Dresses_wearingdress_51_339
32
443 186 170 233 0.99943894 
659 309 112 153 0.99891293 
152 368 26 35 0.44118685 
864 368 41 62 0.366648 
194 51 84 123 0.15254031 
717 348 81 123 0.11993541 
756 281 19 23 0.09367297 
971 376 41 60 0.06471356 
880 369 51 68 0.061253935 
953 267 25 35 0.05402543 
949 275 53 66 0.051939048 
751 379 55 84 0.047385402 
214 379 115 133 0.04516993 
1011 400 14 27 0.044732843 
267 636 25 38 0.038309522 
150 370 45 53 0.03553917 
905 346 40 55 0.030208593 
325 1162 395 483 0.028436469 
921 374 50 70 0.02820547 
927 265 90 115 0.027881933 
170 259 193 259 0.027203584 
649 1132 155 150 0.02704354 
0 355 12 20 0.026242876 
873 343 48 68 0.023989394 
989 389 34 43 0.023747655 
182 361 25 33 0.022892721 
-110 1083 420 479 0.02282087 
41 1 334 499 0.022322612 
944 315 86 132 0.021867642 
932 108 103 138 0.021841677 
848 365 73 93 0.021635313 
932 298 26 32 0.020262195 
