51_Dresses_wearingdress_51_606
90
622 82 111 148 0.9999621 
256 227 97 120 0.9997509 
406 228 14 18 0.96170264 
204 178 16 21 0.21226615 
485 237 15 20 0.19135432 
400 284 11 13 0.13985267 
172 24 21 29 0.13722841 
858 92 9 12 0.1124818 
202 217 44 56 0.09477133 
233 6 18 19 0.085588194 
440 247 10 12 0.075522505 
392 256 9 11 0.07231017 
476 235 15 18 0.06844326 
397 254 8 11 0.06743253 
469 234 13 18 0.06669441 
173 253 11 15 0.06663639 
936 148 9 12 0.059028324 
146 76 15 20 0.058110766 
463 262 11 14 0.052711688 
377 238 9 10 0.050307162 
360 244 13 16 0.048607282 
154 790 209 293 0.046703264 
1007 28 10 13 0.04453699 
692 1190 27 32 0.04429748 
195 -2 26 25 0.043646615 
959 144 10 11 0.04248909 
527 234 11 14 0.04214182 
423 279 11 13 0.04160272 
167 258 10 14 0.039863296 
404 280 11 12 0.039471995 
824 333 43 57 0.039003603 
386 218 14 19 0.038948968 
99 117 13 17 0.03886864 
968 120 9 11 0.038188186 
451 206 17 20 0.03748624 
886 133 9 11 0.037029933 
985 261 11 14 0.03649447 
547 236 17 23 0.03603539 
860 88 10 13 0.035283033 
389 569 358 473 0.034950018 
391 248 9 11 0.034852598 
795 269 12 17 0.034632802 
482 190 22 30 0.03336499 
146 56 14 20 0.033120565 
415 261 10 12 0.033011563 
416 270 9 10 0.03292709 
422 246 11 13 0.032737546 
415 277 10 12 0.03240993 
918 134 8 10 0.031104106 
452 243 15 17 0.030235106 
847 102 8 10 0.029586306 
421 271 9 11 0.029572729 
847 96 8 10 0.028542124 
461 241 14 18 0.027696883 
872 102 8 11 0.027546145 
958 104 9 11 0.027503757 
998 4 10 12 0.02741064 
478 193 15 21 0.026731828 
188 183 10 13 0.026579598 
421 251 12 14 0.025085405 
113 246 8 11 0.025059227 
382 201 15 19 0.0250587 
429 252 9 12 0.024999961 
354 613 121 164 0.02488575 
444 250 11 13 0.023969637 
205 233 15 19 0.02375078 
863 101 9 11 0.023739804 
937 109 9 10 0.02372818 
439 308 11 14 0.023530925 
895 120 9 10 0.023476863 
430 190 12 17 0.023400664 
945 166 10 13 0.023368763 
896 137 7 9 0.023082612 
843 241 27 28 0.02291768 
952 119 8 10 0.022731273 
976 104 8 10 0.022476664 
838 121 13 16 0.022182489 
969 125 9 11 0.022157352 
142 255 10 12 0.02184457 
420 239 12 13 0.021739125 
950 160 9 12 0.021205239 
415 246 9 11 0.02114256 
174 96 10 14 0.021106986 
205 193 14 18 0.021046411 
141 59 21 34 0.020997366 
996 182 10 12 0.020915508 
428 278 9 13 0.020686807 
944 135 8 10 0.020396536 
175 101 12 16 0.020176461 
8 84 28 43 0.02001188 
