51_Dresses_wearingdress_51_327
244
460 146 135 184 0.9997769 
827 350 14 18 0.2798022 
809 1679 33 48 0.1925077 
15 96 29 42 0.18798542 
979 1647 17 21 0.15630826 
362 292 31 42 0.1514916 
1005 666 17 21 0.13955332 
837 1610 24 31 0.10343979 
92 1575 12 14 0.100126155 
189 1659 18 22 0.09472586 
876 1397 11 12 0.09138026 
300 1648 33 34 0.08680348 
619 135 15 18 0.08544829 
1011 732 12 20 0.08454541 
119 1580 10 13 0.08307322 
682 1550 71 79 0.08226886 
772 218 15 19 0.0785112 
854 1395 13 17 0.07590113 
1011 147 12 20 0.06818242 
600 -2 33 32 0.06781154 
278 8 46 51 0.06748854 
237 1638 13 17 0.06605256 
61 1644 12 16 0.06589754 
205 1649 14 16 0.06587499 
89 1579 11 14 0.06315346 
813 1437 16 18 0.06164908 
71 1584 7 10 0.06069351 
876 175 13 15 0.058955584 
398 1659 11 12 0.058511186 
1012 558 12 20 0.056645215 
797 360 17 21 0.055037074 
837 1409 17 21 0.054510932 
903 1390 10 13 0.053691205 
148 1596 10 14 0.053136688 
969 649 23 28 0.0530005 
160 33 27 36 0.051907927 
0 247 46 93 0.051538024 
870 1391 13 15 0.05032749 
130 1567 25 31 0.04955563 
846 1588 51 56 0.04952748 
85 1646 10 12 0.04868129 
130 1552 25 28 0.04838064 
156 1533 11 13 0.046303425 
17 889 32 34 0.045532987 
234 607 16 21 0.045266505 
825 238 9 12 0.04462367 
117 1569 14 18 0.043370068 
347 1629 26 30 0.043352623 
353 1644 15 18 0.043133836 
629 68 13 17 0.04276288 
112 1552 10 12 0.041699845 
1011 129 12 20 0.041613813 
115 1606 13 17 0.04083791 
211 1580 16 19 0.040742587 
765 1028 17 22 0.04073593 
142 119 15 20 0.040450267 
496 36 46 55 0.040197045 
245 425 16 21 0.03977576 
167 1589 25 27 0.039533745 
689 119 10 13 0.03916783 
741 287 11 14 0.0387007 
89 84 48 59 0.03847461 
112 1554 23 28 0.037552472 
78 1583 8 10 0.037295956 
951 203 13 16 0.036684107 
839 292 12 15 0.036644317 
815 313 11 15 0.036390893 
930 165 13 17 0.036276367 
711 212 14 17 0.036098078 
848 321 12 15 0.035760082 
946 723 26 32 0.035753258 
100 102 49 57 0.03540493 
893 169 25 37 0.035397295 
120 1587 10 12 0.035345364 
577 489 16 20 0.03514655 
482 1692 26 31 0.03503198 
75 1571 10 12 0.03493974 
868 164 41 57 0.034550197 
971 761 41 57 0.034448855 
722 1414 16 20 0.03441637 
998 1649 15 17 0.034157086 
654 106 12 15 0.03414166 
335 1622 13 15 0.03396421 
1011 701 13 20 0.033755723 
1007 1611 14 18 0.033207037 
75 101 47 59 0.033176344 
203 1625 12 15 0.032249168 
635 77 12 14 0.03211069 
257 1517 14 15 0.031356 
1 1542 10 14 0.03127319 
1006 219 14 18 0.031107599 
120 1561 26 29 0.031106995 
4 100 29 44 0.030978562 
205 1518 27 31 0.030788457 
761 335 18 21 0.030714577 
276 1568 12 16 0.03069488 
195 1618 16 20 0.030574951 
828 1390 14 19 0.030459767 
72 1589 8 11 0.030307911 
663 133 8 10 0.03024348 
28 105 379 440 0.030219177 
305 9 32 43 0.030162346 
607 105 11 15 0.029881656 
283 258 14 15 0.029818555 
704 103 10 12 0.029622076 
141 1594 13 17 0.029619012 
0 1590 6 12 0.029607382 
872 1342 9 10 0.029493492 
270 1549 23 31 0.029454848 
211 1557 15 17 0.029364409 
289 1382 27 38 0.029191932 
123 1578 27 36 0.028673945 
854 1380 14 15 0.028622283 
95 1567 9 11 0.028420268 
880 332 13 16 0.028316239 
899 316 16 19 0.02787655 
839 124 12 15 0.027524062 
612 102 11 15 0.027503349 
84 111 29 37 0.027434343 
887 759 44 57 0.027201409 
1013 458 9 14 0.0270305 
275 1560 14 18 0.027007636 
844 1410 24 28 0.026964711 
64 1582 8 10 0.026929617 
79 1590 9 12 0.026888961 
176 1601 16 20 0.026858885 
828 132 11 14 0.026629051 
235 1645 16 19 0.026600491 
788 144 26 31 0.026015224 
127 109 32 39 0.025955465 
885 1396 10 12 0.025907999 
137 1570 16 19 0.025843196 
699 219 14 17 0.025792124 
827 284 12 14 0.025756538 
48 59 40 55 0.025680518 
619 65 25 29 0.025655052 
397 1712 10 11 0.025604567 
761 220 23 28 0.025549527 
10 34 13 17 0.025540255 
103 1567 11 12 0.025514742 
271 243 10 12 0.025210068 
126 1588 11 14 0.025176486 
812 285 9 13 0.025137944 
141 1541 26 30 0.025023988 
726 36 12 14 0.024958503 
941 662 13 15 0.024952572 
185 1651 17 20 0.024854867 
135 1615 12 13 0.024845708 
85 1588 12 14 0.024692994 
13 100 43 64 0.024634754 
998 141 13 18 0.02449587 
97 1527 9 11 0.024400627 
879 171 24 33 0.024243608 
882 133 15 20 0.024213778 
813 236 10 14 0.024175059 
271 1508 13 15 0.024113776 
1011 1077 11 16 0.024016006 
56 1581 9 10 0.024000978 
192 1603 22 27 0.023968365 
908 1391 9 10 0.023824608 
797 334 10 12 0.023803674 
197 1436 29 31 0.02378515 
177 1450 18 20 0.023768278 
55 1605 11 14 0.02374091 
806 222 9 12 0.02368761 
47 106 45 62 0.02368183 
213 1277 32 40 0.023665495 
896 1408 10 11 0.02364882 
750 232 26 30 0.02361312 
166 1566 11 13 0.023612952 
77 1566 11 13 0.023599202 
697 1591 61 63 0.023595525 
266 1535 40 51 0.023388922 
593 30 26 30 0.023376588 
262 1543 10 12 0.023367893 
1014 1701 8 14 0.023344586 
833 347 15 18 0.023280408 
997 1701 14 19 0.023160027 
347 2 49 51 0.023094568 
696 103 9 11 0.023090813 
206 1584 14 16 0.02308764 
253 1542 9 10 0.023053186 
267 1569 14 17 0.0229745 
295 1556 11 15 0.022909889 
791 341 13 16 0.02287228 
894 705 11 14 0.022871466 
984 1655 15 18 0.02282078 
116 1550 12 13 0.022793962 
235 1590 15 18 0.022774952 
999 1670 11 13 0.02276691 
28 93 41 54 0.022719596 
293 1544 28 37 0.022692194 
105 9 46 52 0.022671409 
936 672 19 21 0.022663374 
248 1541 10 12 0.022549398 
818 1369 16 18 0.022507539 
859 1389 14 16 0.022473881 
844 1404 15 19 0.022458006 
703 109 11 12 0.022360805 
64 71 29 34 0.022296038 
191 1513 45 49 0.02228036 
810 351 20 27 0.022037208 
846 1389 22 27 0.02194333 
638 475 49 66 0.021881672 
896 1390 12 14 0.021822134 
611 122 23 30 0.02173127 
204 1428 13 15 0.021592485 
1 1615 9 13 0.021550993 
290 283 28 34 0.021500105 
731 195 12 15 0.021498585 
806 323 11 14 0.021305433 
902 247 11 14 0.021218497 
391 1658 13 15 0.021166213 
111 1543 10 11 0.021107677 
188 1427 30 35 0.021102367 
204 1447 17 20 0.021101769 
135 1593 13 16 0.021073684 
860 1420 11 14 0.021061163 
674 -32 217 223 0.021057526 
145 44 42 50 0.021052048 
64 118 52 66 0.021032486 
111 1561 13 17 0.020978516 
102 1588 9 11 0.020933853 
185 174 99 140 0.020829562 
148 1545 16 19 0.02081164 
85 1636 11 13 0.020794546 
100 1572 12 15 0.020758325 
644 143 9 11 0.020690823 
621 158 457 497 0.020664776 
294 239 96 109 0.020584848 
798 253 11 14 0.02054126 
54 1590 10 10 0.020535093 
113 1582 9 12 0.020472523 
89 1608 8 10 0.020460516 
348 1616 26 29 0.020426875 
291 1688 26 31 0.020413077 
647 103 12 14 0.02029721 
159 1563 11 13 0.020215455 
637 99 12 15 0.020178836 
860 1414 11 13 0.020159457 
257 22 29 32 0.020090394 
950 1626 11 13 0.020056713 
204 1566 24 28 0.020006984 
44 427 14 17 0.020002859 
