51_Dresses_wearingdress_51_388
35
601 323 173 223 0.99879694 
361 137 81 71 0.5936255 
123 224 27 39 0.12027332 
8 599 47 61 0.09536953 
22 84 417 551 0.0918085 
27 135 17 20 0.07613426 
168 503 109 164 0.06887716 
89 217 31 41 0.06354051 
-1 442 23 34 0.05747198 
600 98 325 439 0.056688037 
102 214 38 48 0.042764086 
0 117 11 17 0.038297106 
22 424 29 38 0.037700262 
195 317 109 132 0.035734054 
347 107 57 65 0.032952607 
752 143 226 312 0.029186396 
494 365 16 17 0.029117558 
143 280 14 21 0.029068315 
127 192 16 19 0.027640907 
1 169 17 23 0.026753254 
124 464 183 247 0.02640927 
244 37 124 114 0.026090076 
368 76 88 122 0.025167251 
102 150 13 15 0.025156165 
359 168 44 45 0.025017874 
319 141 131 108 0.024418598 
29 177 23 28 0.024163187 
0 450 13 21 0.023126071 
346 47 154 214 0.022296757 
184 450 17 21 0.021890884 
21 142 16 19 0.021625562 
330 87 61 67 0.02073329 
380 151 41 51 0.020571943 
379 182 205 224 0.020564219 
220 225 28 40 0.020106116 
