51_Dresses_wearingdress_51_737
21
471 171 83 106 0.9911192 
761 388 60 68 0.9770239 
510 1125 142 178 0.6172577 
104 659 230 297 0.35483968 
587 365 60 105 0.3166975 
746 381 51 65 0.23787022 
107 790 211 271 0.20042346 
440 1045 194 283 0.17161638 
360 867 366 498 0.10501849 
332 760 60 91 0.053524874 
19 411 24 31 0.04054252 
839 384 42 56 0.0319389 
846 760 112 107 0.031530637 
508 1011 223 309 0.028808163 
357 483 22 29 0.028675886 
270 784 26 30 0.028626166 
-34 474 421 496 0.024394833 
325 565 22 32 0.024253845 
52 997 16 20 0.023427576 
773 439 54 80 0.023093631 
685 520 58 75 0.02196397 
