51_Dresses_wearingdress_51_106
20
515 125 102 131 0.99973565 
518 1144 15 19 0.08115839 
757 53 35 42 0.052177414 
767 299 46 56 0.051355753 
459 848 15 17 0.04286355 
492 274 366 477 0.035980653 
963 427 15 21 0.035390053 
152 16 25 28 0.03240851 
319 157 27 34 0.031135777 
308 162 29 35 0.025194671 
971 427 14 19 0.023661003 
312 1187 22 29 0.023569185 
956 424 17 22 0.022919258 
109 61 33 38 0.022512814 
605 1128 14 18 0.022140497 
633 1376 19 25 0.022138983 
82 38 26 31 0.021869376 
105 153 54 64 0.02152869 
682 86 416 534 0.021295274 
296 1257 27 30 0.020322533 
