51_Dresses_wearingdress_51_140
54
448 81 102 136 0.99986434 
177 301 48 63 0.971686 
133 351 42 66 0.95139277 
253 316 39 48 0.8052098 
618 151 21 28 0.7625361 
980 280 33 41 0.4515028 
926 276 23 29 0.40325096 
932 344 36 40 0.3879689 
1000 449 22 38 0.1981999 
705 141 21 26 0.1416651 
885 367 26 33 0.12857549 
18 644 50 64 0.10714933 
1 426 26 43 0.097529165 
949 249 21 29 0.08808406 
3 1083 96 103 0.08739549 
169 593 57 67 0.08306022 
64 647 59 75 0.081689835 
944 359 30 36 0.06364605 
949 458 78 112 0.06288823 
927 249 15 18 0.05752403 
184 504 30 36 0.054938726 
27 475 24 32 0.054882407 
984 262 33 45 0.051055703 
353 261 29 32 0.043943528 
51 637 51 70 0.042747326 
785 482 57 74 0.042714227 
930 352 20 25 0.03972486 
999 233 24 31 0.03608615 
607 140 35 49 0.035486273 
947 541 53 86 0.034948435 
612 959 449 500 0.034713425 
56 1096 26 32 0.03422587 
943 520 45 68 0.033854805 
-2 622 81 106 0.033649188 
957 252 30 39 0.030943759 
929 267 17 23 0.029756691 
765 491 100 140 0.029402262 
67 635 31 40 0.028949521 
877 768 131 174 0.027245775 
268 310 31 39 0.027211864 
968 259 34 45 0.026904114 
704 154 25 31 0.026891759 
291 410 28 31 0.026131442 
941 470 51 63 0.025881415 
324 286 26 34 0.023673683 
-33 852 388 482 0.023442961 
961 687 45 56 0.023309618 
917 396 48 57 0.022451475 
923 254 24 31 0.02241846 
602 1227 13 17 0.021860607 
984 495 16 23 0.02181443 
264 514 37 48 0.021521531 
948 478 33 37 0.021419298 
44 1105 34 35 0.020194832 
