51_Dresses_wearingdress_51_77
36
410 239 22 28 0.9524968 
801 53 191 246 0.36740354 
148 297 16 19 0.162535 
523 314 171 246 0.13156366 
797 103 109 129 0.0811591 
743 147 26 42 0.07818467 
777 145 51 51 0.056638256 
876 98 143 157 0.05168682 
164 334 12 16 0.05096624 
565 298 119 138 0.04418315 
557 112 9 11 0.040530056 
141 302 18 19 0.034693036 
201 294 10 12 0.034635324 
271 133 388 463 0.033856962 
-18 -15 409 496 0.032904368 
44 49 214 299 0.030210124 
501 85 8 11 0.028558642 
813 156 12 16 0.027812418 
411 134 14 16 0.027637236 
804 143 28 38 0.026766809 
802 135 56 65 0.025140611 
427 203 343 454 0.025131147 
50 199 35 42 0.025110878 
372 107 16 19 0.024697978 
542 93 8 11 0.024118135 
557 393 116 136 0.023830019 
136 325 27 32 0.023530254 
779 163 32 44 0.023218073 
731 598 57 66 0.022247486 
781 126 30 33 0.02190098 
140 292 19 22 0.021654949 
413 271 17 18 0.021556772 
482 175 16 20 0.021484496 
120 279 102 129 0.021413784 
406 235 17 26 0.020933358 
139 306 26 30 0.020087324 
