51_Dresses_wearingdress_51_830
39
933 36 29 39 0.9989594 
563 25 63 86 0.9974656 
257 10 105 67 0.8780253 
998 19 21 34 0.87791127 
819 16 59 66 0.36340487 
838 28 58 73 0.2371018 
856 54 48 68 0.072416 
855 18 33 36 0.070120655 
523 248 48 59 0.06896806 
377 609 30 37 0.05016699 
796 24 33 43 0.047089335 
482 120 41 53 0.042571902 
278 605 22 30 0.04225086 
196 668 14 17 0.03948283 
899 58 28 36 0.035921913 
79 207 133 142 0.035865482 
198 631 25 32 0.03578937 
96 429 368 477 0.034582987 
872 76 46 57 0.03366829 
875 44 43 63 0.032135762 
511 168 12 17 0.029069962 
538 169 44 49 0.028793974 
764 307 14 18 0.02860671 
917 26 25 31 0.028579881 
198 641 15 19 0.02758641 
103 121 206 272 0.02742382 
268 591 39 49 0.026984554 
790 345 18 21 0.025814516 
900 102 13 16 0.024768611 
872 24 19 23 0.02369268 
822 14 35 39 0.023319544 
565 237 47 58 0.023230204 
777 13 190 214 0.022680301 
892 99 27 32 0.022361707 
900 528 26 33 0.021620426 
516 169 12 15 0.02104221 
253 194 143 189 0.02069937 
546 155 37 41 0.020316033 
371 613 18 21 0.02018284 
