51_Dresses_wearingdress_51_1035
53
173 233 115 130 0.9998741 
410 46 82 112 0.99879956 
853 179 89 101 0.9968328 
581 278 86 99 0.9960913 
736 28 18 23 0.9436508 
666 30 19 22 0.8335901 
288 52 16 21 0.6400099 
332 48 18 20 0.5008901 
514 0 27 24 0.3440202 
604 38 13 21 0.28930408 
266 99 15 21 0.1986759 
610 35 16 21 0.16595453 
677 0 18 19 0.16449204 
706 15 18 23 0.12070955 
646 34 14 20 0.08124502 
1007 59 13 17 0.07396288 
687 51 15 19 0.05895946 
325 46 16 20 0.046672713 
256 103 12 16 0.043821655 
253 191 59 79 0.043065317 
953 92 11 14 0.03990615 
653 56 16 19 0.039888505 
998 59 12 16 0.039796516 
607 41 21 29 0.038684044 
653 30 20 26 0.037987243 
690 0 17 13 0.035956882 
337 22 14 15 0.032677315 
984 237 36 57 0.032238808 
638 34 14 19 0.028347798 
964 87 22 30 0.028201666 
629 65 17 22 0.028094547 
981 7 12 14 0.02775846 
492 105 15 24 0.027574014 
597 44 16 22 0.027171656 
660 36 18 22 0.027147716 
129 436 185 232 0.026724745 
971 99 13 16 0.026509302 
657 50 16 21 0.026257142 
998 53 20 28 0.026112378 
288 114 12 15 0.025459243 
591 43 15 19 0.024807053 
469 26 61 86 0.024619013 
991 56 11 14 0.023562022 
330 118 13 16 0.023011798 
605 30 15 19 0.022925735 
564 596 43 52 0.022837203 
433 22 81 110 0.022707088 
527 0 19 16 0.02156183 
702 21 24 32 0.021086616 
261 108 16 20 0.021077098 
619 39 15 22 0.021044075 
319 49 15 20 0.020765688 
690 45 15 18 0.020113098 
