51_Dresses_wearingdress_51_377
44
284 348 401 528 0.99990475 
786 646 167 235 0.9980708 
203 812 107 198 0.9961165 
277 778 183 255 0.9711463 
551 4 26 27 0.343989 
-20 623 118 245 0.25525063 
-1 907 28 56 0.13244772 
8 570 106 197 0.11124536 
222 586 337 417 0.091428004 
148 504 83 128 0.08403963 
360 0 27 26 0.07465941 
92 906 33 37 0.06330915 
470 136 379 424 0.060383186 
280 1 32 29 0.05585346 
398 13 13 17 0.053637724 
566 177 213 278 0.052458778 
281 109 426 539 0.046022948 
503 4 13 15 0.045004115 
51 897 51 59 0.042252142 
981 1 31 24 0.040914632 
173 295 356 499 0.038602594 
344 0 30 29 0.03832739 
404 19 42 53 0.03804009 
541 -2 25 26 0.037522797 
546 16 30 33 0.03525151 
483 43 15 21 0.034103204 
498 -30 166 254 0.033072498 
40 537 141 242 0.030682353 
542 6 48 52 0.029819893 
74 894 50 61 0.029355163 
540 25 14 19 0.029255614 
109 521 104 160 0.028926682 
374 1 19 21 0.02827912 
162 687 25 34 0.02666337 
62 438 16 20 0.02650462 
464 2 17 21 0.025407288 
0 771 49 111 0.023192473 
983 54 28 31 0.02317084 
-69 -72 362 483 0.022915844 
500 2 24 27 0.022069283 
516 28 26 32 0.021697717 
527 25 25 34 0.021531923 
510 9 25 30 0.020357717 
451 2 27 29 0.020145254 
