51_Dresses_wearingdress_51_492
20
357 164 254 327 0.9998542 
270 154 137 199 0.98541623 
745 375 74 90 0.9185895 
287 138 207 305 0.81978315 
0 426 38 89 0.44009972 
314 671 514 560 0.1825682 
547 584 448 574 0.10834704 
389 397 410 533 0.07578575 
551 611 216 304 0.07500773 
344 1040 527 455 0.051851094 
775 383 65 72 0.047390632 
262 847 406 498 0.046317037 
864 1049 129 112 0.04310669 
231 281 369 499 0.040475726 
61 859 183 226 0.036129232 
594 256 474 556 0.032945156 
948 366 76 158 0.028642295 
232 434 207 289 0.025297746 
0 421 23 50 0.023004988 
60 499 90 151 0.020982144 
