51_Dresses_wearingdress_51_414
21
192 88 94 118 0.99979085 
333 117 65 83 0.9991273 
420 54 60 79 0.99863833 
695 86 82 109 0.9980381 
80 109 59 86 0.997617 
0 130 74 101 0.99690944 
12 59 67 82 0.99676883 
379 43 44 65 0.99177104 
492 5 144 251 0.98601204 
135 0 55 38 0.83464575 
397 46 54 74 0.25458723 
249 0 51 42 0.101549804 
43 82 71 95 0.08280107 
725 1045 32 28 0.0683402 
309 104 49 68 0.04546728 
582 272 46 56 0.03266486 
203 525 17 18 0.029101329 
505 413 42 59 0.027240418 
3 87 77 105 0.026458418 
121 336 423 532 0.024908854 
34 258 381 467 0.024269458 
