51_Dresses_wearingdress_51_306
33
424 151 96 135 0.9998884 
374 22 57 73 0.15079874 
586 738 459 602 0.0898034 
595 39 404 514 0.08123537 
81 340 26 30 0.075916566 
184 333 12 14 0.07344078 
156 346 23 27 0.06576094 
86 273 15 19 0.052518975 
82 253 14 20 0.04800156 
1008 71 9 12 0.043273058 
212 353 13 16 0.041669156 
413 43 13 16 0.038851954 
334 591 326 448 0.035961743 
1001 613 10 15 0.035433922 
83 323 27 31 0.033545732 
-2 760 102 161 0.033454087 
449 1071 43 56 0.033118933 
149 370 24 28 0.032886572 
188 338 11 15 0.03214687 
83 265 16 20 0.031152645 
59 227 13 18 0.031132387 
383 12 43 47 0.02487533 
75 340 18 20 0.024026882 
124 344 14 16 0.023554638 
347 188 15 22 0.022040147 
487 615 359 487 0.021624874 
1 1246 11 15 0.021192301 
278 307 11 15 0.02092212 
90 279 14 18 0.020761026 
990 24 13 17 0.020559393 
56 265 12 16 0.020556994 
395 28 35 40 0.020401467 
141 775 11 12 0.020320859 
