51_Dresses_wearingdress_51_7
22
294 16 64 87 0.9993117 
490 86 29 35 0.99747014 
777 10 70 98 0.99555236 
953 120 37 51 0.9777297 
377 91 30 41 0.9166402 
168 84 17 22 0.89228797 
55 62 22 30 0.8788461 
8 57 20 30 0.8783568 
529 58 31 48 0.8124819 
118 71 16 22 0.42427203 
111 107 16 19 0.2003732 
198 80 16 21 0.16067407 
241 40 39 57 0.13207363 
536 56 19 26 0.04840706 
175 87 16 20 0.04531136 
387 103 31 38 0.036302533 
16 65 19 25 0.03319028 
901 132 16 19 0.030000104 
163 56 14 18 0.02738652 
222 128 48 60 0.024780503 
982 134 24 34 0.022589695 
203 136 53 64 0.021901075 
