61_Street_Battle_streetfight_61_432
158
645 320 26 34 0.99928516 
178 149 28 37 0.99725336 
637 518 33 43 0.99669397 
148 234 37 46 0.99610376 
101 152 29 39 0.99598444 
806 416 30 41 0.9953034 
846 324 23 29 0.9941439 
740 322 26 36 0.990638 
621 271 23 29 0.98868716 
761 248 15 19 0.987811 
966 374 28 33 0.9840307 
500 297 27 34 0.98348504 
586 218 17 23 0.97904164 
794 287 18 25 0.97684336 
899 283 16 20 0.97245187 
142 299 34 45 0.9647576 
845 273 18 22 0.9639469 
855 401 24 30 0.95536256 
652 201 14 20 0.9544798 
824 268 12 15 0.9512071 
632 216 17 22 0.9490931 
708 396 35 45 0.94770813 
263 174 18 23 0.93580055 
524 209 18 24 0.89744437 
796 263 13 18 0.89436126 
887 324 22 26 0.8882292 
833 287 17 22 0.8854602 
548 237 24 32 0.8748459 
414 530 30 40 0.80875087 
499 506 34 38 0.7625784 
212 209 29 43 0.72598743 
262 210 29 34 0.62884426 
187 109 12 15 0.56072044 
319 150 23 32 0.5476763 
934 271 9 12 0.5078914 
403 162 37 51 0.4780766 
507 185 17 23 0.41741452 
225 106 16 21 0.4158516 
615 244 12 16 0.389477 
221 202 29 38 0.38422024 
715 349 20 28 0.3721637 
424 164 27 51 0.27143046 
952 372 25 32 0.25985804 
960 617 41 64 0.25090954 
921 384 22 32 0.21696416 
833 347 15 21 0.20486194 
875 297 15 22 0.19856596 
229 196 26 31 0.17755729 
367 169 32 41 0.17089431 
224 313 31 33 0.16276015 
205 194 25 37 0.15915737 
156 124 23 28 0.1550612 
442 180 26 40 0.15357174 
793 358 24 31 0.15280914 
205 191 17 25 0.14194557 
324 167 23 34 0.14061539 
121 121 17 19 0.12962948 
382 167 45 56 0.12176192 
458 178 15 19 0.12081979 
837 372 16 21 0.10832868 
320 117 11 16 0.10830709 
763 356 21 25 0.104536355 
451 176 24 34 0.09906262 
157 170 15 19 0.09693299 
320 149 14 20 0.093828924 
596 299 12 17 0.092884496 
468 170 11 15 0.084442124 
940 295 15 18 0.08025086 
941 374 22 30 0.07861169 
238 204 28 35 0.07370168 
946 333 19 22 0.07215727 
830 302 14 19 0.067542695 
281 193 15 19 0.06748908 
298 212 23 27 0.0674337 
981 380 23 31 0.06422513 
942 330 16 18 0.06330249 
217 300 31 36 0.06254935 
510 175 12 17 0.061579134 
248 220 13 16 0.061458908 
275 213 26 34 0.06089771 
929 393 14 19 0.05979705 
250 208 28 33 0.05926277 
630 241 14 17 0.0589958 
372 176 17 22 0.05789932 
213 188 24 32 0.05254573 
543 248 25 36 0.052091558 
789 388 23 30 0.051550657 
214 323 47 53 0.0512998 
930 276 11 16 0.049825326 
733 234 12 16 0.04911572 
218 226 18 25 0.04838332 
513 180 14 19 0.04712867 
452 196 15 22 0.046537604 
948 326 16 18 0.044933237 
837 317 23 31 0.04474303 
307 205 15 18 0.044595644 
801 267 13 16 0.0445076 
926 282 13 17 0.044373296 
911 389 25 34 0.044020627 
983 316 14 18 0.043901697 
281 248 16 19 0.040376503 
825 308 20 28 0.037908822 
907 278 12 16 0.03743952 
643 248 14 19 0.036774687 
131 123 13 17 0.03410958 
187 226 24 35 0.034088127 
277 187 15 19 0.033591054 
132 116 10 13 0.033411104 
980 342 15 19 0.033347264 
823 286 19 27 0.032157227 
466 177 13 19 0.031956438 
182 107 20 24 0.031679723 
463 166 13 15 0.03147171 
822 305 15 20 0.031227585 
954 331 13 17 0.031041715 
349 115 10 14 0.031012347 
813 289 15 20 0.03096925 
218 211 17 24 0.030891983 
625 307 11 15 0.03035833 
339 175 14 20 0.02924525 
832 359 22 29 0.027225666 
278 200 14 19 0.027188683 
283 218 15 21 0.027134381 
417 521 44 61 0.026941985 
617 246 17 21 0.026838467 
918 291 12 15 0.02604457 
965 275 12 16 0.025966158 
197 210 24 36 0.025791872 
325 187 16 22 0.025759581 
371 161 13 19 0.025016146 
913 308 23 28 0.024875352 
437 637 12 16 0.024622925 
458 163 21 30 0.024584608 
313 148 38 50 0.02433155 
166 195 16 21 0.024180532 
162 157 24 31 0.024018798 
411 661 15 16 0.023655726 
82 290 18 20 0.023644758 
736 267 12 17 0.02317199 
336 170 26 34 0.02284074 
149 168 25 32 0.022830214 
852 305 14 17 0.02273537 
270 294 41 51 0.022064261 
495 182 25 33 0.021943169 
741 263 11 15 0.021942902 
211 287 32 38 0.021913366 
468 184 13 20 0.021731932 
727 232 14 20 0.021690698 
615 255 25 31 0.021249445 
391 154 34 43 0.021060914 
219 174 18 21 0.020907074 
141 126 11 15 0.020735169 
317 111 18 26 0.020655889 
676 619 21 34 0.020647986 
924 379 16 23 0.020390926 
285 218 27 33 0.020350887 
329 160 17 25 0.02034402 
213 162 15 21 0.02010028 
