61_Street_Battle_streetfight_61_665
19
411 148 34 42 0.99946004 
271 152 34 43 0.9988011 
517 165 36 47 0.99814606 
632 172 37 48 0.99812156 
357 160 34 43 0.9980862 
690 140 47 59 0.9976852 
197 160 41 50 0.9950394 
149 213 13 19 0.09004414 
130 238 15 18 0.049662877 
814 125 30 37 0.0327129 
142 218 14 18 0.029738152 
140 225 13 16 0.02792748 
29 374 11 13 0.027377753 
468 552 35 33 0.02574935 
717 448 170 270 0.0236085 
109 260 11 13 0.021688476 
30 290 12 15 0.021412598 
119 262 9 12 0.021237979 
15 342 9 11 0.020811174 
