61_Street_Battle_streetfight_61_50
41
453 155 40 51 0.9041919 
509 145 39 58 0.2906738 
195 57 34 42 0.2003896 
864 165 107 142 0.19664405 
713 380 106 135 0.15078637 
100 62 34 37 0.15009531 
406 139 41 57 0.11765428 
893 146 73 97 0.09756237 
418 91 43 61 0.07020959 
823 161 57 91 0.0682518 
924 470 60 61 0.061263416 
219 214 28 34 0.05923145 
831 150 90 130 0.05748993 
84 84 24 33 0.043201312 
262 126 27 34 0.041278895 
194 20 34 39 0.040837813 
405 105 44 66 0.040228777 
306 56 15 20 0.04013869 
245 89 22 25 0.039921567 
533 130 41 55 0.03867235 
95 77 48 55 0.037898906 
294 52 23 29 0.037741534 
524 125 13 15 0.03451188 
852 173 184 237 0.033422798 
188 24 48 59 0.03255296 
958 415 53 63 0.03127461 
374 114 47 73 0.030335667 
436 101 26 37 0.02931175 
79 84 13 18 0.029161345 
445 297 32 36 0.026933646 
23 194 47 57 0.025833696 
273 46 26 33 0.024885232 
158 24 85 111 0.024669709 
397 70 21 28 0.024446314 
417 122 17 18 0.02403604 
941 405 53 58 0.023949038 
86 0 198 247 0.023514988 
172 93 14 17 0.022620004 
181 116 16 19 0.02189891 
90 88 35 35 0.02175946 
720 309 108 113 0.020037683 
