61_Street_Battle_streetfight_61_640
20
694 112 129 175 0.99653363 
663 673 26 31 0.87036955 
625 244 107 119 0.094113775 
406 53 168 266 0.08972405 
679 678 17 22 0.07903452 
643 138 143 187 0.072699234 
612 115 80 125 0.046687987 
633 699 13 16 0.04177426 
696 267 32 34 0.041188136 
601 677 16 19 0.037376057 
283 557 110 142 0.03184621 
668 667 38 44 0.03040845 
302 760 29 38 0.029805673 
540 121 47 63 0.029653298 
457 133 101 126 0.027823683 
546 89 194 243 0.027682494 
614 382 122 138 0.021168439 
308 396 398 467 0.02055627 
369 186 392 491 0.020511322 
685 670 23 31 0.020508047 
