61_Street_Battle_streetfight_61_22
38
175 34 121 182 0.9996965 
871 451 94 107 0.3978951 
950 202 10 12 0.16208266 
846 207 14 17 0.124679424 
746 154 18 24 0.09101442 
436 364 120 100 0.08834227 
349 23 186 242 0.08105702 
921 410 86 139 0.052120555 
977 200 9 10 0.0509033 
783 211 14 17 0.0495783 
946 204 10 12 0.04451614 
792 385 110 120 0.041853614 
896 202 13 18 0.041674715 
676 428 139 119 0.03992775 
842 141 16 21 0.036705893 
899 206 16 19 0.035615083 
485 0 62 68 0.03388604 
784 217 16 19 0.03302547 
756 431 115 113 0.031550404 
1008 97 13 17 0.031191234 
804 437 111 115 0.028337026 
793 55 17 24 0.02716058 
862 203 12 16 0.02692111 
308 558 57 59 0.026172325 
778 201 23 31 0.024889572 
693 464 70 63 0.02463473 
797 147 20 27 0.024556931 
707 156 15 20 0.02368225 
968 198 10 10 0.023495713 
642 461 38 48 0.023296783 
360 276 203 179 0.02305662 
952 132 10 13 0.022750733 
998 177 9 11 0.022638367 
385 363 66 64 0.021898204 
443 339 79 78 0.021006223 
919 238 13 16 0.020799935 
227 20 155 216 0.020769607 
965 90 10 13 0.02031329 
