61_Street_Battle_streetfight_61_558
18
148 359 206 265 0.999826 
702 535 35 44 0.9896729 
173 266 56 62 0.21991388 
248 148 25 29 0.1465737 
513 621 99 118 0.09588473 
617 807 21 21 0.04984244 
754 462 102 122 0.046353307 
531 457 185 272 0.043360896 
218 178 52 60 0.040237345 
696 682 192 269 0.036058478 
605 800 31 36 0.030215325 
64 504 426 473 0.029398683 
302 218 335 487 0.027865188 
744 562 46 53 0.025827337 
682 639 32 39 0.023725837 
172 254 40 47 0.02115874 
176 227 59 63 0.020397332 
110 107 371 471 0.020330327 
