61_Street_Battle_streetfight_61_212
20
45 449 45 58 0.9907831 
362 189 88 181 0.97604555 
82 237 118 120 0.86246103 
691 17 93 144 0.3057097 
139 406 35 46 0.26979122 
62 218 184 205 0.11351417 
105 180 396 512 0.07708623 
630 26 104 143 0.07225182 
728 35 69 103 0.060214404 
605 253 71 62 0.05436152 
52 396 29 36 0.045464505 
396 205 122 169 0.038307592 
778 51 98 134 0.034258924 
579 756 51 54 0.031696737 
48 418 47 64 0.027904648 
292 158 176 232 0.025463793 
56 395 45 56 0.024629591 
839 66 54 95 0.023459535 
613 772 44 37 0.02209419 
191 410 14 16 0.022003392 
