61_Street_Battle_streetfight_61_158
45
611 174 85 109 0.99765956 
749 166 27 30 0.99245703 
875 192 31 54 0.9919674 
315 273 23 30 0.75743765 
345 356 49 60 0.37130293 
518 175 14 21 0.23419319 
309 286 24 31 0.17861715 
-17 504 237 259 0.123093195 
374 294 38 45 0.06952018 
858 169 13 17 0.05799921 
312 280 17 20 0.054368127 
1004 163 21 30 0.04945819 
1005 658 19 31 0.04938018 
357 382 35 42 0.04844766 
967 162 31 39 0.0456823 
496 201 29 36 0.041912116 
407 260 398 429 0.040569235 
216 138 9 11 0.039255623 
222 149 12 18 0.03911384 
950 164 28 40 0.036947247 
0 658 41 67 0.036511768 
521 171 24 29 0.035888232 
823 219 31 40 0.03561071 
981 162 15 19 0.033593144 
369 542 26 34 0.033308793 
549 157 40 48 0.03217768 
514 177 12 18 0.029381858 
947 169 16 23 0.028501881 
494 194 15 19 0.027281616 
407 216 15 20 0.027082738 
838 146 14 19 0.026894929 
316 269 36 53 0.02635278 
-39 434 361 427 0.026214432 
500 189 26 32 0.024114972 
567 106 27 35 0.023815177 
332 272 29 45 0.023687398 
992 157 26 35 0.023372954 
814 178 14 16 0.023221 
597 350 230 267 0.022569248 
742 156 42 52 0.02196504 
955 167 39 53 0.021956047 
394 285 54 70 0.02184951 
801 171 14 17 0.021808479 
208 141 10 12 0.020745201 
497 200 18 23 0.020618077 
