61_Street_Battle_streetfight_61_276
30
50 76 25 30 0.9993387 
196 59 29 38 0.99932766 
522 36 27 33 0.99925715 
312 21 28 37 0.99906987 
778 42 27 35 0.9988257 
635 38 26 33 0.9987645 
63 123 29 36 0.99836105 
810 21 24 30 0.9972785 
8 52 24 30 0.9971072 
344 62 25 29 0.993425 
938 29 27 31 0.99253124 
175 44 22 30 0.99135405 
255 48 24 32 0.9911451 
581 35 26 30 0.99092394 
438 53 27 28 0.990245 
151 60 26 31 0.9890794 
390 37 26 32 0.9882671 
670 40 23 29 0.9850932 
126 47 21 26 0.96832824 
487 48 20 26 0.83884686 
466 43 20 24 0.7763943 
962 34 19 23 0.40784502 
718 115 13 16 0.117499284 
283 175 15 19 0.073125154 
452 49 25 29 0.051309105 
163 55 25 33 0.040127434 
548 49 16 22 0.030164167 
709 106 24 27 0.0278317 
262 211 15 19 0.025918385 
461 64 16 21 0.021749381 
