61_Street_Battle_streetfight_61_936
27
832 382 36 42 0.99193794 
129 265 34 44 0.98311317 
497 217 35 52 0.9519587 
671 326 32 37 0.8040336 
705 328 35 33 0.5710778 
970 260 37 45 0.3622863 
846 278 30 31 0.17400171 
956 313 65 92 0.15133503 
195 262 27 36 0.13231356 
484 265 24 29 0.05845998 
361 334 27 30 0.052983876 
380 529 27 33 0.04188851 
546 208 23 35 0.040698603 
148 272 31 36 0.037567347 
346 308 39 46 0.03206964 
675 312 51 55 0.030538851 
868 390 22 30 0.029616922 
52 257 14 17 0.02610863 
1006 206 16 20 0.024750877 
987 236 17 19 0.02415819 
355 344 20 22 0.02402399 
958 209 15 17 0.023628384 
995 265 29 37 0.023429628 
120 267 28 37 0.022995656 
867 215 99 116 0.022057766 
672 88 126 194 0.020675847 
964 273 55 78 0.020612478 
