61_Street_Battle_streetfight_61_913
92
231 314 29 35 0.98567396 
894 130 113 119 0.9519584 
109 306 42 52 0.5220499 
987 114 26 32 0.44889086 
142 462 10 12 0.31344202 
128 314 38 44 0.27052546 
143 202 15 19 0.2509653 
198 202 22 28 0.17250331 
316 164 15 20 0.11578022 
836 228 54 65 0.113825426 
131 99 30 37 0.09035165 
132 215 12 15 0.0876292 
271 464 8 10 0.07482829 
180 105 12 14 0.07364154 
191 126 11 17 0.072830506 
198 197 12 15 0.071364015 
119 39 26 30 0.070014305 
847 239 32 43 0.06708713 
824 217 87 103 0.065636136 
229 206 11 13 0.065488026 
146 209 16 19 0.06545474 
406 485 12 14 0.06149044 
205 148 12 15 0.0600265 
239 205 12 15 0.0592373 
176 203 14 17 0.056833837 
190 198 21 28 0.05672645 
800 159 41 52 0.04777419 
267 268 14 17 0.043502398 
171 129 12 16 0.042178564 
728 437 18 19 0.04183027 
240 306 25 32 0.041613348 
192 197 11 14 0.038621124 
707 172 17 20 0.038271412 
500 388 22 25 0.036953263 
453 350 14 19 0.036496583 
301 449 11 14 0.035987202 
872 165 110 128 0.035537932 
513 389 13 17 0.03455268 
973 142 16 21 0.033729576 
996 120 25 40 0.03323955 
109 238 14 18 0.03301904 
389 293 15 19 0.032974727 
648 197 30 36 0.03276575 
875 228 56 66 0.031730663 
401 486 11 14 0.031549767 
999 121 17 22 0.031437982 
119 63 30 34 0.031328596 
123 107 28 36 0.03002367 
143 478 8 10 0.029230313 
133 209 21 26 0.028439188 
832 141 40 57 0.027847715 
168 106 12 15 0.027534172 
301 67 13 18 0.027414454 
634 66 158 218 0.02729986 
244 299 16 20 0.027009195 
416 538 12 15 0.02660722 
939 396 13 17 0.026299104 
497 377 23 26 0.026174178 
280 345 15 21 0.025988234 
238 198 11 14 0.025772326 
263 206 10 11 0.025487328 
160 191 11 13 0.024964746 
103 495 10 12 0.024668904 
186 121 20 28 0.02439709 
110 230 11 14 0.024240984 
804 160 26 29 0.023959052 
167 219 13 16 0.023950607 
817 154 41 54 0.023796918 
135 94 49 58 0.023176698 
266 464 9 10 0.022209883 
99 321 32 45 0.022012422 
173 91 12 14 0.021980317 
190 116 13 17 0.021581274 
226 203 22 26 0.021470526 
388 489 10 11 0.021462264 
362 154 20 26 0.021255892 
973 129 25 33 0.021252157 
817 161 17 23 0.021092013 
916 483 36 38 0.02108204 
218 317 31 38 0.02092648 
225 478 8 10 0.020917667 
885 141 77 80 0.020914316 
676 135 14 18 0.020723978 
249 121 10 15 0.02064409 
244 210 10 14 0.020611223 
190 66 11 13 0.020608943 
230 477 9 10 0.02057953 
170 100 21 25 0.020515205 
964 588 27 31 0.020503145 
723 527 133 136 0.020392723 
381 441 12 15 0.020370705 
287 278 9 12 0.020084707 
