61_Street_Battle_streetfight_61_430
186
139 450 17 21 0.99573696 
570 471 24 34 0.9944839 
916 581 23 29 0.9823659 
795 458 15 18 0.97674495 
234 462 18 24 0.9727255 
863 486 19 22 0.96492517 
952 434 20 25 0.96233845 
839 459 19 22 0.9563172 
289 452 18 23 0.94936115 
453 451 19 22 0.922713 
905 431 17 22 0.9167461 
198 461 17 20 0.9068564 
91 463 16 20 0.88865054 
622 463 22 27 0.8863133 
271 459 13 16 0.8738708 
691 452 16 22 0.87144065 
914 429 22 27 0.86984324 
912 390 15 19 0.86777174 
519 459 19 22 0.8454741 
164 457 17 22 0.8436651 
428 478 14 18 0.81997347 
965 534 40 74 0.73671055 
860 454 14 17 0.69973266 
372 461 22 34 0.69569016 
36 453 18 22 0.6701797 
477 452 15 18 0.647956 
66 444 15 18 0.54382056 
552 469 15 19 0.416409 
596 445 14 19 0.3974428 
672 444 10 14 0.3967508 
309 463 16 19 0.36212075 
413 440 10 12 0.30818123 
975 451 17 19 0.2808677 
756 443 23 29 0.24437913 
119 465 11 13 0.24205399 
136 416 16 18 0.23421155 
214 433 16 20 0.2157924 
140 381 12 14 0.20247763 
918 437 26 30 0.18818507 
51 456 14 17 0.18214826 
895 488 18 21 0.16778265 
1003 391 17 22 0.16568632 
379 476 15 23 0.121614315 
267 570 14 17 0.11416022 
553 472 23 30 0.11172783 
847 456 19 23 0.10482368 
937 481 24 28 0.09693711 
423 460 11 15 0.09537958 
994 437 16 22 0.095373526 
590 515 42 55 0.08826619 
764 103 22 30 0.08548956 
319 430 11 15 0.08379866 
1013 450 11 18 0.08332092 
674 437 12 16 0.081539966 
358 459 26 31 0.078683265 
268 510 12 19 0.07858738 
549 425 15 16 0.07767121 
214 448 15 18 0.076826155 
496 544 9 12 0.07669658 
708 451 15 21 0.07528719 
590 478 20 26 0.07017297 
849 431 10 13 0.06883991 
69 459 14 18 0.06514296 
728 445 13 19 0.06463603 
746 34 16 20 0.061714496 
171 463 13 19 0.059143744 
429 454 12 14 0.058096647 
972 455 22 27 0.057149716 
462 430 10 11 0.056913696 
499 468 13 16 0.052637566 
750 28 12 15 0.0520827 
518 469 17 21 0.051678248 
750 440 17 22 0.051511783 
737 459 18 20 0.051210456 
728 448 21 26 0.049965836 
405 424 9 11 0.049958818 
98 500 11 14 0.04900541 
279 552 14 19 0.048810583 
855 480 21 26 0.04860475 
260 513 14 18 0.048131898 
411 533 14 18 0.047852322 
733 42 22 26 0.047047827 
63 439 14 16 0.04626603 
310 465 23 27 0.04568377 
957 418 14 17 0.045556888 
380 451 15 26 0.045302585 
255 516 13 18 0.04508264 
91 477 16 21 0.04299613 
666 445 11 13 0.042492356 
592 448 22 28 0.040685415 
389 444 11 15 0.04040214 
985 408 16 19 0.040391553 
20 468 13 18 0.04013827 
572 419 11 13 0.039799105 
416 468 11 14 0.039157443 
676 450 12 15 0.038903285 
434 421 8 10 0.03827043 
238 491 14 17 0.037549794 
679 430 11 15 0.037151452 
299 456 19 26 0.036148615 
767 87 25 30 0.035946965 
727 482 52 57 0.03591249 
745 449 25 30 0.03467013 
557 518 23 32 0.03452589 
715 445 13 17 0.033351794 
180 467 13 18 0.033149365 
758 109 16 22 0.032922007 
244 491 15 18 0.032750897 
388 499 13 16 0.032507814 
972 420 13 17 0.031658895 
709 456 23 28 0.031365443 
552 414 12 15 0.031274896 
323 473 14 18 0.0312726 
168 420 12 16 0.03122319 
972 397 13 16 0.031086931 
465 448 18 24 0.030432442 
511 421 12 13 0.030327456 
253 564 11 14 0.030139407 
613 455 24 29 0.030031478 
79 414 10 12 0.029947985 
657 477 14 18 0.028971747 
841 470 17 21 0.028747337 
1005 444 18 26 0.028436294 
941 430 22 28 0.028314706 
368 475 27 36 0.02812697 
674 557 13 15 0.027700469 
127 540 13 17 0.027594732 
842 479 16 22 0.02749383 
726 460 25 28 0.02740281 
189 491 13 15 0.027061054 
236 455 16 19 0.026832271 
261 568 23 28 0.026798828 
923 452 18 21 0.026670067 
460 434 13 15 0.026410485 
110 467 11 15 0.026160883 
726 50 25 31 0.026144259 
59 457 14 17 0.025590267 
425 449 20 25 0.025336703 
96 428 10 13 0.025278151 
63 426 13 15 0.025175283 
431 429 10 13 0.024520021 
996 427 17 22 0.02431073 
395 511 16 19 0.024309665 
738 440 23 27 0.024299975 
386 451 14 21 0.02427568 
0 415 9 12 0.024251604 
814 484 14 19 0.023949254 
402 428 10 12 0.023722772 
254 612 14 20 0.023546908 
93 489 15 18 0.023516666 
1004 381 15 20 0.023487253 
281 544 22 32 0.023396008 
984 412 24 28 0.023308054 
386 478 14 21 0.023266122 
173 444 12 14 0.022972513 
496 473 13 18 0.022957424 
127 535 12 14 0.022944894 
317 454 22 31 0.02286675 
187 596 11 12 0.022853639 
339 467 28 30 0.022735046 
199 279 9 12 0.022548096 
417 459 12 15 0.02249996 
455 438 13 15 0.022311976 
224 575 9 13 0.022197338 
627 455 17 20 0.022009334 
269 556 22 26 0.021916091 
45 447 13 16 0.021722 
39 404 13 16 0.02166283 
777 96 18 22 0.02161494 
288 446 14 19 0.021413028 
475 461 17 20 0.021373365 
26 465 14 19 0.021257807 
568 414 12 15 0.021205615 
75 465 12 17 0.02111396 
413 452 14 16 0.020997033 
55 427 11 14 0.020970866 
416 422 9 11 0.020950755 
261 475 14 19 0.020936528 
492 428 11 13 0.020883992 
959 521 33 59 0.020738034 
354 469 31 36 0.02069689 
96 438 10 12 0.020577116 
913 360 15 18 0.020559799 
219 457 15 20 0.020385858 
13 469 15 19 0.020140944 
783 556 13 18 0.020066362 
