61_Street_Battle_streetfight_61_815
21
342 238 51 60 0.9841613 
800 262 45 54 0.5860276 
113 102 471 476 0.56584114 
131 472 424 580 0.3848819 
1 398 40 57 0.087936 
587 141 50 68 0.07311846 
127 241 50 54 0.059688378 
210 353 407 483 0.04157244 
789 229 79 101 0.03919798 
138 293 61 61 0.037053376 
270 337 111 103 0.035006616 
106 510 144 173 0.033206444 
709 254 186 242 0.031425595 
62 314 100 105 0.02813364 
751 84 189 272 0.026485195 
207 257 38 48 0.024500705 
844 588 73 84 0.024275923 
147 289 36 40 0.023459446 
758 357 114 127 0.021603934 
422 355 71 62 0.020217422 
118 234 37 46 0.020215468 
