61_Street_Battle_streetfight_61_162
43
535 248 62 88 0.9993812 
631 267 41 52 0.9958215 
41 425 52 58 0.99574727 
778 243 34 55 0.99101526 
826 125 87 130 0.9756419 
135 593 34 41 0.18849497 
813 145 60 94 0.104423225 
244 407 9 12 0.10226771 
210 474 12 16 0.06577866 
312 329 7 10 0.056591783 
358 416 12 16 0.052971654 
227 108 11 14 0.049577877 
399 368 11 15 0.04821774 
435 461 15 21 0.0480902 
439 487 11 14 0.047744896 
306 190 7 9 0.046473876 
435 628 34 38 0.0448439 
277 327 8 9 0.039813336 
257 459 10 14 0.034973178 
421 335 10 14 0.034674305 
260 455 10 13 0.033650067 
139 579 35 40 0.032252524 
814 258 32 45 0.03177706 
407 149 7 9 0.028751299 
359 404 24 31 0.027877666 
270 311 9 12 0.027787428 
410 336 13 18 0.027696295 
569 346 32 40 0.02687769 
293 319 8 10 0.026474107 
238 172 9 11 0.026289677 
488 336 45 60 0.026068453 
279 311 9 10 0.025775777 
266 310 8 12 0.025550976 
243 430 10 12 0.025547486 
309 190 8 9 0.025084442 
290 319 7 10 0.024179816 
20 425 23 39 0.023136443 
222 157 11 15 0.022932485 
255 476 9 13 0.021912282 
246 469 9 12 0.021606022 
295 312 7 8 0.021244865 
372 397 13 17 0.02103998 
151 589 35 39 0.02007024 
