61_Street_Battle_streetfight_61_282
22
239 788 218 292 0.9998859 
589 744 208 277 0.9998634 
244 117 165 212 0.99706584 
638 124 145 203 0.9970567 
803 104 149 210 0.9965767 
427 87 162 215 0.9964514 
54 118 149 218 0.99295926 
4 1004 28 33 0.10580429 
572 66 149 237 0.09392131 
614 1166 95 121 0.090898216 
3 1029 28 39 0.07331608 
816 531 95 120 0.051167436 
833 585 57 73 0.04950973 
570 773 22 33 0.038611908 
840 617 40 46 0.035875518 
100 738 316 407 0.029300403 
12 1020 25 35 0.028912598 
604 72 24 34 0.02732571 
863 517 58 67 0.026154425 
1 1036 11 18 0.024291147 
996 984 16 23 0.02060034 
706 83 171 229 0.020053124 
