52_Photographers_photographertakingphoto_52_315
29
691 89 99 137 0.99975604 
164 165 97 130 0.99963737 
474 162 61 81 0.99883395 
237 120 56 79 0.9761727 
631 199 9 12 0.39321196 
1 231 25 45 0.3157978 
218 141 73 107 0.2840671 
569 217 33 41 0.17448577 
288 186 18 24 0.17444146 
609 197 14 18 0.12854183 
572 192 11 11 0.10954571 
582 191 10 12 0.10052498 
273 177 26 35 0.09110048 
567 194 13 16 0.08301607 
414 142 46 72 0.08279557 
17 424 23 37 0.06743076 
259 154 33 49 0.047730714 
7 236 43 56 0.036896933 
564 194 22 27 0.034463353 
647 182 10 12 0.029008098 
623 197 13 16 0.029000916 
584 223 25 37 0.027055606 
562 204 31 37 0.026641129 
635 244 14 18 0.025422614 
551 216 47 63 0.024383401 
561 196 12 16 0.024348117 
633 201 12 15 0.021284612 
646 185 15 17 0.020413492 
646 189 22 26 0.020163026 
