52_Photographers_photographertakingphoto_52_130
28
647 370 14 19 0.12919292 
668 368 16 21 0.072497174 
636 329 13 18 0.072183006 
643 358 23 29 0.05977371 
568 348 37 39 0.0480312 
806 383 13 17 0.047303002 
318 402 54 67 0.046946492 
727 368 12 14 0.04656804 
657 359 25 31 0.045572452 
541 316 43 54 0.04298152 
725 388 13 15 0.036973562 
394 44 422 534 0.036705185 
691 402 16 19 0.034535415 
725 396 13 16 0.034151472 
653 347 10 12 0.034109283 
383 379 11 12 0.032554302 
647 342 40 50 0.032216337 
390 346 56 68 0.03123906 
341 373 15 17 0.02902827 
344 368 11 12 0.027532034 
763 422 11 14 0.027383093 
589 325 14 17 0.026868284 
825 302 28 33 0.023895133 
596 397 12 15 0.023857929 
576 326 27 33 0.02382013 
807 593 33 34 0.023433566 
690 387 15 18 0.021564197 
684 426 13 16 0.020958187 
