52_Photographers_taketouristphotos_52_536
65
531 218 118 222 0.99611026 
179 140 25 29 0.5265913 
208 533 56 73 0.2128972 
68 452 16 20 0.14748672 
440 11 15 18 0.13431582 
977 421 47 89 0.12289668 
-18 918 362 452 0.121733636 
546 165 108 167 0.10195922 
20 998 236 268 0.09552478 
861 143 38 52 0.08363962 
573 222 157 236 0.07962993 
965 248 60 78 0.07322334 
85 426 13 17 0.06577501 
66 442 18 22 0.063119136 
542 3 29 37 0.05733519 
872 190 43 58 0.056272574 
254 314 61 78 0.054284617 
21 359 47 65 0.051124264 
641 166 25 31 0.049475364 
821 590 185 325 0.044073723 
146 551 36 48 0.041627135 
295 -2 64 67 0.03989673 
146 445 19 22 0.036647968 
635 21 12 14 0.036337424 
219 140 52 60 0.03620561 
128 483 14 17 0.03554853 
825 284 145 136 0.03499108 
166 377 47 55 0.034726657 
365 548 227 262 0.03464228 
51 397 26 37 0.03351172 
867 158 18 24 0.032691777 
282 307 53 69 0.031767458 
909 182 43 55 0.03142667 
329 182 41 62 0.02898926 
782 125 11 13 0.02891074 
596 894 370 462 0.028570239 
74 445 16 19 0.028094102 
67 349 16 21 0.02797177 
27 343 87 127 0.027692042 
348 3 16 17 0.027428938 
45 507 32 36 0.027347503 
30 367 31 40 0.027305424 
284 -2 96 119 0.026882654 
840 157 42 58 0.026157245 
740 125 11 14 0.025840448 
343 5 13 13 0.025578419 
1012 239 10 15 0.025540799 
531 0 50 55 0.025513254 
164 396 28 34 0.02482092 
740 187 46 71 0.024531702 
237 281 101 126 0.02340928 
155 151 15 19 0.022857143 
264 -4 54 52 0.022686696 
745 225 46 64 0.022198312 
29 15 88 112 0.021387324 
647 14 14 15 0.020668402 
315 23 93 113 0.020615939 
133 91 16 20 0.020599118 
107 427 17 21 0.020526975 
131 434 28 33 0.020479266 
30 506 31 35 0.020332452 
710 246 10 13 0.020279912 
64 422 24 32 0.020266086 
79 417 21 28 0.020163294 
203 581 54 69 0.020153904 
