52_Photographers_taketouristphotos_52_266
168
607 450 51 83 0.9982457 
322 388 26 34 0.997454 
460 374 26 39 0.85933673 
348 378 14 19 0.68539697 
243 415 24 38 0.65608436 
231 417 27 37 0.55218476 
620 376 16 23 0.46678773 
683 633 118 131 0.43641448 
278 338 15 19 0.39818 
376 342 11 14 0.3440331 
374 372 11 16 0.3180433 
446 378 14 19 0.30636 
406 563 55 77 0.2837585 
451 376 24 33 0.21997498 
308 338 16 22 0.21922152 
90 407 26 54 0.20321962 
397 279 9 12 0.18953219 
407 369 15 18 0.16853811 
380 338 12 16 0.16502349 
812 562 34 41 0.15778832 
409 300 9 13 0.14987251 
423 388 12 16 0.13858257 
583 318 24 28 0.13287115 
413 300 10 13 0.12998614 
125 215 13 15 0.12985228 
281 397 28 35 0.1139143 
389 358 11 14 0.110682674 
352 372 19 25 0.10426916 
413 341 9 11 0.10156031 
181 219 11 14 0.098597795 
379 370 11 16 0.09626277 
184 239 11 15 0.09062707 
571 324 15 19 0.086662814 
453 318 11 14 0.08614797 
532 331 27 29 0.083641425 
160 222 10 12 0.0774453 
310 305 15 18 0.07377916 
176 229 10 13 0.07287495 
365 371 15 19 0.07112899 
305 322 17 21 0.06806198 
164 228 10 13 0.067554 
180 404 13 17 0.06507261 
589 323 26 32 0.06319815 
557 338 13 16 0.06130918 
597 302 12 15 0.058040805 
609 377 28 36 0.057996396 
404 383 15 20 0.056297142 
129 218 14 17 0.055905145 
102 408 38 48 0.054798935 
447 318 13 16 0.05461182 
301 344 18 21 0.05249759 
453 300 11 14 0.052455023 
541 306 25 29 0.05167488 
791 542 49 66 0.049490288 
492 309 25 28 0.049003243 
116 402 43 50 0.048794 
407 335 9 11 0.047709562 
634 310 25 29 0.04764232 
152 222 9 11 0.04645839 
382 364 12 17 0.045577943 
212 406 29 38 0.045166004 
565 331 13 18 0.044564467 
327 528 44 55 0.044146165 
433 343 9 12 0.04377809 
148 179 11 13 0.0431958 
414 385 12 18 0.04296511 
439 333 10 11 0.042549524 
388 339 11 13 0.039410885 
225 418 21 28 0.03939072 
613 374 16 21 0.039073534 
352 334 10 12 0.038462453 
450 371 16 25 0.03822779 
177 222 11 14 0.03773602 
273 340 13 17 0.037007995 
471 374 28 38 0.036938895 
335 383 20 27 0.036887452 
315 332 14 20 0.036675483 
466 371 17 25 0.03663129 
370 341 10 15 0.03574966 
579 392 43 50 0.03571565 
613 339 27 30 0.035502784 
421 301 10 13 0.03535645 
835 567 14 23 0.034789577 
385 356 11 15 0.034344845 
398 273 10 13 0.033329647 
264 391 37 47 0.032984916 
342 342 11 15 0.03283496 
392 281 13 15 0.032814074 
379 344 13 17 0.03267691 
594 314 17 21 0.032145645 
177 214 10 13 0.031578716 
179 396 22 30 0.031442083 
177 396 41 56 0.031242294 
131 225 12 16 0.03112658 
455 341 10 12 0.030916946 
349 299 13 14 0.030699963 
357 365 14 18 0.030314472 
356 299 12 14 0.030282823 
550 332 22 26 0.030252244 
278 274 11 13 0.030140959 
198 399 15 22 0.030006068 
491 320 28 31 0.029436916 
307 312 17 21 0.02916113 
553 312 17 21 0.029104512 
231 344 9 12 0.028657097 
158 248 10 12 0.028600812 
459 301 12 16 0.028144002 
142 195 9 12 0.027440876 
262 278 9 11 0.027245814 
399 380 12 16 0.027165314 
290 387 25 37 0.02711905 
412 436 25 37 0.026818434 
188 401 12 18 0.026742969 
564 316 13 18 0.026527332 
459 315 11 15 0.026455175 
345 299 11 15 0.026309757 
607 378 16 20 0.026053447 
211 381 15 18 0.025790004 
592 367 43 55 0.025748907 
828 321 13 15 0.025611976 
203 383 41 53 0.02560474 
713 553 88 145 0.025509913 
386 353 18 24 0.025509112 
751 539 54 76 0.02539784 
298 351 22 26 0.025132125 
493 306 17 20 0.02473668 
489 338 23 28 0.024705492 
272 277 10 12 0.02469445 
402 302 10 11 0.024664627 
205 393 25 32 0.024649162 
350 340 12 16 0.024366448 
236 355 10 16 0.024310814 
219 421 31 42 0.024059666 
427 381 13 18 0.023836903 
164 214 10 13 0.02361354 
550 317 24 30 0.023554415 
145 395 39 53 0.023163637 
846 368 10 14 0.023058776 
589 307 17 20 0.023050448 
165 396 27 37 0.023023766 
474 370 17 25 0.023019547 
174 222 19 25 0.023005879 
399 293 10 12 0.02300279 
336 347 11 16 0.022978388 
600 330 16 20 0.022972837 
446 330 11 13 0.022850372 
539 319 19 22 0.022801967 
796 513 48 66 0.022418521 
184 281 13 18 0.022302836 
448 297 11 13 0.022206664 
175 336 26 34 0.022188567 
600 321 16 19 0.022070896 
390 349 12 16 0.021993626 
531 342 17 20 0.02188247 
295 362 24 34 0.02188243 
368 336 9 11 0.021794384 
123 219 22 27 0.02127605 
830 306 12 13 0.02115007 
483 370 14 21 0.020932116 
583 414 32 36 0.020813234 
491 384 16 23 0.020739704 
406 305 11 13 0.020645255 
637 306 18 20 0.020368213 
400 307 12 14 0.020324072 
469 342 12 15 0.020291725 
143 175 12 14 0.02026637 
385 277 8 11 0.020217523 
401 333 9 11 0.020165818 
