52_Photographers_photographertakingphoto_52_263
70
626 260 26 38 0.9960849 
135 295 21 30 0.99318624 
352 299 22 30 0.9879368 
686 247 20 32 0.9673602 
801 285 24 36 0.9633487 
753 286 22 33 0.94093215 
37 279 22 30 0.7975751 
401 293 22 28 0.73809415 
473 305 16 18 0.51731265 
669 369 36 47 0.3610729 
64 390 18 22 0.3390572 
81 319 18 21 0.26284632 
268 299 14 17 0.24611938 
747 428 43 65 0.17179862 
316 308 11 16 0.13757093 
77 328 24 28 0.13550696 
68 387 22 30 0.08087386 
341 302 17 21 0.07701968 
43 432 14 20 0.06479605 
72 309 10 13 0.060905423 
172 330 24 29 0.058474764 
85 333 24 32 0.05344379 
463 304 15 20 0.053272855 
409 299 24 27 0.051181294 
40 430 11 16 0.050369054 
180 323 14 17 0.043536045 
26 370 31 42 0.04268737 
172 312 16 18 0.04228986 
426 312 16 20 0.041042462 
635 308 24 27 0.04058975 
57 377 27 36 0.03907294 
336 301 15 19 0.038187 
358 295 14 22 0.035565984 
784 288 25 35 0.035083663 
168 314 12 17 0.033917066 
494 278 29 34 0.032680206 
400 313 12 16 0.03213708 
80 345 25 33 0.031883616 
273 302 17 20 0.031699993 
82 388 14 20 0.030728536 
82 359 17 22 0.030312754 
59 461 18 21 0.02976994 
90 315 14 21 0.029623266 
294 325 11 14 0.027297113 
79 394 23 32 0.026905226 
318 326 9 12 0.026855007 
348 -31 420 534 0.026823182 
398 304 22 28 0.02611695 
513 317 33 32 0.025923293 
731 416 71 102 0.02537682 
43 424 24 31 0.025304602 
310 325 11 13 0.024915 
781 362 42 52 0.024783596 
261 294 15 22 0.024410527 
693 252 26 31 0.024346014 
153 319 40 50 0.024248002 
387 437 11 14 0.024117846 
311 313 14 17 0.023862192 
24 279 25 35 0.023623997 
135 309 44 55 0.02337585 
18 356 25 36 0.022672074 
686 379 31 39 0.022652714 
284 332 11 13 0.022170741 
154 308 21 32 0.022127336 
302 326 10 12 0.02167176 
96 337 17 24 0.02096474 
661 378 29 41 0.020785669 
481 301 14 19 0.020703945 
288 348 9 12 0.020495877 
310 334 11 14 0.020320872 
