52_Photographers_photographertakingphoto_52_666
18
282 255 268 413 0.9989747 
397 261 400 481 0.99550074 
527 189 429 491 0.596351 
35 415 470 558 0.4260038 
332 779 608 413 0.1082791 
964 403 36 58 0.06007624 
-4 584 361 524 0.053306103 
-9 916 504 518 0.05322437 
806 274 200 274 0.039324544 
876 1137 115 106 0.038716022 
926 396 63 83 0.03656453 
884 358 110 144 0.033506885 
621 373 276 325 0.033094864 
183 104 415 462 0.032012004 
588 166 263 326 0.03167743 
144 322 329 432 0.026012547 
412 516 539 522 0.025977187 
858 444 104 160 0.02020123 
