52_Photographers_photographertakingphoto_52_359
21
563 75 53 77 0.99265337 
625 125 145 190 0.48200566 
756 266 56 71 0.21595867 
728 234 95 115 0.09464783 
468 315 27 28 0.09246674 
588 90 57 63 0.07604318 
860 378 19 22 0.06272025 
683 182 124 156 0.045275886 
397 477 44 47 0.04206974 
474 328 19 20 0.040614948 
859 385 26 31 0.03756572 
648 199 73 83 0.037293766 
471 338 18 21 0.036276713 
614 101 40 57 0.034286797 
604 107 115 120 0.034078658 
655 414 71 89 0.031721905 
410 443 16 18 0.031518653 
572 144 237 274 0.026890287 
412 449 16 18 0.02420707 
478 114 37 49 0.02298253 
640 390 122 149 0.022936491 
