52_Photographers_taketouristphotos_52_123
101
740 270 114 129 0.99972576 
221 129 117 150 0.9995615 
644 211 55 100 0.98692596 
957 428 31 34 0.7709235 
984 289 9 11 0.14868286 
140 134 83 129 0.08038885 
943 309 9 12 0.080274165 
904 579 9 13 0.07664407 
951 295 8 10 0.07500909 
899 1096 13 18 0.073788516 
856 282 46 74 0.068828136 
978 866 12 16 0.06709613 
900 557 11 13 0.065562405 
947 890 13 15 0.06270518 
991 311 9 11 0.061655063 
981 60 9 12 0.061345354 
997 155 13 17 0.056605153 
982 359 12 15 0.05450142 
947 123 11 14 0.054000743 
982 316 8 11 0.05389201 
937 304 8 10 0.05373722 
544 655 461 588 0.052298628 
911 579 12 15 0.05087995 
592 199 44 63 0.050614838 
918 580 10 13 0.048337914 
951 288 7 10 0.04784113 
944 438 8 11 0.045871995 
943 360 9 11 0.043735642 
939 995 14 17 0.0429775 
976 312 8 11 0.042552005 
983 311 9 12 0.04230655 
968 437 18 21 0.042210326 
938 308 9 12 0.042085633 
903 358 10 13 0.042019613 
921 309 9 12 0.041461118 
977 316 10 11 0.039695073 
937 980 9 11 0.039615575 
967 295 7 9 0.03714776 
987 362 12 15 0.03608588 
985 224 9 12 0.034577794 
909 334 7 10 0.033963088 
977 287 8 10 0.033807866 
968 309 8 11 0.033415064 
979 920 15 20 0.033173744 
925 912 11 15 0.03275319 
963 554 13 16 0.032470305 
968 288 7 9 0.032266863 
588 294 16 19 0.032199543 
966 360 9 11 0.032117985 
925 904 9 12 0.031624842 
594 290 17 19 0.030790752 
984 597 12 14 0.030432016 
924 518 13 17 0.029767172 
588 286 34 37 0.029654976 
892 599 9 11 0.029050825 
937 295 8 10 0.028540595 
926 287 9 11 0.028135894 
804 284 68 85 0.027653804 
911 318 8 11 0.02731873 
921 288 9 10 0.027112834 
121 881 394 546 0.026992775 
944 295 7 9 0.026871126 
355 259 374 507 0.026181014 
916 990 10 12 0.025142737 
909 228 10 15 0.024902614 
935 288 8 10 0.024486318 
908 524 10 14 0.023732321 
937 359 9 11 0.023721414 
945 338 11 14 0.023424301 
983 298 10 14 0.023384452 
902 416 51 61 0.0231705 
382 640 354 496 0.023136573 
658 217 84 113 0.023073517 
951 317 9 10 0.023013966 
322 1369 35 33 0.022942359 
934 437 10 12 0.022791322 
947 382 28 31 0.022750197 
974 463 14 18 0.02260265 
990 592 9 12 0.022594929 
921 357 10 12 0.022245267 
967 327 8 10 0.022237374 
603 200 19 26 0.022142455 
925 303 8 10 0.021967435 
975 358 13 16 0.021694565 
919 174 11 12 0.021562725 
876 495 10 11 0.021437347 
904 310 8 11 0.021305777 
0 1402 23 40 0.02117302 
961 358 9 11 0.021145383 
945 289 7 9 0.021132756 
976 293 9 10 0.020979965 
171 139 103 132 0.020963287 
921 343 10 13 0.02093236 
922 349 9 13 0.020760588 
959 296 7 9 0.020599358 
823 263 80 119 0.020472309 
920 305 9 10 0.020322803 
975 327 8 10 0.020265566 
958 319 9 10 0.02023 
903 295 8 10 0.020022757 
977 1115 13 18 0.020004876 
