52_Photographers_photographertakingphoto_52_219
46
708 433 38 43 0.99756646 
420 397 38 46 0.99684614 
661 282 45 57 0.99510926 
564 355 39 50 0.994829 
766 225 43 56 0.9940304 
186 280 42 56 0.9922672 
302 349 39 52 0.99019355 
863 523 12 16 0.098299496 
878 522 13 14 0.08956835 
318 270 28 43 0.058960024 
49 501 7 9 0.058490492 
866 516 14 17 0.054868605 
887 168 8 10 0.05390966 
990 510 11 13 0.049712505 
733 293 27 33 0.045861036 
732 304 17 21 0.044454344 
870 517 25 25 0.042406693 
101 259 11 13 0.033947267 
551 166 7 9 0.033714283 
774 443 11 12 0.030501276 
318 87 8 10 0.029691355 
547 388 11 15 0.028412119 
934 524 10 12 0.027902381 
76 196 10 13 0.026009081 
294 63 9 11 0.025886467 
456 234 39 59 0.025756024 
1009 345 7 10 0.02519906 
47 519 7 9 0.024466272 
540 505 27 32 0.024307352 
72 522 24 30 0.024145193 
890 525 13 13 0.023679085 
984 512 12 12 0.023573993 
0 519 7 11 0.023571303 
672 142 9 9 0.023554582 
809 660 11 11 0.023306012 
973 536 8 10 0.02293318 
40 502 8 10 0.022828847 
149 151 9 10 0.02256899 
495 141 9 11 0.022450242 
41 520 6 9 0.022327563 
882 152 7 9 0.022048725 
881 160 8 9 0.02203362 
310 69 8 10 0.020907778 
57 495 7 10 0.020902175 
783 441 10 11 0.020595437 
69 510 8 10 0.020334793 
