52_Photographers_taketouristphotos_52_288
36
880 30 27 36 0.998355 
702 301 33 45 0.99802005 
842 201 35 44 0.9973937 
985 74 31 40 0.99726474 
767 11 29 37 0.99505085 
831 387 32 45 0.99042666 
1002 313 21 29 0.987743 
721 28 22 29 0.83666766 
245 201 50 57 0.21343885 
168 200 11 12 0.15405698 
673 1 28 30 0.14525713 
68 145 184 254 0.12832044 
881 75 26 30 0.08273151 
755 465 13 16 0.07157789 
69 207 13 15 0.06516109 
791 -1 41 44 0.059109222 
984 212 35 43 0.050754547 
568 134 47 56 0.049891736 
379 65 14 18 0.038254373 
954 344 26 33 0.037029892 
167 210 15 18 0.03576343 
814 1 28 33 0.034593176 
964 340 26 31 0.033712436 
670 196 13 15 0.031271376 
67 199 23 30 0.02918005 
699 60 15 18 0.02909599 
353 0 34 39 0.024513053 
853 76 13 18 0.024136178 
49 197 47 58 0.023565795 
163 198 22 26 0.02293724 
974 460 25 30 0.022679633 
397 58 28 34 0.021099113 
991 481 34 38 0.020953888 
782 22 17 23 0.020628188 
847 88 14 20 0.020302542 
821 15 14 19 0.020163588 
