52_Photographers_taketouristphotos_52_159
61
586 793 34 46 0.9984534 
441 793 35 46 0.9976373 
289 790 37 46 0.9974382 
746 771 35 48 0.9946045 
321 703 8 9 0.15293168 
302 897 31 38 0.09973711 
339 699 32 33 0.09819623 
305 53 431 543 0.09600463 
251 163 103 122 0.089754775 
179 924 34 38 0.070084676 
309 881 26 32 0.06916366 
455 204 98 101 0.06616666 
766 203 82 96 0.06156739 
456 905 34 40 0.053749334 
743 697 45 57 0.052973054 
171 378 17 24 0.05055685 
785 744 44 56 0.045027524 
325 763 14 17 0.0423498 
766 709 30 43 0.042201027 
295 932 29 31 0.040120784 
751 721 14 16 0.039650526 
510 1008 42 64 0.03873948 
178 907 28 36 0.038593218 
290 893 34 33 0.035000034 
766 753 42 57 0.033595897 
507 925 27 39 0.03196211 
315 702 8 11 0.029926032 
448 759 11 13 0.02885784 
458 883 44 52 0.028808245 
217 918 23 33 0.02861647 
498 743 43 48 0.0280366 
574 218 67 68 0.027641505 
780 695 14 17 0.027576717 
669 893 27 36 0.02719391 
188 231 12 15 0.027132254 
255 851 33 40 0.026255058 
350 987 14 17 0.026186395 
356 738 26 32 0.0260351 
352 705 17 19 0.025433926 
296 911 34 45 0.025202788 
766 669 11 13 0.025038516 
154 217 58 64 0.024920918 
375 751 26 34 0.024720067 
426 887 44 52 0.023978518 
276 892 33 34 0.023961825 
569 862 55 60 0.023954395 
8 1064 7 9 0.023617763 
1012 1006 11 16 0.022473745 
363 752 16 20 0.02227721 
420 755 12 14 0.022043744 
764 716 51 67 0.021984853 
613 765 10 12 0.021839853 
359 750 35 43 0.021713143 
727 706 43 58 0.02145471 
799 701 14 17 0.020919722 
449 762 15 19 0.020856474 
343 709 13 15 0.020843558 
50 1250 34 35 0.020686358 
445 563 103 107 0.020678252 
606 761 15 16 0.02062884 
192 925 40 49 0.020438433 
