52_Photographers_taketouristphotos_52_208
18
242 93 137 181 0.99969614 
816 68 45 54 0.9970969 
959 73 29 49 0.98438936 
672 77 37 55 0.98415935 
900 97 28 39 0.597827 
881 53 29 37 0.34758124 
961 58 29 37 0.11933391 
866 60 31 38 0.09136246 
694 427 14 16 0.0709769 
856 66 27 40 0.048545696 
706 458 25 25 0.035137106 
810 57 35 43 0.026802495 
669 478 12 16 0.025410626 
702 457 14 20 0.023870979 
876 59 18 22 0.023087544 
309 78 101 142 0.022409953 
687 497 16 18 0.02164141 
965 79 42 58 0.020635253 
