52_Photographers_taketouristphotos_52_80
27
331 510 57 64 0.9961063 
870 264 9 12 0.13958277 
998 321 9 13 0.08013831 
993 289 10 13 0.07624686 
670 332 12 16 0.075603 
984 269 10 13 0.06934969 
849 295 10 13 0.05241739 
836 295 9 12 0.040542644 
854 310 11 14 0.038632028 
989 267 11 15 0.03750031 
981 302 9 11 0.035391822 
735 350 11 14 0.034447983 
741 356 11 13 0.03275268 
650 332 14 16 0.031656574 
316 607 34 35 0.03155395 
980 310 11 15 0.029772462 
990 273 11 16 0.028431777 
997 333 11 15 0.026499236 
872 298 11 15 0.02490245 
604 291 40 47 0.02487914 
841 334 27 29 0.024635857 
976 296 9 11 0.02463022 
789 312 11 13 0.024625098 
545 298 11 14 0.021661678 
661 331 15 18 0.021489754 
54 319 8 9 0.02102743 
685 347 24 27 0.020694368 
