52_Photographers_photographertakingphoto_52_479
26
199 285 124 151 0.99991596 
291 96 118 138 0.99974877 
371 290 111 146 0.9990319 
349 566 108 140 0.9987404 
521 209 137 167 0.9976084 
937 255 25 30 0.3621736 
901 248 29 36 0.34731498 
975 257 25 32 0.32749492 
859 298 64 73 0.19717497 
868 269 31 35 0.14573312 
862 273 51 62 0.083558805 
933 243 25 30 0.078003615 
877 276 33 36 0.07192034 
404 242 143 188 0.062772766 
883 258 29 32 0.046827998 
916 252 27 34 0.042203438 
974 250 18 20 0.042011388 
849 278 103 115 0.04011818 
894 262 28 35 0.03849816 
894 311 14 15 0.036906153 
873 266 21 22 0.03342305 
835 309 68 77 0.03216899 
205 484 88 67 0.029712148 
888 280 19 23 0.029516125 
948 250 39 46 0.020692242 
459 213 152 201 0.020476678 
