29_Students_Schoolkids_Students_Schoolkids_29_524
75
187 153 46 59 0.9944608 
429 65 40 47 0.9935068 
206 30 41 53 0.99254966 
567 315 38 35 0.977405 
616 357 40 45 0.86937547 
414 315 45 39 0.6558361 
123 235 49 38 0.58233374 
598 603 13 18 0.21893674 
167 457 51 61 0.21676038 
674 540 51 62 0.19937241 
794 167 13 17 0.1813694 
633 230 23 28 0.16597055 
352 371 55 65 0.16062935 
542 528 11 13 0.14727254 
563 296 34 43 0.13358456 
520 594 20 28 0.11814026 
129 382 55 46 0.094861396 
122 222 30 39 0.09474179 
323 510 38 53 0.09470996 
801 194 17 19 0.08668092 
892 603 80 68 0.08288595 
662 244 13 17 0.073625475 
560 325 31 35 0.07261843 
103 171 24 26 0.06753563 
276 155 11 18 0.06598887 
651 366 32 46 0.06480782 
504 493 13 16 0.064553946 
908 109 57 66 0.058844283 
649 259 15 18 0.051735643 
697 552 54 56 0.050132938 
196 452 53 63 0.04556943 
931 220 18 18 0.044341765 
123 226 17 24 0.040673096 
860 581 120 114 0.040529575 
516 536 14 19 0.039916657 
730 209 18 21 0.03927523 
719 573 112 118 0.038557455 
502 499 13 15 0.037026845 
727 535 56 68 0.03665973 
227 414 48 58 0.035321277 
109 386 53 48 0.032885376 
216 435 49 66 0.032172482 
524 581 13 17 0.03197314 
924 590 63 61 0.031508196 
501 507 11 13 0.030953906 
897 92 90 107 0.030405289 
626 522 17 18 0.03023536 
102 277 369 408 0.030105224 
142 457 93 89 0.03001069 
593 309 27 39 0.029730408 
754 535 259 197 0.02944464 
567 522 11 14 0.026363883 
563 305 20 25 0.026305318 
653 253 14 18 0.02608884 
803 124 11 15 0.024663383 
723 237 26 28 0.024609163 
303 153 26 37 0.024559647 
257 407 47 58 0.024347197 
538 530 11 14 0.024058944 
119 212 27 34 0.023659231 
874 96 9 12 0.023223085 
174 31 10 12 0.02316449 
329 368 53 70 0.023086619 
887 116 53 67 0.02231787 
725 202 17 20 0.021990724 
704 116 10 11 0.021602446 
602 599 14 18 0.021088671 
751 532 36 43 0.020823952 
987 92 11 14 0.020781964 
548 532 10 12 0.02069946 
554 335 28 32 0.020619785 
517 542 15 21 0.020555895 
641 257 44 49 0.020498587 
427 470 13 16 0.020496778 
611 230 27 34 0.020228775 
