29_Students_Schoolkids_Students_Schoolkids_29_221
92
260 227 30 39 0.99690163 
232 222 35 55 0.9621239 
523 192 14 21 0.95726204 
382 219 22 45 0.90228754 
733 190 10 12 0.65505016 
292 237 15 23 0.641829 
444 270 24 46 0.587525 
757 216 10 12 0.35748893 
716 195 9 13 0.3313844 
282 232 22 33 0.29074964 
568 197 8 9 0.28067076 
189 238 38 48 0.21013398 
810 215 7 9 0.1772503 
560 205 8 10 0.1581028 
164 241 14 19 0.15186894 
784 184 7 9 0.12867323 
768 193 7 8 0.123451665 
50 298 14 18 0.11740377 
530 193 13 18 0.10895028 
785 206 8 10 0.10558179 
561 201 7 9 0.1022648 
785 190 7 9 0.10129702 
493 199 9 12 0.09159185 
314 262 15 20 0.086950175 
302 253 26 32 0.08555948 
496 204 8 11 0.08478482 
20 302 62 58 0.07885652 
792 220 8 11 0.07483563 
39 294 24 27 0.069605425 
166 385 431 411 0.065953255 
761 192 6 9 0.06152211 
205 232 41 55 0.059241362 
294 244 24 35 0.058010243 
539 197 9 11 0.050875273 
741 215 8 11 0.049353663 
798 216 8 10 0.04865324 
76 274 15 18 0.0442891 
736 214 8 11 0.042935796 
801 232 8 11 0.04220648 
71 317 29 36 0.04144861 
71 277 13 16 0.037880354 
753 192 8 9 0.037540514 
20 283 14 17 0.037171207 
465 357 44 51 0.037080303 
84 271 17 20 0.037071075 
785 199 8 10 0.036723018 
774 223 8 9 0.03644845 
500 205 10 14 0.035487268 
359 235 26 34 0.035159416 
742 221 7 11 0.033422682 
426 281 38 46 0.032929465 
392 354 11 14 0.03094487 
549 248 8 11 0.029950757 
785 212 9 12 0.029580561 
492 188 12 15 0.028881738 
0 285 11 16 0.028116636 
736 220 9 12 0.027640535 
761 196 7 9 0.027018564 
553 199 8 10 0.026995972 
522 314 23 39 0.026699023 
520 185 10 12 0.026485639 
61 317 11 16 0.026154332 
1 289 15 19 0.02612768 
23 292 13 17 0.026109384 
74 329 17 20 0.025877304 
185 471 63 56 0.025338672 
728 208 10 11 0.02512675 
513 195 13 17 0.025074698 
158 243 23 30 0.025037358 
759 209 9 11 0.024965761 
127 293 11 16 0.024273269 
801 160 8 10 0.024075704 
150 239 36 51 0.023874467 
368 226 33 48 0.023734782 
775 192 8 9 0.023374194 
541 205 9 12 0.02280088 
783 231 9 11 0.022707148 
38 309 33 37 0.022422766 
789 198 8 10 0.022119446 
710 228 9 11 0.0218097 
712 252 10 13 0.02179708 
640 16 423 467 0.021640044 
564 258 11 14 0.021409992 
28 294 17 18 0.020967636 
309 513 46 57 0.020947589 
57 297 13 18 0.020914152 
109 305 14 19 0.02090268 
35 304 19 20 0.020819407 
778 183 8 10 0.020814914 
710 223 9 11 0.02069689 
785 221 9 10 0.020485837 
346 230 25 39 0.020011025 
