29_Students_Schoolkids_Students_Schoolkids_29_161
35
575 154 120 176 0.9990711 
845 79 88 107 0.99868864 
518 149 74 100 0.9940836 
550 162 85 114 0.8789842 
364 183 27 32 0.53189504 
180 197 39 53 0.14630975 
993 429 32 56 0.10342769 
876 7 70 64 0.09672627 
458 242 22 28 0.06331619 
562 122 427 472 0.062346194 
972 72 12 15 0.059868336 
477 188 39 55 0.059092745 
346 179 24 33 0.051684096 
265 313 409 443 0.042442113 
797 125 47 68 0.038596153 
261 279 27 35 0.037258532 
477 234 14 18 0.0343732 
998 69 13 16 0.027118836 
470 184 15 21 0.026984414 
217 311 29 31 0.026947068 
932 290 96 135 0.02552317 
418 240 23 28 0.025091434 
468 183 25 35 0.024928423 
856 12 100 114 0.024897696 
969 72 23 29 0.024572961 
232 271 30 35 0.024340414 
823 497 116 186 0.024302294 
481 261 24 33 0.023986282 
299 253 41 53 0.02345535 
201 305 28 33 0.023220133 
404 230 13 18 0.022905843 
336 176 24 35 0.022773838 
466 232 24 32 0.022498608 
380 220 15 22 0.02158099 
451 281 14 17 0.020935165 
