29_Students_Schoolkids_Students_Schoolkids_29_158
61
575 696 74 89 0.99852127 
595 396 44 52 0.99465406 
550 500 50 60 0.9942579 
74 1118 87 120 0.54229254 
507 233 14 17 0.26684234 
686 169 15 20 0.18321921 
619 319 13 15 0.13067384 
736 233 12 14 0.122681454 
-2 1284 24 52 0.090911 
673 396 34 42 0.079857506 
911 346 43 49 0.07193584 
440 165 11 13 0.06549779 
590 243 41 54 0.06259208 
732 214 9 11 0.05987746 
686 390 31 40 0.056599304 
658 504 27 40 0.05411444 
452 217 15 17 0.04565523 
662 228 10 13 0.044732112 
751 267 13 14 0.042957556 
735 222 10 13 0.040524177 
368 219 33 34 0.040110815 
635 351 16 18 0.034216795 
584 300 10 13 0.03368964 
614 319 23 25 0.033668783 
663 404 30 35 0.03298324 
120 1096 95 137 0.032796443 
453 225 15 18 0.03271176 
684 376 27 35 0.032584183 
436 269 11 14 0.031791467 
651 369 12 16 0.031759355 
833 401 34 37 0.031316545 
775 363 36 40 0.03052669 
474 155 14 17 0.030260144 
682 364 25 32 0.029894093 
685 362 15 19 0.028779563 
530 508 28 40 0.028442144 
675 373 25 32 0.02810205 
462 188 11 13 0.028097998 
430 273 11 14 0.027420301 
718 222 9 12 0.027385948 
599 254 10 11 0.026620252 
721 252 9 12 0.02603378 
662 236 9 12 0.025866566 
160 1085 101 148 0.02471789 
456 188 9 12 0.02388785 
434 166 9 13 0.02368849 
612 330 17 18 0.023533624 
663 356 11 14 0.023256768 
677 417 13 18 0.022936739 
725 246 12 15 0.022583969 
502 223 13 16 0.022146933 
655 414 11 14 0.021981448 
504 240 13 15 0.021620525 
43 245 17 19 0.021456806 
709 537 29 34 0.021227598 
625 345 42 49 0.021177813 
681 158 26 33 0.020545047 
768 373 51 64 0.020360798 
39 241 28 34 0.020243797 
694 368 28 34 0.020131873 
369 232 43 50 0.020074038 
