29_Students_Schoolkids_Students_Schoolkids_29_374
35
691 128 28 37 0.9975216 
392 116 21 28 0.9862385 
410 270 58 56 0.9511659 
465 488 51 61 0.2414572 
677 188 16 18 0.23147431 
472 88 14 20 0.12994415 
428 463 45 47 0.11424248 
486 480 50 77 0.11245999 
439 479 49 49 0.10225164 
382 277 58 64 0.08913994 
673 162 14 17 0.07036223 
810 88 8 11 0.046794225 
320 486 62 63 0.03936572 
701 116 25 29 0.036518857 
728 79 9 11 0.033985272 
712 123 16 21 0.033074953 
443 502 43 45 0.03260716 
685 229 13 17 0.0316059 
489 469 28 48 0.02933233 
328 498 36 40 0.02886592 
381 259 15 20 0.028706435 
725 100 24 34 0.026941333 
9 0 19 23 0.024724914 
586 531 42 47 0.023564689 
231 461 53 83 0.02332402 
732 77 10 12 0.023119548 
422 465 27 41 0.02255223 
367 203 12 17 0.022099558 
345 508 69 72 0.02204621 
436 262 37 51 0.022040786 
484 91 11 16 0.02158608 
435 180 17 20 0.02142992 
99 235 382 438 0.021309894 
707 109 16 20 0.02117315 
468 476 37 46 0.020113347 
