29_Students_Schoolkids_Students_Schoolkids_29_632
42
90 292 53 68 0.99895084 
354 305 59 81 0.9987463 
532 290 72 93 0.9980081 
796 260 79 109 0.99772483 
274 351 52 77 0.99034554 
392 250 41 47 0.7955771 
376 155 10 13 0.12746325 
24 135 26 32 0.108117685 
86 123 24 31 0.08633322 
91 124 15 18 0.061409667 
359 254 29 40 0.058291268 
194 164 13 17 0.056347698 
962 24 14 19 0.05515994 
412 135 15 23 0.043024097 
196 161 9 12 0.040224355 
19 113 47 57 0.03941482 
91 149 13 16 0.039207973 
1001 5 22 33 0.03714596 
48 280 40 52 0.03702333 
716 126 12 16 0.036732744 
44 168 23 31 0.036515724 
26 152 27 31 0.03042465 
372 233 49 57 0.02982822 
545 245 57 67 0.029337063 
378 150 12 15 0.029066209 
308 149 16 17 0.0288002 
673 133 23 29 0.028539814 
722 131 19 22 0.02821532 
100 523 132 123 0.02798302 
37 107 47 57 0.026048688 
667 119 24 32 0.024870697 
64 80 9 12 0.0231321 
28 163 16 19 0.022702876 
14 138 26 32 0.022555936 
-1 104 84 103 0.022119233 
207 330 27 36 0.021163609 
624 192 24 34 0.02075579 
414 142 25 37 0.020701393 
61 146 15 18 0.020667529 
199 207 11 12 0.020563724 
309 150 23 26 0.020506812 
347 246 29 42 0.020236952 
