29_Students_Schoolkids_Students_Schoolkids_29_585
24
109 165 45 55 0.99753857 
465 48 72 88 0.9972554 
1012 143 13 20 0.05180884 
137 156 24 34 0.044131406 
388 341 13 17 0.041455157 
280 216 8 10 0.040082958 
888 31 9 10 0.03721523 
305 238 11 12 0.03613968 
1001 137 21 32 0.035503045 
1001 191 11 15 0.030232364 
280 220 9 11 0.02984339 
994 144 15 18 0.029280469 
859 58 14 18 0.028240046 
342 296 15 18 0.026633086 
1 463 8 13 0.025748875 
363 313 17 22 0.02472552 
965 156 13 16 0.024588201 
857 82 10 12 0.02405274 
858 12 14 15 0.023863124 
1005 193 14 19 0.023497764 
272 221 10 12 0.022624256 
445 270 29 48 0.022055667 
1008 228 12 15 0.020833021 
860 20 12 13 0.020558223 
