29_Students_Schoolkids_Students_Schoolkids_29_81
19
781 128 112 147 0.99950373 
190 179 37 43 0.99653924 
695 304 37 45 0.9959216 
83 254 41 49 0.9947988 
660 282 21 27 0.08599819 
14 487 17 21 0.08053001 
100 -12 400 482 0.042746425 
764 226 254 249 0.035457864 
814 323 151 157 0.029157931 
193 566 16 18 0.028211955 
636 286 20 22 0.027451461 
828 68 17 21 0.025189636 
866 58 15 19 0.025027512 
805 48 40 44 0.024642657 
188 572 24 28 0.02455583 
635 225 23 29 0.022467058 
639 233 14 17 0.022444595 
221 577 33 35 0.021054843 
592 467 11 15 0.020608757 
