29_Students_Schoolkids_Students_Schoolkids_29_477
40
730 83 34 43 0.9980574 
432 102 53 64 0.99732816 
873 296 66 89 0.996509 
872 209 44 57 0.97826034 
841 143 43 56 0.9700042 
832 104 35 44 0.9337345 
499 111 49 58 0.7125539 
969 400 56 95 0.31329373 
833 89 25 33 0.22059709 
82 416 145 134 0.1366601 
827 62 30 33 0.080711626 
839 116 48 60 0.060105056 
826 75 29 37 0.059133608 
789 130 15 19 0.049408715 
981 369 45 82 0.044439852 
884 79 25 34 0.038365636 
716 83 12 18 0.0326074 
476 106 33 42 0.03192345 
105 141 8 9 0.028759696 
797 6 9 11 0.02857074 
889 324 57 95 0.027964713 
941 385 99 138 0.027787805 
834 1 14 12 0.027147708 
348 206 15 18 0.026070654 
420 115 14 19 0.025360456 
488 93 77 95 0.025073627 
568 109 10 12 0.024731124 
34 157 8 10 0.024409482 
864 176 46 65 0.023955435 
482 119 40 45 0.023699788 
901 30 14 18 0.023247352 
897 43 24 29 0.022268126 
885 0 15 12 0.021838762 
875 315 36 55 0.021827538 
816 234 43 58 0.021739027 
866 22 12 15 0.021699952 
311 137 45 59 0.02119818 
215 135 10 12 0.02039174 
891 30 21 30 0.020334637 
151 133 9 11 0.020316603 
