29_Students_Schoolkids_Students_Schoolkids_29_316
46
634 183 110 142 0.999926 
165 152 103 124 0.9997383 
98 5 55 58 0.9989219 
258 16 67 79 0.9988751 
328 20 54 67 0.9988372 
939 1 69 75 0.99824166 
551 109 85 104 0.99776375 
291 124 74 95 0.9972589 
500 2 75 57 0.99601257 
157 21 48 58 0.99510694 
25 132 78 89 0.994819 
828 10 80 92 0.9946518 
407 0 45 50 0.9936655 
710 0 56 48 0.9935688 
885 100 82 97 0.993113 
656 3 30 33 0.98992187 
63 -1 35 36 0.9882901 
765 2 49 53 0.98813474 
-5 55 62 87 0.98538405 
560 8 50 50 0.9282106 
206 22 44 58 0.914436 
483 16 37 47 0.23861384 
488 10 58 63 0.120918624 
291 11 66 79 0.10096072 
495 1 50 40 0.08591859 
722 131 42 60 0.060576044 
519 22 63 65 0.05938716 
608 0 28 36 0.058327112 
15 98 73 97 0.056622595 
853 341 134 163 0.044281397 
388 13 25 36 0.041519057 
5 -5 52 49 0.03692568 
134 20 51 59 0.0360956 
943 32 54 70 0.03579303 
532 0 44 42 0.031517047 
593 3 29 42 0.031348962 
428 651 36 32 0.029736344 
679 0 27 33 0.029607179 
519 44 37 43 0.029406585 
528 219 80 113 0.027813913 
379 21 28 44 0.02776097 
691 1 28 32 0.023746654 
866 138 28 42 0.021119362 
989 3 33 45 0.02066919 
68 4 44 50 0.020570332 
874 217 61 72 0.020191437 
