29_Students_Schoolkids_Students_Schoolkids_29_432
140
587 2 72 61 0.9837135 
713 27 127 159 0.35739097 
151 472 12 17 0.2801911 
265 611 62 75 0.26257083 
894 167 62 86 0.19870928 
204 483 15 19 0.17668234 
867 -4 118 137 0.16445233 
147 488 12 17 0.15413573 
181 403 11 15 0.1519134 
61 518 13 15 0.13137493 
199 363 11 15 0.12298233 
102 502 14 17 0.116836116 
272 431 24 28 0.11635235 
125 572 24 33 0.11566075 
170 489 15 17 0.10990893 
132 470 11 14 0.104304194 
787 18 28 37 0.09636779 
199 470 11 14 0.095147334 
245 384 22 28 0.08930836 
10 501 16 21 0.08285904 
133 413 12 16 0.0822915 
319 367 26 30 0.06951181 
206 398 12 17 0.069040254 
211 398 13 15 0.06844071 
806 40 155 190 0.062724 
302 416 15 22 0.06226619 
219 429 14 15 0.061973203 
51 426 15 20 0.061029524 
501 11 56 74 0.058577735 
60 546 19 23 0.05367274 
24 380 13 16 0.053280443 
372 302 12 15 0.05321553 
27 443 15 19 0.05273689 
113 436 11 14 0.05231389 
152 483 15 18 0.05175543 
231 382 10 13 0.050946075 
248 602 105 114 0.050054483 
447 121 59 63 0.049909323 
144 470 11 15 0.049671743 
381 286 9 11 0.049543332 
416 311 11 13 0.049356785 
76 489 15 20 0.048678525 
151 343 12 15 0.04854873 
180 427 10 13 0.047873117 
262 425 39 47 0.04712809 
95 478 11 14 0.046248995 
178 484 13 17 0.045851164 
366 302 12 14 0.04560597 
100 477 10 13 0.04459575 
1 379 11 17 0.044297937 
115 428 12 15 0.043892402 
126 472 14 17 0.042380508 
175 422 12 16 0.041494124 
18 505 16 22 0.04124 
277 366 24 28 0.040434524 
126 495 10 12 0.040198173 
55 517 13 17 0.03970457 
220 388 11 13 0.039469052 
137 418 14 17 0.037895866 
134 481 12 16 0.037735313 
120 470 11 14 0.03731865 
132 462 10 12 0.03614099 
167 496 13 15 0.035894606 
1 248 466 448 0.035118915 
220 413 12 13 0.034237485 
207 392 10 13 0.033105288 
121 586 12 17 0.032420393 
231 413 10 12 0.03216019 
93 545 14 16 0.031669278 
48 420 12 16 0.031207114 
437 341 54 86 0.03102929 
206 410 14 17 0.030932264 
145 460 10 15 0.030362748 
25 373 28 30 0.030116966 
144 456 9 12 0.029980611 
149 463 12 15 0.029277828 
73 707 28 33 0.029156929 
293 318 10 11 0.02857455 
245 381 16 19 0.028374158 
693 52 167 238 0.027908828 
142 464 18 25 0.027445085 
73 553 16 19 0.02741851 
218 394 12 15 0.027200429 
118 486 12 13 0.027185937 
298 400 24 36 0.027164293 
176 332 9 12 0.027083406 
215 340 10 12 0.026601627 
77 566 13 17 0.026356714 
68 494 17 21 0.026111221 
344 299 100 118 0.025926976 
291 416 24 31 0.025874427 
221 382 13 15 0.025770793 
218 419 14 15 0.025635142 
58 428 16 21 0.025536804 
199 431 9 11 0.025486706 
50 624 16 21 0.025357319 
155 326 10 12 0.025339294 
208 402 21 26 0.025279967 
83 460 15 16 0.025184754 
197 399 16 22 0.025177836 
338 419 16 21 0.02515853 
35 462 23 28 0.025108775 
196 333 10 12 0.02492976 
477 -73 447 450 0.024839351 
203 358 12 16 0.024333807 
200 463 11 14 0.024172498 
270 370 14 18 0.02416998 
236 420 12 14 0.024083966 
117 442 10 12 0.024076648 
147 414 12 14 0.023863927 
129 475 20 26 0.023636075 
191 482 12 16 0.023412596 
12 379 13 17 0.02273656 
280 425 25 32 0.022231376 
84 467 14 17 0.022211837 
188 403 13 18 0.022030365 
3 504 23 34 0.02194389 
128 419 14 17 0.021915646 
161 360 9 11 0.021853287 
367 292 13 15 0.021771228 
192 476 12 16 0.021630984 
140 428 11 14 0.02161628 
266 372 24 28 0.02154188 
445 304 90 114 0.02149352 
43 484 16 18 0.02138787 
436 106 106 102 0.021332247 
183 548 14 18 0.021290565 
196 341 10 12 0.02112526 
101 495 13 16 0.021075292 
50 469 17 19 0.020936446 
213 421 22 25 0.02084147 
143 324 11 14 0.020567784 
102 471 10 13 0.02055227 
400 71 39 59 0.020454926 
133 422 14 18 0.020407284 
27 450 21 30 0.020291323 
175 399 12 15 0.020105675 
27 430 25 33 0.02009969 
378 301 13 14 0.020050935 
209 333 11 14 0.020046882 
