29_Students_Schoolkids_Students_Schoolkids_29_251
47
637 168 60 76 0.99921906 
485 470 57 75 0.99860966 
315 328 57 68 0.99856734 
263 461 69 92 0.99855095 
51 311 58 72 0.99845254 
382 476 65 77 0.9983991 
217 261 66 76 0.9981597 
732 295 71 91 0.99800485 
111 195 61 75 0.9979419 
500 218 67 86 0.9978898 
657 269 62 79 0.99761486 
906 212 64 72 0.9973531 
49 558 75 85 0.99711967 
406 112 51 62 0.99592835 
376 278 52 56 0.99522096 
745 493 75 94 0.9933288 
544 353 75 69 0.98989314 
897 96 50 61 0.98814183 
216 195 44 52 0.9760031 
383 208 47 50 0.64987195 
509 138 39 51 0.63097936 
825 261 19 21 0.2247256 
537 144 36 46 0.21607438 
370 220 56 65 0.13824952 
631 569 47 76 0.12445315 
563 244 41 57 0.074978426 
857 305 46 61 0.06718639 
993 242 30 55 0.061360184 
778 115 13 20 0.0579665 
842 258 15 18 0.052984685 
632 290 47 68 0.038481575 
97 591 87 102 0.037866555 
818 263 30 32 0.03546217 
243 575 17 18 0.03368221 
403 202 37 48 0.03193979 
779 156 15 18 0.030279836 
845 126 14 15 0.030103998 
834 250 24 29 0.02800318 
537 238 53 68 0.026840582 
487 435 47 52 0.026178937 
858 168 18 23 0.023550376 
438 277 43 57 0.021905284 
824 159 10 15 0.021822043 
837 233 25 29 0.021695005 
861 84 12 14 0.021547811 
819 276 32 39 0.020586291 
527 155 52 60 0.020203846 
