29_Students_Schoolkids_Students_Schoolkids_29_310
38
283 196 56 75 0.999624 
652 190 58 74 0.99957854 
96 205 59 79 0.99922633 
831 213 63 76 0.999041 
469 196 54 74 0.998744 
544 150 107 128 0.99656445 
367 208 101 134 0.9818619 
468 417 11 12 0.41932052 
658 386 11 15 0.4081753 
678 380 12 15 0.35514954 
837 408 11 13 0.35006863 
762 184 84 106 0.3113551 
487 415 10 11 0.23168339 
592 168 84 98 0.22121486 
79 398 11 12 0.11671035 
72 391 62 55 0.09229146 
505 415 9 13 0.06637397 
674 378 21 26 0.05994143 
797 191 81 90 0.05611723 
697 383 12 15 0.044762637 
478 418 13 15 0.04106473 
857 402 13 15 0.03809203 
510 420 10 12 0.036993843 
519 427 26 28 0.03432868 
723 436 14 24 0.031578556 
356 406 11 13 0.030045327 
347 390 52 60 0.02816233 
841 405 13 15 0.028013831 
406 211 84 99 0.027179247 
682 376 13 15 0.02566013 
489 419 12 13 0.025560142 
444 437 13 15 0.02413202 
466 412 18 21 0.022559017 
436 440 16 17 0.021288702 
519 430 12 14 0.021171605 
74 393 28 28 0.02100539 
589 -12 462 466 0.020933831 
269 451 35 30 0.020808205 
