29_Students_Schoolkids_Students_Schoolkids_29_684
38
456 39 51 66 0.99893206 
205 58 59 72 0.9979832 
789 480 8 10 0.63955295 
357 136 36 37 0.3649711 
959 464 14 19 0.20458423 
824 464 10 13 0.1355847 
991 472 9 10 0.1310583 
847 463 10 13 0.07454453 
829 467 9 12 0.050157133 
426 541 9 11 0.0476415 
551 524 13 17 0.043854628 
840 459 10 13 0.043216508 
361 151 22 23 0.040635 
138 632 52 57 0.040273786 
786 482 10 14 0.038833097 
321 518 8 10 0.037535075 
955 470 16 21 0.03528652 
440 520 7 10 0.035253406 
661 487 9 11 0.034294184 
997 483 15 20 0.03292089 
294 509 8 10 0.031670157 
554 501 8 10 0.031472012 
851 467 9 12 0.03118351 
685 487 10 12 0.03075186 
986 470 10 14 0.029522752 
527 494 10 11 0.029400222 
345 165 48 48 0.02628798 
639 502 11 12 0.026195778 
996 477 13 17 0.026104983 
951 465 14 21 0.02544382 
556 528 15 18 0.023993215 
799 468 9 12 0.02361191 
474 557 10 13 0.023186706 
401 535 7 10 0.022941425 
984 469 21 25 0.02206059 
837 468 12 13 0.022039736 
441 525 7 10 0.021766502 
657 492 10 12 0.021654371 
