40_Gymnastics_Gymnastics_40_593
210
171 261 42 55 0.99502665 
542 183 43 55 0.99475217 
302 186 43 55 0.9946044 
843 255 37 50 0.9944095 
754 196 35 49 0.9921888 
939 299 39 53 0.98956805 
629 203 41 54 0.9872758 
38 244 44 54 0.98688126 
71 287 38 53 0.98419905 
417 207 37 51 0.9828576 
22 47 24 30 0.97977763 
99 41 19 26 0.94400704 
16 107 22 30 0.89821404 
112 116 18 22 0.7327122 
946 118 18 22 0.7278864 
167 138 20 25 0.7035831 
771 1 18 21 0.5938006 
231 254 20 25 0.50814384 
839 34 18 22 0.506775 
233 33 16 20 0.48464105 
931 176 15 22 0.46150222 
910 28 15 20 0.42366272 
91 163 24 32 0.35565227 
79 175 35 50 0.3344906 
556 132 24 31 0.332107 
940 259 28 32 0.32453063 
361 19 15 19 0.31555495 
697 3 18 19 0.30839303 
410 66 18 22 0.2972282 
971 73 18 24 0.287257 
164 30 15 20 0.28616786 
660 66 15 20 0.28114685 
549 72 14 18 0.23676394 
16 218 17 23 0.2220517 
66 232 29 34 0.2051771 
1010 34 14 23 0.2003217 
547 67 50 62 0.16965394 
77 61 16 20 0.16853596 
108 447 24 31 0.16664167 
0 269 18 32 0.16415076 
479 96 25 31 0.13688207 
966 102 16 20 0.1339252 
500 11 16 17 0.1325477 
775 175 26 31 0.12409439 
626 150 25 34 0.122405946 
617 0 23 24 0.1220847 
351 68 26 33 0.111151665 
866 191 18 24 0.109414145 
455 61 14 17 0.10906676 
676 66 14 19 0.10830354 
710 35 17 20 0.10125357 
459 92 12 15 0.096587524 
980 212 25 31 0.09025112 
835 89 13 16 0.08805164 
56 240 36 42 0.08539324 
972 151 24 34 0.08290735 
381 535 23 30 0.08212604 
143 22 20 26 0.08180258 
155 63 15 19 0.0772328 
142 231 21 28 0.07651168 
162 20 16 22 0.0701238 
702 106 30 36 0.070017174 
417 119 18 22 0.06946853 
644 17 14 19 0.068911344 
698 33 14 18 0.06540664 
952 88 14 17 0.062205743 
717 71 14 18 0.061236538 
601 17 14 18 0.058129825 
652 54 11 14 0.057320405 
1006 40 20 32 0.053903848 
550 71 23 31 0.053754907 
245 310 35 47 0.05350758 
887 58 14 19 0.052022796 
928 158 23 32 0.051850606 
419 0 16 18 0.051398247 
506 27 14 18 0.050145544 
738 203 25 38 0.0501373 
827 0 17 14 0.049638823 
826 52 16 19 0.049076594 
41 115 15 20 0.04839456 
70 154 22 28 0.04789268 
627 34 25 28 0.047502212 
30 111 21 27 0.04740856 
843 83 15 23 0.04716314 
507 77 13 17 0.046174612 
470 96 21 30 0.04389699 
331 85 25 30 0.043859344 
499 17 21 25 0.043692596 
834 -1 18 17 0.04338418 
843 -2 16 14 0.042276125 
833 42 23 27 0.04140792 
334 36 15 19 0.041399006 
630 150 16 21 0.040474672 
528 47 81 104 0.040261403 
640 19 23 31 0.040111598 
27 0 18 20 0.03885274 
518 23 14 17 0.035645142 
437 12 15 17 0.03525862 
654 59 13 17 0.03513779 
221 239 37 52 0.03504457 
6 45 23 32 0.03504011 
935 274 41 54 0.033880442 
634 606 26 31 0.0335023 
568 69 34 38 0.03309398 
2 15 22 31 0.032755893 
733 67 13 16 0.03271248 
750 58 16 20 0.031925842 
436 27 15 19 0.031596135 
506 6 14 16 0.031468075 
462 0 14 12 0.031463422 
862 51 16 20 0.031085826 
853 166 16 25 0.029986659 
357 23 22 27 0.029961562 
458 88 25 33 0.029944161 
993 216 17 22 0.029752783 
99 142 23 30 0.02960852 
46 5 25 29 0.029555764 
801 56 9 13 0.029532071 
986 0 15 13 0.029174741 
41 22 24 29 0.028958779 
-4 279 26 41 0.028767876 
97 155 18 23 0.02876011 
816 57 12 16 0.028503956 
454 66 24 30 0.02767358 
574 13 25 30 0.027603159 
228 37 25 31 0.027472526 
364 0 16 13 0.027424505 
909 8 13 17 0.027381232 
869 74 14 17 0.027103566 
588 71 18 24 0.027093086 
789 67 11 16 0.027080232 
838 79 12 18 0.027048891 
884 115 16 21 0.026830947 
149 423 13 16 0.026746381 
562 87 18 23 0.026584951 
959 3 14 17 0.026575042 
859 96 40 46 0.026547207 
709 45 17 21 0.026518041 
570 26 29 34 0.026391817 
499 78 21 27 0.026023844 
245 347 11 16 0.02600906 
648 58 12 16 0.026005272 
910 52 15 22 0.025892358 
557 -1 17 13 0.025798002 
103 132 23 29 0.025777332 
646 65 13 17 0.025775595 
780 187 17 24 0.025764603 
45 0 15 14 0.025692733 
663 34 14 18 0.025609797 
28 8 26 32 0.025582422 
549 108 44 58 0.025513213 
133 154 21 30 0.025457384 
341 78 26 35 0.025402753 
668 63 14 20 0.025362963 
299 -1 33 31 0.025277315 
87 187 22 28 0.025267929 
613 149 43 54 0.025263818 
957 92 22 27 0.025213113 
723 67 13 18 0.025161508 
519 65 15 21 0.025115637 
993 0 20 19 0.025115162 
486 87 24 32 0.0248833 
459 97 14 18 0.02474334 
935 247 26 30 0.02444231 
30 34 25 31 0.024364205 
833 73 23 31 0.024166485 
435 14 22 29 0.02413484 
-1 69 9 16 0.024044571 
453 79 23 28 0.024006544 
818 94 13 14 0.023941085 
15 316 28 34 0.023873813 
17 1 26 30 0.023835493 
993 110 16 20 0.02383306 
902 432 17 20 0.023797298 
551 5 25 27 0.023788558 
330 624 8 10 0.023641622 
671 68 21 29 0.023617892 
304 -1 21 18 0.023552062 
555 23 48 58 0.02308264 
151 262 27 38 0.022693347 
958 106 22 28 0.022659535 
796 65 15 20 0.022416173 
466 60 13 16 0.022232061 
76 464 23 34 0.022231216 
885 38 16 20 0.022163676 
933 65 21 28 0.022144642 
239 27 19 23 0.02212087 
3 220 41 52 0.022086568 
631 106 13 18 0.021879807 
313 12 25 29 0.021442633 
30 25 15 18 0.021423476 
159 265 35 44 0.021267287 
170 37 15 20 0.021266678 
684 109 11 13 0.02113395 
792 102 22 27 0.021089235 
883 164 21 32 0.021087484 
449 11 22 30 0.021016825 
822 48 12 14 0.020920752 
801 61 14 17 0.020612283 
428 19 15 19 0.020552827 
795 74 15 19 0.020520369 
459 55 15 18 0.020502798 
245 61 23 29 0.020486165 
813 53 20 25 0.020405479 
621 59 24 29 0.02018165 
441 33 14 18 0.020175314 
741 66 13 17 0.02017155 
937 179 17 24 0.020053891 
236 105 13 19 0.020052139 
470 204 39 50 0.020034565 
