40_Gymnastics_Gymnastics_40_420
39
756 467 92 115 0.9997496 
595 412 87 111 0.99940825 
314 216 63 84 0.9988813 
242 193 65 87 0.99847394 
165 177 67 86 0.9982406 
475 395 80 102 0.99614847 
402 328 81 100 0.99348456 
385 293 57 75 0.48474964 
382 224 62 76 0.2915149 
280 203 63 88 0.28411967 
330 494 48 82 0.26572376 
20 210 20 25 0.12553297 
366 312 55 79 0.10560329 
894 209 117 116 0.096853346 
2 560 191 238 0.058712225 
161 483 104 139 0.057862993 
26 208 23 25 0.05596027 
376 255 58 76 0.04194273 
190 371 29 43 0.03894008 
348 491 57 98 0.036039423 
746 243 13 16 0.034869958 
524 -48 433 470 0.034288317 
335 506 34 45 0.03179313 
802 284 15 16 0.03111567 
796 -9 212 210 0.027729128 
296 366 54 69 0.027204854 
215 172 73 99 0.026610443 
735 243 23 28 0.02558676 
-9 817 280 326 0.025389735 
316 110 16 18 0.025241172 
341 325 57 85 0.023507701 
802 15 115 138 0.023488838 
45 430 106 110 0.02290544 
781 31 49 64 0.022697862 
97 -46 425 499 0.022422586 
402 147 15 17 0.021676295 
281 410 56 73 0.02150669 
315 357 58 85 0.021121535 
266 430 51 67 0.020769581 
