40_Gymnastics_Gymnastics_40_401
40
418 429 148 181 0.99922085 
700 128 15 16 0.36004007 
528 1441 86 144 0.1694646 
-7 1156 445 585 0.13330722 
145 886 84 118 0.103848964 
818 1513 57 79 0.09471454 
965 1529 50 73 0.08748167 
764 1490 48 66 0.081720024 
565 1466 61 100 0.070972905 
634 488 379 494 0.059166666 
34 886 523 428 0.05754612 
-82 983 438 455 0.052994143 
399 885 32 54 0.051159393 
677 1279 390 513 0.050408546 
268 715 99 123 0.04941762 
894 637 58 61 0.040007982 
232 274 45 53 0.038988575 
383 1107 429 453 0.038957633 
841 692 56 67 0.037382036 
263 1239 384 509 0.0358543 
835 1221 137 131 0.031843264 
773 1484 84 105 0.031086603 
222 660 93 124 0.02990441 
684 131 209 276 0.029257616 
278 796 195 259 0.02750534 
334 835 109 136 0.026216952 
192 662 376 484 0.025437571 
301 793 119 138 0.024878727 
452 1358 170 259 0.02484232 
44 1382 15 19 0.02444107 
54 657 223 309 0.023239251 
872 1230 73 78 0.022882422 
302 714 58 78 0.022730932 
833 1541 57 72 0.022422573 
760 1425 217 238 0.02203362 
806 1155 209 221 0.021873878 
865 634 120 123 0.021633014 
690 140 16 17 0.020575635 
-2 602 332 519 0.020254664 
769 583 200 270 0.020111715 
