40_Gymnastics_Gymnastics_40_47
75
594 67 65 96 0.9973387 
442 77 22 30 0.91909444 
333 40 25 34 0.8072069 
989 5 26 30 0.45870537 
4 133 22 28 0.4382548 
875 15 46 58 0.40887177 
84 44 16 26 0.24595065 
814 497 29 40 0.23331162 
156 236 22 29 0.20621698 
792 130 23 29 0.1909182 
100 112 27 34 0.184093 
733 45 22 30 0.18311225 
42 134 19 25 0.1745833 
318 102 26 32 0.16131149 
358 110 34 41 0.13366364 
989 474 29 57 0.11902296 
780 36 26 31 0.07748573 
419 173 24 39 0.049073502 
368 100 29 33 0.048415337 
770 51 15 20 0.04746938 
549 78 16 21 0.04278729 
112 -55 386 482 0.04235605 
150 177 16 20 0.041683882 
88 104 32 37 0.039790086 
563 59 47 66 0.03972517 
693 163 44 59 0.03857042 
498 44 24 28 0.03824191 
895 37 36 43 0.037424058 
563 460 47 62 0.0371271 
164 119 39 46 0.037099272 
130 172 16 21 0.036730323 
499 407 117 154 0.036408067 
64 100 46 53 0.03554645 
594 26 30 35 0.034305293 
87 134 45 53 0.03376474 
304 104 27 32 0.033500187 
283 29 25 31 0.03330625 
752 64 43 54 0.03215189 
866 0 79 97 0.0319576 
498 88 24 31 0.03164975 
215 192 25 31 0.031024342 
90 35 17 22 0.028920146 
363 104 19 22 0.028893566 
39 121 30 33 0.027928004 
474 138 31 39 0.027622806 
212 197 40 50 0.02741577 
735 50 40 50 0.02723127 
664 34 29 41 0.02655137 
769 46 28 34 0.02598668 
137 168 23 29 0.025849685 
111 126 19 23 0.025643686 
308 72 17 21 0.025143363 
981 63 25 32 0.024766319 
723 33 28 36 0.024490887 
300 163 14 18 0.024257554 
754 94 54 63 0.023914741 
773 111 46 58 0.02357982 
37 25 16 19 0.023518272 
460 45 24 27 0.023451732 
153 94 49 58 0.023107158 
499 81 16 19 0.022927154 
584 20 48 60 0.022897493 
322 231 16 19 0.022712763 
506 100 17 22 0.022094924 
283 23 43 48 0.021913404 
172 641 35 36 0.021731975 
96 542 30 34 0.021729812 
223 183 21 28 0.021572739 
301 110 43 52 0.02134991 
376 103 18 20 0.021272728 
737 34 29 35 0.020890819 
79 201 24 29 0.020864472 
697 60 27 35 0.020733656 
125 159 27 34 0.020203343 
25 185 46 62 0.02013345 
