40_Gymnastics_Gymnastics_40_24
95
692 265 65 58 0.6118795 
991 481 11 15 0.285287 
535 447 11 14 0.24561204 
620 239 32 39 0.1690416 
666 219 29 35 0.15167679 
667 225 58 74 0.1350657 
690 262 44 39 0.11820262 
573 468 11 14 0.10110336 
965 361 13 16 0.09903471 
118 521 14 17 0.09813095 
70 550 11 15 0.087811634 
503 500 12 15 0.08571746 
654 208 51 69 0.07492368 
680 320 44 33 0.07249787 
165 468 11 14 0.07168277 
394 429 12 16 0.071587995 
175 532 14 18 0.07118608 
608 476 13 16 0.056346685 
562 563 14 19 0.05562048 
138 553 14 19 0.05395053 
622 234 52 62 0.053118292 
480 435 13 17 0.052934173 
143 444 13 17 0.048115563 
529 548 11 14 0.04757711 
27 354 17 22 0.047485355 
540 492 11 13 0.047405563 
428 545 13 15 0.04641036 
272 452 12 14 0.046324816 
534 529 12 15 0.044781394 
663 475 13 16 0.044552308 
684 288 67 57 0.043311372 
918 241 15 20 0.043214917 
805 57 18 20 0.04309143 
3 463 26 47 0.043043815 
48 378 17 20 0.043025274 
644 195 93 130 0.041500814 
573 501 12 14 0.04019101 
238 47 16 20 0.038698997 
99 497 14 18 0.037331197 
101 56 15 19 0.037279665 
671 229 33 41 0.036793225 
81 365 27 36 0.036401127 
610 530 14 18 0.033832468 
447 451 12 14 0.03368163 
599 515 11 13 0.033245318 
190 562 14 18 0.032926526 
951 479 12 16 0.03257349 
552 201 95 112 0.03246865 
653 269 15 22 0.032310657 
658 295 56 53 0.031532444 
470 521 12 17 0.031161824 
582 493 12 14 0.02969846 
897 348 16 20 0.028295008 
478 493 10 12 0.028141653 
663 482 10 13 0.027011577 
418 468 13 16 0.026763989 
669 450 12 15 0.026585976 
531 541 12 15 0.02653703 
184 508 10 13 0.02653277 
488 0 31 32 0.026306082 
918 426 10 12 0.026175594 
486 9 43 56 0.026174013 
697 434 11 13 0.026050774 
612 481 12 15 0.025872124 
484 440 12 15 0.024932077 
114 443 16 18 0.024928074 
558 533 12 16 0.024733322 
944 426 10 13 0.024642697 
1008 428 11 13 0.024083486 
117 604 14 16 0.02376344 
455 466 12 15 0.023683185 
212 444 12 15 0.023665573 
596 550 12 15 0.023295928 
492 473 12 15 0.022885213 
640 257 29 35 0.022737052 
868 239 18 21 0.02270701 
196 491 11 12 0.022260746 
77 589 15 20 0.02222847 
127 639 12 12 0.022204552 
99 638 12 12 0.022160323 
637 527 11 13 0.022107026 
618 194 63 81 0.022057962 
156 513 11 14 0.021923926 
290 351 447 502 0.02190377 
707 254 42 44 0.021634974 
477 522 13 17 0.021227628 
683 48 16 19 0.021146022 
389 451 14 18 0.020927094 
455 431 10 14 0.020533167 
293 -52 426 491 0.020461548 
279 239 27 34 0.020373391 
540 485 13 15 0.02022618 
636 469 13 17 0.02008545 
510 471 10 14 0.02006854 
1003 227 20 34 0.020002058 
