40_Gymnastics_Gymnastics_40_891
47
546 379 30 37 0.99959093 
259 280 30 38 0.9994773 
477 385 30 36 0.9994697 
521 480 31 38 0.9993944 
607 484 30 38 0.99925584 
457 477 29 37 0.99923635 
676 487 33 41 0.99922395 
677 393 30 40 0.9991478 
580 321 27 35 0.99901664 
183 308 31 38 0.99899846 
122 297 32 40 0.9989421 
387 482 28 35 0.99887854 
322 294 29 37 0.9988024 
522 304 29 36 0.99874264 
762 411 31 37 0.99873203 
451 304 27 34 0.9985998 
874 352 32 39 0.99847025 
737 499 32 41 0.9982798 
380 288 28 35 0.9982344 
604 389 33 42 0.9981091 
68 303 34 43 0.99799573 
759 331 31 38 0.99660957 
695 336 30 38 0.99656624 
921 358 33 42 0.99620074 
842 348 27 33 0.98555815 
669 281 29 36 0.9814563 
823 335 25 32 0.9205849 
504 485 14 17 0.13008961 
255 579 24 28 0.11413043 
708 389 25 32 0.08690997 
403 423 17 20 0.07613276 
513 590 17 19 0.0747305 
510 622 16 21 0.050634533 
277 391 16 19 0.032237306 
492 622 15 17 0.03211742 
820 382 25 32 0.030082595 
556 635 16 19 0.029016184 
275 579 24 28 0.028311118 
751 465 27 29 0.02751273 
861 224 8 11 0.02751141 
837 279 9 13 0.02470008 
872 270 10 12 0.023808926 
948 370 15 21 0.0227437 
749 245 10 12 0.022590412 
752 461 17 19 0.022152739 
332 23 15 17 0.021577878 
764 472 17 19 0.02131893 
