40_Gymnastics_Gymnastics_40_609
20
479 361 119 144 0.98492175 
485 125 50 65 0.12114338 
837 63 51 66 0.09729055 
553 6 43 53 0.05180041 
389 102 43 60 0.04617836 
884 331 36 43 0.03523909 
160 363 87 119 0.0344497 
872 92 36 46 0.03362029 
364 97 42 60 0.027765218 
571 88 45 53 0.027385024 
373 165 35 42 0.0258726 
495 100 49 66 0.025065282 
176 63 45 59 0.024815267 
585 117 35 43 0.024696149 
240 232 32 42 0.024086183 
248 352 40 51 0.023340454 
467 112 81 110 0.02302993 
733 129 28 38 0.021905858 
489 333 84 110 0.02145886 
834 90 40 49 0.020060267 
