40_Gymnastics_Gymnastics_40_920
87
122 160 62 78 0.9994604 
259 170 60 76 0.9993864 
395 173 64 81 0.9991084 
481 168 62 83 0.99815756 
569 149 71 84 0.9980471 
746 123 77 98 0.99448884 
316 436 16 22 0.31418517 
993 231 6 9 0.19000874 
959 222 8 11 0.105635 
1006 215 8 12 0.08782573 
982 221 7 9 0.073512405 
990 255 7 9 0.07246797 
997 231 7 9 0.058588963 
970 239 8 9 0.05176455 
932 493 17 20 0.050028205 
985 254 7 10 0.046725996 
1012 307 9 16 0.045536943 
985 230 7 9 0.04469653 
984 248 7 9 0.044685908 
961 216 7 9 0.04460934 
999 246 9 11 0.044435065 
970 231 7 9 0.042500086 
920 62 8 10 0.042128947 
978 216 7 9 0.04162645 
991 263 7 9 0.04141998 
390 398 36 45 0.04138611 
1006 271 8 10 0.038822353 
1015 262 8 10 0.03534831 
983 279 9 11 0.03498892 
998 239 8 10 0.033918366 
967 214 7 9 0.033396613 
659 133 7 9 0.032213617 
936 72 7 10 0.03213553 
1005 276 8 10 0.031965863 
640 109 7 9 0.031881455 
993 237 8 10 0.0315154 
2 235 14 19 0.031395957 
975 232 7 9 0.031288613 
905 73 7 9 0.031284083 
974 238 7 9 0.03113061 
969 209 6 9 0.030883987 
300 407 22 28 0.030811995 
1014 239 7 11 0.03052746 
1013 28 9 13 0.029920397 
720 379 25 41 0.029679587 
239 441 8 9 0.029285014 
993 226 7 9 0.028615031 
200 495 11 12 0.028553065 
1001 263 7 9 0.027935086 
991 269 8 9 0.027529748 
208 468 10 12 0.02684742 
1008 247 7 10 0.026245562 
3 216 13 17 0.026127487 
275 426 14 20 0.02586596 
688 373 12 13 0.025847591 
975 253 10 12 0.025637079 
1003 87 8 10 0.025485268 
634 119 8 8 0.025414981 
991 248 8 9 0.025371207 
984 239 8 10 0.024583265 
974 453 14 19 0.02416751 
221 437 9 11 0.023942798 
704 423 10 13 0.023881316 
255 440 9 10 0.023789175 
775 440 7 9 0.023618955 
1001 253 8 11 0.023362288 
1015 255 7 11 0.023353053 
26 534 9 11 0.02323679 
657 128 8 10 0.023130277 
948 434 13 16 0.02297682 
692 371 11 12 0.022903932 
15 167 8 10 0.02284027 
441 405 10 14 0.022735793 
664 135 7 9 0.02255961 
985 261 8 10 0.022361638 
952 207 7 10 0.022253929 
222 431 9 11 0.021985698 
925 518 10 12 0.02165414 
1007 254 7 10 0.021466088 
1007 263 8 10 0.021452181 
2 226 14 19 0.021291193 
974 112 9 10 0.020744245 
925 461 11 17 0.020686489 
679 425 11 13 0.020624885 
625 128 8 10 0.020398028 
633 112 7 9 0.020263908 
42 7 30 32 0.020253967 
