40_Gymnastics_Gymnastics_40_646
45
919 303 54 65 0.9996525 
120 295 50 56 0.99914193 
380 278 48 59 0.9990094 
595 305 45 56 0.99872595 
548 196 48 58 0.99866176 
770 316 54 65 0.9985262 
839 164 47 54 0.99795294 
261 256 45 55 0.997248 
393 151 39 52 0.9967391 
713 167 44 51 0.99104965 
504 311 43 55 0.983573 
960 66 15 19 0.88924515 
999 78 12 15 0.74427557 
174 85 14 17 0.6184449 
1003 42 12 16 0.31093937 
937 83 12 14 0.22997198 
999 85 21 33 0.12482246 
276 66 9 11 0.11675713 
507 260 46 59 0.07169304 
285 81 11 15 0.056184147 
173 90 23 28 0.055768464 
933 79 21 24 0.052299052 
895 77 10 13 0.05116996 
951 103 12 14 0.05087145 
177 77 16 20 0.041892085 
49 117 9 11 0.03950428 
488 44 11 15 0.03683353 
373 77 12 17 0.035908196 
950 73 13 17 0.034293287 
943 100 10 13 0.031434238 
952 67 13 17 0.029771192 
760 76 25 33 0.02720573 
955 108 15 17 0.027122162 
935 101 10 13 0.026157841 
375 163 23 34 0.02559664 
999 35 19 26 0.024411015 
472 39 9 13 0.024191935 
927 78 11 15 0.023420405 
947 82 13 17 0.023200301 
927 100 10 13 0.0231514 
919 95 9 12 0.021880748 
948 104 27 28 0.020728573 
748 77 27 37 0.020574858 
925 72 22 27 0.020301677 
920 83 9 13 0.020005118 
