40_Gymnastics_Gymnastics_40_197
29
475 485 133 156 0.9944149 
632 1492 65 81 0.87519175 
723 1297 53 69 0.6666352 
522 1028 60 100 0.53191924 
830 1180 56 73 0.5041048 
76 1113 266 247 0.3981214 
445 498 356 443 0.18301658 
485 96 80 124 0.1586742 
917 335 47 66 0.13196915 
-7 1107 391 424 0.12810433 
211 1135 84 129 0.10112704 
499 1521 58 74 0.09060123 
347 117 101 137 0.07158653 
983 1163 27 33 0.064935 
43 292 39 51 0.052812595 
391 660 241 288 0.042078137 
106 838 47 71 0.03898568 
319 379 43 62 0.038629632 
16 1421 18 23 0.02844299 
256 447 32 42 0.026883941 
944 1322 29 35 0.026402615 
250 1150 54 89 0.026350161 
149 515 40 55 0.025948858 
901 1043 55 68 0.024891859 
762 216 54 69 0.023433767 
439 247 232 294 0.02265344 
337 61 154 232 0.022635728 
957 763 38 52 0.022518067 
241 810 54 64 0.021508008 
