40_Gymnastics_Gymnastics_40_612
37
301 200 111 113 0.9987165 
41 447 38 53 0.6230996 
86 136 59 67 0.572675 
147 549 32 46 0.35647428 
942 544 34 45 0.34908557 
82 31 29 40 0.22828127 
559 382 76 69 0.19518137 
257 93 37 52 0.19389899 
279 138 194 189 0.09142827 
23 0 38 42 0.085861884 
242 4 52 62 0.07546078 
295 370 71 51 0.07156459 
196 111 26 35 0.05722882 
531 379 128 117 0.055133317 
679 190 42 37 0.05324826 
30 542 34 47 0.05043076 
20 13 48 54 0.04888417 
43 154 45 65 0.044979233 
47 178 27 38 0.042522952 
512 495 73 74 0.04169708 
97 106 53 59 0.040175524 
488 212 55 76 0.039136115 
71 160 52 65 0.03144553 
230 401 60 73 0.026419183 
414 62 122 138 0.02584367 
679 209 62 72 0.02494809 
252 20 54 73 0.024867084 
39 138 31 40 0.024829824 
154 205 28 37 0.023142383 
486 453 136 129 0.02288733 
783 607 34 33 0.022238405 
105 92 37 41 0.022190219 
191 171 25 31 0.021863233 
48 31 45 52 0.021750756 
268 445 133 156 0.0212605 
116 0 35 34 0.021180024 
110 140 35 43 0.020537555 
