40_Gymnastics_Gymnastics_40_285
20
773 415 91 62 0.47130823 
868 40 13 16 0.2603154 
787 421 51 38 0.078783795 
0 92 32 64 0.06684046 
772 427 49 43 0.053291652 
686 371 240 177 0.033573303 
477 450 69 54 0.032231223 
887 167 11 14 0.030435301 
802 412 53 40 0.030197227 
859 29 10 13 0.0289355 
236 568 60 69 0.02623003 
248 139 11 16 0.026226107 
911 238 120 113 0.025818054 
280 41 11 16 0.025060913 
459 436 105 92 0.025042009 
841 266 134 149 0.02435449 
273 76 10 15 0.024148198 
735 427 86 63 0.022665482 
771 427 129 82 0.020749396 
940 266 70 62 0.020045258 
