40_Gymnastics_Gymnastics_40_638
67
973 320 9 12 0.29754975 
455 323 31 39 0.26829323 
1000 487 24 34 0.1801609 
1003 234 15 19 0.17452472 
920 374 10 12 0.13978934 
910 413 12 17 0.10263256 
959 376 8 10 0.0994741 
672 365 10 13 0.070528366 
901 360 8 12 0.0645637 
901 365 10 14 0.0620624 
919 379 11 14 0.05988365 
999 376 11 12 0.05468583 
288 404 10 13 0.05412784 
656 362 12 15 0.052744783 
732 262 14 21 0.05262676 
676 362 9 14 0.05174629 
640 379 11 14 0.049773946 
293 397 14 16 0.04960849 
968 321 12 15 0.046863288 
912 382 9 12 0.046690747 
895 339 10 13 0.04567138 
955 412 10 14 0.044186134 
295 388 13 15 0.040356204 
714 324 17 21 0.03945612 
866 328 9 11 0.039269198 
645 375 10 15 0.036339927 
927 388 10 12 0.03611107 
733 270 25 31 0.035489354 
912 374 8 11 0.033102673 
670 370 9 13 0.032906827 
123 220 30 34 0.03141526 
1006 485 17 19 0.030618964 
935 383 10 12 0.030451499 
957 318 12 16 0.029455464 
935 399 11 13 0.029235275 
705 253 25 32 0.028732467 
403 357 15 17 0.028657315 
987 493 33 45 0.028440828 
759 283 53 68 0.027800534 
951 342 9 11 0.027663901 
830 294 10 14 0.02610602 
949 333 9 12 0.025976773 
938 403 12 15 0.025737794 
713 266 14 18 0.025421226 
984 375 9 12 0.024965854 
722 280 54 65 0.024392026 
997 378 15 19 0.024306657 
902 416 15 19 0.023919003 
650 515 28 34 0.023261305 
125 442 10 13 0.023255233 
924 381 11 14 0.02324829 
743 352 14 18 0.022843834 
773 248 206 231 0.02262084 
981 325 9 12 0.022164099 
739 287 16 19 0.02211464 
952 368 7 10 0.021819957 
992 326 9 11 0.021793127 
689 326 10 13 0.021593945 
121 459 10 12 0.021589272 
639 387 10 13 0.021194195 
954 373 9 11 0.02103606 
813 251 95 130 0.020903993 
714 241 43 52 0.020889746 
1009 364 9 12 0.020664018 
689 351 10 13 0.02056025 
727 247 25 33 0.020392869 
285 409 12 16 0.020265859 
