40_Gymnastics_Gymnastics_40_242
145
492 459 88 60 0.9719534 
751 423 11 14 0.23618281 
515 468 59 34 0.16092694 
210 501 12 14 0.15673105 
205 560 21 28 0.14789164 
724 421 13 16 0.13962911 
750 484 11 15 0.13045609 
423 518 13 16 0.1292364 
244 575 12 14 0.12623666 
757 544 15 20 0.12464611 
474 433 87 66 0.12367287 
295 434 13 14 0.12117866 
909 482 12 16 0.1154073 
721 488 9 12 0.11137132 
800 597 12 14 0.10607242 
832 419 13 16 0.099883154 
340 585 9 13 0.09934351 
663 429 11 14 0.094473965 
376 430 11 13 0.09361272 
330 427 13 16 0.09128883 
805 436 16 22 0.0890592 
272 553 12 17 0.08280483 
77 566 12 17 0.078052394 
960 546 11 13 0.07782968 
473 467 50 37 0.076361015 
956 509 10 14 0.07608181 
21 550 11 13 0.07487459 
903 485 13 16 0.07395389 
904 557 10 12 0.07363218 
290 478 14 15 0.07040516 
776 530 12 15 0.070303746 
971 404 13 17 0.069794014 
627 503 10 12 0.06518088 
799 484 12 15 0.06463408 
1007 542 11 13 0.06397475 
979 485 11 14 0.06366179 
925 560 9 11 0.060820505 
878 518 9 12 0.059959114 
892 505 12 15 0.04851251 
663 424 10 12 0.04808615 
818 474 13 17 0.04735163 
110 488 9 12 0.046440758 
912 501 12 15 0.046140898 
78 515 11 14 0.045621265 
968 518 10 12 0.045522254 
644 498 11 13 0.0446895 
714 549 16 19 0.044629883 
887 575 12 15 0.04416886 
297 572 10 12 0.04382468 
327 570 12 14 0.04335763 
975 478 10 12 0.04286635 
860 556 16 20 0.042805374 
992 579 9 13 0.042444967 
947 471 10 13 0.042331666 
768 467 14 18 0.04181224 
979 387 12 14 0.041420355 
991 515 9 11 0.040587395 
659 434 16 20 0.04022132 
80 508 13 16 0.040095653 
724 493 11 12 0.040022828 
916 483 11 15 0.039787773 
242 533 13 16 0.03917 
701 498 12 14 0.038906436 
233 509 11 14 0.03849104 
652 565 11 14 0.037462056 
964 407 24 27 0.037374143 
18 529 15 18 0.03515738 
228 434 11 13 0.034793917 
936 546 11 14 0.034598242 
98 595 13 16 0.034505237 
973 397 13 15 0.034385838 
483 387 69 74 0.034209985 
30 542 12 15 0.033350058 
108 532 13 16 0.03265352 
54 522 10 12 0.032649614 
949 535 10 13 0.032555487 
249 441 24 27 0.032504022 
1012 542 11 16 0.03194904 
811 420 12 14 0.03190333 
4 519 10 13 0.03171397 
558 72 448 522 0.03156854 
840 556 12 15 0.029838951 
207 482 14 16 0.028887302 
1001 539 11 14 0.028674582 
213 547 13 15 0.028379822 
664 532 12 15 0.02801848 
949 597 9 13 0.027658477 
442 570 16 19 0.027502978 
625 564 9 11 0.027224528 
944 413 12 15 0.02665348 
15 538 11 14 0.026613278 
24 595 11 15 0.02649344 
969 591 10 13 0.02633117 
368 503 10 12 0.026322072 
877 533 13 16 0.025919262 
781 496 13 17 0.0257616 
206 491 19 23 0.025447464 
366 557 9 12 0.025400052 
877 595 15 19 0.025210733 
632 599 8 12 0.02517174 
234 514 13 16 0.025143089 
750 550 15 19 0.025137456 
238 537 15 18 0.025044505 
288 530 11 14 0.024919525 
719 438 11 13 0.024780087 
900 404 16 20 0.024606593 
256 494 10 12 0.024271874 
505 409 72 74 0.02417201 
992 469 13 16 0.024138875 
19 539 14 16 0.024123311 
10 39 17 21 0.023934716 
946 418 14 16 0.023418725 
37 25 16 21 0.023293052 
812 514 11 14 0.022919508 
147 334 15 19 0.022898352 
125 330 11 13 0.022800937 
38 547 11 13 0.022753313 
991 556 8 11 0.02265586 
423 557 9 12 0.022532368 
357 567 10 12 0.022375077 
237 326 17 22 0.022263067 
217 540 12 14 0.022186298 
125 173 16 20 0.022138556 
974 471 10 13 0.022067012 
942 540 11 15 0.021990027 
749 417 19 23 0.021910265 
959 412 15 17 0.02179771 
640 550 11 14 0.021745346 
644 556 11 13 0.021739567 
852 492 11 14 0.021730475 
58 330 10 13 0.021694887 
352 511 9 11 0.021645721 
876 523 13 15 0.021354942 
71 561 21 26 0.02134086 
81 494 8 10 0.021181554 
950 539 12 16 0.021067554 
336 504 9 11 0.021007475 
81 502 11 14 0.02095285 
3 333 14 20 0.020621998 
444 444 114 107 0.020490464 
806 428 15 19 0.020456605 
872 596 13 16 0.02041753 
393 512 9 11 0.02031945 
453 591 10 13 0.020101203 
331 525 11 13 0.020083014 
