40_Gymnastics_Gymnastics_40_260
70
196 527 32 42 0.99780315 
453 218 37 47 0.99209267 
1000 590 25 39 0.98160446 
65 527 25 33 0.96018577 
800 542 22 31 0.94708955 
352 281 41 58 0.84244084 
768 538 22 31 0.4860048 
910 554 21 32 0.4799792 
638 645 9 11 0.14602374 
629 669 9 11 0.13799699 
55 538 28 34 0.12973347 
677 662 9 12 0.1283976 
670 646 8 10 0.12487565 
638 661 8 11 0.120966 
648 631 9 11 0.10212291 
607 661 8 11 0.09751389 
859 554 14 16 0.09272683 
938 630 22 29 0.07599341 
606 655 7 10 0.07520973 
632 664 10 11 0.072678015 
638 655 10 13 0.06199127 
701 660 9 13 0.059763122 
778 533 14 18 0.059478108 
666 647 8 10 0.05590114 
279 572 21 30 0.053341772 
602 655 8 10 0.044208642 
683 630 7 9 0.042388532 
550 645 10 10 0.039185133 
550 636 12 15 0.0384988 
674 667 9 11 0.037222408 
657 656 9 10 0.036238723 
607 648 7 9 0.03574469 
548 605 10 12 0.03562347 
646 636 9 12 0.03539906 
866 653 13 14 0.03389223 
714 660 12 15 0.033126198 
51 544 21 24 0.03296998 
229 580 32 41 0.032531112 
864 73 26 33 0.032495085 
654 631 9 11 0.031778403 
921 554 15 25 0.030541008 
536 680 9 11 0.029485635 
663 653 8 11 0.029465878 
625 677 8 10 0.028450212 
631 676 8 10 0.02730806 
840 63 16 20 0.027256923 
902 557 18 26 0.025277587 
544 637 11 15 0.02526484 
577 228 15 18 0.024871202 
544 613 10 13 0.024231717 
670 641 8 10 0.024018317 
865 554 14 19 0.023813602 
558 645 9 12 0.023230875 
340 289 35 44 0.022994129 
590 668 9 11 0.022900214 
656 636 9 10 0.022828642 
687 639 8 10 0.02219345 
712 655 12 14 0.022116331 
671 653 9 12 0.021723706 
625 686 8 11 0.021704527 
545 645 9 11 0.021505456 
548 620 11 14 0.021323325 
897 79 29 35 0.021291748 
558 654 9 11 0.02106379 
885 672 15 18 0.021023387 
860 191 16 19 0.020647204 
583 669 9 11 0.020577172 
681 624 8 11 0.020509437 
74 545 17 26 0.020363394 
686 644 10 11 0.020288656 
