40_Gymnastics_Gymnastics_40_762
51
580 460 120 137 0.99513656 
218 1071 33 45 0.33278003 
288 1122 40 49 0.3155051 
16 941 42 59 0.30188823 
595 130 33 43 0.15124728 
903 620 23 31 0.12711352 
245 341 34 43 0.1115044 
668 888 40 53 0.10827594 
908 463 27 37 0.10385762 
912 818 48 61 0.08867437 
329 622 49 61 0.08261824 
128 354 37 45 0.08254691 
489 1058 41 50 0.07936422 
656 767 41 63 0.076297686 
124 942 30 41 0.07608621 
162 1145 33 43 0.07094646 
574 1126 51 65 0.06263516 
141 341 41 50 0.059596892 
653 203 38 57 0.05388126 
895 624 41 57 0.04972208 
562 1004 29 37 0.049067494 
768 600 32 43 0.047136787 
988 1046 26 35 0.046784744 
119 1068 31 38 0.046779 
151 521 29 34 0.043725193 
981 1104 34 44 0.039513525 
1 1126 28 49 0.03879037 
977 901 32 43 0.03864353 
338 1208 28 36 0.036462042 
669 1010 40 55 0.03586219 
124 405 47 55 0.03515764 
497 811 103 141 0.033578757 
867 1113 31 38 0.0328103 
762 76 219 297 0.03253954 
901 798 76 103 0.032311745 
783 828 33 44 0.028395124 
73 417 33 46 0.027445467 
999 581 25 34 0.027256312 
801 716 32 39 0.027177745 
114 272 30 38 0.026454823 
816 627 23 29 0.0261641 
900 473 47 61 0.025572794 
718 947 31 41 0.02522555 
156 329 30 40 0.02319325 
618 1276 130 124 0.022155052 
896 459 85 117 0.021524824 
430 651 42 55 0.021485686 
835 754 32 37 0.021194262 
109 360 47 60 0.021037923 
348 774 35 42 0.020698601 
664 1355 12 15 0.020649465 
