40_Gymnastics_Gymnastics_40_727
88
666 173 19 23 0.9663813 
82 476 30 36 0.9583092 
218 538 33 42 0.8628433 
697 560 34 36 0.84040725 
859 435 22 28 0.5484757 
323 124 13 16 0.5003057 
590 72 17 21 0.441358 
730 346 16 23 0.2446732 
876 434 15 23 0.21656683 
535 222 12 16 0.20734107 
416 125 12 14 0.15561828 
502 207 11 15 0.15129727 
703 518 10 13 0.096741535 
844 18 50 72 0.08878201 
96 470 30 38 0.08433887 
362 187 16 21 0.08066854 
448 76 11 15 0.069998026 
362 100 14 18 0.06745076 
734 141 14 17 0.064371586 
631 108 14 16 0.063969016 
216 525 27 36 0.06317352 
660 548 21 30 0.062923804 
860 418 13 15 0.055436186 
356 92 13 15 0.05421039 
420 120 11 14 0.053988293 
394 152 9 11 0.04998284 
318 126 22 29 0.046228345 
735 352 16 20 0.041873556 
577 94 26 32 0.038013283 
409 126 10 12 0.037909072 
851 426 26 29 0.037658338 
412 119 20 25 0.036359627 
505 199 10 12 0.036011826 
500 217 12 17 0.035653584 
362 94 13 15 0.03514158 
592 80 25 31 0.03459706 
498 210 12 15 0.03325393 
797 413 14 16 0.03263298 
509 197 9 10 0.032359183 
672 198 26 28 0.032307506 
320 120 12 15 0.031383242 
9 28 41 56 0.031049648 
884 430 11 16 0.030547392 
862 40 32 38 0.029351968 
540 215 10 13 0.029349176 
339 27 12 16 0.029265696 
586 125 24 29 0.028771391 
398 114 12 15 0.028536499 
799 405 13 14 0.027777731 
658 525 17 17 0.02734954 
853 418 15 17 0.026848977 
526 216 10 11 0.026786655 
399 123 12 13 0.026548374 
348 99 16 19 0.026478814 
336 166 25 28 0.026366873 
662 540 15 19 0.026313953 
352 74 11 15 0.026286418 
471 191 11 14 0.026167983 
845 418 13 17 0.025710057 
658 534 27 33 0.025154347 
707 517 12 14 0.025106251 
640 513 35 33 0.024892567 
583 67 15 24 0.024823625 
430 195 9 12 0.024110585 
461 75 13 15 0.024106154 
683 194 15 20 0.023672946 
352 99 22 27 0.02335412 
319 137 45 52 0.023115909 
447 82 12 16 0.02310941 
228 523 29 36 0.02310352 
78 469 13 19 0.022500621 
77 472 19 27 0.02221266 
399 89 11 15 0.022044731 
699 542 29 33 0.022034915 
600 89 23 31 0.021856615 
866 418 13 16 0.02183529 
722 126 12 14 0.021625454 
353 176 23 30 0.02133517 
667 531 16 19 0.02125265 
333 130 12 16 0.021040503 
254 617 36 37 0.021027977 
345 169 15 17 0.020873182 
340 133 11 14 0.020861715 
734 334 12 17 0.020710908 
529 221 13 15 0.020709783 
324 585 31 32 0.020533668 
57 142 28 34 0.020192742 
430 116 10 14 0.020073656 
