40_Gymnastics_Gymnastics_40_521
21
248 108 59 83 0.9995085 
318 425 61 74 0.9991492 
641 86 59 74 0.99890554 
490 314 65 92 0.9980696 
981 0 38 32 0.16778798 
375 341 38 51 0.08414798 
94 474 64 53 0.038211584 
676 234 13 17 0.03595034 
923 330 52 50 0.031955317 
674 477 28 29 0.03158446 
788 455 42 42 0.031503614 
107 484 38 28 0.029413866 
136 19 14 17 0.028836925 
61 54 8 12 0.028128915 
658 178 391 478 0.026991686 
54 50 11 13 0.026954627 
75 466 108 97 0.025915205 
78 22 10 11 0.025540104 
-115 368 409 410 0.02297089 
222 552 43 58 0.02089431 
221 459 14 16 0.020667166 
