22_Picnic_Picnic_22_208
35
113 292 70 90 0.99843234 
705 214 80 97 0.9742134 
185 465 41 45 0.21436939 
220 569 54 51 0.1253454 
185 569 63 49 0.11514345 
564 527 10 12 0.09418976 
9 457 15 18 0.08928641 
445 502 10 11 0.0767074 
241 508 34 36 0.05760486 
499 545 13 18 0.055749167 
392 470 10 11 0.05042392 
406 478 8 9 0.040009264 
186 492 31 36 0.03656779 
358 536 9 10 0.033867866 
335 583 11 14 0.031615783 
525 528 8 9 0.03151398 
742 227 68 79 0.031419855 
398 471 8 10 0.029362582 
545 550 8 11 0.025781786 
1 460 10 16 0.025592573 
318 512 9 10 0.02529825 
497 542 11 14 0.025236674 
501 484 11 12 0.024494827 
367 535 8 10 0.023952425 
502 536 11 15 0.023769185 
5 438 9 12 0.023751333 
-20 307 451 487 0.023538748 
357 486 9 11 0.023374151 
427 461 9 10 0.022979422 
3 463 18 20 0.0227226 
23 451 14 18 0.022033801 
327 533 11 13 0.021925172 
202 549 83 84 0.02156189 
334 584 30 31 0.021495335 
760 422 136 156 0.020397473 
