22_Picnic_Picnic_22_140
76
566 368 24 30 0.9945861 
312 341 26 35 0.9888025 
418 350 24 26 0.9854634 
785 380 26 33 0.9447604 
637 387 22 25 0.54046696 
922 431 16 24 0.49911714 
921 374 22 29 0.48043317 
877 377 31 33 0.26077148 
892 425 23 32 0.18775979 
613 449 22 37 0.18500133 
460 426 14 20 0.16411388 
928 378 24 28 0.1081692 
869 375 25 28 0.095075466 
630 379 23 28 0.07406929 
907 375 22 30 0.065854855 
885 389 32 44 0.063715965 
395 419 27 36 0.06349464 
626 371 16 19 0.061841138 
438 445 13 18 0.05915569 
903 423 21 33 0.055749197 
917 371 16 25 0.054352883 
81 361 29 35 0.050537985 
663 414 37 53 0.048810273 
552 407 14 20 0.0486226 
898 384 17 23 0.048426945 
857 411 24 38 0.044736285 
67 414 23 38 0.04330993 
381 451 12 14 0.042252578 
678 418 26 35 0.039393682 
395 396 17 23 0.03874684 
595 527 25 42 0.038593173 
924 364 26 31 0.038361803 
635 364 13 17 0.036468927 
0 374 10 16 0.035351086 
619 454 34 38 0.035268713 
634 370 16 20 0.03482916 
798 364 14 17 0.033872455 
937 369 18 23 0.032371253 
451 416 22 33 0.031982955 
649 368 22 27 0.031912494 
799 382 26 31 0.03149701 
744 447 10 11 0.031422965 
393 401 26 38 0.031353995 
478 464 14 17 0.030613145 
390 428 14 17 0.030180695 
619 410 17 18 0.02953472 
788 373 17 24 0.028927123 
351 472 12 15 0.028067237 
530 436 10 14 0.02764854 
645 378 24 28 0.026890822 
62 334 10 13 0.02623852 
792 364 25 29 0.026070332 
622 390 27 31 0.025881633 
618 374 21 30 0.025401326 
461 447 13 18 0.02519364 
288 363 11 16 0.02518593 
315 334 14 18 0.02485123 
598 450 26 38 0.02343235 
946 378 16 22 0.023222238 
471 565 13 15 0.022784783 
887 409 38 47 0.022622282 
683 459 38 52 0.02253377 
582 576 28 41 0.022388833 
733 448 50 48 0.022280378 
657 363 13 16 0.022087239 
630 358 13 16 0.022061575 
600 457 39 52 0.021392427 
956 423 15 22 0.021221435 
922 417 26 38 0.020885965 
20 350 185 264 0.020421047 
861 393 30 42 0.020388696 
272 549 12 14 0.02037357 
643 456 30 38 0.020350402 
858 368 23 30 0.020309148 
755 444 12 14 0.02029211 
425 377 15 19 0.020141022 
