22_Picnic_Picnic_22_541
242
84 629 55 64 0.9899026 
86 348 13 19 0.68708307 
360 1110 12 16 0.4427305 
552 107 13 16 0.2981152 
993 143 15 20 0.22186708 
906 846 15 16 0.19710812 
309 192 22 25 0.196048 
534 115 9 12 0.18553044 
642 81 14 16 0.15714227 
685 154 10 12 0.14837022 
774 1304 10 12 0.12831001 
970 112 15 18 0.12611234 
431 1071 8 10 0.11215625 
294 232 18 18 0.09218874 
253 323 36 35 0.091785856 
568 12 9 11 0.088888094 
653 1097 13 14 0.08453426 
484 82 13 15 0.07967469 
583 50 10 13 0.077505626 
788 95 10 13 0.07742101 
590 12 9 10 0.076445565 
922 76 12 15 0.07404749 
600 99 10 12 0.07200294 
432 1076 9 11 0.06874199 
757 1304 8 11 0.06853919 
942 84 10 13 0.06767406 
449 1072 9 11 0.066331595 
102 335 10 13 0.065457635 
281 231 11 13 0.065305 
770 405 19 21 0.06402542 
580 103 9 11 0.06384288 
908 878 23 29 0.06347397 
606 15 8 11 0.062208325 
693 151 11 13 0.06115207 
899 891 12 14 0.059665713 
644 72 11 15 0.058576863 
845 45 12 15 0.056927215 
650 150 15 18 0.055863343 
718 56 10 13 0.055499215 
750 92 8 11 0.05526973 
838 46 13 16 0.05481102 
917 890 13 16 0.05415537 
653 85 10 13 0.05374213 
464 1070 11 13 0.052758522 
469 1084 12 15 0.05234449 
709 282 9 10 0.051993255 
252 237 14 16 0.051434264 
477 886 14 16 0.051066503 
607 108 9 11 0.050092947 
519 192 8 11 0.04921072 
897 880 25 27 0.04915124 
462 158 9 11 0.049072947 
464 1086 11 14 0.048792373 
62 319 12 15 0.04873903 
686 285 9 9 0.048559994 
436 1078 10 12 0.048366375 
761 69 10 14 0.0480462 
750 54 8 10 0.04715651 
325 287 17 19 0.047010485 
50 357 10 14 0.045903794 
427 1072 8 10 0.045811374 
263 966 59 72 0.044474535 
351 257 32 36 0.043597598 
166 335 10 12 0.04358072 
617 108 8 11 0.04323977 
886 872 13 17 0.04321226 
426 1077 8 10 0.04232469 
493 81 13 15 0.04171849 
900 866 15 17 0.041670263 
453 1071 10 13 0.041579623 
317 179 10 12 0.041534457 
784 87 11 12 0.041352212 
574 15 8 10 0.041146148 
102 346 13 17 0.040330745 
53 903 7 9 0.04014563 
680 131 11 13 0.03992556 
889 866 17 20 0.039662503 
705 284 9 11 0.039368086 
933 149 10 12 0.039200544 
606 102 9 11 0.03916629 
907 866 14 16 0.038780022 
64 345 12 16 0.03855152 
846 111 9 11 0.03814154 
434 1132 9 12 0.03788984 
797 78 9 10 0.037754662 
9 362 12 15 0.037641797 
305 290 12 14 0.037516933 
694 1070 8 10 0.037221182 
889 142 8 10 0.03674899 
436 1084 12 16 0.036604755 
721 1144 8 9 0.03644705 
437 1071 9 11 0.036256723 
576 44 12 16 0.036139432 
685 128 9 11 0.036041968 
545 96 7 9 0.035779715 
48 352 10 12 0.035531323 
785 99 11 13 0.034882337 
1006 70 9 11 0.034813795 
553 165 9 11 0.034735426 
588 51 9 14 0.034600373 
469 1077 11 14 0.034531288 
724 55 10 12 0.034162503 
864 110 8 10 0.03411612 
893 136 8 10 0.033981 
185 344 8 10 0.03387661 
103 338 13 16 0.033693936 
174 349 9 12 0.033413034 
610 1072 8 10 0.033282377 
633 77 10 14 0.033111766 
767 86 8 11 0.03277208 
584 5 9 11 0.032770183 
508 182 9 12 0.032457493 
92 342 11 15 0.032016434 
801 117 10 12 0.031978253 
942 71 8 10 0.031465214 
428 1102 11 14 0.031008122 
293 215 11 14 0.03092199 
700 156 10 12 0.030897161 
496 192 9 11 0.030498274 
757 1173 11 13 0.030233316 
638 90 10 13 0.03018466 
52 364 10 12 0.030040942 
633 84 10 13 0.029633807 
906 857 16 19 0.029605024 
662 1071 8 10 0.029574733 
536 103 8 10 0.029471926 
248 243 11 13 0.02938222 
782 1305 9 11 0.02926122 
422 1107 13 18 0.029163925 
737 71 9 10 0.029083312 
109 373 56 61 0.029053124 
170 154 51 69 0.028882025 
500 83 10 13 0.02885839 
198 334 8 9 0.028624304 
797 1218 12 16 0.028156282 
667 381 16 20 0.028147234 
802 1161 34 41 0.027982695 
678 1079 8 10 0.027883936 
643 1117 46 53 0.02785022 
724 12 11 14 0.02770003 
431 1126 10 13 0.027658463 
880 159 9 11 0.027622605 
78 316 12 14 0.027577462 
574 39 10 14 0.027546892 
450 103 8 10 0.027505936 
274 1119 30 39 0.027419195 
478 119 7 10 0.027290419 
710 44 10 13 0.027119111 
656 1089 10 12 0.027107267 
1013 91 9 12 0.026766196 
750 48 8 10 0.026560454 
354 252 17 20 0.026409868 
31 356 10 12 0.025878625 
477 1136 15 21 0.025853222 
850 44 14 17 0.025742628 
575 1150 10 11 0.025647772 
713 1069 9 9 0.025362883 
638 103 9 11 0.025295021 
159 337 12 15 0.025262497 
614 94 9 11 0.025219165 
159 1039 10 12 0.025185129 
462 1091 13 18 0.025055498 
476 442 13 15 0.02498984 
460 1098 13 17 0.024912683 
7 350 8 10 0.024820501 
245 253 12 13 0.024774821 
554 160 10 12 0.024757441 
574 7 10 12 0.024737688 
633 92 10 13 0.024721898 
236 329 41 39 0.024675699 
606 95 10 13 0.024617143 
243 285 33 33 0.024528552 
571 799 58 84 0.02449861 
882 165 9 13 0.024492247 
258 298 25 28 0.024398552 
249 1079 10 12 0.024126478 
760 84 8 11 0.024118453 
658 1070 7 10 0.024078362 
745 38 7 10 0.023997575 
184 350 8 10 0.023864623 
378 1044 11 15 0.023834601 
759 1165 11 12 0.023625536 
230 306 57 55 0.023460768 
632 1104 8 9 0.023459163 
694 281 7 9 0.02330088 
167 357 11 13 0.02320952 
480 52 12 15 0.023172628 
88 1179 11 15 0.02317048 
686 146 21 24 0.023127569 
551 97 8 10 0.02304055 
412 1071 10 12 0.023005744 
711 1165 11 15 0.022889925 
399 1039 96 125 0.022799153 
607 1120 8 10 0.022727711 
969 141 9 12 0.022638725 
958 129 9 11 0.022504102 
208 335 9 9 0.022469232 
561 7 11 13 0.022454625 
984 134 9 12 0.022351487 
503 191 8 11 0.022334656 
268 251 13 14 0.022259407 
149 93 8 11 0.02221132 
577 1128 8 10 0.022134943 
365 237 11 13 0.022084408 
396 1069 11 13 0.022057945 
512 190 8 11 0.02205089 
157 366 12 16 0.021984242 
376 1115 10 14 0.021867735 
263 1131 10 13 0.021790318 
833 46 10 15 0.0217787 
540 116 10 13 0.021756973 
85 323 10 13 0.021717409 
577 107 9 12 0.021679997 
686 164 13 17 0.021630706 
872 103 8 10 0.021500198 
269 1100 11 16 0.02146081 
65 366 10 12 0.021454524 
184 181 33 40 0.021419764 
893 885 16 19 0.021265972 
608 1109 8 10 0.02116479 
891 859 15 18 0.021148229 
683 286 7 9 0.02110499 
958 134 9 11 0.020938339 
644 88 12 14 0.020918597 
265 331 21 22 0.020636205 
222 349 10 11 0.020625599 
920 84 9 11 0.020509232 
101 329 9 11 0.020460956 
728 282 8 9 0.020454792 
144 127 9 12 0.02044868 
721 87 8 11 0.020390894 
769 1308 11 11 0.020389961 
449 96 9 11 0.020352032 
728 87 8 10 0.020230459 
1008 77 8 10 0.02016744 
549 98 103 138 0.020162547 
75 903 11 14 0.020137725 
920 923 12 16 0.02010499 
252 309 30 33 0.02010342 
150 348 10 14 0.020100921 
55 253 13 15 0.020043993 
531 112 9 11 0.02000054 
