22_Picnic_Picnic_22_290
130
415 411 28 37 0.9997967 
344 411 28 41 0.9991974 
617 417 28 36 0.99589974 
280 425 19 35 0.98129857 
550 429 22 35 0.42366737 
895 77 13 16 0.265107 
807 3 11 13 0.24119627 
612 513 27 32 0.1818092 
601 426 15 20 0.17727931 
951 55 8 9 0.1585387 
861 70 10 12 0.15020284 
918 31 8 11 0.14953898 
903 12 12 15 0.12219709 
819 23 10 12 0.109710105 
967 3 9 12 0.108946346 
931 54 8 10 0.1029063 
822 14 9 11 0.1003769 
306 447 17 22 0.09841431 
960 21 8 10 0.08964992 
835 27 11 14 0.08742471 
884 30 13 13 0.08131701 
941 63 9 10 0.08057966 
920 64 9 12 0.07996024 
952 74 10 12 0.077751435 
833 23 10 13 0.071885586 
983 54 7 9 0.06813733 
909 22 9 10 0.05954889 
976 23 7 9 0.0583428 
910 61 9 12 0.057662163 
1006 37 8 10 0.054993097 
878 66 10 12 0.053042073 
912 78 8 12 0.052203152 
993 63 8 10 0.0504958 
936 1 11 10 0.0504073 
961 63 9 11 0.048744116 
823 9 10 11 0.048175834 
961 45 10 12 0.047869887 
285 523 11 13 0.046974346 
943 33 10 11 0.046871472 
923 68 10 13 0.04592982 
812 6 10 12 0.045164425 
958 69 11 13 0.04434042 
941 4 10 11 0.044018768 
856 5 9 12 0.043678902 
990 32 8 11 0.04327912 
938 31 8 10 0.043088026 
697 0 9 9 0.042353496 
924 62 11 13 0.041753575 
432 323 430 463 0.040919084 
726 30 10 12 0.040282752 
908 8 12 12 0.03986639 
984 7 9 11 0.03970079 
181 193 27 40 0.03929294 
234 433 15 25 0.039173167 
679 9 9 9 0.03872022 
829 13 10 11 0.038241077 
925 15 9 11 0.037555467 
877 91 9 11 0.037420362 
816 37 9 12 0.03733111 
966 40 8 10 0.036711175 
968 85 11 13 0.036609616 
789 48 9 10 0.035808165 
312 373 30 38 0.03549567 
942 68 9 12 0.03517087 
975 30 8 10 0.03455648 
802 5 10 12 0.033832453 
849 15 10 12 0.03363095 
952 48 9 11 0.033619873 
1000 54 8 11 0.033130232 
743 12 9 12 0.033039104 
321 368 17 20 0.032304134 
991 14 8 10 0.030991608 
862 4 11 11 0.030245867 
702 4 9 11 0.030134134 
560 438 15 23 0.029750802 
974 4 10 11 0.029704189 
799 23 10 12 0.029632734 
1001 16 7 9 0.029497948 
903 0 9 9 0.02920719 
1004 30 9 11 0.028672809 
264 430 25 31 0.028497685 
558 370 23 26 0.02823315 
1005 95 11 14 0.028101668 
919 7 10 12 0.027230082 
230 427 13 22 0.026925081 
170 201 28 35 0.026890498 
888 61 9 12 0.026468214 
686 9 8 10 0.026319733 
905 62 10 11 0.026051149 
942 87 10 11 0.026017608 
889 80 11 13 0.02600968 
893 61 9 11 0.025870336 
921 13 9 11 0.025868002 
696 373 27 32 0.02559539 
982 94 9 10 0.025489766 
913 83 9 12 0.02547579 
965 15 8 10 0.02530232 
886 84 10 14 0.025038892 
948 32 10 12 0.024746697 
712 7 9 11 0.02447953 
978 54 8 10 0.024336664 
751 29 10 12 0.023739284 
615 424 16 22 0.023729384 
300 407 25 36 0.023687696 
937 61 10 12 0.023676204 
901 70 10 13 0.023582643 
929 49 8 10 0.023166766 
934 47 8 11 0.023046855 
903 102 10 13 0.02287428 
951 15 8 10 0.022790167 
972 78 11 13 0.022780051 
889 103 8 11 0.022701943 
927 21 9 11 0.022418823 
880 80 10 12 0.022403171 
873 89 10 12 0.022363938 
277 420 17 26 0.02232975 
286 432 22 33 0.02231781 
964 68 9 11 0.022195883 
997 70 8 11 0.022175914 
860 63 10 13 0.021692239 
304 384 32 42 0.021610241 
246 175 48 54 0.021603642 
700 413 17 21 0.021505235 
911 57 8 10 0.02133352 
781 31 11 13 0.020940889 
992 23 8 9 0.020932639 
714 12 8 11 0.020919451 
534 438 41 51 0.02077529 
977 17 8 10 0.020138957 
687 0 9 8 0.020036835 
