22_Picnic_Picnic_22_933
36
713 40 165 183 0.9932916 
641 188 60 54 0.9635579 
224 9 179 223 0.8077987 
1 482 20 25 0.79450893 
631 406 48 47 0.6591444 
341 595 32 35 0.45998347 
708 300 34 39 0.21544701 
147 544 55 73 0.20870142 
12 6 350 443 0.1886037 
725 294 28 38 0.11154604 
5 548 44 52 0.10328479 
694 308 33 34 0.098561406 
514 574 13 19 0.08601112 
157 59 208 238 0.08244922 
181 538 19 21 0.08227074 
321 625 26 29 0.07961901 
743 278 52 63 0.044249896 
716 264 26 33 0.039717913 
666 191 55 57 0.037889212 
903 390 101 121 0.03570744 
543 593 16 20 0.033940297 
125 557 11 15 0.031485025 
500 565 13 17 0.031264845 
113 163 138 183 0.03012705 
480 580 12 17 0.028319906 
694 274 52 57 0.027578536 
171 526 29 29 0.02640458 
507 565 15 18 0.025726588 
499 75 403 446 0.02356178 
228 628 25 29 0.022730302 
50 581 24 31 0.021603446 
167 537 32 36 0.02110603 
722 272 15 19 0.020969609 
1 534 33 42 0.020728067 
343 580 14 16 0.020426512 
707 286 13 15 0.020238545 
