22_Picnic_Picnic_22_732
1268
282 601 13 18 0.9425128 
585 540 9 12 0.8957938 
847 618 15 18 0.83166045 
427 573 9 12 0.79204476 
148 590 11 14 0.75865996 
607 610 11 15 0.7449499 
668 626 16 17 0.68867016 
576 557 10 13 0.68731004 
223 588 10 12 0.66019166 
240 573 12 14 0.6495164 
527 602 11 14 0.62717146 
295 544 8 11 0.6079038 
59 655 16 22 0.5391184 
790 547 9 12 0.53071356 
109 560 11 13 0.51601696 
517 560 10 12 0.49189973 
407 572 8 11 0.49027982 
724 581 11 15 0.4799195 
722 612 10 14 0.45771378 
215 608 10 12 0.4444327 
366 563 9 12 0.43603158 
182 558 10 13 0.4266491 
768 534 10 12 0.40538752 
656 589 10 14 0.4038709 
158 536 9 12 0.39913857 
255 583 10 13 0.38585418 
183 543 10 11 0.37267345 
150 522 7 9 0.34757414 
365 580 10 13 0.34474418 
591 588 9 12 0.34240124 
903 591 10 15 0.33778217 
990 569 9 11 0.3340679 
561 541 9 11 0.32481304 
194 528 8 10 0.3031231 
210 551 9 10 0.30240276 
640 544 8 10 0.30176145 
737 589 9 12 0.29959613 
552 589 13 16 0.29816493 
502 544 10 13 0.28123054 
592 583 10 13 0.2788005 
366 576 10 12 0.26650396 
184 548 11 12 0.26611504 
321 582 10 13 0.26412147 
241 555 9 12 0.25693685 
632 525 8 10 0.25506642 
406 568 8 11 0.2535004 
261 534 8 11 0.2501788 
169 524 7 10 0.24997836 
336 613 13 16 0.24487737 
136 577 14 16 0.240829 
744 634 12 14 0.23559783 
487 563 10 11 0.23461862 
144 594 11 14 0.23361082 
197 528 10 11 0.23266898 
628 604 9 11 0.22804444 
257 495 7 9 0.22703646 
88 526 7 8 0.22308837 
231 551 9 12 0.21502988 
507 582 10 13 0.21430567 
381 590 9 12 0.21134062 
215 630 13 16 0.21035114 
449 541 9 11 0.20128785 
327 521 7 9 0.19971177 
706 567 9 11 0.19857067 
759 624 10 14 0.19603488 
720 607 11 13 0.19365028 
510 575 10 11 0.19272237 
701 582 10 13 0.18782952 
171 521 6 9 0.18445945 
58 536 7 9 0.18407455 
1014 566 8 12 0.1820111 
472 559 7 10 0.1819918 
332 553 9 10 0.17898905 
238 535 8 10 0.1778248 
528 548 8 11 0.17656983 
944 583 11 13 0.17331302 
680 573 9 12 0.17286158 
366 587 10 12 0.17165296 
233 525 9 12 0.17140225 
831 495 7 9 0.17099391 
561 536 8 11 0.16877176 
257 535 8 11 0.16843782 
5 550 10 13 0.16579229 
154 534 8 11 0.1612228 
514 30 202 201 0.1596654 
889 512 6 9 0.15913224 
425 527 8 10 0.15905783 
8 514 7 8 0.1584747 
348 581 10 13 0.15685134 
513 526 8 9 0.1567967 
537 573 10 12 0.15507744 
665 551 8 11 0.15504652 
664 572 9 11 0.15235408 
6 542 9 11 0.15160683 
896 519 9 11 0.15098533 
710 571 9 12 0.1509803 
174 520 8 10 0.15057898 
536 566 8 10 0.14980757 
257 520 7 9 0.14946069 
307 147 67 66 0.14846258 
925 535 9 12 0.14756262 
240 511 7 9 0.14738391 
785 544 10 13 0.14715083 
968 534 11 14 0.14706084 
63 567 9 11 0.14687292 
194 606 11 14 0.1462882 
342 518 8 10 0.14597864 
253 602 11 14 0.14508918 
617 549 9 12 0.14420843 
392 599 9 12 0.14367375 
42 582 12 15 0.14316106 
57 541 9 12 0.14273274 
716 550 10 12 0.14256796 
738 520 7 9 0.14184229 
513 564 11 12 0.14172508 
718 535 8 10 0.14040026 
629 567 10 13 0.13769469 
343 528 7 9 0.13687764 
872 509 7 9 0.13347629 
73 551 9 12 0.13296913 
78 555 8 10 0.13185337 
400 557 9 11 0.1309154 
48 659 15 17 0.13005254 
581 571 13 15 0.1292679 
61 548 9 12 0.12860473 
345 559 8 9 0.12833473 
360 524 7 10 0.12760943 
7 517 7 10 0.12726772 
653 629 9 14 0.12653282 
470 525 9 11 0.124749325 
122 582 8 11 0.123040676 
694 627 11 15 0.12293985 
889 534 8 9 0.122687355 
863 580 9 11 0.12251874 
654 511 7 9 0.12157601 
815 502 7 8 0.12092467 
800 527 8 11 0.1209235 
402 534 8 10 0.11966007 
624 600 9 13 0.1196206 
22 566 11 13 0.11826939 
447 625 9 13 0.11700002 
580 563 11 15 0.11616426 
526 535 8 10 0.11583202 
224 496 7 9 0.11571541 
509 588 9 12 0.114065595 
305 495 7 9 0.113480866 
234 532 10 12 0.113308825 
733 624 12 14 0.11295317 
921 540 8 10 0.112906456 
504 586 10 13 0.11255503 
351 558 8 10 0.11212087 
24 519 7 9 0.11154763 
217 535 8 10 0.11123666 
337 518 7 10 0.11112255 
1006 565 10 13 0.11097317 
646 632 13 16 0.1101813 
711 526 8 9 0.109472185 
382 595 10 13 0.10913238 
621 548 9 12 0.10835932 
225 504 7 8 0.10826764 
294 525 7 10 0.10806436 
1 536 8 11 0.108047605 
238 519 8 10 0.10784664 
808 525 9 11 0.10769358 
361 560 8 11 0.10757239 
345 540 9 11 0.10731952 
583 511 7 9 0.10711545 
232 520 9 11 0.10680036 
345 535 8 11 0.10674684 
465 526 9 10 0.10645373 
262 526 8 10 0.10585798 
340 617 11 16 0.104476646 
402 565 9 12 0.104472525 
561 613 10 15 0.1044163 
72 496 7 9 0.104250185 
61 542 10 12 0.103941254 
262 595 12 15 0.10391816 
263 503 6 8 0.103228204 
783 533 8 10 0.10315367 
429 521 8 9 0.102874205 
217 519 6 9 0.102535 
74 516 9 11 0.10224116 
330 535 9 11 0.101515174 
178 511 7 8 0.10145415 
599 527 9 10 0.10057914 
512 521 8 8 0.10020033 
261 496 8 9 0.09949635 
826 495 7 9 0.099311404 
412 626 11 15 0.09924534 
263 590 9 12 0.0990493 
191 505 7 9 0.099015936 
488 517 8 10 0.09870179 
855 557 9 12 0.09789527 
632 521 7 9 0.09761678 
83 590 10 13 0.0974048 
407 541 8 11 0.09637766 
742 520 9 10 0.096321456 
182 584 10 11 0.0962438 
245 578 11 15 0.09616913 
312 560 8 9 0.09609732 
432 543 7 10 0.09556305 
262 520 7 9 0.095234334 
526 543 9 12 0.09522877 
288 495 8 8 0.09396385 
551 527 9 11 0.09353935 
507 550 10 12 0.093267046 
110 591 9 12 0.09287736 
104 520 6 8 0.09269624 
46 548 8 11 0.09269424 
240 540 8 10 0.09236412 
205 574 9 11 0.09182706 
701 548 10 12 0.09113392 
208 503 7 9 0.090959325 
935 510 7 10 0.09068835 
245 568 9 12 0.090596475 
16 501 8 10 0.09051064 
858 494 7 9 0.09050926 
465 496 6 8 0.09034576 
608 504 6 9 0.09026133 
141 495 8 9 0.08986176 
430 504 7 9 0.089486144 
61 536 8 11 0.08939638 
196 597 11 13 0.08879243 
999 566 10 12 0.08823864 
409 579 9 12 0.08807011 
556 583 11 14 0.08795237 
401 527 8 10 0.08775815 
977 520 8 10 0.08768152 
823 512 7 10 0.08744729 
977 464 8 9 0.08723036 
156 607 9 13 0.08704352 
759 497 7 9 0.08683969 
807 542 9 11 0.086664274 
934 469 8 10 0.0863696 
151 552 8 10 0.086354055 
246 588 10 12 0.08615525 
120 497 6 8 0.08607515 
269 596 11 15 0.08579666 
208 635 10 12 0.085661985 
367 597 10 14 0.08532366 
406 550 8 10 0.08478732 
210 605 10 13 0.08462856 
313 579 10 12 0.084463924 
370 496 7 8 0.0843871 
358 543 7 11 0.0843354 
902 524 7 10 0.08432283 
392 495 7 8 0.084305696 
189 545 9 10 0.0842819 
329 555 9 11 0.0838752 
696 533 7 10 0.08373148 
591 521 7 10 0.08356919 
209 544 8 9 0.08314656 
753 534 8 11 0.08307293 
549 547 8 11 0.082986414 
71 536 9 10 0.082600236 
973 537 10 13 0.08256559 
831 533 9 12 0.08240592 
224 509 7 9 0.08213523 
992 519 8 10 0.08201462 
271 494 7 8 0.08160502 
307 119 99 119 0.08150737 
323 520 7 9 0.08147291 
578 512 6 8 0.081361 
105 495 6 9 0.08112146 
946 548 13 15 0.08091911 
89 497 7 9 0.08088336 
245 553 9 12 0.08036322 
638 614 12 15 0.07976042 
597 586 9 12 0.07960166 
769 529 8 11 0.079297274 
590 573 10 12 0.0792825 
88 560 8 10 0.07904008 
895 572 10 14 0.07888982 
290 604 11 14 0.07874829 
377 588 9 12 0.07851226 
650 519 8 9 0.078442514 
864 519 7 10 0.07827892 
397 599 8 11 0.07809299 
761 541 8 11 0.07808908 
830 527 9 10 0.077999905 
39 527 7 9 0.0779986 
73 512 8 10 0.077802144 
458 582 8 10 0.07756768 
592 524 9 10 0.07666956 
262 564 8 11 0.07655301 
54 595 10 12 0.07584989 
901 566 9 12 0.07562405 
992 447 8 9 0.075454794 
521 535 8 10 0.075242594 
665 526 8 9 0.075114295 
934 465 8 9 0.07486585 
902 535 8 11 0.07476104 
654 518 7 10 0.07455183 
512 597 9 13 0.0740543 
351 589 9 11 0.07393054 
586 589 10 13 0.0734319 
630 580 8 12 0.07326998 
487 512 9 10 0.07324854 
472 522 8 9 0.073008224 
392 520 7 9 0.07293281 
375 583 8 11 0.07280336 
991 541 9 12 0.07256237 
346 503 8 9 0.072455294 
1006 601 11 15 0.072125256 
184 520 6 9 0.07209614 
78 513 8 10 0.071865864 
998 521 8 9 0.07171894 
713 542 8 11 0.071161255 
489 528 7 9 0.07100108 
208 598 10 13 0.07092412 
425 519 8 10 0.0707778 
545 518 6 9 0.07076319 
198 591 10 12 0.070755824 
416 519 7 9 0.0706349 
625 510 6 8 0.070392445 
584 518 8 10 0.06978459 
456 557 7 10 0.06960916 
543 512 7 9 0.06958188 
681 552 8 10 0.069208875 
571 557 10 12 0.06910862 
441 497 7 9 0.06892144 
783 511 7 9 0.068896234 
743 525 9 10 0.06881985 
-1 630 8 13 0.068709135 
413 588 10 12 0.06866428 
305 559 7 10 0.06861713 
716 631 13 18 0.06837405 
558 528 7 9 0.06819998 
798 532 12 16 0.06810526 
127 519 8 10 0.06810455 
248 596 11 15 0.06798872 
88 502 7 9 0.06789576 
160 512 7 9 0.06768733 
265 510 6 8 0.067543104 
664 520 7 9 0.067421205 
351 542 9 11 0.06724713 
189 573 10 12 0.06694767 
121 535 9 10 0.06681759 
135 543 8 10 0.066793405 
719 600 11 13 0.06666589 
514 510 7 8 0.06657113 
880 549 8 11 0.066543065 
413 581 10 12 0.06639561 
251 612 11 14 0.06627194 
225 551 8 11 0.0661759 
831 648 9 13 0.06582576 
676 634 11 13 0.06579097 
800 511 7 9 0.06541482 
271 489 7 8 0.065398656 
646 613 12 15 0.065344565 
65 503 8 10 0.06521103 
155 613 12 16 0.065205626 
198 496 7 8 0.06508436 
2 554 9 14 0.06491431 
271 544 9 12 0.06488158 
950 526 8 10 0.06482447 
519 598 12 16 0.06469301 
268 592 10 12 0.06466847 
319 504 9 11 0.06451268 
408 505 7 8 0.064469144 
648 526 8 9 0.06446621 
846 511 8 10 0.06445581 
329 487 7 9 0.064343944 
360 589 10 12 0.06415613 
624 534 7 9 0.06404088 
344 512 8 10 0.0639906 
536 528 7 10 0.06342974 
188 566 10 12 0.063261725 
318 559 7 9 0.06303666 
273 511 7 9 0.062987186 
70 542 9 10 0.06268645 
240 496 6 8 0.062668376 
728 637 10 14 0.062632784 
869 580 9 12 0.062270727 
685 575 9 12 0.062260788 
144 533 8 10 0.06216967 
290 521 7 8 0.06158561 
1001 596 12 15 0.061416212 
480 565 9 11 0.061282758 
450 519 7 9 0.061217885 
895 535 8 10 0.061121795 
1 497 7 10 0.061042506 
856 533 8 10 0.060950052 
600 532 9 11 0.060309496 
998 534 10 12 0.060012527 
958 532 12 14 0.059895378 
522 540 9 12 0.05984054 
678 568 8 11 0.05982234 
673 567 8 11 0.059722077 
857 488 7 10 0.05969681 
488 532 9 11 0.05962454 
546 542 9 12 0.059610907 
359 639 9 11 0.059455104 
625 571 10 13 0.05935318 
190 581 9 11 0.0592375 
598 548 8 11 0.059156857 
102 542 8 11 0.05912096 
63 519 9 9 0.059055984 
294 480 7 9 0.058893126 
183 537 7 10 0.058677793 
650 504 7 9 0.05856155 
936 504 7 10 0.05841832 
997 540 10 12 0.058252882 
805 616 9 12 0.057878893 
242 503 7 9 0.057862826 
751 511 7 8 0.057763185 
584 580 10 14 0.05753064 
783 557 10 12 0.05751155 
999 604 11 15 0.05750806 
984 541 9 12 0.0574653 
717 541 9 11 0.057426963 
878 462 8 10 0.057335906 
383 489 6 9 0.057277083 
983 503 7 9 0.05720102 
265 488 7 9 0.05712431 
535 560 9 11 0.057104826 
921 480 8 10 0.056991056 
847 559 9 11 0.056942534 
518 527 7 9 0.05688576 
568 551 9 12 0.05679754 
751 527 7 10 0.05670502 
498 542 8 12 0.056584146 
704 572 10 12 0.05653279 
257 500 8 10 0.056062605 
232 497 7 9 0.05580917 
262 540 10 13 0.05515987 
646 542 7 11 0.05511718 
697 543 8 10 0.055105533 
127 535 7 9 0.055074494 
756 645 13 15 0.055023782 
701 614 10 12 0.054815494 
151 556 8 11 0.054784294 
543 495 6 8 0.05465786 
277 511 8 9 0.05443335 
178 541 9 11 0.054247957 
928 455 7 9 0.054215524 
672 503 7 8 0.054086637 
120 502 7 9 0.053950824 
701 605 9 12 0.05390448 
695 512 7 9 0.053833514 
424 604 10 15 0.05367066 
553 519 7 9 0.053652205 
429 525 8 11 0.053580485 
223 520 8 10 0.05339742 
617 527 7 10 0.053304784 
258 563 8 11 0.05329345 
146 526 8 9 0.053290535 
160 519 7 9 0.05313576 
997 470 8 10 0.053108133 
821 557 12 13 0.053056303 
504 535 8 10 0.052929893 
624 527 7 10 0.052850604 
352 550 8 10 0.052736554 
368 602 10 14 0.052617636 
39 520 6 8 0.052518934 
565 535 9 11 0.05250713 
440 501 8 9 0.05249209 
799 504 7 8 0.05243556 
727 621 10 13 0.052430656 
976 510 8 10 0.052415885 
640 535 7 10 0.052410245 
310 494 7 9 0.052229296 
256 559 8 11 0.052186545 
336 494 7 8 0.051900417 
249 527 6 9 0.051884882 
320 526 8 9 0.051780578 
575 527 8 10 0.05152365 
662 596 10 13 0.051478695 
41 597 10 14 0.051421955 
416 560 7 10 0.05141621 
401 552 8 11 0.051318623 
841 606 9 13 0.05129365 
541 578 10 13 0.05122174 
385 494 7 9 0.051157773 
317 576 9 12 0.05114247 
817 512 8 9 0.050968904 
793 520 7 8 0.050899137 
714 535 8 11 0.050814457 
729 528 6 8 0.05080974 
249 605 11 15 0.050795402 
887 541 9 11 0.050734244 
104 526 8 9 0.050722785 
42 543 8 10 0.05068219 
126 526 8 9 0.050637912 
823 517 8 10 0.0505184 
377 526 6 8 0.050447103 
440 609 12 15 0.050298303 
314 551 8 10 0.050236374 
206 526 7 10 0.05019899 
981 465 9 9 0.050100427 
686 552 7 9 0.049970362 
423 533 8 10 0.049963642 
720 513 6 7 0.049839795 
294 521 7 9 0.049838606 
398 589 8 10 0.04982288 
728 628 10 14 0.049793724 
655 534 8 9 0.049439084 
464 559 9 10 0.049029663 
976 524 9 11 0.048981298 
464 502 7 9 0.04895076 
334 540 9 11 0.04873962 
830 519 8 9 0.04861922 
257 525 8 10 0.048603583 
629 610 13 16 0.048528407 
7 565 9 13 0.0484674 
260 582 9 12 0.048451114 
135 559 8 11 0.048416127 
378 511 7 9 0.04841535 
815 517 8 10 0.048384503 
622 543 9 12 0.04837483 
623 505 6 8 0.048319973 
424 510 8 9 0.04830554 
399 521 8 8 0.04822002 
609 520 8 9 0.048180204 
690 513 6 8 0.047998723 
625 519 7 8 0.04788707 
165 535 8 11 0.047869183 
291 548 8 10 0.04765789 
960 511 8 9 0.047628894 
136 511 7 9 0.047601663 
122 519 7 9 0.047590554 
950 520 8 10 0.0473803 
993 470 9 10 0.047233813 
318 534 8 11 0.04717908 
847 518 7 9 0.046994433 
663 603 12 15 0.04696589 
841 512 8 9 0.04695557 
848 505 8 9 0.0468889 
854 573 11 13 0.04686559 
138 489 7 9 0.046835538 
441 622 11 15 0.046795204 
912 534 8 10 0.046653878 
86 564 10 13 0.046651494 
639 527 7 10 0.04654451 
755 604 11 13 0.046531722 
216 572 10 12 0.04652986 
733 637 12 15 0.046330057 
214 541 8 11 0.046300195 
159 558 8 11 0.04610786 
591 546 9 12 0.046085276 
918 463 7 9 0.04603631 
880 622 10 14 0.045894235 
602 603 11 17 0.045851544 
930 512 8 9 0.045795165 
3 517 7 11 0.04557547 
982 519 8 10 0.045507733 
162 495 7 9 0.045496404 
144 586 18 22 0.045462582 
151 572 10 13 0.045409843 
255 575 10 14 0.04539641 
815 497 7 9 0.0453899 
944 510 7 9 0.045379974 
545 534 9 10 0.045291264 
810 495 7 9 0.0452003 
710 579 11 15 0.045163866 
41 533 7 10 0.045051146 
825 533 9 12 0.044894367 
401 502 6 9 0.044868443 
999 524 10 11 0.04486144 
454 552 8 10 0.04484034 
80 568 9 12 0.044721674 
759 535 8 11 0.044715893 
345 576 9 12 0.044707906 
176 566 9 13 0.04458612 
599 543 9 12 0.04444611 
768 608 9 11 0.044421606 
213 555 9 12 0.04430539 
712 520 7 9 0.04427884 
862 489 7 9 0.044026818 
690 502 6 8 0.043937594 
256 490 7 8 0.04390732 
634 549 8 10 0.043837626 
505 506 7 8 0.043823443 
318 552 7 9 0.04373004 
912 557 10 12 0.043677535 
695 518 7 8 0.043668516 
213 598 10 12 0.043484915 
352 564 9 11 0.043432992 
405 536 8 10 0.04337955 
15 565 11 13 0.0432221 
214 620 13 17 0.043185186 
306 489 8 9 0.043136854 
296 536 7 10 0.042946674 
218 590 10 12 0.042895947 
986 571 10 12 0.042875897 
805 645 10 13 0.042847633 
290 502 7 10 0.042760942 
310 487 7 9 0.042713515 
146 627 14 18 0.042641286 
431 548 10 11 0.04255383 
470 532 8 10 0.042519797 
24 526 8 9 0.0424599 
601 597 10 14 0.04242618 
193 488 7 9 0.042355258 
293 587 12 16 0.04228407 
262 574 8 11 0.04216966 
841 518 7 9 0.042031832 
417 535 8 10 0.04202157 
465 533 8 10 0.04201227 
389 574 8 11 0.041982215 
652 610 11 15 0.041858375 
5 537 9 10 0.04178388 
768 551 8 10 0.041636564 
455 520 7 9 0.04163567 
129 565 10 11 0.041551355 
106 563 10 12 0.041468263 
737 525 7 9 0.041443884 
703 510 7 8 0.041393496 
615 496 6 7 0.04138694 
8 643 10 14 0.041335564 
446 559 9 10 0.04133029 
71 568 8 11 0.041323256 
166 598 9 11 0.04132296 
62 557 8 10 0.041244674 
485 621 12 14 0.04123572 
392 591 7 10 0.041151084 
278 519 7 8 0.041135676 
592 505 6 7 0.041133698 
519 511 7 8 0.04109283 
503 556 10 13 0.04108889 
696 528 7 9 0.041079495 
650 511 8 9 0.041048046 
690 518 7 8 0.04096098 
295 583 10 12 0.04095985 
914 464 7 9 0.040886395 
568 513 6 7 0.0408513 
271 560 8 10 0.040701997 
696 496 6 8 0.04054167 
517 573 9 10 0.040481195 
511 531 9 11 0.040370632 
770 518 7 9 0.04033208 
176 505 8 8 0.04030158 
769 588 9 13 0.040118378 
399 583 9 12 0.040095814 
414 596 10 12 0.040057756 
775 529 9 10 0.03991803 
249 535 6 10 0.039881933 
191 620 10 12 0.039758235 
897 524 10 11 0.03972918 
878 496 8 9 0.039721843 
952 531 11 14 0.039649714 
930 517 7 9 0.039605904 
332 607 14 18 0.03951376 
44 594 12 15 0.03947102 
626 487 7 9 0.039429624 
937 478 7 8 0.039296146 
704 558 10 12 0.039221786 
783 409 221 255 0.03916935 
944 554 11 15 0.03901206 
783 504 7 9 0.039011806 
133 566 10 12 0.038988538 
408 495 6 8 0.038908597 
15 543 8 11 0.038811743 
479 560 8 10 0.038703237 
41 488 6 7 0.038650732 
205 580 10 13 0.038640045 
888 516 9 12 0.038621463 
822 644 9 12 0.038581178 
778 504 7 8 0.038572963 
470 550 9 12 0.03856774 
935 535 9 11 0.03854519 
975 456 7 9 0.03849481 
647 560 7 10 0.03847664 
820 640 9 12 0.038412914 
177 537 8 10 0.038407814 
662 623 13 17 0.03835024 
655 505 7 9 0.038278382 
86 584 8 11 0.038244937 
746 503 7 9 0.038112983 
122 527 8 9 0.038054675 
727 503 6 8 0.038053863 
704 505 6 8 0.038020756 
105 489 6 8 0.038009837 
487 541 9 12 0.037959985 
982 536 8 11 0.03790821 
407 634 13 18 0.037839808 
878 456 7 10 0.037826568 
345 496 7 10 0.037818924 
874 495 7 9 0.03771636 
654 526 8 9 0.03770042 
760 501 7 9 0.037681293 
993 524 8 11 0.037669558 
878 503 8 9 0.03757453 
910 512 6 8 0.037405115 
634 543 8 11 0.037341945 
812 526 9 11 0.03732348 
166 496 7 9 0.0373119 
299 542 9 12 0.037202213 
981 596 9 14 0.03709648 
544 594 11 16 0.037087165 
273 518 7 9 0.037080746 
314 527 8 9 0.037069358 
328 512 7 8 0.037065636 
731 643 14 17 0.037030995 
424 541 8 10 0.037023436 
814 534 9 12 0.03698248 
337 513 7 10 0.03687984 
550 532 9 11 0.03687794 
873 526 7 10 0.036850024 
785 518 7 9 0.036823817 
407 489 6 8 0.03679577 
374 495 7 8 0.03677367 
88 543 9 12 0.036751945 
249 496 7 9 0.036731098 
453 536 9 11 0.036727827 
930 464 8 9 0.036620967 
722 503 6 8 0.036597457 
776 550 8 11 0.036596112 
328 606 11 15 0.036497366 
229 581 10 14 0.036388256 
423 612 9 13 0.036358885 
126 31 47 82 0.036116913 
774 541 9 11 0.03609154 
65 510 8 10 0.036006346 
393 502 7 8 0.035996113 
458 503 6 8 0.035968106 
614 519 8 8 0.035939846 
881 543 7 10 0.035934925 
206 567 9 11 0.035919905 
346 552 8 10 0.035914063 
390 542 9 11 0.035913795 
408 509 7 8 0.035837192 
737 496 6 8 0.035799112 
464 603 9 12 0.03577215 
506 520 7 9 0.035757843 
664 543 8 10 0.035756744 
378 489 6 8 0.03568723 
200 520 8 10 0.03551936 
217 567 8 10 0.035512276 
95 548 8 11 0.035447624 
768 512 6 9 0.035414092 
141 490 8 9 0.035389036 
136 550 8 10 0.03538515 
824 453 9 10 0.035381496 
711 555 10 13 0.035375353 
978 469 8 11 0.035261713 
119 512 7 9 0.03516793 
728 512 7 8 0.03515022 
995 600 20 29 0.035142843 
321 496 7 8 0.03514263 
192 591 9 11 0.035079144 
519 520 8 9 0.03502984 
440 560 10 11 0.03502729 
219 610 10 15 0.034982 
665 534 7 9 0.03496781 
390 535 8 10 0.03494234 
463 564 9 11 0.03487581 
216 526 7 10 0.034870207 
640 520 6 8 0.034832615 
791 503 8 9 0.034827966 
287 564 10 12 0.034808725 
541 565 8 11 0.03478848 
303 502 7 9 0.034748986 
449 548 9 12 0.034662623 
983 547 10 13 0.034602128 
157 589 10 14 0.034575533 
29 563 11 14 0.03451293 
470 543 10 12 0.034467116 
318 565 8 10 0.034365606 
421 620 10 13 0.034338333 
887 548 9 12 0.03432655 
167 489 6 7 0.03430742 
409 521 7 9 0.034150265 
857 580 9 11 0.034142174 
457 587 10 13 0.034140546 
385 520 7 9 0.03412496 
337 526 6 10 0.034013085 
798 518 8 11 0.03398626 
673 510 7 9 0.03387637 
879 510 7 9 0.033870958 
606 526 9 11 0.033837896 
750 519 9 10 0.033727605 
724 598 10 13 0.033573836 
493 565 9 11 0.033550765 
221 535 8 11 0.03354412 
482 621 8 12 0.03354 
42 547 8 12 0.03352171 
782 644 10 13 0.033463992 
430 535 8 10 0.033431932 
406 620 13 17 0.033401962 
685 598 10 13 0.033398427 
209 497 6 8 0.033349317 
221 574 9 11 0.03332103 
444 604 11 15 0.033320196 
829 554 10 14 0.033292066 
511 603 11 15 0.033259694 
671 520 8 9 0.033223253 
271 601 12 16 0.03321578 
669 551 8 11 0.033163868 
538 511 7 9 0.033109494 
142 502 8 9 0.033086635 
560 628 13 17 0.03303726 
801 618 10 13 0.03300801 
624 580 10 12 0.03298016 
350 496 8 9 0.03284572 
716 564 11 13 0.032838076 
748 642 14 16 0.03283692 
930 469 8 10 0.032835383 
46 494 7 9 0.032783907 
195 495 7 8 0.032778397 
826 526 9 11 0.032761257 
400 496 6 8 0.032732975 
185 569 11 14 0.03271118 
150 583 11 16 0.03270236 
127 496 7 9 0.032690033 
949 541 12 15 0.032670528 
991 512 8 10 0.032607835 
527 520 8 9 0.03257539 
679 512 7 8 0.032558907 
460 575 10 12 0.03253103 
32 526 8 10 0.032530837 
736 512 7 9 0.032480344 
887 529 9 10 0.032401025 
983 509 8 11 0.03239468 
326 573 9 12 0.032349445 
558 519 7 9 0.032317758 
152 566 10 12 0.032299973 
205 591 10 12 0.032273427 
414 540 9 11 0.032188844 
569 564 10 12 0.032138586 
222 567 8 10 0.032134518 
748 630 12 16 0.03204947 
295 502 6 9 0.032032993 
713 512 7 8 0.031988963 
160 489 7 9 0.031913534 
167 502 7 9 0.031872783 
32 589 9 12 0.03182843 
350 535 7 10 0.031820405 
719 259 370 459 0.031795233 
831 501 8 9 0.031763967 
630 488 7 9 0.031741243 
545 527 8 10 0.031739853 
680 534 8 10 0.031710573 
-10 54 123 194 0.03170472 
797 598 9 12 0.03152754 
97 544 9 11 0.031522576 
740 641 15 18 0.031522524 
56 529 8 9 0.031521536 
705 527 8 9 0.031447183 
424 600 8 12 0.031446233 
272 526 8 10 0.03137162 
552 505 7 8 0.031368997 
643 618 14 17 0.031335235 
165 589 9 13 0.0313084 
672 487 8 8 0.031298973 
287 591 12 14 0.031297266 
716 653 10 13 0.03127823 
1016 516 8 12 0.031209597 
825 489 7 9 0.031200657 
791 571 12 16 0.03115943 
199 567 8 10 0.031057037 
424 568 16 23 0.03102509 
991 607 11 16 0.030986737 
605 542 9 11 0.030965349 
644 641 14 19 0.030749645 
327 505 7 9 0.030700736 
449 525 9 10 0.030664358 
906 511 7 9 0.030577188 
368 502 7 8 0.030568589 
88 531 8 11 0.030546574 
246 502 8 10 0.030486165 
513 506 6 8 0.030450365 
538 496 7 8 0.030335939 
313 521 7 8 0.030270513 
414 566 8 10 0.030257624 
808 548 11 13 0.030237574 
999 463 8 10 0.030193057 
896 496 8 10 0.030166887 
186 525 7 10 0.03010652 
167 573 9 11 0.030103609 
751 504 7 9 0.030084081 
507 542 11 14 0.03006198 
699 628 11 15 0.029978672 
362 504 6 8 0.02994509 
736 607 11 12 0.02993831 
65 496 7 9 0.029938305 
32 495 6 8 0.029923959 
7 496 8 10 0.029811207 
902 540 8 10 0.029777473 
417 512 7 9 0.029772624 
943 543 11 14 0.029664867 
816 557 11 13 0.029661013 
177 488 6 8 0.029656293 
342 626 9 12 0.029606892 
279 543 7 10 0.029601645 
1013 559 10 15 0.029543677 
488 503 7 9 0.029533038 
895 557 9 11 0.029515324 
169 567 9 12 0.029494435 
696 502 7 9 0.029485827 
958 527 10 12 0.029476695 
1012 603 10 17 0.029462824 
535 532 8 11 0.029404007 
385 535 7 9 0.029377507 
577 570 10 14 0.029371945 
503 564 9 11 0.029369688 
375 595 11 15 0.029278645 
655 543 8 10 0.029146807 
744 557 10 12 0.029113244 
382 512 7 8 0.029065773 
761 511 7 9 0.029052667 
582 536 17 22 0.029052235 
200 543 8 10 0.029041559 
0 608 9 13 0.029034179 
62 526 8 9 0.029005492 
382 584 9 12 0.028998414 
840 556 11 13 0.028996667 
104 502 7 9 0.028951759 
406 527 7 9 0.02893421 
86 522 8 9 0.028881777 
578 518 7 8 0.028843299 
231 502 6 9 0.028820198 
405 559 8 10 0.02881114 
94 564 7 11 0.0287956 
879 671 13 14 0.028727638 
2 512 6 10 0.028719557 
485 549 10 12 0.028705006 
114 512 6 8 0.028502876 
407 596 11 13 0.028453441 
15 510 7 9 0.02844034 
216 511 7 9 0.028413692 
840 613 12 15 0.028367946 
881 519 7 10 0.0283664 
864 524 7 10 0.028322866 
732 584 11 14 0.028322356 
138 502 8 9 0.028278926 
402 488 6 9 0.028212905 
838 497 7 8 0.028174328 
641 635 12 15 0.028142422 
590 567 10 13 0.028107153 
711 598 10 12 0.02810295 
296 510 7 9 0.028084112 
855 501 8 9 0.028036809 
670 571 9 12 0.027989618 
217 495 7 9 0.02797678 
573 553 17 23 0.0278968 
177 584 9 12 0.02784654 
710 587 10 14 0.027838087 
247 599 19 24 0.027759058 
417 489 6 8 0.02771095 
655 623 10 14 0.027673941 
272 504 7 9 0.027497787 
112 489 6 9 0.027472895 
632 532 8 11 0.027450176 
184 623 9 12 0.027433582 
669 557 8 11 0.027431024 
69 502 8 10 0.027430594 
458 497 6 8 0.027421808 
687 527 9 10 0.02741702 
159 572 9 12 0.027409738 
726 533 8 10 0.02738668 
768 494 7 9 0.027345575 
537 520 7 8 0.027341643 
360 596 10 14 0.027325572 
464 521 8 10 0.027321389 
614 573 10 13 0.027310126 
895 447 6 8 0.027301 
464 487 7 9 0.027297173 
703 598 10 12 0.027274169 
112 495 8 9 0.027268862 
25 512 6 9 0.027203547 
577 563 21 25 0.02718696 
589 536 8 12 0.027184281 
383 615 10 13 0.027097762 
239 488 7 9 0.027066601 
353 636 10 12 0.02704335 
225 556 8 11 0.027002197 
946 519 8 10 0.02696391 
808 511 7 9 0.026947407 
664 503 6 8 0.02694658 
663 630 13 17 0.026922476 
89 549 9 11 0.026877997 
22 502 8 9 0.026846087 
4 611 11 14 0.02682874 
488 598 10 12 0.026779234 
471 620 8 12 0.026753323 
912 458 7 9 0.026751889 
390 89 85 107 0.026661305 
480 549 9 12 0.026639052 
857 519 8 10 0.026628494 
32 520 7 9 0.026623836 
262 630 12 16 0.02661699 
301 604 10 14 0.02659513 
855 527 8 10 0.026485613 
232 543 9 11 0.026454464 
382 61 217 218 0.026383448 
542 560 9 10 0.026361845 
328 480 7 9 0.026352081 
5 666 15 18 0.026345907 
567 497 8 8 0.026336811 
367 488 7 8 0.026312977 
208 509 8 10 0.026299236 
106 555 18 22 0.026275616 
729 519 7 9 0.026266165 
120 541 9 10 0.026256872 
496 588 11 13 0.026243893 
686 556 9 12 0.026152 
176 496 7 8 0.026151817 
609 487 6 7 0.026106594 
982 524 8 11 0.026089545 
744 534 9 11 0.026061201 
448 512 6 9 0.026034435 
391 583 9 11 0.025992306 
605 533 9 11 0.025968488 
479 519 8 10 0.025957886 
719 529 8 9 0.025905998 
788 366 9 12 0.025873099 
440 480 8 10 0.025844812 
451 626 11 14 0.02579905 
810 521 8 10 0.025789095 
551 599 11 15 0.025778182 
135 535 8 10 0.025699478 
361 487 7 8 0.025693173 
792 526 7 10 0.025676003 
239 595 11 15 0.025577974 
774 607 8 10 0.025577025 
620 588 11 15 0.02556288 
329 492 7 9 0.025558159 
629 586 10 14 0.025542289 
120 576 9 12 0.025525361 
655 605 11 16 0.025491385 
761 627 12 14 0.02549073 
276 582 9 12 0.025429588 
992 536 9 12 0.025422936 
929 527 7 10 0.025394734 
671 534 7 10 0.0253769 
358 548 7 10 0.025339635 
495 574 9 11 0.025338333 
13 548 9 11 0.02526053 
40 511 7 9 0.025254779 
584 489 6 8 0.025243493 
345 587 10 12 0.025242774 
880 535 8 9 0.025212219 
288 489 7 9 0.025195355 
912 563 9 13 0.025177293 
234 573 9 13 0.025163982 
871 518 8 10 0.025110733 
217 583 9 12 0.025107464 
94 559 7 10 0.025087923 
455 525 8 10 0.02507192 
845 564 11 14 0.025038432 
597 572 9 13 0.02499203 
817 643 10 13 0.024988748 
575 589 11 14 0.024976633 
865 503 7 9 0.024964908 
894 512 8 9 0.024931917 
810 502 7 9 0.024904657 
360 512 7 8 0.024899643 
359 643 11 14 0.024879402 
503 595 10 14 0.02480741 
669 526 8 10 0.02477012 
916 564 11 14 0.024760049 
778 511 7 9 0.024741288 
376 519 8 9 0.024726175 
642 495 6 8 0.024712889 
223 489 8 9 0.024683876 
527 557 9 12 0.024660999 
472 510 8 9 0.024657235 
1006 462 8 10 0.024643293 
345 480 7 9 0.024624258 
1000 606 21 37 0.024621997 
656 567 10 12 0.024598839 
296 653 10 13 0.024553664 
721 496 6 8 0.024535786 
743 572 9 12 0.024447417 
21 665 14 16 0.02439025 
929 449 6 8 0.024376292 
695 575 9 12 0.024340289 
862 535 8 9 0.024318952 
584 525 8 10 0.024309292 
775 518 8 9 0.024279688 
616 32 198 206 0.024258219 
401 618 11 15 0.024255842 
30 557 12 14 0.024240963 
1015 525 9 12 0.024213817 
737 503 7 9 0.024197036 
527 592 12 14 0.024188258 
682 604 10 13 0.024148025 
504 604 10 14 0.024128586 
717 574 10 13 0.024101073 
482 511 7 10 0.024092406 
373 604 10 13 0.024081834 
47 535 7 9 0.024078963 
631 559 9 10 0.024072388 
224 525 8 11 0.024055483 
587 583 18 23 0.024015496 
31 595 10 14 0.023997916 
505 510 7 8 0.023953903 
279 505 7 8 0.023937445 
903 558 8 11 0.023901608 
376 534 7 10 0.023882916 
784 496 8 9 0.023802478 
960 504 8 10 0.023723971 
959 516 11 12 0.023689969 
201 511 7 9 0.023677144 
616 504 7 8 0.023640169 
110 553 9 10 0.02358408 
504 526 9 10 0.023580667 
584 506 7 8 0.02354665 
532 590 13 15 0.023461927 
265 548 9 11 0.0234436 
776 494 7 10 0.023392294 
392 525 7 10 0.023380093 
785 542 19 23 0.023333969 
56 512 7 8 0.023319254 
925 628 13 21 0.023288237 
805 456 9 9 0.023287466 
566 573 10 13 0.023268867 
975 573 9 12 0.023260422 
753 496 8 9 0.023207061 
557 605 12 16 0.023197033 
710 487 7 8 0.023192126 
377 479 7 8 0.023182722 
327 567 9 11 0.023166087 
18 527 7 9 0.023158664 
222 542 8 11 0.023135887 
350 511 7 9 0.023095433 
879 526 8 10 0.023086855 
40 575 10 14 0.023048084 
528 565 8 10 0.022983156 
830 511 8 10 0.02295316 
279 535 8 11 0.022907706 
884 597 13 15 0.022871286 
366 519 8 10 0.02285216 
527 503 8 10 0.022851834 
704 482 8 9 0.022832341 
719 518 7 9 0.022832055 
863 611 12 15 0.022822194 
814 550 9 12 0.022807015 
22 543 8 10 0.022784388 
764 651 14 15 0.022769999 
416 496 7 9 0.022712316 
65 489 6 8 0.02268568 
606 572 11 14 0.022663854 
631 494 7 8 0.02261366 
318 578 17 22 0.022576196 
912 517 7 9 0.022561593 
295 485 6 9 0.022534208 
841 617 14 20 0.02251678 
758 614 11 13 0.022477455 
433 487 6 8 0.022460194 
824 502 7 9 0.022450967 
991 614 13 19 0.022450486 
208 520 7 10 0.022439463 
281 490 6 7 0.022420645 
793 604 9 11 0.022408435 
766 611 10 13 0.022399636 
479 543 8 12 0.022397589 
976 597 12 18 0.022361988 
528 573 8 10 0.022358688 
496 495 6 8 0.022336842 
873 488 6 9 0.022303991 
670 542 7 10 0.022297524 
256 528 18 24 0.022226952 
494 528 8 9 0.022179483 
838 527 9 10 0.02217672 
95 496 7 9 0.02216419 
657 549 9 11 0.02215945 
942 465 8 9 0.022101544 
79 496 6 9 0.022043364 
681 556 8 12 0.022025486 
143 510 8 10 0.022024877 
353 527 7 9 0.021991251 
236 504 20 24 0.021978466 
46 487 7 9 0.021933598 
157 565 10 14 0.02193188 
554 489 7 8 0.021909263 
456 576 9 12 0.021877972 
967 511 6 9 0.021869747 
1015 540 9 13 0.021845238 
744 495 7 9 0.02183896 
468 605 9 13 0.021837818 
602 505 7 8 0.021834733 
162 502 7 10 0.021808624 
479 662 12 14 0.02177462 
367 610 10 13 0.02174842 
282 495 6 7 0.021693166 
739 631 20 22 0.021654509 
614 596 14 17 0.021647142 
384 525 7 9 0.021640012 
219 584 19 22 0.02163988 
975 596 20 29 0.021599114 
541 601 10 14 0.021595819 
495 533 8 11 0.021589272 
287 558 10 12 0.021542475 
178 557 19 24 0.02154172 
71 525 9 10 0.021462854 
693 659 10 13 0.021449763 
895 539 8 12 0.02144972 
520 635 10 13 0.021417076 
951 510 8 9 0.021398632 
543 487 7 9 0.021382852 
303 511 7 9 0.021366414 
111 583 9 12 0.021363057 
882 627 12 16 0.021322083 
271 534 8 10 0.021305885 
641 512 7 9 0.021284679 
746 511 7 8 0.021258581 
743 541 9 11 0.021212762 
321 479 7 9 0.02118004 
532 550 9 10 0.021157723 
41 494 7 9 0.021092892 
804 533 11 15 0.021089481 
895 479 8 10 0.02108423 
969 464 7 8 0.02105403 
925 486 8 10 0.021051396 
943 504 8 11 0.021043593 
505 576 9 12 0.021039292 
500 538 18 24 0.021037063 
849 462 7 10 0.020987574 
414 574 8 11 0.020977188 
229 597 10 13 0.020971866 
57 556 8 10 0.020961942 
888 553 10 15 0.020943707 
728 498 6 8 0.020937765 
608 510 7 8 0.020932604 
608 549 9 11 0.020922882 
0 640 9 16 0.020919694 
477 668 13 16 0.020871403 
312 541 10 12 0.020866377 
743 565 10 13 0.020844597 
497 581 10 14 0.02084134 
257 511 8 9 0.02081372 
464 509 8 9 0.020769492 
705 520 7 9 0.020759417 
846 571 12 15 0.020712368 
528 527 8 9 0.020675335 
639 557 9 11 0.020663634 
217 488 7 9 0.020659685 
334 488 7 9 0.020648347 
232 567 9 11 0.020620309 
646 497 20 26 0.020601979 
116 565 8 11 0.020599103 
241 588 11 14 0.02059624 
247 674 12 14 0.02059241 
766 529 18 23 0.020578882 
592 577 17 24 0.020557133 
860 618 12 17 0.020533811 
773 588 12 15 0.020530747 
792 488 7 9 0.020530583 
863 542 9 12 0.020515941 
250 489 7 8 0.020508427 
183 489 7 8 0.020485697 
98 519 7 8 0.020481307 
809 488 7 8 0.020461734 
378 669 16 16 0.020448325 
689 498 7 8 0.020446233 
656 495 7 8 0.020421904 
469 614 10 14 0.0204191 
120 490 6 7 0.020329503 
0 622 9 16 0.020328658 
400 631 22 30 0.02032842 
17 519 7 9 0.020320702 
54 536 19 24 0.02028187 
544 504 6 9 0.020247284 
688 625 10 15 0.020228425 
901 586 18 24 0.020199105 
705 487 7 8 0.020149706 
504 612 10 14 0.02014502 
772 653 12 14 0.020127235 
351 631 11 13 0.020117497 
791 495 7 9 0.020035412 
202 636 10 12 0.020026524 
632 617 12 16 0.020021042 
85 571 10 12 0.020019745 
605 671 10 13 0.02001713 
440 487 8 8 0.020005316 
978 477 8 11 0.020000586 
