22_Picnic_Picnic_22_310
104
451 211 22 33 0.9931832 
647 225 42 57 0.98967326 
854 221 27 30 0.9860023 
268 207 47 61 0.9824525 
599 185 22 29 0.9807162 
515 276 22 30 0.92108756 
761 190 21 32 0.9095517 
667 184 35 44 0.6810763 
909 237 16 23 0.4895242 
146 274 14 17 0.47807312 
980 236 26 30 0.4555848 
19 510 18 26 0.28069487 
246 248 22 33 0.2711676 
652 184 33 37 0.21681525 
969 241 29 33 0.21648766 
178 280 14 18 0.2070487 
91 301 13 18 0.1763769 
916 214 10 13 0.119609006 
902 236 15 18 0.114149824 
993 234 16 25 0.10226342 
37 278 17 23 0.10094622 
111 279 10 12 0.08176704 
158 266 13 17 0.077261865 
498 238 9 11 0.07109905 
908 229 15 21 0.068873465 
912 219 11 15 0.067733824 
728 245 31 40 0.06052989 
898 300 37 48 0.060431737 
130 269 12 15 0.059269086 
217 247 21 30 0.058464102 
523 270 15 21 0.05702156 
925 196 14 19 0.056872174 
989 204 17 21 0.053704277 
238 377 16 19 0.05114489 
758 187 15 25 0.0495349 
711 263 32 39 0.049164776 
103 305 13 16 0.04740694 
161 268 20 25 0.04456018 
491 300 11 14 0.043993346 
687 195 20 25 0.0437373 
941 245 21 28 0.04271588 
503 246 10 12 0.042114016 
983 212 26 33 0.042034596 
504 253 9 11 0.041563325 
836 221 13 20 0.040875338 
159 285 12 15 0.040341213 
740 239 26 32 0.040030774 
509 251 10 12 0.038190998 
215 244 12 17 0.03697864 
551 303 10 12 0.03694488 
219 273 18 23 0.036768083 
888 186 12 15 0.03662775 
536 307 11 13 0.03625488 
94 642 26 33 0.035705917 
503 189 11 14 0.034893975 
933 204 10 15 0.034633264 
221 258 25 30 0.034535747 
657 186 18 21 0.034419857 
162 263 13 15 0.034338348 
458 205 15 25 0.033736616 
131 269 20 26 0.03325246 
509 275 18 24 0.03289324 
836 233 10 15 0.03220294 
191 207 8 11 0.03180187 
104 278 20 25 0.030682765 
131 263 10 13 0.03049056 
143 280 12 16 0.02958162 
490 268 14 17 0.02929123 
29 280 19 22 0.028639648 
234 245 27 34 0.028426787 
479 242 13 16 0.026849775 
830 225 15 20 0.02681343 
214 254 14 22 0.02652832 
511 237 12 14 0.026303561 
511 286 30 36 0.025896031 
135 292 11 13 0.025744982 
115 275 12 17 0.025644844 
154 271 15 19 0.025337964 
527 277 16 23 0.025163444 
228 267 28 31 0.024175705 
219 264 16 21 0.024139764 
88 276 12 16 0.024067294 
918 205 12 16 0.02383334 
509 245 11 14 0.02312822 
826 214 8 10 0.023117503 
969 224 28 33 0.022992518 
420 704 25 38 0.022932744 
151 265 12 14 0.022850184 
965 209 15 21 0.02276497 
105 278 11 14 0.022620026 
484 240 11 13 0.022386739 
225 279 18 22 0.022167094 
182 236 8 11 0.022002036 
450 280 39 47 0.021976525 
963 212 23 30 0.021844339 
201 188 9 11 0.02178883 
529 247 9 11 0.021233888 
99 295 21 26 0.021227945 
533 259 11 14 0.021107776 
497 244 10 12 0.020901745 
677 178 18 22 0.020664208 
528 253 10 13 0.020605003 
908 216 20 28 0.020497687 
753 245 17 23 0.020015677 
