22_Picnic_Picnic_22_561
60
202 472 124 148 0.9999484 
386 495 102 130 0.9999198 
583 757 65 76 0.1337104 
56 -21 425 528 0.09607476 
650 1147 16 18 0.08555716 
723 771 47 63 0.0797923 
477 1156 20 31 0.077098444 
388 1140 16 17 0.07703752 
465 1149 17 22 0.07003065 
779 180 15 20 0.05692112 
703 1151 28 29 0.056560397 
871 69 20 22 0.04933714 
418 1178 14 19 0.048319723 
978 1019 13 18 0.04759295 
510 1160 23 29 0.045870617 
365 1177 12 16 0.044722605 
892 101 16 20 0.0422275 
772 1142 12 14 0.041487306 
718 215 10 14 0.03754638 
585 1039 15 20 0.03719273 
381 1137 27 27 0.03698952 
364 1160 31 34 0.032699335 
462 423 12 15 0.032393157 
655 1114 138 131 0.031995002 
747 1139 27 27 0.030582093 
332 1141 12 14 0.030118681 
516 1151 24 31 0.030034313 
733 94 11 14 0.030008297 
333 319 23 32 0.029253306 
739 86 10 12 0.028958747 
736 70 13 16 0.028733125 
713 84 12 15 0.028639687 
717 188 12 14 0.027959706 
993 22 10 14 0.02790898 
748 212 44 55 0.026840998 
483 1160 25 29 0.026548952 
523 1162 14 19 0.026477689 
623 1103 12 16 0.02570084 
769 1161 16 18 0.025610778 
756 1133 14 16 0.02517556 
420 1100 12 14 0.024188537 
676 1150 13 17 0.023746016 
466 1140 18 21 0.02344218 
801 84 12 17 0.02307205 
85 427 35 39 0.022747956 
367 1141 34 34 0.022435088 
677 1109 11 14 0.02241439 
550 1060 12 16 0.022401804 
356 1146 13 16 0.022156179 
766 1142 11 13 0.02214125 
816 58 15 19 0.022079885 
763 122 11 13 0.021474184 
748 1134 16 18 0.02143923 
709 1123 11 12 0.02122423 
701 747 84 99 0.020914014 
699 145 13 17 0.020782527 
759 1102 10 13 0.020652875 
548 1160 13 17 0.020457275 
505 1110 47 49 0.020230386 
463 1135 29 36 0.02006422 
