22_Picnic_Picnic_22_36
85
637 227 31 41 0.99905986 
286 506 25 33 0.9961079 
458 442 36 40 0.99468744 
637 646 41 56 0.9651778 
775 435 45 72 0.9074103 
218 658 66 84 0.7247383 
174 485 40 54 0.65248126 
130 506 38 63 0.5350544 
615 545 28 47 0.43434834 
146 495 43 58 0.37019518 
690 570 28 50 0.33987176 
504 568 25 44 0.31232712 
119 700 64 64 0.27738312 
810 282 13 15 0.2761188 
45 367 16 22 0.25804725 
200 679 68 82 0.2543729 
707 292 14 18 0.15541616 
38 363 14 17 0.14765735 
712 583 59 98 0.13162968 
165 702 74 58 0.109932505 
70 507 38 68 0.09881906 
892 643 11 13 0.080301665 
563 334 9 10 0.07552311 
104 678 59 74 0.07065769 
792 275 9 13 0.06980118 
700 612 45 75 0.06233185 
810 291 15 18 0.0595166 
804 342 12 14 0.05885508 
797 271 9 12 0.05859977 
553 565 21 39 0.055912804 
624 657 38 47 0.054797214 
382 282 9 12 0.046457052 
691 630 34 47 0.044989098 
212 659 41 50 0.04418398 
480 353 8 10 0.042559113 
803 347 14 17 0.042403482 
52 363 18 27 0.040947564 
609 658 35 44 0.03989442 
813 349 11 14 0.03922458 
812 342 12 14 0.03659707 
803 441 56 64 0.036406834 
544 333 9 12 0.03606859 
35 379 21 28 0.0349145 
379 333 12 16 0.034787167 
32 363 13 17 0.033236917 
145 486 26 48 0.033178013 
884 709 66 61 0.03315577 
905 606 27 34 0.03280623 
797 276 10 14 0.032779705 
472 436 19 23 0.030658517 
15 213 10 11 0.030037964 
559 326 11 12 0.029808708 
549 327 9 10 0.028805891 
807 298 14 17 0.028316028 
554 286 8 11 0.027986718 
379 284 8 11 0.02796321 
118 519 37 63 0.0275704 
181 647 67 71 0.02723571 
420 371 13 16 0.026933305 
588 605 28 45 0.02612054 
833 434 50 69 0.02556783 
44 359 13 18 0.025294196 
659 642 51 67 0.025204124 
545 328 9 11 0.025068127 
460 326 8 11 0.024713684 
590 636 50 65 0.024621047 
258 207 7 10 0.024398973 
549 334 8 10 0.023731936 
457 317 8 11 0.023184622 
794 252 8 11 0.023050776 
796 375 28 33 0.022943707 
457 313 8 10 0.022859668 
589 549 26 38 0.022821987 
810 330 13 16 0.02273518 
317 552 16 18 0.022696812 
969 664 9 12 0.022669105 
564 555 25 41 0.021845233 
369 302 9 11 0.02167386 
43 393 15 19 0.021239428 
797 383 16 21 0.021191526 
793 247 9 11 0.020907305 
581 554 22 36 0.020745398 
309 542 27 29 0.020673841 
797 254 9 11 0.020418031 
797 262 10 12 0.020089494 
