22_Picnic_Picnic_22_308
122
383 328 34 43 0.99580956 
954 190 55 83 0.9889163 
520 302 29 28 0.9652755 
565 278 24 31 0.86629987 
816 261 12 15 0.6763245 
591 232 24 30 0.435416 
694 249 25 31 0.37323803 
698 242 16 21 0.31926256 
801 278 11 14 0.30001798 
360 371 16 19 0.23528683 
242 254 11 13 0.23311843 
889 255 10 13 0.22145866 
765 255 11 13 0.21589273 
740 263 13 18 0.21392474 
693 237 15 22 0.20123322 
492 338 19 21 0.1798694 
638 236 11 14 0.15006907 
605 290 18 22 0.14827017 
633 235 10 13 0.14045571 
660 238 13 17 0.122959696 
630 231 10 12 0.12172353 
596 226 15 19 0.11782616 
832 289 10 12 0.10773884 
800 272 10 14 0.08573825 
838 270 9 11 0.08366025 
761 253 10 13 0.07912999 
661 196 10 13 0.078896776 
706 248 13 18 0.07653806 
588 313 26 31 0.07259143 
798 255 10 13 0.07084395 
601 244 17 22 0.06445222 
741 256 11 14 0.06283956 
725 240 9 11 0.057614554 
256 303 12 13 0.05537496 
624 228 11 15 0.053904742 
776 330 13 18 0.05366102 
621 234 12 15 0.053166345 
726 244 10 13 0.053153515 
820 257 11 13 0.053107403 
509 382 30 43 0.052413907 
613 236 11 15 0.051410273 
864 272 8 9 0.051093835 
655 242 13 17 0.05085422 
735 254 12 14 0.049693108 
833 268 10 13 0.04945548 
850 287 9 12 0.04745947 
856 271 9 10 0.046515994 
838 253 9 11 0.04564467 
472 342 26 31 0.0437254 
706 236 13 16 0.04247879 
485 340 15 19 0.041102134 
793 259 10 13 0.040263593 
509 290 15 21 0.03876508 
720 238 10 13 0.038386106 
837 275 11 13 0.03774031 
511 288 24 30 0.036859598 
745 268 13 16 0.036729824 
688 235 14 20 0.03659193 
461 381 37 46 0.035914723 
869 272 7 9 0.034366515 
694 230 13 18 0.034346603 
823 279 9 10 0.0322535 
633 207 9 11 0.032239623 
283 618 18 21 0.032028623 
645 242 12 15 0.03195314 
732 246 11 14 0.03161951 
243 247 13 15 0.03161408 
429 12 9 11 0.031055352 
856 276 9 11 0.030961717 
563 270 16 18 0.029972028 
482 375 45 58 0.029507656 
799 292 10 14 0.029497495 
783 248 8 11 0.029096093 
227 206 11 12 0.029066026 
280 200 8 9 0.028901512 
807 338 15 23 0.02887753 
245 267 14 16 0.028609503 
442 379 30 40 0.028577022 
447 82 62 65 0.02840771 
602 232 22 27 0.02818347 
838 264 9 11 0.028001964 
657 202 11 13 0.027658636 
559 280 18 26 0.027653975 
769 260 13 14 0.027094293 
664 325 17 20 0.026985513 
213 213 8 11 0.026808726 
593 247 23 30 0.026741924 
639 232 21 24 0.026483702 
679 174 10 11 0.026243893 
848 264 8 9 0.026242046 
835 285 11 13 0.026153784 
282 175 8 10 0.02412235 
823 248 8 10 0.024104886 
668 191 10 12 0.024031451 
626 221 13 16 0.023875657 
732 252 21 27 0.023685811 
804 319 10 12 0.023675472 
602 221 14 16 0.023564357 
981 244 36 49 0.023540735 
583 239 15 21 0.02343703 
660 230 13 17 0.02333881 
236 266 13 15 0.023306051 
770 254 12 12 0.023083521 
800 322 11 14 0.02304264 
558 268 14 17 0.022816421 
701 231 13 17 0.022736799 
658 245 16 20 0.022651462 
630 231 18 23 0.022486294 
829 262 9 10 0.022045555 
618 241 14 18 0.021980729 
662 191 11 14 0.021639764 
580 228 11 14 0.021573192 
758 248 11 14 0.021559924 
592 301 26 34 0.021482883 
912 160 146 189 0.02133756 
870 277 8 10 0.02090973 
832 255 9 10 0.020835942 
862 275 9 12 0.02072547 
1012 29 11 19 0.020285986 
418 495 26 29 0.020139983 
593 222 11 14 0.020093031 
764 248 13 15 0.020012245 
