22_Picnic_Picnic_22_594
22
497 269 50 67 0.99819607 
787 311 55 72 0.979251 
142 3 12 14 0.06781041 
100 416 32 40 0.06084295 
981 259 42 80 0.05579379 
413 30 11 13 0.041097663 
925 225 92 117 0.035648875 
708 290 47 51 0.033695217 
524 3 14 16 0.032343525 
450 66 16 19 0.026602564 
53 393 23 30 0.026425015 
846 243 76 109 0.025599238 
593 305 17 22 0.025342403 
420 43 23 27 0.0252673 
9 403 14 18 0.024320984 
430 3 15 19 0.023449246 
32 406 18 21 0.023064394 
127 388 12 17 0.022833534 
813 291 57 77 0.021494674 
1012 332 12 22 0.020620244 
3 396 15 20 0.020459076 
162 408 26 33 0.02001168 
