22_Picnic_Picnic_22_313
83
160 304 29 38 0.9986142 
700 276 23 33 0.99760324 
304 310 27 36 0.9969702 
618 190 24 31 0.99367684 
648 339 21 28 0.6751004 
77 211 10 14 0.660143 
224 298 20 30 0.49114424 
771 355 33 42 0.31666774 
512 240 15 21 0.11349369 
764 284 11 15 0.11106842 
572 238 14 17 0.10271851 
243 599 11 13 0.08709383 
391 615 29 33 0.08306363 
742 266 20 27 0.0802268 
40 201 9 10 0.07689796 
785 375 19 24 0.07656808 
384 482 38 54 0.076497845 
759 278 11 14 0.06836168 
568 237 12 15 0.066229604 
429 620 9 12 0.057481866 
0 212 7 11 0.056110494 
289 633 12 16 0.052263018 
742 291 13 16 0.05058665 
746 283 12 16 0.049748745 
61 197 10 14 0.04817673 
55 216 9 11 0.0468095 
656 192 14 20 0.046682645 
0 206 6 12 0.0465334 
129 435 123 119 0.0459823 
567 455 26 29 0.04570897 
761 289 12 15 0.044613052 
73 208 11 14 0.04189194 
63 203 9 11 0.03955117 
966 182 9 11 0.03923948 
46 204 8 10 0.037072714 
371 633 14 16 0.03670199 
8 221 8 10 0.03645224 
608 14 10 12 0.035813026 
355 609 29 32 0.035658643 
270 634 13 15 0.035560716 
333 620 23 26 0.035474494 
647 356 16 24 0.034827497 
950 156 11 12 0.033088677 
56 238 9 10 0.03279852 
560 222 8 11 0.03214511 
45 200 7 10 0.0320599 
390 558 10 12 0.02997709 
407 590 11 12 0.02961947 
656 342 22 29 0.029357214 
983 182 7 9 0.029298829 
362 623 25 27 0.028782291 
769 356 20 27 0.027658047 
789 299 12 15 0.027165541 
543 248 11 15 0.026940314 
795 257 42 54 0.026486374 
397 557 10 12 0.0264551 
400 590 10 11 0.026034469 
347 620 17 22 0.025821961 
192 309 22 28 0.024817783 
572 210 25 28 0.024406876 
92 274 474 492 0.02361168 
262 634 13 19 0.023472426 
958 181 12 14 0.023443196 
335 626 14 15 0.022797665 
81 166 9 13 0.022393284 
61 220 9 11 0.022352254 
238 602 23 26 0.022324303 
214 303 22 30 0.022108428 
23 197 9 11 0.022028789 
468 637 15 18 0.021959467 
953 183 9 12 0.021865658 
789 283 13 17 0.02165508 
350 620 27 28 0.021328295 
73 206 18 24 0.021157622 
189 296 23 31 0.0208269 
13 215 8 10 0.02073697 
765 362 52 57 0.020627283 
717 323 40 50 0.020626301 
411 617 14 19 0.020591285 
391 552 9 12 0.020531433 
56 205 8 10 0.020486679 
98 196 9 11 0.020174207 
658 14 12 15 0.020156285 
