50_Celebration_Or_Party_birthdayparty_50_75
142
177 599 31 36 0.9990766 
117 605 28 33 0.99797326 
237 454 31 38 0.9975165 
238 384 32 38 0.9948828 
58 459 28 33 0.9933996 
407 201 89 105 0.990538 
116 383 27 32 0.98580384 
182 386 28 34 0.9750899 
157 473 17 21 0.9418956 
666 126 22 28 0.92258674 
765 471 188 209 0.919984 
61 389 15 17 0.7784321 
177 471 23 28 0.6861196 
54 529 30 32 0.3915109 
54 599 37 47 0.32574308 
9 129 43 62 0.13680713 
957 399 10 13 0.12863213 
394 534 30 33 0.11952208 
411 460 14 15 0.11090955 
585 391 18 20 0.10391217 
171 480 25 31 0.099071786 
853 502 134 154 0.08916477 
125 470 23 29 0.08065411 
541 470 9 13 0.07717653 
953 399 10 11 0.07522575 
943 428 11 13 0.07348456 
595 203 16 19 0.07284665 
785 413 11 13 0.065153405 
492 413 9 12 0.064831726 
143 489 18 20 0.062635854 
763 435 13 17 0.062403053 
965 398 10 13 0.055226002 
131 475 27 32 0.054565564 
807 381 9 13 0.05430991 
762 425 15 18 0.053164396 
541 463 9 11 0.051774688 
492 611 29 35 0.05056308 
642 183 34 37 0.04995169 
128 317 463 481 0.04790305 
595 387 14 17 0.04746906 
20 441 422 435 0.04735544 
559 461 12 17 0.046494927 
329 519 28 32 0.04491474 
611 465 43 56 0.04414287 
301 475 17 19 0.044105474 
965 485 33 37 0.04357424 
693 452 11 17 0.042640667 
599 383 11 14 0.042353053 
907 401 14 18 0.040528443 
835 385 24 31 0.040385652 
822 399 10 12 0.04028207 
928 392 9 11 0.039746 
590 474 11 14 0.039258543 
872 364 9 12 0.03838817 
895 366 9 11 0.038386934 
471 460 24 34 0.03830193 
541 392 9 11 0.037462726 
701 437 10 12 0.037046622 
1005 404 12 13 0.036801405 
913 507 102 118 0.03676529 
542 396 10 11 0.036254283 
323 345 48 64 0.036247656 
471 496 25 27 0.035812534 
571 237 48 52 0.035562955 
597 468 12 15 0.034604482 
745 611 11 13 0.034410063 
975 383 9 12 0.0342801 
575 425 12 15 0.033946443 
495 429 12 15 0.03377961 
279 524 28 30 0.03335767 
426 521 29 39 0.033090822 
805 405 163 189 0.031839397 
557 456 22 30 0.0306541 
499 667 28 34 0.030482026 
382 513 50 55 0.030195946 
899 458 18 22 0.029776903 
142 536 32 36 0.029075244 
1000 398 11 13 0.028897764 
48 747 20 19 0.028797694 
982 398 13 14 0.02866105 
537 396 11 12 0.028510507 
405 454 23 26 0.0282464 
352 410 12 15 0.028170051 
951 392 8 10 0.027586626 
604 468 9 13 0.027217647 
510 423 10 13 0.026861927 
695 162 13 16 0.026793834 
944 382 10 13 0.026757482 
794 520 16 18 0.026751414 
912 366 10 13 0.02664447 
885 354 14 19 0.026547778 
937 427 12 15 0.026315622 
895 372 10 12 0.026260326 
873 391 113 135 0.025893731 
567 454 25 33 0.025726033 
369 410 20 21 0.025589993 
724 417 12 17 0.025454806 
975 405 11 14 0.02511368 
302 413 14 16 0.025067953 
719 522 15 18 0.025030002 
701 381 211 262 0.02482613 
685 452 19 27 0.024597365 
502 423 11 15 0.024521206 
149 478 18 21 0.024086526 
989 390 10 13 0.024024153 
471 58 362 479 0.024020232 
432 444 33 40 0.023378966 
983 390 10 12 0.023362799 
41 737 32 30 0.023264399 
598 463 11 13 0.023250047 
758 523 14 16 0.023247728 
508 612 27 39 0.022938954 
936 470 60 66 0.022818144 
966 388 11 13 0.02279963 
351 395 48 61 0.022769157 
918 397 10 13 0.022726577 
618 471 28 34 0.022651326 
163 487 16 20 0.022632992 
505 400 10 12 0.02240114 
392 442 43 50 0.022280648 
844 399 13 18 0.022212444 
395 490 30 33 0.022143688 
173 379 26 32 0.022007497 
316 548 11 15 0.021945555 
694 163 27 30 0.021729909 
143 507 13 16 0.021551186 
932 391 11 12 0.02148295 
974 398 11 14 0.021099497 
158 486 14 17 0.021057831 
938 395 24 30 0.021016989 
974 412 12 13 0.020970369 
648 163 12 13 0.020799618 
669 137 27 34 0.02077526 
181 504 15 18 0.020705048 
784 372 13 16 0.020699717 
944 389 9 11 0.020521367 
184 380 21 24 0.020270035 
2 142 43 83 0.02024406 
274 528 18 19 0.020233288 
728 581 10 13 0.020227296 
594 381 23 28 0.020180311 
920 382 10 12 0.020021802 
