50_Celebration_Or_Party_houseparty_50_17
44
27 399 94 114 0.9995328 
473 102 56 78 0.9990521 
645 137 53 69 0.99879324 
355 157 53 65 0.9982352 
810 102 61 72 0.9980842 
721 350 73 94 0.99784076 
381 391 70 89 0.99723166 
498 386 63 72 0.9963219 
192 392 79 97 0.9959228 
923 387 83 104 0.9933427 
224 63 59 75 0.9842249 
647 308 17 19 0.6044984 
22 96 21 30 0.321096 
22 71 10 14 0.1668732 
450 465 388 479 0.1309827 
659 307 14 16 0.09846122 
484 392 28 38 0.06154442 
257 130 45 56 0.05686027 
303 533 380 447 0.05446129 
78 222 11 12 0.051401958 
2 118 25 43 0.050057765 
264 2 32 47 0.04802876 
2 525 47 88 0.04488965 
798 628 77 69 0.039172657 
206 67 29 52 0.038576268 
78 226 13 16 0.036912728 
567 533 445 484 0.03634212 
427 136 39 54 0.03590635 
667 308 12 15 0.034812517 
664 324 12 14 0.03391488 
69 233 11 16 0.033060346 
64 232 9 12 0.031972934 
350 680 107 104 0.029268183 
17 67 12 17 0.028997822 
76 117 13 18 0.028272642 
438 183 50 63 0.028032793 
403 42 14 19 0.026094317 
431 156 43 59 0.024503717 
662 311 22 27 0.02288863 
104 230 9 12 0.021923902 
0 497 28 45 0.021672998 
651 301 24 27 0.02142693 
16 62 9 13 0.020977775 
72 221 11 13 0.020551853 
