50_Celebration_Or_Party_houseparty_50_323
19
676 170 78 96 0.99811697 
550 154 75 95 0.99759066 
618 493 68 64 0.23960823 
892 -2 114 201 0.21760783 
601 462 61 58 0.07770073 
403 293 131 128 0.052654717 
1006 141 14 25 0.0515381 
134 330 400 421 0.04989799 
843 456 182 293 0.04823037 
476 304 78 83 0.04281386 
349 294 127 120 0.03997442 
634 476 60 58 0.0350081 
324 324 248 247 0.023924837 
1004 119 20 38 0.02327348 
594 359 334 431 0.023152316 
276 304 416 370 0.022677265 
1008 120 13 21 0.021962345 
1007 130 13 22 0.021296175 
578 478 70 63 0.020819949 
