50_Celebration_Or_Party_houseparty_50_345
85
305 138 182 243 0.99955827 
579 149 183 228 0.99955374 
895 97 64 86 0.9095718 
11 197 54 88 0.7867923 
960 93 62 109 0.6449749 
635 863 39 44 0.28532904 
773 839 11 13 0.28327188 
129 59 108 151 0.24378757 
607 958 9 12 0.10600982 
572 966 9 12 0.10175505 
796 1003 11 14 0.098383 
706 971 13 16 0.09047122 
645 984 12 14 0.08939329 
954 75 52 81 0.08266363 
685 940 12 15 0.08063728 
679 930 13 17 0.0657647 
654 970 10 13 0.062009864 
797 1012 13 17 0.059100755 
792 999 10 15 0.056835238 
726 1039 9 12 0.056480862 
838 476 66 68 0.05250729 
149 314 370 485 0.051126834 
684 947 14 18 0.049521632 
576 1085 10 12 0.048646018 
768 958 11 15 0.04790895 
608 925 10 12 0.046866838 
818 735 10 12 0.04254144 
573 972 11 13 0.042500395 
558 983 9 12 0.042301953 
93 459 54 47 0.03846531 
718 954 12 14 0.03832635 
165 151 20 32 0.0372216 
587 886 12 14 0.0353412 
767 909 10 12 0.033121586 
774 601 51 63 0.031767987 
757 949 10 13 0.030694535 
675 941 20 27 0.030513642 
716 966 11 14 0.02992204 
865 101 64 90 0.02950863 
675 920 22 29 0.028758327 
662 1001 13 17 0.02872546 
596 631 27 28 0.028487494 
789 1039 11 13 0.028019542 
565 956 13 18 0.027808426 
762 1021 9 13 0.027300116 
691 940 12 14 0.026988463 
512 486 34 49 0.026680935 
711 831 9 10 0.026641794 
478 979 12 18 0.026577055 
759 955 9 13 0.026524097 
969 69 32 46 0.02632286 
675 916 15 18 0.026252499 
569 971 10 12 0.026105842 
993 74 32 47 0.025928788 
587 651 420 452 0.025893308 
642 988 10 14 0.025346747 
791 1000 20 28 0.02513662 
724 630 46 49 0.024292922 
708 666 12 14 0.024262322 
791 870 10 11 0.024129566 
757 844 11 13 0.024045788 
700 644 11 13 0.023506925 
622 891 12 14 0.02343823 
561 613 48 57 0.02307098 
804 1005 10 13 0.023008935 
611 958 10 12 0.0229292 
591 591 11 14 0.022707803 
672 943 9 12 0.022685999 
636 939 11 13 0.02265425 
705 796 107 120 0.022282446 
938 125 31 52 0.022018066 
715 1013 13 15 0.02198858 
662 967 11 14 0.021880222 
526 590 33 33 0.02183489 
695 990 9 11 0.021831317 
648 972 11 13 0.021751303 
637 968 13 15 0.021703616 
767 1057 10 15 0.021567553 
785 1043 11 15 0.021567548 
604 577 13 18 0.02152678 
182 27 57 85 0.021487797 
717 980 10 13 0.02091941 
970 57 26 39 0.020382468 
969 54 51 76 0.020316375 
606 1055 11 15 0.020072984 
