50_Celebration_Or_Party_houseparty_50_19
74
522 397 35 47 0.99791354 
653 444 29 44 0.97864735 
132 374 45 56 0.97157246 
454 423 19 27 0.9378305 
866 428 39 51 0.9350758 
210 415 33 54 0.71831 
404 433 23 35 0.682702 
768 430 22 29 0.6153335 
709 481 18 22 0.25206113 
75 0 448 478 0.20937887 
747 492 13 17 0.16793321 
29 76 89 145 0.15497501 
778 436 19 23 0.14108732 
598 352 21 26 0.12228269 
386 430 35 46 0.11673894 
265 478 14 16 0.103142925 
620 379 16 18 0.09980665 
151 373 33 44 0.09669474 
662 463 27 43 0.08923739 
545 458 30 39 0.07782523 
414 424 26 40 0.075398825 
623 357 10 12 0.073186055 
671 278 21 30 0.07285307 
677 487 15 23 0.06007362 
703 482 15 18 0.059070695 
121 85 255 334 0.05403344 
396 435 19 26 0.05293519 
114 261 16 19 0.050958697 
647 352 10 13 0.041938473 
115 288 32 39 0.04123182 
379 437 27 33 0.04014478 
693 469 9 13 0.039941132 
591 368 13 19 0.039198224 
473 426 24 31 0.03844329 
592 360 22 26 0.03725646 
158 387 34 53 0.032811973 
62 330 16 21 0.032735847 
448 350 18 21 0.032017164 
144 399 36 54 0.031892627 
679 350 10 12 0.031573143 
660 358 12 15 0.031011434 
753 509 9 13 0.030912666 
172 375 16 22 0.029654987 
654 333 9 11 0.029328775 
610 361 15 19 0.027140588 
639 349 10 13 0.026873976 
723 352 11 11 0.026665071 
745 487 12 15 0.026572539 
702 294 11 15 0.026570283 
411 463 14 19 0.026292656 
721 483 12 17 0.02616899 
683 289 13 18 0.02571002 
630 349 10 14 0.025608882 
612 350 12 16 0.025329864 
463 378 30 34 0.024320768 
79 184 197 262 0.024311148 
687 468 11 15 0.024064984 
693 479 22 28 0.023911202 
166 375 29 39 0.023582526 
228 425 26 38 0.023476124 
695 483 12 17 0.022622697 
108 367 29 44 0.022427559 
422 419 28 36 0.022240486 
636 341 10 13 0.021925947 
467 428 18 25 0.021853382 
668 308 10 13 0.021818183 
581 360 13 18 0.021769239 
766 445 25 33 0.021651044 
683 484 15 22 0.021634253 
121 374 33 47 0.021026557 
653 479 26 38 0.020304475 
664 309 9 13 0.020241935 
750 490 22 29 0.020209506 
649 332 10 12 0.020005671 
