50_Celebration_Or_Party_birthdayparty_50_43
46
521 256 36 45 0.99939346 
625 405 45 57 0.99912685 
640 255 37 43 0.998971 
582 41 37 45 0.99852306 
461 96 35 43 0.99815387 
754 242 37 47 0.9981275 
395 261 39 48 0.9971232 
205 267 46 56 0.99662846 
484 444 46 55 0.9958395 
715 95 35 43 0.9950034 
772 414 44 52 0.99203014 
298 112 40 49 0.9898583 
353 418 44 51 0.98905295 
202 75 39 47 0.9740829 
209 156 20 22 0.6090191 
625 546 19 23 0.6060144 
793 546 20 24 0.58336246 
733 568 15 20 0.24936458 
464 175 11 13 0.24550222 
394 316 26 29 0.2021362 
322 328 26 34 0.06839516 
195 387 22 25 0.05818713 
518 185 12 14 0.05569694 
361 495 24 28 0.04359032 
536 444 39 52 0.042970456 
645 217 18 23 0.037408847 
715 155 13 17 0.035630174 
682 432 23 31 0.0346869 
762 202 28 32 0.03430497 
537 126 9 13 0.032142263 
327 75 15 18 0.030677319 
526 421 35 37 0.030246286 
663 131 15 18 0.029860726 
182 465 110 134 0.028611954 
704 515 14 18 0.02779912 
520 309 23 26 0.027641524 
488 215 10 13 0.026405618 
523 187 13 15 0.026400933 
664 506 18 21 0.025021572 
733 558 16 20 0.024413811 
679 598 10 12 0.02307943 
695 538 11 14 0.021508563 
154 202 9 13 0.0211276 
421 393 494 577 0.021053577 
152 147 12 16 0.020675138 
708 539 21 30 0.02064136 
