50_Celebration_Or_Party_birthdayparty_50_134
194
854 284 30 35 0.99840707 
11 335 21 27 0.8714042 
616 311 9 11 0.8685868 
83 354 14 19 0.5349769 
551 314 13 15 0.52023554 
559 344 13 17 0.45630372 
798 302 10 12 0.4438152 
540 349 11 14 0.3329647 
581 317 10 12 0.32963404 
883 357 114 155 0.3132384 
650 303 10 12 0.2896009 
597 332 10 14 0.2696098 
497 334 8 10 0.26215988 
503 335 9 10 0.24422722 
578 311 10 12 0.20942067 
598 351 10 14 0.2046522 
423 341 8 10 0.19727127 
485 321 7 10 0.19244857 
547 321 14 17 0.17922553 
804 353 22 29 0.17911594 
572 528 14 17 0.17865227 
760 303 11 13 0.16024807 
609 347 9 14 0.15685768 
743 304 10 12 0.14585212 
479 332 11 12 0.14331304 
481 324 10 12 0.1377136 
724 295 10 12 0.12975214 
442 350 8 9 0.12894715 
446 350 8 10 0.1278718 
640 308 9 12 0.12167734 
490 575 44 51 0.11547559 
543 330 11 13 0.11526934 
928 336 19 24 0.11185101 
448 344 8 10 0.1117361 
576 323 11 14 0.10796168 
509 341 8 11 0.09934131 
434 364 9 11 0.099263586 
430 343 8 11 0.0988844 
566 521 24 28 0.096837245 
509 336 7 10 0.094614126 
422 338 7 9 0.08841261 
574 519 11 12 0.08559005 
529 334 8 11 0.08171667 
738 308 10 12 0.07816343 
548 331 13 15 0.07743593 
873 312 22 31 0.07608995 
552 341 13 15 0.0754318 
504 338 10 13 0.07215783 
450 567 52 61 0.071958475 
894 336 24 31 0.06835246 
453 344 8 9 0.068173125 
486 332 10 14 0.06629436 
558 509 8 10 0.06397031 
589 554 55 74 0.06388286 
736 303 9 11 0.061255958 
806 310 10 13 0.06084649 
592 354 14 15 0.060809366 
578 525 13 16 0.05921807 
471 336 10 12 0.058967866 
440 344 7 9 0.057194587 
628 348 12 16 0.056547653 
417 351 8 11 0.05500479 
555 321 12 16 0.054290526 
574 342 10 14 0.05412867 
550 592 36 37 0.05388372 
807 315 10 14 0.053620603 
86 371 12 15 0.05312131 
923 315 12 14 0.052772913 
631 391 27 32 0.05270078 
419 341 7 11 0.05221469 
422 348 9 11 0.0516171 
749 304 10 12 0.051539704 
119 415 10 13 0.049551908 
486 341 10 13 0.04873091 
792 304 11 15 0.046944126 
587 638 16 21 0.046738327 
541 342 13 16 0.046734132 
387 366 10 14 0.04642511 
591 326 10 14 0.04609079 
409 368 7 10 0.045421835 
611 341 11 16 0.045138724 
567 536 12 16 0.045128 
88 361 15 17 0.044306044 
707 301 11 12 0.042954516 
0 345 12 18 0.041541316 
631 354 11 14 0.04124641 
478 341 11 14 0.040842578 
476 506 11 13 0.040688176 
554 509 8 10 0.040629942 
601 502 8 10 0.040077873 
721 332 13 18 0.04003178 
22 369 14 21 0.039960723 
553 505 8 9 0.03984076 
606 326 10 15 0.039678123 
384 350 8 10 0.03948556 
596 516 12 13 0.039469566 
397 537 96 115 0.038904537 
652 316 12 15 0.038496558 
446 356 9 10 0.038192842 
803 339 14 18 0.03808557 
547 545 89 103 0.037928097 
503 349 11 14 0.037836734 
599 311 10 12 0.037792563 
484 346 13 16 0.037573304 
24 337 13 20 0.03720262 
494 338 11 14 0.036190007 
555 509 44 61 0.036127206 
562 525 10 14 0.03585626 
528 339 10 14 0.0354623 
438 359 10 12 0.0353993 
568 511 8 10 0.03538502 
612 329 13 17 0.035269804 
929 332 30 39 0.035066675 
509 349 11 14 0.034890804 
442 336 8 10 0.034314893 
775 322 13 17 0.033888686 
477 345 15 17 0.033647902 
550 346 12 16 0.033455987 
621 316 10 12 0.03287476 
407 373 7 10 0.032788653 
581 348 10 14 0.032519743 
534 566 58 66 0.032495048 
534 333 10 13 0.03195332 
504 562 54 64 0.031947896 
614 305 16 23 0.031836305 
817 361 13 19 0.031318277 
634 308 9 10 0.03083154 
516 390 10 12 0.030803282 
646 296 18 24 0.030746149 
219 118 63 75 0.03064241 
579 629 27 34 0.03051002 
910 335 24 28 0.030409746 
534 342 12 15 0.030396786 
873 293 16 23 0.03027611 
446 337 8 10 0.030244501 
606 535 12 14 0.029950522 
446 366 8 9 0.029945223 
567 324 12 15 0.029724998 
559 505 8 9 0.029283645 
593 512 9 11 0.028571224 
771 362 11 15 0.028214816 
586 578 14 18 0.028102983 
556 335 12 15 0.028012933 
142 389 14 17 0.027372526 
429 349 9 10 0.02731095 
615 356 9 12 0.027234858 
881 316 24 31 0.027155334 
798 358 18 22 0.027065342 
508 354 13 16 0.026958063 
85 346 21 28 0.026706839 
793 297 18 22 0.02644944 
644 335 11 12 0.026377877 
799 346 14 17 0.026322674 
414 365 9 12 0.025743008 
112 412 10 13 0.025707548 
750 316 11 15 0.025501147 
400 375 9 10 0.025211489 
116 388 13 16 0.025106424 
629 325 10 13 0.024931999 
750 324 15 18 0.024833297 
464 357 9 11 0.02478812 
494 349 10 13 0.024697712 
42 403 15 20 0.02439138 
630 321 8 10 0.024145558 
597 509 11 13 0.023904633 
447 374 8 12 0.023667052 
465 340 8 12 0.023053603 
463 563 12 15 0.022767745 
446 496 11 15 0.022622023 
756 378 21 28 0.022351217 
718 328 11 14 0.022299426 
639 339 11 15 0.022278836 
578 517 26 32 0.021614999 
573 512 9 10 0.02159334 
550 526 10 12 0.021544635 
595 358 15 18 0.021515774 
4 334 18 24 0.021502558 
472 348 10 13 0.021423751 
517 349 10 13 0.02134209 
605 355 10 13 0.0212201 
593 564 33 39 0.021174699 
93 405 9 12 0.021135055 
917 317 24 28 0.021029659 
487 366 9 11 0.02097685 
567 504 8 11 0.020967873 
548 354 13 16 0.020846488 
452 348 10 12 0.020736068 
426 564 53 70 0.02061695 
576 314 18 23 0.020525984 
400 366 9 12 0.020361515 
726 309 9 12 0.02022086 
544 525 9 12 0.020187862 
610 311 8 11 0.020141056 
915 305 23 27 0.02004191 
