50_Celebration_Or_Party_birthdayparty_50_374
27
590 286 67 82 0.9968725 
730 307 67 88 0.9963606 
433 335 59 70 0.9955916 
264 315 64 92 0.99542135 
129 340 78 89 0.97754544 
879 127 87 108 0.85752577 
284 30 59 65 0.054791924 
861 635 14 18 0.054396074 
910 581 13 16 0.046022262 
483 653 46 36 0.040701423 
884 172 11 15 0.037898928 
94 312 30 56 0.03296809 
325 310 44 62 0.032199554 
-3 381 44 65 0.030662965 
898 517 31 36 0.03040595 
567 267 49 63 0.029846888 
933 573 13 18 0.029372688 
875 590 14 15 0.026237473 
424 310 56 74 0.024879592 
874 165 27 35 0.024313495 
749 601 42 54 0.023358913 
402 311 35 48 0.02188973 
557 254 14 18 0.021255702 
857 88 91 122 0.020691082 
390 328 43 58 0.020453019 
491 610 58 52 0.020349389 
878 615 27 32 0.020205848 
