50_Celebration_Or_Party_houseparty_50_749
30
338 108 133 195 0.9992428 
901 1570 37 47 0.94355035 
821 1552 56 72 0.2623561 
1001 442 22 32 0.2216869 
266 745 40 54 0.08009438 
357 332 114 179 0.076835126 
434 481 14 18 0.07403686 
453 486 13 18 0.06371171 
586 348 59 78 0.045202415 
26 538 11 15 0.044933766 
67 783 23 32 0.044527512 
462 461 11 15 0.043547973 
961 466 18 24 0.033978585 
74 596 17 20 0.032855723 
993 401 25 34 0.03011614 
-1 804 8 16 0.02974521 
70 587 30 36 0.027796974 
639 767 387 480 0.027705804 
444 459 109 140 0.027329553 
606 339 16 23 0.02729099 
969 382 27 32 0.027242111 
151 550 44 46 0.026497042 
47 767 24 32 0.02581771 
482 787 193 245 0.025600454 
459 491 15 17 0.024650974 
89 914 12 16 0.024452535 
124 551 12 14 0.023783822 
326 391 45 37 0.02142387 
1003 436 16 20 0.020480331 
16 878 28 34 0.020172248 
