50_Celebration_Or_Party_houseparty_50_282
31
322 231 41 49 0.9985752 
47 243 46 73 0.9983474 
645 195 52 64 0.9975079 
423 153 38 46 0.9904435 
623 134 30 45 0.9893511 
166 248 45 58 0.9835591 
791 164 63 84 0.85736823 
927 214 53 64 0.73446244 
499 524 19 21 0.37974843 
927 102 37 44 0.34346217 
951 221 39 43 0.28439137 
203 253 31 40 0.08679266 
917 91 32 45 0.051499277 
609 146 36 43 0.050352763 
504 525 27 32 0.042734854 
552 178 12 16 0.04266562 
542 197 13 16 0.035948858 
552 453 28 35 0.034217905 
375 226 18 23 0.033423074 
74 215 30 38 0.032688323 
932 180 66 81 0.032427922 
498 201 31 32 0.031307057 
533 178 10 13 0.030873394 
217 263 18 25 0.030068642 
565 293 15 19 0.027670674 
11 257 31 50 0.026086552 
62 377 106 128 0.025796065 
800 322 32 50 0.02446972 
198 302 51 62 0.022006204 
107 430 60 71 0.021963248 
631 172 50 64 0.02149298 
