50_Celebration_Or_Party_houseparty_50_303
28
484 305 129 177 0.9991266 
722 1509 76 102 0.99349904 
231 1507 75 102 0.9929889 
157 448 374 491 0.37335652 
683 470 103 142 0.18833321 
887 1609 73 54 0.12127462 
902 1621 77 63 0.054925133 
703 519 65 84 0.048921645 
70 1480 411 498 0.04634753 
240 1164 41 48 0.04574457 
850 1615 31 31 0.040362623 
915 1595 58 48 0.04010215 
193 381 112 129 0.03326312 
916 985 110 231 0.03320104 
706 453 60 90 0.03247068 
270 279 35 48 0.030867508 
244 457 64 57 0.03085644 
527 1069 30 29 0.028519848 
891 1639 69 65 0.027806854 
734 528 59 78 0.027236268 
684 475 208 255 0.02596381 
166 662 445 498 0.024431942 
228 1958 19 25 0.024077766 
417 1582 27 35 0.023305302 
906 1878 56 66 0.022686034 
228 351 395 428 0.022398122 
198 444 135 102 0.021569693 
343 1960 16 19 0.020653259 
