50_Celebration_Or_Party_houseparty_50_715
789
808 557 11 15 0.59635895 
732 601 14 18 0.2706412 
835 565 13 15 0.26691952 
24 484 12 15 0.25593296 
607 570 14 18 0.2491759 
520 572 12 15 0.23886693 
670 556 11 15 0.22824597 
253 598 15 19 0.22818227 
805 645 13 17 0.22668645 
702 599 12 15 0.22422798 
526 595 13 16 0.22201765 
887 524 10 12 0.21256375 
614 542 13 15 0.20854416 
781 579 12 15 0.20593823 
690 582 12 15 0.19610755 
696 503 9 12 0.19242392 
855 550 11 13 0.18839148 
630 564 13 17 0.1858732 
670 603 13 16 0.1844805 
378 542 8 11 0.17594226 
800 532 11 13 0.16443682 
94 530 14 18 0.16133201 
799 527 10 11 0.16016456 
837 559 11 13 0.1546006 
61 493 9 11 0.15166388 
360 648 12 17 0.15128589 
918 583 14 18 0.14819352 
675 555 12 14 0.14545776 
794 602 15 18 0.13987762 
774 580 12 16 0.13836826 
832 589 11 14 0.13828805 
262 638 12 17 0.13731362 
727 570 11 15 0.13678028 
191 512 11 13 0.13666165 
150 534 10 14 0.13213821 
240 485 9 13 0.12838869 
160 529 12 17 0.1249875 
595 557 12 15 0.12234913 
673 495 7 9 0.115310796 
284 587 13 17 0.11441809 
652 578 12 15 0.113690965 
595 595 13 16 0.11354018 
415 548 8 10 0.112754755 
695 597 13 16 0.11114033 
122 477 8 10 0.1086437 
793 542 10 12 0.10830352 
678 534 12 15 0.10766401 
558 578 12 15 0.10512261 
844 566 13 15 0.101717316 
528 541 10 13 0.10120723 
653 554 11 15 0.100841545 
71 475 9 13 0.09765269 
663 602 12 15 0.09761793 
723 494 8 10 0.09741497 
733 564 11 14 0.09703348 
655 512 9 11 0.09520981 
751 602 12 16 0.09429872 
29 479 11 14 0.0933215 
207 497 11 12 0.09263181 
419 595 13 16 0.088446476 
95 585 14 20 0.08820197 
150 545 12 17 0.08741469 
148 472 9 11 0.08530446 
783 556 10 13 0.083802134 
57 469 8 11 0.08369682 
717 589 10 13 0.083489195 
726 543 10 13 0.083431065 
695 556 12 15 0.08261494 
127 512 11 12 0.08075806 
261 472 8 10 0.080142826 
104 470 9 11 0.078436516 
845 535 9 12 0.0782223 
58 532 16 18 0.07775261 
838 539 10 12 0.077518106 
162 470 8 10 0.07698684 
812 579 11 14 0.076572485 
86 462 9 11 0.075460725 
831 549 9 12 0.07494444 
132 516 12 15 0.074081056 
369 560 8 10 0.07404324 
539 563 12 17 0.072864465 
584 502 11 12 0.07257397 
144 476 9 10 0.071821384 
501 134 26 31 0.07114639 
120 515 12 14 0.07081203 
608 548 11 14 0.07075031 
145 548 11 15 0.07062334 
419 139 26 28 0.07053686 
727 517 8 10 0.06983642 
474 177 27 32 0.06975753 
33 471 8 10 0.06883095 
311 497 7 9 0.06835161 
815 516 9 12 0.06782748 
831 568 13 16 0.067180924 
136 479 8 9 0.06689848 
768 520 8 9 0.06682268 
864 534 10 12 0.06650414 
155 539 12 15 0.06565217 
675 468 9 10 0.06563914 
678 528 10 12 0.065567814 
644 531 11 15 0.06516876 
753 512 8 10 0.064740025 
787 580 10 13 0.06443934 
840 527 8 11 0.06357431 
701 508 8 12 0.0633341 
748 582 11 14 0.06316385 
319 487 7 9 0.062344335 
911 528 10 12 0.0621413 
849 549 11 13 0.062114175 
738 511 8 10 0.061704125 
223 454 9 11 0.061657734 
449 213 26 33 0.061532374 
304 525 8 11 0.061530128 
558 516 10 12 0.061003063 
846 557 12 14 0.060816664 
702 495 8 10 0.060571108 
105 476 9 10 0.059965793 
165 479 8 10 0.05935397 
881 532 9 11 0.059007112 
459 160 17 22 0.058919683 
667 629 13 19 0.058758203 
775 500 10 11 0.058684397 
735 591 12 14 0.058499478 
195 592 15 18 0.05837123 
398 561 7 10 0.05813428 
73 49 387 422 0.05810042 
153 488 8 9 0.058042213 
737 595 14 18 0.0578284 
674 464 8 10 0.057676885 
682 485 9 11 0.05766778 
325 527 8 10 0.057182238 
494 548 12 14 0.05701188 
385 582 9 10 0.056725126 
742 511 8 10 0.05671261 
881 578 17 21 0.05651741 
750 542 10 12 0.05628236 
678 586 12 14 0.05555851 
366 495 8 10 0.05535973 
803 537 12 15 0.05527167 
752 564 12 15 0.055244632 
738 492 8 10 0.055213485 
320 504 7 8 0.05515879 
534 162 50 70 0.05467233 
95 479 8 9 0.054502036 
150 477 8 9 0.054259825 
228 587 13 17 0.05425652 
698 496 9 11 0.054175608 
192 557 11 16 0.053999715 
581 578 13 16 0.05389186 
737 517 8 11 0.053408805 
268 638 12 16 0.05286669 
749 532 10 12 0.05282779 
741 589 11 14 0.05276768 
39 464 8 9 0.052619476 
187 515 10 14 0.052359372 
655 493 7 10 0.05204025 
374 559 7 10 0.051885597 
558 425 9 10 0.05184883 
394 560 8 10 0.05160979 
310 552 8 10 0.051493965 
555 526 11 13 0.05134077 
177 478 8 11 0.051258877 
409 545 8 10 0.051175572 
102 462 8 10 0.050621837 
618 484 9 11 0.050619263 
885 530 11 12 0.04974529 
609 541 12 15 0.04948846 
839 534 11 13 0.04939038 
213 572 13 15 0.04926721 
217 462 8 10 0.049242504 
754 496 8 10 0.04908521 
663 517 9 11 0.04884945 
321 535 8 10 0.048543263 
381 536 8 10 0.048516065 
862 602 13 18 0.048439212 
736 560 10 13 0.0483091 
286 500 8 10 0.048263587 
568 534 10 13 0.048189346 
664 493 8 9 0.047943793 
343 526 8 10 0.047576975 
672 588 10 14 0.0474907 
720 567 11 14 0.04740567 
53 454 9 11 0.047171168 
788 557 10 13 0.047149137 
376 547 8 11 0.047120553 
97 463 8 9 0.046888795 
175 495 8 10 0.046770003 
605 556 12 14 0.04674116 
768 585 13 17 0.046695817 
836 612 13 15 0.04653697 
598 602 12 15 0.04630022 
777 494 9 11 0.04623585 
49 433 7 8 0.046234485 
96 486 8 10 0.046113968 
658 464 7 9 0.04610352 
791 547 10 13 0.04585526 
563 574 12 15 0.045696788 
744 540 10 12 0.04555683 
126 532 14 17 0.045286883 
712 502 7 8 0.04527508 
126 463 8 9 0.04527329 
864 539 9 13 0.045140587 
142 455 7 8 0.044979308 
887 543 12 15 0.044678126 
478 607 10 14 0.044471618 
204 531 12 16 0.044207897 
726 511 8 10 0.04416911 
721 548 11 15 0.043921046 
722 504 8 9 0.04391776 
630 455 7 10 0.043872982 
869 526 10 12 0.043626633 
125 479 8 9 0.04362365 
85 456 8 9 0.04353259 
728 536 8 10 0.04342981 
745 534 9 11 0.043396544 
504 557 11 14 0.04323952 
611 629 12 15 0.04287491 
280 497 9 11 0.04279087 
422 544 9 11 0.042790633 
327 574 8 10 0.042734396 
721 527 8 11 0.042494986 
29 509 13 15 0.04212906 
161 465 7 9 0.04184389 
559 511 11 12 0.041799936 
798 548 10 13 0.041657466 
247 541 10 12 0.04150209 
566 168 15 22 0.04146775 
566 541 11 15 0.04135248 
726 503 8 10 0.04118357 
744 494 7 9 0.040860403 
592 518 9 11 0.040841643 
440 543 9 11 0.040834088 
879 572 14 17 0.04076363 
721 511 8 11 0.04071491 
745 528 9 10 0.04020124 
580 508 11 13 0.040109955 
199 532 11 14 0.040046822 
16 482 12 15 0.039999213 
656 488 8 11 0.039896578 
567 612 15 19 0.039888363 
113 488 8 10 0.03983651 
793 504 7 10 0.03977178 
690 503 8 11 0.039763276 
390 582 9 11 0.039625697 
192 492 8 11 0.03928914 
23 470 8 10 0.039270442 
647 551 12 15 0.03926463 
777 652 14 17 0.03904041 
690 510 8 11 0.039036736 
906 604 13 18 0.038984578 
673 503 8 10 0.038963072 
881 526 10 12 0.03889918 
725 526 9 11 0.038861256 
614 524 10 13 0.0388134 
663 445 8 9 0.038721014 
939 564 14 19 0.038498666 
288 571 10 12 0.03840185 
471 607 12 16 0.038350113 
662 540 11 13 0.038312994 
728 598 13 17 0.038306147 
662 487 8 10 0.038234998 
539 555 12 16 0.038208224 
337 606 10 13 0.037950043 
34 464 8 10 0.037937164 
341 605 12 14 0.037861932 
151 440 9 10 0.037849028 
787 642 13 16 0.037824824 
534 548 13 14 0.037808295 
463 564 9 11 0.037707046 
611 556 12 15 0.037706744 
599 510 10 12 0.037651025 
700 502 9 12 0.03744241 
783 518 9 11 0.03739015 
664 556 12 16 0.037387125 
814 540 10 13 0.03732332 
536 569 13 18 0.03731839 
966 603 14 19 0.037228424 
800 521 8 10 0.03718162 
262 519 8 10 0.03703875 
689 650 16 19 0.036937486 
213 578 13 16 0.03692283 
160 517 10 14 0.036817074 
870 514 12 13 0.0367905 
125 522 14 17 0.036706302 
823 543 9 12 0.03662569 
649 573 12 16 0.03651985 
466 168 27 33 0.036473427 
783 464 8 9 0.036460716 
326 504 7 9 0.036415495 
118 456 9 9 0.036146022 
36 526 14 17 0.036127504 
836 550 10 12 0.036088984 
193 480 8 9 0.036064774 
902 608 21 29 0.035999402 
701 563 12 15 0.03599537 
210 501 11 14 0.0359226 
722 516 8 10 0.03582174 
180 535 9 12 0.03580669 
138 518 12 14 0.035716366 
695 617 15 20 0.03569316 
305 550 9 11 0.035686087 
102 550 12 15 0.035481494 
353 32 486 522 0.035449207 
809 519 9 11 0.035384305 
242 447 7 10 0.035378642 
845 541 10 11 0.035260316 
122 462 8 9 0.035233878 
393 479 7 9 0.03523327 
192 521 12 15 0.03522909 
359 599 9 12 0.035163738 
735 535 9 10 0.03515661 
111 542 11 13 0.03506676 
664 441 7 9 0.035049047 
433 520 7 9 0.03504088 
671 511 8 11 0.034729112 
310 597 9 11 0.03469257 
28 503 12 14 0.034684762 
988 594 25 32 0.034635227 
159 486 9 10 0.034633983 
113 456 8 9 0.034345184 
88 469 9 10 0.03430908 
352 544 8 9 0.034289952 
775 441 8 9 0.03426312 
593 562 14 17 0.034252927 
144 424 7 8 0.03422152 
81 455 8 10 0.034060184 
538 484 9 11 0.034018613 
8 499 12 15 0.033937562 
234 574 10 14 0.033864483 
755 597 11 15 0.033643648 
163 534 14 18 0.03360945 
812 534 10 12 0.03350687 
215 538 13 16 0.033499867 
686 463 7 8 0.033482272 
100 538 13 15 0.03337543 
197 525 12 15 0.033358008 
598 118 43 50 0.033128336 
121 473 8 9 0.03309123 
111 493 11 12 0.033077784 
923 603 14 19 0.033075925 
821 621 11 15 0.033071507 
98 527 12 15 0.03304812 
732 633 13 18 0.03303012 
680 481 8 10 0.032916404 
739 564 12 15 0.03291423 
497 83 25 27 0.032891363 
709 567 11 14 0.032834224 
879 567 11 13 0.03278851 
572 556 10 13 0.03275729 
590 448 8 10 0.032669656 
238 557 10 13 0.03261951 
102 504 13 15 0.03256268 
136 472 7 9 0.03248162 
185 440 8 9 0.032479618 
360 504 8 9 0.032451857 
585 540 10 15 0.0324425 
832 606 11 14 0.0323149 
836 595 10 12 0.032150257 
762 479 8 10 0.03214317 
390 599 11 14 0.032093186 
145 532 11 15 0.03207132 
677 502 8 11 0.03204694 
55 464 9 10 0.031999405 
329 424 7 9 0.031944018 
661 588 12 15 0.031888593 
531 592 13 17 0.031830885 
833 544 8 11 0.03175794 
710 496 7 10 0.03173843 
638 495 9 11 0.03163207 
824 533 9 11 0.031625617 
744 571 11 14 0.031496458 
554 532 12 14 0.031451974 
742 517 9 10 0.031413443 
615 495 10 12 0.031384367 
785 512 8 10 0.03129802 
888 605 13 16 0.031233521 
552 578 13 17 0.031094346 
876 512 10 11 0.031013677 
702 550 10 14 0.030922174 
726 488 8 10 0.030917255 
231 505 9 11 0.030879147 
925 571 15 18 0.030871002 
59 498 11 17 0.030868266 
524 576 12 16 0.030848086 
567 564 12 14 0.03079016 
594 465 7 10 0.03073894 
329 489 7 9 0.030724825 
657 448 8 9 0.030720318 
47 463 7 9 0.030715454 
613 597 11 14 0.030677006 
253 535 10 12 0.030667188 
864 526 11 13 0.030667173 
615 501 9 10 0.030656114 
222 470 8 10 0.030626418 
178 485 8 11 0.030615347 
777 557 10 13 0.030593405 
736 504 7 9 0.030554214 
597 566 15 19 0.030540869 
733 541 9 12 0.030510299 
671 533 12 14 0.030409483 
462 154 27 32 0.03037978 
230 406 8 10 0.03034048 
65 445 8 10 0.030228307 
866 509 10 12 0.030217592 
847 503 8 10 0.030163791 
70 464 8 11 0.030150421 
868 539 11 13 0.03012942 
609 525 10 13 0.030077081 
685 555 12 15 0.0300165 
454 590 11 14 0.029988533 
804 527 10 12 0.029948367 
465 543 7 9 0.0298826 
324 534 9 10 0.029805968 
808 574 11 14 0.029794639 
48 438 8 9 0.02974337 
872 555 11 14 0.029689144 
172 532 11 15 0.0295873 
245 557 12 15 0.029554829 
189 541 11 14 0.029553637 
201 503 10 12 0.029545141 
688 457 6 7 0.029527668 
398 129 16 20 0.029472943 
672 528 10 12 0.029467499 
797 592 11 13 0.029352805 
736 526 8 10 0.029342052 
604 507 11 13 0.02931888 
668 515 10 11 0.029264763 
655 503 8 10 0.029259771 
104 446 8 10 0.029162852 
386 512 7 9 0.029150138 
438 565 10 12 0.029125681 
912 585 14 17 0.029085046 
385 118 17 17 0.029084146 
649 511 9 12 0.02906355 
634 477 8 10 0.029062409 
814 521 11 14 0.02905634 
932 568 16 20 0.029051429 
70 445 8 10 0.029013915 
597 515 10 12 0.028973304 
687 516 9 11 0.028962797 
168 152 18 20 0.028857313 
675 135 19 22 0.02884102 
738 479 8 9 0.028766597 
905 530 11 14 0.028735198 
483 604 10 14 0.028720995 
240 398 8 9 0.02863817 
184 470 8 10 0.028635833 
218 456 9 11 0.028561154 
367 605 9 14 0.028560637 
117 510 23 25 0.028549507 
623 108 26 33 0.02853232 
673 489 7 10 0.028528152 
342 503 7 9 0.028497463 
590 571 12 15 0.028470226 
293 573 10 14 0.028370382 
822 548 12 13 0.028368367 
54 447 9 10 0.02833892 
859 553 11 15 0.028321449 
718 580 11 15 0.02824243 
306 496 8 10 0.0282159 
588 138 11 17 0.028166084 
621 510 9 11 0.028035311 
812 551 12 15 0.027945187 
191 486 9 12 0.027908426 
55 432 8 9 0.027882883 
366 502 8 10 0.027820371 
680 493 9 11 0.027769491 
275 637 12 17 0.027736235 
165 511 10 12 0.027734239 
563 214 12 17 0.027680274 
117 533 14 15 0.027669508 
559 447 8 10 0.027644893 
523 566 12 16 0.027622936 
764 564 12 15 0.027603643 
261 629 14 18 0.027577605 
661 470 8 10 0.027577123 
64 465 8 10 0.027574236 
649 494 9 10 0.027551968 
705 488 8 10 0.027549759 
527 535 10 13 0.027521312 
840 495 8 9 0.02750382 
913 602 24 32 0.02748606 
848 510 8 11 0.027470056 
192 471 8 10 0.027440412 
499 543 11 13 0.027430298 
639 448 7 8 0.02739498 
119 521 12 15 0.027394501 
219 580 12 15 0.027371159 
454 196 26 31 0.02735651 
304 532 8 10 0.027354393 
456 560 9 10 0.027278453 
891 519 11 13 0.02726211 
710 546 11 15 0.027246624 
773 562 11 15 0.02722985 
49 447 8 10 0.027173996 
14 500 12 14 0.02712713 
259 608 15 18 0.027012434 
661 524 11 13 0.026996462 
712 512 7 10 0.026947552 
781 646 13 16 0.02693889 
928 599 26 34 0.02693717 
809 650 14 16 0.02683898 
700 591 12 14 0.02683319 
877 555 11 14 0.026785722 
605 597 12 15 0.026774375 
188 549 12 15 0.0266972 
623 557 12 15 0.026652606 
581 584 14 19 0.026613241 
682 538 11 14 0.026604814 
254 557 9 13 0.026449393 
807 587 10 14 0.026436958 
280 532 9 12 0.026397577 
824 527 9 12 0.026393753 
244 516 10 12 0.026326174 
755 567 14 17 0.026277963 
551 540 10 13 0.02626999 
704 519 8 11 0.026190069 
855 544 9 11 0.026166089 
47 500 23 28 0.026164135 
656 605 11 13 0.026151052 
745 505 7 10 0.02615098 
646 587 13 16 0.02613429 
355 130 27 28 0.026059644 
821 668 15 17 0.02603926 
233 117 30 33 0.026033167 
81 460 10 12 0.026017562 
471 194 24 31 0.026005227 
720 533 9 10 0.02595393 
702 464 7 9 0.025934303 
607 534 9 12 0.025865458 
759 500 8 10 0.025861492 
607 501 10 12 0.025847333 
272 495 9 11 0.025838695 
108 500 14 16 0.025831554 
660 611 14 17 0.025734544 
444 118 17 20 0.025733018 
621 534 13 16 0.025732184 
334 611 12 16 0.025725162 
232 558 10 12 0.025711337 
649 449 7 8 0.025665753 
768 512 8 9 0.025651239 
879 549 12 14 0.025650106 
696 472 8 10 0.025610596 
583 495 10 12 0.025606936 
672 456 8 9 0.025606597 
201 463 7 9 0.025533048 
661 479 9 10 0.02546259 
939 598 27 34 0.025462544 
306 502 8 9 0.025456917 
802 596 12 16 0.025425412 
672 579 12 16 0.025407169 
221 566 10 13 0.025383731 
244 548 11 13 0.025360806 
914 591 49 53 0.025298204 
391 512 8 9 0.025278963 
840 503 9 10 0.025272992 
774 534 9 11 0.025185023 
40 432 7 8 0.025127325 
343 495 8 9 0.02512291 
752 501 9 10 0.025053604 
260 551 9 11 0.025045034 
963 566 13 16 0.025028476 
586 448 7 8 0.025001716 
351 566 8 11 0.02499263 
893 534 10 12 0.024943814 
512 507 9 12 0.024934579 
778 463 8 11 0.024933912 
69 440 8 10 0.024925675 
391 470 7 9 0.024902595 
576 577 12 16 0.024842696 
804 128 20 20 0.024823047 
844 527 10 11 0.024797238 
488 618 11 15 0.024787903 
174 431 8 10 0.024774347 
540 574 13 18 0.024763796 
136 463 7 10 0.024750127 
580 129 29 39 0.024694182 
698 611 14 19 0.024652556 
414 527 9 10 0.024646651 
143 431 7 9 0.02458714 
559 544 12 18 0.024529792 
361 488 8 9 0.02451744 
776 550 11 13 0.024512198 
257 518 9 11 0.024473669 
931 603 16 21 0.024471093 
249 536 10 11 0.024428656 
708 486 9 11 0.024400273 
548 572 13 17 0.024391713 
359 511 7 9 0.024379456 
461 585 12 16 0.024358952 
589 550 12 16 0.024342202 
90 476 9 10 0.024310786 
195 509 12 14 0.024290904 
344 488 8 9 0.024273839 
726 577 12 16 0.024258416 
336 583 9 11 0.024218967 
585 136 91 108 0.02420968 
302 606 11 13 0.024173444 
577 519 10 12 0.024115672 
658 578 13 17 0.024043264 
483 184 26 32 0.024039116 
635 558 12 15 0.024017945 
345 543 7 9 0.023981672 
885 553 12 15 0.023975704 
135 498 12 15 0.02397353 
800 649 14 18 0.023964401 
143 449 8 9 0.023894401 
345 520 7 9 0.023861915 
280 549 9 10 0.023833431 
70 483 10 14 0.023792177 
20 500 14 16 0.023781992 
216 437 9 10 0.023726003 
776 487 9 10 0.023720283 
270 580 10 14 0.023684926 
382 604 12 14 0.023662385 
208 392 7 9 0.023622029 
336 598 10 13 0.023580685 
633 569 13 17 0.023548756 
169 501 8 11 0.023537712 
754 489 7 9 0.023533037 
568 414 7 8 0.02338361 
831 526 9 13 0.023354515 
665 456 7 8 0.023352446 
258 475 9 12 0.023338899 
783 524 10 13 0.023322199 
802 557 11 14 0.023296447 
312 556 9 11 0.023294762 
347 603 13 17 0.023269435 
574 524 10 13 0.023265427 
768 524 9 10 0.02319392 
484 612 11 15 0.023186656 
704 524 9 11 0.02314249 
310 544 8 10 0.023106908 
433 566 9 11 0.023102479 
854 517 8 11 0.023023264 
841 509 8 11 0.023012126 
202 593 14 18 0.023009593 
855 533 9 12 0.022981865 
161 448 7 8 0.022935785 
675 598 12 16 0.022822093 
354 512 7 9 0.0228072 
789 562 11 15 0.02280311 
709 519 8 11 0.022784257 
791 509 8 10 0.022745961 
614 589 11 14 0.02274302 
821 598 12 15 0.022737376 
582 463 8 10 0.02271957 
416 592 12 14 0.022646619 
660 550 12 15 0.022641819 
600 493 9 11 0.022622969 
95 447 8 10 0.022600437 
115 550 13 17 0.022570364 
713 456 7 9 0.022539662 
435 653 13 17 0.022536388 
822 643 10 14 0.022467481 
329 613 10 14 0.022465263 
847 515 10 13 0.022409718 
865 516 10 11 0.022398967 
773 539 11 14 0.022379179 
183 541 10 13 0.022328153 
200 495 10 12 0.022285128 
655 455 7 8 0.022198956 
108 471 9 10 0.022183063 
370 550 8 10 0.022154022 
193 532 11 13 0.02208222 
809 495 8 11 0.022077424 
308 519 9 11 0.022056742 
663 533 11 13 0.022037031 
234 432 7 9 0.022017008 
4 493 12 14 0.022006769 
336 488 7 9 0.021952514 
337 503 8 9 0.02193756 
253 591 13 17 0.02191021 
286 433 7 9 0.021877961 
138 456 7 8 0.021876063 
722 489 8 10 0.021844782 
648 455 8 8 0.02182888 
65 476 9 12 0.021780847 
337 495 7 8 0.021769207 
352 488 6 8 0.02172968 
271 541 10 12 0.021721538 
98 423 7 8 0.02167988 
353 558 8 10 0.021660903 
109 552 14 19 0.021655967 
38 468 8 11 0.02164955 
439 520 7 9 0.021602347 
440 548 9 11 0.021582423 
241 453 7 9 0.02157732 
237 564 11 13 0.02153968 
562 585 13 18 0.021539262 
241 417 8 9 0.021536082 
320 580 9 11 0.02151195 
56 425 8 8 0.021442614 
831 533 9 12 0.021380672 
2 460 9 15 0.021373335 
626 539 12 15 0.021368336 
758 588 11 15 0.021366892 
126 503 9 12 0.0213651 
539 518 9 12 0.021358758 
641 528 10 13 0.021347092 
687 472 8 9 0.021336593 
854 511 8 10 0.02132415 
756 560 12 14 0.021302616 
328 567 9 12 0.02127594 
447 543 8 10 0.021243542 
649 488 7 10 0.021226956 
400 503 8 9 0.021226147 
424 527 8 9 0.02122299 
598 469 9 11 0.021218896 
205 471 8 10 0.021217104 
215 409 7 8 0.021215416 
568 527 9 12 0.021206962 
454 517 7 9 0.021206604 
160 512 9 12 0.021193929 
63 453 8 10 0.021121634 
798 572 10 15 0.021107491 
126 472 8 9 0.021100255 
559 489 9 10 0.021040142 
262 618 14 17 0.021005342 
893 555 11 15 0.020989789 
501 120 32 33 0.020949723 
640 488 8 10 0.020944303 
713 461 8 10 0.02093803 
321 576 8 10 0.020913662 
617 508 9 11 0.020909075 
824 510 8 11 0.02090154 
462 607 12 15 0.020898579 
639 477 8 10 0.020896886 
63 468 10 13 0.02087098 
319 481 7 8 0.020847498 
185 463 9 10 0.020774748 
390 576 9 11 0.020755658 
791 526 10 12 0.02075208 
766 454 9 11 0.020721473 
206 463 8 10 0.020701801 
726 479 8 9 0.020697663 
390 587 11 13 0.020689102 
432 471 7 9 0.020678973 
775 527 9 10 0.020678746 
200 470 8 11 0.02067084 
599 479 9 9 0.02066962 
234 578 13 17 0.02066481 
280 591 12 16 0.020638684 
644 130 16 19 0.02063089 
279 571 10 13 0.020624422 
454 512 7 10 0.020612324 
159 152 34 32 0.020609433 
757 516 8 11 0.02060002 
654 613 13 18 0.020595316 
590 496 9 12 0.020592384 
866 598 12 16 0.020589022 
450 113 16 19 0.020586615 
381 547 9 11 0.020580769 
664 421 7 9 0.020554682 
264 437 8 10 0.020543834 
55 526 13 17 0.020542894 
326 542 8 9 0.020539565 
145 539 13 17 0.02052917 
711 578 12 15 0.020520192 
213 117 31 34 0.020512093 
485 125 30 35 0.020448992 
769 440 8 10 0.020421838 
88 447 7 9 0.020420067 
245 511 9 12 0.020419443 
487 93 26 27 0.020418964 
439 495 8 9 0.020400604 
800 489 8 9 0.020383453 
352 519 7 9 0.020363195 
627 548 13 15 0.020362958 
417 512 7 8 0.020295 
548 134 34 37 0.02028097 
799 495 8 10 0.020269508 
459 177 38 50 0.020267192 
460 221 17 22 0.02026529 
534 522 11 13 0.020245682 
550 153 34 41 0.020236952 
306 441 7 9 0.020233285 
951 598 25 32 0.020213448 
256 454 8 10 0.020167707 
633 471 8 10 0.020155082 
366 488 8 10 0.02012541 
661 573 12 15 0.020115353 
165 548 12 16 0.0201101 
53 571 12 15 0.020105606 
611 602 13 17 0.020049246 
110 461 9 11 0.020037701 
228 624 17 19 0.020016275 
283 138 17 19 0.020012338 
222 557 10 13 0.02000397 
