50_Celebration_Or_Party_houseparty_50_189
29
357 144 97 107 0.9975381 
284 392 36 38 0.57559943 
1008 191 13 22 0.07971801 
980 570 11 13 0.06286524 
199 480 8 11 0.057035763 
190 486 10 13 0.049344655 
510 582 8 11 0.048750263 
1001 412 21 47 0.044274796 
787 218 12 15 0.040079724 
720 567 10 13 0.031885326 
1004 193 19 35 0.03052138 
870 171 10 14 0.028991932 
193 481 10 12 0.02760486 
1013 73 11 16 0.026361624 
936 174 11 13 0.026264356 
1012 252 9 14 0.02437316 
554 560 8 10 0.023130689 
738 190 13 18 0.022955356 
1010 290 11 18 0.02219395 
131 473 12 14 0.02207243 
292 152 11 16 0.022020813 
287 204 11 14 0.02196637 
758 214 14 17 0.02105975 
591 589 10 13 0.020885333 
788 238 10 13 0.020666959 
574 590 9 10 0.020610258 
972 581 12 15 0.020282026 
976 572 11 14 0.020067953 
137 564 10 11 0.020011963 
