50_Celebration_Or_Party_birthdayparty_50_464
23
277 419 132 156 0.99992883 
316 105 361 434 0.21345302 
541 428 14 18 0.19255228 
545 475 14 18 0.18223198 
138 428 16 19 0.10618461 
477 54 434 490 0.0856134 
-54 158 423 498 0.049822085 
567 512 13 19 0.04945682 
142 380 16 20 0.04821687 
567 446 13 17 0.04728753 
546 720 47 53 0.046947923 
482 386 15 21 0.037810948 
124 625 50 66 0.03426229 
843 162 41 51 0.032689743 
486 410 17 21 0.03188843 
184 12 370 504 0.03113647 
496 478 17 19 0.02928927 
167 491 17 20 0.029247366 
183 419 15 20 0.0270909 
155 540 15 18 0.0230018 
639 160 262 305 0.022978688 
339 334 34 33 0.021787995 
519 523 17 20 0.02149298 
