50_Celebration_Or_Party_houseparty_50_735
18
187 53 389 494 0.9997633 
26 605 368 496 0.16488175 
668 465 119 98 0.13905992 
902 887 113 120 0.097129636 
931 905 66 72 0.08680197 
677 633 46 49 0.08064271 
781 740 120 137 0.04130783 
931 907 36 41 0.036730893 
136 871 160 154 0.0342556 
99 78 288 450 0.033072162 
965 950 38 43 0.030800093 
640 424 199 222 0.030600728 
669 460 78 66 0.030323297 
332 -56 423 528 0.029801989 
649 675 69 102 0.028534977 
335 1045 471 498 0.020524058 
654 617 93 112 0.020282662 
793 748 182 249 0.020092841 
