50_Celebration_Or_Party_birthdayparty_50_283
74
247 372 54 72 0.9990087 
811 180 35 42 0.9979837 
595 309 36 44 0.9978993 
121 458 54 74 0.99789536 
17 462 69 108 0.99574775 
439 270 26 37 0.9936373 
888 295 28 39 0.9909434 
362 354 37 53 0.99086046 
654 168 40 49 0.9788143 
774 482 54 62 0.9459145 
459 314 23 26 0.94198954 
466 353 30 41 0.89081115 
771 332 39 54 0.81463414 
861 455 61 96 0.40974227 
125 105 42 79 0.28637275 
845 439 62 73 0.22565973 
185 115 38 58 0.18304382 
748 296 17 24 0.16020109 
768 463 33 49 0.15588503 
851 233 23 31 0.10390595 
387 241 17 19 0.08149223 
723 302 21 28 0.06933708 
332 468 30 32 0.05977749 
742 481 68 71 0.059016466 
482 258 18 22 0.055197295 
423 247 11 13 0.052837044 
147 480 33 48 0.048594974 
456 190 21 31 0.047988247 
764 329 28 40 0.046980426 
679 526 53 76 0.044504758 
725 232 19 29 0.043346506 
446 353 28 37 0.0385256 
342 243 13 16 0.03499772 
619 188 24 28 0.034318037 
267 253 12 17 0.0321127 
164 127 50 72 0.03188634 
861 231 11 15 0.031174261 
272 400 32 46 0.030977055 
33 203 11 14 0.030599996 
449 129 16 19 0.030372856 
789 239 23 27 0.030163366 
866 425 60 72 0.029766481 
427 276 28 37 0.029340742 
467 195 24 30 0.02925196 
327 238 12 14 0.029224891 
295 236 11 14 0.028847186 
929 359 22 29 0.028702963 
454 199 13 19 0.027740411 
735 301 24 26 0.026745416 
831 426 61 60 0.026649587 
301 238 11 15 0.026508227 
366 218 15 20 0.026201446 
483 183 16 23 0.025419641 
474 185 22 29 0.024854463 
650 322 16 20 0.024133459 
775 430 62 70 0.023679681 
322 245 10 12 0.023297776 
729 312 26 26 0.022703443 
462 208 12 16 0.02262369 
270 358 27 43 0.022387335 
598 462 13 17 0.022379657 
428 251 12 16 0.022334957 
485 211 12 17 0.022131156 
1014 36 11 17 0.021587154 
367 244 10 13 0.02137195 
449 302 36 46 0.02126632 
175 114 65 109 0.020965219 
468 210 25 31 0.020914637 
796 417 56 59 0.020660052 
852 463 39 59 0.020488871 
297 324 10 12 0.02035246 
1008 270 11 15 0.020089682 
283 419 25 37 0.02005093 
988 282 14 17 0.020049147 
