50_Celebration_Or_Party_birthdayparty_50_479
130
356 545 100 149 0.9998054 
91 547 20 22 0.61290914 
273 73 41 49 0.37923554 
485 75 10 13 0.23672305 
162 571 16 18 0.14590162 
887 41 9 10 0.12680224 
184 3 87 101 0.120441265 
540 74 11 14 0.1088453 
269 420 12 14 0.10294307 
69 593 16 18 0.101494044 
774 198 220 265 0.09311422 
909 40 9 11 0.0923214 
735 369 26 39 0.08077115 
344 76 12 15 0.08037533 
138 344 8 10 0.07856615 
273 351 8 10 0.07102633 
342 84 13 16 0.06877851 
151 624 9 11 0.06137315 
667 487 12 15 0.06113184 
270 405 9 11 0.060608797 
134 359 8 9 0.06027838 
878 432 10 14 0.059821896 
77 69 44 60 0.059285853 
619 411 16 21 0.05712893 
272 342 8 9 0.055949587 
248 408 10 14 0.05413571 
911 90 11 13 0.053044938 
518 315 57 71 0.05285132 
795 157 26 27 0.051266484 
214 246 9 13 0.049257092 
133 371 9 12 0.04847799 
130 360 8 9 0.04724061 
102 428 9 13 0.043600608 
345 70 10 13 0.043234844 
230 389 9 12 0.042171918 
756 456 9 11 0.04176593 
307 296 13 15 0.041546933 
826 497 202 257 0.041357983 
181 376 9 12 0.04062205 
142 348 7 9 0.040164348 
687 484 11 15 0.03989523 
175 379 10 12 0.039625447 
129 367 10 12 0.039028008 
264 292 10 14 0.038086668 
147 69 34 42 0.037603356 
110 377 8 11 0.037322994 
883 198 12 13 0.036303792 
263 425 11 14 0.036274474 
694 664 35 42 0.03527523 
270 334 9 12 0.035262797 
482 71 10 13 0.034319352 
217 327 7 11 0.034277637 
94 327 8 11 0.033923697 
157 548 12 15 0.033650592 
92 34 13 16 0.033396162 
152 550 10 13 0.03333489 
89 534 26 30 0.03285342 
152 360 8 10 0.03279575 
220 416 12 14 0.032417145 
892 39 8 10 0.032189872 
317 383 9 11 0.031908743 
222 326 8 11 0.031620003 
383 450 40 50 0.031519886 
288 344 7 9 0.031385127 
136 351 8 9 0.029891904 
277 350 7 9 0.029554062 
873 436 12 16 0.029491864 
230 384 8 11 0.029171 
79 518 8 11 0.029149484 
297 414 11 12 0.028797433 
265 415 11 15 0.028485214 
326 306 14 17 0.027743923 
540 557 23 27 0.0276229 
107 579 14 17 0.027222544 
278 437 10 13 0.027058003 
73 525 11 14 0.026015507 
906 43 10 12 0.02590507 
141 638 9 11 0.025783252 
724 443 15 16 0.025626514 
566 76 9 11 0.02555372 
601 227 14 18 0.025508637 
216 274 12 15 0.02529274 
755 460 11 14 0.024929622 
257 429 9 12 0.024859985 
275 422 11 12 0.024510618 
481 63 10 12 0.02434678 
304 343 9 12 0.02430222 
565 71 9 11 0.024294294 
626 227 426 477 0.024219483 
343 443 10 12 0.024212351 
278 344 7 9 0.024066318 
297 287 24 29 0.024026534 
622 77 9 12 0.02379263 
156 625 10 10 0.023387833 
282 375 7 10 0.023371827 
632 537 9 12 0.023125038 
13 667 15 19 0.02284458 
303 278 24 29 0.022819974 
345 89 13 16 0.022759685 
79 556 13 15 0.022717683 
657 281 8 10 0.022658939 
239 352 8 10 0.02249501 
641 485 10 13 0.022445291 
126 335 8 10 0.022081712 
497 529 25 30 0.02207412 
166 376 11 13 0.02200217 
277 428 11 14 0.021859132 
905 6 8 9 0.021792818 
548 377 18 20 0.021707037 
224 320 7 9 0.021598903 
752 446 8 11 0.021219922 
361 431 16 18 0.021105176 
302 347 10 13 0.021093966 
194 375 9 11 0.021064045 
780 161 43 49 0.020967394 
216 333 8 10 0.020852815 
265 351 9 10 0.020708077 
80 548 13 15 0.02067617 
22 82 33 40 0.020505702 
310 275 14 19 0.02049646 
153 543 8 11 0.020456064 
617 598 10 12 0.020366356 
753 428 11 16 0.020329975 
196 382 9 11 0.02030893 
135 540 10 13 0.020256775 
341 171 11 13 0.02022773 
773 66 25 30 0.020126197 
185 367 8 9 0.02009221 
77 619 13 14 0.020079697 
279 442 11 13 0.020071208 
