50_Celebration_Or_Party_birthdayparty_50_18
79
232 375 26 33 0.9975821 
847 376 28 34 0.9969998 
334 365 24 30 0.9918709 
134 404 25 35 0.9895942 
612 343 22 30 0.98245645 
806 347 22 27 0.97679764 
764 400 19 31 0.96874636 
641 337 20 27 0.96170074 
544 352 21 26 0.9475743 
718 334 19 26 0.9432725 
664 397 20 31 0.7844427 
468 356 16 23 0.5328878 
928 378 18 21 0.39828515 
395 369 17 24 0.28492522 
379 372 15 18 0.27661502 
812 370 26 30 0.27353093 
531 440 17 18 0.263154 
630 335 23 30 0.17411853 
681 411 15 18 0.16414356 
456 348 23 30 0.15597269 
675 406 16 21 0.12102207 
636 262 17 22 0.104660645 
462 369 23 29 0.08892191 
121 410 40 44 0.08348069 
380 283 28 35 0.07254758 
538 427 27 32 0.071505554 
702 289 16 19 0.07031968 
866 364 14 19 0.06551208 
397 212 13 18 0.06146339 
557 336 15 19 0.061337724 
534 203 13 15 0.059520602 
276 502 14 18 0.057050344 
318 501 18 21 0.048037477 
799 335 36 44 0.041571748 
779 312 25 29 0.04050362 
623 41 12 15 0.039042987 
794 372 14 18 0.03884641 
285 456 28 32 0.03619039 
955 340 11 15 0.035569783 
770 303 39 47 0.035041176 
235 362 27 35 0.03450538 
529 203 25 31 0.03395374 
877 365 12 16 0.033826515 
919 368 22 28 0.03321961 
274 497 25 27 0.03297901 
596 230 28 31 0.032633916 
775 408 18 21 0.030391863 
498 382 16 22 0.030262617 
533 391 13 18 0.03016775 
550 425 25 32 0.030036451 
778 303 17 20 0.029737828 
518 434 28 31 0.029372083 
303 494 25 28 0.029074343 
538 213 28 32 0.02861246 
291 500 26 31 0.027961798 
803 426 16 18 0.027840069 
612 301 27 32 0.02773711 
534 463 14 19 0.02745519 
512 417 25 33 0.02590701 
572 204 28 28 0.02576847 
940 333 27 32 0.0248304 
549 368 27 32 0.024056502 
338 358 18 23 0.023921195 
805 360 27 33 0.023874678 
474 348 14 23 0.023560392 
918 361 12 17 0.022478716 
635 390 19 21 0.022277273 
754 405 23 29 0.022214761 
278 462 15 23 0.022064833 
547 341 22 29 0.021741848 
539 376 25 31 0.021689922 
763 412 28 29 0.021188855 
215 411 14 19 0.021178326 
523 475 14 17 0.021131286 
562 332 15 19 0.020625493 
500 449 16 20 0.020360375 
965 342 11 13 0.020317752 
417 422 37 46 0.020243669 
386 196 13 16 0.020053785 
