50_Celebration_Or_Party_houseparty_50_432
272
627 827 32 38 0.99945635 
565 827 32 39 0.99932456 
336 286 29 40 0.9989692 
721 840 35 46 0.9987645 
717 38 56 78 0.9985568 
401 601 25 33 0.9980844 
512 842 35 43 0.9978259 
312 59 26 38 0.99709105 
629 75 37 48 0.9967437 
694 272 23 31 0.99504966 
471 318 23 34 0.9946555 
312 613 26 32 0.9946233 
617 280 21 27 0.993277 
252 614 24 33 0.9890723 
415 64 26 35 0.9882647 
539 289 22 32 0.97556156 
148 565 14 17 0.9739672 
569 88 20 31 0.97034633 
393 319 17 23 0.9668529 
373 55 21 28 0.95372367 
887 351 10 12 0.9492047 
497 71 38 55 0.93439525 
478 598 25 34 0.89762807 
443 73 23 30 0.8191639 
253 319 18 25 0.806461 
349 73 21 29 0.770253 
142 850 13 17 0.61753917 
118 572 12 13 0.45605123 
835 325 14 20 0.45016593 
493 62 13 17 0.44126648 
198 560 15 18 0.4045744 
396 862 11 15 0.3808862 
474 587 24 29 0.33206987 
407 863 12 14 0.31833753 
293 870 15 21 0.315338 
299 842 12 17 0.2951186 
433 69 24 34 0.28258315 
186 563 16 18 0.27182144 
456 846 26 32 0.26642814 
820 308 11 13 0.2415992 
160 96 7 11 0.24006076 
985 321 11 14 0.2397406 
106 99 8 10 0.23960477 
144 603 9 12 0.20184197 
624 599 8 10 0.19765823 
346 867 9 13 0.19355437 
181 97 8 10 0.16703768 
955 392 15 17 0.14440963 
295 838 12 16 0.13691585 
1 570 11 17 0.112604335 
11 821 15 18 0.108522795 
128 101 8 10 0.10634542 
319 43 24 38 0.1060114 
101 117 9 11 0.09980909 
323 57 23 36 0.09787035 
653 608 7 9 0.09531868 
340 65 23 33 0.09250601 
492 59 22 32 0.08884932 
455 78 28 30 0.087874874 
468 593 16 19 0.078252055 
980 353 12 15 0.07616216 
219 833 14 18 0.07501994 
269 861 12 17 0.07250506 
980 343 10 12 0.06803401 
178 563 9 14 0.06747876 
387 629 14 18 0.06667899 
86 112 7 9 0.065754235 
437 860 10 12 0.06518157 
477 62 13 18 0.06403269 
825 321 22 27 0.06369359 
260 859 16 24 0.06285022 
485 61 17 24 0.062123537 
147 599 9 12 0.05975862 
493 601 24 35 0.059728548 
470 76 39 51 0.059116583 
740 597 9 12 0.0583108 
671 607 8 10 0.058136657 
183 559 11 16 0.058067452 
446 852 23 29 0.056418676 
731 667 18 22 0.056204442 
431 856 10 12 0.055716753 
366 861 12 16 0.052843824 
827 310 12 14 0.052582517 
829 317 16 19 0.05115658 
739 605 8 11 0.050864402 
474 82 16 20 0.05062939 
243 298 13 17 0.049153484 
116 374 12 13 0.049057305 
339 59 17 23 0.048883937 
22 801 13 19 0.048594914 
354 68 15 23 0.046901308 
481 320 25 30 0.046355255 
652 612 9 11 0.04590253 
976 347 13 16 0.045690835 
722 684 14 18 0.04414499 
812 895 14 17 0.043815203 
422 693 11 14 0.04334622 
328 870 10 12 0.04330909 
220 618 15 20 0.042908143 
135 597 9 12 0.042566948 
103 113 8 10 0.042368874 
328 920 10 11 0.04171349 
277 847 14 20 0.041615285 
526 295 24 29 0.04116948 
87 374 11 11 0.0411334 
375 859 10 15 0.040875506 
51 874 15 23 0.040679086 
446 860 12 15 0.040372375 
1009 115 10 15 0.040216457 
166 580 10 12 0.040122658 
135 566 10 13 0.039810475 
525 457 234 269 0.039519805 
381 884 12 14 0.039446387 
375 869 11 14 0.039155815 
179 100 8 10 0.039023504 
310 854 11 15 0.03854207 
624 594 8 10 0.038088802 
951 375 9 11 0.037920788 
343 885 13 17 0.03784988 
530 325 15 18 0.03774747 
768 620 132 181 0.037683684 
420 61 18 23 0.037236523 
28 803 12 19 0.037075482 
95 84 8 11 0.03663261 
36 102 9 13 0.036612306 
298 837 20 28 0.03640394 
114 579 10 14 0.035653938 
216 870 12 16 0.035477936 
982 133 10 13 0.03530702 
666 592 7 9 0.0352476 
380 876 11 13 0.03441656 
261 880 14 19 0.034154665 
275 863 13 20 0.033849947 
332 41 14 21 0.03355683 
165 571 11 14 0.033556197 
821 312 14 18 0.033309426 
123 568 11 13 0.033249706 
230 51 15 20 0.03319282 
349 88 23 31 0.03297919 
819 304 10 12 0.032634877 
133 591 9 12 0.03241371 
381 869 12 15 0.03192957 
719 603 11 14 0.03189586 
642 623 8 10 0.03169046 
11 791 22 29 0.031604726 
927 113 9 11 0.031556528 
359 862 12 14 0.031264354 
143 917 64 58 0.031220656 
18 825 13 16 0.031202573 
697 609 8 9 0.031192096 
183 87 7 10 0.03116779 
449 372 10 14 0.031080285 
173 588 13 17 0.031016102 
54 86 10 11 0.030978547 
207 374 11 12 0.030920174 
239 305 11 15 0.0307316 
830 398 43 59 0.030503485 
709 693 12 15 0.030421576 
154 570 13 15 0.029927243 
389 860 20 23 0.029902317 
182 551 10 13 0.029885495 
946 113 7 9 0.029510235 
284 841 21 27 0.029186433 
970 371 10 14 0.028839119 
94 918 27 30 0.028766397 
615 599 8 10 0.028763585 
606 351 9 11 0.02860817 
574 311 9 12 0.028567353 
401 860 19 22 0.028378999 
830 103 8 11 0.02835165 
171 916 25 30 0.028211102 
294 845 14 20 0.028073313 
609 593 8 10 0.028035516 
153 118 7 10 0.027987314 
151 928 31 37 0.027733196 
610 598 8 10 0.02749613 
934 113 8 11 0.02743706 
165 593 14 18 0.027373862 
114 568 19 22 0.027337123 
268 839 24 31 0.02723399 
39 829 11 13 0.027102714 
203 95 14 17 0.026950555 
976 335 10 12 0.026919784 
6 806 24 31 0.026903141 
332 876 10 14 0.026900806 
166 94 8 10 0.026778068 
972 119 11 13 0.026756873 
294 832 12 16 0.026748175 
-1 564 18 30 0.02674606 
950 111 8 10 0.026735168 
96 113 8 10 0.0266526 
168 89 8 10 0.02654729 
616 593 6 8 0.026491465 
213 319 10 12 0.026037714 
418 571 17 21 0.025812741 
669 612 10 12 0.025708998 
434 577 18 23 0.025467018 
314 859 12 16 0.02530017 
478 583 15 19 0.025179252 
182 376 9 10 0.025044538 
304 852 21 28 0.02498097 
383 681 13 19 0.02488801 
969 117 10 11 0.02480584 
683 724 25 34 0.024769546 
545 97 25 32 0.02469744 
601 376 11 14 0.024599716 
717 689 14 17 0.024438377 
233 327 8 11 0.024400165 
332 916 10 12 0.024396801 
183 80 8 10 0.024360709 
157 931 18 19 0.02417851 
235 891 13 16 0.024080606 
600 340 10 12 0.024079157 
1012 39 10 14 0.024048068 
209 323 11 13 0.02401356 
464 66 24 28 0.023980455 
160 920 25 31 0.023955725 
599 356 9 12 0.023856213 
742 615 8 10 0.023780672 
333 871 9 12 0.023746893 
292 323 26 33 0.023744412 
125 578 10 13 0.023575952 
430 854 23 27 0.023498073 
275 874 13 17 0.023217365 
375 665 11 14 0.023202488 
1013 121 10 15 0.023172528 
937 391 11 15 0.023048544 
66 374 9 11 0.023015091 
333 910 10 13 0.022846507 
136 118 9 11 0.022787176 
576 92 22 31 0.022705322 
446 349 10 15 0.02265988 
85 95 9 11 0.022582375 
176 79 7 9 0.022459144 
136 854 15 20 0.022370106 
790 292 10 14 0.02231433 
273 868 20 28 0.022153305 
343 872 13 16 0.022134377 
640 616 8 11 0.022002552 
142 318 11 12 0.02193439 
664 597 7 10 0.021891423 
289 854 23 30 0.021816563 
969 342 10 15 0.021810828 
555 95 26 31 0.021802003 
33 373 10 12 0.021735499 
608 369 9 11 0.021604968 
268 873 14 20 0.021533843 
198 364 10 12 0.021499349 
921 112 9 11 0.021461291 
229 54 22 31 0.021440469 
741 591 10 13 0.021431357 
188 577 14 16 0.021427682 
384 52 17 22 0.021393334 
744 623 9 11 0.021325814 
404 417 11 14 0.021121012 
996 346 14 17 0.021029383 
120 95 8 10 0.021002315 
171 54 15 18 0.020985931 
434 917 9 11 0.020849517 
214 297 14 18 0.02082179 
462 596 23 29 0.020808816 
382 860 12 15 0.020788709 
81 374 9 12 0.02066408 
176 87 7 10 0.020631827 
726 673 15 18 0.020594278 
983 332 9 12 0.020559328 
727 615 8 11 0.020448763 
271 888 12 16 0.020416228 
427 572 18 21 0.02037255 
270 853 14 18 0.020339286 
505 127 22 28 0.020262387 
757 596 10 12 0.020170586 
