41_Swimming_Swimmer_41_471
124
469 105 114 163 0.9999014 
98 702 19 21 0.37304765 
764 250 11 15 0.20131122 
787 254 13 14 0.17086942 
74 721 15 17 0.14697945 
224 759 11 14 0.13256647 
195 723 24 32 0.123744875 
946 684 14 17 0.08157769 
793 270 27 30 0.08029653 
178 707 25 31 0.06700852 
276 748 20 26 0.062938645 
171 692 12 14 0.062073424 
66 722 29 33 0.061268453 
29 568 9 11 0.056982826 
64 718 12 14 0.056376435 
730 738 64 55 0.05559072 
1001 301 21 27 0.053632453 
783 391 199 239 0.051515665 
761 316 10 13 0.04977047 
204 726 14 18 0.0489389 
774 244 10 13 0.048305817 
31 572 9 11 0.047724076 
752 262 10 12 0.046002228 
964 689 18 20 0.045352414 
144 697 11 13 0.0446961 
35 725 12 14 0.04460302 
24 567 9 12 0.04453574 
787 260 44 48 0.042573538 
953 685 26 28 0.04221752 
120 718 11 13 0.041484468 
1 565 10 15 0.03971638 
816 257 14 16 0.03947205 
182 713 30 37 0.037802204 
186 712 14 17 0.037751548 
796 235 15 15 0.037712723 
821 229 14 16 0.037492268 
712 270 10 12 0.037276607 
36 719 11 13 0.036796592 
784 258 11 13 0.03669151 
750 239 9 10 0.036167894 
804 235 14 15 0.035932746 
739 276 10 12 0.03591867 
797 281 15 17 0.035460036 
814 229 12 15 0.035396356 
196 777 11 14 0.035255328 
75 729 15 18 0.034248322 
797 270 15 17 0.03420281 
796 252 13 14 0.03375274 
744 435 21 30 0.03296723 
94 679 14 19 0.032803733 
68 728 42 49 0.03262702 
772 260 11 14 0.032622308 
805 262 11 13 0.032081243 
776 269 9 13 0.032054972 
769 350 11 14 0.031855106 
-49 43 395 407 0.03173244 
377 255 7 9 0.03114511 
780 270 10 12 0.030975277 
719 319 331 409 0.030478813 
748 340 14 17 0.030200345 
64 715 23 27 0.030011391 
942 680 25 28 0.02949004 
277 741 14 18 0.02947597 
47 725 8 12 0.028433537 
799 262 12 13 0.028302047 
759 310 11 14 0.0278023 
56 560 8 10 0.027517485 
775 277 9 12 0.027364798 
736 301 11 14 0.027164008 
728 269 11 13 0.026510177 
1004 319 18 22 0.026254205 
43 858 417 486 0.025962217 
813 267 15 19 0.025902243 
1 689 16 23 0.025542935 
698 270 12 13 0.02541174 
720 319 9 11 0.024890533 
108 542 7 10 0.024552582 
788 326 12 13 0.024311839 
749 242 11 13 0.024062907 
934 708 34 36 0.023520906 
15 572 10 12 0.023348523 
789 246 24 26 0.023299748 
224 752 10 13 0.023180842 
993 309 25 32 0.02305703 
32 729 13 16 0.022999492 
57 719 10 13 0.02293896 
222 754 18 23 0.022822484 
18 698 17 19 0.02282192 
271 751 15 20 0.022658339 
253 762 17 18 0.022533512 
943 694 30 32 0.02243413 
759 301 11 14 0.022414625 
258 757 13 16 0.022404086 
1013 588 9 15 0.022254841 
155 709 12 16 0.022160927 
238 774 10 14 0.022093615 
280 785 11 13 0.022077516 
169 689 10 12 0.022056155 
937 685 13 14 0.02186003 
958 322 54 67 0.021661699 
870 781 56 65 0.021623535 
681 269 10 13 0.021578137 
728 264 9 11 0.021555081 
771 411 134 161 0.021439878 
945 692 46 51 0.021420797 
450 369 75 68 0.02140178 
759 247 19 24 0.021384634 
78 712 10 12 0.021306518 
705 722 117 93 0.02109413 
81 722 14 17 0.021046806 
745 239 9 10 0.021017686 
783 233 9 10 0.020945445 
6 691 22 27 0.020887395 
100 691 18 21 0.020881038 
771 251 11 14 0.02082538 
47 567 9 11 0.020755926 
341 560 353 430 0.020680718 
112 572 8 11 0.020478968 
807 230 21 24 0.020423952 
90 550 7 8 0.02038961 
197 716 13 15 0.02037566 
208 730 14 19 0.020255867 
80 566 7 9 0.020223934 
967 697 18 20 0.02001275 
