41_Swimming_Swimmer_41_380
100
566 106 10 14 0.883888 
465 226 18 20 0.85792863 
605 109 11 13 0.7480014 
592 201 15 18 0.5840467 
441 275 16 18 0.46153346 
460 264 14 18 0.29892927 
556 212 11 16 0.19362251 
584 175 12 15 0.16731097 
399 293 13 16 0.11822442 
601 114 11 14 0.11223639 
499 220 11 15 0.09021875 
527 295 14 15 0.08545935 
562 139 21 27 0.081025355 
416 261 10 12 0.07928983 
584 134 9 12 0.07899364 
623 143 10 13 0.076342806 
491 259 13 15 0.0762567 
574 129 11 15 0.07605998 
482 300 26 28 0.07473273 
572 107 9 13 0.07396578 
398 282 22 26 0.07124856 
505 192 8 11 0.068265215 
569 204 12 14 0.067925066 
403 273 16 20 0.06744003 
506 272 13 16 0.0657817 
908 187 33 38 0.058786586 
590 134 9 13 0.05839538 
510 134 9 11 0.054941572 
550 133 9 13 0.053101327 
561 117 9 11 0.05163147 
835 183 31 32 0.051275417 
567 129 12 17 0.05072141 
575 228 39 54 0.048626546 
503 195 12 17 0.047207937 
598 180 11 14 0.0465822 
561 248 29 37 0.04296327 
326 517 9 11 0.04286784 
409 290 16 20 0.042526778 
588 188 15 18 0.041776717 
601 258 12 17 0.041645993 
559 126 11 15 0.040530335 
467 266 13 17 0.040477894 
850 181 29 34 0.037550427 
422 470 12 16 0.035361353 
412 445 15 19 0.035180565 
599 487 25 35 0.03500599 
836 192 18 21 0.03457625 
597 187 13 17 0.03325866 
467 237 18 20 0.033246767 
906 150 13 14 0.033010986 
567 218 11 15 0.03195755 
392 299 10 14 0.031733964 
471 302 26 28 0.031664733 
518 315 52 55 0.031222658 
471 231 16 19 0.030637288 
571 198 12 15 0.03044007 
484 254 15 18 0.030313704 
494 207 20 30 0.030178707 
417 308 11 13 0.030030455 
653 173 10 14 0.030011332 
889 211 29 33 0.029957375 
602 105 18 22 0.029955646 
482 553 14 17 0.029675107 
438 303 12 15 0.029334517 
564 265 14 18 0.027451457 
867 184 24 36 0.027352748 
393 292 11 17 0.027098326 
478 293 13 13 0.02677709 
512 227 9 14 0.024686735 
384 381 10 13 0.024645515 
605 123 12 15 0.024530984 
597 132 9 13 0.024302412 
821 158 9 12 0.024024747 
570 150 14 18 0.023981778 
729 135 10 12 0.023787482 
412 266 13 18 0.023719274 
582 117 9 12 0.023650577 
815 156 11 15 0.023412433 
927 454 64 80 0.022985658 
875 412 13 14 0.02282395 
822 165 8 11 0.022686983 
550 140 9 13 0.02260599 
490 313 14 16 0.022558859 
461 299 25 27 0.022127312 
691 66 14 16 0.022069236 
460 253 16 19 0.022042643 
560 145 12 17 0.021770308 
886 182 33 40 0.021572286 
745 107 10 13 0.021488246 
525 291 23 24 0.021332577 
478 253 12 14 0.021317136 
494 352 14 18 0.02104271 
899 223 15 17 0.020982282 
510 220 11 15 0.020772506 
667 279 14 16 0.020725196 
877 201 11 16 0.02058861 
383 376 10 12 0.020516923 
491 295 17 19 0.020353239 
509 253 9 12 0.02035307 
599 151 10 14 0.020203957 
