41_Swimming_Swimming_41_730
20
200 102 172 236 0.5786064 
355 116 225 285 0.2857681 
259 105 213 250 0.15317535 
449 207 58 69 0.08240284 
16 142 119 164 0.06394484 
149 -5 52 53 0.059452742 
13 28 111 141 0.048839822 
31 192 130 184 0.04697137 
746 634 19 24 0.037507698 
23 65 164 200 0.03149045 
433 196 94 111 0.029407801 
489 353 377 504 0.029087363 
35 10 52 75 0.028156219 
793 299 90 130 0.027803304 
557 150 67 85 0.02684469 
744 249 55 78 0.025806079 
811 339 52 73 0.02338382 
819 609 16 19 0.023005798 
636 779 42 44 0.020406546 
723 572 55 69 0.020231085 
