41_Swimming_Swimming_41_172
37
286 26 12 17 0.29218265 
340 52 13 16 0.2798888 
495 140 38 42 0.1824354 
281 69 11 15 0.16053325 
683 197 43 57 0.12797952 
919 3 18 19 0.10888503 
279 24 15 18 0.09968668 
726 221 43 39 0.087177254 
697 156 61 46 0.07587506 
347 42 17 18 0.073007144 
897 50 15 18 0.05023959 
328 53 12 13 0.046413388 
292 23 10 12 0.044286683 
725 240 41 41 0.043089505 
290 33 12 15 0.04036673 
295 52 11 13 0.03981086 
283 64 15 18 0.038698837 
362 65 15 17 0.036377613 
301 52 10 12 0.035297293 
968 45 13 15 0.03368424 
254 28 8 10 0.03240851 
333 46 15 17 0.028843641 
300 21 11 13 0.027997721 
660 160 12 12 0.026803449 
480 146 32 36 0.026411684 
294 45 11 13 0.024693137 
274 69 9 13 0.024349552 
367 46 12 13 0.024009641 
327 47 12 14 0.022585852 
256 72 8 10 0.022511015 
264 31 9 11 0.022484241 
321 53 11 12 0.022463094 
912 27 13 17 0.021987032 
366 52 12 13 0.021739583 
943 6 12 14 0.020961579 
272 29 10 14 0.020875813 
263 15 9 11 0.020677688 
