41_Swimming_Swimmer_41_831
51
472 145 169 223 0.99928266 
839 44 44 52 0.55837595 
811 1139 38 41 0.18809675 
465 1510 15 17 0.12629472 
645 1303 14 16 0.11079716 
429 1470 11 14 0.10235316 
1011 478 15 26 0.094089255 
462 1313 16 18 0.083086595 
440 1522 13 14 0.07954162 
151 460 39 45 0.07668591 
419 1396 11 14 0.05763163 
504 1326 13 17 0.05527959 
439 1314 13 17 0.051297914 
428 1366 12 15 0.049673334 
440 1307 14 17 0.046797454 
592 1386 11 15 0.04583891 
682 852 32 35 0.04489866 
527 1306 13 15 0.040483024 
173 894 12 16 0.03958559 
152 66 15 16 0.039372303 
363 1350 15 18 0.03910818 
513 1447 13 14 0.038320728 
437 1356 10 13 0.03657669 
449 1468 14 16 0.03574444 
927 762 13 17 0.035514988 
412 1301 16 19 0.03533093 
454 261 456 569 0.035303243 
379 1373 11 14 0.033206258 
361 1214 26 30 0.03107245 
449 1366 13 15 0.03106048 
549 1461 11 14 0.030713597 
619 1454 12 13 0.03049578 
438 1387 14 17 0.029345585 
1 579 25 42 0.028129501 
524 1397 13 15 0.027981244 
700 101 27 31 0.02659154 
375 1310 12 14 0.025669675 
627 1358 12 14 0.024482943 
154 895 13 15 0.024417218 
376 1406 13 16 0.023515891 
584 1430 11 13 0.023321774 
987 526 21 27 0.023007829 
635 1399 15 17 0.02291685 
544 1494 14 17 0.021737913 
535 1445 13 17 0.021669755 
548 1401 13 16 0.020991465 
687 861 37 40 0.020941654 
209 892 13 15 0.020699296 
557 1357 10 13 0.020636046 
553 1366 11 13 0.02060407 
487 1510 11 14 0.020141196 
