41_Swimming_Swimming_41_822
52
300 698 30 39 0.988436 
198 739 27 31 0.76845944 
642 437 14 18 0.711826 
720 449 14 19 0.3814454 
584 460 12 13 0.1787627 
875 565 16 19 0.08243211 
465 331 89 141 0.07324462 
531 387 12 16 0.07057373 
881 743 21 27 0.06698709 
730 526 12 15 0.06678225 
652 484 11 13 0.066059075 
646 603 8 11 0.049647804 
648 478 12 15 0.042988308 
597 602 14 17 0.042069487 
730 452 13 16 0.041330405 
649 440 14 17 0.037364047 
689 439 10 12 0.03648498 
669 458 11 14 0.036292933 
724 455 15 19 0.035730872 
694 439 11 13 0.03530056 
598 598 10 12 0.033575963 
619 612 15 16 0.03303589 
757 459 13 16 0.033027958 
783 439 13 14 0.032090664 
611 596 17 20 0.030523421 
730 518 10 13 0.030050201 
726 468 14 15 0.02970885 
679 486 11 13 0.029641723 
740 461 13 17 0.02888016 
585 475 11 15 0.028139265 
757 562 12 15 0.028004464 
753 420 10 11 0.02785071 
606 602 14 17 0.02755998 
583 467 14 16 0.027293256 
710 438 11 13 0.026679771 
630 444 12 14 0.025577866 
671 477 9 12 0.024697036 
731 459 15 18 0.024469323 
663 454 13 16 0.024254566 
607 588 13 17 0.024215497 
306 694 17 21 0.023983367 
718 437 11 14 0.023601655 
725 475 13 15 0.023319526 
748 441 23 26 0.023032371 
617 472 9 11 0.02253556 
687 504 10 12 0.022489106 
596 609 15 16 0.022488816 
708 485 11 13 0.021917095 
613 609 25 24 0.021861834 
741 451 14 16 0.02178541 
776 438 12 13 0.021075178 
720 476 12 15 0.020019434 
