41_Swimming_Swimmer_41_1001
58
207 371 17 25 0.8499398 
54 421 17 23 0.35172117 
139 378 12 15 0.28637445 
79 369 15 17 0.19214879 
0 433 18 23 0.17763245 
4 369 14 18 0.12903425 
238 390 11 13 0.11216001 
148 368 12 16 0.100533985 
215 473 36 43 0.07880852 
606 343 24 33 0.07222699 
37 393 15 18 0.06020664 
190 389 30 35 0.05564918 
0 363 12 17 0.051932465 
389 346 10 13 0.04561004 
229 409 17 20 0.045505412 
124 375 10 12 0.043225467 
198 376 16 20 0.042454 
14 381 9 13 0.041051857 
192 373 12 17 0.038881913 
291 405 12 15 0.03852459 
176 366 10 13 0.037468318 
65 360 15 18 0.034524716 
138 394 14 16 0.034002315 
167 373 10 13 0.033943716 
548 235 11 12 0.033421304 
192 356 12 14 0.033304986 
148 393 13 15 0.033288807 
0 358 10 14 0.032903824 
309 415 13 16 0.03254485 
158 372 9 12 0.031772137 
34 353 13 16 0.031658217 
240 358 11 14 0.03138177 
144 366 11 13 0.03121046 
180 364 12 15 0.0305213 
3 395 13 18 0.03014061 
203 380 25 35 0.029501531 
361 478 15 17 0.028809259 
544 206 10 11 0.028679203 
122 389 12 16 0.028618073 
114 366 9 11 0.027767327 
136 368 8 10 0.027318804 
3 389 13 15 0.026714066 
173 371 14 17 0.026482498 
84 420 15 17 0.026039755 
919 30 21 23 0.025046403 
172 378 14 17 0.024196777 
156 366 10 14 0.023747986 
174 352 9 11 0.023168202 
160 412 11 16 0.022686632 
940 56 43 65 0.02268373 
167 388 11 13 0.022512859 
22 382 11 13 0.022187807 
790 328 262 197 0.022175957 
558 202 14 16 0.021340817 
491 285 16 18 0.021117862 
811 449 14 18 0.020699108 
166 367 10 13 0.020321188 
532 214 10 12 0.020312505 
