41_Swimming_Swimmer_41_772
31
563 1099 30 50 0.98609155 
440 211 351 478 0.98596174 
174 195 377 416 0.779269 
29 586 198 183 0.25908315 
315 1123 29 46 0.19480237 
347 -1 523 553 0.13629484 
383 1077 419 503 0.12344779 
451 113 263 385 0.09188563 
16 641 36 33 0.08264003 
444 1180 61 73 0.06699312 
68 672 68 57 0.062657095 
55 636 138 103 0.06192774 
-1 507 343 418 0.056219798 
554 781 388 460 0.054248895 
55 322 28 33 0.05022139 
307 791 106 122 0.046574414 
97 615 218 248 0.034374658 
69 1284 93 120 0.028019074 
878 805 10 13 0.025515277 
244 1430 51 51 0.025249643 
256 298 459 490 0.023844844 
71 680 34 39 0.023813615 
76 288 16 18 0.023749264 
760 1100 187 169 0.023569513 
412 1415 12 13 0.02174116 
33 1179 145 141 0.021403324 
35 693 16 21 0.021398114 
389 1407 10 11 0.02128679 
10 291 23 30 0.021162143 
192 1055 34 42 0.020742772 
1 1325 25 31 0.020428175 
