41_Swimming_Swimming_41_699
27
555 206 59 80 0.99961156 
746 314 58 64 0.99796224 
234 321 61 83 0.99698335 
431 232 56 72 0.99689424 
387 305 54 67 0.9968855 
64 372 69 82 0.9936712 
793 262 36 43 0.95585376 
921 272 57 73 0.9081029 
128 303 50 60 0.90385085 
834 321 31 41 0.15529235 
278 -24 439 523 0.061916683 
727 187 13 18 0.05086015 
413 157 16 22 0.040819477 
727 181 20 29 0.03770215 
530 436 40 48 0.031979203 
-83 -26 493 482 0.028853677 
326 156 37 39 0.028546495 
473 208 45 57 0.025830049 
307 574 13 15 0.024852114 
941 267 37 44 0.023514822 
850 331 17 26 0.023384877 
808 317 41 53 0.023121845 
345 200 28 34 0.023064485 
325 574 11 13 0.022836247 
411 155 27 34 0.021686131 
477 657 13 15 0.021505838 
363 144 45 55 0.020283287 
