41_Swimming_Swimmer_41_308
28
865 21 112 106 0.45857784 
479 123 43 60 0.112083234 
500 119 48 66 0.0785065 
573 51 85 124 0.06506745 
531 77 95 123 0.05007068 
473 112 81 106 0.04219661 
-34 129 397 500 0.041483235 
509 109 30 34 0.040671237 
527 192 50 53 0.03931085 
915 66 39 39 0.037455954 
832 -4 173 206 0.030508148 
482 130 16 22 0.029829677 
685 142 62 59 0.029107248 
441 318 236 268 0.02873843 
477 129 24 36 0.028413648 
541 96 57 76 0.027725702 
496 158 58 79 0.027209718 
548 -62 401 435 0.025413647 
508 116 18 24 0.025311626 
491 121 30 36 0.025308084 
471 140 32 43 0.02404296 
515 93 51 69 0.023201918 
288 113 222 245 0.022054488 
468 118 27 37 0.021388685 
495 180 12 16 0.020710995 
467 161 31 40 0.020615047 
250 266 217 209 0.020603592 
468 150 56 74 0.020032305 
