28_Sports_Fan_Sports_Fan_28_862
71
439 131 126 154 0.9998561 
211 494 42 51 0.9843401 
711 696 119 176 0.38515052 
297 514 33 45 0.347888 
1 745 18 34 0.26187894 
152 731 14 16 0.22737792 
136 714 11 13 0.16565378 
42 258 15 20 0.12622732 
466 728 196 263 0.10883146 
929 581 9 12 0.080000274 
197 325 13 16 0.07730676 
189 355 17 21 0.06771653 
562 1445 56 55 0.066980116 
361 739 30 55 0.058947176 
140 733 12 17 0.055032317 
549 1398 62 65 0.047553867 
240 347 17 22 0.046947967 
134 734 13 18 0.046682157 
0 805 11 20 0.04443849 
2 740 16 21 0.041127477 
186 252 13 16 0.040141642 
223 747 12 14 0.035034414 
306 508 18 25 0.034527864 
190 700 10 12 0.034216776 
0 781 8 14 0.033344753 
355 560 24 36 0.03264668 
173 732 11 14 0.03187064 
276 1291 74 66 0.03145741 
35 715 16 21 0.031339046 
795 694 30 35 0.03086504 
198 749 12 14 0.029585155 
200 732 10 11 0.029375156 
882 692 178 245 0.029295962 
125 732 15 21 0.029197576 
530 812 135 140 0.029072877 
192 343 13 16 0.028758245 
43 301 10 13 0.028694974 
368 706 31 35 0.02861048 
169 708 11 13 0.028110802 
187 408 23 28 0.026501102 
176 516 28 34 0.026460087 
191 321 14 20 0.026028778 
134 710 19 23 0.02576197 
876 725 13 17 0.025619837 
0 131 10 18 0.025285885 
213 739 10 13 0.025124311 
176 725 11 14 0.024953892 
95 710 10 13 0.024758592 
643 661 16 22 0.024723798 
178 371 14 18 0.024619121 
667 314 29 34 0.02455204 
224 812 11 14 0.02422835 
151 717 11 13 0.02390157 
834 394 184 275 0.023053464 
190 747 13 17 0.02259686 
966 771 16 19 0.022431329 
180 731 12 13 0.022395872 
151 754 13 15 0.022192292 
360 708 47 56 0.022104062 
188 520 15 21 0.022010894 
165 732 12 16 0.021894712 
909 824 67 94 0.021821186 
581 1437 37 41 0.021611843 
211 687 17 19 0.02152905 
14 705 31 35 0.021474749 
0 703 26 39 0.021309443 
720 164 11 13 0.021168068 
49 720 27 34 0.021130167 
305 716 34 49 0.02105049 
222 426 12 16 0.021044193 
184 699 10 13 0.020893473 
