28_Sports_Fan_Sports_Fan_28_835
21
237 311 159 203 0.9989699 
649 359 146 197 0.99882394 
80 516 251 327 0.22305137 
196 575 52 59 0.10450097 
784 38 13 17 0.094417706 
838 44 14 17 0.081269644 
-88 432 417 486 0.07024928 
244 601 49 50 0.054729246 
599 1036 416 536 0.049327984 
273 0 413 476 0.040935114 
380 634 23 30 0.040719856 
861 22 9 11 0.040678192 
894 42 16 18 0.037191574 
679 896 32 38 0.029068708 
215 585 53 57 0.028122252 
703 159 55 60 0.025773535 
834 714 142 156 0.025496557 
364 27 16 22 0.025445784 
831 43 13 18 0.02262948 
890 19 15 16 0.02226086 
763 536 216 248 0.020110874 
