28_Sports_Fan_Sports_Fan_28_244
84
892 313 24 30 0.88583463 
952 289 30 36 0.5968744 
53 204 22 26 0.32666668 
930 276 25 31 0.32484546 
592 83 46 59 0.32326624 
64 242 18 21 0.19971465 
331 66 35 50 0.19744185 
155 119 28 36 0.18770617 
932 8 21 28 0.18156773 
688 337 30 40 0.17843407 
240 212 57 81 0.13307984 
738 0 30 27 0.120545186 
662 296 46 77 0.10775539 
940 278 30 37 0.10005777 
152 440 16 23 0.09531272 
226 126 46 57 0.091520585 
926 50 25 32 0.09056517 
1 152 19 32 0.0904842 
879 270 23 28 0.086743474 
793 259 32 40 0.07804017 
338 51 57 77 0.06922858 
60 148 17 21 0.066623494 
362 349 30 39 0.062121082 
385 72 46 73 0.06211018 
0 230 19 29 0.061456103 
20 269 16 21 0.06016814 
180 207 41 51 0.059337463 
969 293 29 34 0.058579337 
100 104 21 29 0.057391014 
974 16 15 20 0.057282437 
258 134 49 70 0.05650194 
810 20 27 32 0.054544307 
409 335 18 22 0.052253615 
116 278 16 21 0.051227953 
1010 233 13 20 0.049679805 
962 78 16 21 0.049071703 
205 90 54 61 0.047855124 
137 252 18 25 0.046565164 
644 274 52 78 0.044220097 
20 329 16 21 0.043946795 
223 157 53 69 0.04239014 
754 0 34 34 0.042307664 
823 270 14 17 0.04153843 
44 26 24 30 0.03859822 
762 12 29 35 0.03820266 
205 158 40 42 0.037777875 
255 174 61 85 0.037515197 
1011 376 13 24 0.03724445 
410 403 45 50 0.036034632 
20 81 22 27 0.03566163 
867 252 16 20 0.03408865 
227 432 15 19 0.03234955 
674 327 48 66 0.03220752 
211 137 40 46 0.03029437 
861 256 31 35 0.028790964 
370 357 18 23 0.028651528 
269 329 477 444 0.02853778 
861 270 40 47 0.027908724 
1004 -1 17 17 0.027502155 
882 6 24 28 0.027462147 
690 0 30 24 0.02705228 
925 283 19 24 0.026941467 
230 178 53 85 0.026750283 
881 315 38 47 0.026642434 
525 12 27 33 0.025819024 
985 299 17 22 0.025605278 
433 525 30 44 0.025448753 
766 324 23 30 0.025372582 
217 429 24 35 0.024327904 
585 547 29 36 0.02420316 
851 152 17 21 0.02353541 
355 110 55 74 0.023522306 
204 99 76 92 0.022988375 
0 145 11 21 0.022963082 
395 113 43 51 0.02275624 
325 83 52 76 0.021983698 
1001 87 24 37 0.021892888 
871 98 29 36 0.021814337 
355 78 49 67 0.02164913 
52 245 24 26 0.021555705 
581 116 35 42 0.021200834 
108 211 25 34 0.021073256 
430 412 27 33 0.020814449 
20 65 25 30 0.020652108 
