28_Sports_Fan_Sports_Fan_28_697
107
743 1289 74 93 0.9890142 
8 1255 50 85 0.57347846 
212 834 389 493 0.36922616 
576 361 100 103 0.345811 
318 1362 65 74 0.2727131 
425 534 195 218 0.2274587 
903 1105 59 61 0.22686581 
711 1251 92 115 0.21665433 
709 823 235 288 0.2155453 
143 1414 30 38 0.19667651 
875 1450 40 54 0.18487535 
56 1334 47 62 0.1753053 
62 16 208 255 0.14163728 
150 1368 30 37 0.1388889 
850 1486 39 56 0.11524213 
440 1419 88 102 0.11522896 
228 1454 44 56 0.1088384 
294 1371 56 66 0.10094865 
258 1381 28 38 0.098924875 
388 93 85 108 0.09465535 
974 1443 25 30 0.08792449 
192 1239 55 67 0.08436209 
-29 455 353 484 0.08112327 
844 756 143 181 0.08102596 
466 1408 55 67 0.07743184 
194 49 118 122 0.07467744 
521 337 180 213 0.07422565 
325 1360 97 114 0.07149478 
868 1479 36 49 0.06484767 
246 1444 44 61 0.06415991 
599 375 43 44 0.06401929 
223 88 72 76 0.060186718 
481 1301 194 270 0.05064758 
747 1353 58 79 0.047906075 
532 1424 31 40 0.047303554 
29 725 435 519 0.04705228 
902 1450 47 60 0.046215046 
531 335 111 136 0.04576388 
483 1400 39 46 0.04373352 
145 1384 42 53 0.042778924 
859 1039 108 129 0.041281387 
753 957 35 39 0.040061366 
722 1475 31 39 0.039690897 
854 1406 58 90 0.03967476 
446 444 240 222 0.038648173 
344 910 134 162 0.037468422 
101 1301 49 56 0.03740016 
676 1204 117 135 0.037086483 
368 1368 101 114 0.035899926 
956 1036 59 87 0.03563007 
132 19 224 196 0.034732707 
290 1376 36 44 0.03372549 
406 1390 97 112 0.033123005 
338 1338 66 78 0.032433506 
968 1450 42 51 0.03218198 
9 1331 50 95 0.031779386 
36 1073 403 496 0.031265322 
-52 906 357 461 0.03009122 
5 1293 47 95 0.029857341 
318 942 344 264 0.029826282 
772 904 141 149 0.029658835 
62 1354 50 69 0.029149864 
781 739 224 318 0.02885261 
426 114 58 75 0.028410103 
361 67 37 40 0.028328802 
219 956 30 32 0.027689645 
959 1512 36 44 0.027310582 
263 1426 28 34 0.026841056 
27 1283 46 78 0.026836159 
349 298 62 82 0.026769131 
696 902 104 120 0.026484746 
254 1278 26 31 0.026242843 
2 1227 45 75 0.02619174 
234 1368 47 52 0.0259627 
133 1065 52 59 0.0257449 
109 1221 53 63 0.025699046 
270 1237 32 38 0.025567507 
811 1007 114 138 0.024511147 
204 1122 49 60 0.02449046 
72 1147 34 44 0.02439761 
191 1366 29 37 0.024314484 
4 1192 32 44 0.0241657 
413 1213 364 432 0.023687474 
202 926 17 20 0.02366554 
351 1316 61 71 0.02355703 
935 1515 43 43 0.023382066 
732 1405 61 65 0.022965265 
567 1399 110 146 0.022645233 
263 1451 45 58 0.022587392 
354 461 344 376 0.022436876 
725 1516 23 28 0.022348166 
997 1470 28 35 0.0223034 
0 1374 50 87 0.02226962 
82 1337 50 58 0.022000294 
61 1397 50 68 0.021868737 
65 1287 48 62 0.021787766 
280 1436 51 67 0.021607244 
233 1424 79 101 0.021516273 
51 1328 32 42 0.021477105 
2 1239 22 40 0.021308837 
262 618 133 169 0.021102231 
737 944 57 68 0.021033242 
85 1313 50 57 0.02096427 
251 1307 165 233 0.020904118 
775 1232 57 62 0.020826286 
27 1350 54 89 0.020420037 
154 1405 30 41 0.020036785 
