28_Sports_Fan_Sports_Fan_28_770
30
566 224 180 241 0.720282 
87 390 103 113 0.7120254 
110 36 412 510 0.6680431 
577 256 110 155 0.22579074 
543 295 33 38 0.18352854 
218 410 103 131 0.10909873 
590 284 58 74 0.08065315 
663 607 11 13 0.051939193 
611 617 44 60 0.05149662 
14 404 88 132 0.04438378 
226 432 176 250 0.043892357 
169 415 170 207 0.03970473 
588 262 16 20 0.03828607 
65 46 276 363 0.037900217 
587 290 36 51 0.037643325 
685 81 133 153 0.0345358 
294 546 83 106 0.03416839 
741 280 110 135 0.03203622 
514 175 329 408 0.031068195 
655 624 10 12 0.030456752 
77 306 169 222 0.0302466 
677 630 9 13 0.02930732 
928 226 92 187 0.028828891 
608 131 230 281 0.028473984 
577 291 28 42 0.027299894 
669 645 10 12 0.025673535 
549 290 44 60 0.024684748 
260 491 105 126 0.02313434 
-8 160 352 454 0.021584723 
551 280 33 45 0.021449259 
