28_Sports_Fan_Sports_Fan_28_1018
34
382 172 230 305 0.99992514 
603 1370 83 124 0.8605199 
871 100 100 129 0.16093567 
960 1891 64 93 0.14591382 
452 1567 56 70 0.10074627 
442 1411 381 505 0.074118726 
543 1299 163 217 0.060546517 
870 214 169 267 0.054497615 
483 1372 105 113 0.045279462 
45 1676 184 232 0.043479886 
962 418 68 130 0.04188861 
640 757 180 263 0.038275328 
336 1295 351 451 0.034214195 
692 1573 196 277 0.032071725 
457 83 294 428 0.031530302 
692 1266 27 35 0.031070624 
325 1506 356 505 0.031019172 
480 1123 347 446 0.029787773 
101 1768 102 113 0.029071262 
397 1379 25 35 0.027953427 
3 975 33 64 0.027738618 
410 1787 129 176 0.027016068 
669 856 199 314 0.026130693 
976 324 41 52 0.025308026 
37 1640 33 40 0.02479283 
732 361 104 121 0.024585241 
597 1563 195 324 0.023852937 
633 1345 88 144 0.023253031 
295 1496 118 135 0.023184039 
396 1557 32 38 0.022597013 
597 1388 29 39 0.021793926 
315 1569 88 124 0.02086661 
389 309 455 588 0.020386666 
89 393 191 297 0.020160343 
