28_Sports_Fan_Sports_Fan_28_868
44
682 29 46 63 0.99856913 
511 246 34 47 0.9824593 
869 172 42 51 0.7539072 
580 315 37 48 0.060855553 
134 283 14 19 0.05808149 
889 191 32 35 0.052039377 
40 461 33 41 0.047594924 
126 269 12 15 0.046487845 
184 410 53 82 0.0440952 
492 253 42 44 0.040664744 
846 170 44 53 0.038571622 
821 316 12 16 0.03796046 
20 2 16 20 0.03758055 
135 261 13 17 0.037458777 
387 3 16 16 0.036762003 
124 283 15 20 0.03295548 
78 318 12 16 0.032044306 
996 251 13 20 0.03152416 
383 571 13 15 0.031079609 
81 62 14 20 0.030988062 
750 10 15 20 0.030736445 
141 255 11 14 0.030201085 
601 283 27 36 0.029237822 
202 318 11 15 0.029236993 
8 1 28 40 0.029107705 
749 8 24 33 0.028822001 
13 383 12 17 0.026855057 
995 375 22 37 0.026544174 
90 280 95 124 0.025638869 
36 443 50 76 0.025070097 
138 384 99 137 0.024865681 
120 287 13 18 0.024469279 
139 0 27 26 0.02382316 
820 49 101 128 0.022829613 
131 267 101 138 0.022561345 
709 92 15 18 0.021909148 
820 173 43 52 0.02181574 
984 10 15 20 0.021766955 
812 68 14 18 0.021347338 
509 5 16 16 0.020996446 
912 351 29 38 0.020821894 
120 277 12 14 0.020709602 
737 81 60 68 0.02019554 
990 252 22 31 0.020002643 
