28_Sports_Fan_Sports_Fan_28_165
22
126 83 120 175 0.9996406 
696 176 118 171 0.99962676 
513 103 126 184 0.99955696 
271 134 88 106 0.86194205 
863 0 71 74 0.440348 
895 5 55 61 0.15450089 
174 124 114 138 0.057013538 
842 -5 98 154 0.056957826 
721 27 37 46 0.055885807 
242 154 70 90 0.036227945 
434 246 40 44 0.034743357 
698 26 99 130 0.03319169 
421 77 104 133 0.032556325 
714 36 54 68 0.028897632 
950 20 62 72 0.028792772 
602 14 46 41 0.02723122 
833 226 30 44 0.02638767 
562 366 104 104 0.025578223 
-2 171 91 161 0.02448137 
562 131 133 180 0.021696184 
579 385 68 63 0.021113146 
745 48 103 135 0.020079255 
