28_Sports_Fan_Sports_Fan_28_327
33
164 272 104 129 0.9996815 
827 183 90 109 0.99903464 
90 304 39 48 0.99760264 
88 241 41 52 0.9914328 
735 273 37 42 0.98021173 
649 263 44 52 0.95703334 
-1 273 23 31 0.8814953 
980 127 43 71 0.852941 
348 255 32 40 0.79237247 
345 77 88 167 0.74859065 
998 272 27 57 0.72988725 
953 246 23 33 0.52016467 
475 683 226 279 0.44315338 
362 602 426 384 0.37858182 
953 259 36 54 0.2527252 
330 542 25 30 0.1195216 
362 321 374 511 0.07434297 
770 281 33 38 0.06943261 
967 291 32 47 0.06691383 
319 588 10 11 0.04983996 
315 612 58 64 0.04119091 
-1 309 11 17 0.037447453 
754 282 35 39 0.036236443 
3 281 27 33 0.033264536 
331 22 182 250 0.033086985 
464 426 44 51 0.023985233 
324 279 23 29 0.02242453 
531 359 15 19 0.022160595 
604 392 14 16 0.022023072 
15 284 26 29 0.021605184 
642 430 9 11 0.021234801 
780 274 39 52 0.02070186 
722 275 32 39 0.020050796 
