28_Sports_Fan_Sports_Fan_28_480
59
489 214 59 74 0.9994148 
978 237 30 36 0.9989423 
698 168 85 105 0.99672073 
427 82 79 158 0.9780652 
364 77 89 142 0.2637371 
568 275 34 39 0.22755082 
4 197 23 37 0.10222004 
921 300 41 58 0.08367737 
887 257 14 17 0.07969891 
3 201 40 65 0.067508556 
911 267 12 15 0.06396192 
895 248 9 11 0.05984871 
467 172 76 103 0.05950071 
612 97 22 26 0.0577785 
917 245 9 11 0.056208313 
891 253 12 15 0.053177606 
917 262 11 14 0.053149637 
586 272 17 21 0.049830765 
968 354 52 87 0.047767878 
578 268 18 20 0.04695893 
536 257 27 32 0.041505318 
479 170 36 51 0.040116765 
935 241 8 9 0.03979829 
462 175 38 53 0.039547764 
653 244 12 16 0.03902454 
666 244 16 23 0.03631245 
862 248 15 17 0.035885647 
937 70 11 17 0.03555344 
602 231 22 27 0.03524956 
325 71 87 145 0.033592433 
646 244 12 18 0.033128213 
927 255 9 12 0.03272195 
667 249 47 59 0.032532252 
918 308 13 19 0.03132446 
177 172 10 13 0.029961813 
919 240 8 11 0.029958572 
918 254 10 12 0.029531147 
660 242 29 36 0.027989838 
649 243 23 28 0.02768039 
0 101 44 66 0.027521096 
956 250 12 15 0.027210772 
942 255 11 13 0.026016885 
902 252 9 11 0.025360253 
951 252 11 13 0.025036646 
941 265 13 16 0.024909973 
596 267 14 20 0.02468272 
926 267 11 14 0.024668721 
974 204 13 16 0.02419518 
187 110 25 27 0.02392149 
616 255 47 56 0.023898471 
587 281 46 54 0.023854315 
205 174 9 12 0.02338779 
889 248 10 11 0.02187637 
989 23 11 13 0.021786202 
929 276 23 26 0.021551523 
911 254 10 11 0.021145249 
909 261 20 25 0.020951696 
934 259 12 15 0.02062054 
913 307 26 36 0.020126902 
