28_Sports_Fan_Sports_Fan_28_880
33
420 81 159 237 0.9884397 
400 626 18 20 0.22204606 
389 661 12 15 0.10837722 
437 671 23 29 0.09381659 
380 635 15 21 0.08721627 
385 630 22 27 0.08470771 
861 488 30 36 0.08043291 
443 685 16 20 0.06757664 
174 457 55 63 0.051764544 
660 664 59 66 0.05114414 
400 637 24 28 0.050980717 
551 476 53 65 0.050006278 
249 473 29 39 0.04970007 
342 659 14 17 0.044523742 
688 680 31 33 0.0436039 
367 696 30 35 0.03994141 
343 679 15 17 0.03728101 
192 478 479 516 0.036957406 
724 712 17 20 0.036204387 
357 631 14 16 0.03514935 
432 654 40 50 0.03316684 
407 643 26 31 0.031658366 
382 630 13 16 0.028088825 
365 632 12 15 0.027089316 
638 677 26 28 0.026564078 
390 620 23 28 0.023167877 
453 663 45 58 0.022929873 
396 641 16 18 0.021934895 
374 631 12 15 0.02193446 
350 633 15 17 0.021715838 
326 444 13 17 0.021250049 
306 642 14 16 0.020260086 
1006 563 15 21 0.020177964 
