24_Soldier_Firing_Soldier_Firing_24_315
40
307 255 63 74 0.98904 
152 15 51 63 0.9291739 
276 83 17 20 0.84519386 
603 386 27 34 0.41979614 
82 30 29 34 0.38682675 
7 40 25 39 0.32656878 
434 323 34 38 0.20841548 
241 245 40 55 0.16475254 
85 27 16 20 0.11740503 
33 323 34 39 0.114373066 
12 50 32 38 0.10960545 
231 243 32 46 0.09342448 
40 328 47 56 0.083389215 
300 141 9 12 0.07972642 
430 329 16 17 0.058276482 
22 56 36 39 0.057821605 
32 328 96 126 0.047692902 
173 34 36 52 0.047349274 
542 338 14 17 0.03628333 
494 433 10 11 0.036098707 
275 251 50 60 0.033727057 
586 387 47 48 0.03214493 
88 308 49 59 0.03138385 
86 302 30 43 0.030950995 
288 83 15 20 0.030196937 
489 432 10 11 0.029915756 
494 436 12 14 0.029569397 
609 380 18 21 0.029063685 
535 333 12 16 0.027669322 
257 252 45 62 0.026838439 
421 331 30 34 0.024832297 
340 211 49 63 0.02480993 
351 190 47 56 0.02331703 
355 201 23 29 0.022263916 
447 330 31 34 0.02222029 
60 275 14 17 0.021750916 
533 326 24 31 0.021659527 
76 33 44 53 0.021394601 
351 265 33 51 0.021052545 
74 323 89 90 0.02008043 
