24_Soldier_Firing_Soldier_Firing_24_129
20
342 322 108 143 0.99583024 
296 337 108 127 0.3311815 
472 472 23 32 0.13590333 
473 729 11 14 0.06755549 
339 700 13 17 0.061193693 
252 416 18 20 0.040134028 
441 1289 25 30 0.03897366 
545 397 9 11 0.036085263 
399 795 48 57 0.033790346 
472 483 30 43 0.033765882 
478 468 34 41 0.03207477 
351 638 8 10 0.026294267 
991 1252 12 15 0.025665961 
382 288 53 84 0.025359103 
475 495 17 25 0.024334932 
368 238 11 13 0.022744866 
855 1510 10 13 0.02264395 
458 471 29 36 0.02183882 
552 253 24 28 0.02129996 
557 445 15 18 0.020774191 
