24_Soldier_Firing_Soldier_Firing_24_702
65
176 59 47 57 0.99725914 
833 83 38 47 0.99526656 
401 172 13 18 0.6594352 
634 112 27 29 0.6073529 
268 124 31 30 0.55657023 
387 167 19 24 0.5176518 
420 175 13 17 0.23892249 
565 278 22 31 0.20185274 
344 129 9 12 0.17228584 
470 170 11 13 0.14871156 
380 172 18 21 0.14849645 
414 171 14 19 0.13004342 
677 238 23 28 0.12537952 
914 275 24 26 0.120681 
647 112 24 25 0.11932002 
629 118 16 24 0.107979566 
679 236 15 18 0.09416159 
205 437 12 19 0.0898312 
325 220 17 20 0.07579599 
372 148 10 13 0.06537202 
487 298 23 30 0.061322186 
298 287 18 23 0.059951607 
75 34 16 24 0.050954632 
350 163 10 11 0.04857547 
529 150 9 11 0.048107654 
821 96 39 43 0.044813108 
294 284 15 21 0.042635463 
308 293 15 21 0.042286336 
477 172 11 14 0.042234965 
411 213 15 19 0.04131195 
723 254 48 55 0.038744584 
415 201 11 13 0.035417967 
578 280 15 23 0.034083497 
469 324 16 22 0.032946028 
548 273 26 35 0.032135736 
424 340 16 19 0.032049634 
278 246 22 27 0.031740014 
634 123 19 23 0.031477503 
275 472 17 19 0.031192284 
389 158 14 18 0.030295333 
676 270 25 31 0.030238803 
483 173 11 13 0.028132124 
348 128 8 11 0.027757443 
335 150 9 11 0.027034938 
844 200 30 37 0.02578831 
302 279 31 36 0.02474715 
497 303 17 21 0.024692815 
814 226 45 52 0.02450117 
21 370 16 20 0.023935106 
612 174 13 15 0.023845205 
817 110 31 39 0.022600912 
271 371 42 54 0.022299455 
452 174 11 14 0.021811329 
300 493 10 14 0.021730665 
211 438 13 16 0.021696951 
465 165 11 14 0.021508753 
927 283 17 20 0.021290064 
27 372 18 21 0.021133497 
503 166 9 12 0.021044616 
456 155 12 15 0.020979749 
19 366 14 16 0.020834224 
198 432 22 28 0.020671185 
332 488 14 17 0.020549024 
475 313 26 35 0.020543562 
176 4 24 31 0.02031401 
