24_Soldier_Firing_Soldier_Firing_24_15
50
485 211 135 152 0.9994431 
635 314 175 225 0.5913756 
-40 971 381 482 0.19146542 
364 933 32 51 0.18403144 
738 264 19 22 0.18011837 
203 509 16 18 0.1392965 
777 971 57 85 0.121268556 
337 918 45 80 0.112681 
341 1037 442 457 0.09112248 
114 912 402 562 0.07137957 
820 971 29 40 0.069701396 
791 1001 36 48 0.06800992 
925 904 91 150 0.067488655 
661 975 443 470 0.06590475 
305 891 80 122 0.06390326 
215 533 52 67 0.059705943 
551 211 164 220 0.057404727 
178 777 200 259 0.05635805 
606 1222 29 40 0.052065447 
223 659 379 440 0.049936462 
366 862 30 34 0.048442807 
255 859 112 159 0.039879344 
205 503 15 15 0.03963352 
285 545 17 21 0.039141223 
731 259 18 23 0.038107827 
355 910 53 79 0.036288906 
-5 1058 222 303 0.03533857 
724 261 31 37 0.035222217 
655 1030 106 109 0.03448773 
728 639 34 48 0.031217331 
697 991 114 124 0.02867405 
495 133 197 250 0.027821587 
622 1210 34 45 0.02677797 
-6 1090 153 160 0.026751336 
199 886 185 311 0.02651723 
-2 1182 40 56 0.02555372 
594 1199 47 67 0.025441492 
838 136 29 35 0.024227737 
891 698 160 272 0.023960406 
767 677 39 36 0.023234338 
585 757 195 251 0.022320405 
616 256 108 128 0.022155879 
939 1135 87 135 0.021736665 
467 808 28 36 0.021219585 
260 911 390 438 0.020901632 
77 1385 103 120 0.02056788 
793 950 62 84 0.020533971 
746 927 99 137 0.020185286 
876 463 55 62 0.020166956 
0 1308 103 152 0.020082181 
