24_Soldier_Firing_Soldier_Firing_24_281
24
244 441 12 16 0.118966535 
717 417 12 16 0.044083137 
207 665 43 48 0.04125367 
190 428 8 10 0.036623858 
270 438 10 13 0.033394665 
897 507 14 17 0.030274544 
141 445 20 26 0.0302211 
58 581 27 36 0.02782352 
223 674 48 51 0.026929244 
185 423 10 11 0.026677135 
241 704 53 53 0.025835449 
836 512 45 49 0.02562304 
191 414 10 12 0.02506455 
200 431 9 11 0.025056545 
485 137 13 16 0.023687648 
589 241 227 273 0.0235584 
179 453 14 17 0.023391727 
894 499 15 18 0.02308207 
148 413 10 12 0.022495283 
201 437 9 11 0.02238952 
182 437 9 11 0.022234345 
36 595 45 51 0.021654867 
91 444 14 16 0.021203047 
516 159 12 15 0.020067578 
