24_Soldier_Firing_Soldier_Firing_24_644
102
280 170 27 33 0.99315876 
207 151 26 37 0.8565028 
550 283 26 30 0.580309 
469 196 16 17 0.34107476 
577 278 27 30 0.3228904 
47 99 24 32 0.31854314 
462 211 15 18 0.24842256 
398 192 16 20 0.22010218 
440 205 10 15 0.18810637 
312 180 26 30 0.16640499 
130 104 26 29 0.12928364 
178 360 32 46 0.1291252 
39 369 13 16 0.118545204 
199 323 27 35 0.10181894 
458 288 32 31 0.091512986 
0 89 22 44 0.08834371 
444 208 11 16 0.0788101 
92 133 25 30 0.076380536 
348 180 14 20 0.07626649 
442 338 41 44 0.06974642 
116 143 21 29 0.06472085 
437 281 15 20 0.061398108 
224 108 18 22 0.05660767 
137 112 25 34 0.054309398 
389 193 18 20 0.04946581 
331 187 12 16 0.046783477 
309 258 13 17 0.045438357 
559 275 42 47 0.044185515 
32 95 34 45 0.04368927 
556 274 27 31 0.041369606 
395 175 23 31 0.040820487 
58 107 17 23 0.04080254 
246 178 9 14 0.03919513 
282 173 48 55 0.038377702 
487 257 13 16 0.03808065 
238 178 12 18 0.037093442 
387 256 17 21 0.036845405 
318 387 15 19 0.0365407 
0 497 18 35 0.035091788 
210 153 39 50 0.034975525 
10 75 26 38 0.03428313 
372 546 23 27 0.03370745 
21 74 16 22 0.033494804 
139 102 16 19 0.03347961 
331 380 12 14 0.033389233 
593 283 12 16 0.033256374 
370 251 28 31 0.03313026 
410 177 15 20 0.03142754 
111 105 38 50 0.03110696 
311 185 16 19 0.030896034 
221 293 11 14 0.0308024 
298 239 27 38 0.030700041 
274 342 17 20 0.030234592 
465 201 23 28 0.029571345 
477 249 16 20 0.02900592 
149 147 27 34 0.028959388 
138 161 31 36 0.028226944 
335 258 11 15 0.027717259 
8 91 29 40 0.027661728 
322 182 27 34 0.027495734 
99 116 33 38 0.027317612 
456 211 27 31 0.026737388 
17 325 12 15 0.026361803 
393 252 16 21 0.025806936 
76 113 38 48 0.025527634 
315 259 13 15 0.025504855 
228 296 15 19 0.02497106 
561 294 16 19 0.024890255 
811 595 26 28 0.024824312 
43 109 17 22 0.024699269 
426 274 25 34 0.024658533 
249 241 28 41 0.02431553 
13 89 14 21 0.024256203 
10 289 14 16 0.024011586 
156 133 31 37 0.023752145 
571 72 46 49 0.023375273 
402 197 16 22 0.023221895 
103 829 29 34 0.023159204 
223 233 40 50 0.023146022 
538 274 30 34 0.023096342 
268 175 20 25 0.023093008 
432 204 14 16 0.022933917 
77 200 26 34 0.02284046 
435 202 20 26 0.022799004 
419 173 13 17 0.022738846 
247 173 9 15 0.022479197 
541 288 19 22 0.02218817 
91 99 14 19 0.022145525 
58 92 15 24 0.022125363 
455 211 15 19 0.022040209 
160 162 24 35 0.021898549 
4 349 13 17 0.021709884 
28 224 12 16 0.021456458 
486 288 32 35 0.02142521 
305 252 25 31 0.021358136 
263 307 13 17 0.02131539 
125 111 13 18 0.020944772 
-1 171 21 43 0.020856153 
466 236 28 33 0.020811098 
45 114 27 36 0.02064831 
550 7 389 449 0.020362554 
168 112 28 36 0.020252425 
