24_Soldier_Firing_Soldier_Firing_24_931
62
496 99 67 80 0.9973411 
364 69 24 27 0.9458439 
259 50 26 32 0.67414784 
733 57 24 27 0.5136115 
438 55 20 25 0.42777285 
916 95 11 14 0.37524122 
926 117 11 14 0.27118796 
879 121 15 17 0.19026525 
904 123 11 13 0.1625608 
900 110 10 12 0.1519694 
919 117 13 15 0.14077237 
863 141 11 14 0.11182701 
908 118 13 15 0.09986382 
877 110 10 13 0.09841583 
333 169 12 15 0.07796888 
631 223 39 52 0.06774226 
868 139 13 16 0.0674513 
837 111 11 13 0.06607831 
525 269 39 43 0.050505757 
903 130 11 15 0.044952765 
1014 164 8 13 0.038324803 
652 190 22 30 0.037174948 
428 57 17 20 0.037067126 
442 66 18 24 0.033122074 
565 246 27 40 0.03157814 
831 116 11 15 0.030653505 
917 105 14 17 0.030623654 
276 190 11 14 0.029871969 
909 107 13 14 0.02940131 
896 112 12 17 0.029385317 
634 129 86 109 0.029056184 
938 172 9 11 0.029027833 
543 33 29 30 0.027988302 
873 138 15 16 0.027069692 
548 316 37 39 0.026794337 
425 53 11 15 0.024460794 
911 151 12 15 0.02421202 
939 166 10 12 0.02402753 
990 115 11 13 0.023657158 
932 110 11 14 0.02344598 
872 114 12 16 0.023432849 
274 61 17 23 0.022958929 
473 111 31 46 0.022901831 
424 174 32 37 0.02251474 
921 100 12 15 0.022284139 
886 108 12 15 0.021762924 
900 114 18 23 0.0216637 
901 150 11 13 0.021647243 
555 298 29 34 0.021570968 
531 45 56 67 0.021515774 
938 158 8 11 0.021469714 
427 63 25 32 0.021361366 
871 123 12 16 0.021267172 
448 58 15 20 0.02110779 
252 60 28 32 0.021077063 
654 189 14 18 0.021041151 
546 109 41 48 0.020957518 
265 196 11 13 0.020772614 
547 31 16 19 0.020464888 
854 140 12 16 0.020193644 
438 235 61 67 0.020153426 
903 104 11 13 0.020046152 
