24_Soldier_Firing_Soldier_Firing_24_10
28
177 176 37 50 0.796382 
156 289 43 51 0.06605056 
276 206 11 14 0.0647356 
397 207 12 15 0.05359457 
158 183 36 41 0.05358033 
253 228 31 38 0.05165103 
270 208 13 17 0.044462588 
590 367 450 561 0.037816044 
259 228 18 21 0.033704694 
390 206 13 16 0.032703 
286 218 15 18 0.031213585 
267 215 15 19 0.029961426 
260 218 17 18 0.027734753 
127 333 9 11 0.027489794 
280 225 26 33 0.02730021 
504 184 470 559 0.026544586 
382 207 13 18 0.025703778 
273 210 23 28 0.025064183 
239 218 13 18 0.025058735 
139 164 48 66 0.024059424 
-42 201 352 455 0.023698572 
159 196 53 64 0.023062369 
259 237 51 61 0.022825813 
263 202 23 26 0.022475727 
107 410 13 13 0.022064436 
143 415 8 11 0.021815183 
285 232 15 19 0.02074156 
380 7 474 457 0.02046411 
