24_Soldier_Firing_Soldier_Firing_24_691
77
270 307 32 38 0.9995666 
237 216 25 30 0.9981285 
777 321 27 34 0.99777824 
294 278 25 30 0.99674666 
417 338 27 32 0.99582565 
622 302 26 34 0.9954796 
265 269 28 30 0.99066085 
738 293 30 35 0.9871458 
879 449 34 53 0.98266673 
547 272 22 26 0.9760484 
669 318 23 28 0.96684945 
878 327 29 35 0.9643323 
819 381 38 42 0.9580968 
820 300 23 27 0.95555675 
439 311 23 27 0.9544813 
562 327 22 26 0.9535116 
366 305 22 24 0.9522265 
956 303 21 21 0.950516 
505 313 24 29 0.9441357 
96 109 35 63 0.9193882 
580 268 20 22 0.9113801 
411 248 20 22 0.9084368 
803 366 29 37 0.8116636 
211 178 19 22 0.4441144 
455 347 22 26 0.37991777 
726 308 15 18 0.19027662 
277 274 28 31 0.17107928 
973 331 17 20 0.15490174 
51 121 31 54 0.15085368 
544 328 17 20 0.09697621 
649 342 17 21 0.07668046 
579 276 22 28 0.07400649 
603 321 15 20 0.06949297 
342 334 21 25 0.06754612 
945 345 16 20 0.060855426 
878 348 26 37 0.0602361 
791 178 27 32 0.058557015 
472 407 15 17 0.05728604 
204 183 25 32 0.05543514 
728 299 27 32 0.05278951 
802 331 16 20 0.051031977 
528 361 21 27 0.05010393 
645 313 16 23 0.04951137 
831 307 19 23 0.047910966 
308 315 13 16 0.04648235 
660 314 23 29 0.041254915 
920 334 25 33 0.038838625 
884 339 32 37 0.037862998 
724 412 11 14 0.03733964 
878 359 15 24 0.036411744 
1008 275 12 15 0.03460521 
831 377 44 54 0.03129295 
174 173 11 16 0.030150095 
526 352 17 21 0.030052474 
198 132 10 13 0.029771598 
764 316 26 31 0.029530898 
868 360 27 35 0.028586647 
303 310 21 27 0.026751092 
394 322 13 18 0.02650848 
559 358 24 28 0.02601617 
1011 268 12 18 0.025375687 
562 338 19 23 0.024404522 
1 149 11 15 0.023936013 
946 335 23 27 0.022673104 
762 298 18 23 0.0224362 
966 336 18 20 0.022430114 
943 349 24 30 0.022168698 
431 317 26 32 0.021837525 
826 314 26 34 0.021779796 
538 364 13 18 0.02152713 
490 376 18 22 0.021378543 
443 343 26 30 0.021168951 
411 258 17 22 0.020946773 
895 334 30 32 0.020765945 
796 349 16 20 0.02048968 
909 339 27 32 0.020325411 
610 310 25 33 0.020092607 
