24_Soldier_Firing_Soldier_Firing_24_431
68
235 144 42 58 0.91695154 
188 147 60 74 0.30904233 
413 395 12 13 0.17186575 
319 256 38 47 0.1274308 
713 473 17 22 0.108002305 
195 119 61 76 0.08801681 
146 148 47 62 0.0724731 
1014 271 7 10 0.06538248 
503 285 12 14 0.061045535 
450 397 24 28 0.051528383 
806 253 14 17 0.049104888 
994 429 30 35 0.044037253 
957 404 21 25 0.043720935 
445 396 17 18 0.04226933 
810 445 27 28 0.040150158 
738 412 8 11 0.03937124 
616 108 463 479 0.038547013 
576 350 12 14 0.03723172 
522 122 12 15 0.034997623 
430 397 13 15 0.03362012 
206 109 36 51 0.032851968 
705 413 9 11 0.03262203 
736 408 9 10 0.0309124 
467 402 13 18 0.030869836 
494 360 10 12 0.030526387 
853 236 11 14 0.030134844 
678 398 8 11 0.03003663 
735 459 13 15 0.029789915 
777 481 18 21 0.029151207 
437 397 13 15 0.028376274 
333 267 38 50 0.028134221 
922 414 30 32 0.027877085 
970 302 8 9 0.026926963 
733 444 13 15 0.02628604 
719 407 10 11 0.026240641 
828 119 9 11 0.02612671 
409 392 20 22 0.025580881 
588 454 15 18 0.025549755 
496 285 12 14 0.025379613 
734 441 10 12 0.025312955 
429 289 8 10 0.025207603 
956 309 9 10 0.025193745 
1005 293 8 10 0.024441874 
409 391 12 15 0.023832278 
339 297 16 20 0.023811275 
1015 275 8 11 0.023690023 
684 439 10 11 0.02358969 
576 431 9 12 0.023478232 
1007 309 9 11 0.022988006 
324 293 30 32 0.022963593 
958 304 8 10 0.022673372 
742 412 9 11 0.022445258 
823 452 18 20 0.022276519 
725 407 9 11 0.022211447 
202 134 35 51 0.021583283 
964 621 31 33 0.021368671 
535 109 11 13 0.020885797 
639 138 12 14 0.020864932 
698 468 23 28 0.020747371 
829 124 8 11 0.02066448 
462 143 14 18 0.020508587 
651 427 11 13 0.020394992 
468 365 22 26 0.020280687 
534 457 15 18 0.020161014 
952 284 10 12 0.02009953 
479 399 11 14 0.020093536 
419 390 11 14 0.020059042 
364 287 18 23 0.02002189 
