24_Soldier_Firing_Soldier_Firing_24_115
68
277 102 84 123 0.99720687 
282 408 73 75 0.19044246 
634 536 21 27 0.17838615 
700 514 18 20 0.117440805 
700 503 19 22 0.10242907 
708 543 18 21 0.08628318 
641 531 17 23 0.083987184 
104 216 18 21 0.08391615 
732 539 17 24 0.08097069 
1 505 13 20 0.06572709 
17 49 44 58 0.060570702 
684 530 12 15 0.059300862 
733 533 14 18 0.057776954 
660 511 17 21 0.05447102 
606 533 14 18 0.05232907 
25 279 16 20 0.05085512 
633 549 18 24 0.0505927 
638 526 13 15 0.049500946 
614 548 13 17 0.046657387 
797 252 24 32 0.045762103 
45 26 18 23 0.043975048 
675 614 16 19 0.04228893 
699 530 23 27 0.042111635 
52 3 18 16 0.041639008 
119 3 16 16 0.038361695 
253 52 146 205 0.03782861 
243 329 32 36 0.03754564 
699 547 22 27 0.036879584 
118 82 14 17 0.036668684 
0 601 12 19 0.036079865 
42 1 18 17 0.034625884 
845 175 28 32 0.034495313 
83 226 15 19 0.034418542 
36 53 28 36 0.033376474 
692 586 16 22 0.032711525 
51 197 13 15 0.031292368 
97 -1 17 18 0.030781599 
123 201 29 31 0.029961038 
115 625 47 55 0.02991637 
21 609 57 54 0.029769093 
307 447 41 41 0.029028276 
710 599 24 30 0.028829452 
153 52 17 21 0.028669462 
182 45 15 18 0.028633911 
68 49 23 33 0.028509106 
1 481 12 17 0.027597154 
684 556 23 28 0.026494835 
621 543 20 26 0.02637969 
42 34 28 34 0.025860967 
179 3 15 16 0.025160417 
622 543 37 51 0.024980258 
714 506 15 19 0.024811132 
650 494 27 32 0.02445944 
624 4 410 477 0.024064163 
651 513 24 29 0.023423936 
718 592 27 28 0.023124928 
732 505 16 21 0.023087382 
50 406 378 444 0.022838386 
35 1 17 14 0.022551632 
0 71 11 20 0.022390213 
1 660 25 37 0.022376727 
694 507 15 18 0.02186973 
222 469 37 41 0.021785814 
76 46 11 14 0.021619165 
132 99 13 17 0.02144014 
11 501 22 29 0.021088872 
700 494 18 22 0.020086443 
114 169 19 22 0.020034475 
