24_Soldier_Firing_Soldier_Firing_24_368
29
390 136 139 159 0.9776315 
445 322 70 77 0.63579345 
583 229 48 67 0.080397226 
833 74 52 78 0.07320682 
739 34 17 22 0.058726165 
598 244 55 76 0.054883268 
599 313 71 88 0.051948983 
815 87 55 80 0.046348542 
807 114 49 69 0.041159175 
37 183 17 21 0.03953023 
871 233 28 36 0.038557976 
601 226 27 38 0.03637256 
401 251 131 134 0.034527984 
-11 111 412 439 0.029900922 
799 388 47 54 0.028379653 
859 447 24 30 0.027322846 
773 113 92 111 0.025288004 
407 127 195 258 0.023774428 
81 124 24 32 0.023485197 
629 227 409 467 0.0231306 
533 72 104 124 0.022966063 
972 524 28 38 0.022891153 
602 269 61 87 0.022663474 
184 211 99 117 0.022169875 
724 121 27 36 0.0218664 
240 245 478 439 0.021785175 
318 68 91 134 0.021343967 
845 456 49 58 0.020908192 
139 264 48 55 0.020808084 
