24_Soldier_Firing_Soldier_Firing_24_601
99
294 320 31 36 0.9996749 
859 303 36 39 0.99967325 
84 313 33 38 0.9988543 
472 305 33 37 0.9981862 
174 323 33 38 0.99733573 
390 308 33 38 0.99732506 
734 321 38 42 0.99593276 
594 305 42 44 0.96909493 
980 293 12 17 0.91735524 
311 291 34 38 0.8758017 
24 327 16 20 0.81609106 
415 285 30 37 0.6436435 
986 334 13 16 0.36458355 
905 322 17 21 0.34427232 
829 327 24 28 0.31604007 
63 316 24 31 0.2579086 
366 477 12 15 0.1676919 
627 299 32 38 0.1344004 
513 302 16 22 0.12602673 
260 341 23 30 0.12548956 
306 489 16 20 0.11943679 
323 479 16 20 0.11767785 
97 473 24 27 0.112304956 
830 323 17 21 0.109823324 
499 471 24 29 0.10829942 
33 484 17 21 0.10814373 
236 494 21 25 0.107976854 
0 341 11 18 0.0939341 
997 332 11 15 0.080206774 
237 306 23 30 0.07859583 
975 339 9 13 0.07114627 
521 291 26 39 0.06868629 
310 480 21 25 0.06682621 
1007 345 7 10 0.063543685 
380 313 28 34 0.06164689 
386 452 12 16 0.061458245 
1007 349 10 12 0.05959862 
489 302 30 34 0.058493957 
636 467 17 24 0.055320483 
204 298 27 27 0.051730588 
986 323 15 18 0.05162746 
987 314 14 17 0.05133819 
506 300 26 36 0.047751717 
432 473 12 15 0.046249516 
985 298 12 15 0.043357547 
997 324 14 18 0.04285134 
397 357 31 37 0.04125535 
227 464 17 20 0.03965864 
1011 380 13 18 0.03775597 
46 360 15 20 0.036959406 
267 333 24 32 0.03676604 
605 291 50 53 0.036072236 
366 499 10 14 0.03492734 
644 291 425 483 0.034610767 
944 301 10 13 0.033960074 
951 332 12 16 0.033359233 
405 473 28 33 0.03285622 
107 456 29 32 0.03178333 
347 484 11 15 0.03148498 
198 474 16 19 0.030004764 
919 306 12 16 0.02936218 
975 383 11 14 0.028636204 
581 318 27 36 0.02845435 
1 336 18 29 0.027997369 
524 455 17 21 0.027775992 
411 481 17 21 0.027486952 
370 315 23 30 0.02748205 
991 372 11 14 0.027104037 
280 328 28 34 0.02708265 
888 313 29 32 0.026934102 
840 332 19 25 0.026678108 
969 338 11 14 0.026129646 
16 318 19 27 0.02611883 
384 468 10 12 0.025329098 
201 489 16 17 0.024576 
860 416 28 37 0.024323909 
258 339 17 22 0.024157645 
328 284 20 23 0.024115773 
405 313 28 34 0.023700228 
225 308 25 36 0.023684759 
841 324 14 17 0.023391247 
375 508 12 15 0.023199948 
373 482 11 14 0.023031767 
33 471 22 27 0.022881573 
1008 353 11 16 0.022859976 
953 358 9 12 0.022775965 
528 559 25 30 0.022639105 
373 501 11 14 0.022501439 
822 329 17 24 0.022207214 
384 478 9 13 0.022175655 
992 366 10 12 0.021563513 
966 377 9 11 0.021207407 
994 314 15 20 0.020814313 
938 320 15 20 0.020746348 
384 459 11 15 0.02071501 
183 615 48 48 0.020387342 
496 653 21 26 0.020326532 
146 459 15 20 0.020064276 
786 318 25 39 0.020013656 
