24_Soldier_Firing_Soldier_Firing_24_1037
23
754 128 113 152 0.72139716 
57 275 43 50 0.2674424 
803 114 107 144 0.13102233 
636 472 30 31 0.11518881 
675 406 31 33 0.06404728 
763 391 36 33 0.057730027 
771 79 175 233 0.046238303 
733 356 36 42 0.042957198 
617 522 21 22 0.038697507 
753 379 34 39 0.028730622 
728 395 31 32 0.026882058 
671 403 13 16 0.025799613 
668 467 16 20 0.025434345 
855 392 176 249 0.024639674 
656 478 27 31 0.022975123 
676 395 13 16 0.022257743 
773 398 39 35 0.02103666 
679 477 24 28 0.020922016 
721 377 58 49 0.020509647 
675 381 24 28 0.020504547 
667 474 24 27 0.020321392 
681 424 19 21 0.02026799 
54 266 32 37 0.020031882 
