24_Soldier_Firing_Soldier_Firing_24_633
83
877 395 44 61 0.9871803 
0 272 27 45 0.9287418 
437 453 51 64 0.70989114 
372 485 62 85 0.40938252 
774 405 35 39 0.33503956 
194 100 18 21 0.29891378 
502 411 43 59 0.1500828 
757 604 16 19 0.13098821 
811 436 15 19 0.11979475 
927 80 14 17 0.114568084 
337 431 22 32 0.09783912 
782 134 25 31 0.09671884 
717 574 25 30 0.0876211 
991 370 14 16 0.0779067 
410 460 58 72 0.0748548 
110 20 10 12 0.07121919 
591 117 8 11 0.062422816 
998 104 12 15 0.056357868 
972 139 16 20 0.05630099 
150 0 8 9 0.05572312 
868 399 32 49 0.054197412 
783 390 30 43 0.05382253 
996 187 27 41 0.05271766 
177 26 10 13 0.051710058 
464 447 34 59 0.051083975 
844 443 13 16 0.04969007 
791 414 18 23 0.049113996 
998 64 8 12 0.04243331 
754 939 15 15 0.040207863 
669 458 51 89 0.039893553 
839 430 27 34 0.039615493 
128 14 8 10 0.038637422 
0 250 12 17 0.0373378 
475 382 47 52 0.035407946 
841 413 43 52 0.034884132 
298 107 20 24 0.033176303 
953 62 9 12 0.033175793 
965 15 8 11 0.03280766 
809 433 25 29 0.032624375 
963 895 32 44 0.032571506 
495 434 43 52 0.031523716 
161 22 9 11 0.030948233 
823 7 11 11 0.030061772 
975 385 22 28 0.028983504 
167 21 9 11 0.028825419 
808 417 24 34 0.028771142 
64 747 34 40 0.02846966 
343 121 33 40 0.028004501 
829 601 14 21 0.02762395 
141 23 9 12 0.027605314 
826 436 29 31 0.02726477 
144 6 12 14 0.026451958 
962 19 9 12 0.026383236 
390 4 10 11 0.02627096 
994 386 24 32 0.02625124 
136 24 9 11 0.025494602 
751 394 43 52 0.025399802 
853 687 12 14 0.025243515 
81 55 8 11 0.025172826 
730 578 17 21 0.025149364 
137 28 9 11 0.024459831 
701 423 50 60 0.024394874 
129 23 8 10 0.024271773 
383 395 11 15 0.023969471 
987 399 17 24 0.023665333 
121 4 9 11 0.023195975 
853 438 32 39 0.02319378 
118 31 9 11 0.022631325 
738 605 14 19 0.02202938 
957 62 9 12 0.021987693 
976 381 12 17 0.021940278 
786 419 30 35 0.021874947 
505 395 33 43 0.021305937 
105 16 9 11 0.021161979 
112 27 10 13 0.021133358 
688 63 10 13 0.021037662 
457 817 56 72 0.02084735 
750 607 24 31 0.020624591 
119 16 7 10 0.020534223 
933 71 10 12 0.020427952 
859 377 70 98 0.020385757 
133 15 9 11 0.020196408 
126 6 9 12 0.020108672 
