24_Soldier_Firing_Soldier_Firing_24_703
21
480 1 70 83 0.9972767 
238 50 70 95 0.9923275 
640 34 63 79 0.985463 
351 53 68 94 0.9818491 
118 300 14 18 0.08591206 
612 178 28 47 0.05576353 
366 253 40 48 0.051352244 
116 228 52 64 0.045062333 
301 308 11 15 0.043864522 
122 304 15 18 0.036186013 
679 182 42 56 0.033350058 
166 124 70 78 0.03015412 
165 236 41 43 0.024658345 
106 230 39 48 0.024173575 
468 -3 41 40 0.02338408 
371 253 64 64 0.022760557 
197 68 91 123 0.022606151 
590 160 44 65 0.022196881 
144 292 11 15 0.02207097 
358 233 67 62 0.02195006 
133 306 12 17 0.021185298 
