20_Family_Group_Family_Group_20_255
45
606 424 55 68 0.99949265 
141 444 62 76 0.9994246 
488 411 62 77 0.9989447 
893 373 60 71 0.99893385 
304 446 57 67 0.9985758 
742 378 57 78 0.9978338 
518 128 45 56 0.9957366 
787 220 51 62 0.9955035 
197 337 47 58 0.9947803 
365 301 50 57 0.9901545 
659 232 44 54 0.98542285 
714 359 43 63 0.5118999 
909 713 41 47 0.1461606 
983 665 10 12 0.11103507 
247 365 39 59 0.09877726 
480 140 18 21 0.09740876 
255 395 30 41 0.09235071 
781 301 28 39 0.09044263 
974 618 11 14 0.068841554 
229 324 31 48 0.05805106 
438 365 32 41 0.054678638 
370 265 55 71 0.051618125 
14 365 27 51 0.04755093 
494 359 59 67 0.04638856 
720 287 38 56 0.04597035 
578 135 15 18 0.037605815 
826 615 133 138 0.03755395 
338 445 49 62 0.03611084 
647 379 38 48 0.030998684 
484 379 59 77 0.02993357 
295 424 51 65 0.029727364 
779 365 47 62 0.029050596 
926 53 7 9 0.028464869 
1000 659 9 11 0.028204558 
963 645 10 13 0.027264994 
505 -1 42 49 0.027142564 
358 451 48 60 0.027126696 
573 142 26 31 0.026561378 
490 141 13 17 0.025494259 
258 322 44 68 0.024517734 
390 304 34 43 0.02374695 
942 673 12 15 0.021201827 
266 375 34 50 0.020859627 
239 311 42 66 0.020467961 
18 267 20 28 0.020273559 
