20_Family_Group_Family_Group_20_374
327
628 802 201 243 0.9995875 
86 345 335 452 0.99843377 
504 13 274 388 0.99738413 
583 1126 136 157 0.9968278 
75 1213 14 17 0.6691078 
154 1159 16 18 0.6617975 
116 1111 13 16 0.5680089 
445 1105 13 18 0.5573412 
236 1119 17 21 0.549949 
30 1316 12 16 0.54471433 
111 1157 17 20 0.5351127 
374 1246 13 15 0.5081889 
405 1123 12 16 0.46684507 
28 1234 13 16 0.39018703 
247 1241 14 19 0.38361114 
53 1073 12 15 0.35930106 
71 1109 12 17 0.35505062 
439 1153 14 18 0.34805253 
111 1179 16 19 0.33551964 
470 104 135 192 0.33367172 
380 1074 13 16 0.30986753 
465 47 103 167 0.3002009 
319 1234 12 17 0.29768908 
92 1270 13 17 0.2892752 
392 1149 13 17 0.28717995 
161 1112 17 20 0.27963987 
95 1053 14 17 0.2715093 
99 1198 14 18 0.25877127 
232 299 363 467 0.2585013 
48 1231 13 17 0.24391787 
70 1170 13 16 0.24307784 
135 1099 13 17 0.24084851 
242 1270 17 21 0.23998742 
19 1130 13 18 0.23737885 
270 1252 14 17 0.23699202 
70 1296 14 17 0.22025953 
465 71 477 576 0.21713829 
442 54 224 294 0.21521717 
229 1247 13 16 0.21499889 
204 1247 13 17 0.21387802 
367 1118 14 17 0.20858984 
47 1049 13 16 0.20856525 
319 1103 13 17 0.20400812 
46 1287 13 16 0.20066361 
355 1312 22 29 0.16963768 
341 1082 17 19 0.16835408 
80 1195 12 14 0.16557969 
147 1246 16 19 0.16384193 
172 1081 19 22 0.16376118 
93 1231 14 17 0.16008227 
462 1110 12 17 0.15985608 
13 1091 12 15 0.1596325 
285 1272 14 16 0.15139341 
345 1114 14 18 0.14854507 
430 1257 12 15 0.14427008 
31 1267 12 17 0.14253443 
173 1230 13 16 0.13630769 
13 1174 12 15 0.13458173 
63 1049 12 16 0.13179849 
25 1187 11 15 0.12555747 
306 1146 14 18 0.1197236 
395 1319 15 17 0.11947795 
374 1139 12 16 0.11710046 
115 1135 15 19 0.11329551 
53 1308 12 15 0.11267693 
53 1215 12 14 0.10899552 
55 1126 12 15 0.10881615 
363 1275 15 17 0.10809647 
594 157 36 47 0.10446151 
131 1220 17 20 0.103634134 
43 1140 11 14 0.10054673 
222 1175 14 17 0.09975496 
351 1147 12 16 0.09748991 
125 1255 16 18 0.096491285 
311 1268 13 18 0.09605097 
119 1091 11 15 0.09478145 
267 1287 13 16 0.09419151 
37 1197 13 17 0.09117349 
32 1090 11 14 0.09012873 
3 1115 14 18 0.08635015 
42 1183 11 14 0.08550704 
86 1078 13 17 0.08310501 
0 1210 8 14 0.08266084 
30 1024 13 16 0.082494356 
383 1193 13 16 0.08069614 
377 1097 13 16 0.08012867 
480 1133 13 17 0.07591677 
360 1179 13 17 0.075724006 
404 1074 12 15 0.074931376 
33 1071 10 14 0.074388616 
414 1262 11 15 0.07376649 
261 1194 13 17 0.071876235 
1 1065 10 15 0.07181906 
332 1197 12 15 0.07125825 
70 1258 14 16 0.0708441 
120 1058 12 14 0.07046996 
274 1220 13 16 0.06995751 
94 1297 12 16 0.06994689 
266 1129 13 16 0.06993128 
421 1161 14 18 0.06804263 
352 1301 13 17 0.06767414 
111 1143 20 23 0.06683725 
447 1072 12 16 0.066456385 
377 1219 14 16 0.06639141 
92 123 361 468 0.06631075 
68 1144 14 18 0.06485453 
291 1242 13 17 0.064594686 
190 1204 13 16 0.063809246 
46 1091 12 15 0.06295435 
300 1198 12 15 0.06252572 
375 1303 12 16 0.062457662 
31 1112 11 15 0.062381934 
197 1143 14 17 0.060690172 
5 1237 10 15 0.058732387 
172 1268 14 16 0.058250364 
101 1145 13 18 0.057596736 
217 1219 14 15 0.057257697 
350 1241 13 15 0.056641977 
76 1254 12 16 0.056552902 
551 1214 16 21 0.05580256 
434 1179 14 17 0.054461434 
280 1147 11 13 0.05361822 
6 1068 10 13 0.052900665 
536 660 287 427 0.05281965 
93 1178 13 15 0.052604005 
703 1411 11 14 0.05255106 
274 1320 15 18 0.052194074 
356 1143 13 16 0.051381335 
15 1067 11 14 0.05111173 
127 -72 399 457 0.05106716 
424 1134 11 14 0.04837749 
76 1238 10 13 0.04818858 
422 1260 12 15 0.04812388 
416 1242 11 15 0.04798779 
330 1295 13 17 0.04789906 
469 1187 14 17 0.047848854 
33 1203 12 15 0.04759445 
11 1302 10 14 0.04749986 
85 1190 13 16 0.047495764 
446 1247 11 13 0.04737026 
109 1098 13 15 0.047231954 
354 189 122 146 0.04701872 
413 1183 13 17 0.046989784 
129 1176 436 523 0.04698604 
415 1177 186 267 0.04626374 
365 393 439 553 0.045732927 
15 1222 10 13 0.04554681 
431 1153 13 17 0.045490112 
48 1313 12 16 0.045116074 
26 1298 12 15 0.044771247 
40 1135 11 14 0.044582263 
305 1346 15 18 0.044263657 
326 1202 14 17 0.044233695 
23 1230 14 17 0.043739185 
240 1190 11 13 0.04343401 
518 1014 12 16 0.043421727 
222 1132 10 14 0.043384787 
394 1258 12 17 0.04323411 
51 1090 12 15 0.043127846 
36 1230 12 15 0.04255023 
8 1037 12 17 0.0425063 
422 1237 10 14 0.04190998 
419 1108 11 12 0.041442536 
27 1156 13 17 0.040641572 
392 1286 12 15 0.04057845 
380 51 180 230 0.040340465 
76 1204 16 20 0.0402037 
20 1219 11 13 0.040084712 
452 1194 107 161 0.03931912 
61 1141 14 18 0.039124247 
197 1119 17 21 0.03904471 
21 1091 9 14 0.038404368 
302 1241 13 17 0.038213402 
43 1195 14 18 0.03783998 
144 1187 18 21 0.037777584 
185 1171 13 17 0.03765363 
41 1290 12 16 0.03744673 
0 1263 10 14 0.037396945 
55 1105 12 14 0.03723594 
60 1254 11 14 0.03705426 
314 1222 14 16 0.037006 
309 1168 13 17 0.036848705 
381 1225 14 16 0.036801636 
455 1001 13 16 0.036654636 
8 1195 11 15 0.036540315 
362 1081 349 443 0.03617885 
124 1053 14 18 0.03606499 
150 1286 14 17 0.0358903 
455 975 11 13 0.0356859 
387 1229 11 14 0.0355101 
109 1351 15 21 0.035299808 
65 1171 12 16 0.03464397 
283 1143 11 13 0.034032226 
235 1244 13 17 0.033936393 
402 1033 13 17 0.033589687 
109 1170 17 19 0.03354775 
22 1214 11 13 0.033450857 
120 1211 12 15 0.032669015 
355 1306 15 19 0.032578547 
484 1115 18 21 0.032535173 
372 1105 15 19 0.032511003 
84 1043 12 15 0.032408804 
113 1312 15 19 0.032156 
310 1241 13 16 0.032101713 
115 1098 13 17 0.03205887 
495 1019 15 18 0.031877775 
31 1196 12 16 0.031660233 
68 1343 15 19 0.03127027 
91 1188 14 16 0.031215057 
102 1177 13 16 0.031074826 
404 1158 11 15 0.030879475 
188 1052 19 21 0.030686852 
340 1246 12 14 0.030534575 
76 1166 13 17 0.03036551 
0 1119 12 18 0.030351233 
132 1068 15 18 0.030338863 
341 1264 13 16 0.029688539 
36 1211 14 16 0.02958387 
177 1139 14 17 0.029419372 
86 1101 11 13 0.029369572 
99 1048 15 17 0.02900247 
400 1128 14 17 0.028903801 
48 1218 12 15 0.0286047 
471 1026 13 16 0.028588522 
105 1051 14 18 0.028465088 
52 1082 13 17 0.028413488 
241 1109 18 21 0.028269114 
14 1263 12 17 0.028142253 
445 1131 12 15 0.028080855 
125 1204 11 13 0.028011557 
133 1051 14 20 0.027918968 
440 1128 12 16 0.027686832 
84 1201 15 19 0.027590604 
199 1226 12 15 0.027547486 
469 1090 13 17 0.027499521 
351 1217 12 16 0.02732419 
501 1195 46 62 0.027271463 
332 1190 13 15 0.02715813 
102 1094 13 16 0.026820946 
445 1224 14 17 0.026634282 
212 1270 14 17 0.026606519 
449 1101 14 19 0.026582161 
0 1092 9 15 0.026526565 
487 939 13 15 0.026339855 
301 1312 15 19 0.02616247 
86 1050 15 19 0.026093842 
68 1487 16 19 0.026049336 
110 1037 12 14 0.025745712 
422 1213 12 16 0.025713034 
406 1163 11 14 0.025680298 
421 1075 15 18 0.025676625 
770 938 338 444 0.025623616 
307 1130 17 19 0.02559158 
88 1230 13 16 0.025554454 
455 1090 12 14 0.025493538 
788 1491 66 56 0.02532316 
447 1139 13 15 0.02520709 
409 1266 11 15 0.025139641 
441 1101 14 17 0.024993917 
453 92 56 91 0.024931466 
92 1065 15 19 0.02483056 
500 1195 25 32 0.024724022 
6 1204 11 15 0.024689669 
55 1140 13 15 0.02445114 
387 1235 13 15 0.024324996 
439 1221 13 17 0.024201654 
337 1250 11 14 0.024148718 
52 1193 13 17 0.024128858 
511 1044 15 16 0.024104228 
383 152 63 75 0.024062522 
439 1116 13 15 0.024021823 
484 1201 13 16 0.023903165 
539 1132 15 19 0.023824014 
208 1191 10 12 0.023751663 
73 1242 11 13 0.023643672 
59 1075 12 15 0.023525497 
305 1133 24 29 0.023496332 
506 1128 15 20 0.023369875 
526 1060 14 17 0.023326956 
24 1239 14 18 0.023138497 
46 1037 13 15 0.02284555 
427 1236 11 14 0.022791727 
427 1139 12 14 0.022682048 
25 1110 10 15 0.022628408 
86 1252 11 15 0.02255369 
477 1063 14 16 0.022510955 
12 1187 13 16 0.022370407 
304 1082 18 21 0.022275839 
317 1264 12 16 0.022171427 
453 1148 13 17 0.02216442 
508 1053 14 15 0.022142073 
6 1265 11 16 0.02211318 
5 988 13 18 0.022091424 
122 1085 14 17 0.022084936 
421 1060 14 18 0.02185363 
121 1114 14 17 0.021842213 
22 1266 14 18 0.021801034 
280 1273 13 16 0.02169494 
505 1085 16 19 0.021651164 
290 1166 13 15 0.021643434 
392 1174 10 15 0.02150542 
408 1243 11 14 0.021494932 
381 1237 13 16 0.021493578 
430 1174 13 17 0.021418918 
394 1141 15 18 0.021293065 
57 1217 14 16 0.021252617 
941 180 91 140 0.021152139 
417 1157 12 16 0.021144358 
516 1158 17 20 0.021118104 
373 1088 19 22 0.021111133 
37 1156 12 16 0.021086022 
392 1331 15 18 0.021082422 
309 1251 13 16 0.020941684 
78 1277 11 14 0.020823242 
86 1168 14 18 0.020787816 
415 1163 12 16 0.020775022 
491 1035 14 16 0.020734094 
0 1087 8 13 0.02059225 
274 1246 13 17 0.02051232 
79 1076 14 17 0.02038832 
209 1244 14 17 0.020264808 
485 1163 15 18 0.020157875 
25 1305 17 25 0.020138035 
512 1196 29 38 0.020124527 
75 1100 15 18 0.02003567 
364 1126 15 18 0.020026049 
171 1202 13 17 0.020008998 
