20_Family_Group_Family_Group_20_101
37
893 294 49 59 0.9992901 
135 90 36 44 0.99890864 
970 54 48 62 0.9985165 
637 73 36 49 0.9979798 
382 27 38 51 0.99777335 
554 70 38 50 0.9977586 
781 276 48 58 0.99694425 
226 64 40 47 0.9966151 
842 94 45 60 0.99627763 
561 244 38 50 0.9958419 
493 53 36 45 0.99567395 
204 214 48 62 0.99366367 
70 265 45 56 0.987165 
732 74 41 54 0.984162 
38 65 40 52 0.97762764 
667 261 42 55 0.96522206 
814 280 31 45 0.16444445 
296 411 80 97 0.06643724 
622 87 30 38 0.066090226 
0 89 23 39 0.053733073 
738 505 118 185 0.049342334 
51 104 25 34 0.04698994 
93 145 15 19 0.043301128 
700 423 28 34 0.04151055 
228 -34 389 493 0.03555828 
769 0 15 13 0.031502035 
39 104 26 36 0.030503435 
76 124 35 45 0.029491682 
90 119 23 32 0.028578855 
671 83 21 29 0.026168915 
525 463 44 47 0.025700716 
805 440 25 32 0.025496857 
677 90 13 17 0.024185447 
623 421 70 76 0.023284664 
26 109 26 34 0.02319567 
826 292 17 24 0.022834027 
736 596 59 63 0.022561057 
