20_Family_Group_Family_Group_20_326
33
860 200 29 37 0.99982136 
148 214 33 42 0.99940944 
804 287 25 33 0.9992305 
345 235 26 34 0.998993 
393 248 27 32 0.99865294 
702 224 35 40 0.99864215 
436 233 27 35 0.99854195 
450 278 25 29 0.99638355 
817 227 24 30 0.99592495 
870 338 21 26 0.98936325 
218 221 30 36 0.9827807 
423 377 20 26 0.97741336 
513 247 25 31 0.976647 
628 193 41 52 0.9764885 
893 355 17 23 0.13893068 
427 356 13 16 0.08649219 
866 231 15 20 0.046890903 
296 306 13 17 0.04135433 
908 320 22 27 0.034566827 
591 324 43 54 0.034058973 
898 213 13 18 0.03297973 
81 212 14 16 0.030923976 
585 331 26 37 0.0303897 
273 213 11 15 0.030297186 
2 394 8 14 0.025151785 
447 402 16 19 0.024947584 
613 395 25 29 0.022941692 
273 158 9 11 0.021879783 
288 151 8 10 0.021853006 
199 144 9 10 0.02169415 
481 198 10 12 0.02132624 
96 215 9 12 0.020802028 
232 172 9 11 0.020781703 
