20_Family_Group_Family_Group_20_447
17
507 367 258 245 0.9997974 
215 305 260 240 0.9993315 
399 517 153 190 0.99914765 
190 109 222 191 0.9861589 
429 74 203 217 0.9588184 
643 229 190 162 0.9166014 
469 460 178 223 0.6948498 
589 336 225 192 0.52576643 
56 204 436 395 0.10856049 
222 180 231 224 0.06397916 
338 420 178 205 0.046088126 
133 41 353 357 0.04271436 
274 152 358 468 0.029779939 
513 105 205 230 0.029291093 
684 251 103 87 0.028201824 
-38 362 466 418 0.026659599 
599 311 318 394 0.024619639 
