20_Family_Group_Family_Group_20_108
21
819 124 70 85 0.9995733 
459 224 60 79 0.9989606 
253 67 67 86 0.9980107 
684 188 71 89 0.9956786 
727 384 82 102 0.99105185 
105 325 77 97 0.9846503 
287 328 96 75 0.9833656 
502 411 59 57 0.75548947 
872 438 38 51 0.2587841 
829 390 44 63 0.08826181 
349 296 54 57 0.0551147 
647 267 42 60 0.049944088 
911 429 26 40 0.04766196 
617 173 37 36 0.045827124 
582 442 46 63 0.03826018 
880 445 50 61 0.03263854 
161 342 54 72 0.03139857 
634 204 43 59 0.026878266 
619 195 42 50 0.025103323 
685 388 53 68 0.023201287 
235 464 37 45 0.022277366 
