20_Family_Group_Family_Group_20_339
49
525 195 30 38 0.999744 
618 182 32 41 0.99965715 
448 171 32 39 0.99945694 
361 127 41 51 0.99693596 
31 90 46 53 0.99631906 
147 160 37 44 0.99557847 
698 165 33 43 0.9935522 
242 133 39 51 0.990581 
856 103 41 51 0.9850049 
767 145 39 51 0.98352826 
829 174 31 37 0.8917116 
665 213 25 31 0.47952038 
829 146 24 29 0.18830776 
412 326 13 19 0.17637902 
172 125 35 37 0.11953014 
831 156 26 31 0.117143154 
352 256 16 19 0.08817402 
1014 483 9 15 0.05890267 
838 171 20 24 0.054291986 
362 327 15 22 0.054038752 
377 275 15 20 0.05145037 
209 302 394 451 0.049869724 
634 185 26 36 0.04463296 
428 280 15 20 0.042664222 
675 154 17 21 0.041907486 
276 181 16 20 0.041137535 
668 200 25 29 0.039751336 
835 112 27 36 0.039338164 
973 312 12 17 0.039097153 
177 189 26 32 0.034385465 
552 188 20 27 0.032228023 
565 219 15 22 0.031497862 
909 116 24 28 0.030887729 
175 163 28 35 0.030421296 
651 188 23 32 0.028867953 
1015 268 9 14 0.028741386 
994 412 26 40 0.028629437 
74 142 24 34 0.02789883 
190 125 35 38 0.027675152 
747 173 22 30 0.027051069 
937 330 18 22 0.02500111 
679 187 23 27 0.024697218 
97 176 16 21 0.02429343 
133 162 16 23 0.023549896 
953 108 28 40 0.021288281 
134 151 32 42 0.02080076 
5 103 25 40 0.020609634 
391 307 11 14 0.0203607 
352 168 17 22 0.020335017 
