20_Family_Group_Family_Group_20_493
34
379 115 49 62 0.9994685 
564 99 45 68 0.9990252 
622 145 44 61 0.99745804 
752 155 45 57 0.99649835 
18 183 43 52 0.99644417 
225 300 53 68 0.99389946 
247 132 41 53 0.9905571 
872 107 42 73 0.98338896 
218 171 34 46 0.9560151 
164 324 25 37 0.5501659 
962 165 30 36 0.11596296 
613 488 31 36 0.10151192 
588 473 27 44 0.087037966 
196 335 52 70 0.052867446 
843 81 48 68 0.04913763 
598 483 27 37 0.043871693 
180 349 49 65 0.042956002 
729 249 29 39 0.041097157 
290 300 59 83 0.03443824 
251 285 75 105 0.03398359 
965 162 19 24 0.033532314 
556 373 343 432 0.03243839 
209 161 33 43 0.032159626 
581 112 43 67 0.02817353 
601 467 40 52 0.028093752 
149 151 31 39 0.027627792 
831 198 13 16 0.026618512 
174 310 33 50 0.02587287 
503 519 46 65 0.0258521 
204 177 53 66 0.024307154 
143 170 42 58 0.022891397 
177 359 31 43 0.021871753 
167 340 35 48 0.021844307 
546 107 25 36 0.020846175 
