20_Family_Group_Family_Group_20_759
49
760 228 51 63 0.99891734 
103 251 50 65 0.9984761 
798 101 45 58 0.99325514 
360 67 45 58 0.9923643 
574 297 43 56 0.989351 
445 306 41 54 0.98924935 
659 118 42 56 0.98815525 
501 82 40 53 0.9822855 
307 289 55 66 0.98113245 
601 379 42 49 0.9805675 
220 158 42 53 0.9772613 
101 104 42 56 0.97562474 
525 293 28 37 0.6826336 
442 411 15 19 0.43155956 
283 629 45 60 0.32710427 
814 462 26 29 0.23307203 
623 311 39 52 0.119130954 
971 472 42 59 0.111289635 
553 323 24 33 0.08528558 
641 275 27 32 0.07742121 
738 444 17 22 0.06654622 
71 476 84 61 0.05893027 
267 317 42 59 0.05354836 
538 366 423 485 0.051666353 
668 458 16 22 0.0486622 
792 433 25 28 0.044819992 
305 633 33 39 0.040572062 
512 294 33 51 0.038363367 
845 419 29 34 0.03791441 
608 359 43 57 0.036804326 
661 460 17 24 0.035397686 
632 292 41 53 0.034306534 
633 326 39 57 0.032871198 
476 440 29 34 0.031193817 
430 557 37 39 0.02940439 
637 283 15 20 0.028496617 
659 267 17 20 0.027942052 
529 478 16 20 0.026421297 
524 287 20 26 0.026011653 
556 467 13 17 0.024568198 
570 475 16 19 0.022976706 
488 449 17 20 0.02254321 
601 306 32 44 0.021822987 
64 458 128 103 0.021492004 
374 612 35 39 0.021201352 
322 731 28 29 0.020968504 
426 431 13 14 0.020900719 
549 452 12 14 0.020773612 
525 444 11 11 0.020209206 
