20_Family_Group_Family_Group_20_1015
59
647 319 94 110 0.99926513 
519 346 83 108 0.99801505 
379 280 73 102 0.98980206 
970 228 14 18 0.5266564 
425 189 13 16 0.342947 
222 363 16 22 0.20731772 
783 268 12 15 0.1579746 
1003 276 15 21 0.15115422 
255 388 14 19 0.12663314 
264 340 25 29 0.11755309 
123 341 16 18 0.10405669 
270 378 12 15 0.084166415 
984 284 12 16 0.059128914 
435 200 18 22 0.05694571 
457 20 375 432 0.056729943 
462 324 55 68 0.052937962 
423 188 22 26 0.052710112 
267 463 14 18 0.052155416 
919 231 10 14 0.05195992 
232 367 16 20 0.04786136 
290 262 90 110 0.044429217 
224 363 28 35 0.043388616 
444 195 15 19 0.04159891 
257 433 12 17 0.041264158 
996 408 17 22 0.040773068 
258 379 22 28 0.038354427 
935 299 25 31 0.036702983 
1 260 39 72 0.03668623 
918 235 13 20 0.03577011 
957 256 11 12 0.03529802 
429 301 82 99 0.034414057 
334 263 90 114 0.033445925 
907 205 93 108 0.032341156 
999 189 11 12 0.03200439 
698 212 42 50 0.031829774 
252 414 11 14 0.03144719 
217 342 11 13 0.030279947 
804 289 16 19 0.029827235 
46 506 22 31 0.028550342 
988 253 11 14 0.027184121 
223 228 121 161 0.025589038 
222 374 14 19 0.02516541 
193 391 9 12 0.02494023 
177 423 8 10 0.02484964 
911 233 26 33 0.024316996 
999 336 12 17 0.022973925 
254 419 12 17 0.02291923 
564 77 211 301 0.022886371 
969 239 15 18 0.022522697 
320 265 31 39 0.022446584 
757 388 60 75 0.021967517 
783 268 19 25 0.021823406 
217 341 52 65 0.021595022 
982 233 11 16 0.021242723 
219 347 13 15 0.020968499 
244 377 25 32 0.02094338 
811 288 16 19 0.020916725 
988 244 12 17 0.020433044 
117 275 15 22 0.020213526 
