20_Family_Group_Family_Group_20_663
239
525 184 50 61 0.999218 
337 242 45 59 0.99881965 
235 293 45 53 0.9984621 
656 193 37 46 0.9981343 
779 257 43 53 0.99605405 
542 321 45 55 0.9950595 
477 293 37 46 0.9928639 
156 353 32 38 0.26606232 
149 162 12 14 0.15969393 
118 551 8 10 0.09934744 
171 346 17 22 0.097507015 
1013 574 8 10 0.09567585 
568 31 7 10 0.09505291 
693 16 10 12 0.09483521 
1001 616 9 10 0.094516784 
986 588 8 11 0.0874288 
3 133 10 14 0.085160226 
1004 589 8 10 0.08392899 
273 436 22 32 0.083767414 
637 487 46 48 0.0836069 
999 599 10 12 0.08359648 
706 410 28 37 0.081293724 
450 356 33 39 0.071463026 
575 13 9 10 0.06967964 
1007 615 9 11 0.06886978 
142 514 10 13 0.0679596 
847 590 7 9 0.06735792 
822 591 8 11 0.06204399 
98 566 7 9 0.06131921 
814 617 8 9 0.060205158 
102 566 7 9 0.057502363 
912 622 10 12 0.05522006 
114 552 8 10 0.05484996 
906 591 7 9 0.053541888 
872 590 9 11 0.052072342 
822 277 12 17 0.051790237 
933 620 9 11 0.051468633 
826 607 7 9 0.05116879 
1012 613 9 14 0.04985093 
857 600 6 9 0.049837563 
619 3 11 13 0.049178336 
103 536 9 11 0.048788846 
138 558 8 10 0.047998834 
104 559 7 9 0.0473297 
887 597 8 9 0.047327157 
889 580 8 11 0.045626458 
598 16 8 10 0.045588348 
577 436 115 113 0.045348987 
585 25 7 10 0.044478223 
566 6 9 11 0.04434369 
974 582 7 10 0.04421788 
591 77 8 10 0.043926258 
567 25 9 10 0.043479387 
592 73 7 9 0.043319188 
118 600 9 11 0.043019406 
102 508 8 10 0.04281883 
881 613 9 10 0.042799022 
599 87 8 10 0.042293135 
866 647 8 10 0.0420449 
693 86 9 10 0.04091467 
118 567 9 10 0.040858872 
354 160 9 11 0.040119737 
638 24 10 12 0.03979976 
582 39 8 9 0.039648354 
689 87 9 9 0.03938172 
594 14 9 10 0.038844366 
114 583 8 10 0.03824042 
893 581 8 11 0.037838064 
382 280 20 27 0.037448373 
913 628 10 13 0.037392203 
809 575 8 9 0.03711788 
991 616 8 11 0.037034135 
466 489 42 43 0.036750387 
880 608 8 11 0.036467634 
791 616 7 10 0.036398396 
713 9 8 10 0.036073893 
647 96 7 8 0.03536935 
697 38 8 11 0.035024717 
665 95 7 8 0.034949947 
973 614 9 10 0.034528755 
719 87 8 10 0.034437455 
968 589 8 10 0.034037545 
1 519 7 12 0.033965822 
999 574 8 9 0.03342688 
147 327 46 57 0.033378482 
993 600 9 11 0.033318203 
97 561 7 9 0.033247795 
856 560 8 9 0.03323764 
1000 567 8 9 0.033161208 
162 338 27 35 0.03303126 
337 153 9 11 0.033010557 
878 592 8 11 0.03300109 
887 614 7 10 0.032882493 
696 81 8 9 0.03286214 
861 283 56 70 0.032712717 
822 598 8 10 0.03267041 
830 608 7 9 0.032544587 
988 584 9 12 0.032541536 
577 89 7 10 0.032410663 
591 7 10 11 0.03236277 
137 511 10 13 0.032192066 
581 88 8 10 0.03207413 
754 429 13 16 0.031993248 
584 31 8 10 0.031682547 
521 400 31 37 0.03129928 
845 567 9 10 0.0311908 
856 583 8 10 0.030946117 
872 583 8 9 0.03092356 
725 71 8 9 0.030600116 
734 38 8 9 0.030291615 
745 112 10 12 0.03021385 
576 70 7 10 0.030180963 
566 1 9 8 0.030053474 
287 160 10 12 0.02992421 
1 137 11 18 0.02979401 
553 15 8 9 0.02961451 
392 220 12 14 0.029541586 
96 503 8 11 0.029521033 
1006 566 9 11 0.029437503 
546 142 41 53 0.02928693 
695 1 10 10 0.029197007 
910 588 9 10 0.029105995 
983 617 8 10 0.029069673 
930 615 9 11 0.02880395 
878 632 9 10 0.02879984 
839 583 9 10 0.02855171 
805 630 8 10 0.028260624 
576 55 8 10 0.028252166 
810 616 7 10 0.027965546 
705 119 7 10 0.027965441 
397 133 8 11 0.027957425 
873 632 8 9 0.027734648 
607 38 7 9 0.027703201 
841 590 8 10 0.02755358 
319 133 8 10 0.027333783 
841 631 8 10 0.027124777 
129 473 15 20 0.027099553 
873 576 8 10 0.027066048 
734 32 7 10 0.026835764 
890 621 8 10 0.026829537 
728 1 9 8 0.026827082 
762 281 14 19 0.0267778 
93 252 12 15 0.026733657 
662 108 10 12 0.026562825 
657 95 7 8 0.026283612 
287 297 13 18 0.026283402 
107 137 15 17 0.026201613 
857 622 7 10 0.025903895 
552 24 7 9 0.025863187 
598 81 7 8 0.025779666 
590 0 9 10 0.025708104 
103 591 7 10 0.025685443 
42 147 13 14 0.025391484 
168 358 19 24 0.025346061 
599 56 9 11 0.025326645 
1 502 8 13 0.02529088 
599 21 8 10 0.025125911 
872 607 8 11 0.024744393 
535 8 8 10 0.024669027 
592 46 8 9 0.024519792 
608 47 8 8 0.024234546 
282 442 14 20 0.024164788 
879 576 9 10 0.024149466 
670 0 11 10 0.024042385 
45 111 11 12 0.024035951 
112 556 7 9 0.02400402 
295 148 9 10 0.023856837 
224 297 11 17 0.023815397 
970 612 8 11 0.02379715 
1014 569 8 11 0.023661835 
156 309 28 29 0.02360117 
399 147 11 14 0.023567595 
726 55 7 9 0.023543477 
543 0 9 9 0.02341187 
639 146 11 13 0.02338064 
599 1 9 8 0.023313824 
646 39 9 11 0.023272494 
597 8 9 9 0.023201229 
577 38 9 11 0.023194278 
25 135 10 13 0.023034872 
598 61 10 12 0.02291116 
1002 560 8 10 0.02288639 
128 159 10 13 0.022814158 
152 567 8 10 0.022808868 
766 1 9 8 0.022769248 
310 150 10 11 0.022665987 
617 39 8 10 0.022636183 
864 590 9 10 0.022604272 
190 293 11 13 0.022585733 
128 559 7 8 0.02257789 
864 606 7 10 0.022515299 
699 422 28 35 0.02244924 
944 528 10 11 0.022430481 
569 13 8 11 0.022384897 
561 62 10 12 0.022368614 
806 606 7 10 0.02232466 
526 403 14 20 0.022281636 
557 15 9 10 0.022228252 
310 145 8 10 0.022160688 
839 576 9 9 0.022061639 
88 487 7 9 0.022029279 
968 577 8 10 0.0220219 
-5 38 114 133 0.021981064 
832 614 8 10 0.021957438 
139 507 22 27 0.021828007 
303 133 8 10 0.02180134 
1014 629 7 11 0.021770598 
137 574 8 9 0.021766365 
534 13 9 11 0.021702651 
128 511 8 10 0.021647427 
586 1 8 9 0.021531064 
188 286 12 15 0.021499831 
806 31 7 9 0.021407172 
703 96 8 9 0.021357883 
585 78 8 10 0.021356905 
551 43 10 12 0.021342887 
601 38 8 9 0.021314142 
857 591 7 9 0.02131082 
622 142 11 13 0.02128592 
119 556 8 9 0.021254309 
890 536 8 10 0.021228885 
871 614 7 10 0.021086032 
713 104 8 9 0.020975372 
296 230 9 11 0.02095653 
112 568 8 9 0.020948723 
84 517 10 11 0.020853182 
136 146 11 15 0.02085292 
592 96 7 9 0.020747876 
767 621 8 10 0.020579722 
576 125 11 13 0.02057041 
266 311 447 412 0.02019286 
108 157 14 17 0.02015275 
136 553 9 11 0.020099062 
6 463 8 9 0.020071343 
97 508 9 11 0.020056562 
80 560 7 9 0.020046262 
289 144 9 11 0.02002169 
969 583 8 10 0.020019876 
237 369 30 47 0.02000211 
