20_Family_Group_Family_Group_20_835
53
180 266 31 40 0.9990909 
741 267 38 49 0.97335184 
65 329 40 62 0.94387543 
2 277 30 57 0.73433965 
840 304 25 51 0.7066062 
764 283 32 43 0.28114647 
857 113 57 70 0.22587547 
800 119 12 15 0.1696886 
325 112 9 11 0.14628372 
575 413 32 37 0.12843701 
588 423 17 22 0.11580602 
706 333 18 22 0.10815785 
639 422 49 55 0.08087962 
154 309 28 39 0.07997308 
317 125 8 11 0.06401627 
313 120 10 12 0.05403505 
319 116 10 13 0.05381387 
798 82 96 115 0.051912148 
813 347 184 228 0.05009667 
519 408 12 16 0.043363642 
696 341 11 15 0.04210321 
828 380 52 71 0.041416995 
799 166 14 19 0.041193634 
0 328 25 55 0.03992483 
836 289 32 45 0.03715742 
-3 299 40 75 0.03701595 
518 636 9 12 0.036932245 
693 124 11 16 0.035981916 
557 413 41 44 0.03562553 
830 123 11 13 0.03556608 
754 263 37 43 0.03311434 
222 32 14 18 0.032795995 
845 82 89 116 0.029974822 
795 320 35 44 0.028962525 
670 515 55 73 0.027632184 
569 565 10 12 0.027446192 
594 436 52 54 0.027316099 
560 382 56 62 0.027141642 
834 389 91 116 0.02560007 
659 333 12 16 0.025093718 
640 387 46 57 0.023304489 
858 300 45 56 0.023263358 
829 117 10 13 0.023178209 
604 378 12 18 0.023139426 
53 308 66 103 0.022687895 
302 146 30 29 0.022516668 
796 163 25 31 0.02214246 
539 619 10 16 0.0205409 
370 558 16 20 0.020535164 
776 300 19 24 0.020453766 
532 574 10 11 0.020349694 
627 403 50 58 0.020231312 
835 125 10 13 0.020135753 
