20_Family_Group_Family_Group_20_277
33
161 184 54 67 0.9812952 
260 118 58 74 0.9093002 
1002 184 22 43 0.90836674 
381 205 56 56 0.60867643 
744 167 67 66 0.5155506 
589 264 38 38 0.4241508 
795 46 24 31 0.26953548 
442 96 47 61 0.07416829 
583 234 60 66 0.065078326 
886 540 14 19 0.06370533 
810 45 28 30 0.059025664 
950 472 16 20 0.049445648 
42 434 38 45 0.046885706 
886 159 33 35 0.043666773 
227 36 28 28 0.039167117 
38 406 50 63 0.037585016 
871 152 22 33 0.03734761 
0 432 25 45 0.036460306 
723 114 98 115 0.033096656 
17 433 54 65 0.03288259 
241 80 94 121 0.030952487 
971 162 13 18 0.030053044 
353 157 85 97 0.0261597 
-1 426 51 66 0.024097852 
980 181 12 14 0.023838636 
963 182 24 34 0.023776432 
897 509 10 13 0.0230024 
899 460 22 28 0.02293522 
972 189 13 17 0.022373712 
4 397 87 103 0.021371944 
792 36 48 50 0.02107352 
754 45 30 32 0.0206452 
485 200 471 563 0.020229569 
