20_Family_Group_Family_Group_20_62
44
627 169 36 47 0.9997639 
645 306 31 40 0.99950147 
444 244 35 45 0.99946624 
240 125 33 44 0.9994524 
538 169 33 45 0.99944884 
416 138 33 43 0.99915445 
630 386 31 37 0.9991387 
335 130 35 44 0.99912375 
839 152 31 42 0.99895006 
716 140 35 45 0.998912 
106 105 40 49 0.99876046 
761 187 37 46 0.99861693 
242 218 37 50 0.998544 
560 310 34 42 0.99770665 
447 168 37 45 0.99753773 
865 205 38 49 0.9969896 
309 176 34 45 0.9966271 
514 134 33 41 0.9964893 
621 126 33 44 0.9941385 
366 207 28 34 0.99131846 
190 166 39 49 0.9899468 
723 235 31 36 0.94180393 
517 193 23 30 0.16816969 
340 85 26 32 0.09861809 
633 108 11 14 0.06026585 
607 598 9 12 0.058168337 
355 53 13 16 0.051429436 
636 598 9 13 0.04733176 
986 112 13 18 0.042834405 
449 151 24 30 0.038511835 
345 7 37 46 0.038429916 
454 149 14 17 0.036966212 
454 582 12 17 0.030697629 
642 10 13 18 0.029480323 
616 49 44 70 0.027342089 
730 302 26 42 0.026003454 
381 462 14 18 0.024172686 
595 187 13 18 0.02358363 
629 99 23 30 0.023096342 
621 115 12 15 0.021411518 
352 93 26 35 0.020572763 
615 109 11 16 0.020320322 
664 576 10 12 0.020309214 
441 234 29 38 0.020009097 
