20_Family_Group_Family_Group_20_22
23
714 279 32 41 0.99972206 
760 265 33 41 0.9995926 
544 242 25 31 0.99945825 
468 221 30 39 0.9994343 
178 288 29 37 0.9994068 
247 275 32 43 0.99895537 
309 245 31 38 0.99890125 
343 251 29 37 0.9987367 
621 228 32 40 0.998461 
406 254 28 33 0.9984465 
639 291 34 38 0.99779224 
610 522 22 30 0.9589054 
240 321 25 28 0.18747303 
574 544 10 11 0.08917721 
340 241 26 34 0.07820385 
618 514 27 32 0.04007338 
559 226 14 16 0.03286332 
401 25 57 75 0.03191217 
243 307 29 34 0.023967165 
634 519 17 22 0.02315091 
648 545 114 115 0.021297485 
290 288 24 31 0.020561012 
641 526 15 21 0.02041315 
