20_Family_Group_Family_Group_20_360
24
534 260 65 82 0.99951625 
486 310 53 65 0.9992071 
730 270 71 90 0.99874324 
391 225 56 70 0.9969361 
425 413 35 48 0.06663182 
190 23 10 12 0.06463939 
234 78 16 20 0.05524388 
182 20 12 14 0.051090688 
157 22 11 13 0.03874328 
154 64 13 16 0.038082838 
328 117 40 46 0.037629638 
177 20 10 12 0.03748136 
596 281 14 22 0.028893523 
166 389 9 12 0.027895646 
197 46 14 16 0.026809772 
182 28 11 14 0.026592426 
258 0 19 18 0.026585784 
179 35 11 13 0.024622574 
161 40 9 12 0.024539292 
270 162 15 21 0.023431635 
207 312 8 9 0.022851786 
235 100 13 18 0.021537649 
132 70 14 17 0.021479815 
259 80 14 16 0.020948155 
