20_Family_Group_Family_Group_20_914
84
814 162 29 37 0.99896085 
460 202 28 39 0.9982761 
591 230 25 32 0.9974923 
526 288 29 36 0.9967709 
861 171 27 34 0.995269 
160 120 25 30 0.9946626 
143 170 26 32 0.99390113 
232 194 26 33 0.989931 
388 314 28 39 0.9861769 
631 228 22 27 0.9782451 
263 256 23 30 0.9601531 
602 368 26 31 0.889972 
187 192 22 27 0.3042322 
502 287 16 22 0.28467676 
378 306 28 38 0.16522186 
378 302 16 23 0.16099763 
185 171 16 21 0.14503399 
403 315 27 38 0.1406483 
146 118 27 31 0.13168731 
589 209 14 18 0.12531942 
909 206 24 32 0.10864872 
137 230 25 31 0.099824354 
178 204 26 32 0.09602578 
366 314 194 274 0.090161696 
214 214 19 27 0.08720711 
514 319 17 23 0.08249937 
446 312 23 28 0.08156189 
182 179 22 29 0.07771084 
595 211 14 17 0.07590058 
140 123 19 22 0.07217904 
136 210 20 24 0.0686136 
623 285 26 32 0.06533616 
293 312 23 30 0.05994998 
177 219 25 31 0.057079427 
418 317 22 33 0.052923966 
181 234 16 20 0.05067957 
233 188 22 23 0.041376773 
429 294 13 19 0.040854592 
27 212 423 449 0.040398553 
423 285 23 31 0.039393988 
185 239 17 21 0.03919942 
717 218 18 20 0.03747048 
675 261 15 18 0.036084108 
420 328 25 39 0.03593603 
496 271 23 31 0.035543583 
580 385 16 18 0.03483573 
523 384 45 52 0.034590356 
833 199 24 27 0.033526026 
111 288 29 36 0.03306632 
645 306 18 23 0.032979958 
584 213 25 31 0.032885544 
88 169 13 18 0.032379802 
217 258 24 34 0.0320027 
621 269 22 27 0.03149871 
666 214 15 17 0.030513955 
426 315 16 20 0.02907728 
628 213 13 15 0.02884193 
435 310 22 29 0.028794494 
200 194 17 21 0.0284202 
598 302 22 30 0.028204143 
533 276 17 19 0.028049981 
861 158 14 16 0.027883234 
135 124 13 18 0.027390797 
676 228 14 20 0.02716555 
182 199 17 23 0.026118752 
985 144 30 39 0.025997322 
69 133 12 17 0.025649237 
516 280 17 22 0.025189297 
182 166 14 18 0.025055531 
635 303 18 23 0.024892215 
206 249 14 20 0.02383817 
148 156 14 18 0.023666663 
891 205 38 49 0.023407452 
579 224 16 24 0.023311034 
77 139 14 16 0.023206819 
162 101 14 15 0.023088397 
538 330 23 29 0.022282466 
326 242 350 398 0.021506542 
172 211 16 21 0.021111315 
508 277 33 43 0.021109562 
858 155 23 28 0.020959826 
585 375 23 27 0.020700505 
200 203 22 31 0.020632468 
644 192 15 18 0.020381724 
