20_Family_Group_Family_Group_20_672
201
436 155 34 42 0.99911565 
664 143 32 39 0.9989987 
304 143 35 43 0.9986319 
679 867 25 33 0.99853194 
450 1025 29 39 0.9985266 
853 846 28 35 0.99850214 
362 222 32 39 0.99845445 
310 254 34 43 0.9981414 
608 213 34 42 0.99804413 
826 843 25 34 0.9980211 
739 888 28 37 0.9980065 
274 290 37 46 0.9979032 
350 1026 29 35 0.99773407 
108 486 37 50 0.99767226 
640 240 33 40 0.99755967 
609 846 25 32 0.99753124 
714 184 30 40 0.9974738 
566 875 30 36 0.9973459 
359 275 40 51 0.9973143 
747 228 36 45 0.9972939 
145 272 32 44 0.9969272 
679 184 27 33 0.9968381 
310 866 28 35 0.9965808 
424 270 37 44 0.9965491 
867 309 42 53 0.99575955 
808 900 26 34 0.99564666 
563 270 35 49 0.99562114 
802 285 37 45 0.9955687 
254 1023 25 32 0.9954367 
191 223 37 45 0.9951959 
356 847 25 32 0.9950118 
508 204 34 42 0.9949852 
215 304 38 49 0.99486005 
740 1045 25 33 0.9939705 
689 274 40 50 0.99337834 
280 214 34 41 0.99308175 
400 229 32 40 0.99276745 
169 494 35 41 0.9922093 
755 343 42 55 0.99201196 
132 872 24 30 0.9918174 
572 489 40 48 0.98985016 
263 874 27 34 0.98768127 
458 830 23 31 0.9875915 
542 212 23 34 0.98752 
496 837 27 34 0.9844625 
90 862 25 33 0.9837758 
647 1035 28 35 0.9824002 
429 836 24 31 0.9804551 
109 947 25 33 0.979384 
205 862 27 33 0.9760189 
100 264 43 52 0.9736171 
236 492 41 46 0.9709354 
395 878 24 29 0.9697817 
472 266 43 50 0.967062 
307 823 24 29 0.9526154 
735 844 25 32 0.9495827 
370 347 40 47 0.91967773 
775 878 25 32 0.91267973 
682 239 38 44 0.9125396 
586 340 40 52 0.9080412 
231 864 22 29 0.9052434 
819 1043 25 30 0.9015245 
784 871 26 34 0.819236 
649 851 26 32 0.57821953 
554 827 23 26 0.54101074 
506 941 23 33 0.48268914 
655 320 39 50 0.35768247 
502 923 17 18 0.34400102 
392 946 26 27 0.31008798 
817 1028 29 34 0.28527728 
652 214 24 29 0.2847746 
351 1101 29 31 0.27951247 
449 1105 28 31 0.25393215 
525 209 30 36 0.20186011 
266 1107 16 19 0.17818965 
492 941 27 33 0.16576837 
158 1112 25 29 0.1643742 
837 846 25 33 0.15868883 
770 888 20 27 0.1396305 
442 805 17 20 0.13015603 
551 487 22 31 0.12416002 
681 1132 18 20 0.11033002 
417 1157 48 54 0.10954587 
339 357 30 38 0.106322564 
398 285 24 33 0.105780825 
440 986 23 30 0.10522096 
694 396 22 24 0.10279499 
820 1125 17 19 0.10176942 
500 925 24 30 0.10060674 
786 868 18 21 0.096188135 
266 867 17 20 0.08718039 
653 1116 14 17 0.08654798 
128 1132 12 17 0.08273622 
571 945 18 20 0.08078149 
539 884 22 26 0.07741107 
290 592 32 46 0.07473487 
431 905 24 27 0.07317954 
735 1129 14 17 0.072668836 
308 936 16 17 0.06981126 
512 1025 29 31 0.069371745 
618 486 15 18 0.06737242 
291 639 17 19 0.064939156 
298 883 15 20 0.061803408 
709 1146 15 20 0.061687663 
729 1119 22 26 0.06058058 
547 906 15 18 0.057256654 
213 934 14 16 0.05632646 
515 899 21 25 0.05547078 
131 391 17 20 0.055040494 
865 429 12 17 0.054810647 
531 613 31 35 0.053034432 
528 1048 429 469 0.050775528 
163 1034 26 29 0.04920819 
507 912 23 26 0.048458192 
614 472 24 30 0.047852274 
649 1110 23 28 0.047602355 
481 399 19 20 0.046604536 
492 1012 25 32 0.045700535 
656 474 17 19 0.04499818 
727 1130 24 28 0.042776912 
577 602 25 26 0.042129174 
502 1016 29 36 0.04162479 
839 1002 13 16 0.04128589 
572 1187 25 31 0.04119488 
442 1122 33 34 0.039757505 
494 1028 25 30 0.03623837 
727 1142 14 17 0.035918273 
336 1100 45 51 0.03570573 
283 628 27 31 0.03452783 
653 844 19 22 0.034072965 
669 1133 26 29 0.033834938 
544 229 18 23 0.0330517 
518 825 15 20 0.032454774 
540 828 21 29 0.032224067 
551 881 24 32 0.03153383 
449 808 16 19 0.031100249 
824 1051 26 32 0.030556997 
739 1135 17 19 0.029467199 
385 957 32 34 0.029309234 
157 1137 16 19 0.028498795 
545 618 31 34 0.028404564 
255 1043 25 30 0.02833283 
580 199 16 21 0.027880123 
746 1131 15 18 0.027774125 
502 852 19 25 0.02757615 
563 931 25 30 0.027460616 
690 1135 13 19 0.027372655 
663 801 11 12 0.027340136 
724 1115 18 21 0.027266318 
356 355 34 41 0.02724963 
359 423 12 14 0.026927592 
560 833 23 29 0.026452452 
525 893 23 28 0.02615961 
292 270 40 51 0.026000725 
601 908 29 32 0.025643982 
720 1139 23 27 0.02557314 
434 811 22 25 0.025360737 
671 940 16 17 0.025288494 
240 1170 17 22 0.024903944 
492 903 15 17 0.02488483 
516 939 16 24 0.02455347 
213 947 27 30 0.024445059 
545 897 17 20 0.024282321 
524 989 15 20 0.024173046 
266 1095 24 27 0.02411352 
57 522 27 37 0.02389041 
556 843 17 22 0.023016946 
701 1152 16 19 0.022972912 
663 1116 28 32 0.02290556 
894 1000 16 24 0.02255858 
591 365 30 36 0.022418197 
570 834 14 19 0.022320718 
166 476 31 40 0.022119708 
530 1018 13 17 0.02200172 
444 796 17 20 0.021956306 
542 403 13 18 0.021821175 
156 1127 19 22 0.021807486 
662 858 25 33 0.02174071 
261 932 14 18 0.021733725 
202 413 42 56 0.021728577 
625 215 28 35 0.021527242 
522 821 14 18 0.021459447 
640 474 27 30 0.02142714 
444 1143 30 32 0.021357136 
194 1037 22 29 0.021327728 
556 943 51 58 0.02129877 
276 590 33 43 0.021173898 
411 244 42 54 0.021153951 
219 1127 17 20 0.021075541 
236 164 28 34 0.021019707 
717 1057 16 21 0.020835368 
494 909 23 27 0.02079781 
460 820 15 18 0.020785546 
165 456 25 35 0.020623358 
629 812 23 26 0.020573577 
197 949 12 15 0.020569172 
443 380 93 113 0.02052287 
411 792 16 18 0.020419009 
407 277 27 36 0.020369371 
824 1018 27 33 0.020244043 
406 799 22 25 0.020085905 
