20_Family_Group_Family_Group_20_775
22
423 365 211 289 0.9999193 
283 578 207 249 0.9998393 
71 331 32 40 0.99570304 
147 362 27 34 0.9858233 
338 368 24 36 0.9309431 
624 301 39 43 0.9070222 
362 485 205 243 0.48774785 
54 849 310 460 0.28407264 
661 1080 196 296 0.07521407 
575 907 387 534 0.0704644 
152 356 20 22 0.05740518 
850 454 23 24 0.05223285 
81 448 23 29 0.051888257 
212 258 16 17 0.046757255 
213 331 16 21 0.044145018 
224 223 25 30 0.04263991 
676 299 427 494 0.02756824 
833 742 211 289 0.025720883 
243 230 13 17 0.024820853 
97 417 34 40 0.02183034 
214 221 23 29 0.021164494 
668 495 52 84 0.020828843 
