20_Family_Group_Family_Group_20_696
29
265 292 89 117 0.9996605 
111 392 85 107 0.99898726 
638 310 80 109 0.99897003 
556 569 79 91 0.9988104 
380 415 84 105 0.99855274 
798 325 79 110 0.9977985 
476 327 81 105 0.99752873 
22 406 34 38 0.19723254 
-65 -91 393 464 0.19633918 
519 950 430 470 0.14024462 
254 863 44 68 0.121701844 
430 771 121 178 0.100005835 
44 -2 233 307 0.073671825 
301 767 125 194 0.055912588 
669 264 375 443 0.052950755 
269 -1 40 33 0.045629058 
666 660 101 122 0.044871874 
955 791 73 129 0.04442627 
238 0 34 27 0.04060394 
380 1040 202 274 0.040262077 
332 1457 33 47 0.024857294 
136 857 36 47 0.024432724 
550 1002 50 53 0.023822509 
405 1285 16 21 0.02220265 
137 835 37 46 0.022018902 
0 603 21 39 0.021955216 
148 318 32 37 0.02188241 
345 752 163 262 0.020557828 
783 426 207 294 0.020395903 
