20_Family_Group_Family_Group_20_294
59
843 254 31 39 0.9992847 
563 276 31 38 0.99898547 
743 247 29 39 0.99891746 
701 196 28 35 0.9988752 
654 219 30 36 0.99886465 
484 206 33 40 0.99880683 
652 361 31 37 0.9986305 
387 313 28 36 0.9983929 
382 225 30 38 0.9981542 
551 361 28 34 0.9975545 
395 184 33 39 0.99741286 
583 228 28 35 0.99731797 
791 189 32 42 0.9962226 
174 182 33 40 0.99614763 
212 233 38 48 0.9956321 
237 335 30 36 0.9953687 
679 258 30 38 0.9946412 
136 387 39 48 0.99458164 
465 303 29 36 0.9935135 
777 271 32 40 0.9902242 
279 217 36 45 0.98948413 
352 230 37 48 0.98231953 
536 176 31 36 0.97092855 
118 265 25 30 0.84192693 
128 258 22 29 0.5460524 
591 399 29 33 0.38779017 
87 175 41 52 0.087790176 
124 203 13 20 0.07220951 
192 266 16 24 0.06831489 
108 260 16 19 0.05873814 
692 254 26 33 0.05502408 
115 250 15 18 0.05011909 
607 561 13 17 0.049111243 
533 315 16 19 0.040050253 
135 251 22 32 0.03735457 
185 178 29 33 0.033881836 
557 350 27 36 0.033204667 
104 262 12 16 0.033141673 
111 197 24 30 0.03253559 
260 236 14 18 0.03214522 
132 203 14 18 0.030990982 
97 149 42 49 0.030653747 
851 597 18 25 0.030363055 
139 599 42 34 0.030338487 
157 276 16 20 0.028802123 
123 251 17 22 0.02745402 
1013 198 9 13 0.027105462 
88 322 28 50 0.026792323 
429 214 13 17 0.025821581 
973 245 9 11 0.024044365 
562 247 16 20 0.023563404 
110 257 24 29 0.02315872 
586 234 366 438 0.021685297 
139 205 12 16 0.021174531 
112 276 28 32 0.02108247 
595 224 23 31 0.02106099 
607 552 23 29 0.02028098 
922 238 8 10 0.020203274 
926 240 8 9 0.020084247 
