20_Family_Group_Family_Group_20_33
27
699 402 35 43 0.9995003 
470 317 29 38 0.9993055 
455 395 32 44 0.9992889 
744 387 29 37 0.9991829 
327 288 26 34 0.9991486 
86 330 35 44 0.99908626 
437 305 26 35 0.99895763 
661 308 29 35 0.99864894 
359 332 30 36 0.9985606 
217 337 34 40 0.9984794 
829 344 33 40 0.9981046 
594 411 35 44 0.9980782 
251 307 33 39 0.99793506 
635 338 26 34 0.99765813 
166 297 31 39 0.9974559 
898 334 34 43 0.9970886 
552 375 38 48 0.9969806 
351 447 37 44 0.9969427 
548 341 28 33 0.9963727 
791 406 41 46 0.99630046 
771 345 26 31 0.99567467 
262 402 34 41 0.9912203 
121 297 36 42 0.990384 
226 323 37 46 0.040635157 
44 379 22 27 0.035933066 
716 554 36 36 0.029918162 
388 370 16 22 0.026509475 
