45_Balloonist_Balloonist_45_434
19
585 62 162 262 0.9937557 
474 280 38 44 0.40044305 
451 308 23 30 0.18060143 
390 308 38 37 0.17785668 
137 319 233 202 0.09470317 
465 291 28 38 0.089351535 
475 298 33 43 0.07316779 
473 289 19 24 0.04463422 
465 322 36 43 0.044070233 
531 253 388 484 0.04127163 
446 317 31 36 0.033670984 
496 287 18 22 0.033453953 
198 194 356 471 0.032673135 
456 330 30 39 0.027090732 
467 334 48 58 0.026085278 
451 296 46 52 0.025952842 
707 94 416 433 0.023645371 
237 286 196 276 0.022150366 
743 198 256 246 0.022068273 
