45_Balloonist_Balloonist_45_857
34
612 353 23 28 0.8190272 
496 354 21 28 0.7971391 
412 -3 477 511 0.53202397 
561 363 18 24 0.10673269 
510 592 16 18 0.10601668 
539 450 15 20 0.06720131 
312 84 13 15 0.06435596 
626 405 81 147 0.055885926 
533 344 21 28 0.055203665 
417 365 63 66 0.05302426 
370 159 43 55 0.047568664 
467 345 24 30 0.046559993 
622 358 19 22 0.040588543 
406 53 13 14 0.040334325 
373 164 17 23 0.038717516 
342 125 9 11 0.03450294 
542 421 52 69 0.03022833 
474 7 9 11 0.02894898 
550 369 15 20 0.028139474 
367 119 10 12 0.025517708 
384 68 9 11 0.025369372 
132 281 456 479 0.02524278 
353 31 8 11 0.024887769 
380 22 10 13 0.024439093 
540 371 14 17 0.024108779 
468 370 14 16 0.022952443 
514 393 84 108 0.022845378 
383 64 8 10 0.022392234 
475 361 13 17 0.021939034 
568 369 15 20 0.021518195 
476 370 13 16 0.021086155 
486 361 15 19 0.02093928 
628 364 24 28 0.020599028 
249 116 34 33 0.020135475 
