45_Balloonist_Balloonist_45_838
73
726 372 38 47 0.99928975 
690 226 25 32 0.99927205 
787 314 31 39 0.9992694 
276 333 32 37 0.9987791 
907 359 35 41 0.9986986 
491 349 32 37 0.99848735 
650 251 29 32 0.9981358 
590 238 24 31 0.9976966 
459 381 34 44 0.99764377 
124 371 39 47 0.9974469 
537 236 27 36 0.99736625 
188 310 32 37 0.99689734 
831 350 36 45 0.9965904 
641 346 30 34 0.996534 
462 222 30 38 0.99624395 
606 377 40 54 0.99571615 
711 338 31 40 0.9945545 
731 234 26 31 0.99393517 
189 382 33 41 0.9939294 
351 391 34 39 0.9938392 
840 304 30 35 0.99337935 
526 384 31 38 0.99325234 
458 281 27 32 0.99280715 
487 285 28 34 0.9925687 
279 300 30 34 0.99022585 
278 211 26 34 0.9897814 
234 380 43 54 0.980448 
179 243 38 43 0.97733545 
567 367 29 37 0.97713906 
409 348 26 35 0.9765904 
763 281 29 31 0.97570443 
820 239 25 30 0.95845115 
34 221 17 21 0.89304775 
200 231 26 32 0.7160784 
240 346 26 29 0.6096684 
650 392 30 36 0.5065424 
989 507 30 45 0.2809242 
858 279 23 29 0.19216067 
463 192 20 21 0.14747226 
129 297 31 41 0.10577997 
265 290 16 20 0.08082774 
861 274 17 22 0.07803214 
176 411 15 21 0.07458364 
472 279 34 41 0.059994306 
850 287 30 37 0.05713789 
370 289 12 16 0.05556136 
869 282 27 31 0.04935696 
885 291 26 34 0.04426864 
3 220 12 18 0.043540195 
444 321 18 23 0.043166965 
432 435 22 27 0.04209719 
580 379 27 43 0.042065684 
460 208 29 35 0.040728576 
274 310 39 49 0.038227294 
467 183 16 19 0.03326644 
248 341 17 20 0.03233338 
830 295 28 36 0.03218028 
307 289 16 21 0.032129534 
589 393 26 36 0.031826053 
397 357 24 33 0.030500399 
296 287 25 30 0.029124219 
481 322 24 31 0.028446348 
888 13 129 131 0.026800659 
421 433 18 20 0.025696266 
829 241 26 34 0.025578527 
354 293 12 15 0.02521627 
237 355 32 39 0.025208455 
661 385 28 38 0.024610661 
175 264 44 52 0.02446472 
562 391 27 34 0.024336893 
415 431 42 46 0.023779998 
852 289 19 22 0.021627972 
437 309 21 29 0.021612044 
