45_Balloonist_Balloonist_45_118
40
529 205 51 65 0.997858 
202 282 60 98 0.9958294 
712 78 70 100 0.98732936 
449 262 57 81 0.9866953 
374 346 48 84 0.9283409 
335 215 76 108 0.7664361 
851 147 41 46 0.7475573 
500 96 16 22 0.38633403 
649 202 19 34 0.15477283 
955 383 17 22 0.1042344 
838 499 56 62 0.096486606 
662 230 27 30 0.0893923 
914 205 11 14 0.08724918 
432 233 59 84 0.07736834 
312 334 74 102 0.06982921 
380 228 75 103 0.06217531 
929 447 30 45 0.0586661 
288 339 63 92 0.046356075 
856 131 33 42 0.042499527 
594 319 56 57 0.03456752 
498 97 27 34 0.034392647 
871 152 31 43 0.034315385 
860 465 50 54 0.033827778 
550 102 12 15 0.03140433 
975 285 37 44 0.02929263 
205 74 17 21 0.028654356 
533 541 28 35 0.028465757 
827 480 52 64 0.027797453 
538 109 40 52 0.02507245 
187 93 12 15 0.024699 
539 112 25 32 0.024039011 
658 212 18 25 0.023078274 
573 304 94 95 0.02301837 
550 104 24 33 0.021802988 
853 115 32 40 0.021769851 
702 454 56 79 0.021570243 
671 50 44 57 0.021231538 
844 489 42 37 0.02102952 
518 140 24 31 0.02039218 
246 296 92 118 0.02028915 
