45_Balloonist_Balloonist_45_936
34
142 151 323 467 0.99721575 
954 436 16 20 0.058955256 
757 322 29 33 0.055528432 
130 513 321 444 0.050385375 
923 443 52 68 0.046287365 
681 992 27 30 0.045143276 
891 964 13 17 0.04188567 
245 447 400 443 0.04116418 
990 421 16 18 0.040768363 
838 276 15 18 0.03865029 
830 374 13 17 0.03644446 
582 260 143 162 0.029306002 
873 45 101 149 0.02843436 
784 960 13 16 0.027995398 
979 458 27 32 0.027865663 
2 849 31 42 0.027013421 
1005 464 20 35 0.02616858 
846 250 13 16 0.02585366 
853 251 13 15 0.025398668 
796 252 17 20 0.025363766 
590 507 16 20 0.024441496 
216 703 116 176 0.024079582 
455 941 27 33 0.023863556 
991 456 27 39 0.023257615 
988 425 23 27 0.022754824 
1012 426 10 16 0.022403227 
957 417 9 10 0.022353796 
838 247 11 14 0.021954203 
235 911 94 122 0.021909554 
860 358 18 22 0.021903886 
254 958 67 65 0.021792177 
579 975 36 42 0.02174952 
179 794 104 136 0.021518636 
932 260 43 63 0.020289635 
