45_Balloonist_Balloonist_45_369
18
237 213 58 87 0.99069196 
772 211 66 109 0.97884744 
310 331 48 59 0.9532562 
870 70 56 66 0.052579068 
912 96 9 11 0.050566707 
883 246 45 67 0.045557436 
919 76 9 12 0.039938796 
798 188 63 83 0.033471122 
933 63 11 12 0.032979347 
929 86 10 13 0.03094252 
775 236 108 119 0.028552338 
812 169 58 68 0.026938042 
932 92 10 12 0.02671335 
752 150 105 145 0.026321298 
895 52 9 10 0.024021942 
927 78 10 12 0.023030208 
912 53 9 11 0.020936387 
827 72 30 34 0.020758478 
