45_Balloonist_Balloonist_45_1028
135
317 634 21 32 0.8727749 
582 607 10 12 0.5625291 
16 621 22 32 0.4451428 
96 662 12 15 0.40411708 
460 575 43 50 0.3746504 
489 195 59 72 0.33714566 
387 625 17 21 0.29562476 
372 546 17 22 0.24347584 
3 570 12 15 0.22585098 
36 588 10 13 0.21618171 
155 636 20 26 0.18018806 
6 604 10 15 0.17289177 
23 628 25 30 0.15559345 
560 626 12 14 0.15125695 
369 636 11 12 0.14235458 
351 546 13 20 0.12410341 
53 588 13 16 0.12335644 
994 543 9 12 0.119761236 
13 598 12 17 0.11919927 
95 590 9 11 0.11421444 
591 613 10 13 0.104132876 
656 603 9 13 0.10062209 
12 625 15 21 0.09731922 
576 612 10 13 0.09255993 
574 622 10 13 0.08978435 
834 522 16 23 0.08867659 
64 640 10 12 0.08781145 
61 590 10 12 0.073007666 
996 544 13 16 0.072777644 
422 561 11 13 0.067708544 
668 381 13 16 0.06694162 
588 607 10 13 0.066031955 
0 598 8 13 0.06559705 
565 623 12 15 0.06393837 
21 598 11 14 0.05587966 
1004 549 12 14 0.05549737 
527 614 10 13 0.054709874 
765 532 13 14 0.05375977 
387 634 16 23 0.053198475 
624 644 12 13 0.05217223 
8 629 12 15 0.051317696 
69 597 9 12 0.050764196 
408 537 13 17 0.050111566 
4 598 18 26 0.04904185 
722 518 25 26 0.046549246 
312 640 15 23 0.046222903 
340 660 10 13 0.044596557 
370 550 27 28 0.044327244 
229 673 14 16 0.043030992 
870 515 16 20 0.04248028 
408 495 10 13 0.04243821 
532 615 9 12 0.042374507 
606 645 11 12 0.041314237 
47 588 13 16 0.040815964 
420 594 10 13 0.0407055 
96 595 9 11 0.0400712 
69 591 9 12 0.039828453 
328 640 15 20 0.039419673 
96 584 9 11 0.039022855 
327 672 13 17 0.038523823 
343 611 12 16 0.03728473 
122 600 7 9 0.03709585 
112 583 8 9 0.036490865 
510 68 25 30 0.03583263 
9 605 22 32 0.035826366 
616 582 10 13 0.03540736 
350 539 24 31 0.035378154 
341 532 10 15 0.03455563 
777 529 40 45 0.0343034 
90 661 20 25 0.03419269 
195 562 16 20 0.0338426 
583 619 12 16 0.033391126 
69 568 9 11 0.032385558 
0 610 10 16 0.03073603 
361 540 23 30 0.030082991 
367 625 22 27 0.029912835 
79 599 8 11 0.029272586 
66 603 11 13 0.029229095 
499 627 17 24 0.02910323 
631 556 11 14 0.029014666 
580 602 19 23 0.02876282 
47 604 11 13 0.028579503 
80 583 8 10 0.028573917 
689 590 10 13 0.028528847 
601 595 12 15 0.028502323 
817 521 24 39 0.028467285 
697 612 9 12 0.028096436 
108 245 200 274 0.027989771 
90 592 8 10 0.02786273 
614 645 9 12 0.0276261 
1000 536 10 13 0.027482783 
88 597 8 12 0.027472705 
590 618 13 17 0.02709237 
430 526 14 18 0.026785765 
81 646 10 13 0.026760576 
36 593 11 14 0.026752012 
325 631 14 19 0.026689827 
695 620 11 16 0.026406646 
-1 591 8 13 0.026358303 
645 590 9 11 0.026152585 
392 620 16 20 0.02613027 
0 637 8 12 0.025469687 
13 591 11 14 0.025398139 
700 555 95 116 0.025378807 
68 644 10 12 0.02535449 
101 598 8 10 0.025107969 
282 670 13 16 0.025042996 
23 573 10 13 0.02431069 
521 614 12 15 0.02427693 
530 591 8 10 0.024141682 
303 629 37 46 0.023741046 
37 485 8 10 0.02358205 
31 605 11 12 0.023189701 
352 650 12 16 0.02307348 
622 627 15 17 0.022792337 
405 610 11 15 0.022723844 
220 596 13 19 0.022635572 
585 613 21 29 0.022634313 
114 589 7 10 0.022620426 
400 641 23 28 0.022432288 
344 478 33 36 0.0222748 
964 588 14 17 0.022241075 
229 645 10 15 0.022206126 
624 603 10 12 0.022082783 
564 597 11 14 0.02171196 
1014 539 10 15 0.021690102 
468 600 32 37 0.021477956 
681 614 11 13 0.021265257 
119 590 7 9 0.02085634 
516 209 38 43 0.02079505 
613 597 12 15 0.020713752 
387 608 24 30 0.020600695 
677 537 12 15 0.02045089 
565 647 22 33 0.02034282 
61 148 358 469 0.020130275 
