45_Balloonist_Balloonist_45_518
33
433 356 62 70 0.9992194 
411 99 74 96 0.9974022 
984 158 36 43 0.9969447 
500 77 82 96 0.99310243 
625 182 55 68 0.9907454 
796 178 23 34 0.97587854 
831 59 14 19 0.6630064 
225 25 51 79 0.21429129 
779 151 15 17 0.2138601 
4 76 55 63 0.13999772 
423 18 61 74 0.1042801 
0 39 32 66 0.098176 
787 185 36 43 0.08701111 
346 362 37 46 0.08372184 
30 80 55 57 0.06398116 
79 53 29 52 0.06336858 
788 190 20 23 0.06110171 
206 88 29 31 0.059739564 
459 73 84 110 0.039431665 
506 -3 42 37 0.036275536 
0 219 9 15 0.035664327 
229 38 29 53 0.03459663 
171 2 39 39 0.033594172 
49 99 42 42 0.024530806 
168 1 23 20 0.024177438 
518 466 29 33 0.023707401 
0 225 11 23 0.023100905 
97 176 27 32 0.02279986 
-2 94 47 66 0.022171624 
118 160 15 17 0.021883652 
386 74 29 41 0.021401329 
153 120 42 54 0.02115592 
974 204 22 29 0.020018414 
