16_Award_Ceremony_Awards_Ceremony_16_512
20
361 145 231 322 0.9998908 
124 792 50 55 0.7574456 
132 1491 35 47 0.3428836 
142 1476 41 48 0.13077143 
145 936 114 136 0.114799134 
63 17 24 31 0.08206524 
872 139 16 22 0.05877293 
0 911 10 19 0.050745532 
965 133 15 23 0.04175783 
167 870 38 38 0.03926496 
77 13 34 37 0.039161526 
998 863 16 21 0.03337123 
102 621 345 482 0.033230875 
0 134 7 12 0.03284033 
126 863 190 208 0.024321351 
105 744 57 73 0.023889638 
5 967 31 44 0.023162743 
60 6 41 51 0.021443984 
141 781 44 53 0.021309933 
135 1488 20 28 0.020581234 
