16_Award_Ceremony_Awards_Ceremony_16_4
423
85 258 14 21 0.7077052 
40 262 10 13 0.6341745 
371 303 13 21 0.6108382 
15 252 12 16 0.5621664 
907 268 12 17 0.55810314 
381 281 11 14 0.542737 
1007 273 17 33 0.4173905 
462 355 14 20 0.4117358 
766 338 21 37 0.39623258 
291 354 33 56 0.38599205 
823 282 13 19 0.37086132 
0 252 12 17 0.36197072 
322 305 23 27 0.33763382 
724 263 9 11 0.29181606 
556 275 14 19 0.28676894 
902 270 13 18 0.2586126 
67 340 27 42 0.25794557 
590 299 20 23 0.2573513 
639 299 13 19 0.23163335 
680 264 8 11 0.22566806 
274 279 9 11 0.2246012 
854 279 14 21 0.22345166 
639 307 21 28 0.22295757 
463 254 8 12 0.22109838 
302 301 11 15 0.22096135 
536 279 9 12 0.21080054 
217 276 10 11 0.21070458 
950 261 25 31 0.20717943 
401 277 9 11 0.2004727 
807 277 12 16 0.19342613 
630 264 7 10 0.18817148 
727 309 12 16 0.17982009 
632 269 8 11 0.1791173 
0 298 24 42 0.17571312 
364 270 10 12 0.17477347 
696 301 10 13 0.17059131 
718 295 12 17 0.1684276 
241 280 10 11 0.16784821 
457 297 11 15 0.16686477 
682 285 12 15 0.1542635 
947 268 16 19 0.15257886 
5 247 10 13 0.14834175 
701 293 12 15 0.1454236 
256 278 11 13 0.14501771 
-1 288 22 31 0.1431215 
575 284 10 14 0.13422616 
224 332 29 34 0.13266172 
914 267 14 17 0.13170685 
177 278 9 10 0.12990391 
680 291 12 15 0.12954795 
657 271 7 10 0.12838845 
382 331 14 16 0.12506254 
712 264 8 10 0.12306204 
401 271 8 10 0.12142442 
753 264 9 11 0.11779779 
847 276 14 21 0.11243214 
438 284 9 12 0.11041585 
259 309 13 16 0.110333465 
736 264 9 11 0.105692275 
597 271 9 10 0.104227975 
361 275 10 12 0.102112845 
465 279 8 11 0.10111947 
859 285 15 20 0.09954349 
471 306 11 14 0.09898217 
649 305 17 24 0.097302996 
151 276 8 10 0.09478177 
213 299 13 17 0.09449308 
293 301 15 18 0.09404658 
181 280 7 10 0.09196762 
783 271 9 12 0.09032318 
67 260 19 20 0.088579506 
446 284 10 13 0.0870223 
198 285 10 12 0.08449541 
220 300 11 16 0.08431129 
197 279 9 11 0.082254276 
732 286 11 13 0.08176884 
327 269 8 10 0.081081666 
456 280 8 11 0.080345884 
257 273 8 10 0.07980563 
294 277 10 13 0.079750955 
484 284 12 15 0.079202324 
394 255 8 10 0.07912208 
1 283 12 18 0.078449495 
15 295 24 33 0.07815563 
857 263 9 12 0.07709937 
434 283 9 12 0.07568199 
407 300 12 17 0.075502075 
306 299 13 18 0.07450503 
77 261 16 20 0.07443548 
383 264 8 9 0.07340502 
591 271 9 12 0.07304413 
662 271 8 10 0.072376415 
182 284 8 12 0.07098611 
828 279 11 17 0.07046892 
892 301 12 20 0.06983927 
191 285 9 12 0.0686753 
803 352 30 52 0.06567595 
771 288 14 19 0.065435186 
463 249 8 10 0.06511292 
470 270 9 11 0.06388999 
383 270 9 11 0.063738294 
198 270 9 10 0.063141584 
399 263 8 10 0.06311716 
741 268 9 10 0.06298634 
627 315 16 20 0.06274113 
832 263 8 11 0.062621266 
709 291 13 18 0.062596686 
393 263 7 9 0.06232032 
158 280 9 11 0.06214378 
361 262 8 11 0.061190147 
422 278 8 11 0.061057836 
454 382 13 16 0.06083795 
420 380 16 19 0.059667163 
359 255 8 10 0.05963473 
854 268 14 19 0.05949845 
112 308 27 31 0.059363384 
788 276 13 15 0.05842265 
285 275 12 15 0.058319934 
565 255 8 11 0.05798908 
563 275 11 16 0.05689425 
60 259 18 20 0.05659109 
335 279 10 12 0.05583463 
3 313 28 50 0.055008497 
815 269 9 14 0.05464426 
744 246 9 11 0.054628056 
680 280 10 12 0.05457673 
757 266 11 12 0.054198764 
636 271 9 11 0.053411163 
456 268 9 11 0.053333953 
22 301 23 36 0.05301231 
312 280 9 12 0.052960794 
457 247 8 9 0.052623138 
924 344 28 31 0.052122343 
313 272 7 9 0.051353008 
127 278 8 10 0.05067772 
797 276 14 17 0.050621927 
596 275 11 13 0.050256934 
193 272 8 10 0.05012259 
158 284 10 13 0.04999285 
54 259 12 18 0.049884785 
200 265 7 9 0.049630705 
625 267 9 11 0.04928725 
286 300 15 17 0.049206737 
961 266 15 20 0.04909704 
275 280 13 16 0.048990026 
471 263 7 10 0.048057128 
87 314 36 52 0.04801064 
457 261 9 11 0.047943845 
558 330 23 33 0.047920443 
464 271 8 11 0.047773343 
813 280 13 19 0.04775957 
595 293 15 19 0.047500595 
374 271 9 10 0.047145013 
796 242 13 16 0.04701366 
674 263 8 10 0.046295777 
331 301 14 18 0.045860503 
37 256 19 24 0.045568965 
32 267 11 16 0.045490235 
360 284 10 13 0.0454061 
220 273 9 11 0.04405875 
741 294 10 13 0.043391116 
458 255 9 12 0.04320555 
404 344 17 21 0.0431565 
735 246 8 10 0.042757895 
705 264 8 12 0.04271523 
8 296 17 23 0.04266391 
342 269 7 9 0.042421028 
393 247 9 10 0.042349625 
316 312 23 29 0.042344417 
1 245 19 24 0.042273004 
442 238 8 11 0.04212433 
566 260 9 11 0.04195901 
310 330 14 18 0.041818146 
469 277 9 13 0.041807294 
415 283 10 13 0.041719876 
921 268 13 16 0.04124286 
616 287 10 13 0.041027125 
165 309 12 16 0.040707026 
18 257 12 16 0.0406212 
992 430 28 40 0.040540494 
214 284 12 14 0.040246304 
278 272 20 24 0.039938685 
773 304 14 18 0.039892543 
154 300 13 16 0.039890606 
367 293 9 12 0.039662234 
412 306 12 15 0.039605882 
190 291 9 13 0.03927534 
631 275 9 12 0.03788149 
832 277 19 27 0.03779927 
146 273 9 11 0.037772797 
672 256 7 9 0.037717134 
411 380 28 28 0.03765502 
603 296 14 20 0.03753382 
822 267 9 13 0.036877435 
205 287 9 12 0.03686113 
156 294 12 14 0.03682397 
10 302 39 54 0.03682285 
287 272 9 10 0.036760975 
484 372 11 14 0.03674819 
468 254 8 11 0.036099672 
567 270 10 13 0.035753924 
635 319 16 22 0.03568327 
208 347 41 50 0.03567427 
865 289 15 19 0.03556353 
375 256 8 10 0.03554556 
582 263 9 11 0.035157677 
328 265 8 9 0.035027064 
725 292 12 15 0.03481812 
644 294 14 19 0.03454785 
505 279 8 10 0.034456406 
725 301 13 16 0.034408353 
614 271 8 10 0.034133617 
386 337 14 18 0.034075227 
125 273 9 10 0.03401003 
520 287 9 11 0.033523854 
630 306 15 20 0.033479474 
34 262 10 13 0.033088665 
718 257 19 24 0.03293536 
206 292 13 16 0.032919437 
629 330 12 18 0.03288724 
442 230 8 10 0.032829206 
424 297 12 17 0.032815386 
897 272 13 18 0.032774456 
376 295 8 12 0.032757737 
199 289 12 15 0.032487612 
525 285 10 12 0.032473773 
127 292 13 15 0.03237537 
56 354 34 38 0.032293547 
413 229 8 10 0.032072432 
278 302 11 15 0.032047518 
566 301 12 16 0.031926554 
462 305 13 15 0.03182359 
534 231 8 11 0.03181243 
198 307 12 16 0.03176422 
858 273 22 27 0.03144145 
733 277 11 14 0.03131258 
766 296 12 18 0.031293683 
537 238 8 10 0.03129267 
261 273 8 9 0.031220421 
360 299 23 29 0.030948687 
302 278 10 12 0.030906353 
333 294 12 14 0.030850263 
35 268 17 21 0.030834943 
781 298 15 18 0.03054258 
363 337 14 18 0.03050689 
847 307 13 17 0.03049729 
204 290 21 27 0.030406063 
719 275 11 13 0.030295333 
254 300 22 27 0.03028237 
407 295 11 14 0.030274851 
700 306 13 18 0.030247606 
696 262 9 12 0.030150674 
727 278 10 13 0.030072536 
904 264 10 16 0.029928958 
638 247 7 8 0.02992437 
268 306 13 17 0.029892404 
76 326 36 55 0.029521523 
703 287 11 14 0.02932012 
361 379 39 51 0.029275471 
203 305 17 19 0.02903122 
119 377 37 41 0.028999694 
678 296 13 17 0.028925188 
381 322 15 19 0.028735464 
854 407 39 38 0.028682226 
542 290 12 15 0.028636737 
244 281 12 15 0.028614193 
441 244 8 10 0.02860888 
720 257 8 10 0.028550828 
121 272 9 12 0.028468933 
272 274 9 10 0.028452953 
541 238 8 10 0.028430536 
157 307 14 17 0.028323378 
129 39 422 472 0.028065696 
480 279 10 13 0.028048242 
337 265 7 10 0.027876928 
519 293 12 15 0.027743671 
358 247 7 9 0.027678594 
478 316 10 15 0.027561614 
743 240 8 10 0.027548352 
430 354 14 19 0.02752367 
613 297 14 19 0.027510643 
684 262 9 12 0.027491111 
377 263 8 9 0.027474474 
672 268 9 11 0.02734635 
855 289 22 27 0.027291398 
405 264 8 10 0.027145036 
776 286 21 25 0.027066201 
294 272 8 11 0.02703105 
169 278 8 10 0.026883718 
378 278 17 22 0.026863651 
278 351 32 50 0.026797794 
595 285 15 18 0.026776189 
573 269 10 13 0.02671532 
619 307 15 18 0.02669121 
466 296 19 24 0.026665691 
254 289 13 16 0.026625494 
326 293 12 15 0.026585938 
608 271 8 10 0.026512561 
366 287 10 12 0.026502943 
438 261 9 13 0.026419878 
422 284 10 13 0.026371963 
540 322 29 33 0.026317643 
727 256 8 10 0.026248543 
22 267 12 15 0.026229434 
7 242 9 12 0.02619447 
471 315 12 15 0.026097614 
427 375 12 16 0.026060868 
461 357 23 29 0.025892822 
420 306 12 16 0.025887234 
884 239 13 16 0.02585295 
733 301 11 16 0.025752053 
261 284 9 13 0.025730157 
750 300 10 14 0.025673475 
316 295 23 31 0.02555773 
389 362 24 30 0.025435781 
541 333 33 40 0.025326831 
541 283 11 16 0.025319498 
112 276 11 12 0.025283102 
294 339 29 37 0.025168568 
167 293 10 13 0.025156613 
19 246 11 15 0.025095101 
575 247 8 9 0.025017979 
619 291 13 15 0.024964733 
349 284 10 12 0.024958076 
365 263 8 11 0.024947943 
337 270 8 9 0.024762657 
748 245 10 12 0.024668373 
489 264 9 9 0.02458803 
741 284 12 14 0.0245837 
648 273 9 11 0.024546746 
317 285 10 12 0.024511006 
750 291 12 16 0.024500713 
455 240 8 10 0.024462776 
663 275 9 11 0.024407338 
487 385 12 15 0.024368297 
880 269 10 12 0.02430419 
626 256 8 10 0.02426405 
303 327 27 30 0.024227543 
629 285 10 15 0.02417066 
391 269 8 9 0.024123322 
232 326 19 20 0.024028907 
376 367 26 34 0.023932206 
151 306 12 16 0.023893578 
319 271 8 9 0.02389083 
774 261 11 14 0.023726776 
298 363 42 58 0.023693211 
241 273 8 9 0.02361731 
477 269 8 10 0.023576485 
338 306 13 19 0.023454012 
400 307 11 14 0.023413492 
893 294 20 31 0.023411592 
466 350 14 17 0.02325129 
476 308 10 15 0.023159659 
754 324 28 39 0.023085902 
270 290 12 16 0.023044735 
470 282 10 14 0.023029143 
256 302 13 16 0.023020143 
885 269 10 13 0.022947097 
575 262 9 12 0.022913305 
485 367 9 13 0.02287226 
470 247 8 11 0.022717133 
766 262 9 12 0.022708528 
773 300 25 28 0.022688324 
475 300 10 14 0.022559125 
614 309 24 31 0.02251236 
631 298 14 19 0.022461986 
168 273 9 10 0.02246189 
200 313 13 16 0.022444705 
741 300 12 15 0.02244073 
174 273 9 11 0.022384202 
611 287 20 25 0.022371935 
428 293 12 17 0.02236139 
159 272 8 10 0.0222535 
176 282 12 15 0.022234442 
742 276 11 14 0.022217965 
718 305 15 20 0.022163212 
409 335 22 29 0.022145256 
782 281 13 19 0.022143027 
569 247 8 10 0.022083284 
764 277 12 15 0.021939648 
360 291 12 15 0.021934362 
329 277 9 12 0.021926371 
900 320 14 18 0.021900075 
543 267 10 14 0.02188774 
423 356 14 18 0.021878125 
632 247 8 9 0.021870077 
689 237 9 11 0.021800017 
288 272 20 24 0.021799626 
341 293 11 14 0.021766283 
568 290 12 16 0.02176083 
439 267 8 12 0.021754904 
935 348 30 35 0.021656126 
184 291 10 13 0.021478632 
765 284 15 21 0.021457417 
585 269 10 15 0.021379339 
165 301 12 16 0.021305053 
630 291 11 15 0.021298973 
510 253 26 31 0.02126115 
366 256 8 10 0.02115491 
182 300 11 12 0.021128507 
276 296 21 27 0.021038288 
758 289 14 19 0.020991731 
526 347 38 41 0.020988312 
0 314 12 22 0.020941047 
371 307 21 27 0.020897238 
460 317 12 14 0.020878892 
764 268 10 13 0.020769097 
961 261 26 36 0.020731771 
582 275 11 16 0.020710403 
310 292 12 17 0.020694492 
775 345 37 50 0.020664167 
655 275 8 10 0.02057632 
412 292 13 17 0.020540189 
685 305 13 16 0.020438269 
205 270 8 10 0.02039182 
45 255 12 18 0.020384202 
413 224 8 10 0.020350711 
379 388 32 37 0.0202891 
148 293 21 27 0.020261344 
354 255 9 11 0.02022362 
892 414 97 114 0.0201847 
135 358 46 60 0.020153886 
762 291 22 30 0.020023523 
