16_Award_Ceremony_Awards_Ceremony_16_569
29
562 138 141 175 0.9996087 
443 5 70 84 0.99850994 
87 15 68 91 0.9980526 
820 83 132 217 0.9970234 
260 7 70 99 0.9956892 
189 37 44 56 0.9931815 
503 5 51 71 0.73305804 
792 47 115 203 0.7140555 
3 41 33 46 0.50775987 
347 78 45 55 0.09908753 
230 36 31 53 0.0628214 
163 89 32 55 0.055163663 
390 1 31 30 0.044570033 
233 54 39 62 0.041260734 
541 606 133 148 0.035844233 
2 67 17 25 0.035820767 
0 242 12 20 0.03457337 
0 13 46 67 0.03331493 
362 2 29 36 0.030572033 
377 10 14 18 0.029897714 
766 65 96 153 0.028359182 
368 -1 44 46 0.027240051 
0 136 25 36 0.027168706 
425 34 16 23 0.026491378 
388 675 11 15 0.025846869 
513 -1 30 34 0.025770992 
79 461 193 297 0.020581994 
228 78 31 42 0.020415528 
22 48 29 36 0.020246994 
