16_Award_Ceremony_Awards_Ceremony_16_317
25
216 104 37 50 0.99747026 
843 114 31 45 0.9920454 
600 136 30 43 0.8761155 
260 412 157 237 0.425208 
601 143 42 61 0.37212 
362 382 16 20 0.16880542 
152 118 28 33 0.07448852 
471 442 123 184 0.06768338 
129 447 56 95 0.06674935 
858 113 32 42 0.056151878 
752 617 31 40 0.040708665 
375 424 179 245 0.04031717 
589 310 11 14 0.03241072 
611 131 29 36 0.031222405 
170 111 16 18 0.02511776 
758 569 30 40 0.024801409 
810 283 33 31 0.024590319 
612 170 32 40 0.024521533 
163 113 17 19 0.023468776 
150 127 15 20 0.023373814 
263 113 15 18 0.023218436 
833 172 11 16 0.022970937 
625 130 18 22 0.022865003 
164 122 34 34 0.021679368 
597 168 30 44 0.02000657 
