16_Award_Ceremony_Awards_Ceremony_16_25
52
502 94 33 44 0.99878925 
440 122 33 43 0.99795085 
843 133 38 47 0.9972132 
650 137 38 47 0.99606425 
563 103 40 54 0.99569595 
225 118 39 49 0.9928762 
740 146 42 55 0.99027985 
929 153 42 54 0.9862061 
149 96 39 54 0.9859089 
332 148 43 52 0.9832009 
60 102 44 52 0.96575314 
660 313 18 23 0.5208701 
429 429 10 13 0.12755817 
681 303 19 24 0.12336793 
929 356 27 30 0.122560516 
254 122 29 39 0.06490068 
430 425 8 11 0.06397816 
861 353 18 23 0.050599817 
733 386 14 18 0.04608125 
457 415 7 10 0.042945027 
670 306 24 28 0.04073265 
194 -2 17 19 0.03068072 
806 380 14 17 0.03035521 
426 425 9 11 0.030354034 
749 371 14 18 0.030086739 
466 432 7 9 0.029098973 
792 422 9 12 0.028261142 
488 381 7 10 0.02813508 
759 348 11 13 0.027113872 
439 350 8 10 0.02704948 
470 382 7 9 0.026269153 
486 400 7 10 0.026112381 
726 393 14 16 0.025984304 
792 467 16 18 0.025649928 
470 391 7 9 0.025410559 
814 404 10 13 0.025346693 
456 383 6 8 0.02506705 
168 50 37 48 0.02502872 
481 408 7 9 0.024743348 
470 375 8 10 0.0241771 
489 376 6 8 0.023820333 
513 376 8 10 0.023390044 
466 383 8 9 0.023360016 
214 81 22 29 0.023077652 
758 407 13 15 0.022538524 
651 281 43 53 0.022494575 
473 408 7 10 0.022425516 
535 136 24 30 0.021993052 
471 438 7 10 0.021793513 
184 249 29 42 0.021689152 
471 414 8 10 0.020552328 
471 424 7 10 0.02028249 
