16_Award_Ceremony_Awards_Ceremony_16_84
33
437 160 255 361 0.9997254 
528 1065 330 410 0.23243709 
519 942 195 273 0.19376867 
259 1035 530 463 0.07196367 
507 1132 253 237 0.06640056 
87 8 48 55 0.053919047 
-16 743 587 445 0.04641749 
7 0 213 207 0.04477974 
727 68 70 58 0.04343893 
166 313 471 481 0.04341332 
45 24 27 36 0.042680643 
661 1102 10 13 0.039619677 
78 287 88 65 0.039181832 
74 92 16 20 0.037546214 
188 566 477 546 0.03723544 
282 818 368 488 0.03707297 
26 316 395 511 0.03444498 
103 96 13 17 0.030432092 
512 38 341 481 0.029709453 
47 121 13 18 0.029260043 
344 33 72 71 0.0289505 
82 893 519 545 0.026646012 
1013 955 11 18 0.025205096 
96 591 34 32 0.024724435 
74 16 117 125 0.023634393 
986 1140 15 16 0.023573356 
100 1574 13 14 0.023364792 
40 594 49 52 0.023019169 
671 69 68 58 0.022973968 
997 9 25 36 0.022639457 
39 305 32 36 0.02257191 
36 1 17 15 0.022058032 
75 379 15 19 0.02073024 
