16_Award_Ceremony_Awards_Ceremony_16_143
163
269 312 418 540 0.9999639 
227 1400 32 38 0.8017859 
661 1390 12 16 0.45198333 
202 1397 15 18 0.27926645 
360 1378 13 15 0.20976967 
608 1380 11 15 0.19605593 
411 1405 27 34 0.1826696 
550 1395 14 19 0.15880324 
662 1398 11 16 0.15745762 
276 1396 25 32 0.1450923 
679 1399 14 19 0.14131697 
691 1399 16 22 0.11700633 
750 1365 10 13 0.11647905 
316 1371 11 13 0.11443167 
518 1442 26 34 0.11377331 
389 1372 13 15 0.09874946 
787 1375 15 20 0.095612064 
606 1412 11 14 0.09559555 
798 1382 16 24 0.09338272 
632 1410 10 13 0.087238744 
591 1382 13 17 0.086966366 
744 1365 9 12 0.08027178 
699 1401 16 21 0.07591142 
352 785 475 472 0.07247438 
905 1488 15 19 0.07129945 
782 1354 12 13 0.070847474 
655 1371 9 11 0.070004396 
468 1431 14 17 0.06982741 
102 803 526 408 0.06942441 
202 1398 23 29 0.068294115 
629 1394 11 15 0.06435094 
822 1392 12 15 0.061973825 
577 1396 10 13 0.0589942 
646 1417 14 17 0.057796102 
680 1397 24 28 0.057757504 
582 1388 10 13 0.05077309 
541 1395 14 18 0.04983205 
261 1398 29 38 0.049586456 
425 1416 15 20 0.049422402 
542 1419 15 17 0.04855648 
371 1396 10 13 0.04738472 
816 1396 13 17 0.04560652 
227 1371 15 17 0.045196645 
618 1489 16 18 0.044604994 
588 1483 11 15 0.042974494 
762 1376 16 20 0.04280164 
459 1430 17 20 0.04232827 
600 1476 11 13 0.042091783 
558 1452 15 21 0.04154033 
555 1399 15 20 0.041367058 
170 1370 15 22 0.04098061 
534 1394 15 20 0.040855613 
759 1374 13 15 0.04031571 
587 1442 11 17 0.039925523 
248 1402 30 38 0.039569233 
894 1336 25 35 0.038879577 
421 1388 11 13 0.038676385 
722 1416 104 111 0.038519647 
564 1412 10 15 0.037827194 
641 1375 7 10 0.037512407 
326 1419 27 29 0.03745872 
897 1490 23 28 0.03669872 
326 1416 17 19 0.036498055 
610 1386 12 15 0.03641824 
580 1477 13 16 0.03631173 
667 1372 11 13 0.035509463 
157 1423 23 31 0.035392895 
590 1407 9 11 0.035281327 
152 1364 24 29 0.03484887 
594 1376 21 28 0.034826912 
383 1383 12 14 0.034801934 
188 1385 24 30 0.03398568 
146 1366 17 21 0.03389011 
386 1374 10 12 0.033837005 
590 1419 11 15 0.033621777 
508 1436 13 19 0.033343695 
546 1412 13 17 0.033246033 
649 1372 8 11 0.033023003 
210 1397 13 17 0.032694504 
188 1466 14 16 0.03255858 
408 1390 9 10 0.032415975 
542 1489 18 21 0.032291334 
636 1411 12 16 0.03217883 
236 1373 12 15 0.03201031 
604 1453 12 16 0.0319904 
631 1420 10 13 0.031479146 
826 1397 14 18 0.030999014 
474 1428 14 19 0.030961363 
640 1418 12 16 0.03068896 
289 1400 15 23 0.030319331 
221 1368 25 28 0.030001547 
691 1404 93 109 0.029845465 
181 1379 23 31 0.02982184 
400 1400 10 12 0.029664347 
387 1378 14 16 0.029521164 
735 1400 15 21 0.029468747 
168 419 378 521 0.029240385 
772 1377 13 18 0.02921258 
399 1407 29 35 0.029145636 
805 1385 21 26 0.028737588 
753 1450 56 57 0.028529618 
796 1435 16 23 0.028048765 
657 1382 11 14 0.027754785 
646 1398 9 12 0.027381163 
580 1469 10 13 0.027378822 
910 1415 16 22 0.02732964 
605 1448 11 13 0.027204871 
503 1437 23 31 0.027031388 
207 1396 56 63 0.026972448 
373 1381 12 14 0.02692738 
353 1390 11 16 0.026690764 
900 1392 12 17 0.026681291 
799 1404 12 15 0.026657417 
616 1434 10 13 0.026438281 
742 1370 11 15 0.026062608 
756 1366 11 15 0.025657505 
171 1372 23 31 0.02538492 
755 1456 27 37 0.025354192 
191 1483 14 16 0.025283452 
374 1374 9 11 0.024981324 
197 1390 15 18 0.024385745 
584 1383 10 13 0.023974452 
893 1493 14 19 0.023770662 
666 1395 12 17 0.023764763 
181 1434 11 16 0.023604415 
681 1392 41 52 0.02331627 
726 1433 15 20 0.023240617 
235 791 16 20 0.023113647 
559 1419 12 14 0.022980968 
518 1375 8 12 0.022944918 
782 1361 14 18 0.022739967 
613 1376 8 11 0.022723004 
692 1437 26 33 0.022595026 
190 1387 49 58 0.022440916 
583 1404 8 11 0.022299908 
573 1474 15 19 0.022299275 
592 1377 9 11 0.022151882 
617 1476 13 16 0.0221261 
176 1480 10 12 0.021949504 
439 676 551 382 0.021835756 
413 1405 15 18 0.021685423 
597 1448 21 27 0.021658616 
335 1423 30 34 0.02157919 
657 1403 11 14 0.021569438 
916 1449 17 25 0.021486871 
415 1388 11 12 0.02145996 
221 1375 15 18 0.0210952 
414 1399 12 13 0.021013059 
312 1367 21 26 0.020883545 
406 1399 10 12 0.020831803 
784 1436 11 14 0.020728605 
814 1393 24 30 0.020717025 
737 1365 9 12 0.02056289 
606 1393 13 16 0.02048535 
611 1419 11 14 0.020471355 
759 1458 13 20 0.020454533 
388 1367 21 23 0.020303896 
620 1430 12 15 0.020246426 
-30 340 431 452 0.020164276 
598 1420 11 14 0.020129474 
601 1406 10 14 0.0201085 
-67 776 471 487 0.020083936 
223 1460 15 16 0.020022197 
