16_Award_Ceremony_Awards_Ceremony_16_422
47
287 198 376 503 0.99978584 
696 251 195 299 0.48368657 
853 1462 38 42 0.3426858 
735 330 116 152 0.33789077 
816 512 164 217 0.23675106 
407 1501 41 35 0.21183713 
490 694 438 554 0.109817505 
293 1207 440 491 0.09845296 
695 1303 27 32 0.07821772 
891 1334 49 59 0.07475823 
979 1365 34 46 0.06845419 
714 130 360 473 0.061146826 
802 1486 31 40 0.057358287 
996 1498 27 35 0.055750977 
918 1259 31 36 0.053383302 
791 1274 31 32 0.052153017 
873 1416 101 108 0.049697287 
658 1324 20 25 0.047877025 
367 1020 390 508 0.04591887 
905 1339 63 68 0.042391982 
889 1444 56 64 0.04048417 
926 1501 34 34 0.03590684 
836 1394 82 99 0.034648158 
746 1372 55 88 0.03463734 
838 1414 39 48 0.03455356 
181 795 408 561 0.033283405 
886 1343 34 42 0.032843877 
501 1503 42 34 0.028445281 
803 353 100 132 0.02796695 
967 1235 35 33 0.027192945 
766 411 182 269 0.026244514 
804 1492 17 22 0.02574534 
902 392 97 129 0.025377704 
938 1354 56 69 0.024408484 
612 1297 17 19 0.024304746 
842 420 107 118 0.02423639 
849 1471 56 52 0.022560079 
794 1462 49 69 0.02244423 
967 1342 52 76 0.02242334 
939 1384 40 44 0.022243697 
767 358 67 94 0.021684427 
927 1325 88 112 0.021032782 
859 1434 56 67 0.020817671 
743 1507 32 29 0.020633578 
128 421 393 470 0.020359801 
849 368 101 121 0.020286838 
961 1326 20 24 0.02025056 
