16_Award_Ceremony_Awards_Ceremony_16_195
46
456 182 27 41 0.99722266 
532 210 31 38 0.9780637 
237 26 37 57 0.96926 
597 236 25 37 0.9669385 
302 102 38 50 0.8998894 
672 271 14 21 0.37459332 
682 298 16 20 0.36168808 
870 279 14 21 0.29720652 
122 437 28 26 0.24827787 
355 115 51 66 0.12709422 
401 235 34 38 0.12660152 
424 366 20 32 0.10879643 
966 377 15 22 0.10115983 
231 400 15 20 0.08004817 
264 357 41 61 0.06235263 
573 261 28 33 0.060156196 
190 278 16 22 0.047908682 
660 291 11 15 0.046684287 
876 355 36 48 0.04409717 
270 330 19 28 0.04358191 
435 370 17 25 0.04253029 
586 246 27 34 0.040785696 
589 248 16 22 0.03992267 
677 349 13 17 0.038602818 
587 262 17 21 0.037591867 
930 245 15 24 0.035807133 
604 127 38 44 0.034430366 
571 272 16 19 0.03370727 
282 340 17 22 0.0324385 
627 247 23 33 0.029677313 
803 348 24 33 0.028661205 
862 275 18 23 0.028604263 
306 -2 31 35 0.026668735 
613 241 26 35 0.02629515 
352 0 61 62 0.025494382 
128 298 22 28 0.025393147 
415 358 36 48 0.023923054 
710 310 9 10 0.023918547 
870 282 26 37 0.023596909 
438 185 26 33 0.023371158 
555 218 14 21 0.022283679 
851 276 24 33 0.021719277 
951 10 14 17 0.021550572 
849 291 38 50 0.021493135 
139 433 16 19 0.020619709 
211 81 34 45 0.020473884 
