49_Greeting_peoplegreeting_49_50
33
327 202 66 84 0.9996074 
651 271 143 188 0.99840987 
352 118 59 75 0.9966995 
282 114 30 33 0.8866627 
229 612 144 110 0.7981737 
961 181 38 73 0.7075938 
981 202 38 73 0.48469383 
805 160 27 46 0.41183102 
194 630 126 118 0.15063977 
915 156 21 28 0.11171357 
189 570 197 212 0.088497624 
850 154 27 45 0.063287534 
398 129 32 45 0.043420766 
430 176 49 72 0.039369434 
168 214 17 21 0.039333228 
271 120 41 49 0.039054357 
808 143 44 57 0.037366554 
109 47 11 13 0.034207422 
438 730 48 40 0.033354744 
954 178 31 55 0.031972725 
108 197 13 16 0.031684842 
388 162 49 67 0.030823318 
275 118 24 23 0.026942046 
423 139 46 61 0.026920702 
225 171 88 111 0.025646567 
411 142 16 25 0.023407493 
416 145 83 114 0.023158766 
179 176 15 18 0.02257904 
146 285 198 259 0.022118013 
419 703 68 60 0.020976027 
430 740 35 27 0.020545717 
121 179 12 15 0.020315593 
115 102 13 15 0.020013409 
