49_Greeting_peoplegreeting_49_456
26
239 203 119 152 0.99994326 
374 317 116 155 0.9999106 
92 279 118 147 0.99986243 
851 313 118 162 0.999696 
93 184 90 110 0.9102484 
45 175 106 134 0.7154224 
788 265 66 89 0.23388624 
471 140 231 274 0.19694105 
482 127 78 120 0.14692938 
196 358 48 60 0.100731276 
502 131 112 144 0.07899104 
594 79 84 139 0.078470856 
966 257 53 75 0.07505323 
239 448 46 48 0.07284006 
715 28 63 70 0.05449953 
816 281 58 76 0.0486618 
482 175 159 156 0.038975034 
411 164 31 45 0.028112274 
533 19 11 13 0.027580602 
880 153 52 56 0.026810346 
756 186 36 33 0.026475674 
831 280 97 129 0.025717322 
254 467 30 37 0.024095051 
544 104 112 140 0.022257565 
164 581 32 33 0.022062022 
785 211 63 60 0.020208769 
