49_Greeting_peoplegreeting_49_307
58
176 272 32 39 0.9965179 
873 282 29 36 0.9677518 
272 239 20 27 0.9579175 
621 272 16 23 0.85194075 
686 279 14 23 0.8474206 
363 254 15 24 0.8314603 
714 281 15 23 0.7348986 
806 372 15 20 0.38006306 
849 294 24 33 0.31532723 
869 296 27 37 0.21767321 
943 357 14 18 0.18853706 
614 280 15 18 0.1326585 
747 299 11 15 0.12002951 
367 260 19 23 0.081735305 
704 360 10 12 0.07537051 
729 324 16 18 0.072533555 
165 341 32 34 0.07039954 
168 321 31 39 0.06062817 
697 277 21 28 0.06059594 
719 365 9 12 0.053374507 
616 261 23 29 0.049072683 
221 356 11 13 0.04855617 
733 279 14 17 0.042783085 
375 263 19 20 0.04112841 
742 292 14 20 0.03848337 
686 404 11 14 0.03845884 
158 331 26 35 0.036576234 
709 380 12 14 0.034096766 
756 332 10 14 0.033338577 
150 459 15 20 0.0319814 
721 320 39 52 0.031425986 
873 315 19 23 0.030741196 
577 360 12 17 0.02982223 
695 309 9 13 0.029673457 
671 430 11 13 0.029279219 
359 246 13 21 0.028877834 
293 314 10 13 0.028423017 
708 362 11 13 0.028383017 
697 388 10 12 0.028287062 
121 377 16 17 0.027370749 
875 276 19 22 0.026515314 
379 245 14 18 0.026466655 
607 277 15 18 0.026402947 
670 350 10 12 0.026376322 
158 336 15 21 0.025609214 
720 285 16 22 0.025404679 
604 347 15 19 0.02502523 
700 386 14 16 0.024710711 
649 341 9 12 0.023978502 
883 269 16 19 0.023438541 
620 287 15 18 0.023415757 
293 592 11 12 0.023358058 
739 283 12 16 0.022701144 
595 363 15 18 0.022175923 
664 349 11 12 0.021883113 
670 425 9 12 0.021617925 
839 307 25 33 0.021195998 
683 341 10 12 0.020015601 
