49_Greeting_peoplegreeting_49_387
76
634 235 33 47 0.9966132 
252 273 17 24 0.9825781 
520 220 31 48 0.968177 
225 270 16 22 0.86677474 
692 245 24 34 0.86460716 
284 289 10 15 0.18844248 
490 403 16 18 0.09924312 
123 281 14 18 0.093281604 
235 299 11 15 0.073846035 
407 287 8 10 0.07037554 
275 269 12 15 0.06517419 
278 283 18 24 0.06260525 
567 261 11 16 0.05553068 
337 286 10 13 0.05382834 
686 220 15 17 0.053609725 
700 239 36 49 0.051606268 
656 337 31 37 0.048414093 
270 275 12 15 0.04691465 
224 333 27 46 0.044590056 
202 260 14 17 0.043165006 
366 279 10 12 0.042454936 
452 250 15 19 0.03902538 
505 230 30 38 0.03890368 
492 244 29 31 0.037801962 
401 279 8 9 0.03718793 
550 344 10 12 0.036438763 
686 248 20 25 0.035925884 
149 286 10 11 0.035412766 
483 57 15 21 0.03429843 
413 288 8 10 0.033211704 
392 307 10 14 0.03315197 
747 107 208 372 0.03230212 
717 238 38 53 0.030887656 
532 210 27 47 0.029638693 
272 273 20 26 0.029569663 
537 243 25 36 0.028803654 
293 291 10 13 0.028414872 
476 213 25 41 0.027923577 
276 262 12 15 0.027781384 
339 288 13 16 0.027741207 
169 301 10 14 0.027417237 
441 278 10 12 0.027214112 
393 279 8 9 0.0266429 
365 335 9 11 0.02651459 
569 265 15 18 0.026401754 
656 347 14 19 0.026356112 
116 269 25 29 0.02627174 
680 252 30 43 0.025964545 
571 272 15 18 0.025817985 
559 259 11 17 0.025525354 
652 238 39 52 0.024926394 
425 285 9 10 0.024817996 
497 404 14 19 0.02474666 
237 256 9 11 0.02412266 
285 277 11 15 0.023705697 
402 286 8 10 0.023522591 
428 277 9 13 0.023514109 
383 288 7 9 0.02322365 
239 196 9 11 0.023223184 
443 229 11 14 0.023088828 
534 392 8 11 0.022939302 
485 180 13 17 0.022781115 
440 184 25 36 0.022115711 
439 236 11 14 0.022011494 
396 304 12 16 0.021927517 
320 279 9 11 0.021912958 
460 212 27 39 0.021901825 
336 281 9 11 0.021865854 
445 237 10 12 0.021541018 
239 262 8 12 0.021530699 
614 396 12 17 0.02108368 
622 400 14 18 0.02107564 
558 335 11 13 0.021057095 
558 341 10 13 0.020615423 
229 264 11 13 0.02037988 
139 437 16 18 0.020315463 
