49_Greeting_peoplegreeting_49_353
88
548 409 14 20 0.6820811 
294 424 12 15 0.6172298 
378 406 14 17 0.50656784 
326 74 31 41 0.33910933 
640 359 9 11 0.17923586 
606 366 7 9 0.1714196 
395 522 15 20 0.16707861 
694 373 9 10 0.09723277 
666 404 10 13 0.09341534 
712 381 10 10 0.08977832 
733 358 9 11 0.08606904 
713 399 7 10 0.0804817 
654 389 9 13 0.075461075 
628 387 12 14 0.075162575 
730 367 10 12 0.068876185 
250 435 13 17 0.06661078 
665 375 9 10 0.06586134 
702 296 10 11 0.06278814 
670 381 8 10 0.06213827 
365 440 15 21 0.061352275 
389 440 16 23 0.05920112 
695 391 10 13 0.0526205 
294 432 12 15 0.052343577 
729 372 9 11 0.050474346 
625 391 11 13 0.049989134 
669 376 8 10 0.049806405 
696 383 8 10 0.049295448 
232 401 8 11 0.04887866 
600 383 8 10 0.04801431 
590 367 7 10 0.046567373 
300 320 10 11 0.04535126 
318 457 15 17 0.044126205 
387 523 19 24 0.04288614 
735 373 9 11 0.038752627 
375 436 23 29 0.038223736 
689 367 9 11 0.03722598 
734 353 9 11 0.036758706 
539 437 27 35 0.035847884 
737 294 9 11 0.035718087 
695 356 9 11 0.03464446 
623 366 10 12 0.034212377 
386 405 12 16 0.03402841 
743 352 8 10 0.033186976 
583 358 9 11 0.031494293 
712 368 9 10 0.031181231 
616 368 8 9 0.030738989 
665 380 9 12 0.030672709 
712 391 8 10 0.030531403 
282 318 13 16 0.029876946 
736 380 8 10 0.029673038 
586 365 8 11 0.029668514 
726 287 8 10 0.02893183 
146 426 15 19 0.028679961 
290 427 11 13 0.02866005 
276 459 12 15 0.028648293 
712 412 10 12 0.028575964 
377 457 17 18 0.028480358 
701 392 9 11 0.027594488 
630 364 10 12 0.026793977 
743 383 8 10 0.026208432 
741 372 10 13 0.026172567 
729 416 9 11 0.025959294 
648 383 10 13 0.025612649 
293 462 13 16 0.025558218 
701 356 10 11 0.025050595 
730 352 8 11 0.025031885 
630 375 10 12 0.024856905 
592 382 8 10 0.02475784 
554 405 14 19 0.024490999 
285 452 10 13 0.02416272 
645 364 9 11 0.023767436 
287 461 11 14 0.023760991 
601 375 9 10 0.023609504 
477 571 30 36 0.023560546 
626 382 11 12 0.022788573 
300 436 11 14 0.02248565 
718 271 7 9 0.022259152 
279 454 11 13 0.022064755 
717 376 8 10 0.021929521 
688 359 8 11 0.02182858 
702 382 9 11 0.021764364 
742 358 9 11 0.02169079 
624 372 10 12 0.021497492 
290 469 10 14 0.021340497 
691 221 11 14 0.020675566 
103 340 10 12 0.020581305 
729 421 10 12 0.02048767 
703 309 10 13 0.02029042 
