49_Greeting_peoplegreeting_49_894
413
779 263 51 57 0.9988745 
484 244 49 65 0.9981509 
711 252 52 65 0.9951997 
922 260 48 55 0.98541266 
85 253 55 76 0.9818179 
556 288 45 65 0.97872525 
901 271 35 46 0.97841585 
48 289 45 70 0.97427434 
408 296 52 67 0.94169724 
777 387 48 50 0.9305135 
1002 275 23 42 0.59414226 
0 251 14 18 0.34602687 
277 247 33 56 0.34141934 
862 75 14 16 0.33988664 
509 85 9 10 0.2928638 
936 45 10 12 0.2638804 
829 82 12 16 0.2190413 
208 262 34 54 0.21437833 
292 244 38 58 0.21421914 
959 140 13 17 0.20077963 
308 205 11 13 0.17635386 
957 52 9 12 0.17553958 
301 142 9 11 0.16681382 
839 103 8 11 0.16444218 
358 180 11 14 0.15126465 
519 179 10 12 0.14513116 
317 150 10 13 0.14219956 
908 83 11 14 0.13971908 
493 135 10 12 0.1389794 
814 479 75 120 0.13673982 
974 208 10 13 0.12966588 
984 183 9 11 0.12386862 
561 319 43 48 0.12354672 
821 92 12 13 0.1204176 
630 165 11 12 0.12011074 
683 289 23 35 0.11977686 
816 75 11 13 0.1192546 
508 472 58 74 0.116706096 
307 242 44 55 0.11492273 
222 249 39 67 0.114646025 
641 205 11 14 0.11275187 
41 125 8 11 0.11192207 
814 38 8 11 0.10008919 
621 56 8 11 0.0929982 
973 86 10 11 0.09066362 
889 92 10 14 0.09033114 
216 244 27 52 0.09026807 
888 28 9 11 0.08985534 
627 188 10 12 0.08574902 
443 150 11 13 0.08548612 
372 236 11 14 0.082521796 
494 151 10 12 0.07946235 
864 54 9 12 0.07902713 
870 98 12 15 0.07799199 
63 284 38 52 0.07678729 
752 142 11 14 0.07458691 
879 47 8 11 0.07378431 
428 512 39 56 0.073717125 
673 152 9 12 0.07285662 
568 88 10 12 0.07194032 
720 57 9 11 0.07172925 
512 178 10 12 0.07133342 
680 214 9 11 0.070779845 
958 112 10 12 0.06989744 
541 135 9 12 0.069124624 
375 73 8 9 0.06833828 
663 128 9 11 0.06642306 
1013 153 10 15 0.06628855 
637 164 8 11 0.06599153 
729 36 8 11 0.06563247 
603 117 11 13 0.06506385 
567 91 13 16 0.064809404 
629 197 9 12 0.06420607 
666 222 9 11 0.06397691 
810 39 8 10 0.061571416 
249 247 42 66 0.06108866 
1007 111 11 15 0.06044897 
385 287 51 64 0.06027093 
837 198 10 13 0.06004786 
318 201 9 11 0.059430834 
830 45 10 12 0.05926856 
904 31 9 12 0.05907382 
561 222 9 12 0.05862887 
805 100 10 12 0.05843252 
974 264 15 20 0.058160424 
843 261 28 40 0.058120787 
904 78 12 15 0.05794072 
807 95 10 12 0.0576817 
55 133 11 13 0.05713517 
535 134 10 12 0.056789685 
415 124 10 12 0.05507668 
903 53 8 11 0.054950137 
665 132 9 11 0.053305432 
985 278 29 36 0.05306131 
953 48 10 12 0.052843492 
311 200 12 14 0.052763045 
996 215 10 12 0.052590307 
80 219 13 16 0.052475907 
792 216 8 10 0.051949687 
696 52 12 15 0.05183879 
823 84 14 18 0.05087334 
340 181 9 12 0.050750587 
644 273 24 40 0.05062775 
975 63 10 12 0.05024973 
769 102 8 10 0.0480999 
647 80 13 17 0.048015542 
1008 174 11 15 0.047618248 
793 134 9 12 0.047346964 
71 127 9 12 0.047102325 
687 83 11 13 0.046755787 
831 31 8 9 0.046641387 
646 199 9 12 0.046564553 
488 155 10 11 0.046299502 
527 127 10 12 0.04626593 
575 52 9 11 0.046143375 
58 151 8 11 0.045423713 
174 252 60 65 0.045083594 
392 191 10 12 0.045081597 
314 154 10 13 0.045000516 
587 116 13 16 0.044823073 
594 293 33 52 0.044738565 
583 48 8 10 0.044317286 
857 141 10 12 0.043772273 
470 275 12 16 0.043689765 
953 110 10 13 0.043681826 
984 98 11 14 0.043430865 
807 44 8 11 0.04325068 
920 77 11 14 0.04323847 
375 120 10 11 0.042982303 
412 254 25 30 0.04268826 
936 212 8 11 0.04233727 
134 191 9 11 0.042294256 
1013 102 9 12 0.04216464 
833 39 9 10 0.042161148 
782 32 7 9 0.041969445 
536 459 47 67 0.04173266 
47 120 9 12 0.041621543 
990 87 11 13 0.041539166 
53 126 10 13 0.041338146 
921 222 9 11 0.041164786 
815 60 12 14 0.040657338 
548 182 10 13 0.04006606 
651 284 25 35 0.039800726 
339 323 52 62 0.03968181 
908 30 9 12 0.039218813 
439 166 11 13 0.039172065 
822 77 11 14 0.039154768 
505 81 9 11 0.03894613 
399 196 9 11 0.038692683 
327 200 9 12 0.038412604 
425 207 8 10 0.038250078 
827 51 11 13 0.03815653 
832 256 24 37 0.038046174 
527 118 10 12 0.037991438 
655 158 10 11 0.03765832 
207 115 9 11 0.037517823 
496 95 9 11 0.037430964 
661 157 9 11 0.037255593 
623 101 12 14 0.037189122 
981 80 10 11 0.03702268 
976 119 10 12 0.036853783 
623 160 10 11 0.036603443 
911 55 9 11 0.03653598 
593 40 8 9 0.036491085 
-2 254 20 33 0.035799887 
880 52 10 12 0.035683334 
370 307 56 63 0.03567162 
672 53 8 11 0.035618473 
917 55 9 12 0.035152476 
981 38 8 11 0.034847148 
444 165 11 12 0.034457244 
33 184 9 10 0.034456987 
825 47 10 12 0.03426905 
734 36 8 10 0.034165412 
9 123 10 13 0.034118306 
580 97 14 17 0.033960935 
554 459 27 47 0.03391519 
350 134 8 9 0.033393376 
865 92 12 14 0.033269737 
640 124 10 14 0.033211693 
751 93 11 12 0.033130717 
644 57 11 15 0.033043567 
31 127 9 11 0.033010833 
754 257 51 60 0.032996707 
785 47 8 11 0.03297758 
431 307 38 51 0.032866295 
648 165 10 12 0.032806925 
40 119 10 12 0.032429628 
930 43 10 13 0.03236061 
988 99 13 16 0.032248273 
455 188 12 14 0.032213632 
673 294 25 33 0.0321836 
863 47 9 11 0.032159787 
948 173 10 12 0.031860527 
442 529 30 44 0.031677734 
376 171 11 13 0.0316639 
809 33 8 10 0.03165831 
552 62 8 11 0.031589083 
750 101 9 11 0.031480987 
39 110 11 12 0.03141745 
369 158 9 12 0.03139726 
61 132 10 13 0.03137261 
772 101 10 11 0.031332258 
677 111 8 11 0.031257294 
836 151 11 12 0.03094776 
966 119 9 11 0.030930957 
928 39 10 12 0.030845763 
897 216 9 11 0.030660022 
158 163 12 14 0.030486872 
348 340 58 72 0.030466158 
894 133 9 11 0.030413834 
582 52 10 13 0.030399743 
678 139 10 12 0.030111948 
15 80 7 9 0.030065004 
769 95 10 12 0.029921193 
406 116 9 12 0.029854173 
369 72 8 10 0.029802945 
907 140 12 14 0.029797737 
733 136 9 11 0.02972588 
888 134 9 12 0.029709056 
463 127 9 11 0.029650433 
318 167 9 11 0.029512877 
225 112 9 12 0.02951004 
39 80 7 10 0.029416379 
818 163 12 14 0.029333632 
406 62 9 10 0.029235978 
919 116 11 13 0.029185103 
658 302 18 21 0.029178882 
1001 115 12 16 0.029007034 
879 167 9 10 0.02895394 
654 152 10 11 0.028885309 
758 72 9 11 0.028874155 
156 263 63 79 0.028764373 
687 518 14 14 0.028740963 
844 262 15 21 0.02856193 
429 183 10 11 0.028471861 
345 134 9 10 0.02833188 
790 115 11 14 0.028327247 
382 72 8 9 0.028292654 
407 85 9 12 0.0280658 
982 62 10 13 0.027964823 
557 63 9 11 0.02786974 
422 124 11 13 0.027755074 
782 125 10 13 0.027679164 
940 51 11 14 0.027613796 
839 165 11 13 0.02749585 
783 78 7 10 0.027350284 
758 101 10 12 0.027240431 
672 110 9 12 0.027209932 
381 119 8 10 0.027121067 
668 134 10 12 0.02705852 
942 213 10 13 0.027035942 
744 136 9 12 0.027024018 
833 156 10 13 0.026956439 
799 108 11 14 0.026878832 
726 85 8 11 0.026803963 
502 93 11 13 0.026753007 
820 71 18 24 0.026748365 
862 135 10 13 0.026676646 
550 117 9 12 0.026565135 
971 89 15 17 0.02656135 
982 141 9 12 0.026557755 
920 17 8 10 0.026492277 
843 120 15 19 0.026375176 
806 61 10 13 0.026366133 
935 128 11 12 0.026365558 
1009 68 9 11 0.02632241 
853 84 13 16 0.026159164 
633 203 11 14 0.026095977 
556 480 32 44 0.02593838 
70 79 8 11 0.025915917 
975 81 10 11 0.02587396 
844 163 13 15 0.025846256 
926 160 11 14 0.025789047 
729 136 9 11 0.02569813 
286 142 8 12 0.025594907 
222 68 14 19 0.025494061 
662 115 11 13 0.025416689 
588 98 12 15 0.025362128 
190 105 11 15 0.025199719 
342 232 10 12 0.025144434 
407 70 9 10 0.025104728 
598 40 7 9 0.025067918 
703 31 8 10 0.025063261 
319 145 9 12 0.025024528 
622 117 14 16 0.025002588 
34 311 35 53 0.024953047 
756 76 11 13 0.024949871 
812 87 20 24 0.024897935 
878 135 11 13 0.024845483 
750 137 9 12 0.024815349 
974 173 12 14 0.024772862 
935 133 11 14 0.024770224 
837 234 17 20 0.024677614 
796 115 11 14 0.024665449 
753 73 9 10 0.024615217 
383 78 9 11 0.024610296 
663 152 9 12 0.024477879 
344 127 8 10 0.024448456 
503 180 9 12 0.024354149 
782 133 9 11 0.024349056 
963 109 11 13 0.024320912 
584 135 9 12 0.024319494 
614 117 12 15 0.024289535 
978 115 14 16 0.024142109 
806 154 10 14 0.02408859 
629 116 12 14 0.023992736 
53 120 9 11 0.023971835 
441 155 12 15 0.02396332 
455 78 9 10 0.023934841 
369 119 10 12 0.023871886 
501 158 10 11 0.023835571 
896 38 10 11 0.02381196 
756 93 10 12 0.023797419 
649 191 8 11 0.023697646 
893 24 8 11 0.023667926 
574 125 10 12 0.023650132 
590 166 11 13 0.023639811 
446 144 10 13 0.023585558 
415 69 10 11 0.023521477 
343 149 8 11 0.02351199 
688 152 10 12 0.023509093 
542 118 10 13 0.02350623 
790 55 8 10 0.023475278 
554 153 13 18 0.023432888 
660 106 13 16 0.023423925 
902 48 9 11 0.023329776 
487 138 12 15 0.02331314 
940 133 12 13 0.023244394 
676 156 10 12 0.023232412 
464 72 8 11 0.023097595 
974 270 25 37 0.023074824 
615 163 9 13 0.023018157 
828 275 17 21 0.022975855 
744 102 9 12 0.022956222 
436 170 13 16 0.022916768 
381 167 9 11 0.02278509 
408 54 8 10 0.022752067 
544 60 9 12 0.02273162 
672 116 8 11 0.022707047 
303 173 10 12 0.022696018 
862 163 9 12 0.022694072 
909 114 13 16 0.02268568 
546 70 9 11 0.022668507 
640 53 12 14 0.022550458 
63 128 9 12 0.022397427 
617 45 7 10 0.022374004 
726 79 8 11 0.022355031 
494 128 9 10 0.022330912 
783 158 9 11 0.02228508 
518 490 35 41 0.022218244 
965 168 9 11 0.02205123 
878 77 11 14 0.021956025 
792 61 8 11 0.021891363 
777 127 9 12 0.021875048 
892 98 10 13 0.021858906 
63 104 8 10 0.021787193 
353 523 41 55 0.021709599 
320 173 9 11 0.021703897 
560 212 12 15 0.021675026 
768 149 11 15 0.021659555 
53 215 10 12 0.02157222 
502 136 9 11 0.021544557 
800 61 10 12 0.021523908 
327 144 8 11 0.021495124 
865 191 10 13 0.021494146 
286 131 9 12 0.021485439 
599 46 9 11 0.021473221 
872 168 9 11 0.021470191 
805 77 12 14 0.021404216 
468 132 11 13 0.021398993 
523 180 11 13 0.021374365 
999 173 10 13 0.021369893 
927 62 9 11 0.021326883 
837 94 11 14 0.02131478 
441 145 10 12 0.021292921 
903 135 11 13 0.021239381 
662 298 24 29 0.02120378 
464 93 9 12 0.021172361 
599 53 9 12 0.02115463 
1012 165 11 17 0.021145273 
928 107 12 17 0.021132005 
858 46 8 10 0.021117838 
336 148 8 10 0.021094361 
823 53 11 13 0.021076802 
784 38 8 10 0.021066332 
981 107 13 16 0.021055838 
319 87 8 11 0.021040186 
886 166 9 11 0.02101289 
876 118 11 14 0.020948654 
428 208 10 11 0.020877715 
487 91 10 13 0.020875225 
951 58 11 13 0.020857139 
453 525 33 44 0.020779507 
66 79 8 10 0.0207522 
951 140 13 16 0.020713545 
517 86 8 11 0.02070419 
1014 141 10 15 0.02068456 
754 83 12 14 0.020672577 
724 421 16 18 0.020667866 
501 150 10 12 0.020592185 
1009 148 12 16 0.020554498 
814 83 14 18 0.020490885 
988 234 25 36 0.020472953 
545 186 10 13 0.020365063 
510 159 10 13 0.020321889 
439 109 9 11 0.020278051 
465 267 23 30 0.02024428 
699 57 12 15 0.02023103 
904 147 10 12 0.020227306 
657 125 9 11 0.020183759 
311 102 9 11 0.020087833 
114 286 37 48 0.020019408 
