49_Greeting_peoplegreeting_49_991
39
638 163 13 16 0.8215499 
460 102 12 15 0.55798924 
611 188 13 16 0.49555737 
405 182 11 14 0.29543215 
783 111 11 14 0.2254863 
828 145 13 17 0.22216266 
812 134 13 15 0.21929045 
214 379 55 54 0.1276689 
808 138 14 17 0.102350414 
60 81 209 283 0.081044495 
397 185 14 17 0.07872932 
708 110 11 13 0.06286095 
820 133 10 14 0.058370166 
669 231 10 12 0.053594347 
814 129 11 13 0.052396998 
630 268 13 17 0.048641663 
822 142 13 16 0.04724305 
648 258 22 27 0.04584971 
20 471 105 113 0.042332623 
176 289 27 32 0.041819293 
607 192 14 16 0.04091072 
831 212 9 13 0.040431745 
582 279 16 20 0.03638504 
422 178 13 17 0.034000278 
187 302 16 22 0.033015214 
564 417 367 503 0.03214799 
159 294 32 38 0.030900003 
596 277 15 20 0.029854849 
412 178 13 18 0.028880082 
784 105 10 14 0.028257363 
812 143 14 16 0.027948147 
392 180 14 17 0.027239723 
168 295 19 23 0.02698564 
614 201 11 14 0.022526601 
431 343 374 493 0.022406286 
641 167 15 18 0.022090493 
397 175 14 17 0.021333354 
468 106 13 17 0.020939039 
648 21 396 432 0.02000439 
