49_Greeting_peoplegreeting_49_53
97
437 338 54 71 0.9989291 
328 644 68 93 0.9983203 
795 394 64 83 0.99770737 
775 669 68 86 0.99762875 
666 213 51 71 0.99643636 
85 387 58 79 0.9959901 
223 336 44 68 0.9946714 
568 172 40 64 0.99461514 
348 338 40 64 0.9880955 
705 293 39 59 0.9694957 
174 287 41 64 0.8750894 
113 346 49 72 0.87184644 
225 218 49 70 0.7917144 
332 234 36 53 0.76062405 
827 331 39 57 0.75497985 
684 383 47 64 0.40494204 
391 687 56 76 0.2944005 
233 254 45 69 0.28097507 
848 287 43 65 0.27573583 
508 272 50 61 0.25804287 
222 139 29 34 0.24570414 
452 1163 15 16 0.22054805 
215 126 45 58 0.18373635 
240 205 62 75 0.16836832 
363 -1 18 15 0.15772463 
198 296 39 56 0.12998503 
690 59 36 46 0.11070683 
356 669 78 95 0.09917206 
536 6 35 43 0.098026276 
223 283 43 61 0.09773167 
190 1334 48 51 0.07160187 
261 198 44 50 0.07157503 
214 301 50 75 0.06460274 
786 113 41 54 0.06375927 
775 39 32 38 0.059757125 
499 245 50 64 0.058608733 
151 348 42 60 0.055223145 
204 267 46 74 0.054707617 
219 220 34 50 0.05338705 
707 373 50 69 0.053316433 
367 622 37 42 0.052491147 
372 605 13 13 0.051648922 
808 350 57 76 0.05150487 
582 135 16 21 0.049698945 
577 148 48 63 0.048546944 
111 642 342 470 0.04813969 
524 1064 201 248 0.045177873 
815 265 64 71 0.041919127 
1 81 28 49 0.04099944 
533 406 33 45 0.040846817 
382 169 37 45 0.03908445 
562 235 27 37 0.039036233 
309 208 53 75 0.037831612 
602 4 27 34 0.03737733 
198 362 37 48 0.03637664 
585 120 48 59 0.035925988 
414 23 50 71 0.03506683 
585 178 34 47 0.03506327 
-5 499 68 134 0.03416198 
977 1091 12 17 0.03368812 
450 802 55 74 0.033520382 
180 346 39 62 0.03321964 
599 306 40 55 0.03205494 
769 641 63 76 0.03197399 
719 291 48 68 0.03187879 
263 273 32 42 0.031078368 
197 101 54 75 0.030567124 
812 127 16 21 0.030462112 
174 3 33 22 0.029337611 
344 245 38 48 0.029327044 
275 187 50 62 0.029300388 
369 330 46 62 0.029272795 
240 179 53 68 0.02911168 
853 315 33 49 0.028244536 
539 925 17 22 0.027894499 
282 215 55 70 0.027722111 
572 100 96 116 0.027642213 
789 483 38 48 0.026840232 
625 338 30 39 0.026826553 
833 316 33 41 0.026566103 
273 250 34 50 0.024757488 
248 239 41 48 0.024730353 
843 338 34 45 0.024335666 
552 0 31 41 0.02388302 
772 87 24 34 0.023363095 
445 1139 13 16 0.023354435 
799 325 52 67 0.023300339 
448 1157 24 26 0.023240905 
349 303 54 65 0.022971228 
677 165 30 35 0.02283948 
506 82 33 34 0.02175219 
654 161 42 54 0.021533003 
803 117 26 35 0.021171365 
797 93 33 45 0.020529803 
601 133 31 35 0.020508617 
472 76 51 60 0.020143569 
1 347 42 65 0.020081116 
