5_Car_Accident_Accident_5_287
50
850 35 16 20 0.97301686 
895 65 14 18 0.21290079 
84 188 13 18 0.20922975 
381 96 8 10 0.09054758 
31 190 24 33 0.083574995 
158 138 10 14 0.07958789 
684 117 10 12 0.065107055 
659 129 45 57 0.062031448 
303 201 14 21 0.057145726 
222 210 22 33 0.056699246 
150 159 10 14 0.052410346 
460 -8 123 146 0.044649232 
405 152 14 16 0.044017226 
439 6 10 12 0.042896442 
911 45 13 16 0.042812344 
366 175 12 15 0.041371662 
394 165 14 15 0.040550906 
825 110 9 12 0.03844811 
925 25 14 17 0.035618577 
389 127 10 12 0.034316193 
685 112 10 12 0.033140287 
856 167 41 59 0.031925637 
156 50 74 116 0.030803693 
159 38 443 455 0.030316724 
887 61 11 16 0.029621545 
401 550 10 11 0.029517133 
415 131 11 13 0.028762987 
680 101 9 9 0.028641652 
154 134 8 11 0.027988255 
736 100 8 10 0.027838906 
476 32 10 13 0.027613154 
782 92 12 15 0.027319087 
759 118 9 10 0.025850395 
782 137 12 14 0.025798354 
397 156 13 15 0.025479056 
191 197 10 12 0.025164586 
750 117 9 11 0.025003964 
34 -10 208 227 0.024631748 
817 54 8 10 0.024392968 
152 120 9 12 0.024202911 
750 111 8 11 0.023370404 
150 125 9 12 0.021665255 
361 176 11 12 0.021663928 
888 28 11 14 0.02151418 
359 165 26 31 0.021199454 
99 226 16 21 0.02062443 
27 178 39 52 0.020563522 
197 196 10 12 0.020456722 
831 155 14 17 0.020235378 
879 39 10 12 0.020191966 
