5_Car_Accident_Accident_5_34
52
762 65 25 32 0.99143195 
691 51 18 24 0.95980746 
607 61 21 28 0.9467067 
526 69 14 19 0.8174202 
94 76 12 15 0.15207368 
448 242 35 46 0.119202256 
635 9 15 16 0.08899578 
564 4 17 20 0.08057872 
702 34 39 48 0.072753884 
69 189 373 425 0.06501015 
717 54 27 34 0.06027341 
526 95 9 11 0.056835625 
651 74 12 14 0.048080824 
41 64 19 28 0.04710225 
217 273 221 257 0.045862727 
710 24 31 33 0.04421398 
610 2 16 18 0.043769367 
982 7 15 18 0.042428035 
710 58 13 16 0.041560065 
985 3 25 30 0.03821539 
612 56 12 15 0.035388295 
679 37 8 10 0.03472558 
643 3 15 16 0.034175314 
1005 236 12 16 0.033229195 
886 5 22 31 0.032995284 
359 71 9 11 0.03110071 
247 116 45 58 0.030860323 
892 1 12 12 0.030184466 
157 33 12 15 0.028859321 
619 34 13 15 0.028270401 
836 58 18 21 0.02758237 
888 4 12 15 0.027444754 
563 211 103 136 0.02619774 
620 3 14 16 0.025682647 
453 238 18 26 0.025543015 
1000 244 11 14 0.02440142 
708 64 14 18 0.024145436 
706 52 24 29 0.023971984 
760 35 12 14 0.02388623 
990 70 25 42 0.02372008 
219 254 481 471 0.02344548 
717 56 15 18 0.02279258 
422 255 48 63 0.022653667 
737 73 14 19 0.022646256 
644 69 21 25 0.022282954 
729 63 22 32 0.02169514 
972 7 16 18 0.021609945 
878 26 14 19 0.021580318 
530 62 14 19 0.021113051 
651 82 16 19 0.020567728 
408 57 11 13 0.020174613 
151 34 13 16 0.020025125 
