5_Car_Accident_Car_Crash_5_38
96
0 228 22 33 0.90011114 
832 234 11 13 0.56210685 
777 238 11 14 0.5152394 
324 92 46 40 0.4978597 
941 245 11 13 0.4651509 
69 269 14 19 0.46453604 
440 125 25 27 0.19804706 
915 237 9 13 0.18139313 
358 97 46 51 0.1279949 
888 243 9 11 0.107542396 
367 118 33 40 0.09354061 
705 434 115 120 0.091209374 
525 430 17 22 0.068487465 
339 99 47 52 0.067408815 
428 122 42 50 0.06657966 
797 279 13 18 0.06605822 
893 238 11 14 0.06466055 
777 262 18 20 0.06397605 
427 419 28 37 0.05738423 
306 72 49 48 0.05147215 
855 301 12 17 0.049460478 
427 125 27 31 0.047847867 
402 113 24 31 0.04680304 
963 289 20 20 0.04530411 
37 451 30 35 0.04384439 
428 137 15 18 0.043250263 
878 238 11 14 0.042345624 
862 247 10 12 0.04231528 
304 56 42 38 0.04212605 
902 271 8 10 0.040111106 
102 262 40 51 0.039228905 
110 194 12 16 0.038870685 
669 207 127 143 0.038287476 
373 108 49 57 0.038064864 
879 220 12 14 0.038042206 
128 203 11 14 0.037317276 
308 434 246 196 0.036389105 
898 219 12 13 0.035648126 
924 235 11 13 0.035277907 
913 232 10 13 0.033489756 
392 97 28 39 0.03146487 
66 259 22 26 0.031229328 
798 311 17 23 0.031077173 
536 437 28 33 0.030683488 
305 95 42 50 0.03052108 
318 116 54 68 0.030018853 
813 412 73 88 0.029787686 
377 126 19 24 0.02975188 
894 251 11 13 0.02957756 
421 153 44 63 0.028486842 
917 232 11 13 0.028209731 
775 249 21 27 0.027972046 
886 333 9 13 0.027920697 
877 134 31 41 0.02788374 
424 136 27 32 0.027880188 
884 219 14 16 0.02784778 
808 238 9 11 0.027594516 
495 121 14 16 0.027404206 
895 215 12 13 0.02736452 
428 373 13 14 0.027123293 
916 242 10 12 0.026874505 
866 324 15 21 0.02663967 
871 234 13 16 0.025954066 
439 401 42 56 0.025651189 
837 242 12 14 0.025338797 
788 245 11 13 0.024799278 
572 377 37 54 0.024786457 
830 224 12 15 0.024743885 
774 234 18 23 0.02473469 
133 203 12 15 0.024657946 
451 116 26 32 0.024368696 
886 226 12 14 0.02431754 
68 255 14 17 0.024062857 
506 431 18 23 0.023822859 
417 409 48 57 0.023458445 
499 147 15 18 0.023324946 
414 115 24 30 0.023293834 
937 239 11 14 0.023170311 
862 221 11 16 0.023169411 
401 393 87 104 0.023163045 
494 424 26 32 0.023074336 
500 429 15 19 0.022887379 
844 229 10 14 0.022851719 
347 121 37 46 0.022838078 
876 226 13 16 0.022399845 
911 328 10 12 0.022092028 
513 427 27 32 0.021961344 
428 153 27 38 0.02147544 
773 250 14 19 0.021442082 
937 250 12 13 0.02142271 
574 114 46 51 0.021238398 
401 173 45 70 0.021087619 
491 431 17 22 0.021046944 
463 113 24 31 0.020912591 
36 250 14 17 0.020610683 
407 426 28 35 0.020536335 
