5_Car_Accident_Car_Crash_5_574
316
778 150 28 39 0.9927705 
746 143 25 35 0.9606129 
734 490 16 19 0.5629153 
207 135 32 42 0.55586076 
134 171 13 15 0.51016784 
353 164 16 21 0.5030901 
92 166 12 15 0.40092015 
413 140 23 30 0.34722835 
733 149 31 33 0.30626708 
11 153 14 18 0.2499962 
54 137 14 17 0.21990311 
25 140 9 12 0.17476691 
692 478 16 19 0.17471403 
629 484 12 15 0.16769156 
934 375 11 13 0.15186833 
674 635 43 55 0.12700963 
732 494 23 27 0.11558515 
36 196 34 51 0.11319093 
112 142 11 14 0.10979161 
255 674 10 14 0.10882685 
744 443 14 17 0.10813835 
777 306 15 20 0.107221454 
566 457 48 55 0.10676443 
311 719 8 11 0.10388234 
921 335 8 11 0.09317961 
702 523 13 15 0.08852211 
664 487 11 14 0.08728643 
787 385 12 15 0.08592341 
342 714 11 13 0.083128974 
189 142 41 39 0.08171913 
306 748 11 13 0.08163787 
726 457 12 14 0.08050129 
708 405 11 16 0.07856917 
871 358 10 11 0.07479883 
816 365 10 13 0.07300112 
791 412 11 14 0.072187796 
173 128 27 41 0.072105 
6 154 22 29 0.07082788 
813 432 11 13 0.06818531 
320 695 8 10 0.06791562 
879 415 9 10 0.066712044 
570 535 26 33 0.065378785 
813 480 9 10 0.0643473 
724 474 16 19 0.063899085 
981 593 12 15 0.06379956 
294 149 10 13 0.06322694 
725 479 22 25 0.06271518 
889 372 11 15 0.062394634 
862 372 11 13 0.0622745 
719 499 13 16 0.060495235 
98 165 11 13 0.059072815 
902 380 11 14 0.058711864 
990 702 9 12 0.058178186 
424 137 18 22 0.057870828 
938 302 9 11 0.0569192 
910 592 10 13 0.05642183 
877 357 9 11 0.055781484 
929 405 10 13 0.055218782 
128 167 20 25 0.05421583 
741 417 14 17 0.054054502 
64 85 8 10 0.053284604 
292 703 12 14 0.052272458 
49 141 11 14 0.0516011 
759 148 24 36 0.05091934 
785 372 12 14 0.05069475 
51 172 13 18 0.048504256 
786 508 12 13 0.04792473 
919 366 9 11 0.047763705 
739 540 12 15 0.047668878 
531 567 15 19 0.04663501 
892 612 14 18 0.04640158 
806 432 15 18 0.04545895 
544 654 10 12 0.04472348 
321 717 11 15 0.044410706 
377 157 24 29 0.043780707 
335 715 12 14 0.042882387 
888 397 9 11 0.042742778 
59 157 12 13 0.042528667 
738 533 12 16 0.042394575 
489 196 11 15 0.04203503 
873 412 9 11 0.041881356 
874 683 14 22 0.041169282 
877 352 10 12 0.04110535 
237 682 12 17 0.040879916 
6 134 9 12 0.04085888 
559 629 10 11 0.040837802 
822 499 9 12 0.04077986 
817 407 8 10 0.04075995 
138 95 7 10 0.040690634 
678 474 13 15 0.040402826 
799 487 12 15 0.04036193 
406 181 30 38 0.04019427 
159 111 11 14 0.03986679 
590 631 10 12 0.039521273 
342 167 15 20 0.0389971 
731 471 12 15 0.03896891 
687 475 14 17 0.03861849 
525 632 13 14 0.038229324 
770 539 29 33 0.037812278 
694 471 13 18 0.03752237 
893 376 12 15 0.037480045 
667 490 11 15 0.03735942 
625 478 21 25 0.037132647 
871 407 8 11 0.03709001 
526 559 26 31 0.03707202 
256 639 10 12 0.036810525 
358 292 30 34 0.036567234 
864 430 9 10 0.036452845 
847 348 11 12 0.036440153 
704 577 13 16 0.03630309 
840 476 11 13 0.035969418 
63 80 8 10 0.035536356 
916 413 9 11 0.03551057 
479 643 10 12 0.035491772 
695 457 14 16 0.035330325 
888 521 8 9 0.035233986 
76 181 9 12 0.034904074 
894 716 14 19 0.034878172 
54 166 10 14 0.03476604 
13 141 11 13 0.03470777 
61 135 12 15 0.034266125 
781 375 20 24 0.03401218 
889 367 9 12 0.033702478 
736 404 10 15 0.033594135 
42 176 22 31 0.03326112 
805 484 11 14 0.033175148 
918 406 8 12 0.03294042 
687 502 11 14 0.03277846 
60 143 13 17 0.032744315 
914 334 9 11 0.03268412 
304 735 11 12 0.032281112 
878 341 9 12 0.032174796 
740 425 14 17 0.032076597 
997 422 9 10 0.031884506 
913 405 9 12 0.031870894 
832 310 10 13 0.031543642 
869 365 10 13 0.031387627 
1008 416 8 10 0.031327747 
406 483 14 16 0.031097807 
455 533 26 35 0.031088512 
957 302 8 11 0.030838074 
422 671 9 11 0.0307613 
342 249 97 130 0.03062751 
549 368 35 51 0.030543115 
837 372 10 12 0.030497048 
305 724 10 11 0.030393654 
704 331 12 15 0.030361334 
624 556 24 26 0.030327043 
839 365 11 14 0.030317772 
555 342 28 40 0.029968493 
887 359 9 11 0.029902223 
854 420 10 11 0.02989878 
663 479 20 25 0.029810617 
822 307 11 14 0.029704833 
93 111 9 11 0.029545935 
60 163 12 14 0.029499922 
742 404 13 15 0.029365331 
66 141 11 13 0.0293534 
747 508 12 17 0.029264852 
708 516 13 16 0.02920761 
163 120 28 43 0.029066497 
51 194 13 19 0.029027805 
723 492 22 26 0.028830333 
964 697 14 18 0.028823562 
34 273 49 65 0.028813742 
1002 316 9 13 0.028565103 
760 502 13 15 0.028439207 
334 679 9 11 0.028245924 
592 466 34 39 0.02819947 
56 95 8 9 0.027774563 
609 469 28 32 0.027623316 
894 397 9 12 0.027623173 
738 502 23 28 0.02749289 
864 405 10 13 0.027421098 
732 544 18 21 0.02725198 
407 146 15 19 0.027020449 
880 420 9 11 0.026998978 
323 723 11 13 0.026870424 
950 344 9 11 0.02680537 
705 458 15 19 0.026725017 
90 160 21 25 0.026680281 
737 485 22 28 0.026670137 
47 147 10 13 0.026665946 
681 467 24 28 0.02663368 
731 460 10 13 0.026470974 
562 451 37 39 0.026451154 
10 168 15 22 0.026449963 
961 367 10 12 0.026415832 
105 193 24 30 0.026178304 
736 412 12 16 0.026130527 
680 503 11 14 0.0261012 
317 491 12 15 0.025845971 
692 463 23 28 0.025713166 
228 667 13 16 0.02567016 
6 139 12 14 0.025666246 
687 493 13 15 0.025655065 
243 658 15 17 0.025525844 
932 399 13 15 0.025459033 
601 642 13 15 0.025198048 
344 178 171 213 0.025097506 
246 675 13 16 0.024941558 
823 493 11 14 0.024907945 
737 417 24 27 0.0247989 
671 476 13 15 0.024746604 
903 350 10 12 0.024719102 
56 197 25 38 0.024648406 
646 498 13 18 0.02463435 
499 642 16 17 0.024630884 
312 660 9 12 0.024628371 
747 539 14 17 0.024296131 
403 474 25 30 0.024203746 
703 407 13 18 0.024117349 
821 371 10 12 0.024033312 
861 336 9 11 0.024028465 
845 364 11 15 0.023995839 
942 333 9 11 0.023930192 
848 290 11 14 0.02390548 
903 550 9 10 0.023851676 
118 136 9 12 0.023848636 
413 122 11 15 0.023845037 
1008 419 10 12 0.023830326 
692 490 14 16 0.023827132 
832 375 8 10 0.02381619 
549 639 11 13 0.023610976 
704 428 13 16 0.02353403 
854 342 11 12 0.023513505 
740 432 22 26 0.023478609 
65 127 9 11 0.02344598 
653 593 16 18 0.023365684 
519 637 12 15 0.023341343 
672 470 13 14 0.023332903 
451 130 14 20 0.023297675 
593 547 25 27 0.023297587 
319 689 8 11 0.023256695 
580 543 28 30 0.023252228 
804 491 12 16 0.023048434 
747 353 12 15 0.023037082 
93 118 10 12 0.022997262 
815 360 10 12 0.022956913 
599 637 23 27 0.022946691 
887 723 15 17 0.022940729 
767 524 26 31 0.022933159 
798 388 9 13 0.022828732 
935 390 11 13 0.022818642 
918 294 8 9 0.022806365 
916 398 10 13 0.022797696 
245 626 10 12 0.022733374 
833 366 9 13 0.022719694 
552 135 9 10 0.022707598 
653 492 22 28 0.022702059 
894 392 9 12 0.022697058 
895 334 9 12 0.022671958 
1014 350 9 12 0.022650229 
599 638 11 14 0.02261717 
21 147 12 15 0.022594001 
805 297 15 17 0.022537967 
511 196 10 13 0.022536669 
5 129 9 11 0.022527983 
869 532 13 16 0.02252407 
116 115 9 12 0.022411607 
620 474 16 21 0.022405371 
47 166 11 15 0.022322923 
685 460 15 16 0.022190956 
288 708 12 14 0.022080166 
533 471 16 19 0.022047687 
326 712 10 13 0.022024212 
668 498 11 14 0.021988273 
937 333 9 11 0.021954183 
224 140 17 26 0.021924555 
719 546 13 16 0.02187295 
689 568 25 32 0.021849785 
678 483 12 15 0.021835385 
900 375 11 14 0.021778297 
945 327 9 12 0.021723043 
690 568 14 18 0.021635411 
709 399 9 14 0.021579312 
510 640 10 13 0.021576745 
344 733 11 13 0.02150321 
545 640 10 12 0.021492772 
369 482 18 22 0.021452662 
673 472 24 29 0.021439673 
911 303 9 11 0.02141665 
265 467 22 26 0.021409761 
283 141 14 16 0.021384403 
806 423 10 12 0.021372851 
864 412 9 12 0.021370843 
411 189 35 44 0.021335961 
751 383 10 12 0.021232558 
645 456 17 20 0.021210615 
304 236 12 16 0.021190546 
887 439 8 10 0.021112574 
373 161 17 22 0.021003945 
39 135 8 11 0.020982353 
333 309 46 71 0.020957107 
646 423 11 12 0.020918222 
1000 311 10 12 0.020845463 
829 396 11 14 0.020843538 
691 126 24 32 0.020812962 
936 309 9 10 0.020780267 
866 358 9 10 0.020752722 
862 423 10 12 0.0207477 
119 62 9 11 0.020727249 
886 422 9 11 0.020530272 
756 513 16 19 0.020517766 
407 139 39 46 0.020392012 
786 411 11 15 0.02037648 
295 171 10 13 0.020272374 
280 136 10 13 0.020224484 
17 155 13 17 0.020134898 
293 654 10 11 0.020113807 
926 310 8 10 0.02005059 
687 417 13 16 0.020048246 
458 120 21 28 0.02002865 
37 164 14 17 0.020024274 
917 373 9 10 0.020019634 
522 690 12 17 0.020009393 
