5_Car_Accident_Accident_5_642
92
581 745 14 17 0.94468963 
59 672 13 17 0.84041053 
491 649 29 35 0.7835102 
540 747 10 13 0.7370214 
434 216 95 109 0.4697956 
493 617 14 19 0.39384514 
699 741 17 18 0.2370221 
477 717 12 16 0.182481 
545 764 10 12 0.18168914 
475 708 13 16 0.11860918 
752 636 10 13 0.09871596 
635 763 17 19 0.09193628 
825 407 135 103 0.08786281 
49 699 17 20 0.08254351 
633 770 17 19 0.07918031 
557 816 17 22 0.07715002 
455 764 10 12 0.07673167 
500 631 22 28 0.06870032 
367 726 11 14 0.06448153 
637 753 15 18 0.064436615 
212 422 50 53 0.06251869 
520 735 9 11 0.05704074 
80 78 234 295 0.05324026 
534 764 8 11 0.049377687 
486 282 15 19 0.04550334 
589 642 10 12 0.045275886 
571 763 11 13 0.04502798 
792 1030 53 62 0.044719826 
695 773 12 14 0.044223495 
594 709 10 12 0.04170829 
550 761 9 11 0.040356535 
483 708 11 14 0.03986456 
199 869 30 35 0.03910014 
461 760 9 12 0.038538955 
541 758 11 13 0.038364366 
169 994 32 38 0.038281098 
704 760 30 31 0.038187522 
44 669 10 12 0.037593555 
276 581 439 475 0.03682061 
469 202 63 83 0.036367454 
66 676 12 15 0.036327668 
705 745 15 17 0.03535003 
569 704 9 11 0.03476579 
346 725 14 17 0.034598615 
599 790 46 54 0.03409161 
537 791 9 12 0.03379569 
265 731 15 18 0.033439513 
0 649 10 15 0.03323669 
527 759 10 12 0.032753527 
614 759 9 11 0.031620078 
585 672 23 31 0.03146801 
641 750 11 13 0.031401828 
428 243 12 15 0.030791018 
567 783 9 11 0.030071387 
633 749 11 13 0.030002948 
807 718 20 27 0.0293897 
529 764 9 11 0.029203983 
559 767 10 12 0.029019529 
494 632 14 16 0.028540965 
334 726 11 16 0.028320584 
32 603 184 236 0.02767976 
56 664 10 13 0.027126318 
407 619 9 11 0.026388172 
478 759 14 15 0.026018744 
415 623 8 9 0.025695032 
562 782 9 11 0.02423176 
357 732 12 15 0.02347608 
609 759 8 10 0.023401247 
472 700 12 16 0.0233972 
791 633 15 17 0.023292923 
40 665 10 12 0.023284113 
480 639 28 37 0.023252904 
511 735 9 12 0.023029368 
486 629 12 16 0.023024904 
574 722 12 14 0.022837928 
717 748 12 16 0.022832425 
391 235 52 63 0.022795163 
472 181 52 67 0.02251157 
359 725 11 15 0.022475928 
46 664 10 12 0.022359358 
709 769 17 18 0.022075446 
491 261 15 15 0.021480566 
456 742 9 13 0.02142993 
602 793 28 32 0.021291379 
336 717 9 12 0.021193782 
470 694 11 16 0.021139812 
473 723 11 14 0.021092683 
474 238 60 74 0.020869246 
592 715 11 13 0.020726562 
513 768 8 10 0.02066641 
452 718 10 13 0.020518932 
527 644 14 18 0.020160582 
