5_Car_Accident_Car_Crash_5_279
61
339 6 33 36 0.98999375 
663 349 28 39 0.5547895 
967 444 13 14 0.1291119 
267 505 89 117 0.111515164 
249 18 24 30 0.0861732 
170 262 85 109 0.07409018 
210 251 94 106 0.07253482 
104 185 34 51 0.07154507 
2 340 13 18 0.05540628 
718 252 14 18 0.051039577 
701 254 37 51 0.04994085 
659 322 15 21 0.049505148 
717 248 25 30 0.047103297 
468 407 54 74 0.039184056 
463 138 110 136 0.038991407 
408 161 67 79 0.03897508 
319 32 10 12 0.03876307 
234 284 96 108 0.03817141 
994 470 27 45 0.03775937 
667 368 20 28 0.036669895 
790 357 15 15 0.03612146 
963 438 22 27 0.034680996 
19 278 64 69 0.03252035 
748 316 11 14 0.032484826 
346 32 19 23 0.032422688 
655 331 30 37 0.032299217 
534 76 13 15 0.031198539 
105 176 58 75 0.030958088 
708 266 16 21 0.03041021 
171 646 25 36 0.029224193 
767 304 55 60 0.029061938 
11 242 26 34 0.028982578 
775 360 33 38 0.028548682 
54 191 31 38 0.027831493 
763 342 52 63 0.026782086 
438 154 176 207 0.026673593 
260 268 67 77 0.02661392 
235 434 37 39 0.025920758 
420 135 107 124 0.025727125 
716 301 48 66 0.024824817 
620 209 31 34 0.02452342 
645 313 25 34 0.024336826 
0 335 22 31 0.024269395 
728 382 11 14 0.02423653 
285 107 18 20 0.02417895 
92 146 96 124 0.023911906 
729 250 15 18 0.023908585 
710 268 49 66 0.023036238 
915 477 29 38 0.022695355 
882 389 51 65 0.022479583 
740 414 15 16 0.02246078 
793 362 15 17 0.022338655 
696 268 27 34 0.022296896 
734 291 49 62 0.022008654 
659 336 16 21 0.021854233 
176 650 10 15 0.021592187 
152 153 103 124 0.021318307 
469 367 93 98 0.021243831 
683 271 26 32 0.021041006 
672 346 19 26 0.020407032 
176 248 59 77 0.020226596 
