5_Car_Accident_Accident_5_628
208
266 278 28 35 0.9965754 
376 150 23 29 0.9851812 
176 218 22 30 0.981337 
230 235 22 28 0.97948956 
856 203 23 30 0.9739489 
156 309 32 44 0.90595365 
915 239 22 26 0.8762081 
328 216 24 29 0.8582553 
76 216 24 28 0.8536032 
440 189 21 27 0.75163877 
937 288 27 30 0.631956 
580 26 25 37 0.5772878 
283 175 18 24 0.48603225 
45 150 21 27 0.42752254 
-1 240 16 33 0.4236068 
372 84 30 36 0.411593 
379 202 31 41 0.36211923 
946 337 26 36 0.32073107 
578 262 46 58 0.30044132 
905 196 26 31 0.28961638 
849 322 29 35 0.26012298 
961 340 26 35 0.2161232 
225 282 32 39 0.19658172 
856 272 25 31 0.19640052 
927 297 26 32 0.18777838 
846 307 27 34 0.18763426 
803 265 35 40 0.18181458 
493 359 46 52 0.16769648 
202 269 23 30 0.16468304 
417 97 16 23 0.16441593 
1 169 19 25 0.15268989 
75 258 29 38 0.15191762 
386 187 39 51 0.11209812 
828 388 45 61 0.11107047 
90 345 41 43 0.1031943 
43 238 22 29 0.10082448 
648 279 41 54 0.09991472 
924 411 17 22 0.095303446 
517 351 43 50 0.09420682 
335 184 26 32 0.092914514 
700 319 23 31 0.09139568 
918 303 23 29 0.09126735 
799 192 26 30 0.089913346 
127 211 27 34 0.08877454 
947 279 24 34 0.08621891 
463 353 52 63 0.0844937 
211 267 25 32 0.0842141 
941 552 16 19 0.0812042 
330 200 38 48 0.080836535 
935 334 25 36 0.069003366 
956 276 15 21 0.06826424 
938 300 29 35 0.061914418 
897 210 24 31 0.06143837 
1008 97 16 30 0.061300043 
636 251 25 32 0.06091577 
111 393 55 70 0.060911484 
22 194 17 21 0.060351998 
885 361 18 23 0.06001823 
189 273 30 38 0.05966632 
900 491 27 30 0.059568405 
527 335 44 52 0.058794394 
859 311 26 32 0.056372225 
276 231 17 20 0.05521233 
77 235 38 53 0.054144077 
908 223 26 34 0.0539666 
171 170 15 18 0.05395915 
997 355 24 33 0.053905524 
399 179 27 33 0.05277415 
799 280 34 38 0.052238192 
964 509 15 20 0.05123525 
219 410 29 41 0.051212907 
38 249 23 29 0.049573474 
661 272 36 43 0.049002256 
349 180 24 28 0.04892309 
875 234 25 32 0.047329415 
36 264 16 20 0.04728954 
850 291 28 35 0.046443556 
977 496 36 52 0.04265639 
851 186 39 45 0.042485304 
405 95 26 32 0.039510135 
938 314 30 39 0.039455567 
412 200 15 20 0.039183535 
723 162 50 63 0.038527243 
250 508 52 63 0.038115736 
199 275 34 46 0.038050108 
988 247 36 61 0.037583724 
507 367 20 24 0.03740227 
388 59 15 19 0.037362337 
969 350 34 40 0.037318204 
222 262 29 36 0.036749933 
966 507 23 29 0.03565892 
339 384 25 28 0.03550246 
923 285 25 34 0.035303243 
583 27 43 54 0.0352691 
384 94 29 33 0.035236448 
291 172 22 29 0.035099022 
864 259 28 38 0.034718946 
11 162 15 19 0.034300625 
900 334 18 21 0.034237154 
180 202 16 17 0.034059253 
225 229 36 45 0.03386587 
433 186 39 49 0.03366177 
239 278 30 38 0.033345614 
910 324 27 31 0.03277522 
482 371 34 37 0.03270366 
781 219 16 19 0.03255883 
866 267 17 23 0.03184557 
801 227 15 18 0.031158654 
737 142 25 32 0.030858452 
403 177 18 20 0.030332047 
6 175 25 32 0.03006551 
952 288 27 34 0.030020509 
160 497 107 116 0.029724007 
733 374 46 58 0.029713325 
24 150 23 30 0.0290392 
642 266 30 39 0.028996095 
579 232 50 61 0.028833311 
883 372 25 28 0.02865334 
592 39 18 23 0.028648365 
133 302 41 52 0.028608281 
720 333 25 35 0.02859281 
911 397 27 31 0.028533172 
815 227 26 30 0.028507765 
365 94 28 34 0.028467832 
835 305 24 33 0.02837816 
214 491 58 72 0.028151963 
325 180 22 28 0.028129749 
956 238 24 27 0.028000867 
924 310 27 35 0.027920244 
816 259 18 19 0.027876284 
886 339 24 30 0.02770901 
892 217 17 22 0.02751849 
608 164 23 30 0.027498094 
490 377 16 18 0.027445823 
688 218 17 20 0.027395902 
377 201 55 64 0.02732016 
894 393 16 20 0.027284468 
406 195 24 31 0.027264437 
439 83 26 32 0.026883975 
959 303 27 36 0.026793405 
727 344 28 36 0.026686631 
178 297 30 42 0.026560493 
378 72 30 37 0.026339477 
828 336 49 60 0.026239224 
77 344 33 40 0.02607985 
49 163 19 24 0.026044255 
315 424 14 18 0.025949348 
839 367 47 62 0.025867641 
898 390 29 33 0.025831832 
931 405 26 30 0.025679713 
997 244 24 36 0.025430877 
779 226 17 21 0.0252719 
373 280 104 117 0.025197797 
18 154 16 22 0.02511565 
20 199 24 29 0.0249548 
660 202 22 29 0.024933308 
343 188 29 35 0.024791652 
532 358 17 22 0.024720432 
736 350 31 32 0.024692269 
927 241 17 20 0.024623323 
991 478 12 16 0.024523892 
302 235 20 29 0.024201257 
236 402 40 52 0.02413027 
863 206 26 33 0.023875816 
730 122 27 32 0.023867773 
954 320 46 54 0.023840683 
379 56 25 31 0.02381608 
884 277 23 32 0.023758322 
566 23 28 33 0.023754045 
314 161 26 30 0.023628702 
75 226 29 38 0.023533903 
926 327 26 34 0.023344632 
28 270 30 35 0.023298498 
176 200 25 32 0.023261819 
323 104 15 19 0.023126852 
211 261 16 24 0.022960573 
449 87 28 37 0.022884393 
931 310 16 21 0.022786608 
39 152 17 22 0.022729892 
595 168 28 36 0.022665244 
815 287 31 38 0.022544727 
100 315 34 36 0.022475464 
596 6 47 57 0.022426534 
793 197 41 48 0.02241382 
937 211 41 50 0.022137806 
415 314 100 119 0.022043725 
599 275 48 60 0.022014253 
384 144 25 32 0.021630323 
366 92 17 20 0.021609858 
800 221 13 16 0.02158768 
464 394 53 68 0.021392245 
383 56 14 18 0.021349223 
632 295 44 53 0.021345219 
96 243 26 37 0.021334978 
98 330 37 40 0.02125545 
847 367 26 37 0.021243008 
34 178 22 29 0.021196883 
30 257 17 22 0.02115129 
201 406 41 55 0.020944208 
732 364 35 39 0.020864459 
950 510 25 31 0.020780185 
901 233 26 34 0.020725304 
740 178 53 65 0.020704003 
408 107 27 32 0.020654378 
917 416 24 29 0.020640867 
899 317 27 33 0.020593675 
476 196 28 37 0.020301126 
894 331 15 21 0.02000595 
