5_Car_Accident_Accident_5_243
39
391 112 10 12 0.6282218 
456 100 9 12 0.19603823 
476 104 10 14 0.13872074 
379 123 12 14 0.086289436 
366 127 8 12 0.07545011 
376 119 12 14 0.06696274 
373 180 11 13 0.06505032 
443 210 191 242 0.05496213 
416 124 10 12 0.052030426 
432 104 8 10 0.051897995 
395 115 10 13 0.051468782 
421 124 11 13 0.044768255 
345 75 10 13 0.039808873 
408 126 9 12 0.03585982 
345 164 10 13 0.035748605 
398 126 9 13 0.033957783 
485 65 28 42 0.033564687 
481 47 45 68 0.032759797 
430 108 9 11 0.029587733 
404 179 13 16 0.027514534 
437 101 9 12 0.027365344 
361 130 10 14 0.027345533 
381 130 12 14 0.026036372 
390 122 10 14 0.025714261 
399 175 13 15 0.024395224 
412 177 27 32 0.023761462 
376 111 10 14 0.023263149 
448 109 9 11 0.022577433 
397 171 23 28 0.022557428 
419 182 15 18 0.02173182 
450 101 10 12 0.02159263 
460 96 9 12 0.02144455 
438 95 10 13 0.021174673 
378 168 176 234 0.020911446 
367 173 23 26 0.02040484 
428 126 10 12 0.020390313 
166 508 35 35 0.020310467 
374 117 19 24 0.020279273 
447 72 8 10 0.020143868 
