5_Car_Accident_Accident_5_340
167
40 219 27 35 0.99870026 
196 234 22 30 0.99831784 
103 211 25 32 0.9917807 
268 215 17 21 0.97059846 
344 220 13 17 0.9476016 
168 205 17 23 0.9411394 
690 68 23 27 0.91424423 
986 33 24 33 0.8291307 
952 96 31 35 0.6327465 
295 218 12 16 0.6181492 
886 52 16 22 0.51815635 
507 228 32 39 0.5098095 
188 205 11 13 0.38655195 
310 242 10 13 0.33607143 
0 205 10 15 0.28981233 
850 112 18 23 0.22986431 
201 298 16 19 0.20172778 
221 219 17 20 0.1917863 
300 215 11 14 0.18996286 
1 275 32 38 0.16244237 
197 168 14 17 0.14275561 
375 165 9 11 0.13312559 
220 173 13 14 0.1306785 
708 255 47 65 0.115619704 
333 165 9 11 0.114842795 
254 220 11 15 0.11473229 
121 219 16 21 0.11195113 
890 84 14 18 0.106542945 
251 210 13 17 0.10222854 
710 84 11 15 0.09079058 
514 218 47 57 0.08876465 
220 213 15 17 0.079915546 
323 220 11 13 0.0765018 
268 402 51 55 0.0706195 
247 221 11 14 0.070081614 
335 276 11 14 0.06885372 
255 174 9 11 0.067964 
304 283 12 15 0.06774545 
183 204 12 15 0.06391144 
246 228 9 13 0.06264993 
556 101 13 16 0.06244027 
349 238 11 14 0.059223883 
230 166 14 16 0.058537114 
297 200 9 11 0.056498848 
888 61 17 21 0.05413463 
325 283 13 15 0.05324313 
953 104 38 50 0.052320436 
869 88 12 15 0.05159501 
309 213 10 13 0.051234093 
168 169 9 11 0.051031124 
353 256 8 10 0.05008185 
327 291 12 13 0.049690623 
230 288 16 19 0.049678575 
377 171 10 13 0.04919784 
345 71 9 11 0.047319453 
307 220 12 15 0.04521696 
285 293 13 16 0.044644717 
48 234 24 31 0.044455837 
277 263 11 14 0.04379057 
353 260 9 12 0.04352843 
333 302 11 14 0.04239993 
305 239 11 14 0.042238634 
148 212 14 18 0.042224355 
300 205 11 13 0.041853122 
319 213 13 15 0.04130844 
239 212 13 16 0.03936985 
14 209 12 19 0.039252333 
268 208 14 17 0.037829235 
336 255 8 10 0.037211694 
335 308 12 16 0.03660664 
285 225 13 17 0.036538593 
4 202 13 15 0.036312237 
276 286 14 16 0.036187034 
495 94 9 10 0.03609539 
238 228 13 16 0.035821505 
350 208 9 10 0.03577887 
19 208 16 23 0.035595 
373 139 11 13 0.035256106 
244 234 11 14 0.035072785 
263 166 12 13 0.034907255 
356 292 10 13 0.034869317 
308 226 12 15 0.034839295 
357 167 8 11 0.034060452 
184 199 19 24 0.03376187 
10 204 13 19 0.032993466 
353 301 10 13 0.032351945 
335 259 10 13 0.032067776 
172 171 10 13 0.032050494 
575 398 35 32 0.031843197 
339 269 12 15 0.031679284 
542 224 32 39 0.031487223 
255 168 10 12 0.03078641 
381 166 9 10 0.030300342 
248 266 13 17 0.030228127 
167 179 13 15 0.029822487 
292 237 12 14 0.029716367 
0 259 13 20 0.029097453 
802 111 9 11 0.028912675 
304 262 10 12 0.028771384 
118 447 9 12 0.028619153 
829 149 14 18 0.02840508 
392 160 9 10 0.027798109 
123 258 25 32 0.02753489 
398 163 10 11 0.027394293 
849 142 11 14 0.026719457 
880 120 10 12 0.026607132 
320 282 12 15 0.026590528 
236 235 13 16 0.026519395 
197 304 16 17 0.026101954 
449 601 28 31 0.025960704 
444 162 13 15 0.025938835 
344 164 10 11 0.025872463 
308 278 12 16 0.02579567 
248 178 12 15 0.025785489 
221 228 16 23 0.025746908 
0 235 13 20 0.025723571 
321 83 10 12 0.025707485 
345 245 9 11 0.025696082 
273 223 14 19 0.025604086 
470 663 10 13 0.025467072 
834 141 12 16 0.025428353 
711 89 12 17 0.025239784 
326 228 10 12 0.0252073 
423 163 11 14 0.02505226 
148 202 14 18 0.024858415 
284 234 14 18 0.02452115 
254 212 21 27 0.024318876 
250 172 10 13 0.024312476 
303 289 13 15 0.024044052 
21 176 13 16 0.023867644 
62 219 25 33 0.023681896 
310 261 9 11 0.02363777 
789 122 11 14 0.023511687 
350 166 9 10 0.023454182 
288 217 21 26 0.023449078 
366 79 9 11 0.023447445 
304 208 20 24 0.023420284 
383 160 9 11 0.023195961 
324 79 12 13 0.023170715 
288 220 12 16 0.022946326 
330 307 22 28 0.022776093 
211 224 20 27 0.022696001 
981 18 39 55 0.022519382 
804 133 11 12 0.022511069 
238 220 13 16 0.022125207 
131 218 14 20 0.021963542 
422 178 12 13 0.021926852 
639 82 11 14 0.02188568 
341 254 9 10 0.021675942 
329 299 11 14 0.02158704 
-1 202 18 28 0.021543378 
672 92 11 15 0.021508489 
490 618 16 18 0.021370454 
352 269 10 13 0.021359885 
329 260 10 12 0.021003405 
339 314 11 14 0.020800427 
165 269 15 18 0.02056804 
352 117 11 13 0.020554557 
405 136 9 12 0.020378428 
301 332 9 14 0.020329228 
487 132 10 13 0.020314187 
270 230 13 18 0.020311838 
148 301 11 13 0.020252505 
846 101 11 14 0.02018383 
270 260 23 27 0.020182664 
294 268 11 14 0.020097408 
57 248 16 20 0.020039964 
