5_Car_Accident_Accident_5_515
26
924 476 35 45 0.9799644 
128 380 42 52 0.73912907 
826 215 30 43 0.43599525 
469 208 28 32 0.43088558 
841 216 39 50 0.40650395 
452 208 46 52 0.13736193 
352 595 126 132 0.09758836 
856 237 28 33 0.08713183 
475 194 24 35 0.07517526 
500 209 13 19 0.07482801 
466 191 45 52 0.06256484 
490 197 20 33 0.04766169 
844 201 35 38 0.046273705 
478 192 16 21 0.045046803 
745 589 29 31 0.032337572 
856 201 18 19 0.02980359 
561 523 57 85 0.028669246 
620 460 18 22 0.027649643 
457 202 29 36 0.025771055 
323 428 34 37 0.024786731 
911 468 30 41 0.02468057 
162 482 27 31 0.0227168 
96 391 51 60 0.022248387 
830 217 16 24 0.021849342 
174 489 15 17 0.020574756 
730 202 53 55 0.020431131 
