5_Car_Accident_Car_Crash_5_365
64
275 161 37 36 0.9900774 
930 143 17 20 0.38823313 
827 194 15 17 0.35754684 
222 122 13 15 0.26473153 
923 181 28 30 0.18621317 
914 146 26 33 0.17669623 
513 352 58 79 0.13757595 
935 155 27 28 0.11755005 
688 33 9 11 0.08054305 
703 18 11 14 0.07973183 
228 119 11 13 0.073945165 
661 26 9 11 0.066177115 
603 10 19 22 0.06370803 
221 165 11 15 0.061156504 
575 0 20 18 0.05429786 
667 298 23 25 0.05132539 
207 383 35 33 0.050834976 
821 195 26 27 0.050252404 
693 36 10 13 0.04943756 
924 164 32 35 0.04939871 
489 352 107 126 0.043273855 
756 476 12 14 0.04264764 
586 34 16 21 0.041594945 
700 290 43 51 0.041221455 
231 114 8 10 0.040722024 
843 531 20 19 0.039241336 
541 0 11 11 0.036684662 
770 259 55 71 0.035698555 
619 2 14 15 0.034235485 
288 117 12 16 0.033874687 
534 -1 12 11 0.033733618 
937 168 21 22 0.03316056 
749 447 12 13 0.031467594 
722 22 8 11 0.029720034 
830 580 22 30 0.029685602 
677 66 385 466 0.029592557 
613 18 15 20 0.028756008 
203 385 57 48 0.028114866 
213 148 13 17 0.027957853 
687 302 43 48 0.027558409 
617 44 27 33 0.027055983 
897 221 26 30 0.026147008 
700 38 12 14 0.02613032 
220 145 13 17 0.025617473 
912 154 13 19 0.025522258 
217 119 12 15 0.025308046 
837 613 14 21 0.024427159 
566 0 17 17 0.024225768 
611 3 17 17 0.023655694 
448 313 50 55 0.023439653 
527 -1 13 11 0.02286999 
695 309 14 18 0.02221956 
935 177 22 24 0.021845538 
727 438 13 14 0.021674976 
584 2 19 19 0.021232948 
204 150 13 17 0.021118488 
559 652 11 12 0.021004844 
697 20 11 13 0.020305794 
225 128 16 17 0.020302197 
587 20 26 31 0.020149479 
277 199 15 17 0.020134008 
691 34 22 27 0.020056695 
917 184 19 22 0.020036582 
207 149 23 31 0.02002811 
