5_Car_Accident_Accident_5_796
18
688 324 124 116 0.99978846 
404 156 68 94 0.99931836 
222 116 67 92 0.9985409 
56 115 77 95 0.99594563 
321 237 446 389 0.16590069 
701 96 48 64 0.08851521 
170 491 14 19 0.069647275 
640 249 160 222 0.059571695 
886 314 115 158 0.047825627 
692 299 81 98 0.03237419 
297 540 139 115 0.025003871 
983 135 9 11 0.024541806 
292 483 19 22 0.024018811 
951 241 10 12 0.023682818 
-31 211 418 434 0.02347738 
686 304 39 48 0.021593612 
59 337 20 22 0.02135647 
741 253 177 216 0.021223398 
