5_Car_Accident_Accident_5_203
55
787 289 21 31 0.90549713 
621 236 11 14 0.72557384 
582 264 14 16 0.08288696 
455 297 9 11 0.07818879 
487 211 9 11 0.07802752 
713 300 9 12 0.076217204 
791 287 13 17 0.074593246 
91 190 14 17 0.07130015 
126 201 13 15 0.063833915 
617 231 10 13 0.063391775 
964 171 11 12 0.051032692 
384 9 446 518 0.046787653 
1009 344 14 19 0.04434509 
462 301 10 11 0.040078424 
722 273 7 9 0.039860304 
589 236 10 12 0.03899448 
697 284 9 11 0.034396283 
423 233 8 10 0.034256633 
990 7 10 11 0.034036737 
957 372 9 12 0.033034246 
717 296 9 11 0.032910354 
116 178 13 15 0.031645685 
523 272 13 14 0.03129844 
1013 187 9 14 0.030896122 
98 194 13 16 0.030578388 
3 204 22 29 0.030407997 
469 300 9 12 0.030395433 
700 279 10 11 0.029371476 
629 231 10 14 0.028854528 
673 208 9 12 0.02868692 
414 285 8 11 0.027915515 
605 236 11 13 0.027382636 
621 230 18 23 0.0272254 
628 256 13 14 0.026888536 
760 311 9 11 0.02602931 
666 279 7 10 0.025696589 
712 277 8 10 0.02498624 
587 261 11 14 0.023940207 
596 237 11 13 0.023202835 
725 271 7 10 0.023186333 
720 277 7 10 0.022759665 
71 60 27 29 0.0227072 
432 236 8 9 0.022158893 
791 280 11 14 0.021996515 
767 104 7 8 0.021894978 
118 196 14 16 0.021825284 
441 280 9 12 0.021716507 
876 422 9 10 0.021517413 
632 222 10 12 0.021513898 
93 184 12 15 0.021506466 
985 13 10 12 0.021418635 
969 376 38 55 0.021029623 
423 262 9 12 0.020999238 
752 252 10 12 0.020415971 
405 263 8 11 0.02001031 
