5_Car_Accident_Accident_5_668
61
881 239 18 22 0.9494776 
721 198 31 37 0.73571986 
915 233 12 15 0.30685273 
521 194 20 21 0.21486123 
487 165 95 108 0.1629416 
747 239 31 34 0.15773894 
760 194 12 17 0.1244423 
968 253 11 13 0.09446956 
900 217 12 14 0.06798825 
751 266 41 52 0.06618447 
862 225 12 16 0.06605243 
936 229 9 11 0.065219 
912 240 12 15 0.057100322 
704 190 39 48 0.056631062 
866 221 12 14 0.056021884 
957 238 9 11 0.05114443 
735 198 26 33 0.03939947 
436 657 30 26 0.03797268 
870 239 16 20 0.0378661 
754 190 21 28 0.037032608 
951 221 11 13 0.03505315 
941 223 11 14 0.032026533 
846 252 15 17 0.03177207 
879 213 10 12 0.031556312 
991 272 14 17 0.030099656 
953 228 10 12 0.030077208 
555 240 38 43 0.02969806 
701 197 10 15 0.02915087 
752 221 33 38 0.028557898 
382 222 41 50 0.02821973 
1005 493 20 43 0.027617162 
860 232 16 21 0.027273165 
746 240 47 55 0.02713963 
868 215 10 11 0.026687168 
780 214 13 18 0.026486166 
859 216 21 25 0.025867064 
408 226 12 16 0.025786217 
973 181 10 13 0.025492609 
992 265 25 31 0.025454631 
968 179 11 14 0.025028894 
542 180 57 72 0.024985356 
926 230 10 12 0.024808582 
515 190 32 39 0.024746452 
956 231 10 12 0.024745995 
292 185 168 244 0.024676664 
715 180 32 40 0.02441562 
928 573 107 131 0.02392133 
877 229 17 20 0.023544716 
879 221 12 14 0.023264365 
1014 293 9 12 0.023201395 
969 229 9 12 0.022558196 
693 159 9 10 0.022347882 
732 258 12 14 0.022243517 
976 207 10 12 0.022133188 
738 199 42 47 0.021908635 
542 171 11 13 0.021815917 
903 260 9 12 0.021729345 
759 205 25 32 0.02169879 
771 217 16 19 0.021403268 
539 251 43 48 0.021057723 
959 244 9 11 0.020879932 
