5_Car_Accident_Accident_5_633
82
242 278 16 25 0.9371941 
490 276 33 44 0.93178976 
103 78 57 108 0.8026883 
451 458 82 72 0.6812784 
617 298 43 54 0.5723749 
323 826 16 21 0.44847253 
161 284 18 24 0.3917481 
667 368 38 39 0.3493237 
815 319 9 12 0.2868832 
297 831 18 21 0.25253722 
510 436 54 61 0.17161281 
535 507 95 116 0.16653842 
641 217 33 48 0.13458067 
919 345 23 28 0.1289335 
504 271 39 49 0.12721951 
82 122 69 81 0.1238393 
552 263 22 31 0.12214111 
302 805 10 13 0.109220445 
801 327 8 11 0.103553884 
255 468 41 52 0.09768679 
161 409 14 15 0.08576634 
291 841 469 584 0.08338959 
432 809 54 70 0.08284186 
821 338 11 15 0.079087816 
894 351 14 19 0.05992503 
805 328 8 11 0.058065053 
0 145 12 23 0.053032108 
345 819 11 15 0.051802382 
386 298 12 14 0.05057696 
308 971 66 56 0.050298803 
523 268 29 43 0.04543887 
534 264 29 39 0.042659655 
562 269 16 23 0.03904027 
477 432 80 86 0.038982 
323 938 58 59 0.038289055 
572 483 107 131 0.03641256 
220 249 12 17 0.035445284 
471 399 94 85 0.034912854 
305 828 15 20 0.03472085 
854 327 11 11 0.034438234 
56 76 82 118 0.034338746 
486 256 30 47 0.032158982 
943 566 63 81 0.03103917 
256 882 17 22 0.03086049 
294 806 23 27 0.030836185 
592 282 45 62 0.03083266 
299 820 15 18 0.029404767 
492 274 17 25 0.028095484 
654 526 23 28 0.028025253 
613 289 33 42 0.027928034 
635 289 29 47 0.027270304 
783 331 9 11 0.027084647 
285 830 14 17 0.027076049 
444 372 70 55 0.026939403 
534 439 84 106 0.02684029 
906 347 24 29 0.026624084 
942 369 35 39 0.026586879 
820 345 14 18 0.02624067 
218 259 14 20 0.026115553 
793 318 8 10 0.025773883 
546 552 67 85 0.025234077 
198 847 56 62 0.025000386 
386 604 18 23 0.024834916 
469 456 103 118 0.024150671 
271 329 15 18 0.023835434 
319 822 14 19 0.023707643 
541 262 39 52 0.023516065 
307 1092 58 74 0.022832448 
571 273 13 19 0.022738516 
150 289 15 19 0.022572868 
663 279 38 58 0.02253658 
849 327 10 11 0.022416828 
855 320 9 11 0.022199804 
318 909 67 67 0.021781884 
148 284 25 34 0.021405526 
323 39 108 140 0.021350134 
92 155 39 44 0.021102231 
440 861 52 66 0.020885836 
799 321 8 10 0.02073052 
330 823 14 19 0.020628493 
516 390 65 77 0.020303722 
235 638 56 67 0.020078007 
