5_Car_Accident_Accident_5_448
1071
292 390 15 19 0.9852991 
51 437 18 23 0.9835976 
925 558 25 30 0.98109376 
230 373 13 17 0.9717776 
88 393 14 19 0.96925807 
804 432 15 26 0.9526277 
982 238 9 12 0.8788005 
866 231 9 13 0.84898657 
702 405 16 23 0.83208454 
192 450 15 20 0.8303287 
299 541 25 33 0.81067806 
926 262 10 11 0.80708164 
136 348 12 14 0.7687482 
312 259 9 12 0.7654418 
251 617 32 30 0.7474333 
302 277 9 12 0.72148275 
981 318 12 14 0.68654436 
890 407 17 27 0.6863307 
181 324 11 14 0.64993423 
14 340 13 16 0.6409882 
198 286 9 12 0.5932657 
157 428 16 18 0.5686918 
741 473 13 21 0.564572 
174 283 8 11 0.4718488 
336 264 10 12 0.44809046 
225 264 9 12 0.4276271 
295 214 8 10 0.4240297 
336 237 9 12 0.41914728 
391 440 14 17 0.41272825 
967 242 10 13 0.39967042 
174 365 13 15 0.39815938 
374 229 8 11 0.39740795 
357 174 9 12 0.3951843 
127 433 13 18 0.3912692 
412 144 10 12 0.3866059 
644 438 22 26 0.36973602 
358 247 9 10 0.35983986 
231 293 8 12 0.35146126 
389 204 8 11 0.3374184 
150 313 10 14 0.33477974 
261 347 13 17 0.32993546 
308 458 13 18 0.32602993 
928 333 13 17 0.32576287 
309 371 13 17 0.32097906 
271 293 10 13 0.31922513 
67 391 11 14 0.3162384 
113 262 10 12 0.30721304 
317 261 10 13 0.28329203 
214 343 14 18 0.28301808 
874 198 8 11 0.28191698 
54 311 9 13 0.27712828 
194 264 9 12 0.27440557 
407 198 8 10 0.26408815 
55 341 11 14 0.26166362 
429 238 8 11 0.25734586 
176 260 9 13 0.24169213 
183 238 8 10 0.23548895 
930 196 8 11 0.23447482 
336 199 8 10 0.23417085 
917 279 10 12 0.2331084 
295 262 8 10 0.23205194 
910 202 7 9 0.23150994 
386 198 8 11 0.23125535 
200 306 10 13 0.22523391 
262 264 8 11 0.22285523 
897 414 18 23 0.22057277 
279 239 8 9 0.22015163 
816 189 10 11 0.21258985 
174 344 11 13 0.21081948 
757 452 22 32 0.2066591 
143 331 9 12 0.20255288 
840 199 8 10 0.20245422 
324 269 9 12 0.20051637 
221 341 13 17 0.20034 
888 201 7 9 0.19782346 
385 176 8 10 0.19551897 
63 298 9 12 0.19332013 
224 224 8 10 0.19188029 
149 272 8 10 0.1913836 
936 213 10 13 0.19030888 
349 223 8 11 0.18973245 
270 286 9 12 0.18642676 
157 310 11 14 0.18538816 
270 260 9 11 0.1842498 
165 239 9 12 0.1833378 
812 531 34 38 0.18138044 
199 334 12 16 0.17915465 
225 294 10 12 0.17850175 
112 223 9 11 0.17745872 
201 356 10 13 0.1761047 
469 189 10 12 0.17487074 
354 246 8 11 0.17395875 
169 378 13 17 0.17316765 
183 396 11 15 0.17283116 
10 362 13 17 0.17181726 
838 428 11 16 0.17112559 
162 231 8 9 0.16943775 
46 381 11 14 0.16719839 
402 236 8 11 0.16702695 
874 205 9 12 0.16593882 
310 307 10 12 0.16490935 
185 216 7 9 0.16350722 
411 284 9 12 0.16345096 
228 333 12 16 0.1576879 
453 222 10 12 0.15490896 
369 230 9 11 0.15479761 
68 401 13 16 0.15371753 
405 231 10 13 0.15133302 
193 287 8 10 0.15091515 
598 477 24 28 0.15079835 
1002 206 8 10 0.15047117 
830 200 9 12 0.14987996 
303 238 9 10 0.14801075 
965 284 11 14 0.14633413 
941 209 8 10 0.14569634 
852 269 13 15 0.1448885 
265 288 8 11 0.1448528 
109 239 10 12 0.14461507 
933 287 9 12 0.14413536 
141 353 13 16 0.14337794 
137 229 8 11 0.14169137 
303 330 12 17 0.14158015 
887 205 7 10 0.14130203 
984 222 9 11 0.1408503 
377 193 8 10 0.14074391 
809 192 9 11 0.13836265 
607 472 24 28 0.13765043 
129 302 9 12 0.13707352 
382 260 10 12 0.13690421 
944 271 9 12 0.13633588 
71 327 11 14 0.13480099 
111 397 8 12 0.13403153 
360 297 8 10 0.133989 
446 239 8 11 0.13384221 
807 197 11 13 0.13381939 
158 437 16 24 0.130556 
240 619 53 45 0.13055223 
257 269 8 11 0.13016275 
171 370 14 17 0.12792054 
367 239 8 11 0.12777795 
335 206 8 10 0.12638833 
182 254 9 11 0.12564161 
384 241 8 10 0.12489269 
402 192 7 10 0.124339335 
184 247 8 10 0.12348817 
51 380 12 14 0.12233663 
408 193 8 10 0.12140377 
344 396 9 13 0.12016211 
61 402 12 17 0.11979079 
344 336 10 13 0.119379446 
93 294 9 12 0.11924584 
294 285 10 12 0.1187706 
212 412 13 17 0.11868852 
927 238 10 10 0.11859407 
52 375 11 12 0.11756467 
145 294 9 11 0.117297895 
205 432 14 19 0.11667775 
385 256 9 12 0.11507412 
159 329 12 15 0.11480448 
854 199 9 11 0.11439271 
409 204 8 10 0.113734655 
254 302 11 13 0.11336824 
195 421 15 17 0.11308945 
995 293 9 13 0.112969466 
297 210 9 10 0.11287693 
77 342 11 15 0.112796225 
238 239 7 10 0.11215305 
889 231 9 13 0.11192684 
592 484 20 22 0.11161665 
342 200 8 9 0.11082803 
110 303 9 11 0.110451005 
375 214 7 9 0.11035355 
982 233 10 12 0.11028858 
161 239 9 12 0.109921776 
28 362 11 14 0.109725334 
353 206 9 10 0.109335974 
926 230 9 11 0.10838598 
103 281 8 10 0.10806992 
878 198 8 11 0.10745613 
201 232 7 10 0.10682878 
223 318 12 15 0.1062268 
271 207 9 10 0.10545774 
339 239 10 13 0.10463531 
699 398 16 23 0.10462732 
199 280 9 11 0.10393752 
938 207 8 11 0.10360989 
879 212 8 11 0.10351846 
311 206 8 10 0.10332183 
2 440 13 20 0.10309112 
54 300 9 12 0.10264235 
824 199 11 14 0.10180003 
73 345 10 14 0.101483695 
352 215 8 10 0.10097308 
160 362 13 17 0.10062818 
106 303 8 10 0.100470155 
205 303 10 13 0.10046918 
792 184 8 12 0.09996009 
968 267 9 12 0.09988692 
289 222 8 11 0.099809565 
451 365 14 17 0.099609695 
340 267 9 12 0.09812763 
255 223 8 11 0.09785009 
196 269 10 12 0.09734732 
962 284 9 12 0.09584398 
223 246 8 9 0.09567737 
54 322 12 14 0.09554419 
360 239 9 12 0.095240444 
227 324 13 17 0.094783515 
414 189 8 10 0.09459685 
329 214 8 9 0.09435103 
263 225 7 10 0.09429016 
54 404 13 16 0.09402866 
161 244 8 10 0.09293655 
815 236 11 15 0.092086144 
118 268 10 14 0.09174194 
286 437 15 19 0.09161775 
886 214 8 11 0.0911314 
276 337 11 16 0.09111951 
291 434 14 19 0.09093543 
344 279 8 11 0.09070834 
29 383 10 12 0.09064398 
292 293 10 14 0.08998504 
408 173 7 10 0.08913275 
200 237 7 9 0.08909316 
232 239 7 10 0.089045085 
192 216 7 10 0.08862335 
87 341 11 15 0.08854854 
302 208 9 10 0.08848467 
383 192 8 10 0.0883139 
121 341 8 11 0.088209525 
292 301 10 12 0.08800119 
216 323 10 13 0.0879865 
25 358 9 12 0.087802455 
921 230 8 10 0.08734446 
944 287 10 12 0.08677526 
128 240 8 10 0.086586155 
311 201 9 10 0.08638284 
199 215 8 9 0.0858747 
182 451 16 18 0.08571406 
204 337 13 17 0.08549015 
350 228 8 11 0.08537853 
190 246 8 11 0.08526082 
191 425 13 15 0.08445728 
904 204 9 11 0.08439407 
375 371 13 14 0.08398775 
145 287 9 11 0.08374531 
129 246 8 10 0.08368744 
924 307 12 15 0.08341622 
631 448 21 29 0.08281853 
223 285 11 12 0.082195185 
934 219 9 12 0.08210853 
43 358 11 14 0.08192106 
73 374 11 13 0.08167903 
744 463 20 28 0.08138537 
272 332 10 16 0.08026029 
413 206 8 10 0.08013812 
301 431 13 17 0.079650186 
244 330 12 16 0.079435654 
333 420 12 15 0.07901099 
137 224 8 10 0.078960456 
846 458 14 19 0.07863633 
981 331 12 17 0.07817003 
967 303 8 11 0.078165494 
927 287 11 14 0.077924274 
449 220 10 12 0.07790966 
196 427 21 27 0.07741253 
230 352 12 18 0.07726579 
299 465 14 21 0.077213235 
940 252 9 11 0.07699417 
205 416 15 18 0.07675889 
382 390 14 19 0.07673868 
267 348 13 19 0.076419935 
327 192 8 11 0.07562025 
296 237 8 11 0.075353496 
223 279 10 12 0.07533689 
184 233 8 10 0.075323045 
365 182 7 9 0.07509558 
325 277 9 11 0.07458464 
206 348 12 17 0.0744203 
660 365 11 14 0.07422986 
151 300 9 11 0.074033916 
182 280 8 10 0.07377228 
975 333 12 16 0.07359097 
432 167 7 9 0.07339156 
316 256 10 12 0.07334563 
336 368 10 13 0.072584964 
272 281 9 11 0.07230159 
446 200 8 10 0.07161335 
711 410 16 20 0.07155577 
116 229 9 11 0.07090727 
150 262 7 10 0.07070557 
173 357 14 17 0.07049735 
797 185 8 10 0.0704449 
873 211 10 12 0.07035896 
310 238 8 11 0.07006772 
462 198 10 11 0.07004764 
98 325 9 12 0.069709376 
272 213 8 10 0.06954686 
181 302 11 14 0.06949144 
228 268 9 11 0.06917376 
856 264 11 14 0.0688733 
213 293 9 12 0.06867308 
966 232 8 10 0.06816998 
334 426 13 15 0.068150744 
287 186 7 9 0.06807751 
328 198 8 10 0.06806244 
977 323 12 14 0.068041794 
301 213 9 10 0.06782684 
389 255 9 11 0.0676271 
368 199 7 10 0.06758869 
848 205 9 11 0.06720164 
141 230 8 11 0.06717257 
147 355 12 15 0.0664647 
60 310 11 13 0.066425964 
442 237 8 12 0.06626843 
57 297 8 11 0.06617433 
129 295 8 10 0.06593687 
376 207 7 10 0.065935925 
92 341 12 16 0.0657451 
392 149 7 9 0.06572251 
273 199 9 11 0.06565607 
341 365 10 14 0.0655035 
330 208 8 9 0.06514356 
208 292 9 11 0.06498418 
145 264 7 9 0.064317234 
249 255 8 10 0.06428934 
134 247 9 10 0.06403499 
20 347 11 14 0.06387445 
378 363 14 17 0.063692555 
201 208 7 9 0.0636832 
916 322 12 16 0.063507855 
87 364 9 13 0.06350729 
170 280 10 12 0.06338336 
587 400 13 17 0.06299155 
210 432 16 21 0.062707655 
240 262 9 10 0.06269537 
312 183 8 10 0.06208856 
840 202 9 12 0.06208288 
169 343 9 13 0.061764296 
238 331 10 16 0.06164892 
948 292 9 12 0.061515413 
298 357 12 15 0.06145698 
308 434 12 15 0.061402544 
239 230 8 9 0.061027035 
357 169 8 10 0.060509376 
303 308 12 13 0.060487553 
295 340 12 15 0.060275964 
517 402 11 13 0.060228918 
407 379 13 15 0.05968168 
439 168 7 9 0.059631176 
814 440 17 20 0.059544705 
49 309 10 13 0.059447356 
833 516 15 16 0.059390977 
918 237 11 13 0.05905558 
600 418 13 16 0.05904309 
207 460 12 15 0.058923744 
148 332 11 14 0.058474682 
404 197 7 10 0.058467675 
145 315 11 14 0.058383122 
293 471 17 22 0.0583815 
368 191 8 10 0.0583624 
41 383 10 13 0.058290537 
144 237 7 10 0.058082987 
228 344 13 19 0.058072954 
277 300 9 12 0.05794593 
152 239 7 10 0.057547316 
334 214 7 10 0.057511356 
61 324 11 14 0.057453357 
991 270 9 11 0.057178654 
262 330 13 17 0.05704306 
358 206 8 11 0.057023514 
296 269 9 12 0.056703776 
320 246 10 11 0.056062303 
368 223 9 11 0.055920683 
415 185 8 10 0.055865657 
176 330 12 16 0.055775926 
249 222 9 12 0.05561198 
933 193 7 9 0.055527445 
999 223 10 12 0.05541554 
249 215 9 10 0.05529199 
129 252 9 11 0.055112433 
370 215 7 10 0.05508956 
303 231 8 11 0.05507675 
135 286 8 11 0.055019896 
296 232 8 10 0.05482116 
992 200 6 8 0.05465747 
182 294 10 12 0.05462572 
517 299 11 12 0.054592017 
424 215 8 10 0.054471835 
961 318 8 10 0.054337144 
410 147 8 11 0.054146543 
413 281 9 12 0.054027043 
110 427 15 20 0.05371555 
294 308 11 12 0.053695656 
188 326 10 14 0.0533364 
231 288 8 11 0.05329146 
223 215 7 9 0.05326838 
206 387 13 16 0.05321906 
847 199 8 11 0.05299017 
426 284 9 11 0.05282748 
277 279 9 11 0.05258329 
254 277 8 10 0.052465394 
231 254 8 10 0.052422337 
458 198 8 11 0.052188408 
919 269 11 13 0.0521793 
337 255 10 12 0.051933747 
191 330 11 15 0.05187671 
967 318 8 10 0.0518448 
847 255 9 11 0.05164 
814 229 11 15 0.051587563 
862 213 10 12 0.051465593 
352 200 8 10 0.051338855 
59 318 11 13 0.051126957 
119 274 10 12 0.05101097 
351 309 9 11 0.05098706 
358 214 7 9 0.05083831 
928 222 9 12 0.05077707 
73 284 10 13 0.050740886 
238 286 10 11 0.050617095 
334 390 11 13 0.050560523 
933 309 9 13 0.050520986 
73 277 11 13 0.050461482 
54 335 12 14 0.050325617 
301 453 16 20 0.049923636 
445 426 13 18 0.049776223 
380 266 12 15 0.049637932 
308 337 13 17 0.04944341 
876 246 9 13 0.04942666 
182 285 9 11 0.049195398 
179 341 11 14 0.049162276 
873 326 10 12 0.049103104 
366 244 9 11 0.04904474 
213 287 9 12 0.048890274 
254 254 8 10 0.048758075 
849 273 11 15 0.04807556 
336 300 10 12 0.04771682 
133 264 9 11 0.047692414 
408 223 8 10 0.047637247 
116 433 17 20 0.04729115 
273 191 7 8 0.04727504 
152 206 7 10 0.04714274 
936 247 9 12 0.046943225 
429 232 9 12 0.04690649 
394 468 15 17 0.046859585 
374 224 9 11 0.046767697 
296 347 11 14 0.046699736 
408 169 7 9 0.04664701 
449 270 10 13 0.046637256 
915 283 9 13 0.046561044 
170 347 11 14 0.04652512 
287 269 8 11 0.046504006 
326 246 9 12 0.046362445 
225 240 8 10 0.046328463 
288 288 11 13 0.046189673 
327 418 12 15 0.0461524 
144 278 9 11 0.046130177 
812 194 12 15 0.046100117 
121 349 11 14 0.046028137 
916 314 14 17 0.046016287 
233 207 8 9 0.045979552 
920 207 8 10 0.045887474 
118 257 8 10 0.045729674 
935 270 9 11 0.045561057 
916 241 13 15 0.04549519 
176 222 7 9 0.045228418 
887 221 9 11 0.045112107 
112 392 8 11 0.045003172 
430 197 8 11 0.044982847 
136 333 10 12 0.04493058 
280 190 8 9 0.044743434 
305 199 9 10 0.04465708 
967 291 10 12 0.044616994 
383 329 9 11 0.0445404 
191 291 10 12 0.04453522 
128 264 9 11 0.044284143 
87 336 9 12 0.044249967 
224 192 8 8 0.043920174 
14 317 8 11 0.043902457 
175 267 9 11 0.043843213 
249 277 9 11 0.043824542 
932 327 11 15 0.043790966 
391 239 9 10 0.043783758 
434 362 13 17 0.043718565 
272 230 8 10 0.043659173 
381 356 12 14 0.043609735 
216 277 8 11 0.043482333 
764 445 14 18 0.043478657 
958 254 9 12 0.043446206 
855 193 7 9 0.04331102 
343 319 9 12 0.043260466 
993 288 10 12 0.04325451 
992 216 7 9 0.04321436 
685 485 13 15 0.04315447 
111 319 9 12 0.043152895 
385 168 7 9 0.043145496 
895 205 8 10 0.043027963 
368 206 7 10 0.04300184 
976 243 9 12 0.04294157 
373 432 14 16 0.042768892 
384 150 7 9 0.04263726 
896 348 13 18 0.04258266 
453 376 15 19 0.042581096 
985 200 7 8 0.042578004 
164 325 10 15 0.042507384 
216 255 7 10 0.042494882 
349 280 8 11 0.042479288 
359 199 8 11 0.0424128 
143 245 7 10 0.04235255 
76 333 10 12 0.04228356 
217 224 7 10 0.042225167 
414 360 16 17 0.042100288 
855 300 11 15 0.042062208 
603 356 13 15 0.041951332 
423 190 7 10 0.04176907 
206 231 8 10 0.041525397 
60 333 12 14 0.04151938 
374 159 7 9 0.04150461 
917 290 13 15 0.04136955 
281 408 15 17 0.041322112 
218 435 14 19 0.041157518 
22 362 12 16 0.041151084 
407 357 11 13 0.04109984 
164 359 12 15 0.041036557 
185 220 7 10 0.040968496 
130 289 8 10 0.04091115 
290 216 8 10 0.04085788 
127 348 10 14 0.040831458 
963 244 8 12 0.040825658 
314 376 14 17 0.04081716 
646 258 14 17 0.0407523 
271 223 8 10 0.040734746 
177 293 10 12 0.04072976 
264 246 7 9 0.040671796 
116 395 10 13 0.04053816 
106 242 11 14 0.040537186 
77 310 10 13 0.040527023 
0 645 9 15 0.040499464 
274 238 8 10 0.04036328 
112 216 8 11 0.040351164 
873 194 8 10 0.04031632 
304 224 7 9 0.040265314 
973 262 9 12 0.040010016 
839 194 8 10 0.039959583 
597 570 15 20 0.039907083 
94 267 9 13 0.0398708 
264 279 9 11 0.039852895 
62 383 12 14 0.03980141 
257 190 8 9 0.039592933 
426 167 8 10 0.039565224 
360 231 9 11 0.039525364 
390 356 12 14 0.03948348 
280 245 8 9 0.03941893 
87 301 9 11 0.039408483 
89 268 9 12 0.039080244 
79 396 12 16 0.03897057 
48 348 10 13 0.038932055 
274 632 40 45 0.03888766 
377 152 6 7 0.03876309 
87 427 13 17 0.038683552 
208 269 10 12 0.038536854 
336 333 9 11 0.03821322 
1000 200 7 9 0.038109187 
927 277 9 11 0.037933595 
374 378 12 14 0.03787438 
960 222 9 11 0.037522197 
961 228 9 13 0.037493188 
966 310 9 11 0.037395716 
443 142 8 11 0.037394986 
375 197 8 10 0.03737937 
353 168 8 9 0.037326034 
312 189 8 10 0.037322983 
422 184 8 10 0.037198957 
318 184 7 9 0.03719509 
125 268 10 12 0.03718184 
177 240 8 10 0.037172556 
934 276 11 13 0.037054654 
283 425 16 20 0.03702829 
326 381 11 13 0.03695414 
904 237 8 12 0.03694593 
216 199 7 8 0.03694427 
70 301 9 11 0.03692853 
294 330 14 18 0.036764257 
102 295 9 11 0.036749106 
391 167 7 9 0.036719147 
457 173 9 12 0.036698364 
929 215 9 11 0.036672436 
891 398 16 21 0.036617402 
920 255 11 13 0.036604185 
68 380 14 17 0.03659638 
1012 369 13 20 0.03659266 
7 383 10 14 0.03651583 
375 246 8 11 0.036505643 
389 180 8 11 0.03644353 
300 336 14 18 0.036335703 
336 394 11 14 0.036212977 
263 190 7 9 0.036171008 
229 311 10 13 0.036151957 
276 285 9 12 0.036149345 
168 215 6 8 0.036102038 
375 237 9 11 0.03609369 
622 266 13 17 0.03603461 
957 356 12 15 0.03600206 
736 438 11 14 0.03595818 
324 264 10 12 0.0359135 
587 457 22 26 0.035882503 
78 302 10 13 0.03584608 
86 359 10 12 0.035820562 
95 331 11 15 0.035751097 
918 302 14 17 0.035703987 
247 262 8 10 0.035642393 
104 308 10 11 0.035600744 
857 228 11 14 0.03544553 
249 271 8 11 0.03543962 
987 333 11 15 0.035394426 
231 191 7 9 0.03539085 
854 254 9 13 0.035383474 
0 388 10 17 0.035378218 
102 267 10 14 0.035157546 
304 256 9 11 0.03505863 
715 482 14 18 0.03502502 
240 270 9 11 0.034988616 
113 257 9 11 0.03489472 
579 582 10 14 0.034885872 
217 229 7 10 0.034736976 
255 247 8 11 0.03467134 
78 316 10 12 0.03460349 
342 401 10 14 0.034567006 
290 445 23 25 0.034538236 
301 314 13 15 0.034498736 
207 466 14 17 0.034448583 
237 292 9 12 0.03438993 
272 248 7 8 0.034376904 
869 224 11 14 0.034322575 
127 306 10 13 0.03431832 
327 167 7 10 0.03415366 
49 342 10 14 0.0341295 
185 210 7 8 0.034129478 
38 435 12 17 0.03411159 
162 225 6 9 0.034068022 
398 357 9 13 0.034006443 
400 150 7 9 0.034002576 
287 245 8 11 0.033973232 
132 306 11 15 0.03396511 
892 235 10 14 0.033956602 
399 286 7 10 0.03394628 
198 247 8 10 0.03393454 
390 246 9 10 0.033910286 
911 244 11 13 0.0338895 
171 384 13 18 0.033871718 
229 224 8 10 0.033724204 
239 214 8 10 0.033719707 
406 418 13 17 0.033706818 
492 405 12 14 0.033655584 
334 193 8 10 0.033631183 
369 159 8 9 0.03349748 
285 522 38 47 0.033453666 
49 303 9 12 0.033431478 
489 272 15 17 0.033317517 
306 277 10 13 0.033245094 
151 256 7 10 0.033148967 
820 229 9 14 0.032983694 
393 231 9 11 0.032948215 
945 229 9 12 0.03288529 
290 263 8 12 0.032878604 
328 230 8 10 0.032729387 
224 255 8 11 0.032647356 
587 471 23 27 0.032576427 
769 463 14 21 0.032569773 
959 332 9 12 0.03254728 
987 398 16 23 0.03250387 
970 284 12 15 0.032482307 
341 357 11 15 0.03248168 
49 315 12 14 0.032466747 
933 316 10 11 0.032323964 
366 177 7 10 0.03229182 
893 262 11 13 0.03223289 
162 446 14 20 0.03219676 
177 246 7 10 0.032142207 
904 246 9 12 0.032128394 
932 238 8 11 0.032023918 
999 263 8 11 0.032000907 
999 211 9 12 0.031964153 
176 305 11 15 0.03195381 
342 205 8 10 0.031951126 
102 319 10 12 0.0319475 
218 214 7 10 0.03194144 
213 300 10 13 0.031935968 
109 401 10 14 0.03189039 
855 213 10 13 0.031868666 
668 526 24 34 0.031839155 
277 254 9 12 0.031813998 
839 222 9 13 0.03180914 
213 451 13 17 0.03176473 
215 263 8 11 0.031734616 
102 397 11 14 0.031688984 
429 334 9 12 0.031569026 
237 206 9 10 0.0315584 
217 207 7 9 0.03151444 
949 277 9 11 0.03150483 
198 414 14 18 0.031480607 
1005 352 14 19 0.031464472 
354 303 9 11 0.031460978 
343 230 10 12 0.031365402 
328 222 8 10 0.03135517 
864 226 17 21 0.03134628 
318 206 7 9 0.031325657 
240 278 10 12 0.031258084 
754 446 18 20 0.03125595 
369 143 8 9 0.031238025 
42 310 10 13 0.031200802 
399 327 10 12 0.031164542 
282 186 7 8 0.03099992 
1000 377 21 33 0.030978486 
143 360 12 15 0.030946402 
909 252 11 15 0.030856585 
119 244 9 11 0.030810941 
118 302 9 11 0.030808968 
319 239 8 10 0.030754039 
279 443 13 16 0.030682892 
251 323 13 16 0.030677728 
148 324 13 16 0.03065342 
215 407 12 16 0.030638361 
431 159 7 10 0.030628977 
888 262 10 12 0.030625677 
827 510 25 28 0.030611042 
334 222 9 10 0.0305875 
425 158 8 10 0.03055232 
460 221 10 14 0.030546011 
961 303 10 12 0.030535674 
425 243 9 11 0.030529715 
282 270 8 11 0.030504677 
663 359 11 15 0.030476054 
327 285 9 11 0.030447314 
156 324 19 24 0.030444497 
311 214 8 8 0.03027735 
317 334 10 13 0.030259853 
763 468 16 24 0.030239088 
931 261 11 13 0.030205283 
333 404 14 16 0.030203134 
492 262 11 12 0.03017626 
853 221 11 14 0.030154452 
556 425 14 17 0.03009719 
97 256 8 11 0.030097011 
102 365 13 15 0.030070128 
352 168 17 24 0.030059269 
453 255 9 11 0.030026963 
336 174 7 10 0.030024173 
926 205 8 11 0.030008553 
925 363 10 14 0.029944286 
309 442 14 19 0.029905729 
110 277 9 12 0.029791936 
68 295 10 12 0.029735448 
174 456 15 19 0.029673005 
902 259 12 15 0.029666832 
85 453 11 13 0.029597456 
214 270 8 10 0.029568452 
614 265 14 17 0.029536072 
347 394 12 16 0.029469246 
191 306 12 15 0.02942275 
383 213 8 10 0.02936137 
345 311 9 12 0.029357102 
202 439 16 22 0.029261585 
252 331 13 17 0.029250007 
177 320 19 22 0.02923397 
210 262 9 11 0.029175675 
153 232 6 9 0.029128425 
102 261 9 13 0.02911517 
199 222 8 10 0.02897393 
951 355 11 15 0.028852897 
503 223 49 60 0.028780054 
406 319 8 11 0.028770002 
841 238 8 12 0.028761506 
376 328 9 11 0.028733253 
922 257 19 22 0.028719112 
152 245 7 9 0.028718859 
304 244 9 11 0.028612155 
785 188 11 14 0.028578108 
820 185 9 11 0.02851465 
294 221 8 11 0.02851023 
443 361 20 29 0.028465625 
134 294 8 10 0.028452612 
961 270 8 10 0.028447963 
402 174 8 10 0.028360737 
963 238 9 13 0.028299004 
334 383 9 11 0.028296184 
8 347 13 16 0.028187927 
470 219 13 15 0.028100628 
336 326 8 11 0.027820291 
1005 224 9 11 0.02774654 
314 366 13 17 0.027726054 
430 243 9 11 0.027703512 
404 327 10 11 0.027672444 
984 269 10 13 0.027652875 
119 309 9 12 0.027623715 
439 172 7 9 0.027510526 
889 277 10 13 0.027503055 
351 191 9 10 0.027493656 
358 150 7 9 0.027308723 
112 209 7 9 0.027196571 
441 184 9 11 0.027140548 
29 555 17 19 0.027098704 
651 265 17 22 0.026943224 
75 377 13 18 0.026834803 
620 452 24 32 0.026833307 
991 222 8 11 0.026820555 
320 231 8 9 0.026813768 
96 311 9 11 0.026798688 
137 281 8 10 0.02675403 
240 223 9 11 0.02674214 
115 421 15 20 0.026717516 
854 284 11 13 0.02669756 
97 278 8 11 0.02669186 
326 294 9 11 0.02667571 
232 246 7 10 0.02667524 
137 327 10 13 0.026596867 
424 152 9 10 0.026592774 
401 205 8 11 0.026537472 
96 319 10 12 0.026536755 
981 261 9 11 0.02652142 
195 327 14 16 0.026475705 
279 365 11 15 0.026417032 
467 445 12 14 0.026416684 
841 244 8 11 0.026406504 
231 230 7 9 0.02639652 
28 325 9 12 0.026325254 
167 224 7 9 0.026318926 
354 151 7 9 0.02627982 
942 222 10 11 0.026258606 
736 468 14 23 0.026238276 
390 191 7 10 0.02617901 
301 363 13 18 0.026139889 
871 331 11 13 0.026136994 
13 389 9 13 0.026131485 
359 264 8 11 0.026130853 
195 280 19 23 0.026119618 
63 418 12 15 0.026106123 
959 216 8 11 0.026041865 
976 256 8 10 0.026026927 
353 295 8 11 0.025945509 
41 382 20 24 0.025938699 
408 138 18 23 0.02592271 
932 229 9 12 0.025914887 
191 232 8 9 0.025912642 
335 285 10 11 0.025875647 
426 197 8 10 0.025873397 
820 252 9 12 0.0258215 
755 470 17 21 0.025821194 
397 351 9 12 0.025697129 
650 252 17 20 0.025685882 
876 230 9 12 0.025679195 
206 326 12 15 0.02566363 
187 389 14 18 0.025644196 
255 199 8 10 0.025635473 
959 261 9 12 0.02563178 
345 160 7 9 0.025554217 
86 309 8 12 0.025553148 
238 255 8 11 0.025500732 
308 255 18 22 0.025499428 
112 296 9 11 0.025495376 
538 467 17 20 0.02547381 
28 370 12 16 0.025458926 
943 326 11 14 0.025447132 
320 190 8 10 0.025389822 
254 207 8 10 0.025386095 
410 182 8 11 0.025321318 
949 229 10 13 0.025307924 
467 193 13 14 0.025293972 
460 350 11 14 0.025269529 
253 453 12 17 0.025243469 
442 199 9 11 0.025217008 
999 192 8 10 0.025155867 
272 186 6 7 0.025134686 
480 184 64 78 0.025081217 
352 252 9 11 0.025064774 
350 159 7 9 0.025054904 
402 145 7 9 0.024995863 
381 453 12 15 0.024962338 
244 617 19 25 0.024959592 
848 221 10 14 0.024930421 
53 386 12 16 0.024914611 
819 244 10 13 0.024861315 
399 159 8 10 0.024815971 
968 253 9 11 0.024718573 
128 335 8 11 0.02464231 
206 207 7 9 0.024619758 
135 237 9 11 0.024589632 
80 453 11 14 0.02458499 
450 426 14 20 0.024576662 
408 361 13 16 0.024554992 
28 347 12 16 0.024497796 
794 469 19 21 0.024475155 
304 191 8 9 0.024463907 
250 247 8 11 0.024451528 
376 255 8 10 0.024450079 
344 164 7 9 0.024444398 
255 351 13 17 0.024369013 
352 240 8 11 0.024293441 
328 174 7 9 0.024293074 
384 145 8 9 0.024229974 
596 653 13 18 0.024195988 
307 396 14 19 0.024153445 
53 367 12 13 0.02415211 
407 369 21 25 0.024147635 
326 371 11 14 0.024110578 
255 240 9 9 0.024034427 
144 255 9 10 0.024009418 
410 537 22 31 0.023977185 
298 272 18 23 0.02397291 
972 290 11 14 0.023962334 
238 245 8 10 0.023934327 
248 228 8 9 0.023858104 
254 341 14 18 0.023744445 
595 661 16 18 0.02369972 
1015 244 9 13 0.023695758 
222 257 18 24 0.023682266 
451 276 11 13 0.0236145 
431 192 8 10 0.023573238 
96 286 9 13 0.023513097 
806 225 14 16 0.023491919 
72 310 10 12 0.023481544 
278 232 8 10 0.023458153 
124 421 13 19 0.023454608 
926 356 12 15 0.023417301 
344 216 9 10 0.023382587 
1000 237 8 11 0.023338448 
902 295 12 14 0.023326194 
80 368 10 12 0.023309082 
60 277 10 13 0.023285588 
440 232 10 12 0.023279171 
67 409 13 17 0.023266261 
278 261 9 12 0.023263222 
382 437 12 14 0.023155136 
49 313 19 24 0.023153681 
265 255 7 10 0.023111032 
725 402 12 19 0.023109192 
257 286 8 12 0.023012003 
914 416 14 20 0.023006096 
455 356 13 16 0.022990745 
320 200 8 10 0.022988463 
408 159 8 9 0.022979388 
880 407 20 27 0.022979274 
192 339 11 15 0.022975925 
993 298 10 14 0.022953736 
93 365 10 13 0.022950472 
279 308 10 13 0.022904385 
763 437 13 15 0.022892796 
329 238 8 11 0.022872271 
603 424 17 18 0.022863295 
264 186 7 9 0.022846475 
192 278 9 11 0.022840142 
869 345 13 16 0.02282771 
10 334 11 16 0.022820318 
950 263 9 12 0.02280916 
910 222 9 11 0.022798218 
295 544 18 23 0.022755085 
159 339 11 14 0.022754429 
811 184 19 23 0.022725783 
433 172 7 9 0.022619573 
163 317 11 15 0.022614025 
0 382 9 15 0.022612864 
368 326 9 12 0.022482632 
117 414 12 14 0.022472404 
429 151 8 11 0.022463018 
403 444 11 13 0.02241217 
893 492 25 29 0.02238819 
871 279 9 11 0.022355417 
278 417 16 21 0.022334103 
878 193 7 9 0.022314472 
943 263 10 13 0.022247523 
991 389 20 30 0.022214364 
978 232 19 23 0.022202937 
338 421 12 16 0.022200756 
29 338 12 17 0.022189911 
716 395 15 21 0.022035789 
305 183 7 9 0.021986099 
375 144 6 8 0.021985637 
333 233 19 23 0.021985535 
293 316 13 15 0.021982668 
517 309 12 15 0.02195145 
160 215 7 9 0.02190978 
306 408 15 21 0.021909054 
24 351 18 25 0.021889865 
247 294 9 12 0.02186986 
392 284 9 10 0.021840177 
415 159 8 9 0.02183923 
118 239 9 12 0.021808255 
845 237 10 14 0.021805478 
903 231 9 12 0.021767626 
643 666 15 14 0.021744374 
339 433 11 14 0.021731598 
86 371 11 14 0.021710997 
238 201 9 10 0.0216502 
248 207 9 10 0.021633977 
119 316 10 13 0.02160619 
311 344 11 16 0.021591607 
317 144 9 11 0.02151754 
400 167 7 10 0.021513019 
177 216 7 9 0.021486703 
323 342 13 15 0.02148188 
377 175 7 9 0.021468094 
382 223 8 10 0.02143604 
911 331 11 14 0.02142845 
703 517 13 14 0.021424634 
256 185 8 10 0.021419106 
976 231 11 12 0.021398703 
376 167 7 9 0.02135115 
920 211 9 12 0.02130435 
500 405 10 12 0.021303952 
422 355 25 27 0.021290412 
253 317 12 15 0.021267015 
318 339 12 17 0.02126522 
289 229 8 10 0.021264069 
881 311 9 12 0.021253819 
351 262 10 12 0.021248959 
636 441 18 23 0.021247253 
143 214 8 9 0.021221561 
606 268 14 16 0.021182457 
452 237 10 13 0.021159178 
67 428 12 15 0.02113538 
990 275 10 12 0.021125143 
179 370 12 17 0.02103173 
961 328 8 11 0.020995792 
23 387 12 14 0.020988245 
343 192 8 9 0.020976076 
328 387 11 15 0.020940715 
996 316 11 14 0.020888893 
71 317 10 13 0.0208853 
966 326 9 12 0.020883797 
145 208 7 10 0.020882929 
462 204 11 13 0.020880975 
141 224 8 9 0.0208431 
48 323 11 14 0.020821622 
313 452 15 21 0.020819495 
998 268 9 11 0.020808736 
842 253 9 13 0.020779967 
786 183 9 12 0.020720068 
914 308 11 14 0.020718154 
409 213 8 11 0.020686407 
474 411 16 18 0.02065955 
69 341 20 24 0.020649498 
972 301 10 13 0.020543566 
452 262 10 13 0.020524696 
223 208 7 9 0.020500496 
861 412 14 17 0.02048996 
401 320 9 12 0.02046547 
942 309 10 13 0.020446645 
103 389 11 14 0.020438265 
446 227 12 15 0.020435968 
36 339 11 14 0.020353934 
414 137 9 10 0.02034106 
270 359 13 19 0.020340797 
100 451 15 18 0.02033315 
365 294 8 11 0.020320304 
473 263 9 11 0.020309076 
697 509 25 29 0.02030136 
464 182 10 13 0.020284316 
702 482 26 26 0.020256463 
175 320 13 15 0.020247199 
388 268 12 16 0.02023501 
650 538 30 29 0.020225165 
360 189 8 10 0.020209037 
342 294 9 12 0.020205667 
217 192 7 9 0.020203134 
78 272 9 12 0.020195862 
308 327 12 16 0.020174548 
393 160 7 10 0.020113576 
388 447 16 18 0.020110372 
54 335 18 23 0.020094436 
1015 221 8 11 0.020086722 
377 393 13 17 0.020077707 
988 421 13 18 0.020045327 
