5_Car_Accident_Accident_5_948
32
664 141 23 27 0.49981287 
695 286 13 19 0.11316169 
341 286 23 28 0.106730096 
278 238 491 529 0.088554546 
687 184 11 12 0.08378154 
10 170 25 32 0.06487574 
20 177 16 19 0.061594293 
656 182 10 11 0.059508447 
636 134 9 11 0.040517952 
692 188 9 11 0.039984163 
682 189 8 11 0.03459743 
715 164 11 13 0.02973433 
682 183 9 12 0.029644711 
647 165 10 14 0.02956288 
655 141 11 15 0.028898874 
652 156 12 17 0.028050117 
151 243 80 117 0.02774923 
533 362 26 30 0.027332436 
702 277 12 15 0.026817774 
524 414 46 54 0.026537644 
654 149 12 17 0.025734406 
631 127 10 11 0.025677847 
266 309 17 22 0.025566781 
708 286 12 15 0.025119804 
260 310 15 20 0.024550904 
656 136 37 48 0.02403914 
703 161 10 13 0.023814175 
700 368 34 44 0.023352748 
507 432 26 30 0.02299261 
256 310 10 13 0.022470284 
635 191 13 15 0.021842724 
710 126 12 14 0.021790033 
