5_Car_Accident_Accident_5_177
251
906 160 16 19 0.9733043 
749 184 17 21 0.9670883 
696 197 18 24 0.9592359 
989 188 16 22 0.9449312 
597 129 15 19 0.93988913 
394 208 17 21 0.9368165 
834 217 22 25 0.93129015 
301 209 20 23 0.905706 
892 215 18 22 0.891967 
808 271 24 32 0.8775151 
870 254 23 28 0.84987646 
639 232 14 23 0.72959125 
973 210 21 28 0.6580236 
912 242 17 23 0.62465054 
852 337 34 48 0.540282 
879 257 22 28 0.49713078 
797 131 11 14 0.48720297 
832 325 23 35 0.44223616 
881 181 14 18 0.4221517 
675 207 19 22 0.41444108 
671 125 14 18 0.3680052 
682 179 13 17 0.2806643 
685 199 21 26 0.27837062 
799 183 25 28 0.25843504 
886 259 25 34 0.24903087 
797 215 16 24 0.22256117 
672 216 22 30 0.21423955 
644 233 19 24 0.18990937 
795 289 26 35 0.18019734 
377 284 11 14 0.16289556 
623 97 11 15 0.14874512 
788 216 20 28 0.14472455 
834 328 38 48 0.14240246 
899 192 18 20 0.13690041 
765 223 22 28 0.12851252 
771 252 14 18 0.11801592 
437 392 17 18 0.10763138 
893 265 29 39 0.103981405 
691 420 10 13 0.103772424 
743 225 13 18 0.0986017 
775 222 23 28 0.09805903 
760 186 14 18 0.09676571 
348 267 10 12 0.09530866 
794 241 16 21 0.09402228 
618 276 15 19 0.08470165 
368 194 13 16 0.08392456 
261 148 13 15 0.08192512 
977 203 16 22 0.0804725 
231 142 9 11 0.07459808 
545 352 21 33 0.07261436 
781 180 11 16 0.0707239 
678 79 7 10 0.06935872 
888 184 20 25 0.06820191 
696 118 8 11 0.06664663 
896 203 21 26 0.065559745 
354 242 15 18 0.06489202 
688 431 9 10 0.063356966 
691 177 12 17 0.061151482 
233 148 10 12 0.05988617 
787 230 21 26 0.05872922 
675 117 15 18 0.0583264 
248 131 11 13 0.05791188 
773 238 22 26 0.05765101 
757 221 20 27 0.057182584 
923 277 23 29 0.057148658 
805 268 16 25 0.05632234 
999 188 15 19 0.055755448 
663 125 11 15 0.05427558 
650 186 15 18 0.053319678 
733 436 19 21 0.05211926 
725 187 15 20 0.050813593 
904 251 24 30 0.050382543 
340 220 11 15 0.04983115 
457 200 24 27 0.049447812 
979 214 23 31 0.048745204 
493 332 14 19 0.04863545 
254 130 13 14 0.047717076 
352 295 11 16 0.047665857 
591 105 12 15 0.047346815 
255 136 24 29 0.047180578 
621 78 9 11 0.04636777 
568 277 11 13 0.045252483 
905 265 17 23 0.044207815 
772 407 25 35 0.044098917 
672 71 9 11 0.043625366 
521 318 18 22 0.0432628 
883 189 16 21 0.04297775 
996 270 18 23 0.042466808 
680 165 12 15 0.04098881 
236 122 38 50 0.04087845 
632 218 24 32 0.040644657 
906 266 27 34 0.040529706 
341 215 12 14 0.04034231 
614 106 13 17 0.039852895 
865 350 19 29 0.039752934 
647 558 12 12 0.039495993 
993 193 17 23 0.03946788 
464 210 14 16 0.038458873 
466 219 12 16 0.03838448 
542 351 14 19 0.03835144 
587 251 13 16 0.03834247 
675 493 20 21 0.037416898 
890 180 14 17 0.037273124 
674 82 11 15 0.03702557 
590 200 13 15 0.036955845 
906 200 16 23 0.036613055 
658 234 14 20 0.036428783 
667 180 14 20 0.0364245 
259 133 13 16 0.036098976 
615 324 15 20 0.0356477 
635 181 15 17 0.035544053 
667 194 16 20 0.035378918 
703 282 12 15 0.035174917 
450 387 15 18 0.034562226 
428 394 16 20 0.033998493 
670 224 15 23 0.033709124 
93 96 10 12 0.033670407 
905 211 16 22 0.033018645 
628 116 10 14 0.03243641 
831 344 51 60 0.032016248 
61 6 10 11 0.032009922 
831 258 23 32 0.031876612 
342 423 11 15 0.031862747 
-24 165 456 517 0.031833477 
679 73 7 9 0.031711455 
825 275 23 31 0.031569056 
792 250 22 31 0.03142726 
687 582 32 30 0.03133586 
678 110 12 14 0.031247918 
532 364 28 38 0.031016583 
581 252 14 19 0.030667705 
601 194 15 16 0.030605301 
304 193 22 28 0.03056744 
677 195 17 22 0.030516963 
269 140 11 14 0.030502971 
208 136 7 9 0.03046544 
614 240 20 28 0.03037729 
430 233 14 18 0.03016698 
277 140 8 12 0.02988982 
514 237 14 17 0.029840678 
758 209 13 18 0.029597605 
510 257 14 18 0.029426698 
236 142 9 13 0.029285697 
792 128 12 15 0.028963674 
379 287 15 18 0.02877025 
371 313 57 65 0.02869905 
661 184 15 20 0.02855812 
133 66 10 11 0.028304959 
311 358 10 12 0.027949348 
919 246 18 23 0.02765463 
595 102 11 14 0.02751663 
996 226 27 34 0.0274038 
672 205 14 17 0.027369631 
288 152 9 12 0.027122622 
88 96 10 12 0.026908657 
629 109 9 14 0.026680687 
733 551 18 21 0.026667008 
898 224 21 28 0.026550509 
646 181 13 16 0.026489852 
912 322 42 50 0.026458694 
779 248 14 19 0.02645094 
724 200 14 18 0.026223855 
671 164 10 14 0.026085373 
849 314 41 51 0.025915086 
510 317 15 19 0.02587832 
829 322 17 27 0.025873134 
701 116 9 13 0.025846455 
897 348 44 54 0.025844164 
423 305 38 43 0.0258143 
645 77 8 11 0.025631333 
237 127 9 11 0.025502948 
643 219 18 22 0.025502378 
616 212 21 29 0.025452383 
640 193 27 32 0.025444355 
680 230 17 24 0.025334278 
798 276 16 25 0.025287602 
263 254 11 15 0.025096029 
734 644 14 17 0.025023626 
584 248 10 13 0.024902895 
919 288 24 33 0.02485612 
888 283 31 36 0.024844937 
549 363 25 32 0.024769474 
642 78 7 10 0.024764027 
228 126 21 27 0.024731211 
630 234 19 28 0.024591448 
729 191 16 22 0.024513679 
661 203 12 17 0.024421444 
365 221 13 17 0.024401337 
320 234 13 17 0.024365474 
481 212 13 16 0.024337362 
615 94 20 25 0.024281282 
798 136 13 16 0.024146672 
245 139 13 16 0.023979887 
646 174 12 14 0.02376428 
622 105 12 17 0.02351692 
353 237 11 16 0.023510389 
323 196 13 18 0.023442322 
762 211 15 19 0.02342324 
702 422 11 12 0.023393014 
588 194 25 27 0.023376634 
632 186 13 16 0.023338685 
1001 276 20 24 0.023267124 
226 140 8 10 0.023217408 
626 153 15 16 0.023171002 
650 229 16 20 0.023045069 
629 589 15 17 0.02303707 
587 332 11 15 0.023033354 
695 122 10 15 0.022963941 
244 125 24 28 0.022832 
687 249 13 16 0.022782438 
809 181 18 21 0.022732658 
631 185 26 30 0.022478769 
486 335 16 19 0.02243871 
575 197 10 14 0.022393491 
797 194 23 29 0.022226831 
401 203 18 22 0.022224128 
334 224 14 18 0.022180025 
687 414 11 15 0.022109805 
575 188 11 13 0.021933561 
323 524 13 18 0.02188188 
278 156 11 13 0.021824352 
314 192 21 27 0.021744192 
765 413 24 38 0.021708662 
561 253 10 13 0.021636145 
128 93 9 11 0.02161136 
498 436 58 105 0.021525154 
582 231 10 13 0.02147386 
983 224 26 34 0.021373853 
485 321 24 31 0.02132871 
287 347 12 17 0.021225853 
279 276 12 15 0.021206906 
679 167 22 28 0.021102102 
388 501 11 13 0.021030394 
733 427 33 37 0.020980963 
914 202 14 21 0.020961588 
499 262 31 35 0.020909369 
821 329 28 41 0.020880537 
551 307 13 17 0.020736804 
128 68 12 12 0.02069601 
440 389 23 26 0.020694165 
118 127 10 13 0.020689063 
156 119 422 481 0.02056771 
269 330 16 19 0.02049379 
231 127 10 14 0.02036029 
682 122 12 19 0.020343881 
508 302 28 34 0.02032215 
686 117 10 14 0.020319747 
615 71 12 15 0.0202932 
576 330 12 15 0.02021183 
654 187 24 28 0.02008511 
420 279 15 16 0.020017024 
