5_Car_Accident_Car_Crash_5_773
30
394 425 17 22 0.9181004 
325 411 17 22 0.91809607 
686 439 15 18 0.8772156 
630 444 14 17 0.84581286 
550 426 16 21 0.80271035 
465 434 16 20 0.5145905 
720 478 12 16 0.116951905 
3 452 25 31 0.10729042 
493 472 8 10 0.09966661 
658 297 12 16 0.05907377 
731 448 16 18 0.056165677 
514 285 12 14 0.051142544 
583 450 11 14 0.048184235 
570 409 14 19 0.03642907 
604 449 11 15 0.030208496 
491 475 9 11 0.027280547 
653 447 10 13 0.02697888 
670 374 12 15 0.026354741 
937 468 23 33 0.024640819 
379 434 15 17 0.024161575 
1005 188 15 19 0.023840334 
727 443 14 19 0.02225955 
299 460 11 16 0.021713344 
614 454 11 12 0.021519814 
531 436 11 13 0.021314807 
655 373 9 12 0.021041814 
712 483 13 16 0.020927334 
633 549 9 12 0.020882968 
757 447 16 23 0.020712843 
399 449 23 29 0.020033956 
