5_Car_Accident_Accident_5_388
29
135 159 21 26 0.9707398 
211 266 20 22 0.92632526 
55 124 24 28 0.6834663 
250 248 19 21 0.4700264 
64 130 23 26 0.34664583 
215 270 24 28 0.17972918 
137 150 18 20 0.12078583 
31 160 27 33 0.10366902 
892 286 22 27 0.050697528 
218 282 27 36 0.03831693 
256 254 19 20 0.03655555 
877 273 14 17 0.035763297 
552 130 18 20 0.035210475 
109 158 10 14 0.03463358 
880 165 9 11 0.031853996 
453 200 8 12 0.03147098 
701 255 44 54 0.02865884 
73 141 17 21 0.025821507 
220 285 16 22 0.025174478 
507 168 61 67 0.024875162 
226 295 27 36 0.023646275 
490 177 55 70 0.022795498 
229 304 15 21 0.022439884 
481 206 57 78 0.021578673 
477 226 11 16 0.021365996 
77 155 14 16 0.021248452 
301 275 16 21 0.021038048 
533 158 16 19 0.020779802 
11 268 40 62 0.020645749 
