5_Car_Accident_Car_Crash_5_544
21
494 39 204 277 0.999818 
226 187 185 205 0.99876994 
63 227 57 76 0.9977888 
706 188 61 81 0.9882266 
39 267 26 42 0.6720392 
435 173 53 75 0.12717564 
-101 278 389 475 0.120687194 
-46 553 549 467 0.10560708 
497 416 396 490 0.06919898 
67 357 351 490 0.060816135 
858 267 25 31 0.048024554 
616 649 19 20 0.038595915 
811 448 198 312 0.03836208 
669 162 93 120 0.034913152 
484 307 44 59 0.033735342 
567 643 12 17 0.028442437 
116 232 41 61 0.02587668 
334 220 133 150 0.023670062 
630 622 14 19 0.023162924 
157 70 224 360 0.021610767 
615 653 25 28 0.020415705 
