5_Car_Accident_Accident_5_234
459
657 487 21 27 0.96852666 
450 338 17 21 0.8429334 
581 537 17 21 0.7430741 
472 329 17 19 0.7400661 
885 289 12 14 0.71567494 
808 235 10 13 0.70868504 
867 352 15 18 0.6708905 
421 508 17 22 0.63763815 
417 402 18 20 0.60766417 
812 235 12 13 0.49781135 
806 315 18 20 0.4890329 
775 232 10 13 0.40229285 
800 257 13 16 0.38074905 
347 427 16 19 0.35636985 
852 191 13 18 0.35508853 
270 390 17 20 0.3528334 
226 410 15 17 0.34230936 
430 588 23 32 0.3402957 
380 318 10 14 0.3391333 
355 377 18 21 0.31994677 
598 564 20 28 0.3106495 
414 316 11 14 0.3071791 
18 574 25 27 0.30703717 
728 42 12 14 0.27363947 
410 347 13 16 0.2722613 
467 180 12 16 0.27186584 
242 384 16 21 0.26367676 
163 421 20 30 0.2578548 
199 394 14 17 0.24160828 
783 293 13 18 0.22892778 
820 235 10 12 0.20306051 
496 167 8 10 0.17825499 
343 335 11 13 0.17480177 
913 107 11 13 0.16942045 
868 268 13 17 0.167888 
560 150 8 9 0.16588105 
791 103 10 11 0.16353457 
782 208 9 11 0.16185018 
823 545 42 48 0.14821817 
595 551 24 29 0.14709263 
774 192 8 11 0.13762543 
178 424 21 28 0.13412888 
792 187 11 13 0.13405958 
552 169 10 12 0.13113557 
341 286 11 13 0.13034055 
757 220 10 14 0.1265911 
321 433 18 21 0.1258111 
205 401 12 16 0.12151414 
770 173 8 11 0.120246865 
73 563 24 30 0.11934455 
352 414 25 33 0.11661543 
324 327 10 12 0.11636056 
425 271 10 14 0.11370957 
649 161 8 10 0.112323485 
585 127 9 11 0.111828014 
873 347 14 20 0.11112307 
774 276 16 19 0.1086129 
275 398 16 19 0.10711932 
855 236 10 14 0.10705959 
588 540 24 27 0.10506859 
339 372 12 15 0.10489439 
405 352 17 18 0.10356229 
501 166 8 11 0.10219568 
407 340 14 18 0.10087735 
894 348 15 17 0.100249395 
340 345 13 18 0.09341632 
239 378 16 19 0.09278299 
121 478 21 34 0.09241245 
802 645 24 30 0.09238297 
246 418 13 17 0.08906494 
870 260 14 17 0.08755599 
439 168 10 13 0.085779406 
761 204 9 12 0.083656944 
797 205 10 12 0.082216606 
83 450 18 21 0.08187897 
367 327 12 14 0.08186123 
496 162 8 9 0.08132528 
382 438 15 23 0.08108666 
666 127 7 9 0.08024707 
663 428 43 45 0.080228165 
560 145 7 9 0.079423815 
356 363 15 19 0.07933564 
350 278 9 12 0.07918744 
356 309 11 14 0.077518545 
641 127 7 9 0.07265948 
377 313 10 12 0.07232281 
375 360 11 13 0.0722228 
810 77 9 11 0.071910724 
69 563 17 22 0.07016782 
420 430 17 21 0.06957399 
730 491 39 51 0.06920115 
814 277 10 14 0.06691773 
330 406 13 16 0.06637895 
672 114 6 9 0.066345535 
822 530 31 44 0.066039026 
397 349 12 15 0.065360814 
769 190 9 12 0.06527624 
490 168 8 9 0.06388768 
502 161 7 9 0.063754834 
360 293 9 12 0.063309975 
359 273 10 12 0.06315797 
769 155 8 12 0.06301536 
422 372 12 14 0.062442973 
806 278 11 13 0.06201001 
581 158 8 10 0.061882775 
783 84 9 12 0.060762893 
338 353 14 18 0.0606786 
765 113 8 10 0.06032207 
771 648 28 32 0.05989629 
264 560 24 32 0.058979105 
305 480 19 24 0.05888211 
190 395 13 16 0.058448307 
413 322 12 15 0.05834323 
798 210 11 15 0.05831132 
773 181 9 12 0.05819645 
552 144 7 9 0.05796744 
213 403 11 16 0.057876613 
126 476 13 20 0.05784222 
797 562 16 22 0.05725275 
804 537 13 19 0.057059463 
415 377 12 16 0.056830674 
426 500 18 23 0.056825966 
795 524 23 39 0.056777466 
334 348 14 17 0.056174845 
413 286 9 12 0.055741314 
749 332 16 19 0.0551448 
768 150 8 12 0.05405087 
239 391 15 20 0.054033518 
417 406 24 32 0.053984206 
625 127 6 8 0.05355862 
135 539 27 30 0.0531663 
88 456 20 20 0.053060174 
576 143 7 9 0.052627295 
771 265 16 18 0.052312165 
626 175 9 12 0.052110273 
792 196 12 14 0.0520919 
646 126 8 9 0.051767986 
368 348 9 12 0.051359102 
546 150 8 10 0.051358785 
859 368 13 17 0.050823424 
846 216 9 12 0.050808553 
145 416 16 20 0.05028129 
777 213 10 13 0.05027447 
855 185 10 13 0.049976666 
544 145 7 9 0.04938505 
375 322 10 15 0.049335692 
400 354 12 15 0.04894693 
812 259 12 17 0.04889552 
867 291 12 14 0.047987595 
777 101 8 11 0.04740845 
518 184 8 11 0.047321245 
204 381 11 13 0.04679931 
753 215 9 13 0.046758972 
751 120 8 10 0.046688396 
860 236 11 15 0.046066336 
804 515 37 49 0.045808733 
798 173 10 11 0.045733374 
338 363 14 18 0.045686334 
122 441 18 24 0.04557346 
334 312 10 11 0.045095082 
784 103 9 12 0.044964425 
608 164 10 12 0.044791784 
618 625 27 47 0.04445237 
789 85 10 12 0.04420437 
421 378 12 15 0.04413206 
370 422 22 33 0.04355362 
341 378 12 16 0.043449115 
354 465 17 20 0.04331405 
22 562 28 33 0.043190397 
186 421 17 20 0.043166127 
405 290 11 14 0.043131024 
850 236 10 15 0.043123037 
768 230 11 15 0.043103702 
753 79 6 9 0.04284321 
720 354 15 17 0.042835016 
429 342 12 14 0.042792264 
593 533 16 20 0.042659253 
550 150 8 11 0.04238993 
767 198 9 11 0.042377617 
679 118 7 9 0.042242683 
876 333 12 15 0.04174697 
778 87 8 10 0.04168035 
400 287 11 12 0.04147027 
862 111 11 11 0.041431338 
788 342 25 29 0.04138312 
846 176 8 10 0.04131852 
682 126 8 11 0.041237906 
768 136 7 9 0.04090999 
769 259 13 17 0.040697422 
263 388 15 18 0.040674824 
320 328 11 16 0.040117424 
791 203 11 14 0.039945707 
899 353 14 18 0.0398734 
395 315 13 16 0.039735485 
445 168 8 11 0.039724104 
783 190 9 12 0.03952987 
778 207 9 12 0.039364394 
455 168 7 9 0.039354254 
102 482 27 37 0.038953215 
803 263 15 18 0.03876334 
275 380 16 19 0.03871706 
711 528 27 37 0.038512506 
486 362 16 22 0.038313594 
121 424 20 26 0.038147893 
411 332 14 17 0.037705682 
260 449 22 25 0.03764728 
796 320 19 21 0.037617423 
393 347 11 15 0.037574325 
904 285 10 13 0.0375738 
464 176 11 14 0.037332546 
409 325 9 13 0.03731457 
513 184 9 11 0.037234917 
840 176 10 12 0.03692725 
794 181 13 15 0.036861464 
350 327 9 12 0.036847908 
809 72 9 11 0.036591053 
790 210 11 15 0.03647593 
262 567 43 53 0.0361852 
795 548 24 38 0.035958253 
686 80 7 9 0.035923805 
53 433 21 27 0.035691362 
799 168 8 10 0.035675634 
779 272 23 28 0.035672348 
618 127 7 9 0.0355913 
336 291 10 14 0.035271704 
337 366 21 25 0.03526091 
697 112 7 9 0.035231214 
747 491 39 55 0.034854896 
426 367 16 19 0.03461951 
856 112 10 12 0.034602646 
745 56 9 12 0.034308463 
92 490 38 50 0.034295455 
147 421 24 29 0.034251194 
820 177 187 228 0.034111116 
821 182 8 10 0.03382206 
792 174 9 11 0.033492047 
744 135 8 10 0.03344906 
845 159 8 11 0.03342349 
833 197 9 11 0.03338557 
372 332 11 15 0.033358946 
687 62 8 11 0.03326253 
241 474 24 30 0.03324835 
759 103 7 9 0.03305445 
731 250 12 18 0.03290455 
408 402 14 19 0.03271583 
837 197 9 12 0.032666784 
810 83 13 15 0.03262393 
863 105 10 10 0.03236453 
613 159 11 13 0.032351892 
346 340 11 16 0.03230494 
870 243 15 17 0.032111347 
398 244 11 13 0.031979516 
427 279 15 18 0.031836532 
795 101 11 13 0.031791184 
806 241 12 16 0.031736396 
583 142 8 10 0.031735953 
545 157 8 9 0.031666763 
577 151 8 10 0.031646565 
528 174 8 11 0.031348065 
251 385 13 19 0.03130705 
547 576 42 45 0.031305566 
602 160 9 11 0.031228747 
866 283 14 17 0.031178957 
847 181 9 11 0.031131012 
351 372 15 20 0.0310429 
753 104 7 9 0.03094287 
790 354 15 22 0.03081258 
250 411 15 20 0.030758988 
12 576 18 24 0.030713398 
331 322 13 15 0.030600823 
788 290 24 29 0.03036239 
229 396 14 18 0.03032308 
396 324 13 16 0.030246306 
544 193 8 9 0.030060953 
434 168 9 11 0.030010179 
520 159 7 9 0.029973265 
542 489 15 20 0.029898433 
544 173 10 14 0.029843342 
833 192 8 10 0.029635085 
179 491 38 47 0.029343948 
728 95 7 9 0.029313648 
601 541 16 19 0.029242331 
670 127 7 10 0.029200953 
629 614 25 37 0.028932642 
774 137 8 9 0.028927643 
712 39 9 10 0.028850578 
608 568 17 24 0.028750045 
77 447 17 21 0.02869413 
275 408 15 21 0.028672941 
356 356 13 18 0.028547427 
430 264 9 12 0.028544946 
797 389 11 16 0.02850691 
360 407 26 36 0.028432893 
490 161 7 9 0.028215246 
642 552 13 17 0.028063556 
270 410 13 18 0.02788062 
204 408 14 19 0.027876606 
768 180 9 12 0.027656322 
567 144 6 9 0.027629523 
377 272 9 12 0.027582748 
872 252 17 20 0.027580332 
772 155 11 13 0.027533883 
421 175 8 10 0.027528765 
760 191 8 11 0.02751062 
772 167 9 12 0.027427273 
839 265 12 16 0.027340371 
388 302 11 13 0.02732848 
759 224 12 18 0.027037272 
425 398 17 23 0.02690241 
873 96 8 10 0.026857441 
422 340 12 16 0.02679208 
798 158 8 11 0.02663717 
704 55 8 10 0.026624825 
347 346 13 18 0.0266169 
697 47 8 10 0.026607616 
726 246 13 17 0.026603345 
65 482 17 26 0.026540741 
366 339 13 18 0.026508046 
571 523 15 19 0.026463067 
234 411 14 19 0.026330978 
794 151 7 10 0.026329411 
863 298 12 16 0.026215922 
719 507 37 46 0.026205117 
878 96 9 11 0.026165422 
773 656 15 22 0.026077388 
117 446 17 21 0.026052408 
863 134 9 11 0.0260411 
245 213 27 33 0.025996104 
635 535 21 27 0.025942761 
420 331 13 16 0.025905235 
308 227 12 13 0.025886154 
136 420 24 30 0.02582507 
791 191 19 25 0.02574222 
776 143 8 10 0.025677124 
375 302 10 11 0.025675097 
502 171 8 11 0.025635203 
265 444 18 19 0.025504733 
334 301 10 11 0.025488773 
299 413 13 17 0.025374897 
112 414 21 26 0.025368582 
194 426 15 19 0.02527441 
425 265 9 12 0.025268838 
838 191 9 12 0.025069438 
390 325 11 14 0.025033051 
400 271 8 11 0.02501079 
457 330 19 25 0.024992362 
626 111 7 10 0.024990525 
760 167 8 10 0.024943884 
798 86 12 14 0.024919597 
36 591 27 38 0.02485889 
744 120 8 9 0.02483272 
527 159 7 9 0.02474607 
428 356 13 16 0.024741542 
752 183 8 10 0.024695624 
364 272 10 12 0.024426624 
596 525 15 17 0.024404146 
416 278 10 13 0.024378572 
360 286 10 13 0.024350755 
590 131 8 10 0.024201337 
774 220 13 17 0.024168078 
587 237 23 27 0.02412203 
746 79 7 9 0.024098527 
865 254 11 14 0.024067555 
581 152 8 10 0.024034832 
635 547 22 28 0.023940857 
560 564 42 45 0.023922576 
772 255 12 15 0.023879891 
707 506 31 42 0.023857083 
761 118 9 11 0.023814091 
131 476 24 38 0.023811396 
350 473 13 18 0.023749938 
774 71 8 10 0.023599328 
821 520 15 23 0.023585783 
427 378 13 16 0.023550658 
874 205 14 15 0.023518646 
631 119 8 11 0.023367533 
58 426 17 20 0.023347858 
752 124 7 10 0.023335863 
912 95 10 12 0.023269815 
799 79 9 11 0.023260789 
360 331 11 14 0.023251723 
886 261 12 15 0.023228861 
665 164 9 11 0.023207381 
865 260 12 17 0.023169372 
763 662 28 34 0.023137692 
196 418 16 21 0.02312982 
336 333 11 15 0.023100948 
803 323 18 23 0.023068888 
577 135 8 10 0.023043169 
695 136 7 9 0.023017565 
812 521 15 23 0.022993276 
895 268 11 13 0.022987522 
782 198 10 12 0.022937806 
211 419 14 19 0.022898447 
728 102 8 10 0.022861024 
780 150 8 10 0.022829315 
230 375 12 15 0.022790384 
781 91 11 14 0.022764051 
409 316 10 15 0.022756165 
884 346 14 20 0.022721201 
760 127 7 9 0.022716444 
713 70 8 10 0.022690242 
805 88 14 18 0.022579128 
998 688 14 16 0.022508193 
837 206 9 12 0.022495 
752 206 9 13 0.022446254 
663 628 26 34 0.022401974 
779 520 24 39 0.022401469 
649 470 38 46 0.022397153 
353 304 18 23 0.022375064 
582 552 39 45 0.022363536 
36 559 23 32 0.022277387 
37 521 26 33 0.022248004 
812 252 13 16 0.0221796 
793 329 25 31 0.022141753 
220 397 15 18 0.022132682 
429 495 14 17 0.02204176 
460 404 15 20 0.021998985 
725 36 19 24 0.021962078 
205 418 13 19 0.021955501 
774 150 10 11 0.02180919 
791 94 11 14 0.021749085 
747 518 25 33 0.021742232 
251 451 25 31 0.02172492 
758 80 7 9 0.021715544 
457 182 8 11 0.021708628 
655 127 7 9 0.021703452 
374 590 11 17 0.02158776 
672 95 7 10 0.021558553 
862 125 11 12 0.021543087 
656 451 33 38 0.02137403 
813 241 14 16 0.021372737 
62 560 16 22 0.021221329 
197 409 16 20 0.021202281 
703 582 38 55 0.02113939 
632 126 7 10 0.021093225 
687 134 8 10 0.021085927 
486 190 10 13 0.021068156 
796 276 13 17 0.021059312 
749 59 10 12 0.021046687 
566 150 7 9 0.02102928 
720 45 9 12 0.021005532 
811 534 13 21 0.020966334 
868 299 13 17 0.020965913 
776 79 8 9 0.020934863 
185 397 12 14 0.020930367 
346 283 12 14 0.02077575 
928 112 10 12 0.020755526 
744 191 9 12 0.020657962 
31 541 28 34 0.020652875 
158 429 16 23 0.020641806 
840 214 9 12 0.020527722 
231 389 12 15 0.02049957 
830 246 10 13 0.020425104 
437 268 13 17 0.020307152 
354 323 100 116 0.020135706 
728 88 6 8 0.020083953 
879 102 10 11 0.02007477 
760 159 8 10 0.020060893 
