5_Car_Accident_Accident_5_474
110
553 136 17 22 0.9851893 
347 141 16 23 0.9820103 
240 119 22 27 0.9707319 
801 143 18 22 0.5822665 
618 141 21 25 0.44822866 
707 134 21 26 0.39687726 
795 107 42 50 0.36711302 
610 145 20 25 0.3580957 
622 128 16 19 0.33792716 
586 153 15 21 0.27301303 
307 148 11 15 0.27100533 
797 129 31 37 0.20371583 
142 105 11 15 0.17105927 
298 172 17 22 0.153999 
326 198 17 21 0.11854516 
540 162 14 19 0.11763622 
595 148 19 27 0.115675546 
630 136 19 24 0.11180827 
604 150 17 23 0.10825618 
501 121 15 20 0.09551696 
302 144 12 16 0.09245225 
795 96 33 40 0.08978757 
284 141 10 11 0.08944946 
109 291 17 19 0.085046366 
266 179 16 24 0.07455436 
637 132 16 21 0.07361958 
617 263 10 13 0.06852344 
296 148 12 16 0.066467896 
767 260 13 19 0.065090045 
160 92 43 47 0.06397269 
379 163 14 17 0.059283406 
581 139 22 27 0.059185434 
454 283 22 26 0.05687449 
702 130 18 21 0.0520699 
496 124 22 33 0.050738152 
460 76 27 33 0.046104133 
126 293 13 17 0.045484066 
400 143 9 13 0.04235143 
297 142 11 14 0.04151901 
830 94 31 42 0.040645998 
506 130 13 19 0.03994746 
539 283 12 16 0.039448384 
100 617 27 39 0.038890433 
552 270 11 13 0.038857978 
333 72 18 22 0.038443316 
960 189 8 11 0.038154088 
139 101 20 27 0.037951384 
696 139 12 17 0.037536297 
287 149 11 13 0.03697539 
318 162 12 16 0.036207326 
406 148 9 11 0.034965355 
545 225 22 31 0.034860242 
97 293 26 29 0.034460973 
838 139 16 18 0.032557636 
830 103 46 56 0.031730093 
134 112 15 21 0.031414784 
452 74 24 28 0.031317975 
903 224 10 13 0.03106788 
-2 436 51 81 0.030603845 
146 101 11 15 0.03047962 
172 99 18 19 0.029896209 
567 210 22 29 0.029555427 
301 142 20 26 0.029045982 
876 250 21 27 0.02867648 
200 260 11 15 0.028021257 
804 85 50 61 0.027663875 
633 359 9 12 0.02728332 
469 81 16 21 0.027244702 
314 147 14 18 0.027094644 
649 336 10 11 0.02706324 
494 127 15 23 0.027006218 
94 306 16 19 0.02688844 
164 113 33 37 0.026815167 
186 188 24 31 0.02596768 
300 166 13 18 0.025885673 
252 177 17 23 0.025596414 
340 10 32 39 0.025096415 
605 322 11 17 0.02484165 
373 143 10 12 0.02484003 
65 160 31 37 0.024819871 
454 73 11 15 0.024743894 
499 195 17 21 0.024273973 
244 185 16 19 0.0241236 
703 340 12 15 0.023208663 
804 119 49 60 0.023125252 
594 222 22 28 0.022606352 
490 253 444 508 0.022570774 
124 106 13 16 0.022568649 
814 46 15 17 0.022529082 
483 122 25 36 0.022441221 
286 176 14 20 0.02240848 
377 170 14 17 0.021816643 
555 233 12 18 0.021666164 
406 119 8 11 0.021435264 
314 66 448 507 0.021287378 
835 40 29 35 0.021227073 
836 95 20 25 0.021150488 
817 107 16 18 0.02100723 
837 124 26 33 0.020918073 
174 261 15 17 0.020891016 
246 183 26 30 0.02087999 
88 281 46 52 0.020746343 
500 139 16 22 0.020663196 
322 189 29 31 0.020558981 
637 366 8 10 0.020553105 
145 98 9 13 0.020443391 
325 139 13 18 0.020260086 
203 110 26 35 0.020160764 
951 201 9 11 0.020137103 
839 340 13 16 0.020069486 
