5_Car_Accident_Car_Crash_5_644
24
651 134 212 289 0.9998235 
52 229 254 286 0.99962056 
465 692 108 123 0.55954975 
336 602 92 123 0.29512653 
859 752 31 43 0.095568605 
926 598 56 69 0.04378174 
114 197 69 69 0.04301171 
89 171 118 132 0.0417823 
136 216 40 36 0.039649885 
73 116 211 282 0.034808002 
204 508 93 110 0.028166639 
903 801 30 34 0.027617753 
857 730 48 58 0.02626027 
879 579 107 112 0.025706809 
996 770 23 37 0.025500966 
604 195 388 483 0.025182322 
338 1 16 18 0.024979617 
870 741 13 16 0.024854682 
343 649 100 124 0.024846083 
685 263 151 184 0.023706712 
251 478 211 266 0.023066988 
92 585 108 108 0.022545679 
347 729 74 64 0.0219575 
976 27 27 34 0.020967925 
