33_Running_Running_33_747
33
440 394 36 59 0.4844456 
613 423 45 57 0.324387 
765 182 10 14 0.28513038 
305 426 28 35 0.22801422 
561 301 9 12 0.09957025 
597 305 15 19 0.07754944 
611 398 13 16 0.06978714 
333 406 33 37 0.06967087 
419 403 51 64 0.062502764 
788 191 11 14 0.053188592 
768 263 10 12 0.042962376 
786 195 13 17 0.04152977 
606 402 23 30 0.03523875 
611 413 32 44 0.031769935 
623 456 30 39 0.029140307 
765 311 9 11 0.029102355 
389 41 422 448 0.027719578 
824 237 8 10 0.02490514 
220 93 11 14 0.024776343 
888 203 28 31 0.024644533 
688 459 42 53 0.024484735 
317 412 40 48 0.023839818 
333 410 16 21 0.023806533 
564 295 10 13 0.023729129 
553 279 10 13 0.023717307 
4 605 12 17 0.023102954 
736 281 9 11 0.022193814 
793 256 8 10 0.021676913 
293 428 28 42 0.020981655 
782 208 12 15 0.02079271 
823 233 7 10 0.020707235 
618 304 15 19 0.020337416 
799 292 10 12 0.020066518 
