33_Running_Running_33_786
197
506 127 31 34 0.99936134 
503 459 35 41 0.9952188 
522 238 30 34 0.9936767 
130 375 26 31 0.9934575 
732 454 29 42 0.99082816 
917 450 21 31 0.98503196 
314 374 16 19 0.9793411 
943 352 14 19 0.9551535 
901 119 12 16 0.8766929 
953 113 15 20 0.87316865 
47 465 12 15 0.8355359 
883 337 15 20 0.7642897 
91 456 12 16 0.7208388 
333 255 16 18 0.6981383 
339 461 16 21 0.61038864 
979 342 13 18 0.5549759 
144 463 10 14 0.5290956 
181 370 17 22 0.38798282 
962 152 28 30 0.3856475 
73 102 30 38 0.3073997 
887 153 16 18 0.23621726 
919 134 9 11 0.23273836 
511 340 9 12 0.21510664 
112 247 9 12 0.19938228 
877 341 15 19 0.18210006 
992 365 12 14 0.17625763 
848 137 7 10 0.17409463 
712 354 23 31 0.17223527 
534 399 11 13 0.17122412 
350 113 31 37 0.16466886 
804 137 13 16 0.15924968 
278 229 15 17 0.14733124 
77 383 15 22 0.13621205 
927 143 11 14 0.13085192 
84 383 15 21 0.13020608 
985 346 13 16 0.11749789 
444 331 10 13 0.10631829 
949 131 12 16 0.10493659 
367 334 11 15 0.101080455 
946 155 12 17 0.099295706 
712 332 17 20 0.09452977 
951 117 23 28 0.08490052 
58 387 25 28 0.0780295 
989 370 15 18 0.07567741 
913 133 8 12 0.07434022 
870 149 10 13 0.0731153 
101 378 15 20 0.070693225 
117 246 10 12 0.07058634 
236 469 14 20 0.06994085 
7 267 9 13 0.06899257 
47 237 10 13 0.06839146 
956 373 10 12 0.06266731 
945 162 14 19 0.06255444 
297 270 11 14 0.06224574 
879 141 11 15 0.06209254 
370 253 11 15 0.06071007 
109 237 10 12 0.058665305 
247 455 11 13 0.058058888 
946 139 14 18 0.057750367 
89 378 20 28 0.05416974 
930 146 11 15 0.052018628 
215 252 27 35 0.052001305 
709 337 21 26 0.05171076 
947 146 14 19 0.051119696 
896 131 12 15 0.049033552 
548 338 11 14 0.048862346 
944 133 12 15 0.04731398 
906 123 11 15 0.0472056 
502 397 12 14 0.04623928 
299 276 10 12 0.045856252 
272 334 9 13 0.044667494 
857 513 9 11 0.043094307 
642 289 19 21 0.04296168 
894 139 13 16 0.04295434 
699 120 29 35 0.04282761 
507 336 10 12 0.041451287 
975 335 10 15 0.040340252 
883 140 13 17 0.039801124 
160 251 12 13 0.03962572 
982 398 16 22 0.039390218 
136 247 7 10 0.039358366 
920 139 11 14 0.038118448 
919 148 10 14 0.0380896 
412 178 14 19 0.03762519 
95 181 24 27 0.037469298 
872 339 13 18 0.037156656 
43 273 14 17 0.037111577 
87 106 30 37 0.036987625 
105 234 10 13 0.03683273 
989 357 13 16 0.036356915 
106 246 10 13 0.035987128 
924 155 13 17 0.03542902 
925 134 9 12 0.03530838 
762 233 17 19 0.034801632 
927 506 11 15 0.03465835 
49 233 9 12 0.034531597 
66 376 23 27 0.03448083 
884 135 10 12 0.03446699 
531 396 10 13 0.034330003 
872 144 10 12 0.034207653 
962 110 14 18 0.034074884 
965 391 9 12 0.033688985 
179 379 18 22 0.033588823 
293 252 23 28 0.03347336 
443 348 17 23 0.03292547 
551 397 10 13 0.032076064 
1005 400 11 13 0.03184093 
72 113 13 17 0.031745933 
13 270 8 11 0.03171031 
869 154 10 14 0.031428177 
512 237 26 31 0.031135242 
59 365 24 28 0.031094516 
47 448 21 27 0.031036967 
981 150 25 31 0.03087424 
48 430 25 29 0.030503804 
422 163 12 15 0.029838337 
849 151 8 10 0.029272925 
899 138 12 14 0.029161725 
662 162 34 41 0.028635278 
42 244 13 18 0.028629176 
639 234 13 16 0.028548568 
143 457 18 24 0.028420163 
950 132 24 29 0.028326495 
992 378 14 18 0.028005308 
994 145 24 33 0.027889946 
963 118 22 26 0.027845835 
431 413 11 14 0.027759416 
42 458 20 26 0.0274729 
559 526 12 14 0.027303103 
125 246 8 11 0.026795227 
990 335 11 13 0.026777247 
933 134 10 13 0.026553428 
416 174 23 31 0.02640476 
356 125 18 21 0.026263189 
1008 284 8 13 0.02612412 
670 121 16 21 0.026043868 
883 108 12 16 0.025998585 
247 449 10 12 0.025977002 
886 520 10 11 0.025921615 
925 142 20 24 0.025762115 
616 294 12 16 0.025491154 
623 215 42 49 0.02548403 
119 241 10 13 0.025474766 
955 132 40 45 0.025313312 
956 367 10 13 0.025183093 
105 384 16 22 0.024906648 
876 380 10 13 0.024887165 
413 405 8 10 0.024867432 
322 448 39 53 0.02486223 
687 327 13 15 0.02479076 
988 130 13 17 0.024712775 
94 384 25 31 0.024576765 
930 498 16 21 0.024501737 
970 324 9 13 0.024195662 
286 225 10 13 0.024182066 
7 212 11 15 0.02414731 
484 415 11 12 0.023827465 
637 96 15 18 0.023788976 
51 373 24 31 0.023674488 
721 338 17 21 0.023604536 
921 326 9 11 0.023467274 
861 293 11 12 0.02346481 
627 291 14 16 0.023315368 
999 402 11 15 0.023231434 
690 331 13 15 0.02323052 
420 182 14 18 0.02321956 
627 278 39 44 0.02315955 
982 107 13 17 0.02311211 
1008 279 8 11 0.022467107 
329 253 14 16 0.022389801 
983 363 10 13 0.022294192 
970 116 14 18 0.022227323 
518 408 8 12 0.022026246 
911 139 10 13 0.021844396 
529 392 8 11 0.021497974 
865 151 9 11 0.021466961 
496 398 12 14 0.021185031 
293 246 15 16 0.021135652 
75 101 18 23 0.021122815 
49 418 26 29 0.020827023 
964 103 12 15 0.020814285 
714 251 16 21 0.020806285 
324 368 10 13 0.020795787 
238 461 13 18 0.020730307 
991 328 9 10 0.020704422 
975 216 11 14 0.020677947 
698 102 34 37 0.020608984 
442 158 43 50 0.020592524 
933 154 11 16 0.020456733 
572 414 13 15 0.020382866 
972 108 12 16 0.020231994 
98 113 18 24 0.020228202 
971 223 18 19 0.020220593 
242 454 9 12 0.020214513 
13 276 9 11 0.020179769 
974 324 9 12 0.020114308 
16 425 27 34 0.020016875 
