33_Running_Running_33_286
53
479 291 53 72 0.99892116 
70 342 11 14 0.111188404 
23 485 9 12 0.09107588 
148 485 9 11 0.08626242 
661 471 8 9 0.07572936 
865 477 7 9 0.073540926 
848 472 9 11 0.068841934 
823 485 8 10 0.061082322 
656 479 9 11 0.047953915 
873 476 8 10 0.04498591 
920 472 7 9 0.04297826 
606 472 6 10 0.042954672 
696 478 9 11 0.041811373 
818 472 7 9 0.038259357 
162 488 8 9 0.036345873 
889 471 8 9 0.035958715 
674 479 9 10 0.034209087 
716 476 10 13 0.0340013 
1005 368 13 19 0.033865947 
71 493 8 10 0.032956857 
818 479 7 10 0.032839507 
166 488 7 10 0.03243295 
677 473 8 10 0.03174125 
432 477 115 129 0.030840497 
853 472 8 10 0.030498035 
597 429 10 13 0.030131703 
657 465 7 9 0.0299978 
873 392 8 10 0.029922938 
638 472 8 9 0.029364062 
612 432 9 11 0.029331421 
855 592 11 14 0.027948104 
711 473 10 12 0.027428824 
792 471 7 10 0.026906436 
608 430 9 12 0.026823549 
696 576 10 12 0.025834206 
702 475 11 13 0.025578206 
54 493 8 10 0.025389181 
1008 407 10 13 0.025092669 
85 486 8 10 0.02498414 
647 481 8 11 0.02494251 
744 590 9 13 0.024691505 
806 479 8 9 0.024320578 
689 600 8 10 0.02394237 
733 480 8 10 0.023693852 
818 484 9 11 0.023457196 
674 471 8 11 0.02340392 
831 472 8 9 0.022161555 
866 409 8 10 0.021945704 
640 479 8 11 0.021778727 
703 575 9 12 0.021577982 
1010 988 9 13 0.021559779 
661 479 8 10 0.020389594 
230 387 11 13 0.020329524 
