33_Running_Running_33_760
35
428 350 95 119 0.99978846 
729 254 62 70 0.6994177 
178 289 123 143 0.60408026 
758 262 38 48 0.49907526 
559 176 107 141 0.2785741 
142 32 418 466 0.19243936 
693 247 74 75 0.16774625 
754 477 130 124 0.1263811 
576 525 250 305 0.10149664 
57 661 82 104 0.09547701 
353 1051 56 66 0.0777297 
40 695 56 81 0.075451754 
146 213 188 237 0.072699726 
581 192 67 88 0.06943862 
142 699 33 37 0.06274388 
122 716 49 60 0.061527915 
99 679 56 65 0.047070775 
786 490 75 85 0.044659402 
171 683 16 22 0.042466007 
466 334 90 116 0.04099421 
409 190 27 29 0.039478634 
84 659 217 298 0.038692046 
576 135 148 223 0.03844893 
150 685 32 38 0.035753004 
86 701 55 71 0.033725798 
621 351 361 445 0.03292914 
153 683 343 501 0.029532345 
638 633 153 159 0.029166328 
441 938 39 48 0.028855737 
678 1080 254 248 0.02864548 
159 677 27 33 0.024542704 
601 245 34 46 0.023604462 
85 671 38 49 0.023391303 
554 742 26 35 0.022514144 
26 584 361 450 0.02000329 
