33_Running_Running_33_547
20
742 57 58 64 0.9983954 
115 32 59 68 0.9976914 
527 110 45 56 0.99644715 
455 52 47 55 0.99410206 
254 81 47 54 0.99191487 
626 137 43 49 0.98936045 
367 99 42 51 0.98610246 
252 570 30 36 0.5836646 
938 175 17 19 0.33956534 
202 539 28 30 0.17795539 
308 522 25 26 0.05576547 
13 143 11 15 0.038392857 
354 555 13 16 0.02788009 
309 592 40 42 0.0256981 
637 549 12 14 0.02426048 
317 98 400 493 0.02400879 
84 574 10 11 0.023554051 
245 582 38 43 0.02277223 
1002 216 23 33 0.021315822 
199 547 13 16 0.020774495 
