33_Running_Running_33_771
23
418 339 109 135 0.9999248 
330 136 99 134 0.9998801 
122 395 43 62 0.30227786 
14 544 79 123 0.21257602 
27 15 202 273 0.15914877 
338 804 428 560 0.14326411 
393 855 157 157 0.11143448 
130 521 88 118 0.095344275 
364 861 236 283 0.08457434 
854 171 165 261 0.061631426 
355 864 58 82 0.05523123 
-44 -104 361 435 0.047513474 
101 371 55 79 0.042978123 
24 943 56 73 0.0315974 
133 595 47 61 0.030504182 
163 342 29 35 0.030483706 
699 -2 108 114 0.029528683 
181 717 59 86 0.027529906 
151 588 29 37 0.025524672 
-4 471 162 251 0.023719067 
63 343 94 126 0.022833463 
983 477 40 71 0.020994458 
130 368 53 74 0.020218382 
