11_Meeting_Meeting_11_Meeting_Meeting_11_441
126
648 290 30 37 0.9986033 
554 279 26 32 0.9980253 
403 279 24 36 0.9972633 
254 303 27 49 0.99424064 
461 274 24 31 0.9904969 
732 292 26 38 0.9802557 
759 332 27 38 0.93347347 
377 306 25 45 0.89963174 
740 336 25 33 0.8955608 
138 359 35 66 0.86130804 
144 497 68 74 0.7451647 
623 319 26 32 0.72487056 
817 341 28 47 0.6660493 
424 351 36 59 0.5945054 
671 11 12 16 0.59159595 
907 582 98 113 0.56412095 
208 470 59 96 0.54693896 
625 434 28 33 0.47864732 
406 354 41 54 0.46224132 
387 368 47 49 0.43387604 
601 225 10 14 0.42109576 
327 302 25 37 0.3743083 
569 246 12 14 0.31639066 
849 362 37 41 0.29762596 
780 343 34 43 0.27333543 
223 197 15 20 0.23880804 
776 11 11 14 0.232783 
226 452 56 89 0.18029757 
584 470 33 35 0.14603794 
831 352 36 43 0.12913428 
208 632 71 55 0.1228912 
262 321 31 44 0.11740965 
341 321 39 44 0.09377116 
170 487 82 83 0.09313087 
848 256 12 16 0.086417295 
116 470 57 74 0.08253734 
555 228 9 13 0.07794459 
361 315 32 43 0.07682663 
255 629 56 55 0.07662319 
221 183 13 16 0.07016546 
735 312 35 46 0.065643586 
767 334 33 45 0.061288103 
185 626 67 52 0.0601882 
622 324 17 20 0.059241254 
220 208 17 23 0.0577594 
299 131 32 35 0.0569618 
558 195 13 17 0.054189343 
216 183 11 14 0.05226975 
871 255 13 15 0.051790014 
995 259 12 15 0.049585156 
870 342 30 43 0.048460614 
752 337 22 30 0.047695044 
238 651 35 36 0.04769063 
620 245 10 13 0.046363574 
212 198 20 27 0.044307806 
48 93 118 172 0.044138227 
917 198 14 18 0.042771135 
225 188 13 16 0.042340193 
962 419 19 25 0.04027121 
367 357 47 56 0.040181108 
195 199 23 27 0.03990018 
662 426 33 42 0.03961239 
272 335 19 27 0.039054994 
218 186 21 26 0.03891728 
677 292 13 20 0.038435586 
615 244 10 13 0.037697446 
583 391 15 19 0.037603423 
1013 410 10 18 0.03751006 
597 244 12 15 0.037381362 
248 172 12 17 0.03695869 
282 640 38 41 0.036911152 
976 261 8 12 0.03594292 
748 298 28 31 0.03583706 
278 389 52 60 0.03555218 
126 438 60 86 0.035296813 
385 295 26 43 0.035198554 
606 243 12 14 0.034855705 
586 240 9 11 0.034648046 
423 336 29 45 0.034577027 
802 212 12 15 0.03445972 
556 234 10 15 0.03337147 
246 377 51 68 0.033055313 
501 593 13 14 0.031321563 
938 584 50 53 0.029910468 
583 361 28 37 0.029906983 
676 37 9 12 0.02957919 
634 426 42 43 0.029429149 
598 222 18 22 0.029132836 
248 165 11 16 0.029045511 
133 511 108 95 0.028813623 
867 360 32 44 0.028436203 
578 481 30 32 0.02838647 
603 461 13 17 0.02831229 
122 386 52 84 0.028189098 
794 334 33 50 0.027768077 
624 364 12 17 0.027482433 
81 348 47 66 0.027179526 
335 307 34 45 0.027037818 
246 419 52 74 0.026795544 
224 389 57 77 0.026475072 
718 648 48 47 0.026381098 
223 505 57 88 0.026253272 
415 403 51 73 0.025610393 
670 44 11 13 0.02555563 
270 393 37 47 0.02510614 
738 330 20 27 0.025078373 
974 267 10 13 0.024847656 
581 496 16 18 0.024823248 
857 231 11 14 0.024581263 
735 285 13 21 0.024271145 
269 481 30 50 0.024269195 
460 236 13 16 0.02406135 
589 331 14 16 0.022911467 
677 31 10 14 0.022855612 
1005 259 11 14 0.022440081 
254 222 13 16 0.022314288 
235 163 13 16 0.021983612 
810 385 36 44 0.021766784 
582 380 22 28 0.021525865 
583 243 10 13 0.021282742 
634 428 19 24 0.02116223 
908 362 17 18 0.021002987 
555 268 15 18 0.020478748 
868 478 27 30 0.020375066 
220 173 11 15 0.02026462 
241 539 31 44 0.020036792 
