11_Meeting_Meeting_11_Meeting_Meeting_11_189
225
65 367 18 23 0.9862418 
807 145 35 54 0.96222925 
194 389 25 33 0.9511902 
254 361 10 14 0.8453311 
100 384 15 22 0.8225626 
395 391 17 22 0.6551166 
418 358 9 10 0.59977436 
159 369 12 15 0.59279454 
424 369 13 15 0.54319763 
495 359 11 13 0.5429128 
18 361 10 15 0.51749396 
327 380 9 13 0.48582086 
109 365 9 11 0.40172535 
31 353 13 17 0.33574283 
150 367 11 14 0.29447612 
410 440 14 20 0.29314747 
285 343 9 12 0.2768708 
336 363 10 12 0.27440602 
2 356 11 15 0.2649384 
350 436 12 15 0.25183535 
272 375 11 13 0.2172172 
364 419 13 17 0.20613407 
137 366 8 10 0.18405186 
258 450 15 23 0.18394335 
409 373 10 13 0.18144032 
224 359 8 10 0.17311741 
334 374 9 12 0.17233175 
22 349 11 14 0.14306575 
144 366 10 12 0.14047046 
300 398 11 13 0.13504459 
166 359 9 11 0.1337218 
230 365 8 11 0.12679867 
374 356 9 12 0.12665327 
44 357 11 14 0.12316795 
259 363 10 13 0.12195657 
0 361 12 17 0.12179981 
238 367 9 11 0.11970563 
44 379 15 19 0.119644105 
3 372 12 15 0.113263056 
251 360 9 11 0.111933514 
277 367 12 14 0.11108535 
158 347 9 11 0.1102599 
128 395 10 13 0.11024337 
153 454 28 32 0.107273564 
106 360 9 12 0.10613555 
217 359 7 9 0.10206044 
379 378 13 16 0.093538426 
222 388 14 17 0.091388635 
393 365 10 13 0.08739271 
393 360 9 11 0.086614594 
408 368 9 11 0.08482467 
309 374 9 11 0.07572078 
240 371 9 12 0.07346033 
297 356 9 11 0.07291154 
120 419 11 15 0.07166084 
18 349 10 12 0.06869151 
183 367 8 11 0.06823246 
231 361 7 9 0.06496384 
348 408 14 17 0.06455943 
343 442 13 16 0.06441393 
407 377 12 16 0.063893095 
301 381 12 13 0.06342163 
472 380 11 13 0.061578054 
173 348 8 11 0.06047017 
259 455 22 28 0.05732605 
303 367 10 11 0.057122663 
261 466 25 34 0.057019494 
300 389 11 13 0.0549568 
133 391 10 13 0.053370025 
154 344 8 11 0.05240086 
30 343 10 13 0.052092917 
18 346 20 22 0.050712317 
282 347 10 13 0.049783792 
332 378 10 13 0.049415555 
138 361 7 9 0.04901733 
169 348 7 10 0.04894286 
296 351 9 12 0.048322443 
382 395 14 17 0.047993366 
296 402 11 14 0.047967963 
73 364 14 20 0.04759881 
300 351 9 12 0.046490893 
391 370 12 14 0.046184268 
375 373 13 17 0.045408253 
368 381 11 14 0.04501754 
271 368 11 13 0.044290937 
36 350 12 16 0.04382731 
160 359 10 11 0.04359082 
366 387 11 13 0.043119583 
519 361 9 11 0.042621646 
151 407 10 13 0.042377733 
110 371 11 14 0.042059746 
205 381 13 17 0.040008552 
133 414 10 11 0.039175425 
175 415 11 15 0.03887799 
499 362 11 14 0.03883601 
253 389 10 14 0.037655525 
107 381 13 18 0.037371833 
340 364 10 14 0.03632504 
209 392 15 22 0.036258478 
102 414 9 13 0.03616886 
145 369 11 14 0.035220716 
234 463 19 20 0.03500882 
412 431 11 14 0.034814853 
224 370 12 13 0.03459015 
313 402 10 14 0.03446951 
117 404 11 13 0.034184236 
407 420 12 13 0.034065183 
359 428 12 15 0.03403857 
176 365 9 13 0.034005336 
491 358 10 13 0.033901274 
374 403 11 14 0.033898305 
14 356 17 23 0.03373935 
429 379 12 15 0.033208217 
333 395 11 14 0.03298021 
51 378 12 17 0.032956485 
172 372 10 13 0.03261379 
31 377 13 18 0.03235317 
249 394 13 17 0.032041766 
340 374 11 13 0.032039773 
11 378 15 18 0.032002937 
397 372 9 13 0.031613715 
135 370 10 12 0.031533092 
362 435 14 17 0.031147486 
349 381 12 15 0.031113818 
309 379 10 13 0.030955657 
71 421 12 16 0.030776374 
184 371 10 13 0.030720538 
428 360 11 13 0.030616427 
279 357 10 11 0.030601082 
150 363 18 23 0.03037817 
16 399 12 14 0.030285954 
357 388 12 13 0.030214798 
87 384 14 19 0.030163702 
200 372 11 14 0.029973887 
70 360 12 16 0.02992974 
398 382 10 16 0.029737571 
415 353 18 22 0.029542508 
251 359 18 22 0.029299501 
207 367 9 11 0.0292668 
33 371 22 25 0.02903118 
157 400 10 11 0.028992267 
93 400 15 18 0.028928317 
255 383 10 13 0.028865412 
248 467 27 32 0.028799476 
475 375 10 13 0.028758552 
334 390 10 12 0.028746026 
78 360 10 13 0.028664097 
376 364 10 13 0.0286535 
462 391 11 14 0.028595597 
1 377 11 16 0.0285286 
511 364 10 13 0.028425667 
388 380 14 17 0.02842566 
415 362 13 16 0.028413134 
375 397 13 15 0.028363101 
19 368 14 18 0.028341388 
143 406 11 14 0.028114997 
398 432 25 31 0.02795686 
134 406 11 13 0.02795445 
84 365 10 14 0.027884373 
117 382 10 14 0.027646689 
118 388 11 14 0.0276182 
272 452 29 34 0.027572794 
34 359 15 18 0.027380694 
234 590 16 16 0.02694206 
350 367 10 12 0.026918625 
468 436 14 16 0.026807472 
343 379 10 14 0.026656935 
407 424 21 27 0.0266391 
209 360 8 10 0.026443278 
54 371 13 19 0.026436746 
144 466 28 39 0.026322233 
464 382 10 12 0.02608262 
106 390 13 19 0.026052428 
118 395 12 14 0.02583619 
205 397 23 30 0.025787212 
421 423 10 13 0.025778037 
438 382 10 13 0.025758166 
492 357 19 23 0.025586573 
381 356 10 13 0.025543721 
128 403 11 14 0.02549693 
89 381 22 27 0.025306413 
287 354 10 12 0.025253344 
155 416 24 27 0.025070934 
502 378 10 13 0.02495083 
142 361 8 10 0.024691772 
286 336 7 10 0.024658449 
221 409 14 18 0.024576254 
205 373 12 14 0.024239141 
239 360 7 10 0.024210528 
402 398 15 19 0.023851177 
128 367 7 10 0.023506442 
463 437 12 16 0.02341037 
262 381 10 13 0.023052514 
323 376 19 24 0.022911761 
344 406 11 15 0.022839673 
397 360 8 10 0.022665134 
412 420 12 14 0.022540865 
357 409 19 24 0.022536382 
281 337 18 24 0.022465818 
357 405 12 15 0.022295505 
352 387 11 13 0.022275249 
45 361 13 17 0.022181747 
309 368 9 11 0.022082396 
407 413 12 15 0.02193885 
241 460 18 19 0.021899575 
217 396 20 25 0.02175907 
214 364 10 13 0.021731067 
550 383 10 12 0.021607358 
1 412 15 16 0.021503326 
70 351 9 13 0.021324856 
128 372 9 12 0.021296026 
223 353 7 9 0.021240698 
332 437 13 16 0.021213565 
255 446 15 18 0.021143412 
189 372 11 13 0.020931773 
381 386 15 18 0.020774271 
366 407 12 16 0.020772275 
270 349 10 13 0.020535594 
467 417 15 16 0.020485109 
93 373 11 14 0.020290637 
566 366 10 12 0.020290049 
220 359 20 24 0.0202045 
174 358 9 12 0.020147758 
321 386 11 14 0.020120364 
84 371 12 17 0.020113068 
