11_Meeting_Meeting_11_Meeting_Meeting_11_774
918
14 601 51 57 0.9954235 
233 411 17 22 0.99109226 
449 436 19 24 0.97210205 
348 419 16 19 0.9690954 
708 415 15 20 0.96831244 
741 396 17 22 0.96201015 
566 472 21 27 0.9542012 
597 406 14 17 0.9498381 
402 439 21 27 0.9430642 
601 442 20 26 0.9310377 
499 421 17 23 0.9309473 
652 362 11 15 0.9288561 
475 394 14 19 0.8979181 
801 372 12 16 0.88413113 
391 410 16 21 0.8721897 
298 424 16 21 0.8719442 
831 310 8 11 0.8610756 
790 353 12 14 0.8346145 
454 379 11 15 0.81616765 
196 374 12 16 0.8157127 
508 365 10 14 0.8075139 
397 389 12 15 0.75051033 
174 357 12 16 0.74507374 
820 373 11 15 0.7437767 
271 348 12 15 0.7413454 
441 336 8 10 0.7400863 
424 388 12 15 0.73205996 
582 388 12 16 0.71095145 
884 324 11 16 0.7050783 
826 393 14 17 0.70249933 
545 345 9 11 0.6998075 
109 378 10 13 0.6884869 
274 404 15 20 0.68017 
366 404 13 16 0.67941105 
481 369 10 13 0.6765888 
411 358 11 14 0.6593332 
231 372 12 15 0.62761444 
764 391 14 19 0.62269634 
522 349 8 11 0.620921 
126 388 12 17 0.6176094 
208 425 12 17 0.6117276 
102 355 13 16 0.56357205 
109 308 7 10 0.55749226 
670 308 8 11 0.54301524 
526 420 14 17 0.5382999 
61 354 11 14 0.5280596 
508 388 13 17 0.49987388 
543 465 19 27 0.49543515 
285 371 9 14 0.4939792 
132 352 10 13 0.47232714 
100 396 11 15 0.4699589 
299 389 13 18 0.45427045 
428 410 13 18 0.4493401 
944 328 11 14 0.44789746 
374 342 9 12 0.44627336 
647 450 16 20 0.44581872 
783 298 9 12 0.4418012 
238 338 9 13 0.43780935 
576 358 9 12 0.4356575 
533 364 9 12 0.43321255 
329 351 10 12 0.4281449 
462 508 22 28 0.42625633 
250 381 13 17 0.41239825 
430 350 8 11 0.40880698 
357 343 9 12 0.40317184 
47 371 13 18 0.40038556 
582 382 10 13 0.39868772 
659 391 12 15 0.39562312 
420 334 8 12 0.3913961 
68 370 12 16 0.39041308 
719 371 12 16 0.3655629 
109 337 8 11 0.3613469 
628 397 11 17 0.3593694 
743 359 9 12 0.34253782 
479 357 11 13 0.34103116 
846 365 11 14 0.34035322 
66 379 12 17 0.33650702 
333 461 13 17 0.33351624 
301 340 9 12 0.32701296 
530 334 9 11 0.32336524 
312 459 16 20 0.31650388 
324 375 11 14 0.31465253 
502 348 8 10 0.31160787 
232 367 12 14 0.30930915 
617 349 9 12 0.3067667 
471 428 13 17 0.29342932 
327 328 8 10 0.29280594 
735 346 9 13 0.28687096 
157 343 9 12 0.28296402 
356 347 11 14 0.28219733 
559 416 15 19 0.27941552 
417 303 7 10 0.27908516 
253 339 10 13 0.27866542 
426 392 13 18 0.2771677 
461 332 9 12 0.27688012 
565 382 10 13 0.27417985 
632 349 8 11 0.2713991 
497 348 9 11 0.26731732 
376 366 12 15 0.26213807 
13 96 7 10 0.25974223 
350 372 11 14 0.25939685 
369 334 9 11 0.25815457 
68 350 10 12 0.2559059 
149 402 12 17 0.25449398 
376 346 10 13 0.24658056 
184 342 8 10 0.24243525 
326 332 8 11 0.24224813 
1 374 15 20 0.24153142 
304 357 11 15 0.24148828 
380 370 11 14 0.23227549 
93 101 8 11 0.22554773 
481 352 8 11 0.22286247 
430 443 13 19 0.21891095 
144 366 11 15 0.21742806 
457 355 10 13 0.21482007 
278 340 10 12 0.21470858 
437 410 13 18 0.21380052 
158 348 9 12 0.21217118 
583 430 13 18 0.21170397 
532 464 23 28 0.20790952 
297 334 8 11 0.20571257 
214 304 7 9 0.20486279 
295 328 8 10 0.20272653 
542 389 12 15 0.20173705 
404 339 9 13 0.1931603 
417 325 9 11 0.19089985 
447 103 13 16 0.19007675 
646 297 7 10 0.18898328 
230 356 11 13 0.18747203 
143 119 8 10 0.1846157 
245 361 10 14 0.1818818 
525 309 8 10 0.18143776 
116 414 13 15 0.17543268 
887 347 13 17 0.17332771 
157 394 12 16 0.17113733 
771 348 12 15 0.1710079 
704 357 9 12 0.16546929 
579 409 11 17 0.1641134 
152 342 9 11 0.16242027 
860 413 9 12 0.16171932 
642 296 7 10 0.16114657 
321 335 8 10 0.15930498 
661 436 15 21 0.15818587 
343 398 12 16 0.15778257 
334 301 8 11 0.15771449 
509 360 9 12 0.15718831 
201 342 10 13 0.15714915 
567 341 8 11 0.15529053 
94 389 14 16 0.15356018 
570 442 13 18 0.15350173 
416 320 8 10 0.15290934 
630 344 9 12 0.15150568 
357 439 14 18 0.14862955 
348 364 12 15 0.14730841 
628 434 13 17 0.1449924 
392 326 9 11 0.14314918 
781 370 13 15 0.14237468 
127 433 16 19 0.1415387 
522 304 8 10 0.14026389 
264 327 8 11 0.13824153 
130 334 7 10 0.13765587 
461 352 9 12 0.13742128 
559 358 8 10 0.13719003 
345 326 8 11 0.13703594 
248 335 10 13 0.13600034 
796 350 9 13 0.13509938 
144 341 10 11 0.13385752 
280 367 11 14 0.13351555 
604 373 12 15 0.13336878 
85 411 11 14 0.13138796 
705 352 9 11 0.13121325 
540 418 12 16 0.13092211 
633 357 10 13 0.1302291 
781 402 15 20 0.12894581 
78 395 11 14 0.12893766 
631 412 12 16 0.12751044 
903 380 13 18 0.1273103 
308 361 11 15 0.1260438 
565 373 10 12 0.12462167 
118 325 7 9 0.121349014 
513 332 10 12 0.118861414 
629 391 10 14 0.11679057 
302 349 9 12 0.11661772 
517 328 9 12 0.1162951 
670 402 12 18 0.11627829 
683 473 15 19 0.11494699 
251 396 13 15 0.11438833 
401 336 10 12 0.1134388 
473 335 8 11 0.1132537 
248 327 7 9 0.11315805 
333 309 10 12 0.112830244 
828 341 13 17 0.11193969 
210 328 8 9 0.11104369 
302 327 8 10 0.110674165 
127 118 8 11 0.10827935 
904 359 9 11 0.1073027 
431 356 10 14 0.10729297 
559 367 11 14 0.1064448 
730 348 9 12 0.10632709 
221 317 9 11 0.10579067 
332 355 10 14 0.10567907 
532 413 15 20 0.104373306 
621 348 9 12 0.10429278 
679 437 13 17 0.102505796 
478 334 8 11 0.10171866 
40 387 10 14 0.10063457 
740 349 9 12 0.10060216 
446 404 13 18 0.09999755 
233 335 9 12 0.09913501 
221 428 10 12 0.09807175 
222 392 10 13 0.09784643 
712 370 11 15 0.0977017 
529 328 9 11 0.096469544 
599 401 11 14 0.09563884 
709 366 11 15 0.09463681 
247 141 10 13 0.09383759 
214 328 7 10 0.09376594 
214 309 9 12 0.092303716 
92 382 13 16 0.09207454 
131 383 11 14 0.08984497 
422 340 9 11 0.08947 
160 369 11 14 0.089041546 
182 394 13 16 0.088803045 
639 372 9 12 0.08877922 
474 339 9 12 0.08711548 
239 141 10 13 0.08661997 
838 7 13 14 0.086336285 
367 328 9 11 0.08595131 
536 388 10 13 0.08553417 
252 421 14 17 0.085071646 
435 374 12 14 0.08472402 
672 51 9 12 0.084374 
333 296 8 10 0.08388531 
207 405 11 14 0.08351735 
416 309 8 11 0.082290925 
807 388 10 12 0.08121517 
615 344 9 11 0.08080782 
262 333 9 12 0.07965261 
877 348 14 18 0.07872718 
815 375 13 17 0.078557946 
824 333 10 12 0.07840145 
181 349 11 13 0.0780773 
176 403 12 14 0.07787838 
424 403 13 18 0.07774 
301 382 11 15 0.07765828 
741 475 17 18 0.077062614 
600 347 9 12 0.07686235 
249 136 9 12 0.07682788 
350 334 8 10 0.076706275 
352 111 9 12 0.07669448 
113 324 8 10 0.07651964 
163 396 10 14 0.07634582 
800 344 9 11 0.07612557 
397 324 10 12 0.075975396 
229 126 9 10 0.07591476 
112 318 9 12 0.07586394 
472 382 11 15 0.075682014 
148 383 10 13 0.07520893 
528 358 8 11 0.07491664 
600 380 12 14 0.07425955 
307 421 13 20 0.07365257 
361 403 11 16 0.07302018 
133 335 9 10 0.07279554 
652 444 15 21 0.07265847 
121 344 8 11 0.07243964 
158 336 8 10 0.0716763 
561 342 8 10 0.071478166 
143 428 10 13 0.070927516 
42 381 10 14 0.06993546 
223 326 8 11 0.06966053 
351 102 8 10 0.06932009 
205 346 9 12 0.06869367 
773 401 13 17 0.068665035 
150 388 11 14 0.068485275 
232 140 11 13 0.068331555 
693 403 12 20 0.06831149 
765 383 13 16 0.06795819 
456 328 9 12 0.067772284 
108 361 11 14 0.06746364 
213 403 12 14 0.06719755 
343 364 11 14 0.066865094 
302 459 11 16 0.06672084 
605 367 11 13 0.06634241 
345 333 8 10 0.06604725 
272 388 10 13 0.06583258 
446 387 10 12 0.065606505 
526 317 8 11 0.065588355 
431 363 9 12 0.06553757 
717 436 12 16 0.06545863 
687 346 11 13 0.06457511 
613 374 10 13 0.06442687 
334 317 8 11 0.06428594 
149 370 9 12 0.063990474 
786 300 10 12 0.06362443 
39 102 8 9 0.06337189 
615 411 10 13 0.06309139 
694 349 9 11 0.06264191 
360 381 10 13 0.062166926 
701 380 10 14 0.06211907 
69 345 10 12 0.061459694 
392 383 12 15 0.061302457 
364 385 13 15 0.06125703 
0 391 11 20 0.060793374 
772 434 15 18 0.060510386 
851 370 10 13 0.06043101 
784 349 12 15 0.060266845 
55 395 11 13 0.06012946 
399 321 10 11 0.060104635 
164 411 12 16 0.06002681 
598 387 12 15 0.05963007 
1 355 10 15 0.05959489 
213 132 9 10 0.059341535 
127 342 8 11 0.058997255 
773 343 11 13 0.058964398 
334 397 12 17 0.058799483 
117 321 7 10 0.058705315 
63 384 12 16 0.05869349 
102 319 9 12 0.058485474 
150 419 11 15 0.05832249 
480 328 8 11 0.058120802 
441 319 9 11 0.05809658 
12 340 10 15 0.057805352 
133 419 10 13 0.057645462 
128 329 8 11 0.05694945 
297 347 10 12 0.05681404 
322 327 7 10 0.056023456 
207 333 9 11 0.055820476 
165 404 10 14 0.055717587 
27 310 10 12 0.055473626 
98 324 9 11 0.055371206 
717 302 8 10 0.05518061 
258 127 7 9 0.055051234 
824 346 11 14 0.054655105 
210 309 8 12 0.054417126 
165 118 8 10 0.054384016 
345 320 8 11 0.05418785 
280 327 7 9 0.05406114 
695 372 11 14 0.05401767 
755 371 11 13 0.053638227 
176 389 11 14 0.053614568 
695 358 10 13 0.053528305 
828 333 12 15 0.053360052 
504 370 10 13 0.053005345 
662 403 12 17 0.05297747 
484 356 10 13 0.05295262 
183 111 6 9 0.052752607 
679 467 15 19 0.052736636 
692 435 13 17 0.052666858 
216 398 11 14 0.052444205 
375 442 14 20 0.052382678 
685 436 12 17 0.052229583 
1 442 11 19 0.052215483 
770 389 13 17 0.052089293 
68 357 12 14 0.05196275 
66 110 8 10 0.051910203 
306 393 12 17 0.051829394 
75 365 11 15 0.05178773 
369 339 11 14 0.05168684 
566 367 11 14 0.051521104 
28 331 12 14 0.051512763 
525 404 12 14 0.051437266 
624 344 8 12 0.051387962 
375 356 10 14 0.051382937 
83 419 15 21 0.05131962 
125 414 12 15 0.051257618 
432 325 9 11 0.051238842 
385 320 8 10 0.051112287 
447 327 8 11 0.05102362 
112 411 12 16 0.05075864 
159 435 14 19 0.050673537 
881 321 10 14 0.0505836 
487 333 9 11 0.050399825 
401 393 12 17 0.050026786 
817 342 9 12 0.0500259 
327 459 13 17 0.049640067 
199 336 10 12 0.049615007 
237 389 11 14 0.049597822 
460 429 14 19 0.04933994 
485 351 9 12 0.049242746 
420 302 9 10 0.049218275 
533 382 11 14 0.0492174 
737 356 10 13 0.049063448 
334 119 7 10 0.04867547 
350 356 12 15 0.04840041 
434 423 16 19 0.048301294 
704 362 11 15 0.048221186 
98 356 10 13 0.04816384 
275 353 12 15 0.048095144 
782 342 9 12 0.0480486 
476 380 12 16 0.04793906 
369 467 15 19 0.047826547 
366 473 16 20 0.04780642 
191 356 9 12 0.04767223 
723 366 12 16 0.04764894 
391 321 8 11 0.04762162 
176 335 7 9 0.047527477 
295 460 12 15 0.04746515 
277 381 11 14 0.047422998 
109 383 12 17 0.047175273 
1 128 10 14 0.046863206 
561 388 10 12 0.04684817 
184 336 7 9 0.04682973 
175 380 11 14 0.046750057 
312 111 7 9 0.046727803 
243 417 13 18 0.046700563 
370 288 8 10 0.046660837 
429 382 11 14 0.046636745 
129 393 13 17 0.04655813 
336 362 10 14 0.046369582 
717 325 10 12 0.04628256 
648 412 10 14 0.046223097 
562 423 15 20 0.045730952 
537 395 11 14 0.045589752 
109 352 8 11 0.045454282 
473 364 11 14 0.04544908 
781 377 14 15 0.04537185 
846 421 12 13 0.04526453 
516 394 12 16 0.045093037 
179 362 11 14 0.045061536 
547 392 13 17 0.044993103 
535 371 9 13 0.04488744 
465 395 11 16 0.04480356 
273 152 8 9 0.04457259 
192 368 9 11 0.04453496 
880 328 12 15 0.044532605 
296 135 7 10 0.04451859 
155 400 13 18 0.044457838 
206 413 12 16 0.044340722 
253 377 10 12 0.04433936 
560 336 9 12 0.044102713 
629 334 8 10 0.04368891 
344 423 14 19 0.043682255 
781 336 9 11 0.043655116 
344 371 11 15 0.043497887 
425 95 7 9 0.04341456 
661 429 14 18 0.043312322 
430 111 10 13 0.043273713 
368 317 8 11 0.04304782 
96 402 12 16 0.043037016 
241 328 8 9 0.042753775 
297 359 10 13 0.042736515 
954 362 14 17 0.042732883 
230 135 11 14 0.042693973 
739 342 11 14 0.042641353 
156 410 14 17 0.04264089 
386 326 8 10 0.042323697 
408 351 10 12 0.04226968 
345 102 7 10 0.04214294 
374 317 8 11 0.042136926 
85 395 12 16 0.042076435 
795 420 12 17 0.042034123 
301 402 13 16 0.04176911 
751 364 12 16 0.041752562 
282 407 13 18 0.041737717 
230 390 12 14 0.041726798 
12 111 11 13 0.041671533 
47 351 9 12 0.041570734 
760 46 9 11 0.04146483 
5 152 10 13 0.04144912 
145 386 10 14 0.04143613 
113 118 7 10 0.04119062 
13 333 11 15 0.041110724 
117 372 10 14 0.041103836 
551 366 10 15 0.041073468 
575 374 10 12 0.04094237 
205 390 9 12 0.04090408 
525 470 17 22 0.040285245 
788 389 12 14 0.039946716 
334 335 9 10 0.03970862 
646 404 12 15 0.039661773 
431 344 8 10 0.03926431 
267 349 9 12 0.039236017 
318 339 9 12 0.039231133 
676 395 13 19 0.038983714 
0 366 11 18 0.038905546 
10 377 13 19 0.038750403 
535 405 12 15 0.03869123 
326 397 12 16 0.038658984 
760 63 9 11 0.03862709 
580 358 9 11 0.038567413 
705 333 8 11 0.038486842 
408 319 7 10 0.038450863 
446 398 12 14 0.03844617 
753 336 9 11 0.03843845 
217 315 9 12 0.038388018 
686 410 15 19 0.0383622 
543 339 17 22 0.038352758 
269 327 9 10 0.03834722 
373 287 8 11 0.038323697 
166 365 10 14 0.038198348 
289 152 9 10 0.038143933 
521 317 9 11 0.03813505 
550 412 12 18 0.037858147 
786 396 13 17 0.037850842 
603 385 13 15 0.03776767 
505 360 17 23 0.03770221 
452 399 12 15 0.03768952 
431 320 8 11 0.0376109 
394 423 16 20 0.03752197 
370 408 13 17 0.03749373 
121 391 12 17 0.037428025 
108 405 12 17 0.037331443 
555 471 17 25 0.03727804 
4 346 13 18 0.03723177 
518 99 11 13 0.037212282 
790 378 11 15 0.037179314 
117 365 11 13 0.03712826 
872 348 12 17 0.0369718 
165 380 11 13 0.036897067 
238 358 10 13 0.03689424 
711 326 9 12 0.0368763 
342 435 12 18 0.036859673 
273 334 8 10 0.03681123 
645 397 11 15 0.036794268 
421 320 8 10 0.03677229 
248 129 8 9 0.036757037 
289 134 7 9 0.036691252 
312 335 8 11 0.036601596 
312 327 7 10 0.036598783 
606 344 9 11 0.036513146 
245 436 11 12 0.036474254 
704 328 8 11 0.036400765 
552 358 9 11 0.036276527 
157 419 14 18 0.036269624 
178 342 8 10 0.03623406 
188 389 12 17 0.036083072 
832 7 11 13 0.03602846 
746 358 12 14 0.035932347 
494 365 10 13 0.03591997 
438 395 11 15 0.035890758 
613 334 9 11 0.035745714 
282 474 16 20 0.03562427 
752 318 9 12 0.03556376 
723 377 12 16 0.035545077 
693 397 12 16 0.035536367 
816 396 11 14 0.035461787 
328 320 10 11 0.035361182 
548 384 10 12 0.035347506 
527 341 9 12 0.03532872 
625 487 23 26 0.03500251 
348 326 9 12 0.034994643 
776 408 13 18 0.03492713 
622 429 14 19 0.03475822 
558 517 14 20 0.034631766 
486 328 9 11 0.034607425 
350 439 14 20 0.034470476 
199 395 10 12 0.03445968 
475 423 13 19 0.03429577 
704 288 8 10 0.034286965 
493 357 11 13 0.0342274 
33 101 9 11 0.03418466 
640 365 10 13 0.034040965 
634 418 12 15 0.03388669 
812 426 11 16 0.03384327 
638 285 8 10 0.033778958 
29 387 13 16 0.033659726 
672 335 8 10 0.03363689 
313 321 7 8 0.033630982 
789 318 8 11 0.033430345 
668 389 10 15 0.033430308 
533 327 9 12 0.033426773 
826 373 10 14 0.033413034 
138 117 9 12 0.03333164 
289 327 8 10 0.033317745 
752 341 10 13 0.03331074 
798 397 10 13 0.033252843 
785 319 8 11 0.033249293 
206 398 10 11 0.03321434 
661 383 11 14 0.03319846 
548 426 13 19 0.033133276 
327 120 8 9 0.033123035 
8 116 11 13 0.032836977 
768 354 11 15 0.03282212 
320 320 7 10 0.032761745 
255 159 9 11 0.032677155 
442 102 11 14 0.032485243 
436 439 18 24 0.03240871 
717 333 11 13 0.032381874 
739 463 22 26 0.032226432 
412 412 10 14 0.032208025 
827 380 12 16 0.032201525 
511 341 8 11 0.032119624 
280 135 7 10 0.03208054 
909 359 10 11 0.0320573 
83 455 18 20 0.032040372 
163 149 12 16 0.03196025 
556 407 14 16 0.031796247 
191 333 8 11 0.031776443 
647 419 11 14 0.03168353 
550 404 13 17 0.031491917 
162 389 12 16 0.031375334 
543 433 14 17 0.031114204 
361 326 9 12 0.031072425 
652 508 15 18 0.031047229 
356 374 10 14 0.03103608 
460 375 11 14 0.030897306 
180 380 11 15 0.030848024 
225 332 8 11 0.030802228 
271 398 13 17 0.030702444 
446 374 11 14 0.030632485 
302 372 11 13 0.030538157 
560 351 8 11 0.030538099 
414 368 12 16 0.030514127 
293 410 13 17 0.030471116 
436 357 10 13 0.03038532 
685 394 13 18 0.030329553 
63 363 14 17 0.030262003 
891 324 10 14 0.030249454 
100 406 14 21 0.030243628 
32 117 9 12 0.03019722 
576 478 15 21 0.03006595 
460 388 11 16 0.030035464 
338 463 15 19 0.02999583 
653 402 12 16 0.02992648 
884 373 12 13 0.029916765 
314 445 13 17 0.02990813 
350 137 9 11 0.0298441 
885 362 13 15 0.02983336 
64 127 10 12 0.029720055 
684 380 11 15 0.02967997 
261 127 8 10 0.029656373 
704 293 8 10 0.029645473 
520 420 13 18 0.02958513 
607 333 10 11 0.029569281 
852 357 12 14 0.02955432 
383 137 9 11 0.029517276 
632 294 7 10 0.029506914 
668 427 12 17 0.029410707 
676 461 15 18 0.029396662 
575 534 12 14 0.029395618 
27 314 12 15 0.029379696 
705 342 10 12 0.029376553 
566 394 12 15 0.029357202 
830 326 10 13 0.02932105 
918 357 8 12 0.029307054 
480 126 10 13 0.029296272 
246 452 15 19 0.029254626 
372 151 10 14 0.029226957 
679 386 12 17 0.02921202 
88 387 12 17 0.029168334 
678 429 12 16 0.029138023 
389 374 11 13 0.029135855 
878 365 10 13 0.029098265 
430 101 8 11 0.029087977 
662 498 16 18 0.029034514 
404 410 12 17 0.0290313 
358 287 8 10 0.028974343 
284 375 12 17 0.028838258 
144 410 12 17 0.028681843 
842 369 11 14 0.028666424 
620 411 13 16 0.028516479 
711 317 10 13 0.02851215 
46 112 8 10 0.028426535 
1 382 16 23 0.028425507 
148 425 12 16 0.028388672 
614 366 9 12 0.02837536 
46 117 9 11 0.028372014 
274 143 7 10 0.028353246 
334 341 10 12 0.028313257 
168 352 10 11 0.028246079 
696 302 9 11 0.028185857 
863 354 10 14 0.028164199 
114 113 7 9 0.028101722 
79 425 15 20 0.028092796 
407 110 8 10 0.027920367 
828 304 19 24 0.027914768 
833 394 12 15 0.027894156 
456 339 9 11 0.027887696 
255 328 8 10 0.02767399 
278 143 8 10 0.027662491 
361 318 8 10 0.027572995 
226 373 10 14 0.027550276 
710 333 9 11 0.027522968 
325 383 11 17 0.02751354 
731 449 14 20 0.027475819 
176 329 7 10 0.027469724 
381 388 11 16 0.02743081 
135 373 10 13 0.027421052 
568 350 8 10 0.027318561 
413 351 10 12 0.027299367 
789 425 14 17 0.027282147 
699 436 11 15 0.0271644 
702 484 13 17 0.027102074 
254 346 9 12 0.026996322 
773 381 12 14 0.026897984 
392 392 13 17 0.02686006 
360 310 9 12 0.02684569 
143 348 10 12 0.02682777 
631 286 8 11 0.026814066 
342 380 11 12 0.026735058 
405 133 10 12 0.026728086 
402 365 9 12 0.026724162 
756 422 13 14 0.026698465 
602 398 13 15 0.02668969 
752 323 10 12 0.026687667 
654 434 16 21 0.026675234 
253 141 8 11 0.026670754 
907 374 12 16 0.026653323 
528 371 10 13 0.026634863 
632 361 9 13 0.026586555 
837 318 9 12 0.02656998 
646 341 8 11 0.026488058 
76 392 20 26 0.026455667 
66 105 9 10 0.026326865 
158 424 19 25 0.026319087 
575 353 8 11 0.026235601 
726 355 11 13 0.026214724 
439 389 11 14 0.026209977 
577 389 11 14 0.026170757 
384 103 8 10 0.026127676 
129 347 17 23 0.026071774 
135 342 8 11 0.026060024 
438 365 10 13 0.026042724 
231 111 7 9 0.026037253 
565 541 11 14 0.025975375 
419 440 14 21 0.025899213 
368 278 9 11 0.025888454 
776 336 10 11 0.025875332 
757 428 13 16 0.025869582 
723 435 13 17 0.02586592 
168 335 8 10 0.02585987 
536 342 8 11 0.025762055 
262 342 9 11 0.025756681 
263 396 9 13 0.025707824 
505 430 15 19 0.025624748 
285 341 9 12 0.025618603 
152 337 8 10 0.025618333 
385 332 9 11 0.025485327 
702 372 11 16 0.02548093 
94 453 13 17 0.025375007 
315 471 17 19 0.02529141 
932 378 11 14 0.02521448 
542 365 10 14 0.025174102 
712 296 8 9 0.025161749 
524 398 11 15 0.025151698 
45 134 9 11 0.025062162 
350 96 8 10 0.025021473 
128 400 12 16 0.02502013 
373 386 13 17 0.024974016 
252 413 13 17 0.024962509 
199 388 11 15 0.02495342 
549 522 13 19 0.024950018 
369 111 8 10 0.024941374 
747 390 14 18 0.024929738 
211 431 14 17 0.024928082 
798 80 9 12 0.02490572 
332 372 11 15 0.02486002 
206 444 11 13 0.024856618 
438 327 10 12 0.024839228 
686 374 11 14 0.024832033 
263 321 8 10 0.0248295 
805 343 9 11 0.02479198 
380 343 10 12 0.024791192 
368 311 9 12 0.024748258 
391 331 9 12 0.024732588 
241 321 8 10 0.024724834 
582 459 12 18 0.024685645 
445 319 8 10 0.02467679 
829 421 11 13 0.024670975 
712 436 12 16 0.024639938 
363 481 20 24 0.024565501 
328 341 10 14 0.024512779 
429 96 8 10 0.024390424 
528 386 10 14 0.02431035 
58 401 22 29 0.024277996 
422 357 10 13 0.02426712 
812 390 12 15 0.02422914 
761 52 10 12 0.024139779 
841 358 10 13 0.024084246 
935 343 10 13 0.024067162 
438 329 17 23 0.024044644 
784 452 16 18 0.024025295 
375 111 8 11 0.024015537 
373 379 13 16 0.023987023 
137 125 9 11 0.02398517 
208 160 9 11 0.023878446 
615 420 11 14 0.023821263 
190 329 8 9 0.02382005 
856 350 10 12 0.02378323 
785 88 8 11 0.023700431 
200 410 12 16 0.023673426 
185 329 7 9 0.02359635 
629 328 8 10 0.023566546 
373 293 8 9 0.023531012 
148 386 17 24 0.023526125 
182 373 10 13 0.023522494 
236 380 11 14 0.02349771 
403 573 16 21 0.023456316 
224 352 10 13 0.023450043 
152 347 9 12 0.023361757 
346 136 8 11 0.023346724 
620 418 13 18 0.023345623 
451 408 13 16 0.023341747 
280 129 7 9 0.023316607 
295 127 8 10 0.023190985 
160 382 12 15 0.023166599 
173 408 14 18 0.02313554 
1 343 20 31 0.023093129 
423 363 10 14 0.023073157 
492 334 10 11 0.022996953 
634 374 8 11 0.02291532 
22 386 13 18 0.02289056 
653 429 14 17 0.022863384 
34 380 19 25 0.022851765 
343 412 14 19 0.022833206 
254 134 9 11 0.022758605 
150 359 10 13 0.022749549 
356 110 9 11 0.022729358 
505 326 8 10 0.022722924 
344 110 9 11 0.022684848 
302 135 8 10 0.022643939 
92 408 13 19 0.022642018 
216 391 10 13 0.022628756 
87 351 10 12 0.022612626 
220 401 12 15 0.022592355 
626 286 9 11 0.022526056 
635 350 9 12 0.022520041 
312 116 7 10 0.022492725 
722 449 19 26 0.022489417 
852 418 12 14 0.022478005 
247 427 12 15 0.022457127 
32 111 10 12 0.022217693 
602 375 18 22 0.022211082 
407 324 8 11 0.022175832 
46 356 12 15 0.022174807 
882 381 14 17 0.022165349 
719 341 10 12 0.022156153 
61 345 19 23 0.022104569 
104 302 17 23 0.022062674 
891 344 11 14 0.021987027 
750 347 12 13 0.0219424 
61 414 15 19 0.021941409 
517 366 10 13 0.021915652 
519 401 11 15 0.021902306 
367 302 8 11 0.021833446 
426 433 19 25 0.021815265 
662 76 11 14 0.021745946 
351 141 10 12 0.021745 
374 277 8 11 0.021680431 
678 335 9 10 0.021670965 
571 461 15 18 0.02165979 
113 459 17 20 0.02158908 
363 436 13 19 0.021576226 
616 396 11 15 0.021519471 
404 382 12 16 0.021421373 
648 311 8 11 0.021401301 
247 321 7 10 0.021384839 
101 488 13 15 0.021375641 
39 128 10 11 0.021362951 
736 363 11 13 0.021347389 
381 378 11 16 0.021300329 
425 99 8 11 0.021300001 
943 322 18 23 0.021251151 
553 519 21 30 0.021222431 
919 352 8 11 0.021221675 
649 317 8 11 0.021199945 
296 329 17 23 0.02119191 
381 358 9 12 0.021172693 
333 445 21 27 0.02116964 
653 501 14 17 0.021158319 
359 279 8 10 0.021156318 
634 434 13 18 0.021127766 
879 371 10 13 0.021117784 
40 340 10 13 0.02110667 
248 374 10 13 0.021059608 
272 460 12 14 0.021044143 
372 397 13 18 0.021035077 
346 142 9 11 0.021034863 
143 358 10 13 0.021030974 
573 352 18 24 0.021030493 
640 56 10 12 0.02101964 
538 117 13 14 0.020922298 
135 135 10 13 0.020893766 
355 412 14 18 0.020891283 
348 465 15 20 0.02087914 
835 331 12 15 0.02086835 
948 354 22 29 0.020865211 
838 323 10 14 0.020841414 
158 407 21 25 0.020834036 
625 388 18 24 0.020814808 
261 132 9 11 0.020801567 
37 334 10 14 0.02079741 
321 349 10 13 0.020781422 
106 330 17 23 0.020777918 
613 489 17 19 0.020769149 
287 389 12 15 0.020747678 
201 427 12 16 0.020740058 
718 385 12 16 0.020704439 
799 387 10 14 0.020701813 
452 424 14 17 0.020678746 
303 320 7 9 0.020627664 
717 405 14 18 0.020611135 
326 363 11 15 0.02056238 
780 294 9 13 0.020558374 
489 341 9 11 0.02053284 
300 411 15 20 0.0205089 
540 124 12 13 0.020507887 
488 86 10 11 0.020401338 
657 363 11 15 0.020394355 
346 366 18 23 0.020390786 
230 119 9 11 0.02037988 
815 368 12 16 0.02036855 
484 390 11 15 0.020340633 
651 420 13 15 0.020340057 
232 160 9 11 0.020313954 
368 357 9 12 0.020303925 
341 390 13 15 0.020277886 
755 347 12 15 0.020269882 
121 118 8 11 0.020252988 
646 390 11 15 0.020251984 
416 387 12 15 0.020224914 
744 289 214 215 0.020174945 
119 111 7 10 0.020165004 
658 447 15 20 0.020098506 
588 374 11 13 0.020087654 
717 319 9 12 0.020082885 
271 453 12 16 0.02007311 
288 427 14 19 0.020030187 
