11_Meeting_Meeting_11_Meeting_Meeting_11_406
18
870 256 88 117 0.9993894 
278 120 28 37 0.99869233 
365 220 57 72 0.9984786 
252 264 67 90 0.9982691 
530 215 44 59 0.99795145 
711 244 71 93 0.9970517 
115 246 80 101 0.99379057 
392 443 19 21 0.1790691 
250 180 32 33 0.034335088 
634 449 14 15 0.032123517 
626 385 18 19 0.02993242 
243 273 31 47 0.0290778 
398 437 24 27 0.02877675 
625 396 19 18 0.028755073 
510 476 17 19 0.023391029 
196 106 24 38 0.02177129 
392 450 26 28 0.021454467 
633 405 32 33 0.020623242 
