11_Meeting_Meeting_11_Meeting_Meeting_11_663
106
242 217 51 65 0.99819213 
38 506 13 17 0.9635907 
101 479 12 15 0.8763551 
131 481 12 17 0.87408054 
59 510 13 16 0.4867538 
81 508 11 14 0.43014804 
15 511 11 13 0.39953777 
31 526 12 15 0.3317543 
52 484 12 16 0.31924883 
82 479 13 15 0.29811054 
48 490 12 15 0.24847217 
102 516 13 14 0.24442592 
55 480 9 11 0.22794095 
1 510 10 16 0.17326151 
106 532 9 12 0.15886734 
959 335 11 13 0.15801455 
116 499 11 13 0.15622419 
918 334 9 10 0.13338901 
6 513 11 15 0.12895133 
102 524 12 14 0.124421045 
6 486 9 11 0.11314025 
912 332 10 12 0.111921094 
64 483 11 14 0.110542424 
35 529 13 15 0.09894489 
925 289 12 15 0.09709116 
15 487 10 13 0.093063116 
5 533 12 18 0.08649049 
973 271 8 10 0.08110738 
940 344 10 12 0.07968609 
49 479 9 11 0.078920715 
83 513 13 16 0.07190963 
906 327 8 10 0.06295036 
62 503 11 15 0.061844364 
69 479 9 12 0.061121 
19 486 11 14 0.060901806 
12 532 11 15 0.060698345 
54 500 11 14 0.057699975 
947 291 12 14 0.057512034 
43 502 11 16 0.057277057 
37 486 11 14 0.057230055 
117 509 11 15 0.056993116 
25 525 9 14 0.056636244 
66 515 11 13 0.055858333 
108 511 12 14 0.055848178 
113 496 10 13 0.055359222 
68 508 11 15 0.054409888 
121 478 9 12 0.054004684 
67 524 11 14 0.052179165 
964 339 12 14 0.05066895 
120 531 11 13 0.04946839 
911 349 12 14 0.049073808 
14 503 12 15 0.049042106 
7 490 11 15 0.04822969 
84 503 11 16 0.047706336 
992 268 11 11 0.047307298 
81 532 9 12 0.041102614 
31 485 10 13 0.040230833 
997 267 11 13 0.03897544 
119 515 12 15 0.038717605 
40 479 8 11 0.03724096 
97 477 11 15 0.036606472 
926 347 11 14 0.03426494 
987 339 15 17 0.03420784 
86 531 10 12 0.033835642 
924 335 9 10 0.033804517 
21 516 10 13 0.032829363 
102 504 11 13 0.03204703 
44 513 11 14 0.031763222 
67 501 12 15 0.0303741 
120 472 9 12 0.030333238 
22 541 10 12 0.029788785 
125 524 10 14 0.02966034 
10 506 19 23 0.029143842 
247 22 448 536 0.029009864 
959 294 9 12 0.028802736 
0 504 8 12 0.028555423 
93 507 13 17 0.028129496 
95 522 11 16 0.028075585 
84 523 13 17 0.027594095 
67 532 10 13 0.02700258 
954 334 11 13 0.026856279 
31 517 11 15 0.026822265 
12 523 13 17 0.026768865 
736 288 10 12 0.02660874 
932 291 12 15 0.026355756 
102 506 19 23 0.02633367 
32 502 13 17 0.025543036 
967 296 9 11 0.025523473 
13 486 21 25 0.025216766 
125 517 12 15 0.025213297 
67 489 13 16 0.024807783 
2 481 8 11 0.02417347 
927 277 10 12 0.024130978 
958 331 21 24 0.02390335 
8 501 11 14 0.023396846 
734 293 13 18 0.023289738 
43 530 12 16 0.022996172 
108 446 12 13 0.02142352 
43 194 14 18 0.020893974 
933 343 19 22 0.020871568 
40 490 10 15 0.020617722 
869 311 8 11 0.020430386 
0 508 17 26 0.020402778 
0 556 10 18 0.020396288 
91 449 12 14 0.020361537 
887 325 7 9 0.020041835 
