11_Meeting_Meeting_11_Meeting_Meeting_11_71
30
82 268 72 87 0.99727124 
451 138 38 46 0.9960303 
349 136 42 58 0.99596596 
301 169 50 61 0.9954183 
773 196 73 99 0.99448305 
21 49 37 49 0.99248403 
738 155 47 62 0.9912477 
604 142 42 53 0.97546697 
231 211 45 66 0.94485086 
831 311 82 167 0.90608877 
777 164 38 48 0.3839796 
525 465 47 62 0.15803953 
207 228 57 61 0.09852322 
437 371 14 18 0.05784928 
436 378 14 19 0.05353667 
559 444 27 33 0.043294363 
312 444 12 15 0.0413595 
53 115 47 62 0.03773936 
24 145 59 73 0.034095746 
843 352 122 157 0.033920027 
548 392 48 59 0.03213102 
395 469 11 14 0.03151178 
752 172 58 77 0.028046465 
67 139 48 69 0.027154787 
677 361 42 50 0.026027177 
192 248 48 40 0.024494326 
690 358 38 37 0.02310689 
244 196 24 49 0.02090962 
147 304 30 49 0.02046817 
220 396 386 465 0.020123301 
