11_Meeting_Meeting_11_Meeting_Meeting_11_295
80
608 369 51 65 0.999421 
121 455 65 94 0.994396 
233 340 24 33 0.993718 
690 291 21 29 0.9896069 
140 373 32 55 0.98761463 
592 312 21 35 0.979625 
810 549 60 119 0.97925377 
57 336 34 53 0.974638 
801 299 20 28 0.97351724 
899 312 22 29 0.96737033 
491 334 26 37 0.94380176 
441 219 17 22 0.9306895 
431 536 72 107 0.44495475 
794 324 18 25 0.3547841 
406 535 58 99 0.33881277 
546 319 20 32 0.32971153 
947 340 13 16 0.23459233 
505 234 17 21 0.21372779 
508 343 30 34 0.14566962 
129 337 14 19 0.14089577 
453 332 23 30 0.12393782 
531 319 24 39 0.09859121 
521 325 26 38 0.095208995 
830 561 92 133 0.09131325 
449 241 16 22 0.089670174 
81 365 26 40 0.089265704 
795 307 24 33 0.07883414 
220 145 31 39 0.06447507 
254 403 17 18 0.062376156 
463 333 25 31 0.06168776 
173 332 28 32 0.06116777 
413 353 40 53 0.059474908 
122 308 23 32 0.05945184 
226 332 18 20 0.048161183 
700 521 26 30 0.047763877 
772 535 11 13 0.047140487 
70 350 28 43 0.04628117 
782 326 25 30 0.04587097 
448 338 15 21 0.045425586 
149 365 15 22 0.040226836 
542 317 14 20 0.03963729 
352 481 63 66 0.038883958 
838 361 14 18 0.038028046 
475 333 26 34 0.03740794 
249 400 28 29 0.03412382 
152 368 30 50 0.032334782 
436 330 46 53 0.031254735 
327 157 9 13 0.030942578 
677 671 12 15 0.029327458 
153 336 26 30 0.028797492 
419 557 35 61 0.028269354 
553 315 23 35 0.027350055 
24 348 25 33 0.026542418 
243 333 15 20 0.025988536 
84 378 27 48 0.02594999 
791 315 14 20 0.025739424 
401 165 10 14 0.025222545 
894 524 57 84 0.025170522 
911 314 19 25 0.0251516 
833 298 16 23 0.024328608 
13 347 13 21 0.024052322 
414 348 26 37 0.02312954 
429 332 10 15 0.023124665 
234 333 18 22 0.023075627 
460 548 65 81 0.022829087 
221 335 17 22 0.02266308 
132 334 21 27 0.022564745 
33 350 26 36 0.022176161 
15 347 22 34 0.02203098 
444 354 15 17 0.021908676 
446 340 26 32 0.021726407 
584 315 35 49 0.021505827 
199 199 9 12 0.02149347 
488 335 16 27 0.021322835 
442 378 15 17 0.020950524 
147 349 25 32 0.020922942 
131 309 13 19 0.020730454 
879 588 69 102 0.020537991 
503 249 12 16 0.020132804 
643 739 31 26 0.020065326 
