11_Meeting_Meeting_11_Meeting_Meeting_11_587
692
805 318 16 26 0.9795671 
314 238 14 19 0.95612895 
735 250 13 18 0.9470439 
157 253 14 18 0.9380535 
876 227 11 16 0.9291028 
558 296 16 24 0.88574535 
588 296 16 25 0.8726701 
221 313 18 26 0.87002754 
493 220 11 13 0.8171038 
8 182 11 13 0.8161899 
850 289 14 18 0.8128891 
958 238 13 17 0.7913749 
193 185 13 17 0.7798771 
436 325 15 19 0.77676755 
771 270 13 19 0.7704514 
763 249 12 16 0.76732004 
723 298 14 19 0.76098746 
416 306 19 22 0.7331543 
544 220 10 12 0.71854216 
376 386 26 40 0.71516633 
524 244 12 14 0.7013246 
190 238 12 16 0.6993057 
802 349 24 32 0.68055195 
517 179 10 13 0.6733316 
239 170 9 13 0.65292865 
560 321 16 23 0.6476904 
234 189 8 12 0.62369573 
363 166 8 12 0.618876 
166 191 13 16 0.6061756 
383 175 10 13 0.59038395 
275 308 17 19 0.5610382 
260 238 12 15 0.5607079 
263 212 12 14 0.523502 
273 170 11 14 0.5127735 
643 213 11 14 0.51185393 
652 281 17 21 0.50989 
906 275 13 20 0.5006539 
428 354 17 22 0.49357203 
207 159 7 10 0.49188328 
657 203 10 12 0.48732966 
488 183 9 12 0.48202643 
252 363 15 17 0.48170662 
518 203 9 11 0.47237626 
557 184 9 12 0.43515104 
1011 248 12 17 0.4268868 
489 188 9 12 0.4185037 
349 295 13 18 0.4021547 
917 255 12 13 0.39967975 
114 159 7 10 0.37873423 
472 191 8 11 0.37807715 
57 184 9 11 0.36568752 
418 181 9 12 0.34271693 
331 253 14 17 0.30183965 
420 233 11 16 0.2939171 
543 254 10 12 0.29144436 
818 256 13 17 0.29123566 
727 199 9 11 0.28612965 
97 175 9 11 0.27833867 
573 170 10 14 0.2740514 
460 164 8 10 0.26725057 
920 235 10 12 0.25537527 
676 215 10 13 0.2514737 
444 181 10 14 0.2435591 
252 279 13 18 0.23179936 
222 236 14 19 0.22332211 
871 261 14 17 0.21869944 
198 275 13 18 0.21833423 
244 166 9 12 0.21754707 
709 370 16 22 0.21565358 
888 218 10 13 0.2130248 
472 127 7 9 0.20479225 
267 266 12 16 0.20177436 
751 215 8 10 0.19464827 
101 180 9 11 0.19343969 
477 172 9 12 0.19289021 
568 230 11 15 0.19189386 
322 196 14 17 0.19052227 
527 167 8 10 0.19034944 
478 168 8 10 0.18885855 
1000 397 23 44 0.18674736 
372 348 14 15 0.18636681 
894 214 11 14 0.17813076 
320 158 7 9 0.17191319 
343 290 13 21 0.1707906 
124 167 11 13 0.16133901 
758 236 11 13 0.16084197 
942 258 10 13 0.16070053 
304 150 7 9 0.1593461 
704 299 11 15 0.15907225 
759 152 7 9 0.15825051 
857 219 10 12 0.1552431 
303 166 9 12 0.1544267 
351 198 10 13 0.15153809 
238 142 10 13 0.15050632 
263 189 9 11 0.1492994 
48 172 7 10 0.14669469 
445 176 9 11 0.14589354 
776 205 11 13 0.14346504 
601 183 8 11 0.1419528 
124 253 11 14 0.13793048 
323 190 12 14 0.13644479 
601 205 9 12 0.13427195 
914 213 9 10 0.13327947 
777 174 7 10 0.1329743 
424 160 8 10 0.13151315 
141 157 8 11 0.13102089 
526 174 9 11 0.1307341 
832 267 13 18 0.12990841 
164 166 9 11 0.12729475 
329 166 9 11 0.12604074 
301 214 10 13 0.12546931 
494 174 9 10 0.12506741 
709 199 8 10 0.12408144 
41 185 8 11 0.123685755 
587 135 6 9 0.12196675 
457 190 10 13 0.11959674 
809 246 8 12 0.11894079 
672 218 11 13 0.11702214 
855 196 9 11 0.11599734 
928 268 10 12 0.11536182 
758 168 7 9 0.114653476 
144 188 10 15 0.11297372 
414 163 9 12 0.11238435 
499 258 13 17 0.111875035 
271 196 9 12 0.11147733 
278 292 13 16 0.11117748 
253 206 10 12 0.11043495 
186 150 8 12 0.108796895 
914 258 11 15 0.10851073 
488 167 7 10 0.10788711 
701 374 24 29 0.10702169 
564 294 21 28 0.1066593 
469 237 11 15 0.10591471 
813 248 9 11 0.10460668 
841 199 8 10 0.10415616 
287 156 8 11 0.10319659 
529 213 9 12 0.10271445 
557 166 8 11 0.100794144 
726 203 9 12 0.10078518 
707 294 12 15 0.10007309 
200 203 11 13 0.099838056 
503 173 8 11 0.099665865 
489 175 9 11 0.09890957 
420 176 10 12 0.097565725 
1012 257 12 19 0.09664299 
442 187 9 12 0.09641315 
745 184 8 10 0.095553495 
736 157 7 9 0.094271325 
893 283 13 18 0.093501136 
478 237 12 16 0.093208626 
485 243 10 12 0.092308484 
240 130 7 9 0.0919658 
820 283 10 13 0.09184944 
771 159 7 10 0.09162537 
777 268 14 18 0.091477975 
113 163 10 12 0.08970518 
214 152 7 10 0.08969391 
255 175 8 11 0.08888817 
190 158 8 12 0.08848967 
680 226 11 14 0.08780241 
742 209 8 10 0.087689415 
355 283 15 20 0.08714902 
536 146 7 9 0.0863883 
498 128 5 7 0.085811794 
259 276 15 18 0.08499764 
936 254 10 13 0.08361584 
281 156 8 11 0.0835739 
267 238 10 13 0.08296019 
278 329 14 18 0.08268186 
321 202 11 14 0.082386404 
646 141 7 9 0.08198664 
196 192 13 16 0.081351794 
287 202 11 13 0.08109383 
717 262 12 15 0.080284655 
424 311 16 20 0.07988144 
430 204 8 10 0.07946242 
871 255 11 13 0.07884508 
255 180 10 13 0.07852968 
888 294 10 14 0.07789009 
199 286 19 26 0.07769392 
427 220 12 14 0.077146165 
711 221 10 12 0.07680022 
902 238 11 13 0.07636208 
327 171 9 12 0.07576512 
520 250 10 14 0.07480496 
912 209 9 10 0.07447419 
305 146 6 9 0.07368351 
640 207 11 14 0.07364105 
894 253 11 14 0.07296055 
192 163 9 12 0.07288162 
247 160 9 11 0.07272804 
604 200 10 12 0.07221242 
534 181 8 10 0.0714358 
365 245 12 14 0.070756495 
134 173 10 11 0.0702936 
953 241 12 16 0.07019425 
923 252 10 13 0.069715545 
999 160 7 8 0.06797562 
721 207 9 10 0.067515105 
236 274 12 15 0.06748798 
851 352 14 18 0.06718749 
630 258 16 21 0.066806145 
310 167 10 13 0.066234134 
692 243 11 13 0.06608443 
832 198 8 10 0.06562873 
425 227 15 18 0.06556403 
142 194 11 15 0.0654139 
660 250 12 16 0.06496258 
655 171 9 12 0.06451467 
997 229 11 14 0.06444047 
751 220 9 11 0.064371586 
78 237 9 12 0.06362096 
303 160 8 9 0.06303278 
236 205 11 14 0.06284927 
891 291 13 17 0.06259609 
573 191 9 10 0.062265743 
514 332 13 18 0.061965007 
936 261 9 12 0.06196426 
736 228 9 12 0.061563533 
846 236 8 11 0.06149844 
257 211 12 15 0.060983304 
594 291 13 22 0.060463745 
312 190 8 11 0.06039883 
209 152 7 12 0.060240157 
357 197 9 12 0.059773035 
887 236 9 12 0.059579175 
263 183 9 12 0.05878158 
110 174 9 11 0.058629956 
510 253 9 13 0.058611993 
414 302 14 18 0.0578576 
750 191 8 9 0.05772571 
639 235 12 14 0.057518493 
476 192 8 10 0.05722759 
243 171 11 14 0.056800462 
284 290 15 19 0.056744047 
385 356 16 18 0.05673824 
925 232 9 12 0.056511045 
367 205 9 11 0.056493085 
754 198 8 11 0.05645242 
729 282 21 27 0.05643618 
752 207 8 10 0.05624315 
502 168 8 11 0.0562265 
326 159 8 10 0.05545363 
264 196 10 12 0.055266667 
294 309 11 14 0.055099126 
531 266 12 17 0.05505855 
481 181 8 10 0.05432657 
205 270 10 16 0.054075398 
239 133 9 11 0.05385675 
269 206 11 14 0.053799435 
737 207 8 11 0.053783987 
361 243 10 15 0.053591803 
926 262 9 12 0.053413764 
454 181 9 11 0.053330906 
441 168 7 9 0.05325089 
845 204 9 12 0.052527227 
254 198 10 13 0.052314244 
559 141 7 9 0.052276623 
630 204 11 13 0.052214064 
497 152 9 11 0.052169107 
705 191 8 10 0.05203559 
615 183 8 10 0.05202458 
845 199 8 11 0.05168605 
296 152 7 9 0.051449057 
499 221 9 12 0.051404864 
364 172 9 12 0.05139175 
366 345 23 24 0.05133522 
808 240 7 10 0.051143374 
440 213 11 15 0.050839733 
900 244 11 13 0.050742652 
143 181 11 15 0.05030885 
212 296 14 19 0.050303083 
320 172 9 12 0.050255317 
806 297 12 18 0.050031237 
232 276 10 14 0.050016902 
588 284 12 19 0.049968503 
1014 198 8 12 0.049734585 
704 183 8 10 0.0494653 
462 194 10 12 0.049373094 
521 240 11 15 0.04917186 
605 175 9 10 0.049116515 
188 231 14 17 0.049047697 
348 388 22 28 0.048978437 
551 246 10 13 0.0489617 
285 233 15 17 0.04853646 
312 197 10 13 0.04848922 
758 213 8 11 0.048433818 
97 169 8 11 0.048431445 
284 298 14 20 0.04817206 
630 199 10 12 0.04809263 
949 259 9 12 0.047849316 
583 291 15 23 0.04784148 
413 293 15 17 0.047836423 
577 251 10 12 0.04745479 
711 176 8 9 0.047052465 
258 189 9 11 0.047000635 
527 207 8 10 0.046923716 
743 286 12 15 0.04690435 
749 184 8 9 0.046868533 
259 230 14 16 0.04632094 
904 141 11 14 0.046244998 
747 292 12 16 0.046122268 
1015 157 7 11 0.046050973 
410 165 8 11 0.045987707 
611 369 15 22 0.045854695 
965 264 9 12 0.045569323 
496 168 8 10 0.04556711 
738 212 9 11 0.045549955 
749 297 14 18 0.04537353 
424 215 10 14 0.045229897 
320 184 10 11 0.04498346 
733 198 7 10 0.04432749 
558 251 10 12 0.044295643 
895 245 11 13 0.044240847 
894 239 10 12 0.0441567 
322 242 15 18 0.043612212 
909 230 9 12 0.04339258 
462 174 7 10 0.043206524 
919 247 11 14 0.043163165 
704 291 20 24 0.04303044 
200 163 10 12 0.04298055 
606 183 9 10 0.04291085 
776 167 8 11 0.042867582 
686 223 7 11 0.0427998 
916 264 13 16 0.042797305 
844 336 14 18 0.04264722 
926 248 10 12 0.04224407 
295 158 8 10 0.0422393 
270 254 13 17 0.041963965 
592 238 9 12 0.041667253 
464 233 11 14 0.041621923 
550 151 8 10 0.041270006 
711 206 9 10 0.04126836 
384 170 10 12 0.04116101 
290 229 15 18 0.041017327 
785 306 22 28 0.041007858 
572 224 11 14 0.04086696 
323 373 17 20 0.040538795 
270 314 20 27 0.040247303 
791 228 10 12 0.040086716 
861 160 7 9 0.040047653 
362 388 27 35 0.039861348 
439 254 11 16 0.039799906 
629 211 11 14 0.039558142 
305 171 9 13 0.039529648 
731 273 14 17 0.039354526 
295 219 12 14 0.03932121 
432 327 23 29 0.039045867 
109 229 12 14 0.038845878 
277 197 11 14 0.038791347 
873 196 8 11 0.0387585 
877 257 11 12 0.03874911 
329 245 15 18 0.038531475 
148 182 11 14 0.038484663 
1008 265 12 17 0.038481064 
278 237 10 13 0.038156234 
933 230 12 13 0.038089108 
582 246 10 13 0.037956737 
421 187 10 11 0.037897546 
213 156 8 12 0.03785875 
318 166 9 13 0.037855975 
841 228 9 13 0.03773954 
532 176 8 10 0.0376047 
361 161 9 11 0.03759338 
698 229 9 12 0.037579447 
309 182 9 11 0.037517097 
708 341 14 16 0.03745309 
368 151 7 10 0.037424553 
495 255 11 14 0.037284967 
861 197 8 11 0.037204478 
415 243 10 14 0.03718814 
378 174 11 13 0.037123673 
456 174 9 11 0.036977902 
414 215 10 13 0.03672724 
837 262 13 17 0.036630485 
825 237 9 10 0.036390726 
135 167 11 12 0.036360957 
233 143 8 11 0.036239784 
860 350 12 19 0.0361866 
408 298 12 16 0.036176648 
235 194 12 14 0.036008757 
763 255 14 20 0.03596066 
551 322 17 20 0.0359135 
320 358 25 29 0.035904706 
310 144 7 10 0.03584162 
531 244 9 13 0.035810255 
254 270 11 15 0.035807643 
709 192 8 10 0.03560574 
376 190 10 12 0.035566144 
705 203 9 11 0.035469137 
704 176 8 10 0.035436038 
184 181 11 15 0.035169255 
408 220 11 15 0.03507574 
869 306 13 18 0.03496384 
934 247 10 13 0.034953374 
163 171 13 15 0.034682788 
755 152 7 10 0.034497373 
286 282 21 25 0.034473702 
622 251 13 18 0.034357328 
625 192 7 10 0.034263544 
927 274 11 16 0.03422442 
900 212 9 13 0.034181643 
313 158 9 10 0.034139838 
695 238 11 14 0.034128685 
544 150 7 10 0.03390679 
981 235 10 14 0.033596214 
311 365 10 15 0.033584103 
757 206 9 11 0.033298306 
346 203 9 12 0.033066045 
735 192 7 10 0.03305405 
800 246 9 12 0.033000764 
531 149 8 10 0.032929152 
903 208 8 11 0.032777667 
729 301 16 20 0.032762427 
496 134 7 9 0.03269789 
591 244 9 12 0.03262327 
15 213 10 12 0.032554418 
569 168 10 13 0.03237263 
845 230 10 13 0.03224416 
537 221 10 13 0.032114048 
135 189 12 14 0.032096718 
887 207 9 12 0.03204579 
174 183 11 15 0.03197931 
899 251 13 16 0.03192484 
109 223 10 12 0.031920098 
430 142 8 11 0.031876188 
573 244 11 14 0.0318757 
998 224 9 12 0.031842947 
902 222 10 12 0.031828098 
616 230 9 12 0.03173106 
633 182 9 11 0.031686157 
489 217 19 21 0.031509858 
488 215 12 15 0.031420138 
716 276 14 17 0.03141657 
887 255 10 13 0.031330347 
961 268 11 14 0.03083121 
462 181 8 11 0.030830918 
565 239 13 17 0.030794071 
821 300 13 16 0.030790344 
654 293 16 20 0.030768152 
865 265 13 16 0.030725708 
835 316 14 17 0.030680174 
238 180 10 14 0.030672427 
836 331 16 20 0.03052464 
332 197 10 13 0.030516887 
771 174 7 10 0.030435398 
465 346 18 21 0.030424343 
53 176 9 10 0.030413203 
691 422 13 17 0.03036974 
701 235 10 13 0.030346354 
654 221 11 13 0.030299287 
444 259 10 15 0.030234477 
373 205 10 12 0.030213179 
883 229 11 15 0.030131858 
298 280 19 26 0.030094087 
534 206 9 12 0.030079957 
810 298 15 18 0.029934384 
309 220 10 13 0.029900687 
193 268 14 18 0.029869368 
910 222 10 12 0.029820569 
11 177 11 13 0.029606672 
558 243 10 15 0.029573753 
556 174 10 12 0.029542133 
523 167 8 10 0.029513637 
848 190 9 11 0.029503416 
321 153 7 10 0.029472042 
310 151 8 9 0.029446553 
477 195 9 12 0.029430388 
975 268 13 16 0.029283863 
518 187 10 12 0.029257441 
752 236 12 15 0.029227016 
215 240 14 20 0.029010328 
694 143 8 11 0.029008904 
919 192 8 9 0.02895697 
494 196 9 12 0.028940216 
195 279 19 26 0.028934836 
740 239 11 14 0.028871203 
372 365 24 32 0.028753584 
426 300 15 21 0.02862054 
102 168 8 11 0.028617006 
428 158 8 10 0.028588362 
462 142 8 9 0.028488697 
387 179 11 12 0.028335912 
705 346 13 15 0.028287495 
780 199 10 12 0.028272077 
627 243 14 16 0.028163362 
559 160 9 10 0.028128983 
750 228 13 15 0.028116036 
409 215 9 13 0.028056487 
425 204 9 11 0.027955974 
766 215 8 9 0.027890207 
771 246 10 14 0.027786516 
861 312 12 18 0.027775 
805 308 14 24 0.027709253 
837 324 14 17 0.027704867 
841 237 9 11 0.027671674 
382 196 9 11 0.027661765 
915 247 20 24 0.027417062 
686 236 10 15 0.027380995 
78 192 7 9 0.027220638 
842 288 19 24 0.02719894 
309 247 14 20 0.026983486 
375 197 9 11 0.026953012 
776 280 17 19 0.026932215 
420 240 12 17 0.026918698 
963 232 13 16 0.026893878 
567 182 8 10 0.026806133 
958 274 11 15 0.02671206 
411 246 23 28 0.026649019 
297 166 9 12 0.026604168 
693 343 10 12 0.026588183 
525 179 10 12 0.026573773 
751 244 12 14 0.026521783 
481 160 7 9 0.026516354 
505 333 12 15 0.026436944 
604 373 22 29 0.02638095 
656 229 9 12 0.026365422 
752 174 7 9 0.026347697 
232 148 9 11 0.026197292 
548 251 11 14 0.02609235 
137 197 11 13 0.025994748 
374 350 24 26 0.025846006 
630 237 12 15 0.025838168 
547 215 12 14 0.025833832 
360 203 10 12 0.025818538 
702 166 7 9 0.025810912 
472 132 8 9 0.025635857 
911 236 9 12 0.025632955 
814 321 16 20 0.025354609 
376 297 11 16 0.02531113 
689 126 8 10 0.025273839 
462 214 9 11 0.025232326 
1006 235 21 27 0.025177462 
698 159 8 10 0.02515787 
713 214 10 13 0.0249337 
757 275 12 16 0.024921255 
574 196 8 10 0.024911756 
1002 227 12 15 0.024835896 
836 270 14 19 0.024835419 
361 282 16 21 0.024834177 
958 206 10 11 0.024813283 
560 237 11 15 0.024795007 
512 176 10 13 0.024782795 
843 370 16 20 0.024775779 
119 248 20 24 0.0247399 
678 233 13 17 0.02472486 
960 263 9 11 0.024721673 
926 199 9 11 0.02461517 
112 213 11 12 0.024588017 
541 216 18 22 0.024560934 
325 153 8 9 0.024554571 
797 298 14 22 0.024532808 
22 215 8 11 0.024502255 
743 222 10 12 0.024470353 
823 221 9 10 0.024455117 
738 297 15 19 0.02435489 
840 224 9 11 0.024354324 
689 148 9 10 0.024338223 
981 261 11 14 0.024297385 
311 231 12 16 0.024283292 
244 189 11 12 0.024263976 
117 233 11 15 0.024232967 
872 214 9 10 0.024231821 
55 199 10 12 0.024221186 
197 176 12 14 0.024194548 
686 368 41 47 0.024163622 
409 173 9 12 0.024073318 
141 174 9 12 0.02407101 
701 299 20 26 0.02406897 
754 157 7 8 0.024039645 
120 258 13 18 0.023985684 
159 187 15 19 0.023922164 
820 306 13 19 0.023918146 
324 228 13 17 0.023916956 
359 160 17 24 0.02390754 
566 225 18 23 0.023836479 
783 142 7 10 0.023773821 
829 251 10 14 0.023722222 
183 102 10 13 0.023691017 
566 307 21 31 0.023667881 
757 172 8 10 0.023629017 
73 192 7 9 0.023611175 
332 173 10 13 0.023521163 
351 215 10 13 0.023507219 
871 247 11 14 0.023470603 
488 193 11 13 0.023462353 
836 296 14 19 0.023460682 
926 283 11 15 0.023448132 
268 166 8 11 0.023427822 
816 213 7 9 0.023390118 
4 181 9 13 0.023361713 
284 370 12 18 0.023354696 
239 161 18 24 0.023338454 
788 267 12 16 0.02325056 
181 175 11 13 0.023160718 
500 215 10 12 0.023151929 
845 251 11 15 0.02313211 
725 285 15 21 0.02312847 
625 196 9 12 0.023115898 
568 190 9 11 0.023111895 
637 199 9 11 0.023099039 
329 291 22 27 0.023066988 
727 270 12 15 0.023012925 
310 393 14 17 0.023007782 
614 118 199 216 0.022977605 
294 205 9 12 0.02296578 
721 200 10 10 0.022957008 
884 302 14 20 0.022926755 
554 142 7 9 0.02292418 
630 159 7 10 0.02290607 
318 222 11 14 0.022900602 
455 214 9 12 0.02284781 
788 351 25 30 0.022841422 
526 161 9 11 0.022837492 
629 219 11 13 0.022746501 
759 156 7 10 0.022586001 
464 240 12 16 0.022548273 
139 287 22 28 0.022515533 
792 246 9 12 0.022492517 
798 314 15 24 0.022480493 
634 233 20 24 0.022468196 
161 248 15 18 0.022440078 
381 187 11 14 0.022433393 
248 198 10 12 0.022433016 
829 238 9 10 0.022372143 
662 213 11 14 0.022367863 
495 205 10 14 0.022350483 
630 190 9 11 0.022342565 
462 207 8 10 0.022309694 
14 197 10 12 0.02222126 
756 233 19 22 0.022220599 
741 227 11 13 0.022200132 
994 160 8 9 0.022198258 
325 182 10 13 0.022192057 
698 360 26 28 0.022150772 
241 161 8 10 0.022102611 
96 212 8 11 0.02208057 
109 179 9 11 0.022076849 
209 144 7 10 0.02207481 
625 213 9 12 0.022022488 
727 237 11 14 0.022007216 
321 66 198 223 0.021994876 
877 192 8 10 0.02199104 
290 298 13 18 0.021954745 
123 264 15 17 0.021937674 
722 159 6 9 0.021928007 
941 236 12 14 0.02188047 
734 238 12 15 0.021873727 
519 209 10 13 0.021827023 
837 251 12 15 0.021723304 
672 175 8 10 0.021717802 
468 237 19 24 0.021707652 
253 200 19 24 0.02164492 
728 193 10 13 0.021637559 
238 259 12 15 0.021630125 
190 281 15 20 0.021481257 
851 338 14 19 0.021439092 
317 371 15 17 0.021260604 
992 234 11 15 0.021167934 
649 173 9 11 0.021161925 
282 447 32 39 0.021111999 
486 184 18 23 0.0210799 
846 347 15 20 0.02106737 
190 219 13 17 0.021021526 
436 235 11 15 0.020946408 
514 175 18 22 0.020879487 
502 236 12 15 0.020804742 
764 231 10 13 0.020787118 
895 209 10 11 0.020773165 
605 188 10 13 0.020760618 
975 236 10 13 0.020733552 
805 285 10 14 0.02070325 
853 182 9 10 0.020628208 
799 292 13 18 0.020624986 
214 163 9 13 0.02058645 
410 238 9 13 0.02056832 
190 205 11 14 0.020543834 
513 199 10 13 0.020524519 
893 190 8 10 0.020509962 
990 275 13 16 0.020480957 
438 244 10 14 0.02044506 
117 211 10 12 0.020419126 
830 216 10 11 0.020304106 
380 171 17 22 0.020202126 
445 197 9 11 0.020198464 
381 206 11 14 0.020184124 
642 241 13 17 0.020116763 
717 213 10 12 0.020116419 
741 288 20 25 0.02011405 
694 223 9 11 0.020070694 
941 245 11 15 0.020014161 
271 161 9 11 0.02001395 
