11_Meeting_Meeting_11_Meeting_Meeting_11_865
100
349 372 330 421 0.997233 
0 428 97 118 0.21391375 
301 1261 16 24 0.18695003 
359 1317 21 29 0.1526071 
223 1195 29 33 0.11203699 
372 1104 15 20 0.10724594 
263 1244 12 16 0.08492172 
354 1279 17 21 0.07889497 
382 1100 14 20 0.0747377 
492 1486 23 27 0.06665753 
467 1471 23 30 0.06663316 
359 1331 23 34 0.06350167 
559 1106 15 19 0.059300207 
422 1109 15 17 0.05827716 
316 1257 21 30 0.05579608 
469 1354 16 22 0.05507846 
418 1106 26 29 0.052152093 
477 1347 16 22 0.051638015 
352 1363 19 23 0.047967162 
431 1380 16 22 0.047676366 
291 1267 21 28 0.046629835 
398 1109 21 28 0.043762963 
332 1150 28 34 0.043588832 
413 1116 14 17 0.043423183 
216 1204 27 31 0.04150291 
333 1281 20 26 0.04106184 
447 1088 15 19 0.040167585 
214 1186 49 58 0.040165856 
468 1082 17 20 0.039805602 
408 1110 23 28 0.039787028 
402 1109 13 17 0.038112685 
394 1099 15 19 0.038015373 
407 1021 401 451 0.037297703 
472 1080 28 36 0.036415204 
328 1091 10 12 0.03469923 
435 1372 24 31 0.03420809 
351 1347 24 33 0.034061786 
273 1302 40 56 0.03356945 
362 1277 15 20 0.0334991 
476 1080 17 23 0.033475045 
492 1085 13 16 0.033073824 
306 1268 15 22 0.032620937 
394 1250 18 24 0.031181116 
376 1095 11 13 0.031103771 
476 1439 24 26 0.029828055 
341 1094 9 12 0.028974252 
355 1250 17 20 0.028718835 
350 1101 11 15 0.028421612 
366 1102 14 17 0.028384058 
358 1099 20 30 0.027895428 
49 420 103 118 0.02781563 
547 1098 24 30 0.027666852 
332 1157 41 56 0.027281767 
209 1210 45 56 0.02709036 
353 1139 17 21 0.026908122 
335 1460 30 38 0.026903925 
416 1438 10 12 0.026521685 
299 1277 15 19 0.026092025 
195 1274 31 35 0.025663434 
369 1328 16 22 0.025522077 
260 1268 11 14 0.024844881 
292 1420 13 15 0.024528004 
425 1097 27 32 0.024026265 
343 1100 11 14 0.023946071 
336 1088 8 10 0.023910798 
327 1168 29 35 0.023870017 
386 1093 19 22 0.023855107 
434 220 117 134 0.023534002 
411 1125 15 21 0.023454256 
360 1083 10 13 0.023453793 
299 1387 13 16 0.02344632 
460 1087 17 20 0.023347618 
393 1387 14 16 0.023213651 
340 1378 12 17 0.022991452 
456 1463 25 33 0.022956174 
294 1260 15 22 0.022952244 
860 527 110 137 0.022794144 
193 1303 96 133 0.022701012 
412 1099 45 53 0.022644065 
540 1157 15 20 0.022589605 
557 1106 25 34 0.022507051 
444 1480 25 31 0.022487579 
222 1172 34 42 0.022384927 
527 1084 24 32 0.02226279 
286 1140 14 18 0.022220688 
30 523 216 304 0.022144884 
319 1301 12 15 0.02191607 
522 1137 15 20 0.021855688 
38 467 362 437 0.021567727 
433 1107 16 20 0.021528317 
277 1405 12 15 0.02134013 
339 1276 16 21 0.02130877 
482 1338 16 24 0.020833481 
483 1077 27 33 0.02082289 
469 1446 24 28 0.020746103 
285 1274 16 20 0.020617597 
334 1108 12 14 0.020497419 
480 1482 23 29 0.02020642 
208 1234 27 32 0.020153793 
341 1105 12 16 0.02000011 
