11_Meeting_Meeting_11_Meeting_Meeting_11_287
60
568 228 40 58 0.9980781 
732 369 33 54 0.9940519 
318 405 37 60 0.99310356 
513 352 26 35 0.5292899 
250 8 18 19 0.32747883 
731 515 22 38 0.27878618 
395 482 24 43 0.20747462 
640 443 26 43 0.12525065 
199 447 32 45 0.11728339 
13 371 22 38 0.08843422 
206 520 37 56 0.080347724 
303 0 26 28 0.07143887 
524 346 14 17 0.06641466 
140 280 431 429 0.06597909 
738 513 38 45 0.06536418 
67 540 13 14 0.06209348 
627 514 41 62 0.05557071 
241 428 27 46 0.054636087 
104 539 35 34 0.05373111 
417 445 51 51 0.049170278 
845 532 40 45 0.046141654 
0 369 22 43 0.045224223 
96 547 29 32 0.04497444 
309 14 18 21 0.04439398 
716 461 31 32 0.04274908 
521 340 23 29 0.04100664 
20 377 33 38 0.040905777 
240 400 44 54 0.03572262 
203 503 38 49 0.034899864 
223 490 46 52 0.034005407 
347 424 46 55 0.03386668 
832 524 29 37 0.033161297 
724 500 25 45 0.031031068 
14 373 13 21 0.029664181 
700 521 40 52 0.02965063 
512 359 15 22 0.028771814 
158 489 40 42 0.027969375 
753 507 43 47 0.027646804 
536 -25 405 499 0.026999941 
867 529 26 33 0.026555104 
205 465 37 42 0.026541935 
645 512 33 47 0.026493259 
223 522 31 47 0.026189892 
279 394 29 45 0.025809767 
513 329 44 54 0.02568298 
549 331 15 17 0.02536385 
531 345 28 32 0.02505027 
530 345 18 20 0.02495036 
729 521 13 22 0.024720432 
557 498 43 56 0.023741042 
750 527 38 38 0.023512919 
-42 265 451 492 0.022988291 
100 553 16 20 0.022560786 
236 486 32 31 0.022505287 
64 535 13 15 0.022016976 
547 357 16 20 0.021443216 
300 391 44 64 0.021341303 
36 374 29 33 0.020507144 
2 594 29 41 0.02029681 
251 385 45 55 0.020020576 
