11_Meeting_Meeting_11_Meeting_Meeting_11_574
341
711 320 32 38 0.99537355 
957 331 35 44 0.9953323 
850 295 28 33 0.99432796 
639 285 24 31 0.9932074 
347 301 22 28 0.993148 
261 297 21 29 0.9923988 
197 290 23 29 0.98853916 
532 243 16 21 0.9832265 
355 256 18 24 0.98140705 
453 218 16 22 0.97730434 
802 267 20 26 0.9692076 
509 237 14 19 0.9684088 
494 224 14 18 0.9651699 
354 236 16 20 0.9649626 
972 290 30 34 0.96200275 
435 216 13 19 0.95970494 
303 256 18 24 0.95281684 
483 260 17 23 0.9304819 
514 208 15 19 0.9250919 
687 261 19 27 0.90947556 
122 294 22 28 0.90870434 
42 333 43 77 0.90694714 
804 237 13 16 0.8916061 
728 241 16 18 0.86169493 
864 241 19 22 0.8443568 
873 214 15 18 0.81439865 
399 274 19 25 0.80571175 
752 218 13 16 0.7630281 
741 290 24 27 0.7343152 
591 231 12 15 0.7263472 
589 192 10 13 0.7076345 
567 199 10 12 0.6822723 
399 249 15 20 0.6343719 
130 320 27 32 0.6314792 
468 243 15 19 0.6217793 
919 192 11 15 0.5556032 
785 208 8 12 0.5516635 
706 250 16 22 0.5496622 
704 187 10 14 0.536005 
770 207 11 14 0.47844806 
927 218 14 18 0.4451314 
624 220 11 15 0.43979004 
413 237 15 18 0.43572012 
950 258 20 27 0.43355492 
820 190 9 12 0.4169746 
833 198 10 12 0.39587104 
613 202 10 13 0.38707614 
526 206 12 15 0.3841683 
941 234 14 17 0.36122286 
569 213 11 14 0.35146326 
608 197 10 13 0.34816346 
556 199 12 14 0.3282157 
551 232 15 19 0.28942662 
824 208 11 14 0.2800971 
787 251 13 16 0.27921537 
658 206 9 12 0.27790266 
782 260 18 23 0.27087075 
880 195 11 14 0.25969 
226 321 20 27 0.25681865 
698 255 18 26 0.24301814 
957 240 14 16 0.24127854 
830 205 11 14 0.2311421 
646 220 10 12 0.22675972 
462 270 16 21 0.19992115 
766 261 15 18 0.19390963 
730 284 25 28 0.18787093 
672 224 11 13 0.18540809 
690 306 21 27 0.1698938 
607 193 9 12 0.16802092 
791 199 8 10 0.16521919 
543 223 10 13 0.16258249 
759 245 12 15 0.15602869 
637 190 8 10 0.15444084 
648 197 9 11 0.14632581 
584 215 9 12 0.1433986 
621 247 11 14 0.13693216 
616 226 11 15 0.1310721 
680 191 9 11 0.12801906 
694 194 10 13 0.1272093 
562 273 14 17 0.12250478 
930 203 14 17 0.12089082 
822 250 13 16 0.12044667 
128 283 27 32 0.11991963 
928 211 15 18 0.118597925 
599 215 10 13 0.11469196 
663 198 9 12 0.113876835 
948 237 13 15 0.113528565 
625 269 16 22 0.11046438 
665 191 9 10 0.10890691 
884 193 8 11 0.100232296 
584 220 10 14 0.0998406 
676 243 14 19 0.09966128 
875 204 14 17 0.09378097 
907 211 11 15 0.09293917 
729 163 9 12 0.09009112 
125 58 19 28 0.08833252 
632 173 9 11 0.086782075 
694 173 8 11 0.08521463 
921 367 27 34 0.08406653 
440 297 18 22 0.08303516 
908 205 10 14 0.082501255 
676 238 13 15 0.079582624 
886 292 15 21 0.07946395 
815 195 11 14 0.07938376 
638 244 14 18 0.07921065 
902 365 13 19 0.078410946 
621 237 11 12 0.0769381 
549 221 12 15 0.07668789 
838 192 8 10 0.07559215 
787 210 10 13 0.070717655 
615 234 12 13 0.06817305 
695 230 12 15 0.06792433 
954 251 16 20 0.06612834 
746 259 14 18 0.066107936 
848 206 9 12 0.064707145 
733 229 14 17 0.064031 
789 322 28 34 0.063476354 
670 207 10 11 0.06311516 
627 216 12 15 0.0627953 
724 284 19 24 0.061935574 
526 298 16 18 0.06070881 
817 185 9 10 0.060386807 
533 275 16 21 0.059858073 
603 219 12 15 0.059849028 
679 182 10 12 0.058928356 
588 283 15 19 0.058671154 
660 210 10 13 0.05807917 
881 619 53 55 0.056964688 
477 250 15 19 0.056624148 
806 221 11 13 0.056536674 
827 244 14 18 0.056491572 
923 195 13 16 0.05596422 
446 216 16 23 0.055852078 
798 218 11 15 0.05561414 
799 206 9 12 0.05540792 
949 319 25 35 0.0552624 
291 154 32 50 0.054931223 
717 306 27 38 0.05457405 
616 251 13 17 0.05450226 
835 229 13 15 0.053999133 
724 274 17 21 0.053487726 
904 250 13 17 0.053129435 
882 219 13 15 0.05268729 
804 212 10 12 0.05267217 
557 219 11 14 0.05215316 
588 213 11 13 0.051976305 
654 200 9 11 0.051644463 
896 213 9 12 0.04968209 
526 225 12 16 0.049460936 
807 207 9 12 0.049197853 
687 189 10 13 0.04910275 
571 204 11 14 0.046401687 
712 229 12 16 0.04628898 
583 278 14 17 0.04574296 
809 241 14 17 0.0456654 
735 225 10 12 0.045513503 
815 204 9 13 0.045444 
820 266 15 19 0.044925824 
663 222 10 13 0.044682436 
629 226 11 14 0.044296533 
613 184 9 11 0.044138778 
930 222 19 24 0.043674704 
782 232 14 16 0.043341175 
426 368 20 26 0.04260906 
50 328 26 49 0.04257627 
709 195 9 12 0.042444255 
814 224 11 14 0.04240875 
908 218 12 15 0.041994147 
638 174 9 11 0.040830523 
154 315 21 30 0.040493138 
406 247 19 24 0.040477797 
771 260 19 24 0.04047013 
699 233 12 15 0.039292242 
717 233 12 16 0.038656652 
726 298 27 35 0.03800571 
673 213 10 12 0.03792669 
856 228 12 16 0.037729874 
689 195 10 12 0.037726413 
631 196 9 13 0.03769575 
436 259 15 21 0.037650563 
821 225 11 15 0.037619103 
904 240 20 24 0.037477314 
640 220 10 12 0.03741107 
772 219 12 14 0.037148636 
376 50 43 57 0.03711975 
581 258 13 17 0.037006244 
533 226 14 16 0.03680402 
805 374 20 30 0.036794066 
686 183 9 12 0.03632612 
874 223 15 18 0.036191586 
552 215 10 12 0.035872184 
639 194 10 13 0.035751365 
629 205 10 12 0.035713878 
627 277 22 28 0.035542738 
545 282 15 19 0.03533153 
795 259 20 25 0.035169512 
600 194 10 13 0.035126522 
984 294 29 35 0.034846682 
586 188 16 21 0.034702346 
870 227 14 17 0.034617104 
853 211 11 14 0.03458341 
975 226 13 16 0.034190565 
549 252 13 17 0.034130186 
668 197 9 11 0.034121573 
845 200 9 12 0.034088768 
646 225 12 16 0.033752535 
947 318 16 23 0.03362175 
743 253 12 17 0.03352641 
722 290 25 31 0.033486385 
622 203 10 13 0.0332367 
649 203 10 12 0.033020187 
758 259 14 19 0.032917477 
466 257 16 22 0.032606363 
885 226 13 17 0.032469794 
785 200 8 11 0.032465942 
637 228 11 14 0.032449026 
531 210 11 14 0.032443054 
835 203 10 14 0.03241084 
925 362 17 20 0.032123297 
562 282 16 20 0.03179764 
718 220 10 14 0.031719256 
637 237 13 15 0.031426232 
583 246 11 13 0.031291023 
983 284 20 22 0.031192813 
656 184 9 10 0.031190237 
833 193 9 11 0.031170977 
863 214 10 14 0.03091822 
702 321 23 34 0.03084039 
473 238 14 17 0.030723797 
583 206 10 13 0.030700635 
15 337 52 75 0.03063947 
550 269 10 13 0.03051315 
743 205 9 13 0.03050083 
687 228 11 14 0.030497387 
689 173 9 13 0.030294849 
890 628 31 36 0.030171555 
677 207 10 12 0.030163804 
516 249 14 18 0.030155485 
562 235 12 16 0.030095885 
503 196 12 17 0.029928016 
561 200 18 22 0.029867535 
424 213 12 16 0.029334081 
571 217 12 15 0.029176489 
905 298 15 21 0.029071907 
831 234 14 17 0.028842699 
903 197 12 14 0.028554361 
913 196 10 15 0.028428366 
858 602 96 111 0.02837044 
857 233 20 27 0.028051332 
663 186 9 10 0.028007155 
644 250 13 17 0.02784677 
585 227 12 16 0.027753262 
451 291 16 20 0.027736373 
531 267 15 18 0.027663337 
762 250 15 18 0.02762504 
118 339 25 28 0.027544241 
549 240 13 17 0.02744422 
977 333 27 38 0.027420823 
838 185 8 9 0.027318891 
446 243 13 18 0.027223391 
664 227 11 15 0.027179968 
695 315 22 30 0.02708682 
700 184 18 21 0.026870403 
571 259 15 17 0.02683498 
718 211 10 14 0.026830705 
863 221 10 14 0.026758693 
67 329 48 66 0.026603749 
113 349 26 29 0.026486333 
685 238 11 14 0.026469806 
820 194 12 14 0.026454719 
873 293 23 30 0.026057987 
124 285 18 22 0.026012292 
612 190 10 13 0.025867311 
442 307 17 22 0.025714044 
616 269 21 28 0.025674082 
563 262 22 26 0.025667522 
638 184 9 11 0.025537191 
175 257 430 400 0.025531664 
555 236 16 20 0.025243992 
894 626 17 20 0.025242817 
110 353 16 20 0.025104921 
629 244 13 17 0.025033701 
595 308 15 19 0.024929889 
854 235 14 21 0.024910888 
465 276 17 22 0.024771987 
198 149 10 13 0.024723805 
633 184 8 11 0.024718719 
597 261 13 15 0.024592318 
711 211 10 14 0.024545696 
539 279 15 20 0.024218393 
614 210 11 16 0.02415568 
917 226 14 18 0.024134269 
872 237 15 19 0.023906926 
685 212 11 13 0.023882082 
450 305 16 21 0.023810923 
723 308 16 20 0.023775931 
606 192 18 23 0.023721157 
713 255 17 22 0.023691934 
619 258 14 17 0.023681873 
727 222 9 13 0.023599284 
884 202 13 16 0.023582738 
557 192 12 13 0.023398701 
893 196 11 14 0.023341024 
538 237 14 18 0.023281068 
231 264 20 27 0.02323989 
685 221 11 15 0.02323343 
418 249 14 20 0.023015091 
457 288 16 21 0.022972226 
815 184 19 23 0.022885453 
662 134 9 11 0.022819517 
831 221 10 13 0.022791661 
772 226 13 17 0.022723326 
701 176 12 15 0.022273973 
646 258 14 18 0.02226444 
850 206 12 15 0.021815432 
793 193 7 10 0.021785527 
570 274 14 17 0.021739038 
797 199 8 11 0.021725485 
541 223 18 23 0.021671273 
470 329 15 18 0.021445554 
943 211 11 15 0.021390926 
834 182 8 10 0.021340566 
857 222 10 13 0.021335118 
411 255 17 23 0.021175276 
477 227 12 15 0.0210617 
132 340 17 21 0.021053873 
557 260 14 16 0.020989547 
292 284 23 25 0.02097908 
706 181 10 15 0.020928906 
662 236 10 13 0.020898752 
703 247 15 17 0.020853955 
799 191 8 10 0.020788584 
462 235 14 18 0.020768356 
670 218 20 23 0.020708201 
366 300 21 27 0.020678338 
468 202 12 16 0.020649783 
629 236 10 14 0.020640144 
655 191 8 10 0.02048302 
749 291 26 33 0.02028997 
760 175 8 10 0.020165835 
966 282 22 34 0.020045882 
