11_Meeting_Meeting_11_Meeting_Meeting_11_507
373
133 361 29 39 0.99846554 
821 358 28 33 0.998047 
56 253 27 35 0.99756974 
76 402 35 49 0.9948455 
904 407 41 50 0.99105424 
240 234 14 19 0.97704816 
749 235 14 19 0.9663538 
283 289 14 18 0.9538649 
192 240 17 23 0.9450398 
846 301 16 21 0.93929136 
661 282 14 17 0.9222437 
1011 248 12 20 0.9139093 
253 303 17 22 0.8879638 
876 287 14 18 0.87708944 
861 355 22 32 0.8767573 
774 230 14 18 0.8708693 
731 274 13 17 0.8313583 
684 283 14 17 0.8065669 
895 319 22 26 0.7588267 
810 248 16 22 0.6514259 
696 298 18 22 0.6489008 
309 283 12 16 0.6414414 
707 314 17 23 0.6413171 
735 323 14 20 0.6057466 
197 359 20 27 0.60381824 
146 292 18 23 0.59337085 
748 309 16 18 0.5245568 
913 359 22 29 0.50696295 
889 305 18 22 0.4666441 
647 275 12 14 0.3905962 
298 230 9 12 0.37880692 
660 256 9 10 0.34962448 
378 255 9 10 0.34248465 
801 346 16 21 0.33768725 
216 270 13 18 0.31697157 
275 270 9 13 0.29416016 
961 247 11 14 0.2835886 
241 316 22 28 0.282229 
326 246 10 11 0.26519606 
521 239 7 10 0.2404887 
332 273 12 14 0.23902366 
632 262 8 12 0.23559423 
975 350 27 29 0.21937105 
1004 227 9 13 0.21341324 
581 283 11 14 0.21190396 
919 354 18 22 0.20657034 
309 262 10 12 0.20085521 
192 429 26 30 0.19844466 
575 285 11 14 0.18232438 
159 352 16 20 0.18173058 
706 357 19 20 0.18070543 
680 260 10 12 0.180652 
589 302 10 12 0.17656998 
573 291 11 13 0.17421979 
273 274 10 14 0.16807684 
789 314 15 19 0.16109318 
357 256 8 11 0.15958497 
875 363 25 31 0.15705581 
577 279 10 13 0.15160292 
958 271 11 14 0.14998984 
276 364 12 17 0.14862657 
735 246 9 12 0.1486174 
735 238 8 11 0.13672896 
962 223 8 11 0.13639975 
350 260 10 12 0.13621846 
657 258 10 14 0.13621292 
600 253 8 12 0.13324502 
257 261 10 13 0.13170913 
739 318 16 21 0.12801804 
764 221 11 14 0.12774895 
434 254 7 10 0.12010385 
936 373 15 18 0.11973936 
984 243 12 15 0.117436804 
615 255 7 9 0.114910245 
618 308 11 13 0.110548586 
901 232 8 10 0.11036267 
882 254 9 12 0.109605655 
631 315 11 15 0.10834084 
630 305 9 11 0.10729494 
457 245 9 10 0.10550502 
346 262 9 11 0.10336124 
599 318 11 12 0.10321835 
604 310 9 12 0.101356894 
681 339 10 13 0.10111491 
545 263 9 11 0.10032648 
391 247 9 11 0.09750486 
406 252 7 10 0.09520782 
931 373 25 28 0.0941068 
313 392 13 16 0.093040265 
277 429 18 19 0.090538055 
988 239 10 12 0.08580529 
558 245 8 10 0.0857033 
918 368 24 30 0.0851781 
688 288 20 24 0.08397499 
406 270 10 11 0.08246057 
861 346 15 22 0.08244263 
166 274 14 19 0.0796823 
630 247 7 9 0.077282295 
634 342 11 14 0.075465 
173 293 9 13 0.074837714 
625 262 9 11 0.074039884 
243 260 12 16 0.07184383 
963 358 34 35 0.071714774 
376 248 7 10 0.07138009 
322 241 7 10 0.069454096 
352 222 8 9 0.06838125 
817 244 13 16 0.067081675 
381 318 12 14 0.06680192 
991 219 8 12 0.06667307 
647 248 8 9 0.066060066 
600 302 9 11 0.065434895 
1003 277 19 27 0.06472348 
376 302 9 10 0.06443488 
575 315 11 13 0.06342971 
732 251 12 15 0.06333419 
123 331 13 17 0.063161775 
604 293 11 13 0.062284578 
922 232 8 10 0.06128033 
629 310 11 14 0.05996703 
652 276 13 16 0.059840742 
461 244 8 10 0.058503676 
195 417 24 29 0.057415284 
794 310 12 15 0.0574108 
288 239 9 10 0.056459174 
139 276 15 19 0.055273164 
559 263 12 14 0.053092994 
328 250 10 13 0.05287185 
589 278 9 12 0.052821487 
606 254 8 10 0.05273446 
636 263 10 12 0.052294344 
581 310 11 13 0.05215134 
648 253 9 11 0.052056763 
290 285 13 18 0.051180907 
651 271 12 14 0.050972078 
864 302 10 14 0.050775323 
126 259 14 18 0.0507705 
332 325 14 16 0.050356623 
895 365 27 32 0.049991872 
667 291 13 15 0.04958401 
781 319 16 21 0.0489354 
632 255 7 10 0.048450567 
1001 420 24 36 0.04784185 
691 280 11 14 0.046857003 
171 269 12 16 0.04675789 
300 234 10 13 0.046452 
326 241 9 11 0.046283666 
808 348 23 30 0.04584468 
206 415 13 15 0.04529306 
398 304 9 10 0.04514462 
334 254 8 11 0.045133483 
941 368 25 30 0.043712165 
304 289 13 16 0.043125004 
236 324 18 22 0.042807262 
591 248 9 11 0.04280584 
639 268 9 12 0.0427419 
617 302 11 14 0.042710144 
286 409 9 11 0.04258905 
143 354 26 36 0.04235159 
311 257 9 12 0.041993227 
388 321 11 12 0.041515443 
952 366 34 36 0.04111787 
828 346 24 32 0.04103327 
884 269 11 14 0.04098702 
437 248 8 10 0.040604748 
742 309 15 17 0.040564153 
734 358 26 26 0.04033897 
867 332 14 17 0.039448123 
434 250 7 9 0.03912648 
266 325 15 18 0.038919542 
732 261 12 14 0.03888413 
709 356 27 29 0.038726885 
753 301 17 21 0.038656574 
712 308 18 22 0.038536437 
343 256 10 12 0.038498994 
556 285 10 12 0.03830497 
558 280 9 11 0.038240008 
975 332 12 17 0.03797379 
705 301 16 19 0.037936825 
368 297 9 11 0.037897415 
639 254 9 11 0.037763875 
648 294 9 12 0.037688814 
277 255 8 11 0.03760622 
936 278 9 11 0.037523147 
583 293 10 12 0.03748584 
614 327 10 12 0.03742033 
102 360 23 30 0.03731841 
588 296 10 12 0.037259597 
108 350 24 33 0.037240617 
327 374 10 11 0.037229087 
975 230 10 12 0.037043594 
771 493 31 34 0.03679048 
377 318 10 13 0.036752786 
943 198 7 11 0.03667085 
647 349 13 15 0.036533903 
910 372 18 23 0.036435388 
276 261 10 14 0.03604679 
198 348 22 28 0.035983395 
959 361 14 20 0.035922255 
408 277 8 11 0.035262726 
333 -1 140 145 0.035098616 
897 233 10 13 0.034916412 
686 247 9 11 0.03482789 
569 287 9 12 0.034713015 
529 261 9 11 0.03454892 
585 252 8 11 0.034450315 
544 256 9 11 0.034312997 
553 238 8 11 0.034121726 
408 294 8 10 0.033901315 
399 263 9 11 0.033583004 
586 283 11 13 0.03343686 
296 226 8 11 0.033388488 
390 252 9 11 0.033287387 
5 306 15 21 0.033063244 
351 237 9 11 0.03285994 
796 408 12 15 0.032832913 
568 277 9 12 0.032771025 
878 279 14 17 0.032549966 
327 261 10 12 0.032413635 
682 279 11 14 0.03219553 
190 361 18 23 0.03205123 
400 269 10 12 0.0319202 
770 412 12 14 0.03186014 
309 343 11 13 0.031857267 
726 297 12 16 0.031685628 
685 254 10 13 0.031682007 
614 293 11 13 0.031654876 
252 209 13 17 0.03151798 
670 261 10 12 0.03141677 
316 262 9 12 0.030987361 
664 335 13 16 0.030682635 
592 252 9 12 0.030630078 
972 336 24 31 0.03040392 
342 270 9 11 0.03023516 
399 247 9 11 0.03023099 
390 285 10 11 0.030105837 
262 269 10 13 0.029780257 
721 358 27 27 0.029716367 
953 269 11 14 0.029665304 
551 232 7 9 0.029550623 
384 237 8 10 0.029316463 
140 281 21 28 0.028780695 
374 224 7 10 0.028691925 
0 433 24 35 0.028644681 
349 360 11 13 0.028622441 
780 170 12 16 0.028611915 
510 249 9 10 0.028440408 
166 291 14 18 0.028392203 
416 263 8 10 0.028369665 
745 355 26 26 0.028338866 
380 258 10 12 0.028305175 
104 354 13 17 0.02821528 
380 302 11 12 0.028207906 
375 358 9 11 0.02818548 
998 278 14 18 0.02805537 
624 256 8 9 0.02786254 
171 296 14 20 0.027761111 
924 234 11 13 0.027754446 
964 227 11 13 0.027344903 
987 341 23 31 0.027210135 
897 399 27 38 0.027185412 
883 275 13 17 0.027117595 
599 259 9 11 0.02698228 
251 234 13 18 0.026952999 
881 259 11 14 0.026863502 
617 286 9 11 0.026779443 
718 262 9 13 0.0266406 
615 260 9 11 0.02660433 
292 254 11 13 0.02656623 
570 316 10 13 0.026545603 
398 278 9 12 0.026529182 
556 292 10 12 0.026421018 
550 269 9 11 0.02639409 
202 440 16 19 0.02636616 
760 214 12 15 0.02635014 
964 342 24 32 0.026293794 
1011 277 12 19 0.02625117 
293 357 12 14 0.026236972 
623 314 10 13 0.026216434 
114 363 24 31 0.026216185 
398 239 9 11 0.026168251 
391 303 9 11 0.026133072 
790 228 13 18 0.026131514 
424 272 9 10 0.02608615 
948 286 11 13 0.0258024 
606 358 9 11 0.025775092 
309 266 12 15 0.025627522 
954 245 10 12 0.025348883 
366 310 9 11 0.025297416 
331 247 10 11 0.025220858 
374 352 9 11 0.025140248 
294 389 10 13 0.025129767 
625 267 9 13 0.02506822 
685 270 11 14 0.02502742 
772 223 14 17 0.024955511 
755 229 13 16 0.02468523 
575 300 9 11 0.024680708 
602 358 9 12 0.024629498 
422 278 9 11 0.024575235 
544 237 8 11 0.024565078 
695 315 22 29 0.02454524 
979 333 14 18 0.024540696 
625 240 8 11 0.024527876 
888 236 9 13 0.024404531 
768 232 14 19 0.024326354 
763 333 14 18 0.024293972 
502 247 9 12 0.024213897 
565 267 11 13 0.024130328 
343 245 9 11 0.02410097 
793 224 22 29 0.02407111 
567 301 11 12 0.023891749 
694 390 11 15 0.02377693 
607 259 8 11 0.023596736 
617 316 10 11 0.023557585 
999 245 10 13 0.02311116 
654 302 11 13 0.02310832 
289 231 9 11 0.022962764 
318 268 9 12 0.022958547 
1013 305 11 17 0.022950912 
856 276 11 15 0.022889607 
367 240 9 10 0.022712335 
592 231 7 10 0.022672733 
421 287 9 10 0.022594973 
156 179 10 12 0.022440854 
743 259 11 14 0.022436248 
606 249 8 10 0.022426037 
625 278 9 13 0.022397187 
398 286 9 10 0.02238834 
963 339 15 19 0.022366853 
171 282 14 20 0.022235306 
535 256 9 11 0.022160511 
632 335 12 14 0.0221342 
153 282 20 27 0.022048144 
280 407 10 12 0.021974413 
681 247 8 11 0.021946104 
316 348 13 15 0.021920351 
294 226 18 23 0.021863235 
267 333 16 20 0.021861114 
332 319 14 14 0.021857532 
545 247 8 10 0.021684865 
624 217 7 9 0.021380872 
384 286 10 12 0.021299664 
755 421 14 15 0.021233916 
670 298 12 15 0.021180928 
737 308 11 15 0.021098467 
991 229 9 11 0.021082953 
559 255 9 10 0.021068854 
738 331 16 21 0.021049675 
240 412 13 14 0.020954736 
882 248 8 11 0.020908147 
275 389 14 15 0.020897448 
154 234 16 21 0.02088756 
675 390 18 20 0.020814104 
345 364 12 15 0.020708732 
205 342 22 28 0.020670325 
496 240 7 9 0.020643475 
732 299 12 15 0.020626744 
239 407 11 12 0.020578675 
592 272 9 12 0.020545946 
260 291 12 16 0.020498002 
983 232 8 10 0.020489393 
731 236 9 12 0.020480145 
126 213 23 31 0.02044653 
424 294 8 10 0.02041373 
256 254 18 24 0.020394487 
438 260 10 11 0.020318395 
965 347 14 19 0.0203164 
637 301 10 12 0.020296428 
302 396 10 12 0.020214673 
352 230 9 12 0.020208513 
691 350 14 15 0.02008066 
265 357 22 26 0.020078948 
575 279 19 22 0.020054346 
562 214 9 11 0.020002687 
