11_Meeting_Meeting_11_Meeting_Meeting_11_385
201
943 248 49 83 0.99941134 
830 90 25 34 0.9971366 
160 209 29 47 0.99567825 
771 216 39 44 0.9925271 
656 161 24 30 0.9885225 
834 219 37 41 0.9877967 
711 170 24 35 0.983089 
281 180 23 33 0.9756326 
432 102 9 12 0.9571618 
361 153 15 21 0.95464575 
772 146 13 16 0.9340262 
802 175 25 36 0.92146814 
37 263 49 71 0.91921306 
911 162 14 18 0.9009511 
288 172 23 30 0.8833435 
384 148 13 17 0.8787902 
69 226 40 54 0.8374706 
600 147 11 14 0.83431727 
758 145 12 17 0.8043994 
959 164 17 19 0.8004474 
705 111 10 14 0.79938257 
297 168 20 26 0.7993099 
620 146 13 17 0.7220295 
737 100 8 12 0.684738 
575 107 9 12 0.642771 
791 136 10 14 0.6423718 
661 134 13 17 0.6027752 
454 146 9 13 0.5970119 
885 178 15 19 0.51916414 
644 158 13 18 0.49034202 
550 106 10 13 0.3919074 
583 150 9 12 0.38169032 
591 169 10 14 0.35224682 
971 162 14 17 0.32588944 
324 197 17 22 0.29378054 
307 112 17 21 0.27544776 
788 168 15 18 0.2567578 
868 216 34 41 0.23689252 
826 210 24 37 0.23421547 
525 103 8 12 0.21002954 
654 140 13 17 0.20358872 
565 184 9 12 0.2021016 
736 138 10 14 0.2009942 
795 164 15 19 0.19692475 
514 114 13 17 0.19334276 
812 118 16 23 0.18008924 
817 376 62 49 0.17641866 
715 161 19 26 0.17186339 
761 222 31 37 0.1706323 
1008 172 13 20 0.16488813 
645 149 13 17 0.1605394 
434 174 9 12 0.15337533 
518 108 12 15 0.14632046 
792 168 23 28 0.14072034 
662 130 9 11 0.13959153 
616 144 12 15 0.13786654 
738 179 12 16 0.13638726 
376 169 13 17 0.13517934 
196 263 29 33 0.13091087 
784 606 80 63 0.12961811 
649 153 21 27 0.12506111 
53 237 49 70 0.114034116 
575 180 10 12 0.112643264 
711 132 11 14 0.108995326 
753 224 25 32 0.10469263 
594 137 8 10 0.10464441 
313 95 9 11 0.10010351 
418 23 23 27 0.09436036 
815 181 27 31 0.09087129 
710 140 13 15 0.08832307 
714 109 9 12 0.085910216 
438 169 9 11 0.079497755 
629 143 9 13 0.07639699 
370 18 26 27 0.075319335 
315 119 13 17 0.074340306 
788 178 27 31 0.072895646 
491 181 11 13 0.07136344 
578 150 9 11 0.07038661 
648 143 12 16 0.069517896 
764 143 16 22 0.067954086 
741 141 11 15 0.06780169 
570 109 8 12 0.065454364 
593 165 13 16 0.064709336 
583 174 9 11 0.06394234 
407 176 10 12 0.06328899 
653 144 23 28 0.063159585 
400 180 12 13 0.06207632 
580 179 10 13 0.060612466 
556 108 11 13 0.058612086 
511 110 12 15 0.057826463 
310 101 13 16 0.057321947 
809 118 12 16 0.05578553 
810 112 9 11 0.055479955 
609 209 15 18 0.05393995 
606 165 12 16 0.050852552 
802 119 21 28 0.050190873 
324 190 14 19 0.048911743 
504 115 10 14 0.047514834 
503 103 9 12 0.04747952 
593 141 10 13 0.047288507 
557 102 11 13 0.04616943 
28 0 13 11 0.04589266 
751 143 11 14 0.043732774 
560 203 8 11 0.0419018 
304 108 14 19 0.040806 
293 343 54 92 0.04007206 
818 583 117 105 0.039917253 
710 146 15 18 0.03949154 
512 120 11 14 0.039295036 
603 154 13 16 0.038406115 
181 265 41 51 0.038262654 
789 136 18 21 0.03794596 
801 163 17 23 0.037793692 
412 175 9 12 0.037778135 
451 143 9 13 0.037744112 
581 190 13 15 0.037699074 
559 197 11 14 0.037512597 
437 215 10 14 0.037494093 
589 93 9 11 0.036645327 
454 241 330 423 0.03659815 
314 108 14 20 0.036053404 
783 176 16 21 0.035772923 
587 194 15 16 0.035245966 
759 295 36 37 0.033756737 
388 189 13 13 0.033192378 
709 156 17 21 0.033142872 
525 112 12 19 0.03228755 
432 178 9 11 0.03224594 
990 189 15 19 0.03046481 
349 306 28 33 0.030213352 
737 162 14 17 0.030162014 
904 207 26 33 0.029605849 
559 97 9 11 0.029332628 
560 128 10 12 0.02902513 
547 103 9 13 0.028982537 
354 28 12 16 0.02892391 
853 246 28 33 0.02882522 
322 15 26 27 0.028631987 
878 584 62 83 0.028608752 
933 181 12 16 0.028427292 
702 121 11 14 0.027908161 
809 78 9 10 0.027422143 
1013 167 11 18 0.02732996 
599 212 14 16 0.027187873 
981 189 26 29 0.027135588 
551 190 9 13 0.027094545 
791 113 9 12 0.026975783 
504 109 10 14 0.026884995 
698 115 11 15 0.02642804 
826 201 18 28 0.026407817 
429 98 16 21 0.025971055 
28 352 45 65 0.025786476 
559 180 18 22 0.025345689 
305 103 11 15 0.025304211 
584 145 10 12 0.02513712 
568 115 9 12 0.025129942 
575 82 97 118 0.024993623 
189 248 26 33 0.02494164 
47 13 11 12 0.024939666 
664 138 13 17 0.02468919 
885 157 9 13 0.024399646 
800 124 12 14 0.024384698 
459 149 9 12 0.024093525 
390 171 12 14 0.024084304 
315 410 15 21 0.023771416 
11 0 14 12 0.023600142 
628 164 13 17 0.023447324 
369 155 14 18 0.02338238 
518 103 19 26 0.023349905 
697 125 10 13 0.023147093 
404 187 12 14 0.023110235 
188 248 15 19 0.022954067 
437 148 11 14 0.02291702 
498 115 11 15 0.022617573 
511 103 11 14 0.022229258 
575 187 11 14 0.022156984 
580 104 9 11 0.022081295 
449 143 19 23 0.022062723 
821 213 17 25 0.021786798 
396 185 14 15 0.021706307 
498 103 8 12 0.021686735 
551 126 8 11 0.021643324 
329 193 24 27 0.021596354 
204 252 15 20 0.021414552 
374 233 13 17 0.021349499 
571 104 19 24 0.021333722 
589 157 12 14 0.02124176 
424 182 8 10 0.021235863 
607 200 11 14 0.021182835 
825 169 28 33 0.021061348 
527 120 11 15 0.021003203 
854 231 34 35 0.020898828 
661 274 13 21 0.020804271 
438 158 10 12 0.020725891 
816 101 9 13 0.020580145 
929 609 34 57 0.020545376 
701 138 13 16 0.020383896 
188 231 14 22 0.02037664 
598 140 18 23 0.020222893 
227 317 162 230 0.020080198 
723 173 21 28 0.02005965 
