11_Meeting_Meeting_11_Meeting_Meeting_11_702
288
747 319 60 71 0.99932253 
823 152 27 32 0.99930453 
623 191 30 40 0.99867237 
407 203 29 33 0.99866676 
441 297 52 61 0.9981325 
578 178 24 30 0.99759716 
793 186 34 42 0.9974087 
5 297 37 41 0.9962909 
889 244 48 54 0.9958871 
120 213 26 28 0.9958586 
888 161 37 41 0.99565154 
679 256 43 55 0.9952754 
718 165 26 32 0.9943473 
374 127 16 20 0.99149996 
668 149 22 26 0.9904095 
418 239 38 48 0.988305 
768 133 24 30 0.98765326 
713 129 19 24 0.9860859 
507 132 16 20 0.98589456 
376 186 24 28 0.9857071 
401 141 17 24 0.98519796 
330 132 16 19 0.98336154 
544 160 20 24 0.9780423 
959 181 43 45 0.975339 
912 120 22 27 0.9750539 
803 120 19 24 0.9750113 
-1 213 20 31 0.9730228 
943 113 20 24 0.95783734 
617 139 21 25 0.9543252 
943 144 25 29 0.95130676 
879 108 15 18 0.9479627 
683 122 19 25 0.9391527 
359 167 20 24 0.93896973 
981 99 13 16 0.924283 
835 116 14 19 0.918481 
859 127 21 25 0.9183393 
480 131 13 17 0.9095328 
782 108 13 17 0.90448564 
657 120 18 23 0.90271497 
525 141 18 23 0.8945116 
814 95 12 15 0.8750485 
984 125 24 28 0.8504222 
22 195 25 28 0.8401767 
899 97 15 18 0.83014256 
345 158 14 18 0.8028049 
698 108 12 15 0.72372216 
752 111 13 18 0.6925063 
570 126 15 19 0.62212366 
800 75 11 13 0.61566854 
935 94 11 15 0.42139402 
47 171 21 25 0.4012863 
336 214 11 15 0.36038995 
751 69 10 13 0.33362824 
603 126 16 19 0.2926363 
914 69 13 15 0.26860654 
533 119 13 15 0.2557979 
344 190 11 14 0.25120804 
924 99 12 16 0.25078267 
159 414 22 26 0.23080386 
583 324 35 40 0.22548749 
116 361 18 23 0.22541489 
471 169 14 17 0.20423315 
614 170 22 26 0.19002603 
876 131 15 18 0.18860793 
511 134 20 25 0.18751238 
466 198 20 25 0.18540315 
150 364 16 20 0.18507724 
168 412 22 25 0.17076342 
773 73 9 10 0.16779855 
632 118 11 15 0.16279836 
1012 111 10 16 0.16167483 
805 73 11 13 0.1611724 
1000 104 11 14 0.15888527 
769 74 10 12 0.1525604 
594 100 11 15 0.15044856 
347 281 16 18 0.1453753 
352 221 11 15 0.1434984 
530 194 23 29 0.1409209 
792 72 7 9 0.13046664 
349 272 25 27 0.1216405 
785 72 7 9 0.11942449 
1001 125 18 27 0.11750151 
319 227 12 15 0.1172917 
994 112 21 26 0.11696788 
997 108 16 19 0.115663856 
540 119 10 13 0.115118854 
892 140 16 20 0.108457275 
378 77 9 13 0.10325333 
786 102 13 15 0.09674307 
700 158 16 22 0.09565649 
637 123 13 17 0.0931011 
423 172 11 16 0.088828355 
585 389 46 52 0.087862276 
647 120 20 25 0.087432496 
476 194 16 22 0.08706483 
813 75 10 13 0.08405601 
608 396 27 35 0.07863993 
404 175 18 20 0.07497752 
463 123 12 14 0.074818745 
813 101 15 19 0.0741035 
720 94 10 13 0.07403117 
1005 110 16 21 0.0729932 
1010 128 14 21 0.07161726 
325 221 12 16 0.07085093 
571 328 38 52 0.0694144 
915 64 11 14 0.06903152 
693 112 15 21 0.06782843 
208 363 12 16 0.067762315 
643 128 15 20 0.06552333 
349 162 19 26 0.06546917 
605 135 20 27 0.06408093 
824 79 10 12 0.062401056 
862 278 27 34 0.061454847 
468 118 11 13 0.060669214 
527 122 15 17 0.058741827 
956 147 25 31 0.058397893 
756 61 10 14 0.058181956 
649 148 23 28 0.05771483 
906 76 23 27 0.05705912 
428 172 12 15 0.056981154 
356 245 12 15 0.05689293 
775 111 16 19 0.05647024 
636 88 14 18 0.055288408 
335 251 11 13 0.0551032 
205 417 12 15 0.052985575 
472 95 9 10 0.05068943 
454 144 11 14 0.050657038 
912 134 23 27 0.050120182 
349 180 10 14 0.049561184 
185 263 28 30 0.0494652 
483 189 14 19 0.048175886 
185 412 14 19 0.04689994 
448 120 10 13 0.04661295 
453 119 12 14 0.04627468 
523 219 15 19 0.046087794 
366 172 21 28 0.04607515 
811 156 25 31 0.04601931 
606 168 16 21 0.04571963 
1006 349 20 35 0.04497999 
661 110 15 18 0.044712674 
922 78 13 15 0.044518203 
339 229 11 13 0.044462964 
538 207 25 31 0.044125687 
898 85 23 28 0.04336752 
521 203 24 30 0.043320417 
707 158 22 31 0.043143682 
490 324 25 38 0.043126818 
553 332 35 52 0.042698022 
836 124 15 19 0.042598374 
618 162 17 23 0.042495605 
971 153 16 20 0.041588403 
549 102 13 15 0.041475475 
122 353 16 23 0.041228924 
949 299 26 34 0.04120349 
792 75 9 12 0.04116882 
986 96 12 14 0.040717162 
874 165 26 33 0.040254463 
974 105 16 18 0.039768577 
996 7 31 35 0.039653547 
742 61 11 13 0.03959984 
979 111 23 28 0.039323926 
311 271 9 13 0.03854805 
120 309 12 15 0.038468212 
323 181 11 15 0.038124487 
561 295 33 32 0.037761416 
101 227 15 19 0.0376432 
132 138 14 14 0.037553877 
785 76 8 10 0.037137058 
757 56 9 11 0.037125874 
21 222 15 20 0.037124824 
446 97 8 10 0.03704473 
42 172 14 17 0.036769956 
336 136 15 18 0.036697347 
747 61 19 25 0.036425054 
456 102 8 10 0.036246184 
358 147 13 15 0.03606185 
478 94 9 10 0.035571814 
853 115 14 17 0.035427023 
839 103 12 15 0.035348035 
416 173 19 24 0.035099376 
939 160 32 39 0.03499947 
963 112 15 19 0.03476559 
199 417 13 19 0.03471086 
439 101 10 11 0.034178823 
52 325 31 38 0.034168717 
52 192 18 20 0.0338816 
932 116 22 28 0.033629775 
766 86 10 13 0.033499382 
178 356 12 13 0.033299282 
143 364 14 18 0.033296593 
421 101 11 12 0.03310991 
166 341 11 14 0.032613423 
984 104 19 23 0.0325829 
845 77 10 13 0.032379672 
462 103 9 9 0.032277275 
977 137 26 32 0.03220835 
696 94 10 12 0.032187887 
647 144 16 21 0.032123305 
977 94 13 15 0.032018214 
620 177 22 26 0.032016546 
56 183 15 19 0.031722974 
44 277 26 29 0.031408712 
119 258 23 30 0.031303596 
27 184 26 30 0.031099403 
918 93 15 18 0.030956322 
471 101 10 11 0.030738702 
339 218 12 15 0.030588409 
805 163 17 21 0.030572653 
826 83 12 15 0.030048748 
349 132 14 15 0.02986277 
914 106 23 27 0.02934944 
531 134 15 18 0.02918719 
343 183 12 16 0.02865636 
410 185 19 21 0.02845924 
830 91 12 14 0.028356507 
710 114 13 18 0.02813606 
34 229 23 28 0.02797287 
855 143 25 28 0.027722463 
547 116 11 14 0.027710974 
1001 140 24 28 0.027562488 
673 194 23 28 0.027429588 
227 128 16 19 0.027321262 
454 199 23 27 0.027196117 
474 176 17 20 0.027168086 
918 78 21 26 0.0271138 
883 135 16 21 0.026647238 
465 170 11 16 0.026118927 
343 152 12 14 0.02603055 
765 92 11 13 0.025975158 
855 136 16 20 0.025954599 
296 229 12 15 0.025836179 
546 337 24 40 0.025799254 
566 118 16 19 0.025443561 
495 118 11 13 0.025109611 
742 56 9 12 0.025040327 
502 116 11 14 0.02496723 
665 116 14 18 0.024792442 
145 423 24 25 0.024743441 
784 94 12 14 0.024661215 
569 92 11 15 0.02461079 
675 176 16 19 0.024391554 
461 128 14 17 0.024368495 
197 379 10 13 0.024238883 
131 311 29 33 0.024209471 
981 183 30 36 0.024191162 
149 380 12 14 0.02404577 
135 261 31 39 0.023890046 
863 157 27 33 0.023447696 
438 123 11 13 0.023291849 
45 180 17 22 0.023259172 
841 115 13 17 0.023197712 
947 121 26 32 0.023197038 
731 110 11 14 0.023114242 
973 120 24 28 0.023060758 
806 83 11 13 0.022995716 
981 108 36 51 0.02288518 
383 100 12 14 0.022654029 
696 84 11 14 0.022396524 
356 139 15 18 0.022383336 
995 157 25 31 0.022337519 
26 220 20 25 0.022327011 
110 368 16 19 0.022080647 
172 371 14 16 0.022028983 
784 87 9 11 0.02190605 
182 378 12 14 0.021854118 
178 407 17 20 0.021792458 
0 387 29 37 0.021750983 
900 124 26 30 0.021581316 
539 282 47 48 0.021568043 
355 132 14 17 0.02132214 
390 124 13 15 0.021303033 
931 144 17 20 0.021225315 
853 167 28 32 0.02091231 
349 219 20 24 0.020891082 
131 361 14 19 0.020819554 
877 122 16 20 0.020792555 
847 281 31 37 0.02079183 
429 122 13 15 0.020748261 
966 65 10 12 0.020649632 
508 117 13 15 0.02058795 
951 197 31 36 0.020541504 
464 120 20 22 0.020534942 
554 107 12 14 0.020406619 
113 341 25 30 0.020332176 
367 195 13 17 0.02031705 
168 369 12 16 0.020303557 
617 388 15 18 0.020267924 
922 142 17 22 0.020227417 
