58_Hockey_icehockey_puck_58_692
34
444 68 61 73 0.9988274 
566 89 57 69 0.8510692 
592 108 57 61 0.18400598 
418 81 15 22 0.11335598 
250 51 41 62 0.09480125 
563 112 36 47 0.0908574 
138 46 38 48 0.08406294 
147 37 31 36 0.0687786 
413 72 26 39 0.0629231 
333 282 25 28 0.06045489 
389 89 14 19 0.055616226 
700 161 30 38 0.05525045 
321 101 30 33 0.054237388 
324 107 17 20 0.05109277 
394 70 40 56 0.050982818 
388 90 24 36 0.04891643 
707 171 33 36 0.042960867 
791 7 53 58 0.036028273 
394 252 17 23 0.031040406 
155 47 18 21 0.030812522 
107 61 28 35 0.030030152 
693 150 29 35 0.029030604 
582 67 64 85 0.028826088 
380 81 43 57 0.028397234 
613 46 63 82 0.027646003 
105 152 46 63 0.026736133 
318 114 16 20 0.025839984 
318 112 45 51 0.02542603 
386 75 27 36 0.02455296 
401 49 46 64 0.024013996 
123 55 39 50 0.02340841 
645 42 53 76 0.022709418 
376 258 33 39 0.022323797 
615 123 39 41 0.021354703 
