58_Hockey_icehockey_puck_58_880
61
642 275 19 25 0.8827458 
393 312 24 27 0.80067074 
615 316 23 29 0.6937248 
921 277 23 31 0.3994439 
735 302 15 21 0.3330069 
339 327 17 19 0.33019367 
716 315 24 28 0.14947239 
910 402 13 17 0.11417473 
946 280 31 35 0.10917133 
776 93 13 15 0.07140876 
725 304 21 26 0.068858646 
388 319 20 22 0.06202586 
677 322 12 14 0.05618808 
327 326 25 28 0.055075124 
933 275 32 35 0.054073848 
679 309 10 13 0.053293988 
384 323 13 17 0.05013787 
1012 283 12 20 0.048221014 
743 296 21 32 0.047117062 
665 350 9 12 0.046022948 
328 339 12 14 0.044636678 
601 328 28 29 0.040955853 
807 95 11 13 0.03988586 
717 308 15 19 0.039621018 
1006 372 16 21 0.038210295 
668 343 10 13 0.037778478 
753 92 14 17 0.03634504 
497 139 10 11 0.03393853 
604 322 18 21 0.03165426 
388 324 29 30 0.031071054 
971 287 16 22 0.030915793 
331 337 25 26 0.030161161 
648 366 10 12 0.02980835 
663 354 10 13 0.028696813 
961 288 18 22 0.0284787 
918 266 40 51 0.028387679 
639 271 15 20 0.02735754 
674 318 11 15 0.027181257 
673 303 10 13 0.026850808 
602 347 16 16 0.026342442 
901 410 14 18 0.02634215 
416 366 9 11 0.02508546 
683 311 10 13 0.02486134 
332 354 14 16 0.024719639 
438 403 11 13 0.024691155 
327 347 14 17 0.0241015 
327 327 13 16 0.02363477 
664 134 13 16 0.023518423 
620 311 15 19 0.023340847 
551 166 11 13 0.023098694 
342 319 12 16 0.022705868 
718 294 12 16 0.022392487 
723 299 36 46 0.022371553 
903 398 13 18 0.021439467 
801 93 11 14 0.02138607 
596 329 18 19 0.021304524 
683 317 11 14 0.021302685 
940 394 11 14 0.02108471 
595 325 48 45 0.020872703 
830 95 10 13 0.020584 
657 350 11 12 0.020227231 
