58_Hockey_icehockey_puck_58_671
72
307 241 23 29 0.97994035 
570 251 27 30 0.95950854 
271 256 28 47 0.94823295 
394 260 16 22 0.85778046 
413 259 14 18 0.19535966 
525 275 31 36 0.18063763 
628 326 25 33 0.15965006 
630 332 15 20 0.10638025 
596 245 12 17 0.10384368 
291 243 34 49 0.07305518 
282 249 25 40 0.06424849 
579 243 25 32 0.05296587 
623 320 41 54 0.051290885 
521 382 211 232 0.04864633 
1001 238 8 12 0.04858561 
782 148 78 134 0.040064674 
392 251 36 45 0.038860295 
668 201 16 18 0.03871209 
618 316 25 31 0.03852417 
645 317 47 57 0.038065393 
673 195 17 20 0.03376115 
414 414 53 60 0.033514127 
318 321 34 38 0.033268005 
636 221 24 29 0.03282889 
367 293 12 15 0.032338288 
524 286 17 20 0.03177608 
742 141 82 124 0.03091063 
659 144 14 17 0.030421104 
633 324 17 21 0.029318385 
793 288 33 33 0.029184656 
386 436 56 54 0.028142042 
557 315 17 21 0.028136143 
402 265 385 396 0.0276476 
621 335 27 35 0.027353728 
640 213 11 15 0.026840793 
481 223 29 32 0.026018081 
646 332 29 36 0.025871295 
465 219 10 15 0.025473168 
598 281 24 30 0.02531963 
676 189 13 16 0.025174664 
433 203 15 19 0.024843493 
288 263 30 44 0.024817742 
629 14 22 23 0.024775824 
588 271 25 35 0.02472024 
321 268 42 51 0.024499055 
372 351 61 55 0.024456726 
664 204 12 15 0.024315033 
630 245 12 16 0.024296459 
630 221 10 12 0.024025831 
624 338 12 17 0.023618354 
349 172 17 19 0.023239434 
937 391 9 11 0.023206424 
151 -14 126 123 0.023157666 
546 299 38 45 0.023134707 
465 277 26 32 0.022371091 
496 361 41 50 0.02223643 
546 249 17 22 0.022210725 
658 336 29 34 0.021776814 
321 73 56 87 0.02127893 
503 260 12 15 0.02111771 
634 233 24 30 0.02106718 
509 273 15 20 0.021017076 
338 284 16 20 0.02088956 
306 0 48 41 0.020872701 
484 241 16 20 0.020857196 
560 132 14 18 0.020695576 
508 265 14 17 0.020683788 
869 414 9 11 0.020639354 
340 189 15 17 0.020591903 
337 40 83 113 0.020577192 
491 226 19 20 0.020016061 
572 260 30 39 0.020005045 
