58_Hockey_icehockey_puck_58_592
35
182 330 16 22 0.9656614 
966 396 29 31 0.9577644 
542 350 25 28 0.91650146 
716 332 12 15 0.7647299 
692 356 15 17 0.49668026 
864 345 12 16 0.2603173 
179 372 14 17 0.071597 
669 371 16 18 0.05447299 
177 314 12 15 0.049606644 
649 376 10 12 0.04628476 
853 347 13 16 0.043884348 
685 373 14 16 0.041013766 
677 390 12 13 0.039054792 
813 392 12 17 0.03811814 
457 488 11 13 0.037589327 
851 353 14 17 0.034881677 
702 390 9 12 0.0341522 
1001 298 16 18 0.03152364 
531 413 41 57 0.028111368 
877 346 12 17 0.027824346 
427 213 388 439 0.02738941 
981 317 12 18 0.02731153 
535 399 8 10 0.02711131 
691 371 13 16 0.026336933 
661 374 27 28 0.024963457 
697 388 10 13 0.024658322 
567 493 11 14 0.02344769 
471 383 8 11 0.023400102 
711 336 14 16 0.022308525 
692 379 11 13 0.022100909 
863 347 21 25 0.021999985 
968 484 13 15 0.021974606 
828 348 14 16 0.021681888 
633 384 9 11 0.021030286 
710 408 8 11 0.020514116 
