58_Hockey_icehockey_puck_58_221
83
1 695 53 70 0.99813384 
253 332 42 62 0.99625236 
95 359 56 72 0.9958229 
657 462 49 58 0.9929248 
208 468 51 75 0.99189866 
8 458 45 57 0.9880101 
111 455 53 68 0.9879111 
740 158 33 51 0.97964764 
453 522 72 90 0.9788963 
579 33 43 53 0.9574994 
0 74 33 47 0.95037687 
79 581 53 64 0.94129467 
0 192 31 59 0.90994954 
547 486 35 48 0.8421908 
51 192 49 60 0.8254522 
825 144 37 50 0.7980738 
203 202 38 48 0.7920309 
894 476 41 54 0.7272827 
122 79 39 69 0.64588803 
364 288 40 50 0.6394219 
51 71 39 48 0.52760917 
311 242 46 54 0.36787367 
830 475 31 43 0.3480468 
112 341 49 70 0.2700846 
17 67 37 54 0.26606742 
128 332 32 49 0.17800325 
608 642 20 21 0.16878179 
376 274 50 75 0.13312383 
488 461 36 49 0.13135667 
738 661 45 52 0.12860914 
118 413 47 63 0.12828389 
345 273 46 65 0.10413786 
470 244 62 67 0.09421985 
36 67 36 53 0.0721992 
617 -5 46 47 0.071196735 
686 209 37 50 0.068364955 
196 714 15 19 0.06757272 
114 54 66 111 0.064596355 
477 299 52 59 0.062932454 
497 934 46 59 0.062837325 
344 296 25 35 0.049702164 
269 113 56 72 0.044319235 
437 536 26 35 0.042648308 
508 467 26 34 0.04009242 
670 652 30 37 0.039792836 
574 70 49 64 0.038538285 
829 244 54 65 0.037268262 
156 154 45 62 0.035117738 
142 332 35 49 0.033326417 
967 1153 23 32 0.033009585 
516 471 15 20 0.03207878 
147 750 24 30 0.0318391 
603 644 30 32 0.031396963 
302 269 47 60 0.030427067 
396 274 56 74 0.02938852 
64 585 44 47 0.028398866 
298 280 15 19 0.027888149 
170 179 49 67 0.026764948 
276 253 50 55 0.025499083 
288 274 28 32 0.024902321 
593 388 46 57 0.024853503 
466 472 52 70 0.02426547 
903 466 57 76 0.024208173 
883 113 39 49 0.023925496 
854 313 43 54 0.023775911 
258 291 47 58 0.023674378 
129 480 55 70 0.023643969 
472 467 39 40 0.023221886 
844 149 31 41 0.023177411 
235 447 48 74 0.022764008 
744 479 32 40 0.022667907 
511 936 27 36 0.022437664 
1 20 11 17 0.022284491 
276 285 47 56 0.021972505 
443 551 14 19 0.021745661 
522 469 49 66 0.021654682 
519 252 40 43 0.02126315 
143 503 54 64 0.021107698 
149 729 16 20 0.020919275 
237 394 35 44 0.020876022 
58 374 42 60 0.0204228 
428 262 99 111 0.020359602 
299 267 31 39 0.020218102 
