58_Hockey_icehockey_puck_58_835
75
310 412 35 44 0.9979938 
164 398 36 47 0.9979715 
677 250 30 38 0.9978077 
149 246 31 37 0.99762946 
444 239 32 38 0.99749434 
357 177 29 37 0.99743855 
515 243 30 36 0.99691063 
770 257 30 40 0.9967596 
246 245 32 40 0.9967108 
355 239 34 41 0.9966838 
439 410 37 50 0.9965558 
852 407 37 47 0.99653625 
216 181 29 39 0.9964394 
876 306 32 39 0.9962919 
561 404 37 46 0.9953869 
702 404 36 43 0.9953237 
450 179 27 33 0.9944944 
600 247 30 36 0.9943416 
553 184 28 34 0.9941282 
290 174 29 37 0.99384946 
52 308 38 49 0.9927933 
626 197 25 32 0.9856542 
693 202 26 32 0.9846986 
762 213 26 34 0.9843603 
573 270 11 15 0.22221471 
549 257 16 22 0.20184986 
663 180 13 18 0.17409799 
597 324 12 16 0.14083587 
406 446 14 17 0.10568556 
652 359 30 32 0.08512323 
621 326 12 16 0.080595255 
362 550 18 20 0.05674832 
799 347 12 17 0.048165433 
767 331 23 30 0.04237853 
968 224 7 8 0.04197284 
661 228 14 18 0.037431568 
532 247 23 31 0.036980968 
668 228 15 19 0.035033014 
276 193 13 20 0.03310358 
489 512 32 42 0.0317338 
657 228 12 16 0.031088198 
421 444 12 16 0.030919386 
627 431 23 30 0.030652612 
256 540 26 33 0.030435847 
616 428 24 33 0.030398084 
569 264 19 25 0.03030743 
558 256 22 27 0.029674957 
957 214 8 9 0.028157348 
392 360 28 32 0.027598375 
77 482 16 20 0.027269837 
676 328 12 17 0.027116826 
350 504 12 17 0.026600132 
575 329 11 14 0.026477788 
816 206 8 10 0.02636105 
647 443 13 16 0.025245244 
688 319 28 36 0.024848256 
701 191 26 30 0.02424826 
641 538 24 32 0.024044065 
205 493 11 15 0.023844132 
714 209 15 21 0.023752302 
905 553 30 32 0.02363553 
795 341 20 27 0.023452044 
831 207 7 9 0.023162493 
690 408 29 37 0.023089977 
841 206 7 10 0.022471862 
1000 213 7 9 0.022459919 
277 184 22 31 0.022237405 
269 194 14 19 0.022072481 
415 438 20 27 0.02170407 
301 422 28 36 0.021578636 
563 361 30 33 0.021421092 
704 206 24 32 0.021175059 
828 416 22 34 0.021101244 
525 222 11 16 0.021076703 
580 178 12 17 0.02094147 
