58_Hockey_icehockey_puck_58_469
316
551 210 35 42 0.99456376 
368 239 38 41 0.99031126 
338 112 16 21 0.97271323 
88 2 17 21 0.96079105 
163 81 17 23 0.9546889 
304 55 17 22 0.95092934 
481 87 16 21 0.9344274 
24 82 20 26 0.93204004 
619 110 21 26 0.9295522 
67 92 19 26 0.9222965 
333 73 19 23 0.909526 
414 24 19 24 0.9043628 
464 11 18 22 0.8882197 
101 83 18 23 0.8876531 
647 113 17 22 0.88724136 
571 105 19 21 0.8782789 
398 85 20 24 0.8399328 
499 22 14 19 0.8269245 
783 157 16 21 0.81353056 
4 45 20 28 0.78597385 
551 139 19 24 0.76247376 
215 58 20 24 0.7419105 
258 48 15 19 0.69674456 
828 118 16 20 0.6755516 
888 68 13 17 0.6494074 
721 22 16 21 0.62878454 
357 61 18 20 0.6082933 
739 134 14 18 0.60637057 
130 11 17 22 0.59483755 
684 26 13 17 0.55869716 
902 164 13 18 0.533259 
926 154 14 18 0.50140375 
839 162 12 18 0.49250254 
701 170 23 28 0.44149926 
867 117 14 17 0.43994534 
478 0 14 19 0.42753774 
627 178 18 21 0.4125691 
524 164 15 20 0.40421873 
879 93 11 13 0.35986114 
622 0 13 13 0.3455853 
78 177 21 25 0.2897975 
264 69 12 15 0.27974695 
862 159 14 19 0.2700762 
1 111 22 29 0.26574054 
291 173 13 16 0.25269023 
111 179 16 20 0.24924572 
279 133 10 13 0.23222242 
949 75 14 18 0.23194945 
428 174 13 17 0.23145248 
372 90 13 18 0.2166238 
604 18 17 20 0.21318078 
924 124 11 14 0.21178585 
162 28 14 19 0.21058638 
856 186 14 17 0.20982523 
201 11 16 20 0.20073013 
0 59 19 32 0.20037752 
904 115 12 16 0.18438269 
823 70 13 17 0.16253644 
293 130 14 18 0.15887977 
856 18 10 13 0.1575856 
57 159 15 17 0.13464618 
581 -1 14 13 0.117193855 
916 176 14 16 0.11266353 
460 178 15 22 0.10781045 
309 109 21 25 0.105145514 
16 76 21 30 0.10487174 
158 184 23 27 0.10205086 
501 498 29 35 0.09642329 
908 170 13 17 0.08864952 
220 48 22 28 0.08788496 
633 110 21 26 0.08608579 
287 124 13 16 0.0858343 
912 87 9 11 0.08581867 
303 93 11 13 0.08085743 
877 22 11 15 0.08024579 
711 6 12 15 0.07508078 
150 49 13 16 0.07396328 
268 96 22 26 0.07324981 
108 147 10 14 0.0722191 
20 137 13 17 0.07147523 
542 35 15 19 0.070985585 
487 9 22 26 0.069022946 
617 180 27 33 0.06876524 
588 0 14 12 0.06856629 
276 70 10 13 0.06691909 
601 265 51 67 0.066891454 
915 95 10 13 0.06480147 
548 9 16 20 0.06428643 
480 3 22 28 0.06358431 
157 157 9 13 0.06303666 
619 100 18 21 0.0620436 
662 137 17 22 0.06123926 
91 200 15 17 0.061167736 
921 121 10 13 0.06024579 
852 146 15 19 0.06001896 
852 154 16 22 0.059442133 
235 104 17 21 0.05907871 
508 0 12 12 0.058937244 
137 16 14 19 0.05867439 
948 116 13 16 0.058157813 
521 213 23 28 0.057923574 
127 4 16 20 0.0571051 
222 289 12 14 0.05701132 
560 143 15 21 0.05583571 
354 172 13 16 0.05577925 
366 180 16 20 0.055772416 
51 182 16 18 0.055291224 
287 167 13 16 0.055091668 
832 162 13 18 0.055073623 
844 155 14 22 0.05402755 
827 149 14 18 0.053951107 
760 13 13 14 0.05359161 
181 193 13 18 0.053013053 
473 5 16 24 0.05276869 
240 151 12 13 0.05156008 
182 126 11 14 0.050883565 
693 153 13 17 0.050669566 
49 193 16 19 0.047781188 
309 120 16 20 0.046798974 
731 200 17 16 0.04658072 
726 306 15 20 0.046236463 
936 183 10 13 0.04539089 
1 75 16 24 0.04520517 
548 0 12 12 0.0447944 
534 43 14 17 0.04439468 
506 512 18 22 0.04346462 
296 122 20 27 0.04298308 
222 365 9 13 0.042183634 
729 301 38 47 0.04216995 
12 148 13 15 0.04200351 
576 0 13 12 0.041845027 
423 177 13 17 0.041561384 
237 33 13 16 0.04069556 
126 98 13 17 0.040651172 
114 5 23 28 0.040624127 
901 42 11 14 0.040550347 
510 162 12 16 0.04017979 
471 88 16 20 0.04014571 
502 146 15 19 0.03966625 
881 190 11 14 0.039548088 
323 109 20 25 0.039524548 
262 70 19 24 0.03913252 
782 90 15 17 0.038982432 
610 170 27 34 0.037635013 
401 -1 18 15 0.03752083 
858 14 13 15 0.03749856 
597 23 16 20 0.03695524 
931 149 13 16 0.036553975 
521 520 22 29 0.036446113 
151 157 12 14 0.03644549 
543 0 12 11 0.036436215 
233 49 16 19 0.03600369 
502 0 16 19 0.035924733 
210 18 15 20 0.035485115 
497 10 20 26 0.035466768 
220 0 13 11 0.03536961 
906 109 12 16 0.035276107 
380 463 41 36 0.035198215 
237 162 14 18 0.035105996 
945 94 10 14 0.034953844 
268 62 10 14 0.034533005 
10 38 15 18 0.034205828 
499 58 16 19 0.03371292 
919 161 15 18 0.033645958 
143 51 12 16 0.033509217 
531 59 16 19 0.033173107 
277 164 11 15 0.032913998 
533 2 15 16 0.032716017 
707 159 26 31 0.03250444 
875 44 11 14 0.032236665 
21 145 13 16 0.03218002 
505 19 14 20 0.032105833 
934 143 11 13 0.03200976 
12 352 166 217 0.03193016 
6 130 13 19 0.031799752 
547 52 16 21 0.031723954 
805 248 15 18 0.0316898 
10 123 20 28 0.03137679 
230 332 11 14 0.031343594 
682 176 13 18 0.03090969 
939 147 12 15 0.030688528 
728 190 27 28 0.030364404 
104 142 11 15 0.030348068 
501 165 13 16 0.03010234 
261 56 13 16 0.02972741 
583 105 14 20 0.029553045 
667 195 14 19 0.029504035 
156 181 17 20 0.029342685 
979 220 13 16 0.029292261 
782 98 15 19 0.02922374 
171 200 15 17 0.02918629 
601 25 23 27 0.029149476 
949 175 11 14 0.029098988 
951 157 10 14 0.02908082 
328 165 10 12 0.029033808 
610 13 16 20 0.029028647 
492 140 13 17 0.02885348 
883 99 11 13 0.028689122 
922 179 12 15 0.028513802 
327 78 17 21 0.028480982 
230 291 12 15 0.028363127 
160 306 95 125 0.028340036 
927 144 10 13 0.0283372 
417 1 17 18 0.028291387 
822 51 11 13 0.028258413 
302 103 22 27 0.02807428 
873 28 12 15 0.02802088 
84 162 16 18 0.027943129 
118 150 14 16 0.027875666 
428 162 17 22 0.027873104 
665 5 15 19 0.027866231 
131 21 16 21 0.027708199 
714 306 24 29 0.02767737 
881 68 12 16 0.027583795 
147 185 23 31 0.027514203 
133 82 15 18 0.02694607 
405 139 13 16 0.026760185 
454 28 20 26 0.026608923 
293 118 12 16 0.02657898 
896 39 11 14 0.026528941 
132 97 14 18 0.026445653 
368 172 17 20 0.026287423 
934 102 11 15 0.02627056 
532 49 15 20 0.026238972 
151 90 13 16 0.026214896 
163 38 15 20 0.026212862 
844 38 11 13 0.026078701 
866 187 11 15 0.025966076 
398 149 11 14 0.025940133 
207 5 25 26 0.02592902 
741 0 13 12 0.025878003 
507 153 15 20 0.025869925 
107 8 17 20 0.025839444 
974 148 11 14 0.025773307 
945 71 12 16 0.025674138 
935 83 10 14 0.025584621 
904 103 11 14 0.025559288 
911 99 12 15 0.02551063 
853 0 14 13 0.02532066 
168 186 19 23 0.025038583 
543 142 18 22 0.024822446 
188 74 13 16 0.024525052 
488 71 21 26 0.02443105 
637 0 14 13 0.024338875 
150 26 13 17 0.024323955 
462 89 14 18 0.02429993 
829 52 10 12 0.024283113 
452 156 13 14 0.024063999 
237 28 21 29 0.024061665 
296 90 12 16 0.023822794 
155 49 14 17 0.023755657 
350 63 19 24 0.023697149 
615 2 13 15 0.023583857 
787 104 14 19 0.023326972 
369 60 17 21 0.023268007 
165 199 15 17 0.023245407 
156 41 15 19 0.023222292 
620 294 30 34 0.023184545 
164 229 30 40 0.023070406 
98 7 16 19 0.023022732 
302 207 10 13 0.022918459 
365 86 15 19 0.022915086 
820 44 11 15 0.022902587 
812 165 11 14 0.02286557 
46 200 14 17 0.022792332 
818 36 12 15 0.022782415 
265 44 15 19 0.022772536 
296 212 12 15 0.022750597 
459 20 18 23 0.022742458 
738 190 29 32 0.022725832 
787 45 14 18 0.022707237 
546 26 17 21 0.022683049 
301 117 14 17 0.022673339 
829 62 11 15 0.022595234 
847 13 11 14 0.022538008 
906 121 13 15 0.022533052 
526 45 13 16 0.02252361 
246 51 10 15 0.022495136 
540 0 21 23 0.022399692 
730 297 23 32 0.022171624 
447 153 12 15 0.022085538 
173 86 21 27 0.022025175 
517 157 15 20 0.021938037 
871 137 11 15 0.021931414 
507 169 15 18 0.021758735 
243 40 19 27 0.021716604 
740 297 15 20 0.021710621 
877 137 11 15 0.0216786 
279 188 14 16 0.021483444 
885 113 13 16 0.021459239 
928 42 11 14 0.021413127 
410 0 17 14 0.0214116 
931 125 11 14 0.021371482 
143 186 12 17 0.021326398 
218 3 18 19 0.021228688 
202 75 14 17 0.021188237 
727 -1 14 12 0.02102064 
537 52 20 27 0.020928366 
453 163 14 16 0.020859795 
899 130 15 19 0.020650575 
623 213 26 29 0.020637888 
856 71 10 12 0.020635907 
83 187 22 25 0.020632137 
117 17 13 18 0.020506706 
495 68 21 25 0.020501826 
628 488 22 27 0.02043279 
282 92 12 15 0.020427294 
326 173 11 13 0.020407267 
574 93 22 27 0.020359086 
882 20 11 14 0.020298017 
158 22 15 19 0.020280406 
236 293 13 16 0.02021581 
902 189 13 15 0.02011 
194 97 16 22 0.020096414 
996 177 14 18 0.020053536 
516 0 13 12 0.020017518 
