58_Hockey_icehockey_puck_58_475
32
568 235 34 47 0.9676136 
318 241 39 56 0.9496707 
681 428 17 22 0.17575687 
393 151 10 12 0.08073874 
782 290 45 51 0.077024266 
421 166 9 11 0.05572194 
152 153 7 9 0.04914407 
280 428 10 13 0.04169974 
795 402 16 22 0.04088345 
243 273 17 21 0.039984956 
300 420 10 13 0.03976058 
416 165 11 13 0.037853308 
423 139 9 11 0.03747218 
646 266 54 42 0.03669122 
168 306 11 14 0.033324398 
396 155 10 12 0.032878704 
223 282 14 16 0.03157084 
385 168 8 11 0.030099766 
415 136 10 11 0.029677747 
678 433 29 35 0.025553113 
885 148 45 55 0.025473228 
409 164 10 13 0.025140775 
637 269 96 92 0.02491446 
633 276 61 56 0.023980303 
308 261 35 47 0.022458736 
377 175 8 10 0.02233731 
622 268 51 50 0.022068644 
683 447 17 21 0.020661991 
408 159 9 12 0.020435339 
410 139 9 11 0.020311734 
145 157 9 11 0.020277547 
145 152 8 10 0.020104593 
