58_Hockey_icehockey_puck_58_245
60
612 196 30 37 0.9997309 
197 121 30 36 0.99971324 
811 54 29 36 0.9996972 
351 206 29 37 0.9996942 
380 103 29 36 0.9996892 
281 77 29 38 0.9996835 
408 82 32 38 0.99960965 
676 54 30 39 0.9995658 
473 115 32 39 0.9995178 
198 226 33 39 0.9993893 
840 200 28 35 0.9993563 
734 63 28 36 0.9993124 
253 204 30 39 0.9992173 
527 98 31 40 0.9991341 
612 366 28 37 0.9990128 
610 71 29 36 0.99896514 
678 290 29 37 0.99895227 
901 169 31 38 0.9988128 
103 95 32 38 0.9987118 
155 75 27 34 0.9986563 
884 48 28 33 0.99837434 
436 193 33 43 0.99661463 
98 189 33 37 0.99520314 
465 181 25 32 0.50629896 
774 247 16 24 0.21785367 
585 360 27 31 0.1193987 
346 113 15 20 0.097890556 
520 194 34 44 0.09448312 
721 87 15 21 0.0657107 
835 287 29 33 0.057578888 
557 75 22 27 0.055427294 
508 112 13 20 0.049849655 
388 230 26 31 0.045838606 
269 290 14 17 0.044512283 
418 141 16 21 0.0439947 
722 72 26 33 0.04212892 
610 291 23 29 0.04152497 
364 292 31 34 0.040471327 
726 264 22 30 0.037792422 
468 199 15 20 0.03703701 
157 262 30 32 0.03614672 
560 374 45 49 0.031083329 
725 195 12 14 0.02982933 
884 140 13 18 0.029609043 
899 349 16 24 0.029502444 
596 359 31 36 0.029392237 
978 314 24 32 0.027501391 
779 260 15 19 0.027293155 
726 279 15 20 0.026883235 
523 291 32 37 0.02673024 
597 435 15 18 0.02424204 
285 169 17 19 0.024235774 
756 206 24 28 0.023954242 
581 371 29 35 0.023633556 
185 180 483 412 0.022359785 
679 144 15 18 0.022263506 
157 157 21 28 0.021527283 
652 358 31 34 0.020951467 
528 263 40 49 0.020594386 
333 423 24 28 0.020418178 
