58_Hockey_icehockey_puck_58_655
36
858 75 68 90 0.9983517 
656 86 64 86 0.994351 
109 174 66 77 0.98776764 
286 210 76 80 0.9565629 
337 125 46 49 0.6141962 
972 2 47 37 0.547677 
8 259 39 59 0.12908563 
17 6 59 69 0.119131595 
496 53 56 70 0.093462646 
261 248 96 120 0.088837005 
654 347 104 131 0.0827282 
923 23 34 42 0.0804451 
830 446 35 38 0.06495591 
683 82 97 98 0.060705904 
147 272 58 65 0.060122207 
329 129 62 81 0.05007496 
487 29 53 64 0.045844287 
445 492 111 106 0.042366568 
960 3 63 69 0.037263826 
834 58 46 64 0.03602078 
4 129 29 41 0.03442367 
724 62 57 61 0.033558298 
169 360 26 29 0.031208677 
699 144 200 207 0.031073462 
946 0 46 36 0.029035514 
122 167 93 109 0.02822822 
29 268 31 41 0.024836715 
746 89 62 64 0.024381157 
365 203 15 20 0.024364676 
55 238 32 40 0.024334576 
275 300 64 74 0.022881718 
864 408 25 34 0.022553533 
35 234 43 55 0.021382438 
823 456 34 40 0.021164494 
717 128 61 65 0.0210421 
499 18 33 38 0.020635474 
