58_Hockey_icehockey_puck_58_926
127
568 105 58 69 0.99944717 
350 16 56 67 0.998858 
879 51 51 67 0.9982456 
217 218 60 70 0.9978371 
935 273 56 73 0.99569595 
397 323 56 67 0.99505544 
471 188 56 73 0.88810647 
603 380 67 74 0.862082 
459 417 66 82 0.7444266 
464 204 36 56 0.31506857 
578 352 107 118 0.3091008 
889 363 87 110 0.29264343 
611 260 48 55 0.28132933 
396 228 50 62 0.27643687 
963 137 40 57 0.24866457 
88 261 49 67 0.20180556 
814 390 44 67 0.17984502 
551 285 180 226 0.1771978 
690 495 50 62 0.1749177 
756 234 14 19 0.13981228 
646 474 40 55 0.13975471 
100 618 57 52 0.12913802 
774 484 25 30 0.1259539 
161 309 58 65 0.116966166 
275 95 142 126 0.11368957 
351 311 46 62 0.1092078 
806 233 54 59 0.10118373 
702 611 45 63 0.097628936 
680 374 47 57 0.0943252 
660 480 53 56 0.09165451 
376 313 54 70 0.088752516 
761 477 42 49 0.08781133 
725 428 33 41 0.084962055 
527 465 47 61 0.08324707 
501 383 35 43 0.07259162 
547 256 34 42 0.071517795 
877 350 62 77 0.06625218 
435 414 65 73 0.064786546 
537 230 55 64 0.06416305 
481 384 51 63 0.06220555 
592 257 85 90 0.05996828 
505 447 50 69 0.05916782 
24 242 55 64 0.056403585 
502 193 89 102 0.055939745 
143 300 54 60 0.05318106 
664 230 43 60 0.052674323 
603 284 105 112 0.050497297 
49 235 47 59 0.049167782 
61 263 85 96 0.04489634 
125 255 53 63 0.04177289 
958 131 32 44 0.04172133 
566 233 52 58 0.04147837 
702 358 48 61 0.040381346 
530 246 96 110 0.03935975 
254 92 39 33 0.038494635 
593 245 51 58 0.037724726 
630 259 37 41 0.037705734 
771 500 47 54 0.037611797 
343 388 42 52 0.036956087 
140 267 57 68 0.03643836 
640 378 57 68 0.035897814 
403 256 60 73 0.035828326 
762 605 28 34 0.03544552 
830 299 200 262 0.03426566 
699 371 28 38 0.033507597 
650 253 33 43 0.03343338 
702 489 30 38 0.032859497 
98 245 52 61 0.032426182 
716 341 57 68 0.032153893 
822 189 85 94 0.03214175 
73 438 18 22 0.03210204 
662 330 53 65 0.031767428 
104 285 59 68 0.030957343 
447 309 43 60 0.030953523 
850 161 59 62 0.030927606 
336 255 48 58 0.030467553 
170 309 95 94 0.029989237 
704 504 51 71 0.029914012 
851 280 30 37 0.02989221 
566 640 25 29 0.029236525 
64 249 49 61 0.029128425 
982 144 34 55 0.028782533 
204 51 228 218 0.028773148 
788 315 46 61 0.027763313 
533 232 36 42 0.027714644 
409 294 57 74 0.027642924 
748 314 47 60 0.027549516 
830 374 86 108 0.027417298 
498 198 44 54 0.02729923 
348 274 56 72 0.027230792 
638 262 59 66 0.027182579 
871 380 65 82 0.02694094 
857 187 58 63 0.026531462 
696 380 50 67 0.02634317 
625 321 65 69 0.02614148 
475 407 42 53 0.026050823 
864 338 54 67 0.025776265 
189 249 32 37 0.025616428 
10 233 87 101 0.025135536 
652 355 88 107 0.024667734 
811 194 55 66 0.024547772 
538 313 115 139 0.024286324 
651 302 58 67 0.024102082 
871 324 39 46 0.024096899 
809 330 57 71 0.023846017 
845 290 43 54 0.023750048 
860 273 40 55 0.023430286 
343 410 36 47 0.02307993 
814 193 28 41 0.022936134 
807 314 35 43 0.022891147 
684 228 38 50 0.022618787 
357 405 36 45 0.022510434 
8 316 121 166 0.022509832 
576 258 62 72 0.022273056 
907 268 47 62 0.021918109 
822 361 57 80 0.02183925 
686 478 41 44 0.021644298 
728 495 50 64 0.021618748 
880 269 43 59 0.021201171 
-29 292 324 387 0.021009268 
840 167 36 40 0.020925721 
737 462 85 99 0.020730771 
661 273 35 41 0.020508477 
818 416 59 80 0.020485273 
891 318 54 64 0.020353625 
375 239 59 67 0.020087143 
706 381 18 23 0.020036453 
