58_Hockey_icehockey_puck_58_285
62
567 172 36 45 0.9942504 
287 146 36 39 0.989188 
434 129 27 30 0.9771856 
568 95 19 23 0.9556764 
39 129 22 25 0.9063061 
964 262 48 52 0.83087707 
787 81 13 16 0.73308456 
607 169 23 30 0.3239974 
941 258 47 59 0.26618695 
315 117 18 23 0.2601587 
881 270 65 81 0.22909743 
69 176 40 37 0.16958062 
45 138 22 27 0.1484589 
315 109 15 19 0.11410846 
28 105 18 22 0.08531632 
856 64 8 11 0.062201496 
789 87 13 17 0.06139504 
29 113 24 29 0.060458876 
848 266 64 69 0.051409908 
789 118 11 14 0.041476052 
829 99 10 12 0.041343044 
888 70 10 12 0.040617038 
169 79 8 11 0.04048372 
847 280 36 41 0.040390998 
812 83 10 14 0.03968986 
794 82 13 17 0.039425865 
905 264 76 87 0.03717535 
893 68 10 12 0.03690389 
585 179 32 39 0.035125144 
841 77 10 13 0.033827417 
550 175 31 37 0.033007767 
797 116 12 16 0.032827493 
830 78 9 12 0.0326468 
555 152 43 56 0.032365426 
766 87 9 12 0.031357102 
197 223 383 497 0.030928083 
797 91 11 14 0.029986659 
541 178 25 30 0.029106256 
34 102 12 15 0.028803464 
558 86 10 15 0.02858235 
593 189 32 38 0.028565671 
49 145 25 30 0.02851027 
572 88 15 19 0.027604936 
134 -17 425 463 0.027123054 
319 94 11 13 0.026333692 
804 76 13 18 0.025978524 
419 129 19 25 0.024352606 
839 84 9 11 0.024045696 
805 101 11 14 0.024031598 
23 211 11 14 0.023854017 
964 80 13 17 0.023730056 
544 180 13 17 0.023695927 
30 96 10 13 0.02325414 
79 157 32 33 0.022877138 
846 71 9 12 0.022814648 
31 180 11 16 0.022119677 
901 330 38 43 0.02172871 
520 84 10 12 0.021562902 
421 132 31 35 0.020778345 
314 124 27 36 0.020767754 
387 195 354 472 0.020758582 
430 141 31 36 0.02068047 
