58_Hockey_icehockey_puck_58_182
23
376 171 52 63 0.9964135 
819 124 32 36 0.9522625 
622 93 28 32 0.92631465 
612 164 46 52 0.7592273 
873 191 41 54 0.1608892 
820 211 27 36 0.065414496 
857 211 52 68 0.05189666 
641 141 42 58 0.046686932 
668 140 38 55 0.045211773 
412 295 12 13 0.03722704 
617 206 32 35 0.03551582 
885 177 37 53 0.03331813 
678 235 36 44 0.029263956 
468 40 50 73 0.029127361 
613 223 31 39 0.02780476 
508 270 42 38 0.027273085 
837 164 38 51 0.026613059 
837 230 88 124 0.025238123 
678 63 43 62 0.023975145 
856 196 35 45 0.022647373 
632 158 33 46 0.022463094 
641 96 18 24 0.022327637 
871 271 59 83 0.020351557 
