58_Hockey_icehockey_puck_58_403
50
295 96 55 63 0.9739258 
253 110 55 69 0.61514884 
80 275 62 76 0.54057544 
575 211 64 74 0.5396818 
120 322 213 299 0.34001833 
990 159 30 35 0.3361199 
220 197 343 424 0.29903296 
263 237 32 38 0.24985793 
614 202 92 100 0.21048628 
263 81 63 74 0.18598469 
47 105 209 256 0.15695836 
782 324 27 39 0.11037809 
21 4 341 422 0.09485091 
66 274 388 477 0.09018438 
788 416 36 35 0.08941017 
174 254 207 272 0.075475566 
355 288 230 278 0.070800856 
804 420 30 29 0.06660683 
351 337 47 56 0.06415408 
121 156 192 233 0.059689205 
81 226 103 140 0.058635123 
564 146 69 59 0.0510866 
386 203 347 468 0.047796275 
216 253 27 36 0.04512282 
374 349 35 45 0.044584554 
762 321 42 52 0.04427857 
524 292 48 57 0.042786367 
561 161 87 93 0.040755972 
410 98 29 37 0.039257776 
534 411 235 260 0.03814236 
346 325 37 49 0.035984483 
389 363 35 46 0.035169043 
48 257 52 64 0.03291646 
673 474 61 56 0.03137988 
78 289 42 46 0.030878909 
580 406 121 134 0.029822348 
526 403 125 152 0.026492516 
796 342 15 20 0.026329916 
608 199 378 496 0.025879709 
909 271 29 29 0.025746962 
616 492 122 105 0.02515312 
769 346 33 37 0.025020944 
816 420 18 19 0.024419045 
165 340 134 161 0.024085624 
701 468 62 51 0.02386474 
539 216 88 92 0.023293698 
831 159 28 30 0.020900618 
669 461 26 35 0.020849807 
162 138 38 41 0.02058974 
973 487 12 15 0.020444294 
