58_Hockey_icehockey_puck_58_680
595
839 208 33 40 0.99895847 
563 328 35 43 0.9982339 
773 342 38 46 0.99762315 
671 356 33 38 0.9972293 
470 320 38 43 0.9966979 
330 238 36 44 0.9962831 
562 244 36 40 0.9961123 
368 321 38 43 0.9949876 
789 124 15 19 0.9907963 
893 367 37 39 0.98757637 
751 216 35 39 0.98630536 
225 199 35 38 0.98473895 
548 192 34 39 0.98095477 
434 226 34 41 0.97899663 
258 174 28 33 0.97438794 
739 118 14 18 0.9623785 
948 224 31 35 0.95494854 
927 79 13 17 0.9540288 
804 150 14 19 0.95370954 
702 153 15 19 0.95334744 
259 346 33 38 0.95037323 
670 2 13 17 0.94361067 
301 138 13 16 0.9432168 
626 56 13 17 0.9414157 
623 253 33 37 0.92569923 
643 142 15 18 0.9219205 
790 52 11 14 0.9212498 
341 31 11 15 0.9099895 
702 25 11 14 0.9099833 
981 24 13 17 0.9049102 
703 119 13 17 0.89935106 
369 103 15 19 0.8961976 
580 132 12 16 0.89375925 
888 135 14 19 0.8840566 
581 2 13 16 0.8822758 
674 59 13 16 0.8813008 
956 124 13 18 0.8707144 
834 126 16 19 0.8513138 
579 93 13 16 0.8413452 
544 147 13 18 0.834049 
950 60 11 15 0.8291263 
624 140 13 17 0.81783044 
1002 45 12 15 0.81559974 
513 111 14 18 0.80795586 
500 28 14 18 0.7993499 
377 131 14 18 0.7852616 
831 39 14 17 0.75896317 
694 235 34 39 0.7428757 
230 83 12 15 0.72032124 
974 139 14 17 0.7027146 
895 60 12 15 0.7000649 
772 21 12 15 0.6814878 
291 333 26 32 0.6770043 
638 190 17 20 0.66319144 
246 133 13 16 0.6622716 
450 17 13 16 0.6614587 
983 173 13 17 0.6581242 
526 46 9 12 0.6510165 
936 166 13 16 0.6426771 
686 186 17 22 0.6182351 
485 152 12 15 0.5828636 
918 20 13 16 0.5788654 
417 36 12 15 0.558722 
116 79 12 15 0.5458035 
20 101 12 15 0.5400971 
588 60 11 15 0.52176756 
614 191 14 20 0.49441338 
447 95 11 14 0.49352628 
425 111 13 16 0.48460212 
709 50 13 16 0.48017088 
736 370 41 54 0.46386486 
559 25 12 15 0.4520879 
348 135 15 18 0.44786796 
362 26 10 13 0.43268415 
106 45 14 18 0.42521727 
435 133 12 16 0.39979938 
624 0 13 12 0.39585784 
300 80 12 14 0.38722262 
731 63 10 12 0.38686046 
213 14 10 15 0.3715822 
887 103 13 16 0.34803727 
307 17 13 16 0.33751062 
876 43 10 13 0.33497843 
538 114 14 17 0.33354884 
517 1 12 12 0.3313051 
525 68 11 13 0.30523613 
587 45 12 14 0.29518706 
392 21 10 12 0.29225397 
13 265 66 87 0.28659338 
176 51 10 13 0.28346512 
737 141 12 16 0.2752564 
466 112 14 18 0.27265725 
465 37 10 12 0.25778776 
589 39 10 13 0.25109813 
720 21 10 13 0.25075343 
734 189 14 19 0.24783689 
599 0 11 10 0.24295402 
945 101 11 15 0.2270366 
731 68 12 15 0.22493935 
870 153 13 18 0.22009479 
313 192 16 20 0.2169498 
504 56 11 14 0.21468899 
341 161 13 17 0.21274696 
404 5 12 13 0.21134293 
142 288 42 51 0.21017623 
923 11 13 17 0.19677547 
627 221 12 15 0.19501114 
915 100 12 14 0.19064517 
835 26 14 18 0.18688652 
520 69 11 14 0.17073245 
925 6 12 14 0.16887927 
273 135 9 11 0.16827784 
854 0 16 13 0.16802962 
325 105 10 13 0.16799219 
851 180 15 19 0.16656564 
735 0 9 9 0.16501416 
703 85 12 16 0.157857 
49 38 14 16 0.15699002 
232 12 11 15 0.15687077 
365 59 10 14 0.15378165 
615 74 13 17 0.15291181 
703 49 12 16 0.1443981 
314 170 17 23 0.143212 
394 91 13 16 0.1428229 
283 265 27 37 0.1380369 
471 62 11 12 0.13797083 
963 154 12 15 0.13783425 
533 118 16 21 0.13581412 
673 105 15 17 0.13567148 
320 156 10 11 0.13287808 
587 52 13 17 0.13220611 
528 87 11 14 0.12966394 
403 77 12 14 0.12955794 
446 117 10 13 0.12605235 
597 354 18 21 0.120787665 
276 339 32 37 0.1186479 
894 89 14 17 0.117711164 
371 245 15 20 0.11723259 
335 141 13 17 0.11624508 
407 83 11 15 0.11459855 
284 156 12 16 0.11024092 
359 209 15 19 0.10971935 
502 1 11 11 0.10860265 
724 15 11 13 0.10819893 
408 92 11 15 0.107209355 
796 68 16 21 0.10610905 
480 81 11 15 0.103358164 
558 35 14 18 0.10319676 
396 219 15 19 0.10287637 
683 129 13 17 0.10208911 
900 229 15 18 0.10048805 
868 75 13 16 0.10037353 
865 28 11 15 0.10020027 
429 167 11 14 0.09584251 
732 21 11 13 0.09566549 
696 50 12 16 0.09348793 
309 106 9 12 0.09223269 
319 0 11 10 0.09187233 
342 138 13 18 0.08915954 
773 47 13 19 0.08784637 
468 165 13 15 0.08641269 
639 257 29 38 0.08160061 
702 75 12 16 0.079787806 
279 159 13 18 0.07929904 
238 172 15 18 0.07820818 
706 27 11 15 0.07816247 
997 64 13 18 0.076245256 
36 61 15 18 0.07612557 
31 65 14 16 0.07591994 
559 61 12 16 0.07561414 
960 162 12 16 0.07480122 
827 348 29 36 0.07471369 
627 153 12 16 0.07447038 
996 74 14 17 0.07337427 
757 62 15 17 0.0722268 
709 361 15 21 0.071851715 
305 102 9 12 0.071831204 
1013 244 9 14 0.0707577 
968 11 12 17 0.070627905 
396 0 14 11 0.07054967 
511 94 10 13 0.07016312 
622 225 14 17 0.06875673 
348 35 13 17 0.06840029 
116 115 22 29 0.06722617 
396 83 14 16 0.06603904 
740 161 16 21 0.065771624 
667 77 12 16 0.065499626 
241 197 27 34 0.06511828 
4 71 12 15 0.063697785 
93 42 11 13 0.06354328 
223 0 10 10 0.062436886 
262 198 16 22 0.061483614 
250 138 14 15 0.06146785 
916 204 11 16 0.060923338 
892 34 11 15 0.06091402 
289 187 11 15 0.06023642 
341 51 10 13 0.05928994 
755 99 14 18 0.059205707 
925 0 12 12 0.05888511 
455 207 10 14 0.057206113 
38 56 11 13 0.056977157 
302 375 23 32 0.056847923 
685 318 30 34 0.056695208 
459 82 13 16 0.056657985 
31 64 26 29 0.056453474 
437 34 11 13 0.056048125 
110 130 11 14 0.055130716 
272 40 10 12 0.0545033 
661 21 11 14 0.05376112 
517 73 11 14 0.053380534 
583 219 13 15 0.053367175 
55 68 10 12 0.053183153 
447 27 12 15 0.05313338 
994 189 22 30 0.052445363 
292 180 13 19 0.052365422 
218 125 11 15 0.052225444 
421 330 28 30 0.051948138 
959 138 10 14 0.05176679 
740 74 12 16 0.050723482 
317 19 11 15 0.050233256 
354 41 13 16 0.05011739 
303 28 10 14 0.05005463 
751 135 19 27 0.049828064 
707 357 25 34 0.049492024 
916 56 14 19 0.048959054 
730 75 11 13 0.04868629 
468 32 11 14 0.048495896 
430 30 11 14 0.04825186 
448 162 11 13 0.04805353 
437 109 12 15 0.048014093 
659 185 15 18 0.047522303 
846 185 15 18 0.047321238 
792 176 12 15 0.0470463 
365 35 12 14 0.046794116 
477 159 19 25 0.046455294 
941 229 19 22 0.046022158 
348 178 14 17 0.0459424 
885 28 15 19 0.045535225 
871 266 29 36 0.04467604 
650 265 25 32 0.044613615 
913 18 13 17 0.04445483 
44 62 10 13 0.04438621 
446 33 10 13 0.044210553 
105 71 10 12 0.044097614 
485 79 10 14 0.04362569 
992 101 10 14 0.043622576 
469 77 12 15 0.043060843 
164 3 12 14 0.042951036 
870 38 19 23 0.042493198 
839 190 24 28 0.042383168 
496 1 12 12 0.04237178 
421 206 26 29 0.042298544 
709 36 12 14 0.042198773 
934 160 12 16 0.041906804 
735 360 32 38 0.04169255 
593 60 13 17 0.04166574 
315 11 13 17 0.041404568 
807 12 11 14 0.04126295 
339 224 31 39 0.041243184 
47 53 10 13 0.041073788 
565 111 11 14 0.04102853 
715 46 13 18 0.04092769 
528 121 13 17 0.040634137 
782 90 14 16 0.040470816 
863 70 12 16 0.040379297 
344 214 26 30 0.040353954 
239 173 24 27 0.040232677 
249 182 29 36 0.04011856 
180 48 11 12 0.0399931 
904 122 13 17 0.039768867 
440 114 11 14 0.039765544 
778 203 15 20 0.039758075 
715 55 13 17 0.03966001 
824 139 12 16 0.03917314 
401 73 11 13 0.03908751 
995 108 12 15 0.039001603 
296 261 27 38 0.038867295 
706 71 12 13 0.038647555 
649 140 13 17 0.03857438 
701 211 16 17 0.03842868 
794 59 15 18 0.038416523 
414 79 9 11 0.03788212 
319 27 10 13 0.037844516 
677 237 12 15 0.037592236 
334 84 11 14 0.037489884 
54 63 9 11 0.03715684 
259 147 12 14 0.037056338 
916 198 11 14 0.036920883 
855 -3 24 23 0.036514215 
53 52 10 12 0.03635229 
405 117 11 14 0.036304444 
122 119 14 17 0.036231175 
727 227 10 15 0.03597545 
694 308 31 38 0.035972126 
828 62 16 20 0.035908684 
88 170 40 50 0.035819963 
254 165 13 16 0.03577855 
429 200 25 28 0.035724137 
391 26 10 13 0.035688158 
513 75 10 13 0.03566137 
450 98 12 15 0.03557624 
1000 244 14 16 0.035381317 
828 135 16 20 0.0350633 
411 99 11 15 0.03461984 
392 99 12 14 0.034577776 
326 211 14 19 0.034556385 
716 91 12 15 0.034293532 
360 54 12 14 0.034258008 
393 87 10 14 0.03408201 
1007 28 13 15 0.034080546 
766 189 15 16 0.034025952 
342 44 11 15 0.033918254 
971 155 12 15 0.03387726 
840 353 28 35 0.033767354 
21 94 20 25 0.033635058 
979 98 13 16 0.033598002 
216 140 11 15 0.033532903 
214 8 10 13 0.033477668 
1012 92 12 17 0.033238202 
389 138 10 13 0.033223405 
847 173 14 17 0.032874748 
774 70 10 13 0.032865986 
353 69 11 13 0.03262573 
980 59 12 15 0.032599077 
662 81 13 15 0.0323582 
505 32 14 18 0.032072157 
926 105 10 14 0.03181632 
455 69 11 13 0.031806216 
712 242 18 22 0.03161248 
33 78 24 30 0.031405974 
597 554 14 15 0.031376872 
209 477 36 45 0.03128449 
28 85 20 27 0.031213246 
774 38 14 18 0.031104563 
776 148 12 16 0.031047031 
357 223 16 20 0.03093944 
274 44 12 13 0.0309142 
149 254 39 37 0.030838124 
550 0 11 11 0.03080072 
360 231 23 31 0.030784994 
934 116 11 15 0.030642722 
552 5 11 13 0.030519024 
679 156 11 14 0.030488813 
540 126 14 18 0.030441493 
207 43 10 12 0.030417265 
721 528 16 19 0.029763013 
397 138 9 13 0.029752137 
734 25 12 15 0.029611647 
520 63 19 23 0.029553585 
476 188 13 16 0.029540919 
399 28 10 12 0.029527871 
367 42 9 13 0.0294813 
440 100 12 15 0.029428497 
326 324 22 29 0.029365815 
798 22 13 16 0.029286785 
468 41 11 15 0.029192412 
396 243 14 18 0.029103292 
348 98 15 17 0.029067798 
315 180 20 28 0.029056042 
930 4 13 15 0.028972931 
558 52 13 17 0.028898742 
841 125 14 17 0.02885595 
582 65 13 17 0.028832547 
101 101 12 15 0.028812476 
72 166 40 51 0.028803336 
118 128 13 18 0.02866844 
768 24 12 15 0.028617598 
139 260 47 59 0.028545793 
409 4 14 15 0.028380224 
188 215 25 31 0.028379912 
316 43 12 15 0.028374827 
407 29 11 15 0.02836669 
312 42 11 14 0.028305981 
341 176 14 19 0.02829915 
79 87 8 10 0.02810335 
573 10 15 18 0.028084457 
499 219 20 30 0.028072154 
248 63 9 12 0.028040916 
956 108 13 17 0.027987737 
793 45 14 17 0.027960477 
429 104 12 15 0.027892286 
929 170 13 18 0.02787326 
668 178 14 20 0.027844341 
1007 1 10 10 0.027739014 
949 94 12 15 0.027703943 
643 227 15 18 0.027549688 
283 175 21 28 0.027541123 
731 54 13 16 0.02741477 
641 263 18 22 0.027368255 
467 102 13 18 0.027284035 
0 38 7 12 0.02728121 
374 146 16 20 0.027206626 
271 276 35 36 0.027189739 
277 126 10 12 0.027165003 
332 211 17 20 0.027128665 
207 211 12 16 0.027020613 
389 222 17 21 0.02690603 
400 281 26 32 0.026825769 
621 -5 20 21 0.026703829 
870 80 14 18 0.026666358 
546 130 14 17 0.026664583 
445 87 12 15 0.026654253 
249 139 21 25 0.026620338 
189 46 11 13 0.026582224 
751 105 13 17 0.026503358 
588 0 13 13 0.02646778 
263 39 9 11 0.026350614 
796 78 15 18 0.02631956 
432 324 24 30 0.02626752 
557 4 11 14 0.02621924 
443 203 14 17 0.026189841 
521 49 12 14 0.026041776 
6 47 8 11 0.026020167 
620 67 13 16 0.025991922 
451 216 15 17 0.025980601 
312 166 13 17 0.025954694 
693 130 12 17 0.025878467 
846 339 30 37 0.025846053 
692 56 13 17 0.025838522 
1006 9 12 17 0.025820233 
860 22 20 26 0.025814945 
628 217 22 26 0.025788087 
1012 34 11 15 0.025760934 
188 38 11 13 0.025687136 
552 41 13 17 0.02566688 
438 212 24 30 0.025480146 
686 58 10 15 0.025418216 
263 45 9 12 0.025389574 
959 179 13 16 0.025294984 
973 163 13 17 0.025274323 
405 23 11 12 0.02522715 
407 108 11 13 0.025209185 
756 356 32 45 0.025200654 
565 177 15 19 0.025150722 
317 4 12 14 0.025146361 
340 184 15 20 0.025127672 
967 1 11 11 0.025127033 
307 24 14 16 0.025100077 
757 205 27 32 0.025085531 
235 327 16 21 0.024985485 
805 18 13 18 0.024927318 
699 364 26 34 0.024886737 
789 21 12 14 0.024855018 
84 269 378 428 0.024848271 
521 2 13 14 0.024821475 
445 149 12 15 0.024733068 
709 90 12 16 0.024725575 
270 153 20 24 0.024696207 
934 148 12 16 0.024688024 
392 61 10 13 0.024546746 
628 47 11 15 0.02451863 
878 28 12 17 0.024456093 
444 107 13 17 0.024451112 
702 143 14 17 0.024419095 
443 140 11 14 0.02438936 
427 21 13 15 0.024384059 
78 28 9 12 0.024297819 
276 38 11 14 0.02426048 
223 174 26 29 0.024218358 
781 105 16 19 0.024214236 
963 116 14 20 0.024199681 
193 266 15 19 0.024169492 
726 93 11 16 0.024119988 
950 117 14 19 0.02397622 
245 144 14 17 0.023893433 
396 14 12 13 0.023844892 
773 57 11 15 0.02381524 
357 35 12 16 0.023796966 
942 112 11 16 0.02378821 
944 55 13 16 0.023781434 
419 20 17 18 0.023760267 
464 251 23 28 0.023742506 
464 43 10 14 0.023721304 
692 226 26 34 0.023691721 
536 195 11 16 0.023689859 
312 6 12 14 0.02367699 
464 168 13 17 0.023667445 
910 103 14 18 0.023610264 
743 89 11 16 0.023461947 
217 120 9 12 0.023444423 
779 43 13 18 0.023428367 
930 11 12 15 0.023377236 
510 -3 20 20 0.023362702 
445 153 18 24 0.023351837 
393 238 25 31 0.023339657 
324 11 13 18 0.023330888 
534 328 17 20 0.023328407 
269 149 13 15 0.023295473 
246 407 238 267 0.02327407 
620 227 26 28 0.023273291 
962 129 14 18 0.023272395 
326 149 11 15 0.023207078 
306 78 13 15 0.023171643 
697 83 13 17 0.02315574 
471 55 10 13 0.023127763 
998 0 10 11 0.023109235 
790 27 13 15 0.023079459 
580 73 13 15 0.023017814 
19 30 14 16 0.022959221 
768 16 12 15 0.02294856 
233 331 26 32 0.022935841 
285 29 11 14 0.022847295 
725 24 11 15 0.02283147 
212 170 24 29 0.022738399 
506 22 12 16 0.022683151 
1013 51 11 15 0.022680923 
311 371 27 34 0.022595419 
368 66 11 14 0.022591842 
888 53 12 15 0.022487579 
701 177 11 16 0.022450702 
558 181 23 31 0.022393752 
290 154 13 17 0.022380881 
835 185 16 21 0.02228733 
702 361 15 21 0.022131398 
961 168 15 19 0.022111474 
562 205 27 33 0.022086147 
324 29 10 13 0.022081744 
397 249 29 33 0.02206939 
53 74 14 17 0.022061257 
266 164 23 30 0.022060424 
361 217 16 19 0.022053534 
327 37 9 12 0.022047322 
614 258 27 35 0.022014631 
252 62 10 12 0.022007983 
398 0 22 22 0.02197327 
930 164 12 15 0.021927811 
716 236 16 20 0.021924878 
398 35 12 15 0.02189996 
300 69 13 15 0.021850854 
376 500 11 13 0.021842418 
525 87 19 24 0.021839011 
261 284 39 46 0.021817015 
624 478 11 13 0.021806708 
183 39 10 11 0.021797936 
605 107 13 17 0.021773705 
363 247 24 30 0.021685494 
443 220 16 18 0.021624064 
374 86 9 12 0.021602226 
852 42 11 15 0.021592332 
899 351 29 31 0.021577781 
286 193 13 18 0.021563452 
739 222 32 36 0.021521557 
207 8 19 26 0.02149948 
611 459 14 18 0.021484748 
659 508 137 144 0.021482086 
812 17 13 19 0.021441452 
300 53 13 16 0.021355938 
949 12 11 15 0.021325469 
798 12 13 15 0.021300012 
309 372 15 20 0.021241954 
445 93 19 24 0.021182409 
531 70 10 13 0.021145366 
599 428 40 47 0.021134997 
578 214 22 25 0.021108003 
302 89 13 16 0.021100918 
614 100 11 16 0.021075951 
977 171 13 18 0.021001993 
220 12 12 17 0.021001818 
12 92 20 25 0.020987654 
312 157 11 12 0.020987242 
459 206 11 14 0.020983428 
228 0 11 11 0.020980736 
907 116 13 17 0.020980457 
199 133 9 12 0.020968381 
627 164 14 17 0.020964945 
510 99 12 15 0.020948907 
453 207 21 28 0.020942882 
662 100 12 15 0.02090884 
909 0 11 12 0.020905731 
778 20 12 14 0.020902451 
356 74 11 14 0.02082635 
570 200 15 20 0.020818071 
48 32 12 14 0.020803021 
543 20 11 15 0.020765413 
757 29 12 14 0.020674206 
461 68 13 15 0.020630838 
638 84 13 16 0.020625656 
104 40 11 14 0.020605862 
255 177 15 20 0.020597884 
536 202 11 16 0.020574791 
916 189 11 15 0.02057067 
453 107 11 15 0.0205335 
779 75 12 15 0.02048553 
1 45 9 14 0.020468477 
450 115 13 16 0.020399537 
275 139 11 14 0.020381927 
262 134 11 13 0.02037019 
461 52 11 12 0.020341093 
370 211 11 15 0.020315882 
310 114 12 16 0.02023189 
240 137 12 16 0.020170964 
95 11 11 15 0.020125626 
260 157 12 13 0.020027148 
677 76 11 14 0.020022308 
171 52 10 12 0.020013353 
