58_Hockey_icehockey_puck_58_17
124
69 78 66 82 0.996135 
447 493 25 31 0.9522134 
37 325 71 98 0.9468983 
165 499 42 46 0.7339166 
851 71 44 55 0.47922286 
596 197 39 45 0.41123274 
218 331 40 44 0.35794213 
375 236 23 27 0.2145533 
273 448 29 32 0.18227938 
434 493 24 30 0.17373237 
420 495 22 28 0.1274317 
387 493 15 18 0.11660259 
89 173 57 76 0.11197913 
397 343 24 28 0.10696858 
325 486 12 14 0.106205925 
411 478 16 20 0.09851528 
64 342 78 100 0.085799605 
405 476 15 18 0.08513755 
61 178 64 77 0.079227604 
119 368 57 83 0.07266053 
444 561 12 15 0.06934481 
696 205 50 60 0.062178683 
494 450 53 62 0.059669763 
930 166 17 21 0.057331845 
520 428 47 56 0.056305774 
571 221 52 65 0.054296024 
106 158 62 80 0.053894695 
367 475 14 17 0.05367162 
278 411 29 34 0.05281502 
138 348 46 63 0.050625987 
382 411 43 52 0.049265012 
366 468 24 29 0.048827454 
863 348 35 42 0.04797509 
342 439 28 36 0.04607255 
394 490 14 17 0.044923216 
396 483 16 19 0.042514488 
201 374 16 21 0.040140655 
378 228 18 22 0.038551185 
862 261 33 38 0.037512258 
207 476 34 38 0.037314784 
381 532 10 13 0.036821295 
250 439 31 39 0.036425795 
565 190 186 246 0.035819627 
289 414 16 19 0.03560704 
348 457 23 28 0.035138864 
425 485 43 47 0.03362345 
705 232 37 39 0.0332579 
419 477 26 30 0.033234887 
400 476 13 15 0.033019055 
382 495 14 18 0.032739345 
706 197 34 43 0.031959955 
319 480 20 25 0.031579975 
313 434 26 30 0.031446166 
157 348 43 55 0.03124921 
335 504 12 16 0.030975297 
293 346 48 57 0.030678833 
509 455 17 19 0.030583408 
915 329 42 52 0.030369602 
115 337 50 68 0.030182607 
258 438 47 52 0.029973514 
372 481 23 28 0.029924473 
265 350 29 39 0.029711694 
882 223 25 31 0.029401718 
277 462 17 20 0.029391363 
354 459 13 18 0.029382851 
418 476 16 18 0.029382797 
294 484 12 16 0.028282609 
333 493 12 15 0.02805908 
413 471 13 16 0.027947664 
404 488 12 16 0.027865263 
318 442 15 17 0.027567387 
266 418 25 28 0.027564326 
432 333 47 56 0.027485473 
200 334 42 51 0.027436366 
353 415 43 50 0.027294777 
416 429 11 13 0.027095186 
324 478 14 16 0.026817363 
426 508 17 21 0.026707422 
499 461 32 39 0.026621278 
278 437 33 36 0.026068483 
866 60 43 49 0.026020031 
10 443 50 61 0.025832769 
272 426 33 35 0.025340062 
298 445 14 16 0.025122259 
358 453 26 30 0.024830988 
302 485 12 16 0.024501974 
266 463 30 35 0.02424452 
2 314 49 62 0.024114275 
343 350 25 30 0.023797404 
691 233 59 65 0.023657707 
911 267 16 21 0.023510043 
932 362 48 64 0.023367196 
285 334 93 104 0.023193358 
438 553 22 28 0.022792809 
1 329 25 41 0.022773344 
344 359 47 52 0.022644563 
379 390 29 32 0.022606468 
501 443 14 15 0.022532765 
406 430 11 13 0.022344412 
461 467 16 17 0.02222081 
305 477 20 28 0.022215385 
354 353 14 17 0.022108464 
339 500 13 15 0.02202153 
545 541 12 14 0.02197596 
327 486 21 27 0.021826461 
231 333 57 63 0.021504235 
307 483 12 16 0.021451505 
350 515 16 18 0.0212416 
29 240 59 72 0.021181364 
708 219 55 64 0.021160956 
326 518 10 12 0.020973237 
174 339 41 49 0.020780029 
402 462 42 49 0.020763608 
359 477 12 15 0.020731343 
389 442 24 28 0.020685814 
503 449 28 29 0.020564495 
367 224 26 32 0.020519603 
435 482 14 18 0.020517608 
417 336 35 40 0.020488787 
366 460 13 17 0.020408224 
332 494 21 26 0.020230193 
371 355 25 30 0.020090995 
862 200 25 32 0.020089122 
379 504 15 18 0.020016814 
