58_Hockey_icehockey_puck_58_825
34
597 114 27 37 0.99978393 
715 121 28 37 0.9996916 
821 120 28 36 0.999617 
211 117 29 37 0.9994634 
295 118 28 37 0.9994549 
498 125 27 35 0.9993498 
639 103 27 33 0.9993468 
477 215 30 41 0.9993352 
390 116 26 34 0.99927133 
251 112 25 33 0.99922884 
791 218 32 40 0.99920624 
544 100 27 34 0.9992005 
573 230 33 41 0.9991968 
768 103 27 33 0.99918133 
210 230 33 42 0.99917185 
108 112 27 36 0.9990343 
342 214 31 41 0.9990201 
347 105 25 32 0.99899966 
683 221 32 41 0.9983246 
452 87 24 30 0.9958553 
841 397 40 45 0.9895578 
94 387 43 44 0.98256785 
574 107 22 28 0.08908878 
454 111 23 27 0.058792915 
142 433 59 57 0.05637585 
219 321 336 284 0.044486593 
772 365 30 34 0.044171836 
161 257 14 18 0.039251268 
635 66 23 28 0.03442851 
586 107 25 35 0.033458296 
317 356 13 16 0.030459976 
322 110 23 29 0.028313028 
741 479 9 10 0.020684442 
270 108 23 30 0.02003291 
