58_Hockey_icehockey_puck_58_290
135
422 64 25 33 0.99772555 
743 32 23 30 0.99727744 
660 37 22 29 0.99672526 
491 63 22 30 0.9965689 
358 72 24 31 0.9920831 
62 19 25 33 0.98932475 
561 44 24 30 0.9884356 
808 18 23 28 0.9834893 
863 1 23 27 0.9776229 
363 0 24 26 0.97440773 
302 81 21 30 0.9743823 
124 24 22 26 0.95046645 
101 113 22 27 0.9465551 
603 40 19 29 0.92659026 
491 469 27 41 0.9213753 
180 16 20 23 0.9160247 
31 36 20 28 0.71225023 
915 0 20 21 0.67084646 
325 339 34 35 0.60690826 
44 179 19 25 0.5551277 
210 81 15 18 0.5028585 
155 25 14 19 0.46389583 
856 202 18 21 0.44539878 
1 120 22 37 0.34215644 
250 57 13 16 0.27373904 
250 12 16 20 0.26506528 
391 168 14 18 0.2232532 
901 218 29 32 0.217858 
162 89 18 21 0.2105814 
737 248 29 33 0.20885375 
245 20 24 29 0.20258975 
312 329 30 36 0.19972263 
741 1 18 20 0.1919221 
48 139 19 21 0.16056918 
778 87 16 21 0.15367603 
141 85 13 17 0.1496123 
74 94 17 20 0.14214247 
238 56 16 21 0.10483329 
453 139 13 15 0.10412059 
106 24 13 21 0.10298711 
894 208 47 53 0.09627532 
667 77 14 17 0.07914299 
680 0 20 15 0.07809144 
708 14 28 30 0.076700985 
200 79 21 26 0.07470085 
331 49 23 30 0.07324369 
170 97 15 18 0.07108867 
194 52 14 18 0.07100841 
380 23 16 21 0.06793843 
390 47 16 21 0.06706951 
715 315 33 32 0.066156864 
714 0 19 15 0.058564324 
265 65 22 26 0.056946352 
238 100 10 14 0.056879953 
690 346 14 18 0.055135038 
311 58 15 19 0.05393136 
335 350 20 22 0.053276658 
724 103 14 17 0.0519095 
681 3 28 28 0.05134474 
95 86 13 16 0.050270062 
441 159 16 21 0.048775636 
266 50 17 19 0.04808425 
572 2 25 26 0.04463518 
364 40 16 20 0.044497527 
704 464 35 35 0.04425289 
730 257 28 34 0.04338986 
769 28 23 28 0.042101953 
732 403 19 20 0.041831713 
20 37 25 32 0.041322567 
913 224 20 23 0.039865695 
126 7 13 16 0.039743125 
333 30 26 33 0.038443077 
258 55 22 26 0.038273763 
853 185 25 30 0.036993545 
772 95 17 21 0.036700662 
144 81 20 25 0.03560853 
314 172 14 19 0.035025228 
354 160 15 18 0.034670528 
105 102 18 24 0.034487125 
182 1 12 12 0.03443796 
213 25 17 20 0.03310667 
148 72 15 21 0.03295987 
686 344 22 29 0.032913435 
242 34 24 29 0.032201596 
165 21 11 16 0.030833786 
860 172 11 14 0.030646646 
243 7 19 21 0.029843865 
115 151 15 20 0.029405113 
742 262 29 33 0.028536476 
87 87 23 28 0.02832961 
180 98 13 18 0.02823647 
311 179 14 18 0.02809599 
860 181 12 16 0.026910549 
108 38 14 19 0.026891045 
255 383 13 14 0.026856143 
158 73 15 20 0.026625272 
239 27 14 18 0.025326226 
99 186 24 31 0.025238294 
376 8 16 23 0.02453977 
108 179 16 21 0.024470137 
636 130 14 19 0.024348859 
161 25 13 18 0.024207994 
310 331 18 23 0.024155919 
953 238 11 13 0.024150532 
239 15 16 20 0.023967646 
379 161 20 25 0.023914317 
164 58 13 16 0.023831708 
353 7 23 31 0.023795333 
236 44 15 18 0.023750523 
430 161 23 27 0.023728952 
695 9 30 33 0.023525918 
857 159 10 13 0.022975132 
30 27 16 21 0.0229039 
193 18 13 17 0.022456666 
848 200 16 20 0.022455007 
307 64 21 28 0.022376936 
316 168 11 13 0.022323651 
76 84 23 28 0.022321394 
378 153 14 18 0.022250153 
845 258 31 36 0.022108411 
173 1 16 17 0.02207132 
109 145 17 22 0.02162657 
189 45 14 17 0.021602511 
116 138 16 22 0.021498345 
869 181 12 14 0.02144192 
140 75 17 21 0.021407088 
126 154 14 21 0.021404292 
186 4 14 19 0.021108476 
274 70 17 23 0.020995956 
298 16 16 21 0.02095809 
74 200 17 21 0.020812657 
264 72 13 18 0.020672183 
135 26 16 21 0.020234294 
232 59 14 17 0.020188753 
338 21 21 27 0.020126827 
