58_Hockey_icehockey_puck_58_940
29
825 267 27 28 0.9880838 
416 320 45 35 0.9445875 
695 292 31 35 0.938533 
421 347 65 91 0.4518963 
288 206 10 12 0.29635963 
253 221 11 14 0.18040012 
481 334 92 125 0.09653078 
573 359 15 18 0.093185745 
778 373 11 14 0.090884134 
562 316 14 18 0.084389605 
568 353 15 20 0.05599109 
445 339 90 108 0.05266909 
312 199 11 13 0.051719874 
416 329 58 64 0.04951186 
672 377 17 25 0.04308748 
563 321 17 22 0.04104271 
738 319 13 19 0.030731864 
292 201 11 12 0.027139654 
817 250 30 40 0.025768794 
967 240 10 13 0.023981426 
879 389 11 14 0.022955116 
315 204 11 14 0.022905694 
269 207 9 11 0.022745952 
447 333 59 73 0.022569155 
488 341 30 31 0.02250593 
672 365 28 43 0.020517325 
728 317 20 27 0.020327846 
329 206 9 11 0.02009277 
720 327 25 30 0.02004606 
