58_Hockey_icehockey_puck_58_244
32
706 469 31 38 0.9994764 
235 481 34 42 0.9994591 
494 416 26 30 0.9993674 
361 270 29 39 0.9992761 
402 470 28 35 0.9992742 
460 252 27 36 0.99926764 
588 464 24 31 0.9982261 
629 458 29 38 0.9973496 
451 453 27 34 0.99712914 
535 407 23 30 0.9969121 
799 482 33 37 0.99688005 
518 507 28 34 0.9964652 
455 502 28 34 0.9956743 
408 419 28 34 0.99439514 
673 437 26 31 0.9939843 
540 277 27 35 0.99285203 
569 593 12 17 0.49412927 
622 398 16 23 0.13313133 
569 555 12 16 0.09948918 
590 524 12 16 0.08047318 
517 302 15 21 0.0767847 
511 491 14 18 0.074956834 
556 448 18 20 0.048976954 
520 493 25 30 0.036827292 
832 522 26 28 0.029990055 
188 544 45 54 0.029899029 
495 555 13 20 0.027989406 
530 554 14 19 0.024796678 
120 278 11 15 0.024491146 
528 511 27 33 0.021834794 
357 593 17 18 0.021241931 
100 292 10 12 0.020064035 
