58_Hockey_icehockey_puck_58_113
63
308 122 50 58 0.9905219 
83 41 25 29 0.97970575 
660 52 23 27 0.92803967 
226 44 17 20 0.8623096 
186 43 17 21 0.8045359 
523 50 45 59 0.75214887 
274 33 27 33 0.7196599 
995 96 28 41 0.5341743 
489 54 16 21 0.4321321 
244 17 13 16 0.2505592 
842 0 24 23 0.22145438 
432 41 21 26 0.14823331 
435 38 14 17 0.1319279 
132 51 16 20 0.113189645 
86 24 25 29 0.10404696 
1009 75 14 20 0.10393262 
1013 419 9 16 0.101609856 
444 46 16 21 0.097470574 
330 115 375 464 0.090502374 
131 82 15 19 0.08907751 
98 25 15 19 0.07802844 
569 57 34 43 0.065106556 
544 57 37 46 0.064008355 
275 28 19 20 0.05675484 
161 112 17 21 0.050890956 
158 79 15 19 0.049718045 
1 19 11 18 0.039388757 
397 51 16 20 0.038262427 
312 46 24 29 0.037055224 
126 46 14 18 0.03617459 
83 26 17 19 0.03569284 
511 24 76 94 0.03295884 
1 14 21 33 0.032954756 
128 58 24 31 0.032713693 
94 22 14 17 0.031792372 
98 32 17 23 0.031627253 
239 13 20 25 0.031409863 
20 63 23 31 0.03108152 
441 231 226 291 0.029949956 
223 38 16 19 0.029614115 
525 52 13 18 0.028752906 
157 120 21 27 0.02845083 
601 129 43 56 0.027544325 
99 72 14 18 0.02707579 
919 74 14 17 0.027027508 
998 45 13 19 0.026003568 
228 84 15 18 0.025770303 
518 65 32 42 0.024752911 
286 39 18 23 0.024693636 
421 27 12 14 0.023926852 
415 27 12 15 0.023829883 
391 0 11 10 0.023327313 
-3 6 41 54 0.023186512 
138 45 14 19 0.022727802 
429 29 13 16 0.022682093 
70 177 39 43 0.022159427 
156 98 24 31 0.021685798 
1009 105 15 24 0.020798307 
416 20 24 28 0.020508608 
415 20 14 16 0.020382345 
245 42 12 17 0.020322278 
523 39 30 39 0.020278187 
89 65 24 30 0.020178175 
