58_Hockey_icehockey_puck_58_553
55
913 231 25 29 0.9880063 
480 210 20 26 0.9268161 
565 166 14 17 0.731136 
88 198 28 32 0.64668006 
140 179 17 23 0.6036806 
559 200 21 34 0.3857344 
854 187 10 13 0.2501794 
152 177 16 21 0.21195473 
22 243 12 16 0.063418426 
593 197 25 35 0.05692134 
572 201 26 30 0.04994631 
81 185 26 33 0.045438193 
198 202 13 18 0.044463813 
603 207 14 22 0.04327071 
938 159 8 11 0.042940214 
41 305 14 19 0.042313054 
846 204 12 17 0.041381765 
73 191 24 31 0.041012436 
463 -3 426 477 0.040406466 
915 188 14 15 0.038066924 
830 172 11 12 0.037633635 
568 206 17 24 0.0375819 
53 280 28 29 0.035038944 
71 195 12 20 0.034800705 
565 173 14 20 0.032718364 
553 206 19 33 0.031969007 
37 234 15 18 0.030570334 
838 173 8 10 0.030158428 
849 183 10 14 0.030118858 
826 172 9 12 0.029849822 
18 -5 501 471 0.029796531 
580 189 16 20 0.028241903 
477 206 15 24 0.02811179 
892 174 10 12 0.027926473 
91 437 14 18 0.027149716 
958 160 7 10 0.02711384 
902 231 17 22 0.025990177 
847 197 12 15 0.025949245 
877 166 9 12 0.02551786 
565 191 24 31 0.025194658 
38 243 13 16 0.024167432 
582 192 27 33 0.024091596 
877 244 13 17 0.023757393 
59 242 15 16 0.023576455 
84 187 15 18 0.023552163 
109 187 14 19 0.023345808 
94 168 10 12 0.02330876 
863 140 7 10 0.023143582 
569 143 9 10 0.0230247 
242 460 9 12 0.022070404 
599 87 8 9 0.021778978 
569 147 11 12 0.021768954 
126 449 15 18 0.02171827 
937 163 10 13 0.020605542 
17 236 12 16 0.02040433 
