19_Couple_Couple_19_50
45
671 250 73 92 0.99781513 
585 147 73 93 0.99755836 
114 476 26 30 0.37357268 
586 451 43 54 0.34307113 
179 457 44 63 0.23715419 
894 430 24 29 0.17137575 
968 458 16 21 0.13531068 
236 444 24 29 0.11307941 
986 474 15 18 0.07712786 
869 436 26 28 0.06888413 
884 525 18 23 0.057232317 
794 377 30 39 0.057159815 
915 520 24 32 0.044971704 
864 555 27 37 0.04464227 
456 597 52 58 0.04338491 
35 214 416 507 0.03809176 
250 639 42 51 0.03632135 
147 460 74 92 0.035271123 
178 471 28 39 0.03510791 
231 439 40 49 0.0347732 
998 452 15 21 0.03404061 
90 506 15 20 0.03395749 
948 459 16 22 0.03197311 
206 446 45 57 0.02989342 
910 461 23 29 0.029278968 
127 480 17 22 0.028661491 
391 487 23 31 0.027598497 
113 476 79 99 0.025427898 
978 464 21 25 0.02483338 
438 557 102 108 0.024783531 
874 429 18 20 0.024737474 
542 495 40 56 0.024160113 
866 450 26 29 0.023844294 
545 449 39 49 0.023829544 
614 230 49 63 0.02378821 
58 527 17 22 0.023643555 
241 437 19 22 0.023568725 
116 486 47 60 0.023124708 
875 473 28 30 0.022702206 
108 481 19 22 0.02250425 
168 435 73 97 0.022202564 
187 475 15 21 0.021842971 
540 458 28 35 0.02109043 
940 458 14 21 0.020987604 
585 474 27 37 0.02039254 
