19_Couple_Couple_19_836
21
628 33 104 167 0.9996458 
116 441 108 163 0.99955016 
293 855 106 173 0.99937135 
286 468 90 145 0.99935514 
806 476 101 162 0.9992816 
806 75 88 138 0.9992679 
632 426 113 184 0.9991743 
111 817 117 193 0.9984823 
235 80 85 118 0.9958627 
200 88 83 111 0.9359626 
636 928 155 108 0.92438793 
627 878 196 217 0.4057809 
174 123 79 90 0.22725748 
705 866 122 155 0.059300642 
579 767 190 274 0.03350055 
171 162 39 46 0.032627765 
239 821 119 197 0.02809478 
439 1110 55 64 0.026750566 
165 331 54 72 0.023196606 
624 966 137 110 0.020630369 
756 475 95 155 0.020140927 
