19_Couple_Couple_19_667
25
470 98 238 355 0.9984944 
565 105 276 357 0.92632496 
108 698 471 480 0.81567 
449 390 213 273 0.46176827 
380 836 383 510 0.41009685 
152 536 337 447 0.34155968 
517 746 409 538 0.24634549 
618 614 454 559 0.19404203 
478 491 133 173 0.14308202 
57 723 17 21 0.108489044 
245 10 27 31 0.09686235 
287 345 364 432 0.0944173 
161 1353 18 23 0.088625915 
122 1343 13 15 0.08540457 
424 199 218 336 0.06839933 
681 172 160 238 0.06745566 
626 419 421 508 0.049731765 
56 900 474 546 0.037023038 
47 1054 30 41 0.035937227 
379 84 16 19 0.031151973 
657 118 330 457 0.02678105 
49 721 27 34 0.025972892 
360 228 95 114 0.023387466 
377 75 27 31 0.023248829 
401 627 16 18 0.02228019 
