19_Couple_Couple_19_319
45
486 590 33 44 0.99030507 
494 579 29 38 0.16795777 
35 547 12 16 0.1402108 
468 595 26 32 0.095228195 
639 503 193 282 0.07008556 
897 404 52 71 0.06820391 
0 761 49 69 0.0664259 
1 500 9 14 0.05872399 
500 599 32 41 0.058649562 
57 1324 15 18 0.056257963 
48 761 18 21 0.054772273 
549 537 467 545 0.049005125 
2 492 11 16 0.043314334 
0 673 22 36 0.04321546 
498 579 18 23 0.042915072 
869 1039 9 10 0.038568787 
5 543 12 14 0.037227586 
47 534 8 10 0.03412088 
0 509 8 12 0.031985924 
820 321 41 57 0.03048058 
62 782 13 16 0.028632745 
972 774 14 18 0.028217444 
491 683 43 54 0.027848234 
25 533 11 14 0.027221331 
1009 765 12 17 0.027009612 
1001 435 21 34 0.026572453 
496 603 20 27 0.026376547 
394 618 16 21 0.025714144 
459 599 18 23 0.025229419 
400 644 12 16 0.024544587 
109 677 12 16 0.024128297 
13 518 9 11 0.02409478 
-2 811 26 43 0.023984464 
925 474 30 34 0.022380935 
450 814 24 30 0.02217051 
534 637 22 30 0.022164576 
927 763 11 15 0.021857826 
972 758 10 11 0.0216863 
476 601 31 36 0.021464748 
758 931 25 27 0.020956386 
100 1332 11 14 0.020481007 
1004 510 17 33 0.02022492 
668 541 13 16 0.020200806 
32 542 12 15 0.020198174 
39 536 9 11 0.02001452 
