19_Couple_Couple_19_881
54
248 193 95 121 0.99939835 
585 231 92 121 0.99905556 
883 296 27 33 0.6683135 
226 564 38 38 0.22777171 
337 123 15 17 0.14860167 
358 74 12 14 0.14653824 
370 59 13 15 0.1407749 
459 91 14 16 0.11958391 
949 293 17 22 0.106061034 
358 144 14 18 0.07666339 
987 322 24 34 0.060851045 
482 72 14 15 0.059488006 
387 42 15 18 0.05399666 
973 311 23 31 0.053327452 
320 44 12 15 0.049427535 
898 12 37 44 0.045383066 
372 127 10 12 0.04330583 
996 260 17 22 0.041965228 
499 113 14 17 0.037388187 
950 297 26 33 0.036100388 
29 302 13 17 0.034773465 
495 86 12 14 0.034627303 
157 280 14 16 0.034309633 
508 266 13 15 0.034151286 
367 132 11 13 0.03217673 
859 11 30 35 0.031996645 
947 288 43 53 0.031657733 
173 246 12 14 0.031104274 
429 1297 15 17 0.030329116 
-2 403 87 157 0.029255629 
477 83 14 16 0.028908016 
478 90 14 16 0.02839033 
356 125 11 13 0.026874978 
917 334 22 28 0.025922086 
340 101 13 15 0.025828803 
949 141 31 35 0.025557667 
476 67 23 26 0.024991153 
-77 722 390 528 0.02446282 
382 48 15 17 0.02439921 
972 325 17 21 0.024118954 
921 331 14 17 0.02407176 
852 297 17 19 0.023022618 
907 211 31 34 0.022881646 
434 99 14 16 0.022139346 
40 338 20 22 0.021897009 
453 206 11 13 0.021202784 
362 70 13 16 0.02108082 
958 305 45 57 0.020987116 
389 118 12 14 0.02069211 
460 148 13 14 0.020637078 
440 146 12 14 0.020472268 
404 43 16 18 0.020396963 
385 118 10 12 0.020238515 
484 128 12 13 0.020096831 
