4_Dancing_Dancing_4_878
31
458 176 108 159 0.99987876 
677 116 13 16 0.45528358 
758 426 27 38 0.3802823 
616 1186 525 482 0.22353888 
138 116 16 19 0.109895885 
186 738 123 121 0.10645423 
744 991 29 40 0.10503562 
161 741 12 16 0.07141136 
742 993 49 71 0.06611243 
753 1028 60 88 0.05663896 
753 421 44 62 0.03789586 
682 120 16 19 0.037299234 
217 184 88 103 0.037176926 
929 540 94 126 0.03615089 
912 127 7 10 0.035565477 
-4 86 401 438 0.033223346 
-48 914 409 441 0.032700952 
-3 1072 464 501 0.032573085 
904 729 11 15 0.031879734 
997 139 16 24 0.029793302 
870 424 42 68 0.028647918 
-4 491 37 69 0.02826574 
183 129 117 134 0.026375946 
253 184 94 131 0.025697919 
903 722 25 31 0.02555601 
934 771 95 122 0.02522829 
932 116 12 16 0.023576554 
472 1160 358 443 0.020897988 
-8 1109 52 84 0.020739885 
985 839 41 49 0.02060878 
25 650 397 417 0.020543844 
