4_Dancing_Dancing_4_319
88
410 73 29 38 0.9996828 
148 63 29 36 0.999419 
215 156 35 42 0.9993011 
344 44 30 38 0.9990189 
1 16 24 34 0.9989625 
593 -1 34 38 0.998917 
732 52 32 42 0.9989158 
551 33 36 43 0.9988869 
687 58 28 37 0.9985922 
954 26 29 37 0.9985884 
486 58 32 40 0.99807525 
654 48 30 39 0.99775213 
199 89 24 31 0.9971481 
320 9 24 29 0.99686736 
445 142 25 31 0.99665785 
961 78 41 46 0.99390817 
448 54 30 34 0.9843838 
83 68 52 57 0.97920233 
328 244 33 39 0.97337353 
212 25 22 27 0.95509446 
272 42 22 30 0.9505572 
614 141 57 49 0.94451225 
304 45 27 31 0.88003796 
247 84 27 33 0.85861665 
427 47 25 34 0.84295183 
192 56 24 30 0.77448493 
230 89 23 29 0.67181975 
430 42 16 20 0.39266685 
232 60 23 26 0.37495166 
711 47 38 47 0.37133464 
712 34 32 40 0.35636628 
24 68 28 31 0.2647364 
270 171 21 27 0.26458526 
471 91 22 27 0.25682732 
42 2 16 20 0.1774114 
218 90 25 32 0.15931861 
998 29 25 34 0.1506438 
591 115 43 54 0.14461993 
234 85 16 20 0.134127 
228 126 25 32 0.1199078 
-1 351 24 60 0.11317171 
435 63 17 21 0.10671259 
696 49 31 42 0.07634637 
616 128 36 48 0.06579659 
25 60 22 25 0.061369848 
284 41 27 33 0.06035376 
227 110 23 30 0.05242239 
378 241 27 41 0.048728574 
33 1 22 28 0.04580443 
264 84 18 24 0.04447371 
318 240 55 74 0.042882647 
49 4 15 17 0.041167058 
209 67 14 18 0.038562607 
0 288 22 36 0.03743074 
747 511 63 53 0.03450951 
324 151 42 50 0.032503143 
291 35 16 23 0.032432668 
344 239 48 63 0.03177207 
201 50 18 21 0.031454492 
866 41 52 76 0.03129632 
189 68 18 22 0.030727558 
815 4 30 38 0.029159728 
69 388 13 16 0.029156938 
800 12 52 66 0.028949367 
583 107 33 45 0.028495593 
250 98 18 23 0.026952237 
640 151 35 37 0.026427796 
956 44 45 56 0.02630712 
972 24 43 53 0.02546816 
-15 520 230 219 0.025362616 
819 0 20 19 0.024959464 
533 140 36 37 0.024860542 
402 255 29 38 0.024816584 
227 104 17 22 0.024809692 
200 36 25 31 0.024179136 
270 36 16 22 0.023743656 
860 218 25 30 0.02358079 
554 130 58 56 0.023146706 
537 116 47 54 0.023135073 
669 55 30 39 0.022456568 
555 16 25 29 0.022340901 
179 74 25 30 0.022123387 
583 130 36 47 0.02183699 
0 295 13 23 0.021329865 
326 48 27 34 0.021122236 
397 187 24 35 0.021097748 
642 57 33 41 0.020594398 
803 -30 197 225 0.020457456 
