4_Dancing_Dancing_4_915
20
459 132 236 280 0.999946 
588 346 439 524 0.5681021 
211 984 483 364 0.5542355 
34 72 411 508 0.30090147 
323 1026 246 264 0.15405487 
438 324 358 450 0.07827163 
677 397 248 322 0.070032805 
367 372 217 349 0.057960045 
337 1165 182 154 0.034380414 
423 827 389 530 0.033145163 
335 181 55 58 0.029840972 
248 155 146 170 0.029246522 
-87 949 390 509 0.025879517 
363 58 261 385 0.025848975 
789 39 30 39 0.024749579 
0 1223 22 38 0.02299503 
500 36 305 431 0.020678332 
-11 267 410 525 0.02064428 
539 679 365 510 0.020200184 
407 1212 79 70 0.020101178 
