4_Dancing_Dancing_4_240
21
111 158 56 73 0.99977285 
682 120 59 76 0.99966705 
257 191 54 73 0.9996117 
398 216 55 68 0.99958295 
530 163 60 80 0.9994198 
836 99 55 75 0.999326 
182 59 15 19 0.086519085 
969 444 31 41 0.063920215 
553 329 111 148 0.05267545 
404 138 17 19 0.05201599 
124 25 23 35 0.049915247 
259 15 14 18 0.04938505 
186 98 17 20 0.039389603 
174 90 30 35 0.035570417 
309 219 43 55 0.033864282 
308 249 37 43 0.029301707 
195 50 25 30 0.026315281 
126 29 14 21 0.024959836 
489 508 10 13 0.023878722 
162 74 49 60 0.023078742 
110 67 15 19 0.020211842 
