4_Dancing_Dancing_4_375
53
226 165 60 89 0.99760973 
557 306 98 64 0.99349517 
907 294 14 19 0.14863737 
796 312 15 19 0.13080004 
999 326 11 13 0.120449744 
845 298 16 19 0.1064199 
898 289 20 25 0.08925474 
778 300 14 16 0.08247675 
972 349 10 13 0.068550795 
984 336 10 12 0.06721038 
901 286 13 18 0.058225825 
511 295 12 14 0.056251254 
967 333 10 13 0.05536606 
943 350 12 15 0.052153055 
908 287 12 16 0.051493116 
991 334 10 13 0.0511875 
459 294 10 12 0.048656452 
969 341 10 12 0.042811215 
72 331 11 15 0.041989926 
511 298 16 19 0.037322458 
472 295 10 11 0.037227318 
528 291 12 15 0.03464897 
881 671 24 26 0.033499412 
19 331 14 17 0.030899934 
887 290 39 56 0.0301001 
16 329 9 12 0.029833125 
473 285 9 12 0.027765175 
459 297 12 16 0.026530698 
884 280 25 32 0.026172737 
525 297 13 16 0.025641145 
942 342 13 16 0.025470836 
901 303 15 18 0.025433715 
993 327 11 14 0.0254166 
93 305 11 14 0.025163513 
895 295 14 19 0.024940347 
14 330 22 28 0.024591234 
446 296 10 12 0.02424115 
580 290 111 101 0.02414342 
458 307 12 16 0.023738412 
886 314 11 14 0.023585403 
457 289 9 11 0.023294516 
116 396 25 31 0.022328867 
453 324 11 13 0.02213865 
903 313 24 32 0.022107763 
846 289 12 14 0.021423671 
9 332 10 16 0.021302558 
935 325 11 15 0.021234337 
902 317 13 18 0.020958742 
471 300 10 13 0.020902487 
908 316 14 18 0.02083106 
849 293 15 18 0.020808075 
941 333 12 14 0.020625789 
914 291 12 18 0.020473652 
