4_Dancing_Dancing_4_769
19
404 126 41 58 0.9886798 
462 234 43 55 0.98129696 
910 151 23 33 0.9769333 
799 178 26 34 0.81891346 
123 66 16 22 0.19151933 
0 52 9 13 0.061920747 
1002 177 23 42 0.04048648 
379 270 458 421 0.037988726 
59 119 11 14 0.035210535 
450 304 27 34 0.029896295 
520 253 42 52 0.029735556 
842 372 12 16 0.027717989 
77 25 15 18 0.027642729 
762 538 68 61 0.027287953 
886 283 27 36 0.026678508 
80 148 11 13 0.026599616 
177 46 23 35 0.025538074 
6 29 10 13 0.021179413 
643 342 43 57 0.020656552 
