4_Dancing_Dancing_4_1026
68
99 113 116 149 0.99996173 
795 114 115 145 0.99993896 
469 146 104 128 0.999933 
602 89 103 140 0.9999293 
291 150 99 145 0.9997112 
893 136 77 118 0.73826957 
565 669 13 16 0.5594156 
536 643 12 16 0.47751218 
461 662 12 15 0.3050395 
436 691 12 14 0.21999732 
611 658 14 17 0.13661946 
899 697 28 34 0.13113835 
1012 86 10 14 0.12907773 
493 711 13 16 0.10056056 
550 662 12 15 0.09832556 
532 658 13 17 0.09518354 
1004 633 20 38 0.094503775 
580 693 16 17 0.092450775 
472 685 13 17 0.09124351 
503 692 13 15 0.08353601 
285 86 14 18 0.07656307 
516 678 11 15 0.07248533 
534 696 17 19 0.072479025 
994 172 21 29 0.068799235 
511 684 11 15 0.06481073 
458 666 10 13 0.05805786 
991 671 17 20 0.057841692 
942 91 11 14 0.05581896 
290 89 15 19 0.05458033 
975 78 12 16 0.052124076 
549 615 15 17 0.050240636 
499 664 15 17 0.04879201 
346 359 44 63 0.04661964 
580 639 19 21 0.044786636 
288 95 28 33 0.042583853 
528 649 14 16 0.040162675 
410 57 55 73 0.03967961 
926 183 40 55 0.039503377 
612 734 14 16 0.033704497 
997 57 13 18 0.033399593 
993 211 28 42 0.033004973 
991 58 13 17 0.031251702 
556 662 15 20 0.030767651 
369 58 16 21 0.030098714 
390 51 94 123 0.029782152 
587 715 15 18 0.02973796 
1005 147 11 15 0.029287225 
516 625 13 14 0.028625837 
1003 155 12 17 0.027440624 
1008 139 13 17 0.026526017 
612 740 17 18 0.025306625 
298 92 15 18 0.025180457 
494 631 14 17 0.024867825 
533 621 13 16 0.02436712 
554 101 107 126 0.024060613 
1001 151 11 14 0.02388864 
608 735 11 14 0.023323296 
557 82 15 20 0.023228917 
749 121 14 18 0.022662623 
630 621 15 17 0.022655582 
525 624 13 16 0.022007253 
799 5 13 16 0.021990683 
982 233 26 37 0.021842739 
496 691 11 15 0.021542383 
462 77 21 31 0.020706436 
1013 259 9 15 0.020540798 
996 100 10 13 0.0204449 
566 715 15 19 0.020408584 
