4_Dancing_Dancing_4_228
21
445 115 42 55 0.99690765 
848 39 46 62 0.99306846 
611 101 43 55 0.9619223 
274 158 39 53 0.9380727 
575 145 26 42 0.17363998 
805 93 11 14 0.06012569 
569 363 47 65 0.043544814 
779 93 11 14 0.03773417 
799 94 13 15 0.034551248 
802 141 41 61 0.03294129 
792 93 10 13 0.0305352 
1000 175 11 14 0.02785754 
646 113 25 35 0.026847584 
551 115 12 14 0.026450524 
1006 174 12 14 0.02603744 
320 463 9 11 0.023610132 
1013 173 11 16 0.023553193 
821 161 16 22 0.023367457 
171 313 46 50 0.022667693 
811 92 11 15 0.020329835 
324 188 343 436 0.020008748 
