4_Dancing_Dancing_4_156
40
905 19 60 67 0.98860544 
157 9 39 50 0.9856124 
659 3 47 68 0.50863034 
459 120 54 67 0.34250066 
193 46 35 45 0.24050625 
863 45 100 141 0.22799163 
530 58 52 84 0.1671768 
103 4 27 37 0.14278595 
877 0 27 27 0.11633448 
628 1 65 87 0.110868216 
504 99 53 83 0.098541476 
556 53 56 90 0.09437935 
758 293 133 209 0.08480773 
80 10 42 56 0.07040673 
282 26 100 134 0.059063647 
224 5 41 51 0.057623774 
857 185 101 113 0.04652981 
763 7 26 26 0.04569243 
838 54 45 61 0.04474872 
1000 197 27 44 0.044408977 
879 202 61 63 0.044054292 
306 2 16 19 0.043408506 
177 28 40 51 0.03562427 
602 -9 71 78 0.034872707 
683 93 69 92 0.03339203 
137 320 48 53 0.032867804 
301 202 28 30 0.032857276 
512 108 27 49 0.032197148 
889 0 35 33 0.029530667 
788 171 190 278 0.029232344 
984 302 40 93 0.028428815 
508 30 91 125 0.028295668 
-17 -117 403 447 0.02758449 
496 81 93 131 0.026805481 
53 16 58 66 0.024630122 
245 11 27 36 0.02274269 
413 107 34 45 0.02165794 
623 33 51 82 0.021534154 
641 288 188 264 0.021201072 
109 515 23 28 0.02044334 
