4_Dancing_Dancing_4_378
28
778 87 68 94 0.9982838 
680 48 71 97 0.99729544 
162 78 86 104 0.9718492 
320 138 55 92 0.933692 
613 401 25 33 0.59333634 
95 18 446 468 0.31043577 
249 0 18 19 0.15926751 
104 85 61 83 0.10252276 
305 150 95 135 0.09641374 
220 10 15 18 0.079386555 
376 16 15 19 0.07689141 
147 9 18 21 0.055806655 
374 48 16 20 0.047335524 
392 6 12 14 0.04160036 
289 21 24 31 0.03994762 
136 82 71 93 0.0365291 
232 137 240 312 0.03325137 
573 484 13 14 0.032843165 
143 91 131 146 0.032310452 
197 59 57 87 0.031321608 
305 99 93 108 0.026197147 
358 0 15 15 0.025318662 
404 28 12 16 0.022096964 
92 95 98 128 0.021736512 
914 16 31 37 0.021599673 
145 10 32 40 0.02140595 
417 12 14 18 0.020701418 
577 433 34 44 0.020595908 
