4_Dancing_Dancing_4_715
276
487 470 37 45 0.99841857 
74 455 39 45 0.9975262 
417 444 31 35 0.99745685 
411 108 40 63 0.99402314 
661 125 39 55 0.9840206 
295 464 31 38 0.9392966 
170 347 19 24 0.7358432 
627 451 32 39 0.68751305 
197 117 13 16 0.66350347 
424 12 16 18 0.5971607 
350 123 14 16 0.5870399 
153 453 29 38 0.5672436 
113 337 14 18 0.40767115 
141 388 16 21 0.31005868 
116 115 16 18 0.28778177 
241 45 10 13 0.26015696 
264 302 27 35 0.25672925 
862 675 14 18 0.25009108 
152 363 13 17 0.23113649 
199 98 10 13 0.20194048 
525 661 39 44 0.19830276 
197 45 9 12 0.19766928 
159 44 9 12 0.1965009 
298 654 41 48 0.18531719 
313 123 14 16 0.18339111 
260 111 10 12 0.17882906 
279 269 11 12 0.17251395 
159 3 10 11 0.17060891 
182 110 9 13 0.16860333 
194 344 13 16 0.16750315 
946 659 16 18 0.16381025 
920 642 10 12 0.16289222 
192 365 14 18 0.16009563 
635 253 17 24 0.15743987 
502 57 11 14 0.15453097 
518 1 14 18 0.14994144 
272 101 11 12 0.14647815 
464 14 15 17 0.14497261 
158 98 10 13 0.13889007 
268 277 29 35 0.1384704 
78 113 14 15 0.13610584 
613 397 61 79 0.13461716 
482 1 15 18 0.13269527 
115 397 21 27 0.13172266 
351 106 10 13 0.12260449 
556 6 15 18 0.119251244 
275 179 11 14 0.11478304 
120 96 9 11 0.10880006 
151 332 13 16 0.10664784 
841 28 13 15 0.10542373 
155 118 15 18 0.10522973 
142 107 11 15 0.10052411 
193 334 12 16 0.099993385 
276 229 11 13 0.09986369 
463 287 12 17 0.097103566 
389 8 14 15 0.09476815 
461 408 13 17 0.092731215 
503 16 14 17 0.09199238 
575 109 11 15 0.0919329 
313 158 9 12 0.0908392 
619 499 17 19 0.089529686 
124 397 22 31 0.08824024 
423 348 12 16 0.08359624 
499 0 12 13 0.0823846 
295 111 11 14 0.08166347 
899 651 21 28 0.0799001 
444 0 14 18 0.07787136 
814 630 11 15 0.07625662 
313 179 12 16 0.07530238 
934 647 12 14 0.0735636 
785 645 11 13 0.072725825 
390 52 11 14 0.07134031 
237 5 12 13 0.06992925 
723 725 17 19 0.0685894 
233 119 11 14 0.06724638 
425 412 11 15 0.06652175 
81 96 8 11 0.06587513 
728 296 161 251 0.06385478 
465 55 12 14 0.06278624 
310 4 14 13 0.062412437 
349 688 17 22 0.06218575 
497 432 16 18 0.061671708 
836 70 10 13 0.060982477 
535 474 13 16 0.060542896 
199 3 14 15 0.060439132 
236 177 11 16 0.06007636 
123 43 10 14 0.058681227 
865 661 10 15 0.058326073 
539 60 10 13 0.056973267 
268 301 17 22 0.056083 
761 625 14 16 0.055779003 
887 692 12 13 0.05334823 
196 62 10 13 0.052365758 
28 455 16 22 0.05225788 
257 115 11 14 0.05136196 
74 338 12 16 0.050297756 
152 338 15 19 0.04895841 
274 120 15 17 0.048551105 
234 286 12 14 0.048475664 
204 100 9 12 0.047310628 
854 681 10 15 0.04729316 
185 383 26 33 0.047196575 
352 6 13 14 0.047142584 
904 646 10 13 0.046771348 
190 367 20 28 0.046728965 
543 184 10 12 0.045659427 
124 94 10 12 0.044801682 
153 356 14 17 0.043923836 
575 60 9 12 0.043520853 
351 46 12 15 0.042502202 
294 0 14 13 0.042468913 
768 23 12 16 0.042436156 
275 46 10 13 0.041606132 
466 109 10 13 0.04142 
262 91 11 14 0.04119837 
822 199 9 12 0.040904593 
313 101 11 13 0.040572897 
238 40 12 14 0.039915252 
271 106 11 13 0.039877947 
236 111 10 11 0.03978542 
111 362 15 19 0.039760683 
511 1 14 16 0.03882381 
286 242 14 17 0.038723346 
116 304 15 17 0.038494963 
489 -1 20 23 0.038384795 
458 457 15 18 0.03797904 
275 274 18 23 0.037946578 
422 425 14 17 0.03783936 
334 113 11 16 0.03713218 
444 659 49 55 0.037051585 
372 656 49 60 0.036681972 
704 724 16 17 0.0366021 
426 53 11 15 0.036310114 
206 111 9 12 0.036169738 
156 662 28 33 0.03608711 
149 100 13 15 0.03578027 
373 2 14 13 0.035434157 
118 151 9 12 0.035356108 
157 112 12 14 0.034659054 
268 465 14 19 0.034557246 
275 261 14 18 0.034342982 
191 427 16 19 0.034253154 
505 189 9 12 0.03425112 
115 391 15 19 0.03422475 
464 235 11 15 0.03382105 
298 113 12 15 0.03365863 
189 0 9 9 0.03352518 
184 0 10 9 0.03346116 
34 338 12 16 0.033368222 
628 364 76 115 0.03315917 
268 687 23 31 0.033047743 
255 32 12 16 0.032948 
196 289 12 15 0.03292457 
38 147 12 15 0.032661874 
767 729 13 13 0.032494575 
144 388 24 32 0.032387827 
924 644 11 13 0.032361846 
335 92 10 13 0.032332227 
897 659 12 17 0.032182887 
892 199 11 14 0.032055736 
430 5 21 26 0.03205443 
909 649 24 31 0.032023862 
425 123 46 66 0.0319815 
221 0 11 10 0.031844035 
723 24 11 13 0.031723566 
294 31 12 17 0.03132159 
763 437 11 14 0.03124918 
193 400 16 20 0.031220222 
152 95 11 14 0.031044334 
885 30 11 15 0.030902596 
758 454 12 14 0.030505162 
268 288 18 22 0.03036223 
234 155 13 17 0.029891117 
250 292 45 54 0.02953351 
181 660 11 14 0.029343573 
275 235 13 16 0.029243577 
163 97 13 15 0.029133739 
155 342 21 25 0.029111695 
954 660 14 16 0.029090555 
782 16 12 15 0.029083507 
275 96 12 14 0.028850636 
466 35 13 15 0.0288327 
158 62 11 13 0.028783156 
249 474 15 21 0.02878144 
28 437 40 50 0.028693276 
578 165 9 13 0.028675571 
215 662 50 56 0.028618587 
258 0 14 12 0.028467627 
296 87 10 13 0.028441107 
215 109 11 14 0.028269801 
276 109 11 12 0.028165398 
146 108 14 15 0.027988886 
236 102 10 11 0.027788034 
865 200 9 11 0.027761769 
273 251 12 15 0.027516691 
257 85 10 14 0.027402109 
33 302 12 15 0.027302336 
203 30 10 12 0.027037907 
175 340 20 25 0.027016485 
177 114 10 13 0.026775595 
826 659 16 18 0.026710013 
372 96 25 37 0.026607074 
580 190 10 13 0.026312474 
534 489 15 18 0.026247222 
541 16 15 19 0.02621736 
315 107 12 13 0.025800882 
355 674 27 34 0.0257154 
466 165 9 12 0.025647817 
234 225 13 17 0.025572533 
652 21 13 16 0.025567684 
636 246 30 41 0.025451312 
920 649 23 30 0.025236689 
295 125 11 14 0.02494319 
220 109 11 14 0.024702596 
332 0 15 16 0.024697961 
309 427 16 18 0.024688624 
27 259 24 33 0.024639208 
543 166 9 13 0.024570778 
230 346 10 15 0.02452801 
295 132 11 14 0.02419523 
351 157 12 14 0.02411688 
492 703 15 18 0.024112355 
155 282 13 17 0.02408709 
192 306 13 15 0.023992762 
578 195 13 17 0.023924062 
457 431 16 19 0.023894569 
770 68 12 14 0.023759138 
392 32 10 12 0.02363234 
637 246 14 17 0.023518305 
574 1 13 12 0.02351623 
719 714 25 27 0.02342283 
459 398 12 16 0.023341024 
595 83 12 15 0.02333393 
818 634 12 16 0.023263255 
548 7 21 25 0.023255363 
158 454 14 21 0.02309518 
526 123 9 12 0.022997707 
145 379 16 20 0.022972237 
216 84 11 15 0.022970693 
79 173 12 16 0.022909334 
189 355 14 18 0.022760259 
557 245 14 18 0.02264733 
113 425 16 21 0.022552613 
274 5 14 15 0.02254289 
910 646 11 14 0.022421528 
180 39 11 15 0.022386711 
230 31 12 14 0.022286737 
929 656 22 26 0.022114582 
171 378 12 17 0.022105679 
573 433 15 20 0.022018224 
509 79 11 12 0.021930424 
833 75 12 16 0.021901462 
126 29 8 11 0.021772599 
900 663 13 18 0.021686306 
110 396 17 23 0.021676823 
366 408 50 62 0.021504354 
133 397 26 36 0.021423062 
224 28 100 128 0.021411773 
652 60 12 15 0.021324871 
245 101 12 15 0.021185558 
847 682 14 17 0.021086432 
667 627 13 17 0.020967776 
463 279 13 16 0.020910399 
942 655 13 17 0.020894181 
191 98 12 15 0.020880004 
24 460 28 40 0.020846354 
367 113 12 16 0.020791942 
248 461 25 34 0.020644959 
914 641 22 27 0.020644236 
652 228 39 50 0.020582745 
274 239 19 27 0.020424169 
223 115 10 13 0.020422759 
176 38 10 14 0.020411538 
173 419 26 31 0.020375764 
260 449 25 33 0.02023976 
379 4 24 25 0.020027222 
