7_Cheering_Cheering_7_884
20
824 190 60 85 0.99929106 
465 117 87 131 0.9978846 
322 182 71 100 0.99741566 
187 430 35 46 0.98984337 
164 363 27 31 0.93302774 
996 337 22 29 0.8961001 
19 269 50 63 0.04792213 
43 272 50 64 0.0433805 
-1 311 29 47 0.03423489 
19 99 84 102 0.033174865 
15 391 89 127 0.03139233 
553 5 17 23 0.030599475 
988 325 34 51 0.030072406 
23 289 30 38 0.028580178 
137 174 45 51 0.026852977 
993 419 31 54 0.025259456 
883 195 45 60 0.02485461 
2 288 42 64 0.024561992 
386 160 51 75 0.020202905 
195 309 13 14 0.02018585 
