7_Cheering_Cheering_7_462
86
548 128 70 102 0.9952135 
821 364 32 42 0.99447376 
275 357 37 43 0.9867675 
67 554 26 45 0.9844567 
719 337 25 41 0.97103935 
200 367 28 36 0.9239349 
360 591 36 65 0.9044267 
-1 547 18 35 0.8897524 
60 420 23 31 0.6912164 
11 421 17 22 0.6201323 
98 416 18 23 0.5301398 
893 508 20 33 0.45604518 
899 522 33 39 0.44416544 
31 432 15 20 0.3053649 
936 245 66 92 0.26805824 
442 587 41 65 0.22506246 
190 372 40 54 0.20096865 
0 394 13 22 0.17460501 
950 221 53 73 0.13514513 
424 591 37 58 0.1283165 
148 384 19 22 0.099029854 
211 418 42 53 0.09800648 
758 569 16 19 0.09530127 
378 374 30 38 0.08738236 
75 399 14 17 0.071225815 
403 314 30 41 0.06319534 
18 426 19 25 0.061560035 
375 595 41 61 0.058241617 
354 229 424 480 0.04998665 
85 418 25 32 0.04840925 
141 369 37 48 0.047300763 
377 379 46 58 0.041279875 
49 458 17 23 0.04103337 
198 388 41 55 0.040444214 
809 396 23 29 0.03945337 
398 409 48 65 0.03904244 
401 327 47 60 0.038798455 
926 277 69 95 0.03819663 
68 563 41 54 0.036008935 
367 440 52 67 0.03476828 
852 378 16 21 0.033368334 
128 409 27 35 0.032181114 
665 6 418 438 0.032014087 
946 196 52 65 0.031791743 
409 414 30 38 0.031753995 
823 327 14 18 0.030830583 
223 384 27 36 0.030461723 
163 369 42 51 0.030442433 
77 461 14 18 0.030423336 
816 183 113 171 0.029979141 
1012 522 12 19 0.029687125 
103 412 17 21 0.029553209 
136 11 429 481 0.029313749 
841 373 25 32 0.028271839 
375 387 86 105 0.02795758 
871 557 10 12 0.027950434 
-7 131 424 520 0.027604604 
405 595 37 51 0.027453963 
888 504 39 47 0.027050344 
385 216 49 55 0.027000006 
694 232 119 132 0.02651471 
617 319 44 51 0.026325379 
182 392 25 35 0.024524273 
856 383 17 22 0.02433398 
-2 542 14 22 0.024101734 
378 433 30 37 0.023260605 
206 421 30 38 0.023093587 
911 522 22 24 0.023049695 
896 538 31 37 0.02260632 
92 424 28 37 0.022436745 
0 463 19 32 0.02196455 
41 463 25 35 0.021885473 
386 422 32 39 0.021569144 
222 423 49 63 0.021339469 
739 289 18 20 0.021298371 
331 402 89 108 0.02111093 
453 565 53 76 0.020909537 
715 282 16 19 0.020907931 
418 316 51 68 0.020821622 
949 201 32 41 0.020785037 
261 328 15 19 0.02070398 
74 375 16 20 0.020615717 
217 401 30 37 0.020355832 
49 338 13 17 0.020293372 
218 417 20 23 0.020160733 
574 3 16 18 0.020140782 
