7_Cheering_Cheering_7_373
65
783 852 134 188 0.9996209 
390 865 145 205 0.9976762 
62 966 152 242 0.9963528 
496 308 31 32 0.120160714 
317 374 15 19 0.11636958 
336 1335 48 67 0.082790606 
257 376 17 20 0.0789959 
599 1262 21 30 0.06939661 
763 1402 17 24 0.0623501 
347 347 15 18 0.055508465 
401 1384 26 31 0.04614092 
855 1399 61 79 0.04309212 
374 333 14 18 0.04154754 
364 411 19 21 0.033740554 
333 371 11 15 0.033211928 
786 1368 18 23 0.032847643 
804 1321 22 29 0.03199738 
396 1260 44 54 0.030652413 
342 363 13 16 0.03048284 
320 1313 47 68 0.029964184 
998 1372 22 36 0.029796686 
299 1267 26 33 0.029329853 
356 364 14 17 0.028684644 
455 1356 31 43 0.028512726 
796 1275 45 57 0.028117694 
337 412 16 20 0.02773942 
348 361 16 19 0.027678655 
830 502 46 57 0.026600262 
550 391 26 33 0.026535727 
706 1286 27 33 0.02648565 
619 1347 19 22 0.026417842 
668 1300 13 17 0.02599583 
109 467 31 33 0.025831375 
715 1370 13 18 0.0253024 
683 1369 14 17 0.025270065 
802 439 24 30 0.025056569 
253 382 17 20 0.024872603 
676 1286 24 33 0.024345886 
656 1311 23 29 0.024055041 
316 377 360 466 0.023855127 
585 1311 38 46 0.023655463 
720 1272 29 35 0.023649087 
800 518 52 59 0.023560895 
654 1277 41 49 0.023091417 
793 1374 16 21 0.02266405 
324 366 15 17 0.022184053 
647 1315 23 31 0.021973256 
402 1289 48 60 0.021879047 
203 530 18 20 0.02138403 
681 1447 20 22 0.021261532 
564 1327 39 43 0.02122192 
940 347 28 34 0.021088654 
332 399 24 31 0.020995764 
693 1329 41 53 0.020953929 
545 1332 41 44 0.020828983 
412 363 26 31 0.020680238 
339 1431 16 18 0.020679059 
416 1385 18 24 0.020650677 
392 325 12 17 0.02059101 
705 1443 23 29 0.020253953 
796 1299 16 21 0.020228887 
333 380 12 15 0.020165782 
681 1375 24 30 0.020097006 
855 317 210 239 0.0200742 
635 1316 23 31 0.02006446 
