7_Cheering_Cheering_7_426
123
308 1007 64 75 0.9956381 
855 1183 39 48 0.9757243 
498 1016 56 70 0.566991 
772 1134 27 37 0.41457117 
3 1328 47 56 0.40566295 
586 1051 59 63 0.4041377 
856 321 25 30 0.18613859 
556 1037 74 72 0.16660342 
379 510 28 36 0.13782729 
915 1194 17 26 0.13704874 
570 1328 47 60 0.13134532 
70 1084 45 60 0.12749124 
886 1104 10 13 0.108973466 
88 1343 43 45 0.100800455 
454 162 47 54 0.09781542 
25 1325 48 55 0.09707367 
372 359 41 70 0.09328761 
613 866 56 54 0.0924133 
873 1131 11 15 0.0872077 
757 116 8 11 0.08153022 
524 1024 72 75 0.07711556 
3 989 15 20 0.070022926 
892 344 15 20 0.06604892 
608 1037 58 72 0.06556784 
722 102 8 9 0.06463695 
304 1317 36 48 0.06428472 
57 1275 64 59 0.06298184 
409 511 24 33 0.06261383 
977 1091 12 17 0.056463774 
415 465 21 28 0.056220267 
722 96 9 10 0.056127824 
329 1330 42 52 0.055953316 
705 100 9 12 0.055341672 
241 1229 10 13 0.055328622 
788 1204 28 42 0.055096585 
821 1101 11 14 0.05313549 
791 1031 9 12 0.05179874 
421 464 10 13 0.051413618 
746 1211 24 37 0.04914272 
44 1081 48 63 0.048372846 
724 1172 24 33 0.048371702 
520 1040 45 45 0.048245654 
806 1061 10 13 0.047590543 
347 1355 37 37 0.046880275 
316 78 11 13 0.046771243 
914 1151 15 21 0.044588793 
356 1013 56 66 0.044242967 
789 1049 11 15 0.043044858 
693 1252 37 45 0.04263778 
389 332 74 117 0.04151212 
599 1328 55 62 0.040350147 
30 1268 71 53 0.039707184 
369 1354 27 37 0.03938513 
37 1022 10 12 0.038676232 
470 1011 73 102 0.037238833 
804 1206 22 38 0.036848754 
754 43 10 14 0.036695857 
699 269 12 15 0.036673583 
3 991 22 31 0.035700444 
135 1130 43 45 0.03517736 
839 133 12 14 0.034308717 
626 21 8 11 0.03376852 
315 71 11 13 0.03312713 
258 1242 12 15 0.032934487 
79 1357 39 36 0.032884937 
765 1139 41 55 0.03282733 
444 118 11 13 0.030577907 
160 1024 10 13 0.029895447 
372 888 63 70 0.029326102 
718 111 9 10 0.028598081 
861 360 13 16 0.02857849 
633 152 7 9 0.028431846 
154 1042 15 20 0.0283125 
397 865 14 15 0.027836505 
775 124 14 17 0.027724596 
512 917 39 54 0.02758321 
154 1140 14 15 0.027577056 
171 85 54 67 0.026867585 
894 151 8 11 0.02655598 
259 1024 45 65 0.026366748 
914 149 10 12 0.026316648 
638 116 8 9 0.026069371 
396 31 16 19 0.026007894 
-1 977 35 53 0.025925348 
710 97 8 10 0.025874589 
39 1305 54 61 0.025601836 
307 17 123 146 0.025354197 
718 117 8 10 0.025324333 
754 113 8 11 0.025318436 
699 323 11 16 0.025204 
331 303 101 141 0.024425296 
920 116 9 13 0.024088683 
778 1208 26 37 0.023686422 
426 1340 47 55 0.02361073 
722 89 7 9 0.023486454 
319 1040 61 73 0.023308778 
389 502 45 65 0.023081983 
163 1026 13 16 0.023032723 
532 930 28 37 0.022972057 
76 1305 54 63 0.022951383 
771 1179 41 62 0.022869121 
800 1059 12 15 0.022823928 
452 975 77 112 0.022781018 
764 1207 28 39 0.022614904 
876 1137 11 15 0.022426445 
164 84 12 15 0.021956097 
876 1125 14 20 0.021903317 
815 1106 12 14 0.021815956 
796 1038 10 12 0.021814562 
491 452 11 14 0.021722797 
194 97 29 35 0.02168998 
884 1128 13 17 0.021521006 
883 1113 13 17 0.02139527 
282 996 55 70 0.021256173 
918 1134 10 13 0.020729048 
710 261 11 13 0.02066946 
882 1107 12 16 0.020614062 
781 120 9 12 0.020407844 
627 882 55 63 0.020387 
739 234 11 14 0.020305121 
127 69 89 106 0.020285439 
695 87 8 9 0.020176385 
711 180 8 10 0.020095905 
