7_Cheering_Cheering_7_536
91
329 306 26 33 0.9811304 
515 332 39 67 0.9486326 
246 232 26 31 0.8970533 
333 259 27 33 0.87175 
206 224 26 33 0.8511769 
931 290 41 44 0.7957656 
1 217 29 41 0.6880476 
0 343 19 32 0.677901 
214 261 31 34 0.6040725 
176 255 28 32 0.5912051 
625 245 64 79 0.5360817 
999 239 24 41 0.5155661 
895 243 29 33 0.4758275 
98 240 28 30 0.42094964 
254 310 28 39 0.39600474 
134 247 29 35 0.36066264 
876 265 26 32 0.3003374 
315 229 24 28 0.24419461 
645 260 39 47 0.19773573 
848 281 31 39 0.1893142 
-2 276 25 33 0.17002687 
726 281 64 102 0.16933808 
507 256 41 48 0.16831614 
43 216 30 33 0.1450191 
135 233 27 32 0.1256136 
126 332 27 30 0.11495428 
199 235 37 47 0.1130693 
266 253 24 28 0.089965135 
460 272 25 28 0.084819354 
356 239 22 26 0.080329314 
400 243 25 28 0.07326874 
603 248 54 68 0.06903548 
997 396 26 37 0.067928635 
433 248 26 29 0.056810137 
895 258 47 55 0.053897172 
1013 346 12 19 0.05249814 
190 245 30 36 0.050630845 
345 247 25 31 0.049085233 
880 244 46 52 0.046879057 
974 475 42 55 0.046861183 
87 355 28 34 0.04655049 
17 208 40 51 0.045570146 
525 268 31 37 0.044948634 
49 228 32 35 0.043348253 
598 282 34 45 0.043328207 
862 43 168 259 0.042707518 
23 294 25 31 0.039589606 
271 577 46 53 0.03591997 
680 256 84 106 0.035233002 
995 415 32 42 0.035226196 
315 222 19 22 0.03455724 
325 250 28 34 0.033834744 
828 125 11 13 0.033132933 
8 284 28 37 0.032327242 
33 224 33 36 0.030710598 
581 328 38 60 0.028454851 
852 265 43 51 0.028111419 
188 538 45 56 0.027441988 
121 307 41 45 0.026441928 
180 632 12 14 0.026419261 
531 335 46 68 0.026341446 
825 120 9 12 0.026142603 
62 237 28 32 0.025407773 
413 247 27 31 0.025028162 
372 270 26 28 0.024992688 
652 237 85 105 0.024761455 
364 241 26 30 0.024741864 
205 647 9 11 0.024667453 
513 488 36 45 0.02403409 
609 252 26 34 0.024009189 
120 285 43 49 0.023960976 
129 330 41 47 0.022850199 
565 338 42 65 0.022722432 
564 256 26 33 0.022599112 
258 261 27 33 0.02218478 
729 225 37 41 0.021901047 
589 295 32 41 0.021862103 
248 274 44 56 0.021793326 
79 315 26 31 0.021599451 
382 244 27 29 0.021583157 
232 264 29 35 0.021033296 
718 286 105 152 0.02099768 
539 279 28 33 0.020924157 
143 288 43 48 0.020909565 
77 280 28 33 0.020781567 
501 268 30 34 0.02071517 
553 488 32 42 0.02060861 
81 391 131 162 0.020580031 
119 249 30 34 0.020387229 
605 185 99 134 0.020246051 
189 535 22 35 0.020151485 
