7_Cheering_Cheering_7_195
91
457 470 52 59 0.9977163 
188 593 61 59 0.92283225 
230 924 75 57 0.8322699 
337 526 37 50 0.5171451 
288 514 56 67 0.5148598 
676 615 54 59 0.4255794 
429 971 65 71 0.41025275 
626 807 35 37 0.38405123 
238 894 73 57 0.37353444 
589 876 43 56 0.26434055 
601 484 57 73 0.18227546 
555 473 31 41 0.16703488 
413 509 42 52 0.15178648 
683 789 28 30 0.0976018 
270 366 26 33 0.0868966 
823 489 27 30 0.08611404 
639 805 23 25 0.08205397 
571 879 42 52 0.07596068 
353 781 29 36 0.07279119 
733 740 48 51 0.07054862 
514 503 48 61 0.06798691 
156 593 28 39 0.06196906 
789 106 29 38 0.060864806 
744 806 24 32 0.059496652 
591 1040 46 58 0.059214674 
387 523 44 56 0.058433194 
257 493 92 107 0.05745758 
176 764 55 62 0.0564169 
270 540 29 38 0.056260105 
269 867 61 59 0.05536948 
126 477 28 34 0.05488349 
597 864 28 43 0.05436278 
288 848 52 63 0.05433352 
614 464 53 62 0.050176624 
229 911 97 124 0.048705883 
846 911 25 31 0.04033502 
806 864 26 30 0.039287746 
598 894 54 60 0.034247182 
264 912 59 69 0.034118064 
714 749 48 53 0.033831503 
435 970 41 43 0.033791844 
951 157 27 33 0.032947585 
965 203 29 37 0.032892834 
536 48 30 39 0.031628452 
173 582 53 59 0.03145634 
140 279 26 30 0.031350743 
596 712 23 36 0.031322144 
298 872 53 57 0.031098891 
595 852 56 69 0.030898876 
608 800 44 53 0.030823369 
191 903 61 54 0.030273493 
97 394 27 32 0.030164668 
602 708 13 17 0.02968065 
618 502 56 66 0.029429702 
241 917 49 44 0.028426271 
563 892 33 40 0.028018445 
219 580 51 56 0.027878605 
682 774 26 33 0.027570782 
893 2 30 29 0.026822206 
691 763 52 56 0.026498733 
560 482 48 62 0.026366992 
239 569 46 58 0.026035111 
614 812 52 61 0.025884055 
178 337 26 32 0.025789594 
681 778 46 52 0.025152065 
205 110 29 36 0.023756154 
324 746 32 34 0.023725592 
599 498 36 47 0.023545032 
748 807 14 17 0.023270076 
948 799 27 30 0.0232153 
369 516 44 57 0.023068085 
44 321 29 35 0.022927282 
520 910 27 39 0.022317242 
715 778 52 63 0.02215227 
222 871 76 59 0.022133157 
337 755 20 21 0.02207378 
38 454 26 33 0.022061786 
594 734 31 40 0.022012131 
317 529 43 59 0.02200861 
291 837 31 53 0.02177439 
161 767 43 40 0.021771822 
278 102 28 34 0.021570817 
631 802 15 20 0.021554036 
184 923 53 54 0.020900536 
827 1093 32 35 0.02089019 
545 950 48 57 0.020885484 
140 827 42 38 0.020846156 
609 1392 28 32 0.02079606 
596 784 44 55 0.02055877 
601 471 38 52 0.020416722 
784 743 33 37 0.020405574 
