7_Cheering_Cheering_7_345
247
451 155 26 40 0.9919431 
229 376 23 32 0.9864389 
550 351 27 31 0.9851409 
253 371 23 29 0.9764691 
2 311 20 31 0.9357377 
803 395 25 34 0.8726373 
581 391 25 30 0.838582 
601 191 27 35 0.8205325 
856 359 23 31 0.81077576 
355 402 23 28 0.78850794 
265 394 22 28 0.788224 
238 373 23 31 0.7424173 
458 391 23 31 0.7192682 
877 378 17 21 0.6379781 
755 376 26 30 0.5734927 
903 358 24 30 0.46739548 
87 380 24 26 0.4132083 
210 413 15 18 0.39375553 
863 353 20 27 0.30879986 
870 348 16 20 0.27572033 
331 419 21 34 0.2732916 
467 386 25 37 0.22448227 
201 385 18 22 0.21918666 
915 333 12 16 0.20391622 
860 406 20 26 0.20191805 
339 386 13 21 0.1990363 
290 414 18 24 0.19120553 
146 408 23 31 0.18139625 
883 375 23 29 0.17780584 
866 369 24 30 0.17382342 
541 346 25 33 0.1695337 
27 369 15 19 0.15922289 
19 371 25 28 0.1478882 
185 372 16 20 0.13830772 
979 425 32 43 0.11810619 
974 304 14 20 0.11742972 
754 386 31 39 0.116137795 
480 394 30 39 0.112152845 
159 408 21 30 0.10170392 
194 377 20 25 0.100577265 
889 368 25 30 0.10017682 
947 314 14 20 0.09837879 
433 156 34 41 0.091302216 
200 397 24 29 0.08982628 
448 138 25 42 0.08959958 
453 392 39 48 0.08730263 
683 235 14 23 0.08721694 
788 397 30 35 0.085319355 
40 427 28 28 0.08500623 
924 353 12 19 0.08490125 
915 357 14 20 0.08273162 
102 420 38 41 0.07973648 
587 72 30 36 0.077038065 
7 478 13 20 0.06472714 
186 401 15 20 0.06409132 
25 365 13 15 0.06185415 
403 191 26 36 0.061412495 
43 418 18 20 0.06080279 
779 363 13 16 0.05977998 
940 299 13 17 0.059728324 
642 315 17 18 0.059459373 
612 322 14 17 0.058091078 
979 275 12 16 0.057877135 
357 398 16 20 0.05725821 
912 328 10 12 0.056649826 
475 75 34 47 0.05559247 
92 374 17 20 0.05437601 
82 379 41 43 0.05403824 
890 390 17 23 0.05397292 
54 394 14 18 0.053618874 
170 410 15 24 0.05307686 
176 404 22 32 0.051977523 
815 397 17 24 0.05169825 
460 133 12 19 0.050993573 
690 431 15 18 0.050880313 
339 370 14 19 0.050157797 
326 57 41 52 0.0500363 
435 170 16 22 0.048993915 
332 367 16 20 0.047650922 
534 501 10 12 0.046610508 
768 383 18 22 0.046396907 
261 382 23 31 0.045439553 
525 366 14 19 0.045401394 
587 379 24 32 0.04475793 
311 653 8 9 0.044663835 
98 436 33 32 0.04424107 
685 436 13 16 0.04365135 
27 393 12 16 0.042994224 
16 384 26 31 0.0426958 
437 386 26 37 0.041540135 
173 380 11 16 0.041402027 
719 383 41 57 0.040504087 
185 368 11 14 0.040501434 
196 493 28 33 0.040087484 
35 377 13 19 0.03973162 
350 407 17 21 0.039209716 
148 424 16 21 0.038608707 
593 86 28 35 0.0383348 
362 414 15 19 0.03783873 
775 395 29 36 0.037545744 
165 364 12 14 0.037539177 
941 305 14 20 0.037209943 
674 429 29 32 0.03706298 
990 318 13 17 0.03704475 
571 336 13 18 0.036755554 
44 382 12 16 0.036672257 
237 433 17 25 0.036417052 
186 394 40 47 0.036310747 
333 377 17 24 0.036015533 
348 392 15 22 0.035948474 
749 406 24 35 0.0359056 
175 372 10 14 0.035688303 
458 139 26 45 0.03558681 
197 435 17 23 0.035519805 
158 424 25 35 0.03535835 
750 421 13 23 0.03480499 
799 445 28 33 0.034375567 
13 384 16 21 0.034295082 
108 376 14 19 0.03408898 
478 490 12 17 0.033325486 
315 482 14 17 0.03274289 
173 402 14 23 0.032554418 
611 455 25 34 0.032368228 
395 376 24 32 0.032157432 
941 347 15 19 0.031884387 
643 416 14 19 0.0316268 
443 395 29 37 0.031584915 
810 388 18 24 0.03157781 
780 369 15 20 0.031444166 
284 411 18 22 0.031355828 
957 306 15 23 0.030961048 
168 415 21 35 0.03073096 
165 384 15 19 0.030681174 
965 304 15 24 0.030576397 
338 432 28 39 0.030245207 
15 364 12 14 0.02982931 
201 480 45 58 0.029760344 
26 379 22 27 0.029723039 
133 487 18 23 0.029610755 
592 372 16 18 0.02933991 
181 395 15 23 0.029326847 
828 415 24 29 0.02924118 
993 324 13 16 0.029087465 
967 376 24 36 0.029075287 
533 349 16 23 0.028987972 
403 400 16 23 0.028790154 
146 430 23 31 0.02844278 
437 181 29 34 0.028351579 
901 415 23 30 0.028339665 
734 377 41 52 0.028076312 
195 373 13 17 0.027972005 
340 397 15 22 0.027654706 
668 441 33 39 0.027598346 
326 389 24 27 0.027591784 
329 364 11 15 0.027590195 
216 410 15 19 0.02736488 
907 349 16 19 0.027040625 
0 468 10 20 0.026880318 
305 417 24 32 0.026721839 
814 675 15 18 0.026588006 
811 672 24 29 0.026515346 
84 389 20 24 0.026498228 
790 343 11 13 0.026384154 
978 378 16 22 0.026341189 
876 358 13 19 0.026239237 
157 361 14 16 0.02617287 
171 391 21 29 0.026120225 
901 349 14 17 0.026091263 
164 370 15 17 0.025945157 
1012 606 12 20 0.025881298 
754 494 10 12 0.025825346 
867 396 25 31 0.025765931 
925 416 27 36 0.025710542 
951 363 23 36 0.025678372 
762 398 18 23 0.025619216 
895 363 16 19 0.025598189 
501 393 25 33 0.025540091 
173 366 9 14 0.025303409 
749 395 14 22 0.025217354 
798 387 15 20 0.025206994 
835 410 22 26 0.025150253 
444 245 17 22 0.025097419 
388 526 10 13 0.02503292 
197 410 14 18 0.025024718 
810 406 26 32 0.024563678 
938 387 16 19 0.024554934 
172 427 23 36 0.024381956 
898 393 17 21 0.024139 
651 317 16 21 0.023981547 
316 419 25 32 0.023936922 
658 320 15 21 0.02367973 
325 63 27 32 0.023608856 
406 398 24 30 0.023568213 
823 404 23 28 0.023445321 
510 359 27 33 0.023393644 
423 164 31 35 0.023383753 
689 233 17 23 0.023304489 
442 385 16 24 0.023254436 
778 552 15 16 0.023163838 
152 362 12 16 0.023055665 
356 498 19 20 0.022993239 
720 532 13 15 0.022960825 
49 400 17 20 0.022813082 
807 413 39 45 0.022783918 
161 389 23 31 0.022711726 
939 380 25 30 0.022482242 
374 476 10 13 0.02245227 
512 525 11 14 0.022443892 
311 404 12 15 0.022335634 
453 135 16 25 0.022328375 
876 388 17 23 0.022262229 
244 402 14 19 0.022257445 
779 415 15 20 0.022250347 
271 404 20 24 0.022160966 
589 154 12 16 0.022011971 
156 385 16 19 0.022003137 
167 376 21 26 0.021962566 
445 377 39 49 0.021898052 
133 404 24 34 0.021886202 
160 533 32 39 0.02186727 
349 465 14 17 0.021841256 
475 379 16 22 0.021777779 
88 420 29 30 0.021552412 
276 415 25 32 0.021520538 
133 392 14 19 0.021368379 
906 401 16 21 0.021134512 
463 366 28 35 0.021131966 
345 378 15 19 0.021098707 
282 401 15 19 0.021070747 
43 438 18 20 0.021005614 
957 385 31 45 0.020994896 
339 80 30 33 0.020921886 
603 188 18 23 0.020878224 
340 403 22 34 0.020796763 
685 52 104 121 0.020739429 
5 376 17 23 0.020613696 
280 685 11 12 0.020530302 
796 693 15 18 0.020284396 
343 400 36 47 0.02025848 
855 409 16 22 0.020195324 
451 201 15 22 0.020194296 
0 444 8 17 0.020174474 
531 362 13 18 0.02017032 
533 677 45 52 0.020134922 
934 403 37 49 0.02012669 
154 403 18 25 0.020075493 
693 232 26 29 0.020052968 
