7_Cheering_Cheering_7_413
88
428 362 32 40 0.99926704 
927 380 58 73 0.9991954 
485 428 58 87 0.99869764 
270 339 27 39 0.9977785 
735 362 30 36 0.9974962 
542 347 32 41 0.9973737 
843 376 37 44 0.9965835 
728 451 84 103 0.9959441 
618 370 37 49 0.99269825 
168 335 22 31 0.99221146 
343 414 42 57 0.98962796 
37 334 22 27 0.9866291 
382 339 16 19 0.98300445 
45 386 32 36 0.98158574 
68 331 21 26 0.97163445 
250 333 13 19 0.9449916 
750 385 42 52 0.94320875 
319 348 22 28 0.9225624 
155 380 32 55 0.911849 
203 332 12 17 0.8719101 
353 283 11 15 0.84933305 
6 342 25 32 0.70530075 
496 391 35 36 0.59848523 
992 371 32 46 0.57487875 
339 330 23 27 0.5669836 
228 435 30 33 0.23657484 
961 368 50 62 0.1315937 
740 370 39 48 0.12492836 
246 502 50 67 0.12492103 
4 339 17 21 0.12479633 
42 371 16 19 0.114824854 
509 383 33 37 0.09700734 
204 360 15 20 0.084822625 
0 462 13 20 0.0678897 
1008 382 15 26 0.06591574 
154 371 23 35 0.06228947 
442 472 42 54 0.061433867 
238 373 20 27 0.057074673 
296 452 51 55 0.054347746 
1 341 12 16 0.052406438 
0 491 12 18 0.0500917 
27 390 13 18 0.046281043 
219 430 47 54 0.042284176 
37 374 25 31 0.041817434 
768 383 31 39 0.040062677 
168 382 39 51 0.03960003 
315 360 23 32 0.03738692 
-1 454 22 32 0.035304204 
316 339 16 20 0.034296885 
498 388 21 26 0.03383072 
177 335 24 29 0.033574045 
641 85 11 12 0.033523142 
629 87 10 11 0.03337023 
19 347 24 31 0.03242493 
488 350 13 17 0.031658176 
326 433 46 54 0.031400137 
353 334 17 22 0.031184155 
18 338 17 22 0.030642826 
334 331 18 22 0.029878275 
30 335 18 24 0.028626205 
694 132 9 12 0.027680164 
321 341 19 22 0.027194288 
464 438 50 70 0.02676363 
29 377 13 17 0.026623508 
24 385 24 31 0.026595306 
686 85 14 15 0.02580731 
35 364 44 52 0.02480424 
667 123 56 76 0.024636853 
244 365 14 19 0.024338037 
210 357 15 18 0.024078092 
703 429 31 39 0.023903416 
651 374 26 36 0.02370624 
479 393 45 59 0.023233548 
195 368 23 29 0.023112807 
647 198 9 11 0.02282914 
196 350 20 25 0.022824636 
0 361 10 19 0.022600321 
184 402 33 38 0.022197079 
230 357 11 15 0.022163892 
22 333 13 16 0.022109415 
405 346 13 17 0.021569395 
484 390 29 38 0.021470718 
631 136 9 11 0.020882761 
385 351 24 31 0.020876331 
659 65 14 17 0.02074065 
355 370 17 22 0.020702815 
745 356 28 32 0.020333037 
186 382 29 40 0.020165583 
