7_Cheering_Cheering_7_404
39
473 211 31 34 0.9990227 
304 352 37 43 0.99775106 
584 339 40 49 0.9837991 
131 469 22 27 0.91143334 
719 461 23 27 0.87603325 
784 108 145 170 0.5569904 
481 607 79 66 0.26778924 
393 619 38 34 0.1848788 
507 612 44 39 0.099934265 
405 616 66 53 0.088007644 
598 634 42 64 0.08454706 
753 648 9 13 0.07826981 
39 154 99 122 0.0654381 
127 478 22 30 0.04079848 
432 614 78 66 0.039579988 
344 561 49 61 0.03907514 
427 511 15 22 0.03709762 
469 581 65 67 0.035414875 
294 683 22 29 0.034348186 
385 626 31 33 0.033284113 
709 452 39 51 0.03315142 
424 565 109 102 0.03247029 
656 299 44 64 0.03071087 
285 701 12 17 0.029940521 
614 623 39 67 0.029701352 
530 620 36 34 0.029574411 
622 607 15 24 0.02870495 
421 492 28 46 0.027954504 
467 554 17 22 0.02418443 
267 315 43 57 0.02367081 
36 459 13 18 0.02292419 
288 655 31 38 0.02188041 
439 552 32 38 0.021562092 
734 712 45 57 0.02156002 
515 601 93 102 0.021315409 
163 405 27 33 0.02095285 
288 328 47 58 0.020887103 
299 674 24 29 0.020884722 
311 715 14 17 0.020137735 
