7_Cheering_Cheering_7_29
1413
443 170 14 17 0.9900365 
889 216 15 20 0.9839319 
811 370 14 17 0.9638998 
977 337 14 19 0.9449093 
908 127 13 18 0.93341476 
571 219 15 19 0.9192948 
899 351 15 20 0.9126984 
21 152 16 19 0.9056469 
271 106 12 15 0.88576365 
936 117 11 15 0.8547143 
205 93 11 15 0.8482501 
590 97 11 14 0.8430136 
245 46 10 12 0.8422344 
962 300 13 17 0.8362033 
883 368 15 19 0.8293106 
533 139 11 13 0.82258934 
591 125 13 17 0.8046972 
605 83 10 13 0.7939995 
619 179 13 17 0.7864434 
278 87 10 12 0.77581424 
380 116 14 17 0.7576976 
340 131 14 16 0.74396515 
678 118 12 14 0.7347681 
218 70 9 11 0.72457016 
803 278 13 17 0.71038944 
325 274 15 19 0.6936588 
880 249 12 15 0.6902508 
707 101 13 16 0.6851067 
679 178 14 17 0.65666956 
155 267 15 17 0.64268494 
822 98 10 13 0.6255354 
921 95 9 12 0.6191385 
904 83 11 13 0.6126984 
684 272 16 19 0.6079535 
622 112 14 17 0.60717446 
173 77 10 13 0.59138614 
254 229 14 18 0.5879452 
224 141 11 14 0.5877694 
410 200 14 17 0.58627874 
761 130 12 15 0.585165 
255 138 16 19 0.57735205 
1003 333 15 19 0.57520837 
94 294 12 14 0.57425964 
766 326 14 18 0.57424587 
802 101 9 13 0.56452864 
725 163 14 17 0.55906904 
1005 88 10 12 0.55715775 
41 357 12 15 0.5380676 
719 117 12 16 0.5275381 
1000 188 12 15 0.5243903 
436 126 12 17 0.5156755 
192 160 12 17 0.51527387 
193 119 9 12 0.5088678 
551 90 12 14 0.48423436 
44 307 14 19 0.47992826 
836 340 16 18 0.47609925 
517 86 11 13 0.46296594 
408 328 11 12 0.4585577 
68 277 13 17 0.4580214 
195 274 12 14 0.4469274 
705 291 23 25 0.43839628 
454 338 11 13 0.43165722 
76 75 10 13 0.42829263 
165 147 9 12 0.42301074 
356 245 12 15 0.41845468 
664 55 10 13 0.41816536 
972 93 12 15 0.40829846 
310 87 10 12 0.4075797 
823 166 13 16 0.4023108 
172 109 11 14 0.39892086 
669 77 11 15 0.39557314 
901 326 12 16 0.39080355 
211 243 11 13 0.3852788 
100 213 13 17 0.38470137 
994 222 14 17 0.37709084 
127 269 13 16 0.37665796 
968 92 10 14 0.37431374 
909 175 13 15 0.3733193 
788 213 13 15 0.3722758 
823 268 13 16 0.36890975 
855 212 11 13 0.36212596 
697 132 11 14 0.3611954 
151 114 10 12 0.3540127 
976 194 13 15 0.34548968 
950 252 11 15 0.33639172 
613 361 11 13 0.33574638 
415 352 10 13 0.3339468 
477 334 13 16 0.33303198 
479 308 12 15 0.33240372 
79 155 11 15 0.33056393 
936 295 13 16 0.31819323 
371 152 15 20 0.31531265 
943 93 11 14 0.31105456 
40 94 10 13 0.30578113 
556 88 10 13 0.30524743 
927 226 12 16 0.30038258 
767 268 13 16 0.2987592 
844 96 10 12 0.29714632 
513 87 10 13 0.29600587 
111 129 12 15 0.29271305 
888 173 11 14 0.2840873 
247 103 9 12 0.28400007 
559 187 12 14 0.2815283 
445 80 11 13 0.27659222 
670 242 24 27 0.2759611 
103 331 11 15 0.27246404 
168 118 9 11 0.27030528 
922 285 13 15 0.27016157 
350 342 10 13 0.26930887 
515 279 14 15 0.26795068 
979 123 10 14 0.26757485 
66 335 12 13 0.26639113 
607 100 10 13 0.26624072 
372 296 11 13 0.26416296 
505 81 8 10 0.26340538 
319 276 13 16 0.2609198 
84 148 11 15 0.26013544 
403 295 11 13 0.25635746 
161 142 10 13 0.25614065 
270 161 24 28 0.2545515 
1012 205 10 15 0.25353187 
823 233 13 17 0.2528441 
466 358 13 15 0.25017008 
888 90 11 15 0.24956447 
289 208 14 17 0.24341573 
72 91 10 12 0.23779063 
331 57 12 15 0.23627356 
237 301 8 11 0.23612992 
166 325 11 14 0.22840999 
973 213 15 18 0.22790529 
622 207 21 27 0.2254075 
379 200 16 20 0.2186967 
249 292 11 14 0.21855476 
855 125 11 12 0.21588925 
949 165 9 12 0.21068017 
2 114 12 15 0.21007827 
766 284 10 12 0.20696284 
577 127 11 14 0.2061982 
658 104 14 17 0.2055701 
504 215 10 13 0.20530313 
200 462 25 30 0.2045351 
922 140 11 15 0.20411009 
708 96 11 13 0.19931404 
826 294 12 14 0.19920497 
119 245 11 15 0.19739446 
536 102 10 13 0.19678605 
44 348 15 18 0.19225314 
766 487 25 24 0.1917508 
880 109 12 15 0.19089657 
676 76 11 14 0.18995658 
960 117 10 13 0.18974012 
98 312 13 17 0.18952923 
497 107 10 14 0.1885723 
620 133 14 18 0.18752693 
950 189 11 14 0.1870209 
312 112 10 13 0.18686563 
153 318 11 13 0.18437348 
909 100 10 12 0.18339397 
37 167 13 16 0.18279158 
523 155 10 13 0.18204312 
624 87 10 12 0.18187399 
387 311 11 13 0.1818577 
62 361 12 14 0.18090935 
309 229 16 21 0.18070604 
157 102 9 11 0.17835936 
880 55 11 14 0.1781944 
960 86 8 11 0.17811893 
990 100 10 12 0.17741446 
666 156 16 19 0.17715077 
318 109 10 14 0.17488459 
678 139 13 15 0.17470029 
366 363 13 18 0.17032409 
854 94 8 10 0.16884531 
469 310 13 16 0.16854595 
605 237 14 17 0.16835932 
90 91 9 13 0.16811156 
920 196 12 14 0.16351536 
368 299 11 13 0.16187535 
904 172 12 16 0.16111046 
737 106 10 13 0.16001399 
758 109 12 14 0.15939413 
845 233 13 16 0.15920074 
559 107 9 12 0.15846121 
355 88 14 16 0.15797676 
479 169 12 15 0.15755193 
779 102 12 14 0.15741973 
0 338 13 21 0.15677561 
262 92 9 12 0.15482897 
607 211 13 17 0.15463556 
73 126 9 14 0.1511643 
885 114 9 12 0.15099198 
17 294 14 16 0.1503917 
916 131 12 15 0.14862834 
253 73 12 15 0.1475307 
422 306 11 13 0.14688812 
646 139 10 14 0.14688021 
925 384 12 16 0.1465811 
520 110 11 13 0.14498372 
702 319 15 18 0.14471859 
611 242 14 15 0.14454713 
160 295 10 14 0.14365019 
737 62 9 12 0.14149708 
353 182 10 13 0.140623 
101 205 12 15 0.13974178 
489 275 11 14 0.13956715 
807 211 11 14 0.13941093 
695 70 11 14 0.13936412 
240 263 8 11 0.1364275 
351 92 12 14 0.13574848 
837 202 11 14 0.13487464 
564 158 11 14 0.13470934 
199 318 12 14 0.13172215 
999 262 11 14 0.13146368 
45 98 10 14 0.1309467 
775 310 11 15 0.12929049 
535 255 14 20 0.12899126 
192 152 10 12 0.12570295 
767 100 9 12 0.124009766 
615 420 11 14 0.12388451 
551 188 12 14 0.12331928 
739 139 13 18 0.12311624 
200 70 8 11 0.12310792 
670 100 11 13 0.122180834 
924 133 10 12 0.12041709 
774 316 13 18 0.12022227 
448 318 10 13 0.11993375 
85 316 13 16 0.1199078 
1011 92 12 15 0.11837149 
724 121 12 14 0.1182944 
648 243 12 15 0.11821406 
652 63 10 13 0.11741065 
614 174 14 17 0.11723228 
524 115 10 13 0.11657972 
503 267 10 12 0.11643345 
495 291 11 13 0.1163736 
507 219 13 15 0.115725145 
976 120 11 13 0.11507475 
582 124 10 14 0.114940554 
577 110 8 11 0.11488443 
821 215 15 17 0.114093184 
675 130 14 17 0.11339457 
869 92 9 12 0.11264418 
216 118 10 11 0.11253355 
84 333 13 16 0.11206133 
784 89 10 12 0.11198996 
473 253 11 14 0.111598656 
8 56 8 10 0.11144583 
100 180 16 20 0.111375734 
120 101 9 11 0.11116768 
262 300 12 15 0.11022016 
406 343 11 13 0.10977223 
919 191 10 13 0.10959337 
564 182 12 14 0.10925496 
675 306 15 21 0.10923852 
171 375 12 14 0.10858858 
77 225 14 16 0.10786398 
888 270 11 14 0.10777252 
612 280 24 28 0.10744886 
695 61 10 12 0.10731383 
352 402 12 15 0.10722389 
459 333 10 14 0.10711674 
378 46 10 13 0.1067717 
232 326 10 14 0.10642003 
862 249 13 16 0.106200375 
840 318 14 15 0.104612865 
280 243 12 15 0.10427598 
456 140 12 15 0.10342527 
725 79 8 11 0.10307601 
585 101 10 12 0.10287229 
341 145 15 19 0.10259715 
595 99 11 15 0.10226097 
860 212 11 14 0.10190938 
423 341 11 13 0.10169632 
436 199 10 13 0.10146523 
457 120 10 12 0.10140303 
985 100 10 12 0.10041158 
190 47 8 11 0.0997862 
933 352 15 17 0.09959484 
696 158 10 13 0.09859912 
42 171 12 14 0.09833609 
486 204 10 13 0.09819494 
356 276 13 15 0.09815715 
492 186 12 15 0.0966498 
837 180 10 14 0.09582946 
45 71 11 14 0.095812015 
125 102 9 11 0.09493504 
501 104 10 12 0.09461523 
325 103 10 13 0.094369 
135 116 10 13 0.09343083 
379 183 16 20 0.093276456 
442 131 11 13 0.09305779 
36 263 12 13 0.09278527 
244 70 14 16 0.092008784 
480 84 10 11 0.09180671 
317 184 14 17 0.09177098 
324 107 12 16 0.091489695 
741 62 9 11 0.09124686 
278 130 12 15 0.09114404 
780 135 9 11 0.09071232 
941 134 9 12 0.09063004 
827 229 14 17 0.09041624 
274 100 14 19 0.09009831 
816 308 11 14 0.08919803 
961 123 10 13 0.08919059 
652 38 10 13 0.08878412 
159 24 9 13 0.08869698 
813 212 11 14 0.08844256 
255 108 8 11 0.08828566 
612 85 11 13 0.08819451 
649 42 13 17 0.0877973 
215 124 10 12 0.087634556 
85 339 14 17 0.08742287 
672 125 13 14 0.08729869 
373 332 11 12 0.087156735 
680 243 17 19 0.08662043 
968 285 12 13 0.08645061 
302 71 8 10 0.0863556 
759 104 10 11 0.085970715 
966 87 10 13 0.08578851 
840 234 10 15 0.08575497 
285 130 12 14 0.084943995 
552 111 9 11 0.08489052 
135 134 9 12 0.0847554 
542 86 10 12 0.0847266 
57 80 9 11 0.084665075 
169 319 10 13 0.08391333 
261 70 9 12 0.08381815 
679 252 24 28 0.083645985 
884 326 11 13 0.08317267 
924 203 14 17 0.08305841 
914 177 14 16 0.08301351 
453 84 10 12 0.082961425 
289 51 9 12 0.08256733 
408 349 10 12 0.08246464 
777 106 10 13 0.08237858 
74 85 12 14 0.08236225 
660 285 12 16 0.082139514 
533 224 14 17 0.081590794 
864 103 10 12 0.08130551 
801 96 10 13 0.08124306 
75 130 12 17 0.08079375 
630 370 13 15 0.08078067 
664 304 24 30 0.08069106 
308 264 13 15 0.080331154 
390 143 14 16 0.08031171 
525 199 12 14 0.080231346 
390 161 13 17 0.080062345 
676 156 12 14 0.079905465 
966 125 9 12 0.07990403 
311 181 13 17 0.07977474 
21 125 10 11 0.07955988 
733 235 13 17 0.07931483 
112 348 10 13 0.079301246 
626 136 17 20 0.07924901 
372 278 9 13 0.07904247 
957 111 10 12 0.07889408 
6 141 10 12 0.07862846 
416 408 9 11 0.07857375 
848 291 12 15 0.07844033 
239 97 10 12 0.07833257 
265 109 11 14 0.07813167 
923 98 11 13 0.07791679 
1007 98 9 12 0.07789021 
849 275 12 16 0.07786662 
152 322 13 17 0.07779085 
118 406 13 17 0.07731745 
1003 195 14 16 0.07730962 
678 145 12 17 0.07725466 
883 332 11 14 0.0770235 
377 93 10 13 0.07681908 
110 341 10 13 0.07671925 
183 79 9 12 0.07608842 
876 261 12 15 0.07587605 
508 149 11 15 0.07553596 
384 405 12 14 0.07552181 
441 83 11 13 0.075321935 
462 62 11 11 0.07529072 
726 180 13 16 0.07528415 
207 192 12 15 0.075111575 
485 181 12 16 0.07503378 
765 333 16 21 0.074959815 
581 108 11 14 0.07473312 
727 361 13 16 0.074514925 
551 129 12 15 0.074273095 
137 111 9 12 0.07422838 
856 131 12 14 0.07406867 
49 143 8 11 0.07371039 
956 335 9 12 0.07353445 
16 325 11 15 0.07351444 
951 87 10 12 0.07349948 
525 181 11 14 0.073316514 
284 254 11 14 0.07306431 
202 99 10 12 0.07287878 
189 79 8 11 0.07287745 
417 355 13 15 0.07257778 
903 93 12 16 0.07251148 
344 99 11 14 0.07247521 
618 288 15 17 0.072409466 
303 328 14 18 0.07237222 
239 70 13 15 0.071782224 
158 136 11 13 0.07162426 
420 348 13 16 0.07161342 
757 259 12 14 0.07133369 
959 275 10 12 0.07090848 
768 38 10 13 0.07068049 
158 117 10 12 0.070569396 
560 162 12 14 0.07047934 
545 93 11 13 0.07041999 
620 121 16 19 0.07033069 
955 253 12 16 0.07031157 
891 275 12 14 0.070094295 
222 109 10 12 0.07004955 
502 181 13 17 0.0688879 
635 138 15 18 0.06868666 
716 188 10 13 0.068025455 
735 122 10 13 0.06787997 
31 88 9 10 0.06770598 
479 177 14 17 0.06766789 
533 172 13 17 0.06759465 
799 159 10 11 0.06743387 
399 344 9 11 0.06732652 
306 211 12 14 0.067236796 
945 186 12 16 0.067235574 
30 93 11 13 0.067143895 
1002 93 9 12 0.066965036 
188 84 9 11 0.0667418 
544 189 11 14 0.066100344 
318 253 11 13 0.06608738 
414 343 11 14 0.06598089 
765 150 13 17 0.06579209 
303 205 11 15 0.06579085 
655 467 13 15 0.06549944 
965 118 9 12 0.0648832 
1007 116 8 11 0.064874254 
173 318 9 11 0.06463929 
983 95 10 13 0.06463752 
469 64 11 12 0.0646077 
509 264 10 12 0.06446771 
132 259 14 17 0.06391674 
660 125 11 14 0.06376519 
145 155 9 11 0.06372421 
308 325 14 17 0.0635308 
814 477 11 13 0.0633818 
951 103 10 11 0.06317686 
170 73 9 11 0.063169025 
113 99 9 12 0.06299002 
685 149 10 13 0.06292633 
144 95 8 11 0.062790215 
731 168 13 15 0.06263761 
660 140 13 14 0.061612494 
1002 183 15 17 0.061490145 
691 291 15 19 0.061288297 
186 217 17 21 0.061229013 
829 171 11 14 0.06079207 
272 79 9 11 0.060762975 
978 217 13 17 0.060648832 
80 322 14 16 0.060584713 
474 339 12 14 0.060432278 
618 252 13 17 0.060171675 
598 440 9 12 0.06015275 
173 105 9 12 0.06000806 
803 234 13 14 0.05997133 
940 140 13 16 0.059943467 
502 114 9 12 0.05990682 
460 123 11 12 0.059558157 
949 269 10 15 0.059477594 
768 207 10 13 0.059383113 
718 168 15 18 0.05924949 
711 115 12 16 0.059150107 
205 108 10 12 0.058886524 
206 249 14 17 0.058868147 
785 494 12 13 0.058805794 
481 203 10 13 0.058781385 
917 201 15 18 0.05867065 
116 346 12 16 0.05851284 
206 239 19 23 0.058376946 
254 297 13 15 0.058372978 
893 206 12 15 0.05806138 
155 109 11 14 0.05805812 
835 116 11 14 0.0579616 
328 78 10 14 0.057663403 
117 119 10 12 0.057579514 
816 218 11 15 0.057349358 
134 94 9 12 0.05728444 
134 87 8 11 0.057228103 
240 296 10 13 0.057224028 
628 89 11 14 0.057204314 
278 259 12 14 0.05720061 
791 295 9 13 0.057114597 
492 200 14 17 0.05688378 
957 104 8 10 0.056725275 
925 146 10 13 0.05655041 
80 331 13 15 0.056518145 
207 141 11 14 0.056487672 
810 275 14 17 0.05648443 
483 166 11 13 0.056365933 
492 271 10 13 0.056250952 
927 125 10 14 0.056212943 
440 334 9 13 0.05606338 
113 109 9 11 0.055892356 
543 119 9 11 0.055629812 
380 158 14 19 0.055574697 
457 60 11 12 0.05544992 
798 236 13 15 0.055433642 
382 333 11 13 0.055259634 
454 370 12 16 0.055146813 
293 131 11 13 0.05512647 
654 139 12 15 0.055125773 
880 104 9 13 0.054933872 
317 259 12 14 0.054889802 
535 95 9 12 0.054740384 
930 221 14 18 0.05472087 
670 108 11 14 0.05455988 
418 136 15 18 0.054230295 
991 149 11 13 0.054149963 
667 148 14 17 0.05412547 
454 246 13 16 0.05410369 
530 135 10 14 0.053947624 
685 298 12 17 0.0539047 
164 300 9 13 0.05386218 
481 338 15 17 0.053720646 
998 201 13 17 0.053671125 
350 186 14 17 0.053371493 
763 117 11 14 0.053308986 
538 86 8 10 0.05327278 
450 339 10 13 0.05325719 
157 282 12 15 0.0532545 
221 123 11 13 0.05317466 
999 100 8 11 0.052945994 
313 131 11 15 0.052932896 
391 95 11 13 0.05276941 
520 104 9 11 0.052766625 
375 268 9 12 0.052628156 
564 175 13 16 0.052618477 
524 187 11 12 0.052579083 
295 77 9 11 0.052534536 
351 318 10 12 0.05247156 
338 165 14 17 0.052467555 
142 140 9 10 0.052223045 
791 125 9 12 0.05222119 
77 405 12 14 0.052096874 
897 341 16 20 0.052078415 
184 149 9 11 0.052047905 
542 106 9 12 0.052014943 
566 108 8 11 0.05197701 
399 116 13 15 0.051929705 
407 94 10 12 0.05185466 
893 87 10 13 0.051836904 
852 297 13 15 0.05179437 
616 109 11 15 0.051679716 
891 176 12 15 0.051553853 
478 328 14 15 0.05154469 
717 180 13 16 0.051458087 
345 347 11 14 0.051449724 
796 219 13 17 0.051300433 
398 99 11 13 0.051269345 
379 51 12 14 0.051159367 
638 123 12 15 0.05108648 
645 117 10 14 0.05097458 
967 68 9 12 0.050965324 
471 290 12 14 0.050947875 
639 107 9 12 0.050911922 
827 100 9 13 0.050880592 
366 170 12 17 0.05075654 
13 92 8 12 0.050672747 
78 138 12 15 0.05064591 
274 146 16 17 0.05056858 
535 235 11 13 0.050502237 
896 329 14 17 0.050040957 
185 116 9 11 0.04998997 
386 197 14 18 0.049900323 
1009 165 11 13 0.04972501 
110 77 12 16 0.049611952 
96 69 10 13 0.049508348 
161 156 10 12 0.049454153 
508 174 10 13 0.04935911 
804 272 13 15 0.049277473 
202 191 9 13 0.049134843 
610 204 19 25 0.048845217 
333 181 10 13 0.048736002 
563 439 10 12 0.048714764 
32 269 12 15 0.048700273 
54 261 12 14 0.048578892 
544 156 11 14 0.048554543 
817 96 11 13 0.048528224 
790 61 8 11 0.048251845 
741 359 13 18 0.048087094 
368 283 11 14 0.04806373 
695 282 25 29 0.047979143 
303 227 14 19 0.047873486 
323 348 11 15 0.04770653 
66 439 13 14 0.04762997 
197 241 14 18 0.047552757 
452 380 12 14 0.047500197 
796 213 11 15 0.04747523 
772 213 13 15 0.047441382 
452 308 10 14 0.04728272 
69 259 17 18 0.047228467 
655 310 22 28 0.04722495 
166 122 9 11 0.047195222 
519 201 12 16 0.047133964 
998 326 14 18 0.047056474 
41 77 8 11 0.0468223 
362 128 15 18 0.046594955 
188 261 14 18 0.046517722 
328 65 11 14 0.046392865 
454 347 11 13 0.046365704 
366 158 14 20 0.046213396 
972 203 15 17 0.04613703 
270 91 13 16 0.04573294 
89 296 13 17 0.04558986 
550 228 11 15 0.04545041 
947 91 12 14 0.04541855 
941 243 11 15 0.04526193 
174 188 10 14 0.045255836 
130 55 8 11 0.045223538 
388 332 10 13 0.0452207 
478 343 13 15 0.04515818 
763 138 12 13 0.045046397 
606 169 15 19 0.04502887 
668 289 14 18 0.045020595 
142 115 10 13 0.044952273 
303 181 10 15 0.044932015 
741 234 12 17 0.04458327 
430 120 13 17 0.044434562 
850 230 13 16 0.044348076 
366 307 11 13 0.044332318 
38 87 9 12 0.044223573 
68 268 17 20 0.044199735 
126 372 11 14 0.043847986 
248 233 13 17 0.04371402 
824 140 10 14 0.043713257 
58 83 13 14 0.043706805 
315 84 11 14 0.04369074 
0 317 8 14 0.043646496 
686 156 10 12 0.043576762 
830 131 13 16 0.043441046 
151 95 8 11 0.04340584 
716 110 12 16 0.043361202 
691 235 16 17 0.043308545 
335 172 11 14 0.04328914 
589 444 11 13 0.04327195 
162 275 12 14 0.043138918 
303 221 12 14 0.043121297 
870 211 11 15 0.04311959 
849 123 11 14 0.042992532 
305 89 11 15 0.042918988 
357 106 12 14 0.04290542 
17 126 10 12 0.04289473 
538 140 11 14 0.042551093 
687 412 13 19 0.0425443 
36 241 14 18 0.04254105 
835 125 12 14 0.042512175 
712 124 9 12 0.04249023 
1005 194 20 26 0.042466413 
373 98 12 16 0.04228298 
949 337 14 17 0.042270664 
92 329 14 18 0.04224731 
669 139 14 16 0.0422034 
894 294 13 16 0.042122845 
375 109 12 15 0.042046912 
540 220 12 16 0.042045467 
455 326 10 12 0.04191076 
0 324 8 14 0.04175874 
550 172 11 14 0.041621543 
1011 86 11 14 0.041608535 
777 322 13 18 0.041483104 
384 267 11 14 0.041464116 
749 146 11 17 0.04140437 
378 148 14 19 0.041306842 
233 245 11 15 0.041299995 
454 291 9 13 0.041296277 
393 348 9 12 0.04127799 
339 135 20 23 0.041199476 
868 100 11 14 0.041185275 
344 188 11 14 0.041142557 
488 281 12 16 0.041068245 
168 104 10 11 0.041067258 
197 283 11 12 0.041049834 
480 91 11 13 0.041033745 
395 371 11 15 0.040890913 
27 160 15 17 0.040879916 
523 282 12 14 0.0408357 
247 166 11 15 0.04082032 
671 73 11 13 0.040794007 
661 146 15 17 0.04078589 
373 142 13 16 0.04072096 
775 95 10 13 0.04071816 
945 158 9 11 0.04062357 
717 146 12 16 0.040548123 
876 205 11 16 0.040472385 
577 118 10 13 0.04032189 
274 85 19 22 0.040293463 
312 276 12 16 0.0402317 
894 167 11 15 0.040185172 
370 367 14 17 0.040135954 
95 252 13 17 0.04011254 
168 311 8 11 0.040049575 
796 370 14 17 0.04004418 
798 226 14 17 0.04003898 
110 137 12 14 0.039926346 
760 329 15 19 0.039901733 
5 146 12 15 0.039896246 
88 99 9 12 0.03977755 
176 407 10 13 0.039776403 
325 181 11 15 0.039761692 
344 124 16 20 0.039747734 
180 317 9 12 0.039703753 
723 289 15 19 0.039644677 
459 135 11 13 0.039626125 
688 404 12 17 0.03950761 
848 283 12 17 0.039483406 
947 170 12 14 0.039472666 
393 367 10 13 0.039464884 
432 443 11 12 0.03939781 
100 193 15 19 0.03934191 
664 412 11 12 0.039324287 
668 252 18 22 0.0392468 
807 124 12 14 0.0392407 
486 118 12 14 0.039231386 
40 301 12 16 0.039212696 
733 402 16 20 0.039104577 
183 94 10 13 0.039057408 
364 101 13 17 0.03895973 
473 134 11 14 0.038906988 
349 192 14 19 0.038871706 
654 310 11 15 0.038867652 
462 101 10 12 0.03881629 
798 293 11 14 0.03881267 
578 224 14 16 0.038768295 
176 436 12 15 0.038675 
1010 188 12 15 0.038646437 
585 361 9 12 0.038643036 
1007 138 11 14 0.038596578 
136 102 9 10 0.038547933 
303 383 10 13 0.038539868 
917 167 11 13 0.038309786 
909 292 11 13 0.038159806 
93 348 12 15 0.03815366 
233 260 10 13 0.038125798 
120 269 14 15 0.03810896 
207 69 9 12 0.03782297 
118 97 9 12 0.03780319 
217 146 10 13 0.037774134 
125 185 14 19 0.037761465 
803 216 14 19 0.03775281 
526 164 10 14 0.037655972 
870 88 10 12 0.03764271 
30 274 13 16 0.037633892 
158 96 9 11 0.037589833 
542 213 11 15 0.037460025 
594 119 15 18 0.037459657 
211 92 12 16 0.03737954 
863 220 9 12 0.037253905 
376 87 9 12 0.037216596 
422 336 11 13 0.03721176 
782 216 15 17 0.0371655 
0 201 10 16 0.037089292 
55 133 8 10 0.036934976 
523 87 9 11 0.03683555 
335 126 13 18 0.03669461 
911 206 12 15 0.036684696 
174 287 10 15 0.03665232 
217 292 9 12 0.036609303 
737 135 11 14 0.03658588 
437 364 10 12 0.036522154 
884 98 13 16 0.036484197 
690 242 15 18 0.03645938 
918 379 15 19 0.0364435 
550 165 10 12 0.036307577 
297 70 9 11 0.03618698 
689 265 23 27 0.036144212 
741 124 9 12 0.036143165 
766 287 13 18 0.036127158 
854 99 10 13 0.03607538 
980 237 11 14 0.036068473 
111 243 14 19 0.036048334 
614 445 8 10 0.035985768 
846 298 12 16 0.035910353 
471 139 13 18 0.03586653 
658 282 22 29 0.03580957 
478 70 9 11 0.03576724 
940 497 14 14 0.03558753 
566 193 12 14 0.03549513 
181 259 12 17 0.03548209 
570 187 12 15 0.0354539 
10 266 14 17 0.035407726 
836 318 20 26 0.035390783 
758 147 13 18 0.035352726 
611 164 14 20 0.035352312 
769 325 19 25 0.035185 
509 80 9 12 0.03516867 
675 276 20 27 0.035162475 
237 318 12 15 0.035151485 
643 326 12 15 0.03513539 
183 112 9 12 0.035119537 
991 325 12 15 0.035116497 
332 109 12 17 0.035075124 
93 371 14 17 0.035022907 
461 325 11 14 0.034974415 
683 306 13 20 0.034962315 
477 239 12 14 0.034889843 
165 282 11 14 0.03488107 
619 204 17 22 0.03484556 
815 233 13 16 0.034813214 
39 195 14 18 0.03480695 
196 404 11 13 0.03475895 
527 218 16 19 0.034550283 
822 316 10 13 0.03453313 
540 134 11 14 0.034532804 
128 95 9 12 0.034528762 
761 266 12 16 0.034405738 
883 339 14 19 0.034338288 
856 177 13 15 0.03431721 
232 252 10 13 0.03430252 
770 260 15 18 0.034152556 
718 157 12 17 0.034145247 
528 172 11 17 0.03403507 
646 340 10 15 0.03401324 
869 251 12 16 0.03400375 
720 83 9 11 0.033999674 
792 246 10 13 0.03397186 
783 127 10 13 0.033967424 
190 113 19 24 0.033950172 
519 123 10 14 0.03394556 
535 274 13 17 0.033882875 
79 100 10 12 0.03385735 
944 202 11 15 0.033844545 
940 238 10 14 0.033829555 
698 163 11 15 0.03381734 
557 173 14 16 0.03381265 
391 341 9 13 0.03376737 
205 257 14 16 0.033745665 
1008 238 12 14 0.033684254 
134 69 9 12 0.03365709 
355 348 11 14 0.033655778 
1004 333 22 30 0.033602513 
536 126 10 13 0.03352993 
693 94 10 13 0.033504203 
782 293 12 14 0.033465184 
460 250 11 15 0.033380747 
353 282 11 13 0.033362035 
999 118 9 11 0.03327351 
519 242 13 18 0.033271044 
688 101 10 11 0.033239424 
8 102 9 11 0.03309211 
742 330 12 16 0.033009317 
32 256 21 25 0.032985978 
653 50 12 15 0.03292677 
668 171 13 17 0.03285687 
343 144 23 28 0.0327989 
753 109 11 13 0.032769997 
103 69 10 13 0.03272932 
555 228 13 16 0.032688715 
320 104 11 14 0.032687124 
548 194 13 16 0.032570522 
958 165 10 13 0.032535695 
1013 158 11 15 0.032511406 
342 107 12 15 0.03250758 
929 156 10 13 0.03243425 
335 327 10 13 0.03241455 
221 102 10 12 0.032363575 
360 357 11 14 0.03233718 
952 108 11 13 0.032191526 
737 84 11 13 0.03203759 
750 228 12 17 0.03202361 
618 245 13 16 0.031952348 
214 98 10 13 0.031946063 
110 70 10 15 0.03193168 
463 65 13 14 0.031853795 
776 138 10 13 0.03184449 
646 283 12 16 0.031758677 
505 154 12 16 0.03174766 
368 326 12 15 0.031723537 
25 92 10 13 0.031626992 
237 236 13 17 0.031611465 
144 196 11 16 0.0314762 
169 72 19 23 0.03139029 
742 40 8 11 0.031370156 
901 286 11 14 0.031368487 
461 166 10 15 0.031323854 
845 444 13 20 0.031150622 
774 253 12 14 0.03114698 
1013 141 9 13 0.031116161 
71 71 19 22 0.031112082 
220 468 14 18 0.031042341 
901 147 10 14 0.031033747 
93 76 12 14 0.0309443 
902 167 11 14 0.030907646 
236 253 11 14 0.030905457 
105 84 9 13 0.030886183 
629 290 13 16 0.030851208 
142 100 9 12 0.030846182 
567 151 11 14 0.030814992 
871 266 12 15 0.03078273 
504 223 13 17 0.030656243 
233 101 9 12 0.030613855 
731 357 15 18 0.030607259 
699 235 13 16 0.030519273 
351 175 11 14 0.030507313 
237 171 14 16 0.03048704 
936 138 12 15 0.03043533 
60 259 14 16 0.030404905 
534 144 11 15 0.030318908 
736 57 9 11 0.030237762 
803 105 12 15 0.030217873 
966 111 10 12 0.030199118 
454 98 11 15 0.030189922 
453 301 10 14 0.030188665 
471 128 10 12 0.03010745 
413 132 15 19 0.030082773 
940 113 11 13 0.030044096 
169 83 10 12 0.030035691 
336 421 11 13 0.03003202 
657 322 26 30 0.029972667 
670 298 13 18 0.029967465 
89 318 19 24 0.029958697 
182 335 10 14 0.029877108 
833 204 11 15 0.029869389 
155 29 10 13 0.02985762 
405 287 12 14 0.029827096 
495 212 11 14 0.02982381 
97 326 19 24 0.02977912 
895 251 11 15 0.02976225 
896 412 13 16 0.029746342 
569 125 9 13 0.029704096 
398 122 12 16 0.029682918 
540 172 12 16 0.029667586 
40 293 10 14 0.029611876 
693 108 11 14 0.029605756 
454 236 13 15 0.029531 
997 255 13 16 0.029461116 
454 328 18 24 0.029428074 
911 158 10 11 0.02940975 
118 150 12 14 0.029367283 
770 284 13 15 0.029312165 
700 127 13 16 0.02929542 
47 117 8 11 0.029289475 
814 268 14 17 0.029216941 
871 300 13 18 0.029120186 
669 405 14 17 0.029081918 
975 224 12 15 0.029065961 
393 156 16 19 0.029063348 
242 42 18 22 0.029021395 
463 303 9 13 0.028990373 
684 110 12 14 0.028965551 
731 186 12 14 0.028945975 
656 74 11 15 0.028897155 
432 94 8 10 0.028857192 
65 356 14 17 0.028808633 
388 121 13 16 0.02878069 
688 279 17 22 0.028775698 
975 268 10 13 0.028757805 
633 213 18 22 0.028756047 
840 309 14 16 0.02867954 
118 485 10 12 0.02866245 
975 128 11 15 0.028659068 
150 262 16 19 0.028647108 
407 320 11 12 0.028630676 
220 74 11 13 0.028628262 
638 299 11 15 0.02858311 
660 113 12 16 0.028529372 
361 189 23 29 0.028487425 
966 279 10 12 0.028467614 
316 127 12 14 0.028412223 
196 243 22 27 0.028402852 
752 115 10 14 0.028357899 
240 189 11 13 0.028355164 
315 173 13 17 0.02835133 
209 126 9 11 0.02829347 
724 413 14 19 0.028271262 
422 177 11 15 0.028244026 
975 181 13 17 0.028233046 
844 253 10 13 0.028212037 
822 189 12 16 0.028201861 
471 169 12 16 0.028173191 
672 177 14 19 0.028168034 
733 280 13 21 0.028071327 
886 340 21 27 0.028028907 
447 350 9 13 0.028012637 
158 378 14 15 0.028009076 
649 85 9 12 0.027994711 
1014 148 10 14 0.027957832 
43 260 15 16 0.027910328 
860 299 11 14 0.027877266 
937 93 9 12 0.027861195 
761 278 12 15 0.027820501 
366 350 11 15 0.027804295 
798 409 13 17 0.02779382 
226 134 14 18 0.02778944 
601 79 18 21 0.027757818 
98 355 14 17 0.027738467 
869 117 12 15 0.027736066 
530 135 19 22 0.027726255 
246 292 18 23 0.027708923 
571 155 11 15 0.027673755 
390 133 12 14 0.02762932 
29 299 12 16 0.027628997 
372 359 14 16 0.027608471 
756 234 13 16 0.027589465 
880 86 9 12 0.027539628 
293 48 8 11 0.027484346 
1005 206 14 19 0.027449057 
690 251 16 19 0.027427554 
347 434 15 18 0.027413968 
263 64 9 11 0.027401894 
182 251 11 15 0.02735717 
86 86 19 25 0.027354512 
1006 227 12 14 0.027351106 
469 274 10 13 0.027347917 
535 246 12 16 0.0273357 
780 253 10 13 0.027334629 
933 237 14 17 0.027270665 
304 198 11 16 0.027185444 
916 209 14 17 0.02718218 
531 212 16 20 0.027158597 
62 173 10 12 0.027099624 
656 95 10 13 0.027079215 
682 290 21 29 0.026965227 
43 247 15 19 0.02695827 
751 223 8 11 0.026930166 
472 307 20 24 0.026929537 
12 140 11 14 0.02692086 
805 118 11 14 0.026891721 
284 364 11 13 0.026862388 
748 62 10 12 0.026802046 
269 194 16 20 0.026770562 
142 252 13 17 0.026741147 
402 109 15 17 0.026700702 
300 131 11 14 0.026654448 
730 62 9 12 0.026650447 
440 91 10 13 0.026643176 
263 114 11 14 0.026631536 
168 106 18 23 0.026628366 
128 117 9 13 0.026621526 
638 318 10 12 0.02661384 
269 70 9 12 0.026556024 
533 197 11 16 0.02650678 
498 86 8 11 0.026505388 
400 276 11 14 0.026485376 
174 312 10 13 0.026471835 
541 124 11 14 0.026443074 
386 144 21 25 0.026431495 
558 141 10 13 0.026400885 
427 347 11 15 0.02635227 
159 71 9 10 0.0263504 
902 317 12 17 0.02629024 
939 219 12 16 0.026280487 
830 158 10 14 0.026235027 
197 479 16 19 0.026163168 
281 145 16 19 0.0261474 
31 249 103 118 0.026084665 
694 150 11 13 0.02608421 
176 149 8 11 0.026060576 
31 354 12 15 0.02603815 
373 205 16 19 0.025971767 
760 179 11 14 0.025937453 
450 165 16 20 0.025937052 
484 211 13 15 0.02589867 
869 219 10 13 0.025877576 
816 364 15 21 0.02584436 
860 148 13 16 0.025836082 
478 185 13 16 0.025748588 
205 76 9 12 0.025731076 
350 107 12 14 0.02566688 
318 93 9 12 0.025662601 
1015 115 8 12 0.025647521 
601 241 12 16 0.02563746 
668 275 14 20 0.02562782 
784 205 12 15 0.025624378 
45 295 10 13 0.025624039 
414 319 10 12 0.0256166 
221 299 11 15 0.025597295 
88 109 8 11 0.025576483 
312 257 21 25 0.02557425 
996 210 16 20 0.025530538 
196 259 16 18 0.02550757 
73 157 11 14 0.02550513 
518 150 18 23 0.025501236 
510 144 9 12 0.025489109 
306 82 18 22 0.025474984 
334 185 12 17 0.025474884 
302 240 13 18 0.025470603 
782 197 10 13 0.025400275 
181 213 17 19 0.025337515 
275 129 21 24 0.025298087 
327 96 9 11 0.025290992 
381 372 12 14 0.025273072 
623 290 24 30 0.025267638 
484 78 9 12 0.025265355 
795 242 13 16 0.025263038 
993 196 12 15 0.025236359 
748 333 13 16 0.025234077 
1006 126 10 11 0.025224164 
678 420 11 15 0.025215063 
351 261 10 13 0.025160775 
201 321 15 17 0.025158403 
936 70 9 12 0.02514033 
933 325 9 13 0.025126034 
740 166 11 14 0.02511358 
968 211 13 17 0.025081852 
714 323 15 17 0.025036972 
52 92 12 14 0.025013098 
187 222 21 28 0.024957996 
655 339 11 16 0.024957083 
648 307 9 13 0.024937183 
587 236 11 14 0.024918132 
381 347 10 14 0.024887871 
190 128 12 15 0.02486475 
415 302 10 13 0.024863366 
614 91 11 15 0.024846926 
726 305 13 18 0.024845595 
404 121 15 17 0.02481963 
213 201 13 16 0.02478617 
128 140 10 12 0.024763187 
994 260 11 14 0.024761477 
725 95 9 12 0.024733528 
447 93 11 13 0.024706036 
309 240 14 18 0.024704617 
515 208 15 19 0.024689078 
951 233 12 15 0.024679389 
55 149 8 11 0.02466894 
623 365 10 13 0.024609217 
70 99 11 13 0.024593234 
635 202 16 21 0.024575682 
735 144 14 17 0.024572637 
263 170 13 17 0.02450701 
52 342 12 15 0.024503864 
149 150 10 13 0.02448377 
207 117 10 11 0.0244783 
153 141 9 11 0.024451133 
390 380 9 13 0.024435574 
104 76 11 16 0.024420433 
818 95 18 21 0.024407582 
109 409 13 16 0.024349911 
339 277 11 14 0.024329977 
151 71 8 11 0.024310106 
837 211 12 15 0.024308354 
6 165 12 15 0.02430296 
627 222 16 19 0.024286017 
577 114 19 23 0.024261696 
958 235 11 14 0.024252623 
465 220 10 13 0.024250349 
980 270 10 13 0.024249028 
63 334 19 22 0.024234302 
214 64 18 23 0.024201794 
399 290 18 22 0.024114398 
901 80 18 22 0.024112703 
948 326 13 16 0.024107466 
54 282 14 16 0.024072375 
315 104 18 23 0.024066798 
25 88 9 11 0.0240538 
53 355 11 15 0.024035074 
934 188 12 14 0.024030136 
713 285 18 21 0.024013724 
1004 183 21 25 0.024010966 
15 133 9 12 0.024005434 
102 410 14 16 0.024004517 
555 131 12 14 0.023994274 
851 133 20 25 0.02398311 
358 317 10 13 0.023963373 
805 196 14 16 0.023942864 
439 327 10 12 0.023915818 
51 301 13 15 0.023901353 
190 242 12 17 0.023897817 
181 381 11 13 0.023889374 
53 274 14 17 0.02384625 
839 161 12 16 0.023834774 
137 422 10 12 0.023829348 
406 155 13 17 0.023820866 
448 302 10 15 0.023794215 
214 86 10 12 0.023791602 
376 40 9 10 0.023769133 
312 151 10 13 0.023717457 
189 466 26 32 0.023697278 
806 299 12 15 0.023684833 
263 127 12 15 0.023682656 
997 316 11 15 0.023679461 
158 328 13 17 0.02366954 
921 280 11 14 0.02366799 
271 219 12 17 0.02361985 
526 92 9 12 0.023596616 
9 286 21 29 0.023575155 
396 132 14 16 0.023530062 
134 125 10 13 0.023525206 
599 361 8 10 0.02352462 
365 195 13 19 0.023506349 
811 260 14 16 0.023505569 
52 143 10 12 0.023497239 
365 85 10 13 0.023494735 
540 246 12 14 0.02348853 
80 347 14 17 0.02345945 
567 142 11 13 0.023432069 
632 421 12 14 0.023410082 
110 477 8 12 0.023396343 
60 345 16 18 0.023391062 
119 109 10 13 0.023348954 
268 291 12 16 0.023346996 
459 410 15 19 0.023333486 
539 178 14 17 0.023329366 
805 165 11 14 0.023327205 
174 180 13 18 0.023299236 
645 108 10 14 0.023282848 
161 261 15 19 0.023258612 
46 156 12 14 0.023249602 
644 309 23 29 0.023247095 
693 100 9 12 0.02322328 
16 149 15 18 0.023200328 
630 120 21 26 0.023179173 
45 320 14 17 0.023168238 
354 149 21 28 0.02314291 
16 159 13 17 0.023116395 
295 244 11 14 0.023113556 
681 121 13 16 0.02304611 
60 268 14 19 0.02302461 
506 187 12 16 0.023017323 
671 283 21 29 0.023001933 
908 167 14 15 0.02298654 
477 127 10 13 0.022966603 
227 469 11 14 0.022918006 
636 236 13 17 0.022916185 
348 335 20 24 0.022899142 
653 461 21 25 0.022862963 
312 250 12 15 0.022839539 
902 157 10 12 0.022833316 
429 357 11 14 0.022824053 
796 253 11 13 0.022817845 
441 75 20 23 0.02280255 
504 163 11 16 0.02279732 
708 218 15 20 0.022789154 
1005 81 20 25 0.022746528 
624 81 9 11 0.022737669 
175 259 12 17 0.022687132 
894 96 12 15 0.022684066 
1004 253 13 17 0.022661598 
105 131 12 14 0.02262232 
910 106 11 13 0.022600029 
366 314 12 15 0.022598052 
612 370 11 16 0.022588512 
411 93 11 13 0.02258556 
399 331 11 13 0.02254467 
102 92 10 13 0.022542788 
765 179 13 15 0.02253472 
542 147 11 15 0.022498941 
402 98 15 17 0.022479728 
501 182 21 25 0.022468451 
103 140 12 13 0.022456484 
133 181 9 14 0.022442862 
980 226 12 16 0.022431899 
346 203 15 19 0.022431128 
512 82 19 22 0.022422807 
765 234 12 16 0.022415675 
64 131 11 13 0.022404145 
333 146 21 28 0.02237001 
507 149 17 25 0.022347352 
112 484 9 12 0.022271147 
125 108 10 13 0.022243887 
265 102 10 14 0.022239935 
385 179 16 20 0.022220677 
524 237 14 16 0.022207031 
824 322 11 14 0.022183051 
226 398 16 18 0.022164455 
31 170 14 16 0.022164294 
704 114 12 17 0.022163386 
272 261 13 15 0.02215298 
580 130 13 15 0.022145422 
342 326 12 14 0.022126785 
53 266 13 16 0.02212614 
966 261 11 13 0.022119703 
753 103 10 12 0.0221168 
332 82 10 13 0.022087455 
708 249 13 17 0.022078393 
239 116 11 14 0.02207321 
216 112 10 12 0.022049665 
797 205 13 16 0.02203652 
459 369 13 15 0.022011193 
775 96 19 23 0.022003729 
270 140 12 17 0.021991504 
773 439 10 13 0.021987913 
306 110 10 14 0.021969432 
271 126 10 14 0.021926928 
799 96 16 22 0.021920083 
877 53 19 23 0.021919174 
918 301 11 14 0.021916876 
603 95 20 24 0.02190575 
580 250 17 20 0.021905612 
729 159 15 18 0.021880247 
0 311 7 13 0.021877797 
789 483 13 16 0.02185063 
609 356 19 23 0.021850001 
543 81 9 12 0.02184848 
6 153 13 17 0.021835655 
4 201 14 18 0.021821452 
368 79 8 11 0.0218197 
947 140 12 16 0.021815926 
534 186 12 15 0.021799965 
618 236 14 17 0.021723468 
123 250 13 17 0.02170707 
305 263 23 27 0.021695577 
405 325 18 22 0.021686723 
727 453 11 12 0.02167747 
694 319 16 21 0.021646092 
519 82 10 12 0.021639189 
679 268 14 20 0.021623984 
896 142 10 15 0.021619428 
1009 91 19 25 0.021606496 
855 242 13 17 0.021602077 
222 65 10 12 0.021586204 
3 356 12 14 0.02158365 
220 242 12 16 0.021580074 
768 308 13 17 0.021569232 
791 118 11 14 0.021565648 
697 323 23 26 0.021555422 
461 352 12 14 0.02154515 
767 437 10 13 0.021544505 
420 361 11 14 0.021537822 
961 205 10 14 0.021529404 
274 197 21 24 0.021504648 
776 245 10 14 0.021498147 
368 327 21 24 0.021462565 
991 187 12 17 0.021447811 
27 292 13 17 0.021444378 
653 277 15 20 0.021390356 
661 337 17 20 0.021383464 
625 307 12 14 0.021382483 
189 112 9 12 0.021346055 
468 101 10 13 0.02134366 
354 94 20 25 0.021300027 
775 126 10 12 0.021292847 
506 202 19 24 0.021289665 
985 148 10 12 0.021248994 
201 88 10 12 0.021225562 
166 374 20 22 0.021223048 
750 166 11 15 0.021206953 
877 63 12 15 0.021203587 
991 108 10 12 0.021202438 
1000 125 8 10 0.021202082 
188 93 10 12 0.02120181 
161 124 10 11 0.021198886 
294 251 10 15 0.021162137 
351 276 21 24 0.021151349 
133 61 9 12 0.021064214 
93 141 9 12 0.021042777 
1000 414 9 12 0.021021754 
658 293 38 47 0.021009464 
500 204 13 16 0.020991527 
218 382 9 12 0.020980384 
232 295 19 24 0.020979177 
397 202 14 17 0.020978395 
641 282 23 31 0.020967437 
609 444 9 12 0.02094675 
115 74 12 17 0.020939691 
482 199 20 24 0.020920334 
86 77 10 13 0.02091783 
895 79 10 12 0.020917168 
675 318 15 20 0.020909252 
316 166 11 13 0.020904582 
423 275 11 13 0.020894583 
935 149 9 13 0.020845944 
623 397 12 14 0.020747583 
47 388 14 15 0.020732803 
930 259 15 19 0.020684827 
893 258 13 16 0.020675067 
676 93 11 15 0.020655144 
487 102 9 12 0.020651659 
839 164 22 26 0.020650197 
845 132 12 15 0.02063368 
404 308 12 14 0.02060437 
862 229 11 13 0.020593625 
270 157 15 18 0.020576704 
831 195 12 16 0.020556504 
621 170 20 26 0.020533388 
93 96 11 14 0.020486046 
944 274 11 14 0.020485133 
484 147 11 15 0.020433307 
151 312 11 13 0.02042158 
0 121 11 14 0.020417918 
244 267 11 14 0.020400738 
611 295 16 19 0.020389916 
408 423 10 11 0.020359067 
932 316 10 13 0.020358915 
688 94 11 14 0.02035669 
444 140 12 14 0.020342281 
637 436 14 16 0.020330727 
664 248 15 19 0.020325799 
3 249 11 15 0.020319035 
205 199 13 18 0.020316543 
461 95 10 11 0.020314895 
461 57 10 11 0.020282201 
329 174 9 14 0.0202703 
37 263 24 26 0.020257099 
917 157 10 12 0.02024225 
855 89 9 12 0.020239681 
627 375 14 17 0.020232419 
491 340 13 15 0.020229671 
368 380 11 14 0.020225886 
835 137 14 17 0.020212768 
35 331 13 16 0.020185899 
28 243 21 27 0.020166064 
127 124 10 13 0.020156696 
415 276 10 12 0.020147668 
355 335 12 15 0.02014171 
362 161 22 29 0.020098094 
982 295 10 12 0.020094935 
674 161 14 18 0.020076018 
796 478 11 13 0.020062143 
133 174 9 13 0.020058353 
825 262 21 26 0.020036172 
539 198 20 25 0.020034052 
527 251 15 19 0.020027762 
196 212 12 15 0.020018885 
927 299 12 15 0.020012878 
196 309 15 19 0.020005777 
