7_Cheering_Cheering_7_134
139
234 227 98 148 0.99971217 
464 247 92 113 0.9988594 
718 254 86 112 0.99759185 
-4 33 71 149 0.99372065 
154 72 81 113 0.9863348 
466 143 88 103 0.97616607 
991 475 12 16 0.3947287 
892 81 33 41 0.38296747 
559 288 30 47 0.37097767 
944 444 11 15 0.34324795 
908 458 16 20 0.23452224 
928 466 16 19 0.22147875 
959 431 9 12 0.15825224 
1006 491 15 19 0.15387794 
940 385 11 15 0.15149473 
1014 422 8 12 0.14778385 
973 389 9 13 0.142741 
960 449 12 15 0.12931824 
966 437 8 10 0.12421829 
1009 453 10 12 0.11602471 
996 445 10 13 0.105095394 
912 458 20 25 0.082931556 
504 381 31 34 0.08263058 
418 120 42 59 0.0782763 
452 181 99 139 0.07253607 
838 444 11 13 0.071421444 
1000 541 14 18 0.07133751 
953 399 8 11 0.07060574 
953 430 10 12 0.07013806 
920 423 11 13 0.06508881 
1000 438 10 13 0.062436804 
994 482 13 17 0.06134079 
949 438 10 13 0.060682613 
935 425 11 13 0.060557768 
965 447 12 15 0.059048727 
290 139 29 35 0.055947036 
972 447 10 13 0.05456035 
786 442 51 63 0.05407467 
990 412 11 12 0.053860966 
556 280 25 37 0.051749762 
272 101 9 13 0.050699007 
999 379 9 13 0.050692327 
253 96 13 17 0.04767571 
329 110 45 50 0.045376286 
990 463 9 12 0.044938095 
543 285 35 51 0.04462736 
574 355 54 62 0.044395126 
1011 529 13 19 0.044334475 
984 407 10 12 0.0425533 
991 420 10 13 0.041702136 
280 85 10 12 0.041604687 
983 445 12 15 0.04051887 
972 416 9 11 0.039912753 
939 473 15 18 0.03988255 
941 424 9 12 0.039675996 
999 489 13 17 0.039124787 
934 393 11 15 0.038533222 
1007 447 10 13 0.038379867 
995 471 12 15 0.038014002 
1002 525 20 28 0.037368823 
993 450 10 12 0.037286073 
867 498 15 18 0.036750246 
997 451 11 13 0.036227852 
1014 415 9 14 0.034516267 
924 425 12 15 0.03441927 
942 377 10 11 0.034207825 
271 109 10 14 0.03382788 
968 418 11 14 0.03381004 
803 452 29 38 0.033630908 
890 466 12 18 0.03352268 
9 64 95 148 0.03346206 
911 491 14 17 0.032710142 
278 117 14 19 0.03260515 
948 448 13 15 0.032136254 
1013 390 9 16 0.03207359 
889 496 54 59 0.031994198 
882 501 30 36 0.031841587 
554 298 50 67 0.030751163 
873 444 11 13 0.030511603 
361 94 10 13 0.03028209 
968 384 9 12 0.03022789 
917 469 18 21 0.030094624 
889 455 22 30 0.029256834 
951 424 9 12 0.029005729 
951 329 12 17 0.028440408 
1007 553 13 17 0.027749272 
988 530 15 19 0.027675513 
928 414 9 11 0.027640065 
565 271 44 66 0.027528996 
288 104 12 16 0.026568003 
1011 484 14 21 0.026300894 
1011 456 12 17 0.026057951 
997 407 8 11 0.025730645 
628 541 50 65 0.025649797 
285 82 12 15 0.025190009 
933 413 9 10 0.024814708 
1011 516 12 17 0.02433335 
956 398 9 11 0.02427169 
985 461 10 13 0.02419215 
901 407 10 12 0.024174 
1000 432 10 12 0.02417189 
345 315 42 63 0.024036834 
893 485 12 14 0.023916043 
972 459 11 14 0.023902936 
277 114 24 35 0.023685606 
868 506 13 16 0.023587463 
891 498 17 21 0.023513032 
972 438 10 12 0.023369875 
77 50 109 135 0.023355637 
1009 395 11 15 0.023310764 
874 80 29 35 0.02319867 
596 202 13 15 0.023127068 
929 406 9 12 0.023013797 
868 507 27 38 0.02277165 
930 397 9 13 0.02274797 
1012 448 10 15 0.022448285 
862 493 28 30 0.022192897 
989 485 14 19 0.0221193 
951 412 10 12 0.021755656 
914 484 17 19 0.021680685 
958 423 11 13 0.021636177 
877 439 12 15 0.021565566 
984 468 14 19 0.02127956 
259 98 12 15 0.021253923 
929 556 30 37 0.021120623 
244 117 13 17 0.02112046 
843 459 28 33 0.021096911 
986 411 10 12 0.021039998 
578 223 27 34 0.021018961 
558 344 49 62 0.02097666 
869 456 25 31 0.020966908 
870 536 12 16 0.0205003 
966 406 8 10 0.020475736 
262 83 9 11 0.020382762 
998 549 15 19 0.020312615 
868 523 15 20 0.02027763 
905 396 10 12 0.02014659 
997 342 10 12 0.02006035 
493 266 94 126 0.020041788 
