7_Cheering_Cheering_7_118
109
875 290 110 152 0.9999503 
294 232 97 117 0.9997999 
567 246 95 123 0.99976677 
30 289 95 122 0.9996164 
779 221 98 131 0.99953926 
416 237 97 114 0.99929166 
16 226 51 55 0.92668974 
384 114 17 22 0.64746004 
925 93 22 27 0.6161493 
788 140 20 26 0.54029727 
102 214 28 34 0.50316525 
410 92 22 29 0.5001892 
10 222 37 43 0.49911603 
852 120 19 26 0.49120077 
382 162 22 29 0.48216814 
853 73 24 32 0.47931123 
953 28 26 32 0.41932586 
580 24 13 18 0.4167344 
835 0 26 29 0.33585253 
240 161 16 22 0.32127 
160 178 41 51 0.31000036 
824 146 23 29 0.2889866 
598 36 15 19 0.20595011 
287 62 24 29 0.20342162 
106 209 18 21 0.19959843 
222 338 41 50 0.19403438 
285 148 17 20 0.16533431 
1000 201 22 37 0.15646663 
763 159 19 24 0.13776043 
984 137 17 22 0.12484533 
753 180 21 28 0.120668456 
423 151 23 33 0.116865695 
1010 109 14 22 0.11317168 
884 165 22 33 0.11235605 
296 429 49 58 0.09489905 
283 388 30 36 0.09236044 
231 160 33 50 0.08575557 
177 195 31 41 0.085308105 
935 25 32 38 0.071218215 
1004 174 21 33 0.06392847 
935 123 21 27 0.063563764 
332 112 16 22 0.06041965 
880 175 29 42 0.059419654 
460 -2 43 39 0.057876993 
901 47 24 31 0.057388723 
936 176 27 32 0.05717626 
53 203 27 37 0.053585026 
435 111 17 22 0.05220336 
211 206 16 20 0.051950015 
944 125 29 36 0.050605636 
662 30 12 14 0.049582016 
438 84 16 22 0.048551545 
757 165 24 33 0.048228566 
388 101 22 29 0.046595145 
927 103 24 28 0.04653343 
660 33 21 27 0.04635731 
303 52 24 32 0.04586926 
539 32 16 22 0.043821648 
1004 626 17 17 0.04341409 
818 258 105 133 0.042716715 
42 216 33 44 0.042583887 
821 182 15 20 0.038722172 
692 54 16 20 0.03757967 
270 324 29 37 0.037526354 
214 259 47 61 0.037259094 
96 217 45 55 0.036086842 
427 -3 57 45 0.03582879 
522 16 14 18 0.03532679 
424 98 21 29 0.034935724 
937 8 44 48 0.03473928 
652 23 11 12 0.03427039 
178 147 15 18 0.033907812 
583 201 34 40 0.03317795 
988 177 34 59 0.032714825 
337 123 22 30 0.031856313 
990 166 23 31 0.030329593 
890 50 41 47 0.029775448 
201 201 23 30 0.029166596 
34 243 39 47 0.02858627 
396 93 24 30 0.028312933 
389 45 14 18 0.027033849 
584 20 16 19 0.026407257 
4 213 79 94 0.025898127 
162 189 22 26 0.02503675 
327 98 24 31 0.024750521 
938 37 19 23 0.02451897 
771 132 14 19 0.023785818 
667 28 12 15 0.02377475 
111 256 60 77 0.023515107 
192 175 38 52 0.023112835 
654 35 14 18 0.02304949 
896 169 17 23 0.023017574 
4 233 29 43 0.022753807 
589 29 21 25 0.022695165 
653 30 12 13 0.022542546 
12 254 56 75 0.022234041 
60 221 46 58 0.021992885 
460 224 90 115 0.021991365 
50 185 16 23 0.021785704 
442 292 68 89 0.02177489 
219 176 27 39 0.02157695 
323 143 17 23 0.021402398 
333 164 15 21 0.021365397 
312 45 25 33 0.021316508 
269 313 25 31 0.020977838 
930 166 26 34 0.020882012 
211 233 45 62 0.02056059 
287 406 51 57 0.02046389 
844 76 39 50 0.020049676 
