7_Cheering_Cheering_7_542
29
254 290 213 301 0.9998853 
553 130 242 333 0.99960536 
136 347 48 74 0.7284738 
4 339 29 41 0.7243893 
102 342 54 72 0.25619882 
873 288 16 21 0.1533385 
991 250 32 48 0.14529845 
83 326 37 51 0.13947535 
419 139 330 435 0.06903783 
57 285 26 31 0.056077737 
954 288 13 17 0.056031384 
915 349 28 35 0.052005306 
0 285 23 39 0.04985714 
909 279 42 54 0.049192466 
58 349 23 31 0.046326943 
1 273 28 35 0.03440013 
271 193 392 484 0.027456148 
7 358 31 40 0.026875416 
900 285 26 34 0.026778147 
86 314 29 39 0.026121225 
0 272 47 58 0.025542071 
919 287 49 61 0.024822775 
154 350 53 79 0.02432456 
61 335 41 55 0.024248306 
272 155 17 20 0.022925057 
50 277 43 54 0.02285269 
928 283 27 36 0.022595188 
673 -11 69 61 0.021480776 
0 290 13 22 0.02058296 
