7_Cheering_Cheering_7_692
20
492 538 76 83 0.99484986 
264 570 73 98 0.9814833 
619 757 14 16 0.14041376 
596 742 10 12 0.09672795 
565 738 11 13 0.07408863 
712 211 149 185 0.039723072 
145 474 33 47 0.036396857 
542 735 9 10 0.03294349 
541 532 52 62 0.031413943 
502 1033 149 235 0.030785533 
383 86 14 19 0.028819 
983 917 51 74 0.027418736 
335 1200 43 48 0.027375564 
616 752 13 16 0.027023222 
696 759 214 248 0.025996272 
245 577 29 45 0.025727728 
419 508 14 18 0.024916822 
393 186 129 171 0.022136843 
609 758 9 12 0.02181269 
591 741 19 24 0.02039738 
