23_Shoppers_Shoppers_23_364
72
587 182 98 117 0.99956244 
278 213 72 95 0.9975799 
457 232 53 64 0.996336 
200 310 18 21 0.18593201 
175 363 12 14 0.11962734 
14 251 11 14 0.09917576 
149 358 10 13 0.086422324 
1003 159 20 31 0.0811419 
165 389 13 14 0.07828318 
998 88 22 41 0.06512881 
166 396 14 18 0.057829205 
757 146 13 18 0.051507145 
65 293 10 11 0.048240915 
369 292 13 18 0.047907263 
66 261 8 11 0.043899994 
175 370 14 18 0.042899087 
161 387 10 13 0.04207652 
10 272 9 12 0.03976182 
742 80 12 17 0.03852991 
134 368 9 11 0.038329784 
173 376 13 16 0.038250305 
179 358 13 15 0.03797577 
145 364 9 12 0.03641302 
393 317 25 34 0.03603298 
170 357 10 13 0.03516534 
40 318 9 12 0.035042413 
167 362 12 15 0.03411352 
756 140 24 30 0.033292428 
159 402 12 16 0.03302139 
1 532 54 109 0.032036692 
48 243 8 11 0.03158481 
162 385 21 27 0.030656734 
85 383 27 30 0.029982885 
40 278 9 12 0.029542679 
117 208 13 16 0.028773861 
84 479 10 13 0.028732006 
95 212 14 15 0.028000006 
785 140 15 19 0.02748302 
117 187 11 14 0.026908759 
201 311 30 30 0.026708663 
768 141 27 27 0.026440674 
96 352 10 12 0.026137285 
14 258 10 12 0.0260099 
797 150 15 17 0.025863016 
92 274 16 20 0.025441704 
1000 164 15 21 0.02515755 
193 269 9 13 0.025085498 
10 252 11 14 0.02488102 
198 317 15 20 0.024548944 
651 47 431 466 0.024420084 
2 129 15 20 0.024222203 
719 248 13 18 0.023971507 
80 141 25 32 0.023947235 
128 414 9 12 0.023426924 
174 352 10 12 0.023302535 
127 372 11 13 0.023115732 
733 166 9 12 0.022808298 
751 116 13 17 0.022582939 
61 358 19 21 0.02253385 
111 368 10 14 0.022493573 
54 285 9 12 0.02233731 
100 356 9 11 0.022095015 
979 77 46 68 0.02194907 
81 208 8 12 0.021676134 
103 189 11 13 0.021617996 
59 182 10 12 0.021480868 
810 203 29 32 0.021270005 
167 374 12 13 0.02120907 
558 420 104 107 0.020545527 
42 478 104 154 0.020444382 
944 214 9 11 0.020430434 
514 232 22 30 0.020139772 
