23_Shoppers_Shoppers_23_243
144
47 394 13 16 0.8900698 
102 405 14 17 0.69973224 
289 469 9 12 0.22367594 
705 435 14 17 0.2198399 
2 479 8 11 0.12849551 
570 421 24 31 0.115373276 
17 478 9 11 0.0892934 
592 445 8 9 0.0736359 
184 439 8 11 0.07350398 
209 439 7 9 0.072764404 
590 437 9 12 0.07093518 
590 427 10 16 0.06767797 
501 440 8 10 0.065399736 
35 447 12 13 0.0644212 
15 496 10 12 0.062719904 
479 501 8 10 0.060304455 
229 432 8 10 0.05937507 
453 497 8 10 0.05806302 
222 449 11 15 0.05787218 
801 483 11 13 0.056161806 
12 573 10 13 0.053659007 
387 518 14 17 0.05282451 
718 435 12 14 0.05257685 
580 419 14 20 0.05060028 
615 493 10 13 0.05054901 
463 439 12 14 0.0463659 
656 476 10 13 0.046344265 
448 500 9 12 0.046043474 
79 363 14 17 0.045671556 
63 421 11 14 0.045383487 
382 494 25 29 0.04535738 
214 440 8 10 0.044469956 
376 423 8 9 0.043549057 
129 431 8 10 0.042816635 
247 464 8 11 0.042757906 
609 455 9 11 0.04243633 
498 444 9 12 0.04113045 
321 542 12 15 0.038864497 
216 446 10 12 0.03869334 
15 534 11 12 0.0385388 
751 436 22 30 0.036765058 
485 453 9 11 0.036565177 
611 477 11 15 0.035887226 
612 459 10 14 0.034993615 
73 487 9 12 0.034875102 
689 394 205 268 0.034650218 
47 535 10 13 0.03366987 
467 444 10 12 0.03352351 
591 420 11 17 0.03339134 
599 452 9 11 0.033137143 
190 476 11 12 0.03306176 
159 439 10 12 0.03298978 
457 463 8 10 0.032529607 
14 469 9 12 0.031956393 
496 495 8 11 0.03145676 
614 483 11 13 0.031215794 
188 438 8 10 0.031158207 
662 486 9 11 0.031146988 
648 470 8 10 0.030828644 
430 472 8 9 0.030710809 
447 479 7 10 0.030171288 
612 469 11 14 0.029386807 
473 496 9 11 0.029313955 
521 534 10 13 0.028807938 
5 523 12 13 0.02868753 
64 476 9 11 0.028417842 
49 399 15 19 0.028407946 
4 483 10 12 0.028109023 
464 515 9 12 0.027775967 
581 432 13 17 0.027674291 
541 446 12 13 0.027442958 
49 481 8 10 0.027367432 
230 447 12 16 0.026950529 
486 496 9 11 0.02677258 
7 461 10 13 0.026419962 
710 432 21 25 0.026338434 
96 422 10 12 0.02623182 
0 550 8 12 0.026204184 
5 436 11 15 0.026090749 
1 444 9 14 0.026009938 
817 503 7 9 0.025969557 
594 425 12 17 0.025933795 
463 472 7 9 0.025917929 
50 485 8 11 0.02580391 
400 471 10 12 0.025607513 
742 442 11 18 0.025364438 
580 424 23 31 0.025316296 
112 456 9 12 0.025182718 
597 447 8 9 0.02506617 
495 462 8 10 0.025008949 
31 545 9 11 0.024983406 
474 501 8 10 0.024873352 
121 446 9 11 0.024831561 
423 479 8 11 0.02449792 
354 447 8 9 0.02444847 
9 567 9 13 0.024381872 
19 500 9 12 0.024287164 
140 445 11 13 0.02428582 
100 446 9 10 0.024270218 
357 430 8 10 0.024265122 
510 429 9 12 0.024223272 
201 439 8 9 0.024221705 
743 462 11 14 0.024122838 
38 422 10 13 0.024068693 
689 502 8 10 0.02401476 
96 446 9 11 0.023977632 
21 512 9 11 0.02389579 
158 432 8 10 0.023802955 
457 455 8 11 0.023675282 
374 334 12 14 0.02353861 
96 409 12 16 0.023466514 
497 476 9 11 0.023434673 
321 399 9 11 0.023413565 
224 436 10 12 0.023085762 
457 444 8 12 0.022996282 
37 486 9 10 0.022652393 
661 472 8 10 0.02260169 
521 519 9 11 0.022536032 
1 453 8 14 0.022430036 
595 436 10 13 0.022413485 
447 484 8 11 0.022379303 
725 436 12 16 0.022320261 
581 454 10 11 0.022256901 
446 471 7 9 0.022139495 
441 503 9 12 0.021939099 
36 440 11 13 0.021907544 
55 418 13 17 0.021770233 
548 445 10 12 0.021624992 
484 446 10 13 0.021583233 
479 465 8 9 0.021535108 
64 471 9 11 0.021467382 
662 502 9 11 0.021345286 
7 467 10 13 0.021244042 
698 521 8 10 0.021219961 
722 433 20 26 0.02101929 
54 478 10 12 0.020990299 
620 494 10 11 0.02094383 
426 464 7 9 0.020900067 
1 459 9 13 0.020865817 
760 502 9 9 0.020777084 
47 495 8 11 0.02032313 
380 510 24 29 0.020304723 
352 461 10 13 0.02027175 
353 455 8 10 0.020248238 
