23_Shoppers_Shoppers_23_514
38
516 25 17 21 0.4791675 
703 6 89 101 0.117045105 
759 290 33 39 0.097574525 
269 151 62 82 0.065214075 
272 10 46 53 0.062254723 
244 125 108 135 0.05552308 
943 532 40 45 0.05390134 
496 0 10 11 0.05030607 
266 0 19 18 0.048389442 
598 186 115 151 0.045450956 
705 313 18 20 0.04518884 
212 494 106 133 0.043815013 
629 86 51 70 0.041810703 
264 1 28 32 0.038876407 
230 366 113 121 0.03851361 
654 80 35 55 0.038079925 
640 147 150 227 0.0353332 
763 279 46 69 0.034417808 
523 12 12 13 0.033709347 
654 31 51 71 0.033557527 
529 115 101 113 0.03326252 
200 43 209 271 0.03168092 
340 191 16 20 0.030555302 
419 21 16 19 0.027181752 
249 512 16 19 0.026909966 
747 395 25 30 0.0260288 
442 268 26 31 0.025605615 
588 83 54 71 0.025526486 
525 7 11 12 0.02494968 
252 -1 84 92 0.02425519 
434 270 15 21 0.023690013 
205 519 34 41 0.02288679 
533 0 11 10 0.02203728 
334 269 10 12 0.02200996 
293 29 27 33 0.021967866 
446 274 15 19 0.020236598 
331 116 15 18 0.02022738 
422 1 13 14 0.020087147 
