23_Shoppers_Shoppers_23_60
60
145 508 22 33 0.96318066 
393 584 15 22 0.84187216 
270 547 17 24 0.7728159 
519 588 10 11 0.39977357 
100 518 23 26 0.35988635 
205 552 14 19 0.28346935 
651 596 10 14 0.20098835 
470 588 11 15 0.19635579 
122 802 19 22 0.19586502 
559 576 11 13 0.16670981 
476 588 11 16 0.1501859 
576 571 13 16 0.13688579 
0 667 18 45 0.11137092 
464 588 11 15 0.1065937 
227 548 15 20 0.102512315 
517 591 14 16 0.073296204 
107 510 17 20 0.06818776 
494 588 9 13 0.06697404 
563 578 12 15 0.066551164 
167 626 24 35 0.06320527 
219 551 19 27 0.06024994 
629 581 12 16 0.058599196 
670 598 9 11 0.054509602 
502 584 10 12 0.054278076 
512 588 10 13 0.05424073 
555 585 15 17 0.049290203 
695 607 8 10 0.042533144 
553 579 12 15 0.040580507 
383 584 17 21 0.03838402 
581 575 11 16 0.037243877 
522 583 10 13 0.036300603 
262 551 18 22 0.03507648 
202 608 17 22 0.035069082 
656 614 7 10 0.033591256 
485 586 13 17 0.031891774 
640 598 10 13 0.031663164 
470 658 14 16 0.031277746 
198 609 30 40 0.03032909 
690 608 9 11 0.029658252 
648 601 10 13 0.029612744 
150 503 14 19 0.02934401 
488 736 9 11 0.027558453 
135 511 18 23 0.02667146 
208 551 23 30 0.026623428 
666 606 7 10 0.026164297 
623 585 14 16 0.025548352 
645 589 18 25 0.025076278 
456 588 11 16 0.024620445 
741 608 8 11 0.02277431 
519 533 9 14 0.021729903 
462 584 19 25 0.021448081 
719 616 7 9 0.021373633 
513 611 9 13 0.021207137 
203 623 16 22 0.021048024 
590 580 15 18 0.021016238 
56 772 9 11 0.020759212 
545 572 9 12 0.020356616 
87 677 11 16 0.02028301 
516 579 19 23 0.02006214 
586 526 16 19 0.020024817 
