23_Shoppers_Shoppers_23_122
21
728 3 112 111 0.99825734 
263 48 64 80 0.99635017 
881 71 26 34 0.18363157 
139 253 378 460 0.15873255 
941 526 50 51 0.1304682 
0 57 16 21 0.07676274 
504 116 194 315 0.06199363 
178 292 94 117 0.05838704 
433 89 32 36 0.04640493 
854 67 28 37 0.04148995 
998 40 15 18 0.03420774 
405 46 24 28 0.03385247 
463 -11 434 549 0.033590995 
277 23 56 78 0.03206107 
-1 3 20 28 0.030001339 
92 60 41 47 0.028370855 
757 605 41 41 0.026745228 
792 9 102 113 0.025874902 
104 15 44 54 0.022456275 
7 57 23 31 0.022405908 
436 63 28 33 0.02144083 
