23_Shoppers_Shoppers_23_294
22
569 132 36 41 0.99890363 
747 126 43 64 0.99618655 
201 155 43 45 0.99279517 
154 158 29 48 0.9902789 
861 257 25 31 0.36207855 
903 357 10 14 0.081567705 
425 105 31 45 0.075088754 
435 97 40 64 0.057301067 
292 288 45 69 0.040254686 
372 160 23 35 0.032140087 
402 550 32 38 0.029909307 
466 2 17 16 0.028029734 
251 245 27 34 0.026416032 
705 193 58 67 0.025198828 
903 397 12 18 0.024768071 
449 86 46 71 0.023647469 
794 340 14 21 0.022923578 
131 152 42 58 0.022591366 
366 366 37 43 0.022520924 
889 379 16 22 0.021103352 
100 150 40 60 0.020829268 
946 53 82 118 0.020617219 
