23_Shoppers_Shoppers_23_607
352
238 297 181 240 0.9996916 
170 1219 12 15 0.46841833 
175 1433 12 15 0.3873991 
189 1225 13 16 0.3604473 
89 1455 9 12 0.28782833 
212 1417 10 12 0.2618137 
477 1482 12 16 0.24956428 
884 450 66 47 0.22998689 
148 1238 11 13 0.21868263 
116 1268 10 13 0.19883722 
206 1199 8 11 0.19852073 
206 1382 9 10 0.17589533 
229 1411 9 12 0.16633837 
713 639 405 426 0.16506538 
609 995 446 580 0.15397438 
317 1206 9 12 0.1521522 
129 1236 9 12 0.1320165 
175 1284 10 13 0.12945244 
348 1290 11 15 0.12774892 
373 940 10 12 0.1171311 
102 1309 10 13 0.11649995 
368 1305 12 15 0.1143466 
453 916 11 14 0.1133332 
445 1276 10 13 0.10872139 
370 920 9 11 0.10485082 
232 1342 10 11 0.10334338 
151 1269 9 12 0.099453725 
391 926 9 11 0.09821694 
136 1219 10 13 0.096036665 
96 1309 10 13 0.09072446 
516 1286 13 16 0.0871154 
173 1200 9 11 0.082791336 
330 1177 13 17 0.081994794 
536 1341 12 15 0.08026656 
453 1270 10 12 0.07907274 
503 1333 10 13 0.07816443 
215 1193 9 11 0.07641448 
271 1269 10 13 0.07450956 
421 948 8 11 0.07449243 
543 1292 13 16 0.071123496 
143 1200 9 10 0.07076012 
129 1415 9 11 0.068334 
277 1268 11 14 0.06766641 
160 1226 10 13 0.06757778 
113 1262 11 13 0.06671793 
119 1220 9 12 0.06665772 
112 1254 9 11 0.066573225 
847 646 47 58 0.064255945 
467 1333 12 14 0.06421464 
191 1415 10 12 0.063546434 
103 1454 10 12 0.06267044 
133 1415 8 11 0.06258505 
169 1206 9 11 0.06256459 
225 1408 10 12 0.061927076 
418 1253 9 12 0.06125717 
472 935 9 11 0.060529865 
103 1230 10 13 0.056929942 
199 1453 11 13 0.055375982 
134 1238 9 12 0.05407057 
448 1271 10 13 0.051890336 
304 1228 8 11 0.051879477 
88 1415 9 11 0.051840145 
168 1199 9 11 0.05119119 
246 1303 9 12 0.050951336 
352 1204 10 12 0.050664354 
377 1277 9 12 0.049901567 
144 1496 8 11 0.04987289 
135 1299 11 14 0.049546476 
175 1413 10 11 0.049521256 
392 920 9 10 0.049426954 
254 1422 7 11 0.048566084 
417 943 9 12 0.04826421 
489 924 9 11 0.048116457 
432 1309 9 12 0.047705736 
225 1357 8 11 0.04662267 
309 1222 10 13 0.046251073 
262 1277 10 12 0.046211205 
72 1427 8 12 0.045979843 
173 1423 11 12 0.04586279 
253 1368 8 10 0.04505749 
134 1320 10 13 0.044641484 
236 1279 10 12 0.044109 
199 1443 11 14 0.04409364 
106 1412 12 14 0.043400526 
349 909 10 11 0.043302264 
398 918 7 10 0.043284535 
387 926 8 11 0.0431221 
89 1421 8 10 0.042944834 
238 1205 9 12 0.04251107 
449 917 9 12 0.04220332 
240 1302 9 12 0.042030003 
174 1363 11 13 0.042006455 
385 1228 8 11 0.041643776 
326 1290 11 15 0.041451793 
358 1203 9 12 0.041296996 
229 1302 11 14 0.041212857 
112 1248 9 11 0.041143283 
175 1316 9 11 0.040870924 
116 1255 9 12 0.04078859 
208 1192 9 12 0.040210266 
193 1406 9 10 0.04002584 
266 1429 8 11 0.039417442 
352 1199 8 11 0.039197758 
95 1511 11 13 0.03884376 
336 1245 9 12 0.038843635 
301 1482 10 13 0.038825873 
198 1406 9 11 0.03881541 
266 1271 9 11 0.038655598 
142 1302 8 11 0.038305685 
424 1471 8 12 0.038008783 
136 1430 9 12 0.03796479 
483 1482 11 14 0.037539247 
222 1245 9 12 0.037501592 
124 1389 12 13 0.037499666 
159 1445 9 12 0.037439056 
214 1397 10 12 0.037250154 
132 1230 10 12 0.036761925 
262 1238 9 12 0.036651 
327 1230 8 10 0.036646478 
441 918 8 11 0.036625106 
184 1182 8 11 0.036521092 
192 1373 8 11 0.036363114 
329 1224 8 10 0.035838563 
93 1269 9 13 0.03569293 
117 1247 8 10 0.03529878 
249 1367 8 10 0.03513876 
424 912 7 9 0.03510719 
231 1286 10 11 0.03499214 
156 1469 10 14 0.03455461 
109 1231 10 13 0.034522776 
127 1205 8 10 0.033595942 
174 1239 9 11 0.033367764 
333 1223 8 11 0.033085227 
128 1256 9 11 0.03306957 
104 1293 8 11 0.032899544 
548 1270 11 15 0.032815598 
143 1308 8 11 0.032804694 
384 1453 9 12 0.03264455 
175 1271 11 13 0.03260003 
489 1317 10 12 0.03238383 
424 1316 10 12 0.032185234 
141 1216 9 11 0.032084342 
370 935 9 12 0.032014016 
497 1333 10 12 0.03191421 
159 1191 8 10 0.031683963 
170 1286 9 11 0.03154783 
103 1251 10 12 0.031409707 
88 1448 10 13 0.031399246 
172 1243 11 13 0.031327397 
201 1253 9 13 0.03130089 
245 1485 10 11 0.031161841 
401 1431 9 12 0.031131256 
416 1331 11 14 0.031046258 
94 1429 11 15 0.031025797 
429 1470 10 11 0.030941885 
221 1192 9 11 0.030845817 
176 1454 10 11 0.030731937 
230 1262 9 12 0.030650176 
432 1368 9 12 0.03057682 
149 1198 8 11 0.030532021 
377 1428 9 12 0.03032808 
71 1447 8 11 0.03028121 
150 1232 9 12 0.030079804 
184 1504 9 11 0.029777642 
255 1261 8 11 0.02945849 
256 1302 9 12 0.029301373 
480 1454 10 12 0.0292442 
94 1263 8 11 0.029189855 
183 1221 11 15 0.029156331 
118 1199 8 10 0.029151846 
238 1438 10 12 0.029150441 
143 150 11 14 0.0291227 
128 1324 9 12 0.028903866 
456 1289 10 12 0.028409855 
190 1190 10 13 0.028345024 
206 1253 10 15 0.028290825 
150 1262 11 14 0.028263517 
351 1225 8 11 0.028163908 
224 1287 9 11 0.028159093 
544 1519 10 12 0.027780281 
200 1432 8 11 0.027673647 
165 1443 10 13 0.027653683 
127 1200 8 10 0.027455376 
224 1300 12 15 0.027341321 
127 1404 10 12 0.027325848 
111 1399 8 11 0.027293919 
190 1341 9 11 0.027277902 
208 1398 9 12 0.027263917 
221 1213 9 11 0.027262125 
134 1287 10 13 0.027209459 
320 1231 9 10 0.02711131 
98 1224 7 10 0.02701461 
190 1233 11 14 0.026778352 
509 1340 10 12 0.026729211 
269 1430 10 12 0.026667552 
470 1511 10 12 0.026628545 
143 1500 8 10 0.026576437 
277 1306 10 13 0.026407387 
191 1197 8 11 0.026313717 
93 1413 11 13 0.02628122 
111 1219 9 11 0.026233122 
183 1396 9 12 0.026174622 
473 1480 12 14 0.026102182 
447 924 9 12 0.026045935 
383 910 8 10 0.02600769 
380 1373 9 11 0.025947515 
199 1375 9 11 0.02593078 
232 1346 11 13 0.025892224 
215 1430 9 10 0.025775151 
257 1222 9 11 0.025710238 
119 1228 9 11 0.025697244 
182 1360 9 12 0.025689153 
196 1222 10 13 0.025612522 
311 1284 8 11 0.02558024 
168 1364 10 13 0.025551973 
430 919 7 9 0.0255037 
124 1396 12 14 0.025476169 
98 1228 9 12 0.025418216 
352 1360 8 10 0.02540812 
136 1342 9 11 0.0253169 
310 1279 8 11 0.02526538 
507 1333 11 15 0.025230948 
238 1199 9 12 0.025118485 
225 1293 10 12 0.02510204 
295 1213 9 10 0.025084995 
258 1245 8 12 0.025047544 
430 1315 9 13 0.024909973 
406 912 7 9 0.024899332 
276 1286 10 13 0.024881994 
301 1335 9 11 0.02483789 
233 1432 8 10 0.024800079 
437 1307 10 12 0.024791531 
149 1255 11 13 0.024721488 
262 1245 9 11 0.024674041 
234 1199 8 11 0.02453177 
237 1237 12 14 0.024529478 
262 1221 9 12 0.024469426 
104 1407 12 13 0.024430476 
420 1351 9 10 0.0244031 
103 1418 14 18 0.02424931 
233 1436 10 12 0.02423724 
135 1421 9 11 0.024143828 
246 1479 10 12 0.024048174 
439 1283 10 13 0.024005635 
305 1414 8 11 0.023960732 
239 1212 8 10 0.023853796 
367 1296 10 12 0.023801316 
408 1411 10 12 0.023769662 
184 1340 10 13 0.023758614 
126 1214 9 12 0.02375455 
224 1262 10 12 0.023692649 
296 1221 9 12 0.023636362 
103 1221 9 13 0.02356919 
191 1279 9 12 0.023555903 
298 1228 8 11 0.02353372 
272 1324 8 11 0.023438144 
297 1335 9 11 0.023425257 
154 1446 9 10 0.023411015 
119 1302 8 11 0.023398835 
305 1223 9 13 0.023381129 
191 1245 9 11 0.023349376 
166 1224 11 14 0.023340126 
238 1255 9 11 0.02333592 
249 1414 9 12 0.023326896 
190 1333 10 12 0.023326183 
261 1301 9 12 0.02322102 
137 1199 8 10 0.023171576 
169 1316 9 11 0.023102831 
303 1274 9 13 0.023084695 
206 1386 10 13 0.023076706 
352 1341 10 13 0.023040326 
420 1328 10 12 0.023034023 
145 1232 9 11 0.023015276 
105 1215 9 11 0.022942381 
198 1333 9 11 0.022899285 
151 1183 7 9 0.022890577 
264 1253 9 11 0.02276373 
465 1325 10 13 0.022742607 
133 1487 7 10 0.022717768 
232 1214 9 11 0.02266874 
87 1370 10 12 0.02264604 
208 1219 9 13 0.022643534 
112 1274 10 12 0.022638299 
144 1261 9 13 0.022632565 
168 1435 11 16 0.022621343 
273 1319 9 11 0.022582244 
414 936 7 9 0.022513544 
103 1479 8 10 0.022495601 
360 1277 10 12 0.022428986 
114 1197 8 11 0.02238987 
272 1263 10 13 0.022353401 
340 1245 9 11 0.022301117 
375 1269 10 14 0.022265764 
190 1399 10 13 0.022262633 
193 1349 9 12 0.022197196 
360 1254 10 12 0.022174977 
152 1191 8 9 0.022165049 
185 1333 10 13 0.02213443 
153 1274 9 12 0.022133976 
128 1183 7 9 0.022035593 
135 1435 10 13 0.02193971 
383 934 8 10 0.021891905 
190 1215 9 11 0.021871319 
88 1311 9 13 0.02182128 
177 1183 8 10 0.021795655 
249 1461 9 11 0.021761652 
97 1304 9 12 0.021680353 
73 1491 10 12 0.021675708 
466 934 9 11 0.021646434 
183 1316 10 12 0.021624262 
110 1236 10 12 0.021479659 
527 1519 10 11 0.021413079 
547 1295 13 17 0.02127316 
409 1455 8 10 0.021239985 
449 912 8 11 0.021162093 
206 1405 8 11 0.021092102 
449 1263 8 10 0.02108694 
216 1437 10 12 0.02106114 
169 1421 9 11 0.021021914 
108 1455 9 11 0.021008482 
596 1446 15 19 0.020967187 
142 1179 10 13 0.020944314 
239 1335 9 11 0.020938503 
489 1277 9 12 0.020920308 
144 1240 11 14 0.020905623 
77 1422 9 13 0.020887313 
135 1308 10 12 0.02087541 
159 1438 11 15 0.02079476 
471 918 9 10 0.020710753 
314 1201 8 10 0.020678798 
320 1438 9 12 0.020661084 
414 1405 11 14 0.020648748 
453 1265 10 11 0.020544644 
112 1336 10 12 0.02054038 
297 1272 9 12 0.020507785 
196 1413 9 12 0.020396683 
240 1326 9 10 0.02038383 
157 1464 10 12 0.020372108 
198 1191 11 13 0.020356772 
254 1372 8 10 0.020356502 
101 1517 10 12 0.020285627 
92 1457 11 13 0.02026652 
401 913 7 10 0.020248078 
472 912 8 10 0.020228297 
336 912 7 9 0.020215524 
126 1221 10 12 0.020109234 
185 1177 7 9 0.020083612 
256 1428 7 10 0.020069744 
120 1183 7 10 0.020069286 
431 1339 10 13 0.020054052 
400 1309 9 12 0.020054046 
485 1460 9 11 0.020004045 
