23_Shoppers_Shoppers_23_511
454
501 316 12 16 0.81270343 
56 301 10 13 0.7935215 
70 362 16 21 0.5637443 
479 322 12 14 0.5430571 
788 638 13 16 0.5360208 
843 324 16 20 0.4463798 
245 162 12 15 0.4002864 
749 574 9 11 0.358408 
530 14 9 11 0.33272606 
706 603 15 22 0.31303334 
728 194 13 18 0.31169558 
323 209 12 15 0.30946892 
12 220 13 17 0.29879743 
459 550 22 29 0.27295297 
484 24 11 13 0.24507938 
343 216 11 14 0.2443732 
450 302 8 10 0.23948233 
384 251 9 12 0.22611512 
894 342 10 14 0.21848762 
830 239 9 12 0.21300289 
160 93 11 13 0.21133134 
647 303 12 14 0.20507346 
748 275 11 14 0.20145884 
418 284 8 10 0.19586377 
742 215 9 13 0.19509155 
852 619 13 17 0.19086047 
828 259 13 16 0.18703869 
739 321 13 16 0.18155803 
243 121 12 17 0.17603742 
617 360 10 12 0.15878421 
219 582 14 17 0.15384768 
52 322 12 14 0.14166316 
588 332 12 17 0.13543645 
16 294 8 10 0.13283154 
65 283 10 13 0.12897816 
698 341 10 13 0.12698574 
483 319 12 15 0.12564702 
127 92 13 17 0.12369502 
293 140 13 19 0.12227469 
101 60 13 17 0.120988384 
100 580 29 37 0.11293616 
652 307 9 12 0.11187564 
837 254 11 14 0.107302345 
129 356 14 18 0.1070908 
853 561 8 10 0.104918644 
6 303 9 12 0.103530236 
22 294 9 12 0.10349139 
560 33 9 10 0.09922499 
137 48 9 11 0.09801584 
606 341 9 12 0.09797489 
315 202 22 28 0.09714015 
718 335 10 14 0.09710402 
1 293 9 12 0.09678539 
166 582 13 16 0.09387917 
478 52 13 17 0.08974461 
164 54 10 13 0.08932124 
806 189 9 12 0.08902894 
75 317 12 15 0.08878181 
337 215 22 33 0.08831221 
93 67 12 16 0.08366934 
591 68 10 12 0.08297049 
671 367 9 12 0.080724746 
743 612 10 12 0.08017879 
144 345 14 17 0.08014836 
236 195 11 14 0.078935735 
334 211 52 74 0.07660035 
111 377 16 19 0.07657709 
718 636 15 19 0.07519224 
250 497 106 121 0.07434091 
49 40 9 11 0.07394091 
749 629 9 12 0.0738024 
235 101 10 11 0.07377974 
126 122 10 12 0.07311516 
787 631 13 15 0.07277937 
171 625 13 15 0.072509326 
903 325 9 13 0.07156208 
52 58 16 21 0.07153994 
260 430 46 64 0.07144643 
83 91 11 15 0.071025334 
842 229 10 13 0.07065243 
6 294 9 11 0.0703629 
714 339 10 12 0.06986882 
701 397 12 14 0.069701366 
152 361 29 40 0.06917999 
800 271 9 11 0.06903484 
23 350 12 13 0.068550214 
551 374 10 12 0.06590285 
129 524 22 30 0.06589173 
477 9 8 10 0.06513634 
159 60 10 12 0.06433695 
640 301 10 13 0.06306648 
912 329 11 15 0.062207304 
845 225 9 10 0.06120376 
859 639 12 15 0.060638484 
779 42 13 17 0.060420625 
847 624 14 18 0.05978965 
312 199 54 74 0.05955813 
559 324 12 14 0.059238788 
51 52 15 18 0.05844677 
747 310 14 17 0.05749271 
833 276 12 16 0.057261325 
40 350 11 13 0.057104796 
23 299 10 13 0.056272358 
69 298 12 16 0.056160647 
872 341 9 12 0.05581339 
282 482 29 42 0.05571083 
740 268 22 27 0.055566642 
586 326 9 13 0.05520661 
130 521 14 19 0.05446823 
140 530 16 21 0.054367524 
737 220 11 13 0.054059986 
39 316 10 14 0.05391749 
823 256 13 15 0.05315634 
52 379 15 19 0.052598517 
171 636 16 19 0.052267786 
630 332 9 12 0.052212168 
809 260 9 12 0.051493607 
183 22 13 15 0.050361365 
748 576 12 15 0.049608544 
784 220 10 12 0.049330592 
213 29 9 11 0.04911177 
247 38 11 13 0.048984494 
232 96 10 13 0.04886732 
126 86 11 15 0.04852599 
802 188 8 12 0.04837809 
42 431 20 21 0.047405545 
150 346 49 63 0.04740108 
821 23 10 11 0.04717688 
715 608 15 21 0.04715634 
59 303 13 16 0.04687424 
133 58 14 15 0.04683189 
536 36 8 11 0.046752658 
816 572 10 13 0.04668411 
858 617 13 18 0.046512615 
46 590 11 15 0.04636379 
94 338 15 19 0.04629074 
164 99 10 13 0.04575349 
824 264 12 15 0.04525851 
114 308 13 16 0.043920673 
270 457 51 75 0.043884665 
845 234 10 13 0.043427303 
41 51 22 27 0.043339457 
76 50 11 15 0.043063384 
700 334 10 14 0.043012206 
520 55 9 12 0.043006334 
96 37 9 11 0.04294993 
545 333 11 14 0.04279619 
138 450 29 38 0.042504687 
582 425 10 12 0.042416066 
794 637 13 17 0.042345837 
228 31 10 13 0.04233644 
778 636 11 15 0.041614585 
745 569 10 13 0.04132736 
798 16 9 11 0.04132514 
696 318 9 12 0.041044395 
350 516 12 15 0.040814545 
98 33 7 10 0.04055564 
7 332 11 16 0.040319916 
719 269 11 16 0.040089577 
200 119 9 13 0.039725333 
101 37 8 10 0.039539516 
849 561 12 16 0.03941375 
478 13 9 12 0.03937396 
59 64 15 20 0.039295632 
861 611 11 16 0.03924149 
405 466 17 21 0.039148692 
526 56 11 14 0.038889416 
251 521 65 77 0.038752664 
8 328 10 12 0.038738664 
55 48 21 26 0.03841325 
284 186 16 20 0.03838895 
119 84 10 15 0.038180515 
197 547 13 16 0.037990607 
478 329 12 13 0.037850358 
123 527 16 23 0.037720393 
542 37 9 11 0.037571907 
161 47 10 13 0.037567962 
63 325 9 12 0.03755324 
220 531 110 120 0.03754633 
122 550 59 68 0.037314776 
52 43 12 16 0.03730011 
36 611 13 16 0.03719714 
444 533 41 57 0.036333475 
296 23 9 10 0.03630466 
237 591 62 64 0.036153115 
7 288 9 12 0.036020525 
236 108 11 14 0.035869993 
589 45 10 12 0.03566197 
265 414 37 52 0.034969807 
803 637 13 16 0.034928545 
95 60 14 19 0.034734514 
180 638 15 17 0.03462254 
572 366 10 11 0.034513816 
557 277 14 16 0.034484588 
853 606 13 15 0.0342652 
563 331 16 18 0.034091685 
61 369 15 19 0.034058984 
860 625 13 16 0.03402753 
758 284 9 11 0.033906143 
111 77 9 12 0.0338688 
2 299 10 14 0.03385888 
22 288 8 11 0.0338479 
489 47 21 28 0.03379902 
663 300 11 14 0.033559144 
848 605 10 13 0.033261765 
109 68 9 13 0.033216685 
120 334 10 12 0.03308834 
838 39 11 15 0.03281157 
484 51 13 17 0.032614797 
774 261 9 11 0.03226892 
770 299 16 20 0.032236055 
115 556 14 16 0.03215293 
359 237 11 15 0.031921975 
7 314 11 15 0.031915545 
45 348 10 14 0.031790823 
739 316 22 26 0.031719256 
522 59 9 12 0.03147897 
550 325 10 13 0.031459294 
559 330 13 16 0.03131132 
132 548 16 21 0.031257115 
724 333 10 13 0.031228028 
454 296 10 15 0.031102736 
248 355 12 16 0.030998738 
4 238 14 19 0.030747995 
847 60 10 12 0.030691385 
101 33 8 9 0.03067125 
734 229 10 13 0.030419001 
494 47 11 14 0.030250952 
464 336 8 12 0.030213196 
47 318 11 15 0.029981665 
13 593 44 54 0.029905882 
576 40 9 11 0.029811604 
331 89 13 17 0.029654218 
598 338 12 15 0.029555095 
281 23 8 9 0.029484455 
19 636 15 17 0.029416785 
838 248 11 13 0.02938324 
325 21 8 11 0.029372612 
96 556 60 66 0.029356861 
825 245 10 12 0.02929666 
799 576 10 13 0.029163897 
111 525 52 66 0.029035468 
804 269 10 13 0.028971782 
15 299 9 13 0.028915206 
831 343 10 12 0.028686384 
166 557 27 30 0.028671475 
861 348 10 12 0.028583199 
667 298 13 15 0.028548999 
127 80 10 13 0.028523697 
70 322 11 14 0.028473074 
599 47 8 11 0.028335014 
119 80 8 12 0.028295754 
167 620 23 26 0.02824626 
204 588 12 14 0.028055202 
541 357 11 14 0.027990729 
750 362 12 14 0.027952328 
86 316 11 15 0.027948258 
67 279 10 13 0.027906796 
606 54 9 12 0.02790153 
464 23 10 13 0.027837506 
742 207 10 13 0.027837029 
558 317 13 15 0.027722059 
87 311 10 13 0.027636556 
448 550 25 32 0.027520595 
830 251 20 24 0.0274461 
792 20 11 13 0.02740842 
566 47 11 14 0.027293041 
788 6 10 12 0.027255597 
138 52 12 14 0.027248774 
848 586 10 13 0.027238363 
228 225 25 29 0.027209075 
108 54 10 14 0.027200129 
131 87 11 13 0.027019737 
687 342 8 11 0.02699621 
625 333 9 11 0.02681568 
273 32 8 11 0.026729248 
94 299 10 12 0.026688198 
164 87 10 13 0.026616393 
90 41 8 10 0.026525525 
930 247 29 39 0.026451237 
815 224 8 9 0.026153142 
324 28 11 14 0.026142122 
614 413 12 14 0.026035294 
212 550 12 14 0.026008187 
792 301 10 13 0.02597733 
724 610 11 15 0.025973072 
145 502 10 13 0.025943516 
278 31 9 11 0.025909476 
703 374 8 11 0.025851138 
753 9 8 10 0.025688542 
152 69 9 13 0.025611714 
736 610 12 16 0.02557106 
789 221 8 11 0.025531238 
697 422 11 14 0.025514018 
83 491 102 130 0.025463538 
550 390 10 12 0.025463276 
92 315 10 14 0.025417939 
792 29 9 12 0.025415665 
894 334 13 17 0.02537524 
64 237 98 123 0.02532456 
241 38 11 15 0.025274217 
742 634 13 15 0.02523506 
549 60 11 14 0.025200166 
148 374 25 34 0.025158942 
585 44 10 13 0.02513551 
576 254 11 13 0.025102248 
14 468 13 18 0.025060497 
117 304 10 13 0.025046863 
791 14 10 13 0.024985693 
632 351 10 12 0.024979036 
353 232 49 66 0.024921237 
35 37 38 46 0.024891656 
135 462 23 34 0.02483567 
133 67 13 14 0.02471031 
46 382 24 26 0.024705386 
500 638 15 15 0.024688808 
156 68 11 13 0.024574848 
77 311 12 15 0.024542246 
638 353 9 11 0.024475744 
296 29 10 12 0.024424648 
203 123 11 15 0.02429951 
102 333 12 17 0.024296187 
292 174 10 14 0.024278995 
645 317 10 12 0.024221435 
12 602 13 18 0.024213092 
888 345 10 13 0.024192521 
158 519 51 63 0.024144119 
835 267 14 18 0.024018994 
165 572 24 27 0.02400683 
544 403 12 16 0.024004517 
801 185 8 10 0.024004411 
109 522 25 32 0.02399495 
128 352 10 13 0.023968628 
707 397 12 15 0.023897825 
822 285 11 14 0.023868456 
741 282 13 15 0.023767767 
243 127 15 20 0.023731641 
484 69 11 15 0.02370187 
447 305 11 14 0.023613928 
271 363 23 39 0.023606157 
827 265 15 19 0.023590341 
269 386 45 66 0.023555033 
156 563 15 21 0.023546953 
153 556 50 63 0.023493618 
841 318 12 17 0.02347609 
33 316 10 13 0.023474986 
568 339 15 16 0.023431674 
784 624 10 12 0.023347326 
704 600 12 16 0.023323826 
189 533 27 35 0.02324162 
529 31 9 12 0.023210056 
93 51 13 17 0.023192054 
744 303 10 13 0.023189206 
816 229 8 10 0.023188625 
767 276 10 13 0.023161687 
776 632 22 26 0.023032531 
152 62 10 12 0.02301464 
35 59 16 21 0.022820631 
876 341 12 15 0.022769954 
135 348 22 27 0.022658812 
518 46 9 11 0.02265464 
600 62 9 12 0.022601353 
726 324 13 16 0.022594772 
823 580 9 13 0.02249953 
829 275 20 26 0.02246635 
297 142 16 23 0.02243983 
286 143 16 20 0.02235203 
700 325 10 13 0.02228432 
546 339 12 14 0.022282999 
574 46 10 12 0.022280524 
263 366 41 60 0.022278989 
733 30 9 10 0.022238597 
361 76 10 13 0.022238526 
138 518 26 32 0.022113089 
69 308 12 16 0.022105658 
601 292 10 12 0.022074144 
815 259 10 14 0.02207235 
573 79 8 10 0.022046303 
808 610 10 13 0.022044623 
475 320 19 21 0.022015737 
736 252 46 56 0.02201002 
206 474 172 201 0.022007924 
558 80 8 9 0.021992406 
862 342 11 14 0.021984197 
312 55 8 10 0.021936122 
530 59 12 14 0.02189074 
16 620 27 32 0.021880792 
63 366 23 28 0.02187975 
480 19 18 22 0.021817066 
275 172 28 34 0.02176409 
686 336 9 12 0.021745205 
57 542 28 32 0.021731868 
318 67 10 13 0.021730522 
142 105 46 58 0.021670654 
27 299 11 14 0.021614112 
743 620 12 16 0.02158781 
517 308 10 12 0.021527726 
586 68 10 13 0.021497061 
806 43 9 12 0.021482317 
614 312 9 12 0.021480918 
733 632 15 18 0.021461807 
614 406 11 14 0.021444233 
770 212 11 14 0.02142886 
755 630 10 13 0.021404292 
70 46 14 18 0.021358069 
800 253 9 11 0.02135549 
287 29 9 11 0.021346094 
496 267 95 116 0.02134119 
657 24 7 9 0.021298127 
343 488 50 71 0.021207536 
735 39 9 12 0.021206042 
124 537 23 31 0.021205759 
551 36 10 13 0.02120213 
266 548 15 18 0.021149607 
768 204 11 13 0.021108214 
478 309 12 15 0.021045528 
707 196 13 16 0.021011181 
707 611 17 25 0.020977678 
232 347 16 20 0.020973243 
475 50 22 27 0.020948417 
568 71 9 11 0.020865506 
269 485 62 81 0.020852726 
219 589 16 19 0.020841893 
36 52 14 17 0.020815864 
140 60 11 13 0.020783277 
269 79 9 11 0.020776553 
223 22 10 13 0.020762961 
581 211 14 17 0.020758552 
152 100 10 13 0.020728553 
271 446 96 138 0.02070485 
680 341 8 11 0.020662209 
560 44 12 14 0.020637983 
473 12 10 13 0.020619925 
689 349 9 11 0.02060448 
153 561 27 36 0.020581927 
146 352 15 18 0.020578347 
728 237 11 13 0.02048999 
469 21 11 14 0.02041409 
0 455 24 41 0.020395536 
485 17 10 12 0.020350035 
382 255 11 17 0.020329503 
839 235 11 14 0.020317752 
189 589 14 17 0.020296793 
577 193 8 9 0.02022962 
110 550 24 27 0.02017604 
123 514 22 32 0.02012867 
286 24 8 9 0.020104311 
472 318 13 15 0.020104107 
738 194 12 15 0.020103117 
125 260 11 14 0.020042503 
521 92 10 12 0.020038156 
791 205 9 12 0.020017233 
209 24 10 12 0.020004857 
749 633 12 15 0.020002838 
