23_Shoppers_Shoppers_23_167
23
354 162 100 142 0.77217966 
836 38 109 117 0.28686836 
19 45 30 34 0.12821254 
283 16 69 80 0.12813409 
116 18 21 27 0.09722217 
366 23 62 86 0.09599774 
903 59 62 86 0.056705732 
302 57 41 46 0.05594453 
623 389 110 158 0.053611796 
250 -6 112 129 0.042817738 
415 55 109 123 0.04160241 
312 2 66 79 0.036285754 
344 6 68 81 0.034731973 
513 184 53 77 0.03294928 
891 71 90 123 0.030173589 
784 31 121 140 0.028694058 
1010 358 14 26 0.024257245 
494 -4 103 120 0.024012038 
907 111 95 127 0.022772267 
305 90 178 227 0.022122523 
476 70 64 84 0.021766396 
393 101 96 143 0.020469086 
449 30 110 131 0.020056026 
