23_Shoppers_Shoppers_23_571
59
878 353 103 144 0.9975931 
353 485 19 24 0.64925957 
277 568 24 32 0.20625843 
743 571 12 16 0.10871949 
74 611 9 12 0.10691561 
852 557 17 18 0.10546619 
1011 549 13 20 0.09406453 
284 565 16 22 0.08915217 
1003 525 14 18 0.0714893 
54 636 13 19 0.06692899 
792 540 14 17 0.0653461 
946 530 25 32 0.06417516 
587 597 10 14 0.054723587 
573 603 10 12 0.054052357 
811 532 12 14 0.045861583 
684 611 11 14 0.04198358 
729 534 8 10 0.038441863 
899 535 26 32 0.036425486 
110 621 10 12 0.034682453 
617 552 8 10 0.034583557 
630 705 11 14 0.0341519 
617 598 8 12 0.028523903 
652 478 11 16 0.028264899 
854 541 13 15 0.02817297 
263 662 12 16 0.02796833 
736 569 13 16 0.02783166 
1004 539 16 19 0.027803298 
451 421 33 38 0.027782902 
699 699 14 20 0.027634326 
259 557 13 15 0.027012434 
254 514 12 16 0.026660055 
645 601 8 10 0.026465045 
38 599 8 11 0.025874043 
194 638 51 75 0.025188873 
678 450 43 68 0.024792539 
91 626 17 19 0.024600338 
55 621 10 12 0.024374943 
959 593 13 15 0.024351144 
641 600 8 10 0.023998708 
644 472 14 20 0.023994433 
636 462 20 29 0.023952901 
908 594 14 17 0.023952033 
574 560 8 10 0.023804778 
858 549 12 16 0.023019832 
734 534 8 10 0.022952303 
462 625 11 11 0.02294409 
269 578 15 18 0.022761468 
688 550 9 10 0.022526832 
538 674 13 15 0.022425326 
201 621 28 37 0.022090513 
131 647 13 18 0.021698233 
125 590 10 12 0.021538453 
422 520 12 18 0.021460366 
163 628 12 16 0.021404775 
702 608 8 11 0.020910041 
134 612 46 54 0.020619772 
847 539 13 16 0.020259826 
56 605 10 12 0.020152899 
735 549 10 12 0.020063313 
