23_Shoppers_Shoppers_23_561
31
469 225 57 67 0.9995976 
688 215 59 71 0.9995974 
237 231 60 71 0.99957544 
449 614 53 58 0.99925536 
650 608 54 55 0.99835616 
675 494 31 32 0.9868101 
235 514 30 34 0.9545967 
449 499 33 35 0.33467105 
521 242 28 33 0.100646734 
41 948 216 267 0.07894595 
496 625 33 36 0.0788052 
443 474 51 63 0.06220046 
131 503 241 292 0.05526007 
152 921 238 284 0.04890336 
292 249 30 36 0.0473722 
473 534 25 28 0.047206245 
79 1066 145 149 0.03812479 
263 540 15 17 0.032442138 
247 1113 131 114 0.03155959 
244 521 31 35 0.031431463 
464 500 17 20 0.027152678 
70 414 375 477 0.025326146 
476 622 36 46 0.024397256 
516 605 43 51 0.024395816 
698 523 15 18 0.024270434 
231 130 27 28 0.024099423 
463 119 28 28 0.023417536 
698 499 13 17 0.02262599 
-27 837 430 463 0.021550372 
518 289 394 483 0.020170521 
267 547 13 14 0.020040788 
