23_Shoppers_Shoppers_23_328
94
477 207 29 38 0.99925226 
314 213 35 40 0.99872106 
127 338 88 96 0.9898447 
576 185 13 17 0.94264764 
622 185 13 17 0.8808789 
546 191 15 19 0.7539678 
327 169 25 29 0.6355316 
338 198 27 37 0.40041777 
137 595 31 41 0.36033463 
24 427 11 13 0.28729832 
157 667 24 26 0.11890373 
544 237 11 15 0.10437208 
75 431 16 19 0.10428875 
645 215 10 11 0.07797457 
978 477 15 19 0.0705399 
647 188 12 16 0.06945101 
703 258 221 259 0.06690562 
665 326 9 11 0.061153527 
1012 166 11 17 0.060720894 
1 446 10 16 0.05968405 
918 235 14 19 0.057936378 
324 202 33 42 0.05267131 
652 293 10 14 0.049888186 
997 231 8 11 0.047067076 
402 552 32 31 0.046897832 
1004 478 16 19 0.044355456 
517 220 15 16 0.042902723 
604 194 13 15 0.040998857 
560 184 11 13 0.040614452 
758 231 8 10 0.03995054 
597 205 13 15 0.03944241 
3 438 12 15 0.03939938 
1 457 10 16 0.039309412 
995 256 14 17 0.038433675 
1000 302 11 13 0.037855834 
774 228 9 12 0.037472416 
468 511 14 15 0.037260257 
806 157 13 14 0.03713145 
638 196 10 14 0.036594357 
23 434 11 14 0.03651788 
596 194 15 17 0.03560557 
1002 326 13 16 0.03492692 
61 225 12 14 0.034813594 
810 119 9 11 0.034246903 
645 220 10 13 0.032890182 
1013 180 11 16 0.03264935 
540 219 12 15 0.031456452 
525 201 13 15 0.03139501 
1015 317 10 13 0.03072849 
622 213 10 14 0.030092316 
108 221 10 12 0.029275853 
997 236 9 11 0.02902266 
13 438 10 12 0.028900268 
100 214 15 18 0.028418005 
699 340 17 21 0.028172327 
648 183 10 13 0.027995655 
-1 441 17 25 0.027948454 
377 219 12 16 0.027494026 
971 258 13 16 0.026903277 
485 197 28 36 0.026545543 
648 252 12 15 0.026260031 
1015 258 10 15 0.025820322 
842 74 13 17 0.02573546 
5 430 13 15 0.02536609 
978 331 12 16 0.025134498 
676 144 23 28 0.024932293 
113 237 9 12 0.024426648 
557 201 13 17 0.023567814 
802 158 10 12 0.023501568 
892 98 13 18 0.023279535 
794 112 8 11 0.02261755 
616 207 9 12 0.02258432 
984 246 9 11 0.022537634 
12 247 11 13 0.0224252 
76 277 12 15 0.022277532 
92 398 27 32 0.022246152 
814 163 9 12 0.022187673 
427 243 13 16 0.021949805 
40 437 12 15 0.021871723 
553 193 14 16 0.02186572 
535 189 11 14 0.02171132 
648 207 9 12 0.02164683 
396 243 15 17 0.021363305 
94 214 15 16 0.021205785 
568 185 12 17 0.021102501 
912 295 25 30 0.020930367 
441 233 24 28 0.0208691 
1003 470 15 18 0.020857427 
1006 245 9 12 0.020766009 
544 199 13 16 0.020468174 
815 135 8 10 0.020457562 
13 451 11 15 0.020446377 
1000 526 12 13 0.020074265 
666 300 11 13 0.020073622 
