23_Shoppers_Shoppers_23_599
83
145 28 39 78 0.85614467 
658 50 35 51 0.77717006 
607 530 25 32 0.66443896 
572 431 20 26 0.40029722 
961 171 18 23 0.35060847 
803 467 22 27 0.32730466 
790 219 25 32 0.27166548 
497 406 25 29 0.1808781 
670 48 39 44 0.16880843 
93 45 54 72 0.16435748 
482 413 12 15 0.16064358 
644 428 14 18 0.116174646 
263 54 11 13 0.09986414 
607 423 23 30 0.09646053 
312 55 9 11 0.0825021 
220 29 14 20 0.08001328 
546 412 13 17 0.071480826 
264 49 9 12 0.07146671 
117 35 53 79 0.07098926 
538 210 28 29 0.060497276 
532 421 16 18 0.059600238 
388 88 11 13 0.05724493 
570 542 25 30 0.056001157 
588 471 18 20 0.055708345 
685 425 16 18 0.05548716 
359 244 11 14 0.05452412 
673 105 53 82 0.050752755 
548 406 10 13 0.05052312 
604 412 13 15 0.048705507 
662 50 55 76 0.04654205 
172 100 31 44 0.042585593 
579 404 11 13 0.041713167 
480 408 12 14 0.037391476 
467 524 12 14 0.035187557 
650 429 13 16 0.034937494 
995 237 25 37 0.034243196 
259 52 21 25 0.03263074 
578 589 18 20 0.031906515 
785 370 16 20 0.031503826 
507 451 22 26 0.030636514 
493 410 18 21 0.030289076 
699 526 12 16 0.030153753 
786 358 13 15 0.029802427 
701 458 14 18 0.029491989 
-2 137 35 62 0.029201195 
836 498 23 29 0.028542306 
455 405 24 28 0.028274678 
638 551 14 17 0.028269092 
571 217 52 58 0.02826296 
310 72 8 11 0.02733858 
600 404 12 14 0.026992217 
271 77 10 13 0.02644472 
268 47 10 12 0.026200853 
464 411 14 17 0.024820179 
695 531 11 13 0.024455491 
874 500 18 20 0.02404761 
156 57 43 71 0.023798378 
572 422 16 18 0.023008754 
343 53 11 13 0.02298131 
536 410 20 24 0.02284567 
615 399 10 12 0.022601739 
505 237 27 33 0.022518309 
615 510 12 13 0.022473924 
320 78 8 9 0.022199232 
613 515 13 15 0.022179903 
203 36 10 14 0.022049893 
403 186 15 19 0.021809759 
88 6 30 44 0.021510327 
611 412 14 15 0.021349132 
931 247 86 131 0.021322867 
700 436 12 16 0.021270247 
345 11 12 15 0.020986842 
352 243 13 17 0.02095472 
258 238 17 20 0.020951806 
501 535 15 18 0.020902721 
437 408 13 18 0.020884478 
500 421 17 20 0.020833936 
468 420 12 17 0.020812506 
410 93 9 12 0.02072548 
607 525 12 16 0.020564364 
653 468 15 18 0.020499296 
250 211 30 35 0.0204942 
515 411 14 18 0.020235395 
