23_Shoppers_Shoppers_23_450
315
247 432 21 28 0.8995021 
661 357 18 23 0.79323816 
538 627 21 26 0.7022461 
540 690 19 23 0.57356215 
493 630 21 25 0.46822047 
516 583 16 19 0.4600886 
684 299 11 15 0.4121129 
421 639 18 21 0.35015568 
354 105 15 19 0.3440183 
579 778 15 17 0.32234356 
697 313 9 12 0.32197905 
854 633 20 28 0.30423066 
430 680 21 29 0.28191233 
784 580 19 26 0.2781299 
618 770 13 16 0.2770405 
750 248 8 10 0.26617062 
893 602 15 20 0.2500392 
701 581 15 24 0.21199879 
578 627 16 20 0.20061885 
344 264 8 10 0.17581129 
247 104 8 11 0.16955505 
576 785 24 28 0.16127887 
612 631 22 27 0.15526699 
832 322 13 17 0.15013213 
338 103 12 15 0.14581892 
855 625 15 21 0.13833912 
563 805 15 18 0.13193135 
836 296 9 11 0.13152936 
547 811 15 19 0.1305663 
278 104 7 9 0.12882754 
574 615 22 29 0.12405901 
523 587 15 17 0.120189145 
236 119 11 13 0.11268117 
508 828 15 17 0.1096621 
585 792 23 30 0.10947522 
431 839 10 14 0.104373455 
575 686 18 20 0.10339555 
445 336 13 16 0.10141202 
423 628 15 19 0.10037185 
728 263 8 12 0.0998901 
489 575 10 12 0.09944132 
856 663 18 24 0.098557256 
540 620 17 20 0.09827953 
576 611 17 19 0.09754622 
732 245 9 11 0.09313331 
680 577 23 31 0.090787865 
811 575 18 22 0.08802321 
729 286 7 11 0.087204374 
863 246 13 16 0.08712743 
421 577 11 14 0.08687572 
553 807 20 23 0.08397724 
576 197 10 11 0.083062746 
360 314 13 16 0.080935076 
408 292 12 15 0.080865905 
456 579 9 11 0.079629846 
461 620 16 20 0.07893402 
978 529 22 31 0.07796209 
473 579 10 11 0.07657634 
548 834 17 21 0.07359228 
595 799 20 28 0.07196182 
833 298 10 13 0.07150045 
241 103 9 11 0.07127267 
571 804 14 18 0.07002468 
853 246 10 12 0.070014834 
781 264 9 12 0.06907634 
439 580 10 12 0.067844614 
288 443 11 16 0.064977564 
511 1082 11 13 0.063818 
581 642 17 20 0.06286447 
725 615 15 21 0.062857546 
889 269 10 13 0.062605254 
614 688 16 18 0.062444486 
570 264 9 13 0.062403716 
581 824 17 21 0.061383013 
741 617 14 19 0.061001536 
285 323 10 12 0.06059168 
74 359 8 11 0.06027722 
610 577 12 15 0.060077198 
77 433 17 21 0.058436252 
348 125 17 20 0.058166783 
661 191 9 11 0.057995383 
494 620 15 18 0.05735337 
919 600 16 20 0.055435043 
800 224 9 12 0.054506484 
202 120 12 17 0.05412469 
945 285 15 19 0.05402251 
612 774 16 20 0.053830944 
617 620 16 20 0.05183169 
787 587 23 30 0.05159285 
678 200 11 14 0.051184315 
362 322 13 16 0.05089432 
293 436 14 17 0.049905885 
508 560 10 12 0.049286705 
333 105 14 18 0.049204133 
561 580 10 11 0.04915185 
355 368 21 29 0.04893948 
576 191 10 13 0.04735802 
726 331 11 14 0.047086168 
566 781 11 14 0.047009416 
827 233 13 15 0.046609715 
577 227 11 14 0.046520244 
908 210 12 15 0.046255015 
387 771 14 16 0.046243936 
815 227 10 13 0.046234842 
527 191 9 12 0.046169776 
487 634 16 21 0.045156524 
444 763 13 17 0.04485557 
254 104 8 10 0.044491332 
584 189 11 15 0.044342138 
484 1110 12 15 0.04374413 
608 772 12 16 0.043697935 
662 846 9 11 0.04363398 
404 195 13 17 0.04336085 
444 171 11 15 0.04322807 
476 576 10 12 0.042932842 
460 641 17 20 0.042610828 
445 181 11 15 0.042576235 
595 577 12 14 0.04256351 
449 641 13 17 0.04203176 
263 110 9 12 0.041816514 
579 575 11 13 0.04174083 
443 166 11 13 0.041704044 
198 639 486 542 0.041648753 
663 274 11 14 0.041111454 
778 268 10 13 0.040988926 
825 292 11 15 0.040649515 
460 608 25 28 0.040519048 
852 262 9 12 0.04040171 
263 103 7 10 0.04008149 
421 620 14 17 0.039795242 
571 267 12 17 0.039529424 
429 781 12 14 0.038991954 
714 316 9 11 0.03895584 
740 643 12 14 0.03839886 
421 688 18 20 0.038365558 
543 840 14 18 0.038093425 
556 277 10 12 0.036389273 
612 648 13 17 0.036245883 
360 355 16 22 0.03622062 
570 634 21 26 0.036158875 
480 1114 11 13 0.03598585 
564 826 14 18 0.035822254 
750 333 9 11 0.03552959 
833 317 23 29 0.03536795 
599 234 11 15 0.03528125 
614 1209 34 32 0.035016283 
665 352 15 18 0.034825057 
593 168 8 10 0.03454768 
568 641 13 17 0.034373187 
607 778 13 19 0.033477936 
551 785 11 15 0.03334985 
457 1136 10 12 0.033338077 
528 565 10 12 0.03333664 
415 1146 14 17 0.033255145 
418 680 37 46 0.033192556 
517 398 13 18 0.033138227 
311 193 13 16 0.033113677 
505 565 11 13 0.03287288 
455 626 15 17 0.032715674 
831 288 9 12 0.03271002 
453 682 23 27 0.032681506 
460 580 10 11 0.032595374 
605 243 10 13 0.032591466 
598 786 11 16 0.03256578 
441 333 12 16 0.032367412 
579 798 16 21 0.032280505 
959 288 14 19 0.032167383 
545 580 10 12 0.032015923 
598 1224 33 30 0.03195318 
759 255 9 11 0.031891525 
625 284 11 12 0.031702396 
633 230 15 18 0.031665828 
457 628 22 27 0.031634018 
627 575 11 13 0.031589374 
457 1077 10 11 0.031575598 
446 1099 13 16 0.031153435 
445 579 10 11 0.031123543 
801 576 24 29 0.031101346 
656 986 10 11 0.031093461 
331 114 13 18 0.031051064 
432 643 13 17 0.030677013 
503 271 9 12 0.030095033 
592 207 10 11 0.029825687 
530 594 13 17 0.029664306 
427 174 14 16 0.029655207 
757 294 9 11 0.029431432 
271 127 10 11 0.029405149 
977 523 35 51 0.029377248 
605 797 13 20 0.029244527 
416 641 14 19 0.02894524 
665 166 9 11 0.02886987 
568 197 9 12 0.028801633 
655 293 9 13 0.028591776 
655 228 10 12 0.028573573 
656 213 10 14 0.02813795 
421 1093 12 13 0.027881052 
550 202 12 15 0.027874716 
546 687 14 18 0.027868196 
78 457 39 52 0.027790017 
646 809 15 18 0.027550563 
352 792 15 18 0.027453791 
657 354 16 20 0.027399603 
46 540 23 34 0.02735972 
286 103 8 11 0.027156396 
888 262 10 13 0.02707951 
729 373 9 11 0.026951019 
484 1101 12 15 0.026810508 
551 825 21 26 0.026795631 
319 254 9 12 0.026662856 
652 299 11 13 0.026631337 
466 647 13 16 0.026545566 
587 775 11 14 0.026450133 
439 1156 10 13 0.026329147 
84 478 24 28 0.026121967 
627 773 11 14 0.025975708 
317 773 26 32 0.025659468 
589 194 10 12 0.025616976 
745 291 10 12 0.025592044 
920 221 10 12 0.025588179 
746 310 10 12 0.025551753 
697 243 10 12 0.02551664 
849 251 10 12 0.025439246 
512 794 14 18 0.02537815 
521 1149 8 10 0.025243059 
671 290 10 14 0.02514088 
566 189 9 12 0.025090272 
493 685 14 17 0.025035694 
730 241 8 11 0.024942897 
329 109 11 15 0.024880715 
661 839 9 12 0.024807485 
956 507 10 12 0.024761176 
457 754 15 18 0.024697868 
410 269 10 13 0.024618996 
753 355 14 18 0.024243329 
693 583 18 22 0.02422023 
357 313 21 28 0.024182618 
319 405 12 15 0.024151357 
476 855 12 15 0.024036087 
614 255 10 14 0.02392834 
559 642 11 15 0.02376217 
514 832 16 17 0.02374304 
395 175 23 26 0.023706319 
725 340 12 17 0.023704676 
536 1149 10 11 0.023668151 
756 422 10 13 0.023662055 
823 510 11 13 0.023528857 
884 445 13 17 0.023506306 
389 847 11 13 0.023438334 
898 605 16 22 0.023374846 
888 608 12 19 0.023318322 
355 860 16 17 0.023292981 
441 682 14 21 0.023261722 
757 317 9 12 0.023139767 
581 234 10 13 0.023093265 
458 725 18 20 0.023077076 
2 343 8 11 0.023032824 
672 578 21 32 0.023030577 
749 288 10 12 0.023030076 
221 240 11 14 0.022951255 
751 328 8 10 0.022948347 
976 534 15 22 0.02279246 
729 310 9 12 0.02276536 
746 251 10 12 0.022693336 
460 1141 10 14 0.02263755 
571 648 15 17 0.022628998 
768 207 10 12 0.02255986 
695 323 12 16 0.022549154 
504 572 10 13 0.022496762 
782 255 9 11 0.02244482 
653 167 7 10 0.022340214 
675 204 10 13 0.022257986 
714 254 9 11 0.022166362 
680 294 18 24 0.021934645 
692 302 10 14 0.021931827 
881 252 10 14 0.021906056 
567 221 9 12 0.02190053 
286 108 8 11 0.021878457 
447 237 10 12 0.021877622 
622 801 14 19 0.021744587 
0 483 40 55 0.021684924 
404 287 21 25 0.021654595 
454 1085 11 13 0.021608232 
403 580 11 12 0.021588515 
539 857 14 18 0.021582387 
765 617 15 21 0.021542665 
560 214 9 11 0.021538967 
974 278 45 55 0.021519179 
864 241 10 11 0.021507878 
239 442 14 19 0.021489635 
662 293 10 13 0.021435816 
893 444 15 20 0.021395395 
628 278 11 14 0.021366235 
696 330 10 13 0.021365348 
472 1093 10 11 0.021340756 
338 261 9 12 0.021257248 
945 219 10 12 0.021162447 
692 629 14 16 0.021069625 
590 222 21 26 0.021066593 
850 240 21 25 0.021015361 
656 277 11 14 0.02095976 
1012 571 12 16 0.020886917 
483 1028 11 13 0.020828953 
147 337 43 53 0.020764071 
570 815 20 26 0.020729331 
294 340 11 13 0.02071762 
628 778 13 16 0.020709822 
433 842 15 17 0.020680524 
653 817 12 15 0.020499123 
784 415 14 20 0.020463532 
415 617 13 18 0.020438395 
279 303 10 12 0.020407334 
22 452 10 14 0.020347057 
421 1110 10 13 0.020149404 
633 219 13 16 0.020133281 
504 1084 10 13 0.02001404 
