59_peopledrivingcar_peopledrivingcar_59_532
142
132 50 22 30 0.9877934 
232 51 22 30 0.9767967 
95 51 25 30 0.97574246 
171 91 22 27 0.97378135 
0 74 21 27 0.9265604 
64 87 25 32 0.9209095 
502 90 13 17 0.7444908 
301 73 17 21 0.6516983 
196 380 242 270 0.5011842 
786 129 15 18 0.36323923 
352 462 31 34 0.2775798 
714 129 13 16 0.2745392 
943 130 12 15 0.21942893 
672 102 11 14 0.1869646 
817 81 14 19 0.15455057 
879 83 11 13 0.1516474 
381 96 16 20 0.13687822 
513 112 14 18 0.128065 
210 113 16 16 0.12076295 
873 115 10 12 0.10279107 
293 76 22 26 0.09567996 
373 178 18 21 0.0904602 
844 103 9 12 0.08994921 
652 100 13 17 0.08432823 
290 349 244 324 0.08107316 
257 123 17 22 0.0790029 
462 52 12 16 0.07890481 
862 109 9 12 0.07193514 
52 80 29 37 0.071312465 
841 107 11 13 0.0693375 
589 82 14 16 0.06579949 
854 25 13 17 0.058625113 
404 84 12 14 0.058438033 
506 86 14 17 0.057472646 
529 216 42 59 0.05529169 
713 96 8 11 0.054851275 
540 86 13 15 0.054280393 
177 83 26 30 0.052089434 
456 31 10 12 0.05198396 
641 332 12 14 0.051929157 
726 102 10 12 0.050166357 
653 324 10 14 0.04877766 
874 85 9 11 0.048406165 
697 100 8 10 0.047913834 
560 87 10 14 0.046990104 
782 117 19 26 0.04627933 
727 96 47 59 0.04581574 
203 102 24 27 0.044355325 
711 137 14 17 0.04420697 
536 90 11 13 0.043846868 
546 212 13 17 0.042902764 
687 110 9 12 0.042342782 
702 97 8 10 0.041844405 
82 42 32 44 0.040485494 
843 165 9 12 0.03981403 
984 93 9 12 0.039631397 
462 32 9 12 0.039283395 
230 106 16 20 0.039173987 
516 84 12 16 0.03890001 
73 56 28 33 0.035732977 
585 74 23 29 0.035609975 
845 160 8 10 0.035217445 
974 99 10 12 0.03503037 
342 73 14 15 0.03431963 
718 101 10 12 0.03415047 
469 109 11 14 0.033991314 
645 325 12 16 0.03389689 
592 47 11 13 0.033849668 
676 105 11 15 0.03373661 
564 92 11 13 0.03337556 
849 8 118 140 0.032735996 
292 89 18 22 0.032714665 
550 86 10 13 0.03210579 
448 277 12 13 0.031126233 
762 70 14 20 0.030590603 
463 78 11 14 0.028988414 
515 235 14 18 0.028653294 
765 96 43 51 0.028634263 
950 78 10 13 0.02859868 
399 197 32 39 0.02835527 
468 77 10 12 0.028270317 
876 125 11 13 0.028219944 
748 118 12 15 0.028031787 
878 89 13 14 0.027912851 
422 71 10 12 0.027875269 
779 107 15 18 0.027821587 
745 110 9 11 0.027746957 
717 120 10 12 0.027483428 
439 171 13 17 0.027245084 
522 226 24 33 0.026286155 
732 58 42 56 0.02626386 
748 173 12 14 0.026187193 
622 190 11 13 0.026129773 
749 68 24 29 0.025993375 
537 205 24 32 0.025637388 
709 145 16 18 0.025481699 
1013 125 9 14 0.025084728 
680 332 13 18 0.025079621 
854 81 12 16 0.02474372 
807 93 11 14 0.024731504 
469 192 26 29 0.024647556 
727 95 10 13 0.02450811 
585 83 11 13 0.024343664 
575 83 10 13 0.024306804 
856 104 9 11 0.024097383 
710 20 13 17 0.023879003 
926 79 9 10 0.023723219 
921 79 8 10 0.023351066 
740 115 25 35 0.02332964 
942 125 19 24 0.023233669 
581 61 9 10 0.022901189 
668 85 10 12 0.022679223 
488 86 9 12 0.022645332 
740 74 27 35 0.022643218 
354 195 14 16 0.022595163 
902 140 12 15 0.022543745 
455 190 25 29 0.022428196 
398 251 14 20 0.022325577 
245 116 27 31 0.022178996 
455 52 14 17 0.022113226 
989 93 10 13 0.02210749 
945 79 10 12 0.021547934 
540 78 12 14 0.021543853 
610 90 13 13 0.02140611 
407 184 31 38 0.021350488 
936 144 10 13 0.021228194 
896 79 10 12 0.021069909 
529 168 110 145 0.021043647 
876 79 20 25 0.020947594 
392 207 29 43 0.020816242 
467 84 12 14 0.020715145 
397 203 47 60 0.020510003 
268 129 12 16 0.020487912 
976 119 9 12 0.020406192 
157 84 45 47 0.020310147 
870 111 20 25 0.02030144 
706 56 79 107 0.020279577 
304 76 24 28 0.020249195 
902 134 11 13 0.020158652 
469 39 9 11 0.020132206 
331 185 22 25 0.020078354 
812 105 12 15 0.020034418 
