59_peopledrivingcar_peopledrivingcar_59_244
29
393 141 240 313 0.9996705 
333 958 56 72 0.99217904 
556 957 52 63 0.9846741 
650 982 56 67 0.9782745 
430 103 334 445 0.20028114 
56 995 48 68 0.07434676 
599 1080 12 15 0.06181081 
342 928 52 67 0.041515384 
545 905 29 33 0.04086998 
454 986 38 43 0.035581145 
606 963 43 58 0.030603899 
590 918 30 38 0.030450253 
440 1002 47 46 0.02995846 
272 918 45 56 0.028772056 
943 1249 17 19 0.027163014 
580 946 48 63 0.02593838 
310 939 51 65 0.024943363 
108 1249 74 90 0.024772253 
241 900 56 68 0.0232682 
595 918 17 23 0.023078991 
698 988 31 47 0.022826428 
50 875 31 35 0.022620017 
28 964 12 13 0.021961667 
941 1086 44 62 0.021879483 
181 1351 47 65 0.021039674 
603 924 31 36 0.020675903 
627 958 43 59 0.020668998 
484 909 18 21 0.02050372 
670 1369 231 239 0.020178234 
