59_peopledrivingcar_peopledrivingcar_59_172
66
652 218 12 16 0.8551774 
846 222 11 14 0.25852597 
863 224 9 12 0.14575039 
822 213 14 16 0.09998442 
841 221 10 14 0.077446505 
770 192 26 29 0.07577078 
767 195 12 17 0.07181728 
175 286 25 28 0.06988569 
656 239 11 14 0.060949218 
761 118 16 19 0.060659703 
854 222 11 14 0.059899837 
798 194 13 20 0.05806529 
1012 298 10 15 0.055180777 
880 229 10 11 0.051953167 
704 169 9 10 0.045748953 
913 189 8 10 0.044629842 
927 201 8 10 0.04162569 
694 183 8 9 0.039372083 
952 231 8 11 0.038664315 
887 225 8 10 0.038610008 
472 359 25 27 0.03669055 
647 222 15 18 0.03562717 
942 189 8 10 0.03555339 
1013 177 10 15 0.03365512 
139 260 13 16 0.03297976 
828 218 13 16 0.0326628 
960 206 8 10 0.03229313 
913 185 7 10 0.032114893 
585 372 15 17 0.031176196 
864 238 9 11 0.031154644 
971 181 10 12 0.030559607 
936 199 10 11 0.029416185 
673 183 10 12 0.027977822 
942 200 8 10 0.02782149 
895 227 8 11 0.027184142 
844 218 18 23 0.026947208 
927 205 7 10 0.026670648 
871 228 8 11 0.026510805 
208 174 9 10 0.026462432 
784 198 20 23 0.026337322 
333 327 30 33 0.025854746 
911 199 7 9 0.025688948 
823 209 11 13 0.025267651 
1 99 9 14 0.0249561 
896 149 9 11 0.024815563 
951 236 8 11 0.024673272 
918 214 8 9 0.024318952 
327 286 26 31 0.024231749 
47 388 13 15 0.023727417 
869 224 8 10 0.023723021 
677 160 8 10 0.02330806 
339 284 24 29 0.022789795 
911 205 8 10 0.022628693 
952 198 7 10 0.022368979 
917 190 8 10 0.022021174 
952 216 8 10 0.021880165 
937 183 8 10 0.021728566 
942 184 8 10 0.021662505 
463 175 12 16 0.021608975 
860 321 13 16 0.021549582 
914 229 8 10 0.021477642 
927 224 8 10 0.02077336 
136 204 7 10 0.020676995 
337 310 28 34 0.02063379 
613 270 13 15 0.020545246 
854 258 10 15 0.020003334 
