59_peopledrivingcar_peopledrivingcar_59_401
31
396 253 103 136 0.9996376 
216 257 154 204 0.99878556 
636 346 13 17 0.45895952 
651 15 14 18 0.059936937 
940 93 22 26 0.051606055 
968 49 9 11 0.04715242 
494 309 11 14 0.044111356 
811 428 201 291 0.041801687 
781 486 111 134 0.039230533 
613 347 11 16 0.03534172 
624 308 10 11 0.032827687 
659 344 13 16 0.031137701 
41 67 163 179 0.030214224 
542 478 34 33 0.028046047 
616 324 10 13 0.027891621 
458 100 429 463 0.027507482 
868 115 13 15 0.026219022 
639 0 12 9 0.02508476 
105 -34 459 481 0.024990585 
601 314 9 12 0.024918262 
927 114 13 15 0.024627756 
500 301 9 12 0.024164462 
548 316 16 22 0.024105063 
903 533 126 153 0.023975573 
725 312 14 16 0.022774342 
629 351 15 18 0.022169948 
595 0 12 11 0.021451615 
839 84 14 17 0.021260701 
521 300 49 63 0.020542981 
608 1 10 11 0.020256182 
330 243 129 168 0.02007417 
