59_peopledrivingcar_peopledrivingcar_59_856
50
184 252 23 25 0.9647381 
556 246 12 16 0.82245296 
148 271 21 25 0.19901277 
0 299 10 15 0.11252771 
450 275 12 14 0.10021014 
663 360 8 10 0.075647555 
562 245 11 15 0.07102177 
549 334 8 11 0.06652037 
664 364 9 12 0.049135756 
660 415 9 10 0.048941188 
100 357 8 10 0.045441005 
84 350 8 10 0.043027468 
558 313 8 10 0.04284964 
957 310 9 11 0.04275793 
491 306 14 16 0.040700354 
425 453 52 65 0.035248064 
550 341 9 12 0.03187363 
920 311 11 14 0.03169922 
816 310 10 12 0.031237723 
655 393 8 10 0.030157898 
878 333 10 13 0.029192068 
600 255 8 10 0.028519498 
83 170 16 19 0.02851525 
872 334 10 12 0.028424995 
326 309 9 12 0.028410342 
554 316 8 11 0.027864657 
569 342 10 13 0.027065994 
101 351 9 11 0.026334891 
799 328 8 11 0.026107255 
782 420 14 17 0.025893884 
551 329 9 11 0.02534159 
757 350 33 33 0.024921894 
156 317 32 35 0.024652535 
649 398 7 9 0.024081998 
492 270 10 11 0.02399796 
670 366 9 11 0.023191016 
484 343 11 15 0.022936363 
601 239 8 10 0.022635458 
509 253 9 12 0.022621404 
591 276 8 11 0.022402633 
304 214 10 13 0.021832915 
879 312 10 12 0.021581043 
221 326 12 15 0.021414924 
11 316 10 13 0.021179928 
614 377 8 9 0.020725343 
613 381 9 11 0.02071061 
80 332 9 11 0.020356199 
800 333 8 9 0.020308517 
5 340 10 13 0.020238006 
679 407 7 10 0.020022117 
