59_peopledrivingcar_peopledrivingcar_59_1019
48
93 548 20 26 0.9206509 
963 517 28 33 0.86336607 
122 557 18 24 0.81768346 
297 497 26 43 0.8114638 
263 481 91 128 0.31165132 
106 582 16 20 0.25819662 
952 607 25 32 0.23372944 
823 377 28 37 0.14487769 
242 426 177 252 0.113327555 
218 355 352 415 0.1097248 
2 417 16 22 0.09601804 
651 575 15 18 0.0734873 
886 450 31 40 0.07300517 
689 548 26 30 0.064830124 
770 430 28 37 0.06397112 
238 64 7 10 0.05496765 
696 496 23 31 0.04376657 
1 348 25 35 0.042460967 
806 532 49 81 0.0391529 
862 381 22 36 0.037347164 
865 373 37 52 0.037249193 
668 295 48 75 0.03701649 
288 45 10 12 0.03680503 
960 521 45 53 0.033856884 
1 403 11 18 0.03338631 
849 383 26 34 0.031323638 
803 432 24 36 0.029895723 
223 94 10 12 0.029452387 
488 218 125 142 0.027253212 
271 54 10 13 0.02707788 
873 384 17 28 0.025409289 
873 450 26 40 0.02538383 
264 44 9 12 0.024276605 
635 500 13 16 0.024069471 
815 431 38 56 0.02406579 
5 467 12 18 0.02397742 
300 553 50 57 0.023738941 
784 523 81 125 0.02325624 
281 512 42 57 0.022525813 
31 413 12 14 0.022314291 
305 487 30 47 0.022060793 
36 409 14 16 0.022015268 
0 399 18 34 0.021944502 
1004 621 21 31 0.021318587 
935 596 41 56 0.020745007 
813 380 25 35 0.02068463 
530 377 108 154 0.020451305 
59 443 14 16 0.020422108 
