10_People_Marching_People_Marching_2_395
170
580 179 29 43 0.99632156 
955 178 31 39 0.99132323 
216 158 37 46 0.9603285 
742 215 26 31 0.95281935 
829 214 25 30 0.94484204 
154 184 24 30 0.8369177 
62 223 26 31 0.83331335 
104 192 31 35 0.75816697 
327 227 30 34 0.65503174 
11 229 15 21 0.5743522 
925 142 22 33 0.57182044 
517 197 25 32 0.5543207 
417 212 27 36 0.53192544 
663 215 24 29 0.42750633 
468 200 26 30 0.3634442 
36 196 24 32 0.29934826 
360 246 25 30 0.25130424 
18 262 18 22 0.25004947 
822 203 41 48 0.21917598 
284 263 14 19 0.21463786 
167 189 25 31 0.20684782 
236 171 31 34 0.19151522 
149 192 16 22 0.15079461 
0 232 11 16 0.14051373 
859 213 15 20 0.14030024 
466 184 29 31 0.13562661 
434 219 14 18 0.12187187 
845 209 27 31 0.116424575 
99 171 14 16 0.11158776 
740 211 45 50 0.110230915 
162 173 15 19 0.10938252 
343 231 17 23 0.1072801 
381 232 13 16 0.1053749 
517 214 14 18 0.102539346 
710 310 15 22 0.09944931 
672 216 29 34 0.08799615 
986 185 15 20 0.08460548 
817 204 29 34 0.08197147 
674 224 16 19 0.08052992 
50 229 27 31 0.080421425 
1012 318 12 21 0.07976626 
319 230 22 28 0.07863928 
45 243 16 18 0.07579044 
319 244 12 14 0.073835224 
804 195 29 39 0.073037 
932 146 29 33 0.0721317 
310 252 11 14 0.07021321 
108 174 12 13 0.07017216 
444 218 12 17 0.06851004 
120 200 18 21 0.06664505 
102 199 19 22 0.065750055 
526 291 9 14 0.06472625 
662 231 16 20 0.064054795 
395 220 30 36 0.062725514 
973 181 28 30 0.061797287 
913 239 19 22 0.058962636 
248 184 18 21 0.057513416 
284 271 14 20 0.053466726 
331 252 14 17 0.052171487 
468 182 18 21 0.050803836 
320 230 12 16 0.050725885 
232 321 31 33 0.050604183 
29 190 39 51 0.05031357 
301 336 27 35 0.049760416 
0 226 20 27 0.049749304 
71 202 13 14 0.04933088 
31 204 14 17 0.04820363 
4 238 26 37 0.04406605 
665 161 28 37 0.040686276 
674 213 19 23 0.040225293 
52 209 30 38 0.039877728 
374 223 27 31 0.039720606 
805 262 26 42 0.03969465 
482 201 28 30 0.03944613 
506 209 25 29 0.03932991 
144 196 14 19 0.039328665 
435 213 22 29 0.038726967 
866 217 14 18 0.038684227 
281 409 18 23 0.03822051 
647 301 14 21 0.037868965 
78 203 12 13 0.037645224 
316 251 11 14 0.036377434 
49 202 15 21 0.034214105 
353 239 24 31 0.03308403 
415 208 12 15 0.03269023 
757 214 33 34 0.032535516 
61 237 26 32 0.03197463 
156 168 30 38 0.0318045 
7 255 25 35 0.030959792 
366 230 27 30 0.030751783 
721 239 26 36 0.030699098 
133 209 13 18 0.030388998 
463 191 48 53 0.030225126 
38 191 14 16 0.03000274 
368 244 18 20 0.02971802 
87 182 10 13 0.029608672 
358 271 26 32 0.029608643 
16 221 18 21 0.029366944 
323 333 30 32 0.029327499 
973 196 31 36 0.029299833 
939 159 30 41 0.029285712 
689 211 17 22 0.029259676 
727 223 30 38 0.028636588 
676 232 16 19 0.028634189 
590 195 31 36 0.028592063 
635 260 14 19 0.028457647 
317 276 9 12 0.02845313 
155 219 23 30 0.028279934 
327 244 26 30 0.028266674 
96 171 25 28 0.028023373 
300 343 16 22 0.027165035 
372 234 16 18 0.027079554 
703 298 26 39 0.026959248 
527 454 40 47 0.026908053 
305 248 9 11 0.026758041 
642 319 15 21 0.026542125 
333 238 17 21 0.026134957 
430 172 14 18 0.02599904 
731 251 13 17 0.025947545 
311 241 23 29 0.02592704 
7 213 11 13 0.025904097 
323 437 14 20 0.025656674 
402 224 19 21 0.02565106 
412 222 19 24 0.02551632 
690 216 29 39 0.025408795 
185 196 15 19 0.025393553 
936 220 29 40 0.02502821 
873 359 31 43 0.024799336 
67 254 17 20 0.024602238 
390 217 14 18 0.02457735 
388 233 15 18 0.024379712 
177 189 16 21 0.024299426 
669 89 12 16 0.02367364 
271 351 8 11 0.023596251 
85 202 11 15 0.023561254 
947 228 15 19 0.023496695 
1007 217 15 20 0.023301434 
906 282 29 39 0.02296183 
303 260 11 14 0.022899728 
756 99 25 34 0.022880461 
364 238 13 16 0.022726323 
14 215 12 14 0.022591842 
460 228 30 36 0.022300322 
682 232 18 20 0.022283787 
253 435 15 18 0.022186028 
923 95 16 19 0.022120982 
151 179 15 20 0.022062276 
759 227 33 36 0.022007627 
391 211 13 15 0.021993717 
592 84 27 35 0.021809673 
281 252 23 33 0.021793468 
279 282 11 16 0.021790883 
730 225 49 62 0.021776935 
621 419 14 20 0.021666477 
373 218 44 50 0.021518674 
312 270 10 12 0.021420904 
511 217 14 18 0.021313628 
488 210 28 31 0.02117574 
623 425 17 22 0.020781258 
169 178 16 22 0.020775475 
1013 180 12 20 0.020645173 
51 196 26 31 0.02064129 
55 249 24 28 0.020614022 
1004 177 21 34 0.020581003 
892 355 25 38 0.02054477 
984 174 24 34 0.02043383 
980 211 25 31 0.020381374 
987 202 25 32 0.0202866 
681 230 29 32 0.020220386 
2 208 25 31 0.02008323 
