10_People_Marching_People_Marching_10_People_Marching_People_Marching_10_524
59
64 132 73 88 0.9977836 
589 172 61 71 0.9946749 
836 139 59 66 0.9773381 
272 217 31 37 0.84778947 
285 215 39 40 0.55285203 
501 246 17 25 0.27041838 
363 230 22 28 0.20708172 
215 248 25 29 0.1548446 
520 138 46 64 0.12383238 
873 139 59 68 0.09664487 
396 232 23 30 0.075567365 
151 194 45 53 0.068820894 
215 120 31 32 0.06760191 
192 170 28 37 0.065513074 
1004 160 19 34 0.063535035 
202 234 45 50 0.06338418 
214 166 49 56 0.058286518 
394 85 102 143 0.05597399 
892 247 31 38 0.051889624 
357 227 17 21 0.045157082 
492 107 82 102 0.043977786 
364 289 22 29 0.043741018 
291 134 31 36 0.04353108 
498 76 29 36 0.042513732 
182 163 49 54 0.03973725 
202 180 29 30 0.03759507 
167 178 46 54 0.034631304 
239 167 30 39 0.033116773 
147 206 29 38 0.03296785 
314 286 38 48 0.032854166 
154 223 17 21 0.030256867 
253 178 14 19 0.029832346 
1 157 40 60 0.029453896 
294 200 34 42 0.029317291 
551 489 27 31 0.029231263 
676 189 51 68 0.027747428 
225 242 28 35 0.027076276 
890 224 35 46 0.02628765 
169 201 48 53 0.025335161 
295 230 31 36 0.025181323 
102 -22 370 420 0.025131764 
194 211 49 57 0.02462407 
313 217 16 21 0.024407407 
902 167 38 41 0.024375563 
724 136 33 39 0.024148738 
14 213 55 68 0.023913525 
256 252 28 32 0.02376601 
574 194 37 48 0.023713209 
347 258 18 21 0.023125513 
185 153 30 42 0.022658791 
767 71 33 42 0.02230545 
864 34 121 154 0.022038328 
214 244 17 21 0.02173071 
338 201 27 33 0.021644374 
451 116 85 103 0.021607338 
960 66 55 79 0.020766 
50 76 105 135 0.020590173 
12 139 48 62 0.02011538 
221 119 15 17 0.020030793 
