10_People_Marching_People_Marching_2_668
329
656 308 34 38 0.99878377 
538 294 32 36 0.99856097 
296 350 36 43 0.9965094 
97 261 34 44 0.9917538 
769 317 24 28 0.9900315 
189 297 38 48 0.98876536 
408 306 45 52 0.9850594 
603 305 23 29 0.97973675 
922 335 17 21 0.96996015 
369 330 22 27 0.96445394 
461 316 27 36 0.93620235 
512 313 23 29 0.9354247 
857 316 21 23 0.93447924 
957 330 13 15 0.5109956 
834 326 17 20 0.49869958 
985 332 13 15 0.47937238 
851 359 13 16 0.46728978 
903 346 13 16 0.2869778 
839 292 12 14 0.28135452 
584 260 12 15 0.21265008 
748 315 14 17 0.2038256 
953 376 9 11 0.18074818 
941 297 14 16 0.1717553 
812 341 14 18 0.16176754 
951 332 12 15 0.15387157 
1006 342 10 12 0.14258549 
305 239 8 11 0.14022627 
642 328 17 22 0.13772222 
922 325 11 13 0.1360854 
896 279 8 11 0.12973876 
981 380 8 11 0.12317719 
830 309 13 17 0.121678315 
881 325 11 15 0.1178949 
1013 348 8 12 0.11755621 
967 343 9 13 0.113790564 
941 307 10 13 0.10996727 
773 302 14 16 0.102494396 
500 308 24 31 0.10061253 
726 286 10 12 0.09814403 
894 364 13 15 0.09271424 
999 333 10 12 0.09255746 
886 286 8 9 0.09122387 
828 315 20 25 0.09038127 
974 300 10 12 0.08922836 
764 380 12 15 0.089222826 
968 296 10 12 0.08553481 
935 374 8 10 0.084246464 
513 293 30 36 0.082429 
959 321 11 13 0.08180211 
722 254 8 10 0.08145807 
524 294 36 46 0.078511424 
951 340 10 14 0.07777103 
921 358 9 12 0.07611463 
855 254 10 13 0.073371455 
582 313 13 17 0.072403 
984 279 10 11 0.07038928 
821 298 11 14 0.06996415 
828 231 8 10 0.069427505 
905 398 9 12 0.06811111 
679 295 25 31 0.06583382 
1005 348 11 13 0.0637609 
533 273 14 17 0.06329071 
845 286 11 15 0.06318462 
744 280 9 11 0.063055016 
600 251 10 12 0.06232285 
23 313 7 9 0.06136183 
919 390 9 12 0.0611589 
831 303 10 12 0.060094565 
670 211 10 13 0.059625603 
660 286 15 18 0.05949713 
863 303 12 14 0.0592768 
854 276 10 11 0.05771241 
587 307 13 19 0.055612877 
841 313 21 27 0.054479994 
894 347 14 18 0.05429352 
837 298 15 17 0.053883947 
9 327 8 10 0.05323065 
988 321 11 13 0.053212862 
588 -52 455 482 0.0529279 
992 351 10 12 0.05258039 
472 316 20 25 0.05213144 
999 354 11 14 0.05207512 
901 279 9 11 0.050418273 
879 255 8 10 0.049760178 
856 249 8 10 0.049299832 
960 347 9 12 0.048964586 
957 339 12 15 0.048283547 
956 373 9 11 0.04791618 
346 238 9 11 0.047157645 
1014 106 9 13 0.047086816 
824 331 14 17 0.04648433 
828 337 13 18 0.04646006 
874 357 10 14 0.04631481 
744 284 10 12 0.04616589 
823 314 14 17 0.044520963 
1013 356 9 13 0.043878254 
286 254 9 11 0.043775607 
1006 335 9 11 0.043144394 
1013 334 9 12 0.043136142 
909 399 10 12 0.043078385 
741 396 13 18 0.042554665 
920 319 11 15 0.042388532 
0 284 8 13 0.042374976 
907 342 12 16 0.041853584 
145 324 38 50 0.04161119 
7 311 7 10 0.040831327 
846 390 10 14 0.04075273 
943 342 9 12 0.040737025 
947 295 11 14 0.040571906 
690 303 16 21 0.040367424 
868 301 13 15 0.04013466 
308 261 11 14 0.039787333 
520 238 9 11 0.039480336 
700 124 14 18 0.03926333 
991 256 9 10 0.038978394 
837 287 19 24 0.03866966 
617 255 10 12 0.038663972 
687 433 12 13 0.038477737 
605 248 9 11 0.03844857 
816 299 11 13 0.0382912 
808 294 8 11 0.037910197 
782 207 8 9 0.037849285 
1 309 8 12 0.037536953 
236 252 14 17 0.036868747 
726 328 15 19 0.036788918 
895 341 12 14 0.03587165 
791 189 8 9 0.035814967 
447 308 32 46 0.03553552 
1004 353 12 15 0.035418898 
982 367 9 11 0.03535984 
942 348 10 12 0.03521184 
833 294 9 12 0.035206787 
800 223 9 10 0.035169482 
990 309 10 12 0.034916896 
543 271 12 14 0.03479596 
905 286 8 10 0.034612846 
847 276 11 14 0.034324422 
890 380 15 19 0.034291487 
373 268 8 11 0.03415201 
721 249 8 11 0.033911835 
829 238 7 9 0.03389762 
725 304 15 19 0.033854295 
932 345 12 16 0.033840574 
593 240 9 11 0.03368109 
799 238 8 9 0.03364991 
509 306 18 24 0.03364989 
776 306 19 22 0.033643555 
999 254 8 10 0.033608425 
815 371 14 19 0.03348737 
916 302 13 14 0.033425726 
172 284 12 17 0.033376787 
849 255 11 12 0.03337036 
17 312 7 10 0.033366445 
835 336 15 18 0.033277087 
894 333 10 14 0.033140674 
821 344 13 17 0.033111986 
184 267 13 15 0.032909177 
909 286 11 12 0.032737214 
14 326 8 10 0.032348413 
710 329 16 19 0.032316335 
657 286 26 30 0.031972934 
793 372 11 14 0.0319585 
505 273 8 10 0.031943105 
744 291 10 14 0.031890824 
356 275 11 15 0.031872816 
801 284 9 12 0.031775497 
940 285 11 12 0.031694125 
978 375 9 12 0.03167535 
288 303 10 12 0.03161391 
359 336 26 35 0.031424616 
855 215 7 10 0.03141928 
15 319 7 10 0.03131951 
195 240 13 17 0.030859409 
281 253 9 11 0.030692296 
41 302 7 9 0.030600121 
170 280 22 31 0.030492667 
848 232 8 10 0.03037137 
925 363 9 12 0.030271295 
293 255 8 11 0.030167203 
612 435 12 13 0.030039178 
917 395 9 12 0.029921759 
38 318 8 10 0.029813465 
406 258 10 14 0.02979565 
738 307 19 24 0.029771896 
911 278 10 12 0.029611947 
968 389 8 10 0.029329116 
740 390 12 15 0.029314088 
357 344 14 21 0.029101197 
602 230 8 10 0.029043205 
725 279 12 14 0.028925972 
273 240 8 10 0.028725605 
980 301 11 14 0.028703196 
807 191 8 9 0.028698545 
848 373 12 14 0.02839918 
768 306 14 16 0.028255131 
533 254 10 13 0.028247923 
401 270 8 11 0.028201368 
389 231 11 13 0.028198505 
806 315 14 16 0.028128091 
958 367 9 12 0.028017817 
188 234 22 27 0.027754303 
849 342 22 28 0.027735716 
750 310 21 26 0.027591525 
600 390 27 31 0.02738547 
800 331 21 26 0.02733892 
994 355 10 12 0.02718797 
950 308 10 13 0.027112046 
407 214 11 13 0.027075758 
936 367 11 12 0.02703099 
305 255 9 10 0.027020281 
858 301 23 27 0.026936218 
9 318 8 10 0.026840655 
801 231 8 10 0.026786393 
994 381 10 12 0.026757017 
933 382 9 11 0.026746 
0 291 8 13 0.026522158 
886 311 10 13 0.026429055 
917 294 11 13 0.0263185 
748 279 9 11 0.026264446 
1010 109 9 12 0.026261931 
536 271 23 27 0.026249329 
877 316 13 17 0.02620792 
971 348 12 14 0.026165253 
928 254 9 10 0.026061071 
847 238 8 10 0.02600607 
455 410 10 13 0.02598264 
983 124 8 11 0.025904268 
801 280 8 11 0.025883831 
238 331 15 18 0.025868207 
580 219 11 13 0.025716627 
604 429 11 13 0.025374174 
946 333 9 13 0.025094835 
518 231 9 11 0.025017923 
891 323 13 17 0.024935234 
869 294 12 15 0.024929924 
791 184 8 10 0.024810474 
280 247 9 10 0.02473766 
873 255 9 10 0.024631882 
716 291 24 30 0.024610158 
865 215 7 9 0.024598787 
1015 311 8 12 0.0245888 
196 268 11 15 0.024554128 
907 353 12 15 0.024410585 
879 259 9 11 0.024408283 
721 306 25 30 0.024245283 
885 317 11 15 0.024180988 
741 416 17 21 0.024082534 
34 319 7 10 0.024045758 
518 277 26 36 0.023935836 
775 296 12 14 0.023887228 
973 342 10 13 0.023852857 
1 327 7 11 0.023816507 
176 270 24 33 0.02373873 
418 275 29 35 0.023656817 
1015 423 8 11 0.023557408 
847 270 12 14 0.023551282 
936 301 13 15 0.023528688 
888 280 9 12 0.02348383 
365 324 18 23 0.023464408 
853 283 10 14 0.023437755 
309 257 9 11 0.023403363 
494 312 16 23 0.023365574 
881 279 10 14 0.023356047 
514 301 18 21 0.023269696 
304 231 8 10 0.02323114 
936 248 9 10 0.023213964 
725 199 9 11 0.023165332 
373 276 9 13 0.02313293 
616 246 9 11 0.023122685 
857 354 13 18 0.022963196 
982 306 11 14 0.022810958 
140 421 13 15 0.022794774 
885 290 10 14 0.022755602 
852 291 11 15 0.022661757 
372 263 9 11 0.022622472 
976 278 8 11 0.022580402 
726 248 8 10 0.022573292 
193 227 37 49 0.02250935 
1014 430 9 12 0.022328546 
797 331 15 18 0.022200935 
812 321 14 18 0.022124555 
87 290 11 15 0.022108011 
598 238 9 11 0.02200035 
513 231 9 11 0.021813128 
525 238 10 13 0.021725692 
532 261 12 15 0.021650534 
982 399 8 10 0.021638375 
846 379 12 14 0.02163766 
725 291 13 17 0.021628022 
926 279 10 12 0.021627557 
900 306 14 16 0.021605356 
854 221 8 10 0.021501724 
952 317 10 13 0.021438383 
927 383 10 12 0.0212317 
521 244 10 13 0.021207595 
919 323 20 27 0.021189459 
1008 336 18 25 0.021113697 
79 376 11 12 0.021098781 
871 260 9 11 0.021044701 
392 252 11 13 0.021019569 
237 388 39 51 0.020963196 
82 271 7 10 0.020943552 
794 237 8 10 0.020922747 
740 317 20 26 0.020893356 
959 397 8 11 0.020886254 
893 308 12 14 0.020855628 
734 255 9 12 0.020843213 
989 272 9 11 0.020791005 
939 362 13 15 0.020779446 
738 395 23 30 0.02076628 
358 318 10 12 0.020732554 
743 262 8 10 0.020687448 
147 220 14 19 0.020647248 
805 230 8 10 0.020635484 
15 294 9 11 0.020623926 
601 223 8 10 0.020601872 
920 383 10 13 0.020570988 
737 241 7 8 0.020541186 
24 263 8 10 0.020529678 
527 252 11 12 0.020498767 
973 457 11 12 0.020483393 
734 286 9 11 0.020424545 
870 215 8 9 0.020334508 
940 279 10 12 0.020253804 
989 110 9 12 0.020250935 
785 191 7 9 0.020235056 
887 431 8 12 0.020179374 
387 519 25 27 0.020146105 
81 320 9 11 0.020133987 
