10_People_Marching_People_Marching_2_944
86
247 512 37 42 0.99372405 
483 452 33 40 0.9932268 
607 455 44 51 0.98518145 
55 450 38 55 0.84457105 
130 483 31 34 0.6893783 
110 415 43 58 0.60639274 
235 468 26 32 0.5455271 
290 485 31 40 0.5219895 
209 538 31 44 0.37938464 
577 439 28 38 0.1490751 
171 503 18 25 0.13670595 
680 273 44 59 0.11801439 
651 445 29 38 0.07605641 
11 456 41 65 0.06853696 
72 562 27 36 0.063997336 
132 28 15 19 0.061921384 
38 459 30 43 0.061403107 
27 145 31 37 0.060988747 
65 531 18 22 0.05858728 
259 449 23 28 0.05626262 
261 421 24 31 0.05101747 
56 -47 397 503 0.05051974 
3 837 23 33 0.049945276 
650 395 17 18 0.048639975 
153 494 25 33 0.04499274 
493 394 17 23 0.04033307 
259 434 27 34 0.039856035 
544 460 38 54 0.039768685 
399 599 377 480 0.039636772 
666 642 34 32 0.037923593 
459 388 28 38 0.037223823 
714 402 18 23 0.036841195 
0 413 27 44 0.03554595 
36 6 24 27 0.035085246 
46 805 16 19 0.034933094 
611 640 76 71 0.034688964 
310 539 33 43 0.034591258 
178 507 18 24 0.03438857 
151 301 31 45 0.034205984 
790 7 237 230 0.034202866 
24 35 23 31 0.03398703 
225 542 28 39 0.03307599 
14 543 29 37 0.03257641 
495 750 212 328 0.032269854 
974 18 50 72 0.031565346 
250 455 24 31 0.03106102 
0 470 30 54 0.03075108 
168 83 14 17 0.030635983 
38 3 16 18 0.030463357 
147 202 27 33 0.029948723 
566 445 28 38 0.029481702 
236 460 18 22 0.029015405 
636 451 33 40 0.02778015 
292 480 19 26 0.027475003 
220 530 26 39 0.027422577 
185 580 32 42 0.027178593 
128 498 32 39 0.026782732 
248 583 25 31 0.026624938 
299 535 31 37 0.026482387 
475 443 29 41 0.026427323 
132 535 29 38 0.025931098 
595 365 27 31 0.025781006 
310 420 33 42 0.02485758 
185 137 27 35 0.02437903 
936 6 94 108 0.024063539 
22 536 379 526 0.023346562 
282 529 28 34 0.023277288 
103 15 25 30 0.022673022 
0 665 11 23 0.022461817 
676 801 56 65 0.022213155 
49 18 14 19 0.022038715 
23 123 47 56 0.021926617 
27 466 28 38 0.021822378 
583 392 18 23 0.021268753 
304 479 29 36 0.021255024 
23 30 12 17 0.020917913 
125 23 25 31 0.020876579 
689 546 51 67 0.020808628 
129 521 29 38 0.020779759 
112 478 28 38 0.020599375 
665 440 29 36 0.020573966 
654 460 29 36 0.02043901 
33 89 35 41 0.020365994 
699 292 32 43 0.020257724 
234 523 28 37 0.020126926 
722 839 51 67 0.02002527 
