10_People_Marching_People_Marching_10_People_Marching_People_Marching_10_69
2646
733 416 14 18 0.9968278 
236 354 14 20 0.99467 
652 457 18 22 0.99391997 
491 546 17 21 0.9918684 
210 607 18 23 0.99097604 
841 476 16 22 0.98966575 
395 502 17 22 0.9894354 
875 648 22 28 0.9893637 
745 574 21 26 0.988665 
476 561 15 21 0.98690724 
883 443 16 22 0.9863316 
251 406 14 18 0.9857211 
358 534 17 22 0.98542976 
869 543 18 21 0.98515594 
181 163 11 14 0.9838504 
161 513 17 22 0.98212206 
537 377 15 18 0.98195857 
5 611 22 27 0.9816798 
881 578 19 24 0.9805368 
960 630 21 28 0.98037773 
535 467 18 21 0.9795299 
426 451 14 17 0.9792771 
628 371 13 17 0.97833645 
49 593 21 26 0.9776953 
502 433 16 21 0.9774294 
181 446 19 23 0.9765312 
682 419 14 17 0.97640526 
563 535 17 23 0.9762873 
774 357 12 15 0.9761304 
99 565 18 25 0.97556067 
794 543 18 22 0.97555304 
484 269 10 13 0.97554827 
932 446 16 21 0.9751643 
358 456 18 21 0.97233623 
169 489 17 22 0.9696144 
513 565 17 21 0.9694117 
716 539 21 27 0.96933234 
876 394 14 17 0.96869844 
709 304 13 16 0.9685583 
223 519 15 19 0.9658828 
931 577 20 24 0.96558374 
164 558 19 24 0.96507484 
821 370 13 16 0.9643787 
119 619 19 23 0.9637396 
381 411 14 16 0.9637325 
359 627 22 29 0.96342885 
424 491 17 21 0.96340257 
563 372 13 17 0.96257377 
677 252 12 15 0.9625222 
995 526 18 22 0.961997 
608 554 18 24 0.95946467 
302 604 18 23 0.95854723 
691 274 13 16 0.95680153 
440 475 16 19 0.9565333 
436 294 11 14 0.9550301 
504 495 16 21 0.9536596 
366 498 18 22 0.95284975 
381 351 14 17 0.9522207 
197 188 12 15 0.9516269 
470 502 16 20 0.95048815 
885 481 19 23 0.948934 
998 597 15 20 0.9486536 
767 444 15 20 0.9482729 
622 280 13 16 0.94823676 
644 578 19 24 0.94667023 
179 654 19 24 0.9464703 
391 595 21 24 0.9464021 
143 227 13 16 0.945112 
950 475 18 21 0.94437665 
107 251 13 18 0.94256365 
428 658 21 26 0.9410542 
232 549 18 21 0.94090444 
600 659 21 25 0.93867266 
661 263 11 14 0.93850327 
259 637 16 21 0.93602645 
754 618 21 26 0.93536276 
631 494 17 22 0.9332524 
467 299 13 16 0.93236303 
978 602 20 24 0.928114 
652 346 13 17 0.9278137 
595 332 12 16 0.923535 
688 659 22 27 0.923441 
695 482 20 25 0.92145336 
764 651 17 21 0.92134523 
840 613 20 26 0.9211958 
461 215 11 13 0.92108595 
173 135 10 13 0.92018956 
779 502 16 19 0.9175007 
220 109 12 15 0.9157317 
806 399 13 17 0.91544443 
449 271 9 13 0.9152856 
726 501 18 22 0.9152066 
295 458 17 20 0.9148931 
484 312 11 14 0.9148629 
628 328 13 16 0.9129269 
87 510 19 24 0.9112554 
686 389 13 16 0.9064826 
448 370 17 20 0.9057556 
108 218 14 16 0.90541273 
559 318 12 16 0.9052879 
218 659 17 24 0.9032952 
791 380 13 16 0.9028018 
91 243 12 16 0.8995006 
300 422 14 18 0.89893705 
734 312 12 15 0.8973754 
718 357 13 17 0.89540565 
156 414 15 19 0.89471376 
600 310 11 15 0.89456016 
227 487 14 19 0.893265 
533 611 19 25 0.89290816 
567 267 11 14 0.8887365 
403 576 18 23 0.8854193 
541 542 16 18 0.8820043 
272 566 18 21 0.8806895 
318 548 17 21 0.87872994 
759 506 16 20 0.8768317 
452 326 11 15 0.8755519 
744 393 12 17 0.87439936 
305 500 21 26 0.8717977 
584 627 18 22 0.869157 
550 580 16 18 0.8688794 
456 466 15 18 0.86729544 
577 493 15 19 0.86213994 
588 446 14 19 0.8598469 
97 194 12 16 0.8567282 
129 478 16 20 0.8506065 
817 528 15 19 0.8451566 
716 215 9 11 0.8414489 
720 386 13 16 0.8409794 
566 460 14 19 0.8400673 
404 163 12 15 0.8396559 
687 327 13 17 0.83652145 
0 658 20 29 0.8357728 
163 179 13 16 0.83273876 
439 618 21 23 0.8304673 
714 181 8 11 0.82511497 
725 474 15 19 0.8240216 
292 109 9 12 0.8237532 
401 527 16 19 0.8225012 
615 265 12 14 0.8224478 
505 672 22 25 0.81811607 
785 408 14 17 0.8166217 
567 301 10 12 0.8147782 
639 311 12 15 0.8139806 
846 418 13 17 0.80734724 
320 192 11 15 0.8067292 
739 329 12 15 0.80452216 
428 314 12 15 0.8005419 
890 632 19 23 0.79611653 
298 198 12 16 0.794445 
918 545 22 26 0.79378974 
597 508 17 20 0.7937846 
628 419 14 20 0.7930768 
53 561 14 17 0.78740275 
979 335 13 17 0.78107643 
188 129 12 15 0.77655494 
285 663 16 22 0.7763282 
520 166 8 11 0.77102053 
380 384 14 17 0.7589985 
462 277 11 14 0.7578041 
645 102 12 15 0.7467572 
579 349 12 15 0.7422437 
428 168 10 13 0.73457265 
132 178 14 16 0.73288804 
195 214 13 16 0.7326254 
332 611 19 24 0.7273842 
909 470 12 17 0.7263522 
660 230 8 11 0.7257707 
580 255 10 13 0.7216845 
397 111 9 12 0.7190812 
706 341 12 14 0.7162118 
75 226 13 15 0.7140891 
303 480 14 18 0.7132547 
886 327 12 15 0.7123874 
164 208 13 15 0.71138453 
659 290 11 14 0.6918739 
613 210 11 14 0.6905419 
422 120 8 11 0.68886936 
456 245 9 12 0.68861896 
314 672 23 26 0.688095 
117 197 12 15 0.6809578 
296 175 10 12 0.6756395 
115 333 15 18 0.6729899 
718 447 14 17 0.67165315 
465 410 15 17 0.66927326 
311 149 10 13 0.66664374 
200 134 12 15 0.6665103 
111 106 10 13 0.6654497 
294 159 10 12 0.65694195 
485 348 12 15 0.65648866 
660 307 11 14 0.6549341 
332 128 9 11 0.65403616 
512 239 9 13 0.64442503 
686 228 9 12 0.6392271 
272 197 10 13 0.63281333 
437 129 9 11 0.63117284 
93 485 15 18 0.6266392 
469 190 9 12 0.6245823 
638 192 10 14 0.62455213 
492 188 10 13 0.6226247 
133 130 11 13 0.6193603 
271 86 10 12 0.6150356 
409 191 10 13 0.6138565 
786 142 8 11 0.60855037 
584 140 8 10 0.60352874 
605 191 9 11 0.59275 
239 53 8 10 0.5915538 
494 144 7 10 0.59083456 
374 179 11 15 0.5896969 
580 286 11 12 0.589493 
212 163 10 14 0.58476067 
527 207 9 10 0.5837142 
825 572 16 20 0.5830202 
458 180 8 11 0.5805747 
94 640 22 27 0.575855 
131 154 11 15 0.57567966 
680 216 9 11 0.57548547 
696 244 10 11 0.570579 
804 572 12 17 0.568695 
951 306 13 16 0.56679595 
497 159 9 12 0.5662063 
440 251 9 12 0.5551552 
433 533 13 17 0.5514641 
703 164 9 11 0.5494045 
737 142 10 13 0.5450229 
328 358 10 14 0.5415327 
385 197 11 13 0.5387827 
549 630 16 20 0.53832215 
235 140 8 11 0.534529 
148 145 11 14 0.53289104 
244 611 16 19 0.5306537 
115 508 16 21 0.5302586 
136 193 13 16 0.52884704 
204 88 11 13 0.52552634 
578 112 8 11 0.5229014 
463 117 8 10 0.52210516 
158 112 9 12 0.52052313 
720 70 8 10 0.5187144 
632 246 11 13 0.51362437 
689 151 10 13 0.5125954 
446 190 8 10 0.5117279 
588 230 11 13 0.5116875 
312 94 9 11 0.5112649 
469 266 11 13 0.51051384 
606 243 10 12 0.50797135 
618 127 8 10 0.50183856 
267 468 13 16 0.49305874 
780 104 8 11 0.4928442 
502 635 16 18 0.49205095 
647 37 8 11 0.48425046 
759 116 9 11 0.48398644 
417 143 9 13 0.4803202 
99 148 11 15 0.47940797 
382 72 9 11 0.4790728 
136 663 22 26 0.47847435 
325 164 9 13 0.47726983 
270 112 9 12 0.47451663 
472 159 9 12 0.47358593 
727 52 9 11 0.4701009 
103 315 14 18 0.46877003 
604 80 9 12 0.4655412 
700 125 11 14 0.46537814 
592 171 10 12 0.4615971 
533 194 11 12 0.46006194 
497 221 10 12 0.4549351 
74 191 12 15 0.4465524 
300 533 13 18 0.44573665 
307 169 11 15 0.44464323 
615 133 9 11 0.44362926 
1002 202 13 16 0.44145474 
269 416 13 17 0.4386262 
327 469 13 16 0.43524334 
711 451 14 17 0.42955214 
160 225 13 15 0.42564154 
164 150 11 13 0.42559782 
472 102 7 10 0.42523023 
402 72 6 8 0.4232779 
681 191 9 12 0.42283657 
819 437 14 18 0.41374332 
405 675 21 24 0.41256863 
346 119 9 11 0.41228265 
502 388 11 14 0.41122463 
424 345 12 16 0.41052642 
546 111 8 10 0.41037598 
760 109 11 14 0.4095346 
860 361 12 16 0.40260237 
692 302 10 14 0.4007756 
345 162 11 14 0.39664415 
245 116 10 12 0.39450273 
639 143 9 11 0.3944571 
496 284 9 12 0.39381966 
701 596 17 19 0.39351848 
157 84 9 12 0.39017892 
586 95 8 10 0.38985267 
689 177 9 11 0.38622206 
939 410 15 19 0.38458434 
198 72 9 11 0.38276592 
119 235 14 17 0.38253048 
554 658 14 18 0.37959057 
680 220 9 12 0.3704031 
324 188 11 14 0.369505 
228 185 11 15 0.36900562 
265 128 10 12 0.36863512 
230 46 8 12 0.3674428 
264 87 9 11 0.3671376 
437 224 8 11 0.36442727 
145 96 8 10 0.35816926 
59 198 12 14 0.35811254 
368 126 7 10 0.3538804 
265 183 10 12 0.35181665 
530 158 8 11 0.35057768 
820 672 21 24 0.3477942 
455 101 7 10 0.3472937 
749 93 9 11 0.3472127 
392 93 6 9 0.34648013 
612 357 13 16 0.34510216 
233 87 11 13 0.34308785 
551 428 15 18 0.3399142 
349 124 9 11 0.3394558 
646 133 8 10 0.33921835 
474 142 8 11 0.33892268 
333 101 8 11 0.33729422 
597 154 10 12 0.33706686 
327 183 10 13 0.33567625 
431 79 8 10 0.3336261 
624 225 10 13 0.33362594 
716 242 11 14 0.33358324 
623 175 9 11 0.33055454 
442 116 9 11 0.3295366 
287 405 11 15 0.3288375 
583 9 10 11 0.32745817 
241 119 10 11 0.32721394 
672 157 8 11 0.32437763 
703 108 8 10 0.32414466 
245 70 8 12 0.32231447 
376 102 8 11 0.32156596 
340 374 11 15 0.32074985 
386 385 14 17 0.3191261 
557 80 9 11 0.31690866 
566 581 13 17 0.31512928 
479 364 12 15 0.31263646 
121 144 9 12 0.3096497 
501 78 8 11 0.30810687 
287 80 7 9 0.30644146 
700 640 12 14 0.30641764 
817 344 10 12 0.30236974 
280 183 12 14 0.30205306 
215 32 6 8 0.30141127 
290 135 9 12 0.3013746 
181 72 9 12 0.29864243 
407 97 8 10 0.2980531 
185 100 9 12 0.29754174 
348 158 10 14 0.29751143 
289 350 8 10 0.2958099 
194 60 8 11 0.2948477 
217 7 7 9 0.29475242 
108 282 13 17 0.29268557 
608 152 8 11 0.29148063 
573 597 16 19 0.28982836 
761 78 10 11 0.28551814 
647 183 9 12 0.28443974 
458 593 15 20 0.28430653 
244 181 10 13 0.28368235 
461 159 9 12 0.28158224 
137 112 8 10 0.2808999 
536 447 11 14 0.27923632 
863 316 11 14 0.27607462 
452 198 10 12 0.27606234 
263 147 10 12 0.2696279 
328 96 8 10 0.2679447 
552 263 9 11 0.26789805 
142 67 8 11 0.2655366 
713 237 10 14 0.26468465 
743 359 12 15 0.26363364 
398 34 8 9 0.26124838 
504 120 7 9 0.2609979 
615 165 8 10 0.26063508 
194 32 7 9 0.25959468 
741 75 9 11 0.25857732 
645 331 13 16 0.25644618 
578 326 12 15 0.2558523 
673 395 11 14 0.25346485 
592 207 10 12 0.2513182 
655 183 10 12 0.25111175 
845 367 9 12 0.25017995 
988 596 18 25 0.24920334 
912 573 13 18 0.24719734 
957 511 15 18 0.24712361 
520 113 9 10 0.24709766 
455 95 7 10 0.24573497 
389 211 12 14 0.24507514 
596 294 10 13 0.24507444 
525 113 8 9 0.24469435 
653 276 10 13 0.24351703 
365 56 8 10 0.24094644 
418 123 9 12 0.23940004 
567 142 8 10 0.23845237 
197 115 10 12 0.23806587 
393 49 7 8 0.23805092 
217 196 10 13 0.23750894 
593 152 10 12 0.23707332 
151 58 8 9 0.23700048 
280 155 9 12 0.23695983 
107 466 14 17 0.23538049 
777 311 11 13 0.23516046 
377 147 9 12 0.2347551 
342 585 16 19 0.23412386 
75 269 13 17 0.23399773 
645 549 16 20 0.23321375 
501 215 8 11 0.23312493 
215 71 9 11 0.23305956 
395 584 20 25 0.23304097 
166 109 9 11 0.23169687 
566 135 7 10 0.2296736 
607 117 8 11 0.22966084 
360 435 14 18 0.229196 
480 79 8 10 0.22859457 
641 31 8 11 0.22835508 
544 135 8 11 0.22753148 
505 269 10 12 0.22742073 
174 627 14 18 0.22470416 
318 127 8 11 0.22402231 
327 16 8 10 0.22280072 
412 417 14 17 0.22271694 
531 333 14 16 0.22250107 
642 135 8 11 0.22227937 
406 412 13 18 0.2198296 
821 584 18 21 0.2192985 
833 332 10 13 0.21814197 
598 287 9 11 0.21441194 
128 150 10 15 0.21387774 
336 36 8 11 0.21339875 
593 297 10 13 0.21194942 
334 548 13 17 0.2118426 
486 673 18 22 0.21108583 
665 148 9 11 0.21002531 
337 380 10 13 0.20911935 
239 9 7 8 0.20591483 
318 389 14 17 0.20546195 
369 95 7 9 0.20541714 
508 254 9 11 0.20503278 
620 356 12 16 0.20370425 
821 162 10 13 0.20310047 
753 375 10 13 0.20302625 
398 128 7 9 0.20192479 
246 112 10 11 0.20138642 
749 0 12 12 0.20076726 
894 133 9 10 0.20052725 
126 81 8 11 0.20008183 
346 53 8 10 0.19868632 
613 140 9 12 0.19272123 
940 330 15 18 0.19194348 
240 172 10 13 0.1918672 
209 16 8 10 0.19160914 
224 175 9 11 0.19134507 
304 123 9 12 0.19054972 
117 191 10 13 0.19015867 
520 285 10 13 0.1892505 
473 135 7 9 0.18881348 
713 233 8 10 0.18876445 
509 283 9 12 0.18836412 
222 103 12 15 0.18758325 
217 352 10 12 0.1839079 
143 128 9 11 0.18388541 
419 146 11 14 0.18344826 
505 263 8 11 0.18156022 
958 552 15 21 0.17991093 
598 131 9 12 0.17946129 
132 321 13 19 0.17608625 
525 145 8 9 0.17537661 
236 413 10 14 0.17482582 
625 309 10 12 0.1746568 
866 134 9 12 0.1744971 
208 234 12 15 0.1738463 
231 25 7 9 0.17357674 
88 79 9 12 0.17329192 
713 48 7 11 0.17256242 
351 207 10 14 0.1723135 
661 224 9 12 0.17211741 
447 79 8 9 0.17193097 
263 46 7 10 0.17153992 
550 135 8 11 0.17099327 
222 69 9 12 0.17079131 
368 41 8 9 0.16944683 
511 118 7 9 0.16699839 
596 212 9 12 0.16661246 
615 28 8 11 0.16612804 
624 454 12 15 0.1655347 
461 182 9 11 0.16533875 
312 125 9 12 0.16493465 
318 94 8 10 0.16447592 
863 409 12 16 0.16410083 
271 216 10 12 0.16383867 
545 151 7 9 0.16299406 
316 227 14 16 0.16292751 
287 47 8 9 0.16221201 
293 104 10 11 0.16219136 
449 195 9 12 0.16183248 
264 116 10 13 0.1611059 
687 52 9 11 0.15910767 
763 389 11 14 0.15836063 
543 216 9 12 0.15823929 
379 335 11 12 0.15772322 
649 68 10 12 0.15766788 
294 64 6 8 0.15761924 
409 56 7 9 0.15740968 
272 173 8 11 0.15688986 
542 335 13 16 0.15655276 
586 235 10 12 0.1559437 
764 334 10 12 0.15455244 
561 127 8 10 0.15391478 
241 155 9 12 0.15380679 
553 174 8 10 0.15318209 
636 250 10 13 0.15296306 
384 203 12 18 0.15287496 
530 192 9 12 0.15244983 
223 458 12 14 0.15074977 
384 47 7 9 0.15017189 
208 170 11 13 0.14909025 
628 227 10 12 0.14886998 
581 292 10 13 0.14868447 
279 56 7 10 0.14802532 
672 1 12 12 0.14746787 
725 293 11 14 0.14724949 
568 15 7 9 0.14710668 
463 272 11 13 0.1468646 
438 97 9 11 0.14634492 
513 87 7 9 0.14626054 
511 143 8 10 0.14497042 
358 110 9 11 0.14487685 
240 150 9 12 0.14480044 
349 103 8 10 0.14447778 
638 55 8 10 0.14354579 
504 208 7 10 0.1431359 
96 119 9 12 0.14297447 
582 185 8 10 0.14205244 
167 81 8 10 0.14198308 
646 188 10 13 0.14143449 
614 101 9 11 0.1412594 
962 395 14 18 0.14091018 
509 382 11 15 0.1403085 
647 441 15 18 0.14019871 
775 151 8 11 0.14016983 
521 145 7 10 0.14008744 
433 102 8 10 0.14007115 
394 128 7 9 0.14000513 
96 594 13 18 0.13891777 
551 419 15 18 0.13852942 
510 348 10 13 0.13835832 
702 396 11 14 0.13833494 
486 127 8 9 0.1379449 
182 7 7 9 0.13794376 
601 111 8 10 0.13747853 
368 173 9 12 0.1374176 
952 668 22 27 0.13734679 
471 111 8 10 0.13703363 
385 417 14 16 0.13690892 
119 595 15 19 0.13621777 
896 524 12 15 0.13615254 
584 100 9 11 0.135429 
289 62 8 10 0.13541678 
513 113 7 9 0.13475075 
274 608 15 18 0.13457562 
196 421 14 17 0.13401914 
686 124 9 11 0.13389668 
185 230 12 15 0.13319069 
194 70 8 11 0.1326256 
148 223 13 16 0.13256308 
892 332 11 15 0.13236554 
308 396 11 13 0.13188103 
405 477 13 17 0.13146773 
701 264 9 11 0.13069727 
589 554 16 19 0.13021576 
262 40 8 11 0.13018848 
224 95 8 11 0.13014008 
553 83 9 11 0.13007098 
527 151 8 10 0.12987587 
247 37 7 9 0.12980379 
724 269 10 13 0.12890029 
367 167 9 11 0.12850906 
153 39 8 11 0.12834102 
543 141 8 10 0.12803712 
800 317 10 12 0.12767145 
596 588 14 17 0.12756579 
910 164 15 19 0.12712441 
923 642 12 15 0.12711217 
277 533 14 18 0.126804 
544 105 8 9 0.12629452 
717 174 9 12 0.12627107 
854 148 11 13 0.12554954 
271 81 7 9 0.12451003 
336 450 16 19 0.1243819 
182 369 15 17 0.12419786 
360 93 7 10 0.124195084 
196 55 9 11 0.12377167 
320 55 7 8 0.12327842 
534 89 8 10 0.1232083 
712 53 8 11 0.123141944 
285 204 10 12 0.12262023 
255 142 10 12 0.12120102 
495 413 13 16 0.1211804 
626 460 15 18 0.121171534 
607 399 13 15 0.12045379 
602 195 9 12 0.12040917 
669 151 8 11 0.11994911 
304 56 7 9 0.119944386 
656 269 10 13 0.11943081 
607 283 11 14 0.1193473 
678 390 11 15 0.11876103 
273 60 8 10 0.11859867 
383 118 8 10 0.11857614 
169 31 7 9 0.1176254 
305 424 15 18 0.117532656 
407 72 7 8 0.11710553 
397 212 12 14 0.11682682 
762 576 15 20 0.11664349 
210 587 14 17 0.11660412 
692 155 10 13 0.116482 
368 45 8 10 0.1164712 
230 228 12 14 0.114968166 
218 64 8 10 0.11470223 
255 63 8 10 0.114674434 
258 39 8 10 0.11440289 
551 153 8 10 0.113998264 
707 346 13 15 0.11375422 
656 161 9 11 0.113709435 
530 94 7 9 0.1136352 
464 592 20 25 0.113436416 
440 436 12 17 0.11334879 
249 22 7 9 0.113304295 
424 31 7 9 0.11314633 
182 48 8 10 0.11295876 
738 72 9 11 0.11256157 
698 29 9 10 0.11255765 
904 356 13 18 0.112302795 
881 531 15 18 0.11181714 
154 80 8 10 0.11175876 
1008 185 12 15 0.1115979 
264 462 12 16 0.11102275 
526 285 10 14 0.110889 
1002 563 18 21 0.11058206 
349 49 8 11 0.11053924 
690 308 10 12 0.11043805 
645 33 9 11 0.110403925 
208 38 8 9 0.11019563 
440 42 7 9 0.10998734 
263 54 7 9 0.109772466 
443 252 11 13 0.109437585 
380 143 9 12 0.109344095 
502 136 8 10 0.10918681 
296 93 9 11 0.10900999 
100 126 9 12 0.108903304 
546 115 8 11 0.10866698 
480 95 7 9 0.10855691 
18 576 16 20 0.10845215 
486 72 8 9 0.10834516 
376 118 9 11 0.10760021 
160 156 11 13 0.10742719 
596 302 12 15 0.10735737 
497 110 7 9 0.10725768 
623 315 12 15 0.10724894 
649 85 9 11 0.10724849 
320 33 6 9 0.1070018 
439 63 7 9 0.106614836 
601 30 8 10 0.10661004 
456 163 10 11 0.10644069 
480 86 7 9 0.106137276 
444 185 9 10 0.10585211 
589 134 9 12 0.105802566 
413 195 9 12 0.10554737 
478 475 12 16 0.10545139 
893 338 11 15 0.10539279 
344 112 9 10 0.10489964 
561 134 8 10 0.1048598 
404 371 11 15 0.10485229 
287 139 10 12 0.10442833 
182 23 8 10 0.10418595 
705 84 8 11 0.10355921 
576 502 14 19 0.10303452 
634 424 14 17 0.10302082 
159 41 8 9 0.10278457 
566 127 8 9 0.101494044 
311 120 9 11 0.10130314 
370 512 14 18 0.10117076 
130 127 10 13 0.10101261 
279 60 8 11 0.10091637 
759 520 14 20 0.10088848 
481 244 9 11 0.100664176 
183 186 12 15 0.10035624 
413 666 23 28 0.10001249 
583 361 12 16 0.09955163 
757 380 12 15 0.099431776 
211 436 14 18 0.099307 
797 377 8 11 0.09880216 
402 159 11 13 0.09817335 
465 426 14 17 0.0981324 
142 79 8 10 0.09802864 
632 45 9 11 0.09757108 
272 39 8 10 0.0969191 
180 384 15 18 0.09682257 
505 277 11 15 0.09674723 
177 78 8 10 0.0966176 
730 314 11 14 0.096527115 
614 381 12 14 0.096505895 
795 385 13 16 0.096079335 
466 47 7 9 0.09603766 
351 95 7 10 0.09593879 
696 118 9 11 0.095847264 
575 292 10 14 0.09584088 
389 469 13 17 0.09579274 
399 366 13 16 0.09576583 
311 61 7 9 0.095487565 
516 317 10 13 0.09511407 
393 16 7 9 0.09497599 
974 521 13 16 0.09491234 
661 93 9 11 0.09476724 
716 233 10 11 0.094607666 
178 48 8 9 0.09432625 
416 425 12 16 0.094283395 
589 142 8 10 0.09423106 
135 203 12 16 0.09421329 
639 158 8 11 0.09413815 
234 52 8 11 0.094043665 
270 191 11 14 0.094026305 
286 23 9 10 0.094018176 
407 330 14 16 0.0938846 
725 261 10 13 0.093460456 
223 150 10 13 0.09331211 
252 205 10 13 0.09319782 
504 94 7 9 0.093190946 
404 213 9 12 0.092494145 
182 39 7 9 0.09223939 
981 328 20 24 0.09221783 
769 413 11 15 0.09177768 
606 112 9 11 0.09141222 
473 97 7 10 0.09133024 
724 275 11 13 0.09086443 
569 21 9 10 0.09047367 
234 8 7 9 0.090298906 
890 133 9 11 0.09019934 
151 133 8 10 0.09013482 
470 47 7 9 0.09007267 
750 88 8 11 0.09001989 
177 38 8 9 0.0899423 
543 437 13 16 0.089703195 
555 573 14 18 0.08958058 
679 139 10 12 0.08920631 
494 149 9 10 0.08893599 
213 75 10 12 0.0888223 
494 246 9 11 0.08877912 
465 71 6 8 0.08858377 
559 111 7 9 0.08833607 
86 646 24 28 0.08819829 
338 7 6 8 0.08819796 
277 175 9 11 0.08813347 
660 183 9 12 0.08805039 
175 119 9 11 0.08786801 
213 15 9 11 0.087835915 
276 88 9 11 0.087598205 
478 355 12 16 0.08758409 
192 426 12 15 0.08722053 
752 208 9 12 0.08702436 
122 84 9 10 0.08683549 
367 120 8 11 0.08677832 
590 24 7 10 0.08669772 
765 71 9 11 0.086339496 
548 334 12 14 0.08594633 
473 592 17 21 0.08584052 
263 520 14 18 0.08576404 
464 31 7 9 0.085706174 
168 105 10 12 0.085489 
313 80 8 10 0.08545087 
198 47 8 10 0.08543138 
311 350 9 11 0.08536498 
122 398 13 15 0.085245915 
695 641 18 22 0.085133016 
228 103 11 14 0.08512366 
645 286 10 13 0.084987365 
720 48 8 10 0.08494629 
249 17 7 9 0.08486726 
158 134 8 10 0.08479496 
551 300 10 13 0.08455747 
397 149 9 11 0.084518276 
281 47 7 9 0.084330454 
505 191 7 11 0.08422072 
613 240 10 12 0.084116876 
205 359 9 13 0.08382196 
281 141 9 12 0.08371326 
473 64 8 9 0.08314034 
406 17 7 9 0.08307312 
526 248 8 10 0.08273095 
869 108 12 15 0.08268512 
488 53 7 9 0.08212283 
606 184 8 11 0.082108356 
529 339 11 13 0.08209186 
371 167 12 14 0.08203167 
432 84 8 10 0.082015574 
245 75 9 12 0.08176429 
553 256 9 11 0.08151132 
658 300 12 16 0.08123334 
742 458 13 16 0.08088909 
241 31 7 9 0.08074213 
725 103 9 12 0.08063537 
208 75 9 12 0.08045321 
263 72 7 9 0.08004685 
160 61 8 11 0.07995838 
613 401 12 15 0.07995817 
536 255 9 11 0.07979259 
431 208 8 10 0.079697035 
497 85 9 10 0.079358704 
694 192 8 10 0.079119965 
360 7 7 8 0.07895139 
101 247 14 18 0.07885994 
366 133 8 11 0.078809716 
312 33 7 8 0.07869498 
577 127 7 9 0.078653544 
397 388 11 15 0.07858508 
192 49 9 10 0.0785127 
341 365 11 15 0.078270316 
279 203 11 13 0.07826789 
168 62 8 11 0.07823374 
276 166 10 12 0.07820623 
610 166 8 10 0.07813245 
208 47 8 9 0.078030095 
831 315 9 11 0.07795707 
543 277 9 12 0.077893324 
360 167 8 11 0.0778421 
70 213 11 14 0.077498704 
643 562 22 28 0.07739867 
415 70 7 9 0.077228926 
688 119 9 12 0.076984584 
852 425 14 18 0.07677077 
567 160 7 10 0.0767419 
654 86 9 12 0.076694526 
376 46 7 9 0.07647102 
670 457 12 17 0.07644417 
214 38 7 9 0.07644343 
577 184 8 10 0.0764008 
733 47 9 12 0.07638145 
222 7 7 9 0.07637709 
312 16 7 9 0.076373406 
375 87 8 9 0.07613483 
292 349 10 12 0.076085575 
705 302 12 15 0.07599607 
434 229 10 13 0.07588148 
385 166 9 12 0.07586129 
305 351 8 11 0.07578768 
131 470 16 20 0.07571288 
584 88 8 11 0.075625286 
486 48 8 10 0.07544744 
608 63 8 10 0.075415745 
293 345 8 10 0.075256675 
625 62 8 11 0.07501783 
140 176 12 14 0.0750164 
288 113 11 13 0.07495731 
280 39 7 10 0.07464655 
423 24 7 9 0.074634194 
406 567 15 17 0.0745894 
661 235 10 12 0.07451137 
974 352 14 16 0.074506484 
351 110 9 11 0.074505866 
342 360 9 12 0.07443841 
175 54 8 11 0.07401419 
282 24 7 9 0.07377829 
351 131 9 12 0.07366998 
244 167 11 14 0.07355809 
242 38 7 9 0.073538564 
575 248 10 13 0.073252514 
322 15 8 10 0.073240496 
415 80 7 9 0.073194474 
573 421 12 15 0.07305255 
503 124 7 9 0.07289089 
691 418 12 17 0.07286003 
591 284 10 13 0.072810434 
236 135 9 13 0.072776176 
497 137 8 9 0.07266956 
168 141 11 14 0.07247774 
858 665 13 18 0.07241093 
679 53 9 11 0.072378784 
583 206 8 11 0.07204106 
690 394 13 15 0.0719678 
286 40 7 9 0.07196443 
96 143 9 12 0.071903646 
464 24 7 9 0.07173695 
134 210 12 15 0.07160665 
764 380 12 15 0.071469784 
701 120 9 12 0.07146458 
729 126 8 10 0.071453996 
258 47 7 9 0.07143558 
702 208 8 10 0.07130611 
649 272 9 12 0.07112265 
473 148 9 12 0.07079449 
353 7 7 8 0.07077874 
537 135 8 10 0.07026356 
697 131 10 13 0.070249625 
153 116 9 10 0.07023243 
432 62 7 9 0.07022608 
238 122 11 13 0.07017895 
641 16 8 10 0.070153415 
908 349 10 14 0.070152625 
141 116 9 11 0.07003108 
265 8 7 9 0.06998149 
179 393 15 19 0.06993688 
110 378 17 21 0.06991962 
438 236 9 12 0.06987687 
671 62 8 10 0.069849536 
188 94 10 12 0.06966956 
657 55 9 10 0.069644205 
488 149 9 11 0.06954702 
143 48 7 10 0.06951295 
350 171 9 11 0.069445096 
908 154 16 20 0.06936063 
295 88 9 11 0.069325335 
712 286 9 13 0.069325246 
1011 599 13 19 0.069218226 
374 96 7 9 0.06893354 
532 346 13 15 0.068928 
359 118 8 10 0.06890752 
635 412 15 18 0.06885248 
191 150 11 14 0.06877899 
570 585 15 17 0.068704985 
519 48 7 9 0.06868913 
342 33 7 9 0.06865922 
537 261 9 11 0.06861729 
381 104 8 10 0.06861318 
529 89 7 10 0.06843802 
361 351 10 13 0.06841694 
661 87 9 10 0.06828663 
669 268 11 15 0.068246864 
188 367 12 15 0.06815366 
257 54 7 9 0.06812975 
1015 329 10 16 0.06810101 
707 102 9 11 0.06807897 
660 313 12 16 0.06792558 
602 116 8 11 0.067385554 
562 525 16 20 0.06736321 
583 223 10 11 0.067149 
216 398 10 14 0.06705512 
172 108 9 11 0.06699826 
614 63 9 11 0.06680052 
422 136 9 11 0.0667742 
573 261 10 12 0.06669873 
436 370 13 17 0.06669771 
678 37 9 11 0.06660305 
408 86 8 9 0.06646503 
169 56 8 10 0.066450484 
411 326 13 16 0.06632496 
246 52 8 11 0.06624378 
510 355 11 14 0.066227406 
813 446 16 20 0.06618798 
318 79 7 10 0.06618154 
288 85 8 11 0.06607249 
448 468 18 23 0.066026784 
583 129 7 9 0.06591061 
165 8 7 9 0.06550932 
624 79 8 11 0.06548244 
669 531 14 18 0.0654571 
167 14 7 9 0.065448366 
656 79 9 10 0.06542292 
562 141 8 10 0.06542253 
303 40 7 8 0.06536768 
694 223 8 11 0.06529238 
508 373 12 14 0.06518206 
249 133 10 13 0.06504521 
701 238 8 12 0.06497247 
646 230 9 12 0.06489659 
724 286 10 13 0.06478392 
210 639 16 20 0.06476324 
629 80 9 10 0.06472643 
305 60 8 10 0.06457323 
236 388 10 13 0.06453139 
376 339 12 14 0.06435272 
146 54 7 10 0.06419608 
631 308 11 14 0.06418584 
684 215 8 10 0.064142026 
599 103 8 10 0.064134344 
262 1 7 7 0.06412684 
254 103 9 11 0.06402707 
611 150 10 12 0.06397783 
979 455 14 18 0.063767724 
481 72 8 10 0.063694574 
447 73 7 9 0.0635266 
328 143 10 12 0.06338875 
653 63 9 11 0.063382395 
196 412 14 16 0.063359 
935 403 16 21 0.0632659 
674 442 15 18 0.06325862 
525 253 9 12 0.063236006 
545 617 16 21 0.063170746 
116 298 12 15 0.06299867 
83 443 13 16 0.062933505 
686 246 9 12 0.06281248 
573 173 9 11 0.06276915 
449 55 6 8 0.062762685 
569 119 7 10 0.062749885 
312 88 9 11 0.06266019 
645 22 8 9 0.06263938 
446 403 15 17 0.062553205 
244 233 15 18 0.062546305 
607 30 8 10 0.06253359 
193 2 6 7 0.0624715 
227 238 16 19 0.062439743 
102 132 9 11 0.06236363 
894 426 13 17 0.06228635 
495 175 8 10 0.062263697 
376 17 6 9 0.06223457 
679 468 13 16 0.062068146 
819 431 12 16 0.06202254 
527 435 12 15 0.06199409 
288 157 9 12 0.061945725 
264 79 8 10 0.061838213 
622 167 8 10 0.061702777 
433 366 12 16 0.061685164 
416 48 8 9 0.061672222 
221 64 9 11 0.061590947 
213 23 7 9 0.061392546 
303 16 7 9 0.061155405 
200 8 6 8 0.061143223 
433 96 9 11 0.06108691 
263 220 11 14 0.061057962 
519 245 9 11 0.061016504 
503 317 11 14 0.060993407 
642 36 9 12 0.060888845 
693 47 8 11 0.06079714 
679 72 9 11 0.060621176 
503 72 8 10 0.060585458 
448 47 7 9 0.060551763 
885 334 14 19 0.060520187 
724 69 9 11 0.060438685 
216 191 9 13 0.060367428 
325 172 11 13 0.060367037 
661 79 8 10 0.060316414 
982 564 15 20 0.060252752 
482 549 18 26 0.06023734 
718 210 9 11 0.060231403 
623 303 11 13 0.06022571 
164 166 12 15 0.060193136 
384 88 7 9 0.06016908 
341 507 13 18 0.06009668 
552 346 11 16 0.06007816 
746 364 12 14 0.060025897 
265 14 7 9 0.059955344 
737 136 9 12 0.059932765 
448 86 8 10 0.059814695 
336 87 8 9 0.059780784 
336 79 9 10 0.05962372 
805 494 13 16 0.059560437 
659 347 11 16 0.059513286 
410 62 7 9 0.059511673 
502 643 21 25 0.0592704 
557 565 14 17 0.05926739 
784 137 9 12 0.059114587 
477 331 11 14 0.0590361 
535 165 9 11 0.058908287 
613 120 9 11 0.058907084 
558 255 9 11 0.058885977 
593 128 8 11 0.058808193 
458 31 6 8 0.058753792 
697 23 9 11 0.0586983 
243 625 15 20 0.05868324 
161 126 9 12 0.05867152 
375 22 6 9 0.058660176 
608 135 10 12 0.058648776 
582 280 10 13 0.058627006 
319 157 10 13 0.05862143 
376 78 8 9 0.05859867 
727 298 12 14 0.058587726 
188 378 12 16 0.058564994 
989 379 11 15 0.058456667 
908 148 15 17 0.058401354 
425 70 7 9 0.058364652 
518 222 9 11 0.058277957 
597 372 13 18 0.058267903 
721 65 8 10 0.058266457 
401 76 7 10 0.058224477 
726 255 11 13 0.058192194 
518 401 14 17 0.058120552 
719 288 10 12 0.058110137 
424 64 7 9 0.0580284 
559 104 8 10 0.057978455 
253 436 14 17 0.05793802 
302 367 9 11 0.057718307 
275 220 14 17 0.0577074 
800 397 14 17 0.057616703 
511 232 9 11 0.05761572 
519 129 7 8 0.057601925 
296 22 8 9 0.05759514 
596 168 10 12 0.057475917 
909 409 16 18 0.05746954 
493 194 10 12 0.05740946 
456 55 6 9 0.057403002 
578 214 9 10 0.057345565 
624 7 9 10 0.057305902 
512 64 7 9 0.05726122 
486 102 7 9 0.057238884 
447 265 11 13 0.057113755 
345 211 13 16 0.057086747 
615 220 11 13 0.056913357 
818 129 15 17 0.05688137 
335 16 7 9 0.05679998 
203 440 16 20 0.05678742 
217 140 9 11 0.056566622 
510 310 12 14 0.056529507 
227 460 13 15 0.05646249 
883 539 15 18 0.05626195 
343 77 9 11 0.056249633 
94 133 10 13 0.056213643 
686 134 9 12 0.056211147 
645 213 9 11 0.05620773 
560 459 14 18 0.05612325 
70 172 11 16 0.056006566 
553 182 9 11 0.055984158 
537 450 15 18 0.05592121 
737 191 8 10 0.05564688 
728 1 10 9 0.05561468 
563 574 14 18 0.05555545 
106 317 17 22 0.05546116 
598 94 9 11 0.055455353 
225 41 7 8 0.0554474 
601 244 11 13 0.05542705 
182 31 8 10 0.05522764 
850 413 15 18 0.055211175 
1011 301 11 17 0.055182975 
656 233 11 13 0.055117168 
712 388 10 13 0.054912597 
542 168 8 10 0.054888688 
421 405 12 16 0.05482532 
393 131 9 12 0.054715224 
527 347 12 14 0.05464082 
812 570 20 23 0.05461327 
293 140 9 11 0.054576382 
398 48 6 8 0.05454503 
109 173 9 12 0.054525368 
703 213 8 11 0.054513115 
88 134 11 15 0.05436321 
688 164 10 12 0.054300185 
55 525 12 16 0.05423058 
919 531 24 26 0.053964444 
806 317 9 12 0.05381996 
805 391 12 15 0.053811044 
432 57 7 8 0.053805497 
220 204 12 15 0.053746995 
621 411 15 20 0.053583045 
354 658 17 21 0.053577732 
433 235 10 13 0.053374115 
758 427 11 15 0.053333662 
116 103 9 12 0.052978784 
122 197 13 16 0.052964825 
284 151 10 13 0.05296283 
313 132 10 12 0.0529172 
536 221 9 12 0.05288231 
472 129 8 9 0.05287529 
235 229 14 16 0.052859455 
535 236 9 11 0.052804794 
465 262 11 14 0.05278648 
656 254 10 12 0.05276078 
648 78 8 11 0.05274095 
260 437 13 16 0.05272302 
287 56 8 9 0.052661892 
349 71 9 11 0.05256507 
644 410 13 16 0.05255177 
512 147 8 11 0.052452784 
319 62 8 9 0.05245166 
159 165 12 14 0.052441057 
149 95 10 11 0.052432813 
761 102 12 14 0.052354332 
581 248 10 13 0.052313913 
231 417 14 17 0.05228762 
517 87 8 9 0.052279126 
590 244 10 12 0.05221611 
687 72 8 10 0.052208733 
498 126 8 9 0.052167453 
706 62 7 10 0.05216645 
854 545 11 16 0.0521514 
696 37 10 12 0.05210029 
663 20 7 10 0.05195349 
173 61 9 11 0.051913884 
513 80 7 9 0.05183934 
239 186 11 13 0.051828183 
778 674 17 20 0.051810313 
590 225 10 12 0.0518054 
398 144 9 11 0.051743336 
176 33 7 9 0.051687628 
544 285 9 13 0.05164612 
652 325 11 14 0.051645488 
458 63 7 8 0.05164355 
1000 395 12 16 0.05159598 
642 129 8 10 0.051552698 
662 157 9 12 0.051543 
620 403 13 17 0.051532608 
84 657 16 21 0.05151641 
481 265 17 21 0.051440097 
220 366 11 15 0.051422793 
470 117 8 10 0.051356107 
622 364 14 18 0.05131305 
498 420 15 17 0.05126762 
638 46 8 10 0.051265877 
77 173 10 14 0.051257487 
838 386 11 15 0.051207952 
376 108 9 11 0.051193543 
990 455 15 20 0.051147368 
262 491 11 15 0.05112503 
955 659 17 21 0.05110274 
846 179 12 15 0.05100361 
696 110 8 11 0.050818387 
317 119 10 12 0.050800264 
446 266 17 22 0.05078793 
623 252 10 12 0.05076944 
318 112 8 10 0.050761286 
695 79 9 11 0.050733652 
998 339 14 17 0.0507311 
561 120 7 9 0.05062124 
211 221 14 16 0.050607055 
558 388 12 15 0.05055837 
701 413 11 16 0.050413597 
346 96 8 10 0.0503738 
674 451 13 18 0.050308075 
463 209 9 11 0.050302073 
219 402 13 16 0.050216787 
642 106 10 14 0.050135396 
311 57 7 8 0.05008546 
566 246 9 11 0.050046407 
148 101 9 11 0.050038908 
191 184 13 16 0.049926076 
406 183 10 13 0.049860764 
711 269 10 13 0.04981652 
713 151 8 10 0.04979102 
367 109 8 11 0.049768962 
367 382 10 14 0.049740277 
211 33 7 9 0.049702883 
744 214 7 10 0.049638577 
113 212 14 18 0.049621336 
168 278 12 17 0.049597833 
553 169 7 10 0.04958066 
292 221 11 14 0.049563095 
150 129 8 10 0.049428932 
167 361 10 15 0.049381495 
427 78 8 10 0.04926584 
656 16 8 10 0.049212012 
361 172 9 11 0.04911168 
255 32 7 9 0.04910215 
545 292 8 11 0.049043275 
248 65 8 10 0.04902126 
623 199 9 11 0.048859663 
629 175 8 10 0.048645068 
157 142 11 13 0.04860261 
465 394 12 15 0.04860206 
56 452 12 16 0.04859454 
176 86 8 11 0.048579928 
400 104 9 11 0.048568416 
662 245 10 13 0.048556592 
540 197 9 12 0.0484556 
173 103 9 12 0.048438266 
198 166 9 11 0.048401203 
775 325 12 14 0.04838657 
740 336 12 15 0.04837941 
702 600 22 28 0.04827373 
395 32 7 10 0.04827236 
479 134 8 10 0.048187926 
381 135 9 11 0.048164908 
239 13 7 9 0.04814036 
552 238 8 11 0.048079975 
335 344 9 10 0.047975134 
369 102 8 11 0.04797163 
341 37 7 10 0.04797065 
498 120 8 10 0.04796542 
702 252 8 11 0.047911514 
309 336 8 10 0.047907464 
361 40 7 8 0.047904965 
377 7 7 8 0.04785605 
391 343 11 12 0.047819838 
449 320 11 14 0.047773037 
457 25 6 8 0.047683142 
639 238 9 11 0.047628567 
527 174 8 11 0.047608778 
504 141 8 11 0.047600806 
342 17 7 8 0.04756065 
509 191 8 11 0.047484405 
494 62 8 10 0.047404356 
536 173 8 11 0.04739172 
669 143 9 12 0.047222707 
747 357 12 14 0.047155462 
621 131 8 11 0.04713432 
568 165 9 12 0.04709432 
231 78 8 10 0.047080994 
778 360 12 16 0.04691194 
637 303 13 17 0.046907872 
281 30 7 9 0.04690344 
694 3 11 11 0.04684071 
661 256 9 12 0.046805415 
736 126 8 10 0.046794776 
482 587 13 17 0.04668456 
375 288 11 15 0.046659738 
415 55 7 9 0.04661863 
277 111 9 12 0.046608977 
639 290 12 14 0.04657361 
259 87 7 10 0.046557833 
238 24 7 9 0.046474934 
371 22 7 9 0.046281744 
729 477 16 20 0.046275 
656 47 7 10 0.046271544 
215 458 12 16 0.046225335 
317 349 9 11 0.045992117 
465 78 7 9 0.045984235 
420 387 15 18 0.045947257 
143 87 8 9 0.04593174 
721 262 9 12 0.04590452 
432 16 7 8 0.045899324 
417 6 8 9 0.04582416 
576 7 10 11 0.045798514 
227 26 7 8 0.045784146 
455 89 8 10 0.045772046 
187 384 14 18 0.045762237 
236 235 16 18 0.045753073 
166 69 8 11 0.045742355 
245 151 9 11 0.04557854 
255 17 7 8 0.0455752 
559 166 8 11 0.04556593 
525 30 8 10 0.045497335 
374 41 7 9 0.045482513 
690 382 12 16 0.045475885 
686 207 8 10 0.04544443 
733 302 11 14 0.045431513 
233 13 7 9 0.045430455 
432 31 6 8 0.045423117 
327 49 6 9 0.04537114 
392 143 9 12 0.045340836 
835 548 13 18 0.045255154 
333 386 12 14 0.045085497 
270 9 7 9 0.045056853 
377 326 9 12 0.04500219 
642 184 9 11 0.04498688 
575 69 8 10 0.044938512 
598 551 20 25 0.044911962 
868 163 10 13 0.04483334 
418 23 7 9 0.044806965 
558 151 8 10 0.044749632 
714 301 12 16 0.04468315 
214 47 7 9 0.044674776 
504 310 10 13 0.044661336 
13 570 16 19 0.044643406 
152 551 24 27 0.04460809 
894 308 14 16 0.044604387 
327 119 9 11 0.044586156 
697 214 8 11 0.044565465 
158 57 8 10 0.04455483 
385 24 7 9 0.04451673 
323 220 11 13 0.04447095 
207 659 16 20 0.0444411 
322 7 7 8 0.04443992 
455 670 19 26 0.04440458 
687 195 9 11 0.044383314 
365 585 12 14 0.044272263 
128 175 12 15 0.04421893 
698 418 12 17 0.0442072 
584 200 9 12 0.044174824 
646 223 9 11 0.04394576 
571 454 13 18 0.04393986 
295 16 8 10 0.043870166 
64 313 15 19 0.043867707 
775 332 10 13 0.043796357 
445 113 9 11 0.043747757 
192 111 10 13 0.043696158 
504 111 7 9 0.0436579 
490 64 7 9 0.04365428 
460 211 17 21 0.043611377 
174 128 11 13 0.04360318 
577 342 11 14 0.04357255 
432 213 8 11 0.043546963 
207 53 8 10 0.043535862 
528 79 6 8 0.043525003 
516 323 11 15 0.043461964 
468 461 12 15 0.043393973 
629 214 10 11 0.043267023 
615 256 9 12 0.043249927 
755 118 8 11 0.04320266 
934 334 16 20 0.0431328 
145 23 8 10 0.0431228 
117 477 12 15 0.043077454 
365 428 14 18 0.043059807 
373 126 9 10 0.042977717 
463 65 7 8 0.042890284 
273 32 7 9 0.042790994 
76 199 13 17 0.04276126 
363 60 8 10 0.042744238 
972 609 22 28 0.04271119 
622 206 9 11 0.042623475 
537 103 7 9 0.04256648 
763 83 10 12 0.042565178 
398 474 14 18 0.04255041 
631 63 8 10 0.042542797 
532 286 11 13 0.04247705 
520 161 8 11 0.042471804 
434 47 7 8 0.04240635 
344 62 8 9 0.04239332 
513 224 8 9 0.042377163 
673 71 8 11 0.04237266 
717 471 16 20 0.04230682 
327 342 8 11 0.042288866 
646 95 10 13 0.042172126 
515 166 9 10 0.04216489 
656 92 9 12 0.042150024 
510 332 11 14 0.042105343 
568 223 8 10 0.042073354 
353 23 6 8 0.042055946 
744 208 9 11 0.041996103 
113 252 12 16 0.041980147 
454 229 9 11 0.04195162 
133 390 12 16 0.041912608 
479 342 13 18 0.04188274 
512 39 8 10 0.041874874 
535 127 7 10 0.04184668 
447 41 8 9 0.04181832 
735 357 10 13 0.041788988 
565 264 18 22 0.04166134 
151 23 8 9 0.04164972 
502 54 6 9 0.041616853 
584 298 11 13 0.041544694 
382 172 11 13 0.041527018 
458 117 9 11 0.041517396 
166 127 9 12 0.041512754 
766 0 11 11 0.04145865 
520 53 8 9 0.041431088 
758 175 7 8 0.04141422 
358 442 18 22 0.041357383 
542 262 8 11 0.041340794 
737 196 9 12 0.04129688 
248 104 9 11 0.041296177 
672 163 9 12 0.04126944 
663 62 8 10 0.041256227 
709 85 8 11 0.04124694 
195 379 14 17 0.041216016 
635 378 12 16 0.04119099 
980 484 12 14 0.041146435 
245 8 8 8 0.041121412 
394 116 8 10 0.041007504 
368 422 12 15 0.040922657 
755 349 12 15 0.040835414 
171 131 17 21 0.040832676 
408 79 7 9 0.040796503 
982 299 10 13 0.040712893 
384 41 6 8 0.040704466 
687 236 10 13 0.04068663 
652 101 11 14 0.0406071 
634 142 9 12 0.04058553 
260 229 12 14 0.04049522 
758 211 9 11 0.040387545 
648 177 8 10 0.04037616 
577 206 10 12 0.040328775 
434 253 8 12 0.040296424 
447 247 10 12 0.040274087 
192 192 12 17 0.040225737 
382 111 8 10 0.040220212 
624 246 10 13 0.040168457 
615 79 9 10 0.040164202 
637 404 14 18 0.04016036 
863 123 12 14 0.0400737 
407 32 6 9 0.040015437 
848 316 9 12 0.0400007 
401 15 7 10 0.03999159 
607 70 9 11 0.03996762 
84 458 14 19 0.03993095 
973 454 14 17 0.039916605 
492 356 11 15 0.03991136 
671 206 9 11 0.039900426 
392 53 8 9 0.039883874 
647 207 9 12 0.03984454 
269 150 9 12 0.039830253 
774 485 12 16 0.039780214 
406 207 10 13 0.039765224 
480 118 7 9 0.039750695 
255 22 6 9 0.039731085 
70 180 12 17 0.039703954 
608 101 9 12 0.039546654 
582 386 12 15 0.03948174 
687 146 17 22 0.03947185 
398 132 8 11 0.03947129 
560 159 8 10 0.039470945 
449 95 8 10 0.03940119 
226 77 8 10 0.03934691 
479 56 7 9 0.039343514 
510 293 11 13 0.039337724 
345 171 10 12 0.039273407 
357 413 10 13 0.039165497 
511 70 7 10 0.03915622 
481 128 7 10 0.039104864 
313 111 8 10 0.039084002 
880 388 16 20 0.039058026 
894 345 11 15 0.03903364 
765 301 10 12 0.039026655 
431 179 10 13 0.038955234 
638 61 9 12 0.038935672 
246 125 10 12 0.03889822 
295 152 10 13 0.038890358 
455 204 8 11 0.038852096 
286 221 12 15 0.03879227 
689 60 9 11 0.03874433 
457 110 8 11 0.038738735 
607 252 10 12 0.038728423 
382 301 11 14 0.03869939 
532 430 11 14 0.038648617 
572 436 12 16 0.038599916 
846 359 10 14 0.03859056 
702 525 15 19 0.038586687 
671 21 8 10 0.038529437 
503 24 6 9 0.038524207 
367 159 10 13 0.038523767 
497 55 8 9 0.03851264 
382 125 9 11 0.038504694 
352 414 10 13 0.03850104 
808 312 9 11 0.038486723 
606 172 9 12 0.03848449 
551 246 9 11 0.038460147 
95 654 20 23 0.03845038 
589 99 9 12 0.03843209 
217 112 11 14 0.038403455 
485 303 11 14 0.038394965 
1015 417 10 15 0.038391363 
69 532 13 16 0.038257215 
559 295 11 14 0.03825215 
398 436 11 16 0.038250886 
677 159 9 11 0.038231898 
566 0 9 10 0.038169935 
577 142 9 11 0.038164407 
993 323 22 28 0.038161628 
557 175 8 10 0.038098365 
764 294 11 14 0.03808403 
545 530 21 26 0.037979722 
371 428 14 16 0.037974954 
225 31 7 8 0.037955213 
280 405 10 15 0.037938397 
428 356 12 15 0.037938375 
409 50 6 8 0.03787376 
714 71 8 10 0.037829388 
657 20 8 10 0.03780952 
561 246 9 11 0.03780208 
265 23 6 8 0.03779636 
558 182 8 10 0.037787102 
566 239 9 11 0.03778275 
511 93 8 10 0.037758864 
512 127 7 8 0.03771025 
972 623 21 27 0.037582844 
68 496 14 18 0.037574377 
495 254 8 12 0.03745818 
542 270 9 12 0.037452463 
539 604 15 21 0.03743993 
631 240 9 11 0.037415363 
824 316 9 11 0.037391055 
196 156 11 14 0.037381794 
333 665 15 20 0.03737815 
638 387 11 14 0.037301358 
884 148 12 16 0.037299898 
776 303 10 12 0.03725417 
158 90 10 12 0.037225343 
672 31 9 11 0.037220046 
737 395 12 15 0.037213348 
565 616 14 17 0.0371601 
307 493 15 19 0.037108246 
201 15 8 9 0.03709413 
805 409 13 17 0.0370775 
409 142 9 12 0.037053615 
687 294 11 14 0.037010323 
751 435 12 15 0.036959182 
682 183 8 10 0.036937065 
316 143 10 12 0.036918815 
29 227 14 17 0.036800638 
397 380 13 16 0.036783934 
335 109 9 11 0.036756754 
262 472 14 18 0.03673228 
459 317 12 15 0.03671084 
474 55 7 9 0.036685675 
149 181 10 14 0.03663891 
541 347 12 15 0.03663118 
450 101 7 10 0.03660832 
167 39 7 9 0.036603823 
319 343 10 12 0.03651414 
967 340 11 15 0.036421534 
567 8 8 11 0.036395475 
860 107 22 26 0.036393784 
486 96 7 10 0.03634736 
334 350 9 11 0.036344245 
813 317 10 12 0.036278207 
440 23 7 9 0.03627335 
503 29 7 10 0.036262844 
490 165 8 11 0.03623857 
589 371 13 17 0.03623519 
816 92 9 11 0.03619676 
447 5 7 9 0.036169622 
768 175 8 9 0.036149327 
205 239 17 21 0.03596796 
578 105 8 9 0.035897814 
642 21 7 10 0.03588218 
355 642 22 27 0.03585738 
337 56 6 8 0.035852335 
504 323 9 13 0.035803217 
257 146 10 13 0.035789583 
278 213 11 14 0.03578008 
361 135 9 11 0.03574874 
674 54 8 11 0.035696823 
507 661 15 18 0.035666596 
198 128 10 12 0.03563196 
478 191 8 11 0.03561175 
408 135 8 10 0.03557946 
893 356 13 17 0.035571985 
486 134 8 10 0.035557516 
441 15 6 9 0.035537496 
255 109 8 12 0.035498932 
449 204 9 12 0.035494536 
350 152 9 11 0.035462458 
359 3 7 7 0.03545659 
862 138 10 14 0.035455313 
178 159 11 14 0.035425033 
723 350 11 14 0.035423595 
453 275 12 14 0.035401527 
242 554 14 18 0.03535509 
337 2 8 7 0.035335038 
343 86 8 10 0.035302464 
183 53 8 10 0.035278164 
230 406 13 17 0.035276014 
404 437 11 14 0.035261344 
379 374 13 14 0.035222184 
537 62 7 9 0.03521217 
433 288 10 13 0.035195105 
400 96 9 10 0.03518769 
401 189 11 14 0.03517345 
564 79 8 11 0.035103686 
645 196 10 11 0.035083532 
237 460 14 16 0.03507172 
575 317 11 14 0.035062525 
158 24 7 9 0.034996916 
774 62 8 9 0.03496346 
456 409 14 19 0.034919143 
574 168 9 11 0.034890987 
497 105 8 10 0.03488843 
565 426 14 19 0.034829028 
84 182 11 14 0.034826178 
229 175 10 13 0.034746442 
248 200 9 12 0.03471299 
329 108 9 11 0.03470551 
297 55 7 10 0.034682546 
560 196 11 13 0.03466703 
448 239 8 11 0.03466354 
767 340 10 12 0.034630455 
580 318 11 14 0.03462121 
711 158 8 11 0.034617748 
105 93 8 10 0.034603275 
550 95 9 10 0.03456491 
576 221 9 12 0.03449865 
631 109 9 12 0.034474954 
710 60 9 11 0.03446353 
348 374 12 15 0.034443922 
289 16 7 9 0.03440788 
404 389 10 14 0.034391653 
549 103 9 11 0.034362078 
406 336 13 16 0.034350403 
766 64 9 10 0.034321405 
300 234 14 16 0.034312807 
431 110 8 10 0.034308903 
686 317 13 16 0.03428434 
211 653 20 24 0.03427918 
370 79 9 10 0.03418513 
138 64 9 11 0.03416583 
441 70 8 10 0.03415761 
199 24 8 9 0.034155384 
517 310 10 13 0.034147527 
732 1 11 10 0.034123816 
415 64 8 9 0.034117956 
615 96 10 12 0.034093227 
397 544 14 17 0.034003112 
899 341 12 15 0.033981472 
486 6 7 8 0.033933256 
839 413 14 20 0.033891313 
560 231 8 10 0.03388867 
701 293 12 14 0.03382272 
55 227 11 15 0.03377497 
412 158 10 12 0.033718776 
136 79 7 10 0.03370773 
271 408 12 15 0.033679783 
381 423 15 17 0.03366582 
696 164 9 11 0.033646375 
723 244 12 14 0.033567842 
343 114 18 23 0.03356685 
236 406 13 16 0.033564758 
353 3 7 8 0.033506747 
580 134 19 25 0.03350605 
546 96 8 9 0.03345197 
796 533 15 18 0.033450052 
788 147 8 12 0.033418655 
634 195 9 12 0.03339128 
689 4 9 11 0.033339545 
396 443 11 14 0.03331285 
717 251 12 14 0.033309314 
145 16 7 8 0.033308133 
498 94 8 9 0.033300593 
261 341 11 13 0.033293832 
465 194 10 13 0.03328838 
255 407 16 23 0.033219155 
322 50 7 8 0.033169296 
287 104 18 22 0.03316224 
192 7 7 9 0.033140935 
623 238 9 12 0.033130538 
194 75 9 12 0.03310322 
665 201 8 10 0.033082593 
656 143 8 11 0.033077393 
199 37 8 10 0.033061326 
658 550 14 21 0.033057213 
332 158 10 13 0.033043284 
112 202 14 16 0.033026855 
287 633 13 17 0.0330068 
585 80 8 10 0.03299506 
493 605 11 15 0.032955788 
473 408 13 18 0.03287021 
272 157 9 12 0.03279355 
888 127 9 12 0.032771114 
286 30 8 10 0.03269075 
191 156 11 14 0.032637306 
206 110 9 11 0.032608077 
237 211 12 14 0.032601517 
482 6 8 10 0.032579552 
595 308 11 15 0.032556076 
368 89 8 10 0.03251898 
954 311 14 18 0.032504477 
477 62 8 10 0.0324434 
359 31 6 9 0.032375373 
413 406 13 17 0.032341693 
61 227 10 14 0.032305017 
367 140 9 12 0.032298487 
614 70 10 11 0.0322682 
727 199 8 10 0.032262675 
644 140 11 13 0.032243177 
438 215 8 11 0.032205965 
559 239 9 11 0.03218969 
258 1 7 7 0.032189112 
306 31 6 9 0.03218579 
522 207 8 10 0.032171562 
769 350 11 14 0.032160383 
256 69 8 11 0.03214115 
640 231 10 12 0.032127015 
215 55 8 9 0.032125827 
519 280 9 13 0.032103553 
525 361 14 17 0.032095138 
403 218 12 14 0.032092206 
167 47 7 9 0.03208932 
739 474 13 18 0.03205422 
608 207 19 22 0.032045648 
487 120 7 10 0.032041986 
197 149 11 14 0.032016903 
567 148 9 11 0.031992856 
328 69 8 10 0.03191728 
279 103 8 10 0.031914987 
312 38 7 9 0.03188931 
138 653 17 21 0.031850133 
361 126 9 11 0.031833597 
337 553 15 19 0.03179123 
292 653 15 20 0.031720236 
418 32 7 9 0.031707045 
99 235 13 15 0.031697046 
671 199 8 10 0.031666163 
717 640 17 22 0.031656496 
383 193 18 23 0.031625256 
310 343 10 12 0.031616103 
101 475 15 18 0.0316117 
178 23 7 9 0.03160413 
460 176 10 11 0.031590763 
478 213 9 12 0.031576537 
229 155 11 15 0.031541634 
370 16 6 9 0.03153809 
754 174 8 11 0.03151381 
406 379 9 13 0.031504124 
712 262 9 12 0.031485304 
204 182 12 15 0.031444248 
329 427 11 16 0.031384904 
718 168 9 11 0.031351157 
319 2 8 7 0.031277914 
481 39 7 9 0.031265624 
752 99 11 13 0.03125619 
997 554 17 21 0.031235311 
231 41 7 9 0.031207474 
742 466 13 18 0.031207308 
899 133 11 12 0.03117625 
613 108 10 12 0.031172505 
648 43 9 11 0.0311491 
207 151 10 12 0.031118687 
453 264 10 12 0.031106086 
766 324 12 15 0.031089649 
333 143 9 12 0.031017506 
82 269 13 16 0.031016905 
830 538 13 17 0.031000823 
441 80 8 9 0.031000042 
511 182 8 11 0.030975955 
216 362 11 14 0.030973976 
162 70 8 10 0.030963024 
662 117 10 13 0.030930545 
418 113 18 24 0.03089181 
123 322 17 24 0.030889252 
172 610 15 20 0.030882182 
741 192 9 12 0.030861981 
720 0 9 9 0.030835886 
214 212 12 16 0.030807054 
323 543 16 21 0.030784788 
692 229 10 11 0.030769182 
286 429 12 15 0.03076651 
641 214 8 11 0.030766206 
238 467 14 16 0.030751817 
583 149 8 12 0.030741116 
318 88 8 10 0.03071841 
118 183 10 13 0.030684138 
425 208 8 11 0.030683216 
510 206 8 11 0.030681984 
221 441 12 17 0.030651491 
488 284 10 13 0.030631976 
231 147 11 14 0.030594196 
44 537 14 15 0.030592103 
722 108 9 11 0.030513674 
334 437 14 16 0.030508216 
206 103 10 12 0.030480461 
257 79 8 10 0.030446038 
881 331 14 16 0.03042161 
697 207 8 10 0.030403432 
692 653 17 19 0.030388478 
551 72 8 10 0.030315924 
321 169 9 13 0.030277867 
325 445 11 15 0.030267868 
477 163 9 11 0.030266615 
615 277 13 15 0.030260766 
288 128 9 12 0.030229948 
469 185 10 12 0.030208021 
459 219 9 13 0.030181995 
230 72 8 10 0.030151958 
618 173 8 11 0.030151818 
712 238 20 23 0.030127548 
681 381 11 15 0.030122938 
655 176 9 11 0.030069979 
706 589 18 22 0.030050067 
932 341 25 31 0.030049665 
325 8 7 8 0.02999737 
680 209 8 11 0.029959042 
304 391 11 15 0.029938195 
567 103 8 10 0.02993124 
671 275 11 14 0.029919678 
440 663 16 21 0.029910825 
857 427 14 19 0.029901331 
405 112 8 11 0.02989669 
869 356 12 15 0.029887924 
204 429 13 16 0.029860092 
570 609 16 19 0.02985299 
423 321 13 17 0.029819995 
567 254 10 12 0.029817767 
224 51 9 11 0.029812155 
700 1 11 10 0.029798413 
266 195 11 14 0.029784255 
343 1 6 7 0.029782912 
385 94 7 9 0.029776841 
712 186 9 12 0.02974139 
626 357 11 14 0.029737275 
328 353 10 13 0.029728388 
552 129 7 8 0.02967091 
111 234 12 16 0.029660957 
298 39 6 9 0.029658457 
622 388 12 14 0.029635299 
121 70 7 9 0.029623399 
255 483 13 17 0.029603904 
494 240 10 11 0.029587757 
613 300 11 13 0.029585911 
268 81 18 23 0.029582385 
505 340 11 16 0.029578304 
527 442 14 18 0.029577678 
478 113 8 9 0.02956092 
693 292 12 15 0.0295555 
609 24 8 11 0.029554082 
487 245 9 11 0.029553749 
344 21 6 8 0.029553557 
528 221 8 11 0.029537076 
532 437 13 17 0.029493734 
301 192 11 13 0.029453771 
164 216 18 24 0.02940647 
454 189 9 12 0.02940218 
188 165 10 14 0.02936878 
559 312 12 15 0.029366612 
528 127 7 9 0.029364971 
24 515 11 13 0.029349022 
196 205 14 18 0.02933387 
680 324 12 15 0.029322218 
505 8 8 9 0.029321574 
636 324 12 16 0.029307513 
806 323 11 16 0.0292981 
380 315 12 14 0.029292226 
589 87 8 10 0.029283866 
541 184 9 10 0.029283788 
515 634 14 18 0.02927137 
825 530 15 18 0.029266367 
819 515 16 21 0.029265976 
292 412 13 16 0.029263359 
475 301 11 14 0.029247977 
797 499 14 18 0.029236073 
469 206 9 11 0.02922827 
407 350 10 14 0.029215299 
510 234 17 22 0.029160636 
552 188 9 12 0.029160017 
509 302 12 14 0.02914107 
869 402 12 17 0.029132726 
704 95 10 11 0.029107265 
383 157 10 13 0.029107064 
513 47 7 9 0.029098988 
424 162 17 22 0.029097842 
592 118 8 10 0.029060202 
682 222 18 24 0.029039234 
236 395 12 16 0.029023876 
544 128 7 9 0.028984403 
551 63 9 10 0.028983783 
854 332 10 13 0.028971454 
305 341 9 12 0.02893401 
793 206 9 11 0.028905729 
539 190 9 12 0.028852448 
420 332 13 16 0.028849648 
446 213 9 11 0.028841034 
353 31 7 9 0.028832896 
710 277 10 12 0.028828382 
469 586 15 19 0.028816823 
182 88 8 11 0.028804822 
835 327 11 14 0.028775351 
663 135 9 12 0.02873734 
496 23 7 9 0.028715922 
120 94 9 12 0.028714059 
891 315 14 17 0.028703243 
340 389 12 13 0.028701069 
242 112 8 11 0.028687308 
547 594 14 18 0.028676411 
455 152 9 10 0.028662516 
535 56 8 9 0.028662074 
221 141 9 11 0.028654234 
758 338 11 14 0.02860928 
396 348 12 15 0.028565453 
459 272 19 23 0.028539933 
250 232 15 18 0.028513188 
302 2 7 8 0.028510816 
471 332 11 14 0.028507007 
354 210 12 15 0.028496146 
1014 507 9 14 0.028459623 
480 100 8 10 0.028457278 
693 16 10 10 0.028439308 
394 38 7 8 0.02843614 
708 166 9 11 0.028417345 
503 175 8 9 0.028408105 
374 373 12 14 0.028393948 
70 202 13 16 0.028377783 
710 176 18 23 0.028361037 
602 330 11 14 0.028339222 
530 187 18 23 0.028337883 
674 215 8 11 0.02830322 
741 126 9 10 0.02825691 
411 482 15 19 0.028243173 
689 16 8 11 0.028217666 
836 339 11 13 0.028196033 
621 212 10 12 0.028193945 
805 195 10 14 0.028193288 
516 648 15 20 0.028192963 
877 336 15 19 0.028184142 
111 182 10 13 0.028176807 
374 157 10 13 0.028152896 
329 458 19 22 0.028102411 
440 87 7 8 0.028098794 
267 441 14 18 0.028081061 
140 406 11 15 0.028077422 
494 481 14 17 0.02806487 
592 328 12 14 0.028060973 
124 388 21 29 0.028053485 
687 460 12 16 0.028022062 
325 595 14 19 0.028019972 
309 144 18 24 0.027998019 
684 375 12 14 0.027969912 
496 261 8 11 0.027965156 
673 221 8 10 0.02796071 
70 272 14 18 0.027958818 
438 602 15 18 0.027949903 
728 133 9 12 0.027943233 
433 315 13 16 0.02791205 
574 14 9 11 0.027895706 
795 514 14 19 0.027811632 
838 606 13 18 0.027797583 
417 39 8 8 0.027768679 
524 199 20 24 0.027755719 
249 139 10 14 0.027736679 
1005 347 11 13 0.027732424 
648 0 9 10 0.027719095 
936 324 15 18 0.02768397 
515 435 13 17 0.027677342 
590 80 8 10 0.02767339 
166 117 9 12 0.027649553 
440 196 10 12 0.027647 
190 206 12 16 0.027603496 
700 285 11 14 0.027602658 
481 368 14 17 0.027599394 
272 226 12 15 0.027597873 
528 135 8 9 0.027585039 
262 449 22 24 0.027584452 
628 470 16 20 0.027583238 
599 262 11 13 0.02757568 
883 410 12 15 0.027540995 
721 417 12 17 0.027540144 
289 174 10 13 0.027537962 
62 193 11 14 0.02752121 
225 651 15 20 0.027498899 
574 279 10 12 0.027495755 
63 222 10 14 0.0274843 
198 324 11 13 0.02746287 
542 172 9 11 0.027459877 
653 360 11 15 0.027447551 
977 345 16 19 0.027437232 
726 374 10 13 0.02743124 
996 538 24 30 0.027427526 
357 380 11 13 0.027424064 
681 84 9 11 0.027411988 
760 63 9 11 0.027391257 
129 111 9 10 0.027385645 
205 220 14 17 0.027377617 
757 93 13 15 0.027374063 
799 312 10 12 0.02733921 
427 402 13 19 0.027327929 
838 423 13 18 0.027303621 
503 458 12 17 0.027281513 
505 197 8 10 0.027278125 
489 23 7 9 0.027270345 
110 240 19 22 0.02726565 
63 500 12 16 0.027254744 
735 84 9 13 0.02724936 
406 443 11 15 0.027236652 
727 94 8 12 0.02722915 
222 230 13 15 0.027195089 
420 475 14 18 0.027185736 
946 323 13 19 0.027156342 
303 6 7 9 0.027143849 
590 29 8 10 0.027140455 
371 175 18 23 0.027138358 
542 255 8 10 0.027130341 
646 15 8 11 0.02712288 
94 258 13 17 0.0271222 
520 215 9 11 0.027104363 
598 24 9 11 0.027056323 
415 348 11 14 0.027044259 
376 406 14 17 0.027043784 
1011 590 13 18 0.027034787 
543 105 17 24 0.027033081 
448 24 7 8 0.026989922 
390 322 11 14 0.026979618 
799 321 12 16 0.026963977 
543 309 10 13 0.02696201 
638 332 11 14 0.026929911 
756 1 10 10 0.026919795 
333 362 13 16 0.026915446 
232 675 16 20 0.026910279 
599 253 9 11 0.026885027 
187 436 14 17 0.02688159 
321 358 9 13 0.02684062 
357 231 13 16 0.026823426 
302 22 7 9 0.026807372 
677 294 10 14 0.026751822 
879 438 16 20 0.026736282 
319 70 8 10 0.026667917 
470 40 7 8 0.026660278 
400 3 7 7 0.026656138 
440 31 7 8 0.02664494 
280 70 8 10 0.026609346 
309 231 15 18 0.026596379 
608 262 11 14 0.026583903 
349 77 8 10 0.02657495 
408 22 7 9 0.0265747 
544 156 8 10 0.026564758 
392 103 8 11 0.026549831 
577 134 9 11 0.026523797 
592 511 15 18 0.026520418 
557 554 16 19 0.026519876 
676 269 12 14 0.026500309 
711 79 8 11 0.0264856 
517 160 19 25 0.026479585 
687 142 9 12 0.026474634 
446 284 12 14 0.026444715 
890 436 14 19 0.026442934 
803 631 15 19 0.026394561 
61 247 11 14 0.02638538 
638 269 10 12 0.026321614 
519 105 8 8 0.026320793 
108 483 13 17 0.026316281 
295 170 17 22 0.02631422 
353 17 6 7 0.02629097 
476 625 16 18 0.026257169 
629 386 13 16 0.026244624 
385 54 7 9 0.026238788 
153 451 11 15 0.026236037 
422 38 7 9 0.02623433 
127 94 8 11 0.026203947 
759 422 11 14 0.026183775 
634 466 15 20 0.026179094 
508 421 14 17 0.02617615 
887 345 11 15 0.026161863 
621 160 9 11 0.026156608 
55 267 14 17 0.026126834 
713 210 17 22 0.026126437 
608 95 8 10 0.026102103 
617 228 10 12 0.026101133 
576 281 17 22 0.026074266 
87 150 9 11 0.026067646 
902 324 12 15 0.026043257 
958 541 14 19 0.026039924 
494 299 10 14 0.026023531 
760 199 8 10 0.025998222 
671 100 10 13 0.025988022 
679 99 9 12 0.025973367 
110 339 23 31 0.025972916 
486 79 7 9 0.025961462 
585 53 8 10 0.025942497 
679 319 11 14 0.025939992 
800 196 10 14 0.025938785 
303 372 10 12 0.0258999 
425 103 9 10 0.025891792 
813 312 9 11 0.025857588 
268 142 10 13 0.02580702 
723 392 13 17 0.025759147 
478 286 10 12 0.025744947 
677 355 13 16 0.025726406 
413 334 18 22 0.02571229 
494 292 10 14 0.025708528 
448 143 8 9 0.025706822 
471 136 18 25 0.025692398 
230 568 15 18 0.02569225 
269 342 9 11 0.02567958 
692 470 14 17 0.025677526 
245 434 14 19 0.025662001 
441 8 7 8 0.025651501 
592 148 17 22 0.025636025 
575 105 17 23 0.025634196 
753 91 21 26 0.025624156 
687 31 8 10 0.025604779 
263 31 7 9 0.025586218 
473 79 7 10 0.02557441 
646 148 9 10 0.0255688 
392 1 8 8 0.025561126 
880 154 11 14 0.025546499 
393 7 8 9 0.025542496 
488 183 18 22 0.02552995 
515 382 12 15 0.025488496 
543 64 7 9 0.025476536 
198 1 7 8 0.025461668 
563 652 15 18 0.02545915 
536 183 9 11 0.02545482 
535 214 9 12 0.02544115 
600 74 18 23 0.025419524 
161 14 8 9 0.025415555 
633 31 8 10 0.025408372 
213 135 10 13 0.025406247 
452 291 12 14 0.025402306 
567 230 8 10 0.025385074 
215 468 12 15 0.025323572 
415 433 14 17 0.025316317 
710 120 9 11 0.025315007 
532 356 14 16 0.025299456 
181 439 15 18 0.025276393 
580 495 19 24 0.025262512 
579 587 13 17 0.025245765 
295 69 8 10 0.025239063 
1014 336 11 15 0.025218971 
531 205 10 12 0.025190162 
461 333 10 14 0.025189131 
876 354 12 15 0.025182951 
614 121 17 23 0.02516761 
464 135 7 10 0.025131157 
376 135 9 11 0.025122613 
366 325 10 12 0.025075085 
456 126 9 10 0.025066508 
935 317 13 16 0.025060577 
294 227 12 14 0.025052615 
357 527 16 20 0.02503902 
327 421 12 15 0.025034476 
559 93 7 10 0.025016494 
368 291 11 14 0.024990335 
768 361 13 15 0.024972402 
860 418 13 17 0.02497142 
695 251 11 12 0.024928708 
252 627 19 23 0.024927154 
76 279 14 17 0.024919093 
840 370 12 14 0.024918897 
265 175 10 12 0.024909705 
768 182 9 11 0.024897862 
640 222 8 11 0.024892975 
470 619 12 17 0.024889683 
193 15 7 9 0.024855075 
77 416 17 21 0.024854634 
867 599 14 20 0.024839673 
639 164 9 11 0.024788028 
366 387 10 14 0.024784038 
613 291 11 15 0.024754541 
434 41 7 8 0.024754116 
218 3 7 8 0.024720995 
682 177 9 10 0.024708385 
661 100 10 13 0.024704289 
728 190 8 11 0.024675649 
945 308 12 16 0.024674902 
416 135 9 11 0.024659572 
262 62 8 10 0.024657533 
89 495 22 25 0.024613181 
303 47 7 9 0.024605973 
66 320 17 22 0.024602262 
248 49 8 10 0.024531016 
519 260 9 11 0.024529647 
305 729 27 28 0.024523323 
847 340 11 14 0.024519894 
360 327 8 11 0.024518263 
295 48 8 10 0.02449926 
145 29 8 9 0.024482176 
486 240 8 11 0.024480825 
814 389 11 14 0.02447723 
615 6 9 10 0.0244663 
492 579 12 14 0.02445904 
753 167 8 11 0.024452148 
948 337 12 15 0.024451308 
724 439 13 16 0.024432506 
103 167 11 14 0.02442377 
204 129 11 13 0.024415173 
543 71 8 10 0.024379116 
460 240 10 11 0.02437468 
422 7 7 8 0.024369981 
503 15 8 9 0.024369603 
115 346 14 17 0.024347471 
338 603 16 20 0.024347113 
759 122 9 11 0.024324259 
453 241 17 22 0.024317652 
329 38 6 9 0.024314364 
568 601 13 17 0.024292657 
763 116 10 13 0.024282377 
552 74 17 23 0.02428092 
108 102 18 23 0.024278278 
479 263 11 14 0.024231514 
155 106 18 22 0.024197556 
571 676 19 22 0.024171637 
128 212 11 14 0.024118211 
394 105 18 23 0.024112355 
350 182 9 13 0.024111034 
44 511 10 13 0.0240994 
129 56 7 9 0.02407481 
401 412 12 17 0.024072343 
359 105 9 10 0.024067294 
458 324 11 13 0.02406574 
528 103 8 9 0.02405109 
463 88 8 9 0.024036618 
578 351 18 21 0.024031622 
447 63 7 9 0.024026975 
538 141 8 10 0.024023978 
519 190 8 11 0.024020579 
448 150 9 11 0.024009125 
798 168 9 11 0.023997044 
976 367 23 29 0.023970323 
519 182 9 11 0.023966663 
728 120 8 11 0.023966534 
534 231 9 12 0.023937413 
941 314 15 20 0.023935696 
177 632 16 20 0.023933085 
544 584 14 19 0.023927407 
877 117 10 13 0.023920082 
522 395 15 18 0.023915386 
105 214 13 16 0.023911612 
214 151 11 12 0.023901798 
598 279 10 13 0.023889212 
388 171 10 14 0.023881929 
192 87 9 11 0.023877334 
736 121 8 10 0.023857893 
757 640 23 27 0.023840265 
674 36 9 11 0.023800703 
727 204 8 11 0.023767192 
545 302 9 13 0.02376219 
295 126 10 13 0.023723584 
246 221 11 13 0.023701617 
158 104 11 13 0.02369301 
310 180 9 12 0.02365631 
87 125 10 14 0.02363085 
915 149 13 16 0.023588227 
87 479 12 17 0.023585826 
559 190 9 11 0.02358271 
662 165 9 11 0.023558937 
491 513 16 21 0.023549119 
151 16 7 9 0.023528889 
584 225 18 22 0.02352698 
567 642 13 17 0.023526859 
328 131 10 12 0.023516051 
760 299 11 13 0.023511829 
435 496 13 18 0.023511728 
135 86 7 10 0.023508774 
326 89 17 23 0.023501655 
500 163 9 12 0.023497637 
517 230 9 11 0.023489604 
482 48 7 9 0.023488443 
562 268 9 13 0.02347609 
123 253 11 14 0.023461843 
478 150 8 11 0.02343323 
614 452 11 16 0.0234205 
578 87 8 10 0.023418063 
789 637 13 17 0.023405997 
303 71 9 11 0.023400102 
330 121 17 23 0.023394866 
957 200 13 14 0.023384994 
376 3 7 7 0.023371017 
417 17 7 9 0.02336551 
521 199 7 9 0.02336402 
584 168 8 11 0.023363158 
1002 591 16 19 0.023358617 
741 135 9 12 0.023329997 
719 264 20 24 0.02332387 
586 355 13 16 0.023313554 
175 371 14 16 0.023312505 
377 30 7 8 0.023306299 
424 56 7 8 0.02329653 
598 363 13 18 0.023294875 
225 87 9 12 0.023290437 
172 181 11 15 0.023289535 
265 215 10 14 0.023281414 
216 105 11 13 0.023270141 
234 222 13 15 0.023269018 
708 125 11 14 0.023256835 
194 372 13 17 0.023252089 
335 21 7 9 0.023222428 
624 56 8 11 0.023197588 
816 593 23 26 0.023196677 
152 43 8 11 0.023169043 
343 42 17 24 0.023169022 
600 55 8 10 0.023162989 
171 148 11 14 0.023160513 
652 39 9 10 0.02313252 
545 79 7 10 0.02313149 
848 334 9 12 0.023124633 
735 137 17 23 0.02310027 
788 397 14 18 0.023087172 
94 306 19 25 0.02308464 
537 268 9 12 0.023083754 
721 198 9 10 0.023078311 
311 223 13 15 0.023069933 
698 103 9 11 0.02306888 
776 445 15 17 0.02306587 
550 500 13 16 0.023047684 
502 104 7 9 0.023041997 
527 280 10 12 0.023041064 
415 102 7 10 0.023040326 
406 150 10 12 0.02303827 
195 633 14 18 0.023033444 
621 93 10 12 0.023032662 
744 86 10 12 0.023027055 
391 157 10 12 0.023022924 
543 207 8 10 0.022982348 
182 140 10 13 0.022975817 
303 356 9 11 0.022974782 
252 355 12 15 0.02297084 
93 267 12 14 0.022959216 
78 181 12 16 0.022955896 
446 223 8 12 0.022928478 
640 79 8 10 0.02292819 
303 94 8 11 0.02292141 
240 177 18 22 0.02291843 
383 31 7 8 0.022900242 
277 435 14 19 0.022884874 
472 69 7 10 0.022879224 
208 8 7 9 0.02287706 
778 457 14 17 0.022874903 
396 342 11 13 0.022872023 
281 78 8 10 0.022849865 
190 172 11 13 0.022838358 
717 150 9 12 0.02282178 
490 136 18 24 0.02280762 
640 547 14 20 0.022805773 
437 207 10 11 0.022782901 
557 61 9 10 0.022767551 
574 199 10 12 0.022754129 
970 370 15 17 0.022726426 
573 29 9 11 0.022723338 
456 72 7 8 0.022705762 
237 474 13 16 0.022701846 
456 141 9 10 0.022701671 
668 347 14 17 0.022685185 
515 340 11 14 0.022674698 
541 364 14 18 0.022671267 
358 581 13 16 0.022667825 
708 394 12 15 0.022667538 
300 158 10 12 0.022666514 
598 220 10 13 0.022647653 
112 87 7 10 0.022640072 
212 482 15 19 0.02263324 
535 46 8 9 0.022632848 
217 190 18 23 0.022631593 
337 657 15 20 0.022631437 
139 47 8 10 0.02262591 
982 372 13 18 0.022613492 
983 380 22 29 0.022603134 
985 206 9 12 0.022594266 
510 197 8 10 0.022551164 
614 370 13 19 0.022543745 
229 478 12 17 0.022542957 
486 41 8 9 0.022538055 
352 88 8 9 0.022529297 
900 460 16 20 0.022523554 
511 31 8 9 0.022516735 
136 40 8 9 0.0225054 
153 74 18 23 0.02249799 
205 380 11 15 0.022491321 
662 30 9 11 0.022413308 
757 169 8 10 0.022411646 
465 38 7 9 0.022410948 
350 464 13 19 0.02240198 
458 110 20 25 0.022394795 
415 137 17 23 0.022386154 
289 7 8 9 0.022385355 
644 301 13 16 0.022347042 
19 102 96 133 0.02234697 
653 133 10 13 0.022325426 
854 176 10 13 0.022317493 
496 208 8 10 0.022312604 
73 647 23 28 0.022306154 
1011 489 13 17 0.022304568 
151 2 9 9 0.022297893 
247 198 19 25 0.022295007 
939 332 23 29 0.022274744 
814 323 12 16 0.022264158 
502 48 8 11 0.022262603 
737 215 8 10 0.022261316 
270 13 7 10 0.02224885 
550 277 9 12 0.022236109 
716 64 20 24 0.022224192 
264 155 9 11 0.02222042 
138 469 14 18 0.022212071 
881 401 14 18 0.022210775 
535 153 8 10 0.02219892 
544 247 8 10 0.022197638 
291 152 20 24 0.022191608 
478 387 13 16 0.022185294 
674 246 10 14 0.02217051 
693 142 11 12 0.022143023 
513 105 7 8 0.022107165 
509 363 13 17 0.0221016 
782 507 19 26 0.022083526 
685 403 14 17 0.022077784 
371 522 14 18 0.022072988 
908 416 17 21 0.022061268 
732 275 12 16 0.022044947 
771 453 16 20 0.022041544 
472 24 6 9 0.022031236 
381 240 24 29 0.022003997 
606 290 12 14 0.021997659 
518 80 7 9 0.021992814 
439 152 9 11 0.021988425 
843 174 22 25 0.021966932 
487 86 7 9 0.02195787 
495 154 16 23 0.021934852 
535 278 9 12 0.021934532 
475 494 15 20 0.021929111 
816 376 12 16 0.021923313 
904 383 11 14 0.021901013 
720 142 8 10 0.021899043 
569 112 8 10 0.021884156 
469 154 18 23 0.021879155 
678 164 10 11 0.021791894 
550 460 13 17 0.021780858 
335 578 15 19 0.021774555 
303 88 8 10 0.021774048 
414 206 10 13 0.021773634 
335 120 8 10 0.021773359 
685 472 14 18 0.02174983 
529 229 9 12 0.021713853 
659 276 13 15 0.021710197 
632 103 10 12 0.021699803 
712 251 11 13 0.021668425 
429 586 14 20 0.021656144 
260 346 13 15 0.02165606 
681 693 16 19 0.021654766 
913 472 14 18 0.021652177 
542 596 14 18 0.021637227 
705 56 9 10 0.02163285 
945 449 14 19 0.021625359 
511 136 8 10 0.021607833 
963 520 15 17 0.021597376 
425 112 7 9 0.021596007 
564 340 12 16 0.021594044 
639 25 18 23 0.021592142 
240 64 18 23 0.021577911 
534 438 19 24 0.021546198 
399 418 12 17 0.021545913 
902 346 20 26 0.021545114 
151 548 15 20 0.021545086 
360 390 11 14 0.02153963 
630 260 11 12 0.021532968 
400 55 7 9 0.021527594 
898 421 14 17 0.021498876 
748 452 12 17 0.021489153 
503 356 11 15 0.021486962 
824 441 15 19 0.021483459 
133 163 11 14 0.021475134 
572 309 11 14 0.02146459 
359 179 10 13 0.02145897 
261 102 9 11 0.021440864 
971 354 26 29 0.02143274 
101 351 27 33 0.021432102 
639 176 9 10 0.021402404 
198 173 12 14 0.02139855 
845 347 13 17 0.021381965 
326 353 18 22 0.021381704 
706 614 16 20 0.021380601 
534 247 9 11 0.02137973 
311 356 9 11 0.021378154 
376 318 10 12 0.021371746 
242 359 13 19 0.021365417 
320 160 18 21 0.021358987 
479 175 9 11 0.021354103 
206 482 14 19 0.021340685 
176 93 9 11 0.021317689 
463 55 8 9 0.02130036 
398 63 19 26 0.021294812 
120 154 11 14 0.021290908 
775 56 8 10 0.02128303 
951 552 15 19 0.021271853 
399 429 10 15 0.021268614 
501 227 11 13 0.021241799 
378 66 19 23 0.021218833 
124 260 13 15 0.021216815 
281 399 9 14 0.021198126 
828 435 14 19 0.021172836 
661 529 15 19 0.021163648 
679 236 10 13 0.021154547 
305 530 14 19 0.021141808 
493 362 11 15 0.021136152 
558 261 9 13 0.021121668 
432 24 6 8 0.021121541 
109 167 10 12 0.021120733 
605 379 13 16 0.02111672 
328 65 7 9 0.021107627 
190 50 18 23 0.021096503 
537 71 8 9 0.021090643 
350 633 16 20 0.02108872 
407 127 8 10 0.021084538 
97 112 8 12 0.021082636 
343 181 11 13 0.021077657 
590 200 8 10 0.021074584 
485 332 12 15 0.021072716 
292 444 16 20 0.0210551 
728 142 8 12 0.021049595 
417 391 20 25 0.02103163 
382 8 8 8 0.021031253 
811 455 15 19 0.02102958 
208 159 17 22 0.021018317 
458 647 15 20 0.021010732 
269 192 19 23 0.02100773 
577 249 17 22 0.021005886 
628 403 14 18 0.020985277 
442 291 12 16 0.020970281 
837 356 13 17 0.020960325 
479 326 11 13 0.020957265 
448 230 8 11 0.020938948 
513 160 8 9 0.020929018 
182 15 9 10 0.020919742 
214 181 11 14 0.020911358 
508 545 14 19 0.020911016 
888 143 21 25 0.020896418 
746 88 20 25 0.020873176 
363 524 15 20 0.020872675 
472 316 9 13 0.020871835 
694 71 8 11 0.02086376 
114 469 13 17 0.020837827 
685 94 10 13 0.020809129 
368 373 10 13 0.020806627 
625 44 9 12 0.02080277 
553 323 12 15 0.020795116 
656 119 10 11 0.020771438 
759 325 11 15 0.020770961 
424 16 7 9 0.020762773 
372 96 19 24 0.02075302 
759 393 12 16 0.02074023 
383 15 7 9 0.02073882 
340 635 14 18 0.020728953 
590 590 15 20 0.020715773 
437 324 11 14 0.020712094 
519 133 7 9 0.020697178 
547 439 15 18 0.020681491 
161 31 7 8 0.02067678 
391 72 7 9 0.020657225 
644 178 18 23 0.020623574 
536 79 8 9 0.020622583 
671 14 10 12 0.020615488 
315 633 17 22 0.020610634 
424 287 9 13 0.02060653 
845 388 11 15 0.02059074 
305 143 9 11 0.020558374 
519 303 9 12 0.020556439 
118 385 20 25 0.020551607 
209 720 15 19 0.02055015 
92 460 11 15 0.02054516 
682 669 26 32 0.020543955 
335 27 17 23 0.020535182 
633 148 8 11 0.020518912 
502 264 19 23 0.020518078 
820 325 12 15 0.020497294 
669 261 10 13 0.02048945 
222 166 9 13 0.020482387 
813 420 11 14 0.020475928 
239 112 19 22 0.020468382 
754 674 17 20 0.02046236 
740 349 13 15 0.02044373 
423 230 11 13 0.020412548 
266 107 18 22 0.020412005 
734 459 14 17 0.020405969 
136 104 7 9 0.02037306 
642 418 14 18 0.020364033 
327 637 23 28 0.02035771 
601 182 9 12 0.02035486 
741 120 8 10 0.020340532 
550 285 10 14 0.020335779 
519 38 8 10 0.020331306 
973 567 15 20 0.020309445 
89 118 9 12 0.020304136 
788 415 13 16 0.020303935 
500 476 13 16 0.020289741 
524 387 14 17 0.020277975 
671 294 10 13 0.020275054 
110 550 13 16 0.020270247 
592 626 15 19 0.020219907 
429 331 11 14 0.020216092 
63 210 12 16 0.020211332 
454 176 18 23 0.02020612 
548 365 11 15 0.020189181 
734 185 8 9 0.02018621 
890 610 16 19 0.020177137 
840 166 11 14 0.020157954 
51 211 12 15 0.02015221 
400 65 7 8 0.020138476 
820 92 9 12 0.020135183 
713 209 9 11 0.02012212 
383 65 8 9 0.020121865 
899 331 12 16 0.02011931 
588 12 9 10 0.02011368 
807 451 13 17 0.020100508 
351 234 15 18 0.0200985 
692 52 9 11 0.020090971 
831 348 11 14 0.0200775 
173 171 12 15 0.02007737 
585 28 10 12 0.020051595 
751 341 11 13 0.020043787 
795 505 15 20 0.020035664 
1004 402 11 15 0.020032857 
66 638 23 29 0.020023134 
573 361 13 18 0.02002267 
327 436 12 16 0.02001764 
438 429 13 17 0.020015292 
437 247 18 23 0.020010894 
