10_People_Marching_People_Marching_2_823
88
372 189 184 271 0.99940526 
229 414 25 33 0.7784796 
945 492 23 29 0.7146116 
799 444 26 32 0.6764201 
989 462 13 16 0.32421672 
681 961 194 259 0.21457195 
995 461 11 15 0.14982305 
844 451 14 18 0.13720438 
741 473 16 20 0.13470355 
1012 452 12 19 0.124834955 
971 461 10 14 0.09921827 
207 409 27 30 0.0803041 
945 454 23 29 0.07576477 
821 485 13 18 0.07449127 
255 436 43 52 0.07333625 
186 443 46 51 0.06872086 
210 405 40 47 0.06666319 
791 503 33 41 0.06524283 
877 464 13 16 0.05980995 
780 435 14 18 0.051393352 
847 484 12 15 0.04820973 
790 454 30 32 0.046811115 
735 475 15 18 0.046057567 
998 455 11 15 0.045525964 
666 463 22 27 0.044183362 
919 477 19 26 0.044086594 
284 1077 115 192 0.0440776 
85 336 12 18 0.04303219 
378 850 13 16 0.041352406 
204 460 16 18 0.040997513 
902 480 10 13 0.040601507 
788 438 28 34 0.040338825 
949 471 16 21 0.03895124 
585 881 340 389 0.03714486 
700 483 11 14 0.036398597 
908 483 13 17 0.03626486 
953 483 16 21 0.03598465 
227 409 19 24 0.03360328 
654 459 25 29 0.033396434 
840 459 12 16 0.03329302 
896 484 12 15 0.032993842 
203 410 19 22 0.03272947 
404 1182 15 20 0.031052122 
791 939 9 11 0.029757697 
1007 455 13 18 0.029467488 
711 483 12 15 0.028768329 
852 488 13 17 0.028725723 
778 437 23 30 0.028083015 
756 466 13 18 0.02765876 
784 468 50 64 0.027618147 
206 452 32 36 0.02671839 
821 513 12 16 0.025714962 
836 491 11 15 0.025489764 
144 449 9 11 0.024934212 
966 456 19 24 0.024817934 
964 503 13 20 0.02473532 
201 395 23 29 0.024470001 
712 579 87 121 0.024407605 
842 514 14 17 0.024300732 
957 454 13 16 0.024104135 
798 468 31 36 0.024069779 
82 448 14 18 0.0239614 
716 479 13 16 0.023911143 
811 479 25 29 0.023846958 
884 467 13 15 0.023696905 
839 485 11 15 0.023665639 
829 490 12 15 0.023308113 
228 441 51 60 0.023139216 
690 461 12 13 0.02257975 
846 465 12 16 0.022460764 
708 389 197 246 0.02230788 
848 481 23 27 0.022217235 
674 461 14 17 0.022154283 
694 479 14 17 0.021947162 
943 491 38 47 0.021783916 
966 456 11 14 0.02144569 
911 490 12 18 0.02110825 
875 453 15 17 0.021101896 
807 460 19 23 0.021077018 
838 465 11 15 0.021020232 
806 487 30 39 0.02085997 
240 410 18 23 0.020834042 
990 456 13 15 0.020697346 
382 746 14 16 0.020653887 
782 449 26 31 0.020637337 
973 455 10 13 0.020552855 
217 394 16 20 0.020360086 
834 458 23 27 0.02029689 
