10_People_Marching_People_Marching_2_27
100
363 182 28 36 0.99471503 
860 206 27 33 0.9906551 
834 230 28 36 0.99025166 
575 191 34 45 0.9895083 
914 212 28 34 0.9744787 
430 185 31 38 0.9684189 
647 182 26 34 0.9668897 
264 192 24 33 0.96312356 
787 229 29 38 0.95974797 
704 201 32 41 0.95942074 
536 196 31 42 0.9527956 
211 202 21 29 0.93721 
35 204 31 36 0.93055373 
483 195 22 28 0.90186566 
19 189 27 32 0.84843516 
519 194 24 32 0.842777 
132 199 27 29 0.81400245 
916 262 34 49 0.7431001 
610 206 29 35 0.62437624 
305 180 34 41 0.5717017 
26 196 30 36 0.4427707 
462 150 23 31 0.3286473 
649 216 29 35 0.3268426 
201 46 43 59 0.23903523 
0 190 13 26 0.22215012 
761 234 15 22 0.17994955 
210 189 14 17 0.17937219 
879 179 27 28 0.16731797 
647 199 28 38 0.16383971 
266 238 12 15 0.15641361 
911 230 29 36 0.13443603 
809 307 53 65 0.11612746 
124 203 15 20 0.11226977 
549 191 37 47 0.111458726 
539 179 17 19 0.107792184 
772 204 25 29 0.09772547 
923 274 48 49 0.0947532 
848 223 29 36 0.085598014 
801 229 25 36 0.07758919 
762 225 25 35 0.07059369 
909 246 34 49 0.067482695 
615 203 21 22 0.06540693 
206 193 22 29 0.064374916 
319 180 39 50 0.06354066 
267 190 14 19 0.06294996 
301 475 15 20 0.05453558 
544 185 19 23 0.054080814 
990 214 14 22 0.052572433 
531 186 28 34 0.052538045 
465 140 17 19 0.04871632 
775 220 31 40 0.04770205 
708 186 25 31 0.04481826 
213 61 13 15 0.044727646 
814 267 28 33 0.044546198 
166 172 14 16 0.043793783 
628 205 34 43 0.04357275 
610 213 42 46 0.042733822 
573 180 29 34 0.04270398 
842 395 83 124 0.03870399 
454 162 28 34 0.038136113 
590 195 37 46 0.037969723 
205 68 12 14 0.037833456 
568 150 25 30 0.036928155 
352 160 15 18 0.036726177 
707 129 15 20 0.035307337 
822 242 30 37 0.034742378 
873 187 25 30 0.034417905 
956 268 45 51 0.033297647 
122 202 26 33 0.032679737 
162 184 27 32 0.030995129 
442 189 38 48 0.03073484 
569 14 8 11 0.029795313 
721 214 17 22 0.028351251 
341 184 26 35 0.02824036 
0 184 10 17 0.028089331 
341 122 26 28 0.027144304 
335 118 39 49 0.026977297 
842 5 42 57 0.026973873 
818 231 27 36 0.026629446 
347 184 16 22 0.026088707 
463 110 24 27 0.024200458 
714 181 16 20 0.024153545 
282 233 31 38 0.023988258 
154 207 16 20 0.023987174 
319 185 20 25 0.023618747 
271 186 36 50 0.022807827 
4 194 28 38 0.022653488 
981 284 15 21 0.022628916 
975 209 10 15 0.022331316 
414 204 34 37 0.021872474 
984 203 23 37 0.02152877 
588 395 129 164 0.021465454 
644 214 16 21 0.021375896 
151 190 26 31 0.021274995 
901 447 27 46 0.021254625 
803 244 42 51 0.021167751 
464 125 23 28 0.02063744 
695 106 30 39 0.020374408 
24 182 17 18 0.020337284 
598 317 14 17 0.020040553 
