10_People_Marching_People_Marching_2_307
96
506 139 102 134 0.99943215 
658 224 49 62 0.9899609 
252 181 83 108 0.96937245 
75 190 69 80 0.96277326 
872 171 29 42 0.35542643 
0 433 40 82 0.35321146 
125 31 49 63 0.2654829 
783 404 26 30 0.24249077 
689 140 12 16 0.1635966 
795 291 15 18 0.14878209 
908 633 16 20 0.13302694 
780 277 11 14 0.13166675 
740 246 12 15 0.1137963 
723 232 21 29 0.11059187 
56 218 73 87 0.0999255 
782 407 13 17 0.09171552 
110 19 82 109 0.091378145 
712 234 22 29 0.07821349 
936 191 91 188 0.07494656 
835 175 14 18 0.07383118 
303 26 12 15 0.06814396 
705 296 27 31 0.062171515 
732 241 15 19 0.0612462 
634 213 28 43 0.061162725 
791 296 14 17 0.059224278 
847 400 12 16 0.05878337 
726 327 22 26 0.055907104 
808 262 12 15 0.055138223 
786 409 34 39 0.054237857 
812 441 16 22 0.052928682 
739 392 36 40 0.05045731 
107 10 54 70 0.049635507 
741 295 13 17 0.049124863 
701 166 21 27 0.045668326 
837 168 13 17 0.045534953 
745 269 11 13 0.04136112 
726 232 13 17 0.040695332 
791 420 39 48 0.040028784 
726 322 16 21 0.03838902 
831 323 13 17 0.038093954 
120 48 32 42 0.03648359 
759 174 24 28 0.035283867 
618 270 40 53 0.034726847 
768 300 12 15 0.03384245 
832 350 10 14 0.033619415 
855 178 30 37 0.033016667 
758 319 15 19 0.03231956 
731 412 44 44 0.031995855 
53 3 92 102 0.031628575 
782 197 14 16 0.031585827 
135 68 57 82 0.03138175 
123 51 16 20 0.031197388 
874 171 17 24 0.029843826 
808 406 24 29 0.029500153 
846 410 15 19 0.029351128 
627 164 11 14 0.028880052 
860 484 16 19 0.02836533 
772 329 26 34 0.028313432 
649 338 26 34 0.028304014 
728 441 35 38 0.028289558 
642 220 35 45 0.027940609 
756 261 10 11 0.027253794 
964 223 51 123 0.026958846 
838 170 24 28 0.026798422 
148 15 47 64 0.026592413 
771 187 13 15 0.02545241 
760 203 10 12 0.025189871 
587 176 16 22 0.025080686 
790 213 9 13 0.024546605 
796 304 12 15 0.024272628 
822 408 15 20 0.023982765 
776 272 19 24 0.023669949 
775 205 13 16 0.023581373 
880 470 12 15 0.023369368 
630 259 29 40 0.023019737 
712 337 14 17 0.02301845 
780 208 12 16 0.023000535 
170 66 32 49 0.022819227 
782 285 21 27 0.022655925 
295 27 14 16 0.022252241 
748 404 46 51 0.022093017 
764 275 12 14 0.021839015 
627 207 25 37 0.021543022 
697 278 42 55 0.021480959 
774 399 24 31 0.021431776 
718 180 10 14 0.021312062 
681 174 9 12 0.021291101 
764 299 22 26 0.021278106 
775 195 11 14 0.021134043 
802 285 13 15 0.021086534 
720 338 27 29 0.020821204 
766 294 11 15 0.020652412 
769 187 24 28 0.020628313 
759 73 27 30 0.020540409 
785 343 17 22 0.020502524 
748 165 11 14 0.020102901 
