10_People_Marching_People_Marching_10_People_Marching_People_Marching_10_848
94
131 186 32 42 0.9993279 
759 130 54 71 0.9984073 
644 166 43 57 0.9969199 
244 216 34 45 0.9966695 
484 156 41 57 0.9964988 
364 197 42 52 0.9824837 
988 192 37 56 0.9633781 
726 181 29 40 0.54886675 
102 237 24 29 0.37803277 
582 199 29 42 0.14238192 
894 402 16 20 0.10039957 
76 260 26 32 0.08497899 
22 233 16 25 0.082265034 
593 192 41 48 0.07212758 
420 164 36 51 0.05637834 
291 514 17 23 0.056045197 
525 167 34 42 0.053369895 
11 228 25 36 0.053216033 
575 440 56 72 0.05290756 
549 430 95 126 0.05286845 
531 114 27 32 0.051219996 
156 534 15 18 0.050924424 
164 138 11 15 0.048693288 
565 393 18 21 0.046523556 
307 121 15 21 0.042226497 
88 242 26 37 0.041516628 
551 468 11 14 0.041464303 
719 197 34 45 0.040503662 
-3 522 60 86 0.039415956 
453 454 11 15 0.03887113 
924 29 11 14 0.03808967 
1 147 27 46 0.03808511 
732 180 18 25 0.037550118 
587 459 13 16 0.03558694 
164 270 34 39 0.035220314 
528 105 25 27 0.034453265 
519 427 13 16 0.03395182 
43 201 23 26 0.033187564 
140 157 13 14 0.031171339 
452 446 11 13 0.030825129 
106 230 17 20 0.029805982 
620 435 45 57 0.028541753 
542 430 10 13 0.02795107 
519 461 11 13 0.027495114 
617 174 41 52 0.027474824 
522 101 16 19 0.027400061 
940 219 48 55 0.027172918 
836 21 12 14 0.026980132 
1002 39 9 12 0.026905276 
536 429 10 12 0.026590468 
679 60 11 15 0.02656062 
399 87 9 12 0.026392123 
611 439 32 36 0.02622568 
69 271 42 51 0.026000239 
166 210 23 35 0.025524842 
981 41 10 13 0.025376737 
723 127 25 30 0.025122205 
537 102 19 22 0.024760999 
903 6 11 13 0.024708949 
839 63 13 16 0.024696147 
393 208 33 45 0.024693716 
719 117 43 61 0.024568608 
519 467 12 15 0.024383374 
461 453 10 13 0.024359269 
317 540 12 16 0.024357712 
909 4 11 13 0.024173934 
573 453 16 17 0.023439944 
525 469 11 15 0.023426646 
860 161 16 21 0.023318887 
131 0 50 60 0.023306403 
452 436 12 14 0.022908917 
763 456 215 259 0.02261145 
829 24 13 16 0.02253825 
123 238 17 22 0.022344412 
863 151 11 14 0.022326915 
545 469 10 14 0.022157723 
793 92 11 13 0.021939555 
460 430 12 14 0.02188779 
532 476 10 13 0.02183825 
478 382 13 16 0.021828743 
1014 62 8 12 0.021751668 
543 337 15 18 0.021622568 
564 470 10 13 0.021585645 
555 369 37 47 0.021413699 
96 236 42 47 0.02134103 
812 127 50 63 0.02133503 
159 202 26 33 0.021053025 
193 549 10 12 0.020757264 
351 472 11 14 0.02069432 
525 453 11 15 0.020678356 
661 104 16 21 0.020376405 
639 438 31 37 0.020309431 
313 431 8 10 0.020103015 
144 270 55 61 0.020047707 
