10_People_Marching_People_Marching_2_131
35
684 259 32 42 0.99936444 
449 239 34 40 0.99935883 
326 215 36 44 0.9988097 
408 296 37 48 0.99880946 
840 328 34 41 0.99864465 
729 323 36 42 0.99837303 
283 313 35 45 0.9981523 
143 304 37 48 0.99784946 
622 316 35 44 0.99773633 
342 389 36 47 0.9972084 
513 306 35 41 0.9970728 
564 269 33 41 0.9965855 
613 373 38 51 0.996219 
202 373 40 44 0.99531674 
470 366 44 54 0.9952041 
738 401 37 47 0.99356246 
397 519 25 32 0.08249587 
608 772 16 20 0.069738 
484 270 19 24 0.051128402 
611 300 29 33 0.049028553 
604 308 27 36 0.0486294 
790 383 130 202 0.040412143 
660 295 22 29 0.036449544 
512 123 13 17 0.030732792 
462 119 10 12 0.030053334 
430 257 24 31 0.028203422 
435 266 13 18 0.027902914 
680 399 30 39 0.027658675 
313 220 30 40 0.027147489 
536 485 35 40 0.026135778 
510 119 11 12 0.023217073 
388 311 26 38 0.021723358 
541 123 11 14 0.021028373 
375 250 37 47 0.020927545 
604 774 26 33 0.020749314 
