10_People_Marching_People_Marching_2_898
142
678 587 55 65 0.9913668 
511 709 50 58 0.9888898 
259 792 56 66 0.97834456 
795 653 32 34 0.65194464 
342 775 21 30 0.20637996 
383 687 16 21 0.20322564 
788 652 49 59 0.19118151 
804 597 26 31 0.19025566 
668 886 38 40 0.16899431 
325 720 16 21 0.16827299 
483 874 100 122 0.14821662 
879 655 28 34 0.1452261 
798 552 16 21 0.13172084 
635 760 26 28 0.1295818 
545 660 24 32 0.120366804 
872 536 18 20 0.104541406 
325 651 12 15 0.101533405 
868 660 27 37 0.09620238 
556 613 18 22 0.09548306 
868 577 21 29 0.089965515 
330 712 16 21 0.08938689 
817 607 29 38 0.08810143 
615 728 28 36 0.08741022 
586 632 16 19 0.084698275 
916 588 14 17 0.0840763 
444 702 13 15 0.077380285 
423 752 28 34 0.07407074 
661 899 50 61 0.07159158 
628 912 48 58 0.06827243 
226 758 89 91 0.06810956 
587 576 11 12 0.06572259 
445 788 30 34 0.061619043 
243 682 15 18 0.056501813 
654 615 33 39 0.05451456 
876 661 16 22 0.0536677 
383 778 35 37 0.053438418 
325 614 10 12 0.052649204 
606 572 10 12 0.051944308 
861 667 26 39 0.051437493 
284 643 11 14 0.051317997 
411 750 26 33 0.050438195 
554 661 15 19 0.04878462 
548 652 13 16 0.04276828 
407 701 13 15 0.042448908 
217 728 57 55 0.041597065 
320 707 22 29 0.04118157 
942 674 15 19 0.040873747 
381 660 10 13 0.040607452 
834 622 17 24 0.04056597 
693 850 64 86 0.040529665 
361 692 10 14 0.03985709 
390 672 9 11 0.037975524 
596 798 16 20 0.03695189 
798 600 16 21 0.036337223 
381 773 15 17 0.036181077 
801 550 24 28 0.035813574 
375 654 10 14 0.035223864 
325 691 15 18 0.034098085 
784 841 51 71 0.0338556 
394 773 14 16 0.033788774 
424 127 200 212 0.033715248 
204 763 60 74 0.033531014 
393 785 214 233 0.033208877 
338 739 15 20 0.03300247 
563 666 13 17 0.032984793 
825 588 28 36 0.032954823 
249 697 27 31 0.032909118 
389 675 12 15 0.032470103 
333 684 11 13 0.032411274 
210 629 14 17 0.032373104 
224 669 47 52 0.031468254 
407 753 15 20 0.031189313 
842 675 29 37 0.031049017 
421 762 38 45 0.030835424 
328 764 43 56 0.03022666 
859 580 18 24 0.02987279 
379 769 29 30 0.029859358 
816 656 17 23 0.02980426 
598 712 40 48 0.029719615 
249 685 22 29 0.029354021 
580 638 16 20 0.0287928 
911 590 22 25 0.028648011 
233 675 26 31 0.028273834 
670 875 64 77 0.028256133 
322 692 25 32 0.028096085 
724 823 95 113 0.027945599 
388 607 9 12 0.027914267 
384 629 9 11 0.027741235 
403 707 15 17 0.027620658 
875 651 15 22 0.02746301 
641 635 30 37 0.02730463 
394 764 30 33 0.027265381 
874 585 27 35 0.026989408 
593 633 16 20 0.02692878 
605 688 41 53 0.02690143 
217 672 29 36 0.025926176 
403 779 14 18 0.025845014 
282 664 14 20 0.025805127 
254 648 16 20 0.025439091 
444 727 28 33 0.024766361 
364 722 14 17 0.024754012 
320 648 20 24 0.024562998 
422 582 11 13 0.024390629 
387 620 11 15 0.024321545 
426 766 18 22 0.024280932 
415 582 10 12 0.024234071 
328 687 11 14 0.02409405 
375 688 15 20 0.023989419 
343 661 10 12 0.023592087 
932 663 26 33 0.02347152 
701 597 52 64 0.02337783 
330 728 16 18 0.0233408 
935 738 16 22 0.023307897 
360 622 10 12 0.023196438 
211 802 16 22 0.023188367 
927 645 28 38 0.022967342 
831 588 39 48 0.022922637 
462 916 65 78 0.022562297 
383 679 12 14 0.022510577 
612 571 11 13 0.022156566 
625 746 29 35 0.022079268 
443 712 14 17 0.021907238 
573 659 11 16 0.021675156 
278 690 14 17 0.021408832 
893 654 32 35 0.021361155 
600 568 11 12 0.021328136 
621 701 40 52 0.021170778 
358 723 12 15 0.021091055 
285 650 14 18 0.020979628 
334 711 362 410 0.020969223 
598 686 32 37 0.020875525 
546 646 13 15 0.020650946 
444 635 16 22 0.020562751 
864 701 11 16 0.02042136 
759 849 55 70 0.020407595 
889 668 21 23 0.020388234 
386 612 12 16 0.020362288 
321 648 11 13 0.020289453 
398 779 34 40 0.020288795 
442 761 14 19 0.020254407 
293 676 13 18 0.020239476 
588 650 15 18 0.020128218 
