10_People_Marching_People_Marching_2_34
3104
624 717 34 43 0.99933344 
994 721 31 42 0.9958281 
714 702 23 30 0.9943908 
589 688 25 31 0.9912907 
670 708 22 32 0.98569494 
525 710 31 38 0.9823147 
165 633 13 16 0.97127604 
397 657 17 22 0.96394354 
455 637 12 15 0.9623413 
101 683 16 19 0.9609156 
174 689 14 19 0.95479584 
341 643 13 16 0.9359251 
866 722 28 33 0.9262021 
38 684 15 18 0.9253006 
835 670 21 28 0.912788 
403 720 18 27 0.9093121 
85 734 22 28 0.8746161 
370 642 12 16 0.8550213 
513 687 22 31 0.83667034 
811 642 12 16 0.8264837 
662 669 16 18 0.7944559 
244 643 12 16 0.77102953 
263 671 9 12 0.7628442 
751 611 10 13 0.7435266 
950 667 14 19 0.7242921 
249 581 9 12 0.7164106 
714 659 14 18 0.6158887 
305 715 18 25 0.6147189 
449 684 14 18 0.6128419 
32 621 10 12 0.604032 
342 574 8 10 0.59713495 
127 606 8 11 0.584636 
307 625 11 15 0.56472206 
276 584 9 11 0.56437117 
821 611 10 13 0.5471104 
189 575 9 11 0.5357601 
63 637 13 16 0.5266113 
92 619 11 13 0.51105624 
101 557 8 11 0.5004118 
80 599 10 12 0.49294728 
141 682 14 18 0.48856273 
838 611 12 15 0.4746007 
605 623 8 12 0.46744555 
463 660 13 17 0.45377722 
424 694 11 15 0.45093647 
218 671 13 16 0.45080727 
37 648 14 17 0.44865745 
384 671 15 20 0.42865086 
294 568 9 11 0.42261118 
465 592 8 10 0.41547817 
623 629 9 11 0.40429878 
377 583 7 9 0.38207826 
888 683 18 22 0.37849388 
578 612 9 13 0.36784002 
780 659 15 21 0.36642042 
665 612 10 12 0.35109824 
822 591 8 10 0.35087416 
341 607 11 14 0.34885135 
705 681 16 20 0.34614104 
445 590 8 10 0.34572452 
745 552 8 11 0.34174284 
552 623 10 12 0.33601645 
815 588 9 11 0.33449715 
536 599 7 10 0.33054155 
301 678 15 18 0.32439947 
301 589 8 10 0.32340175 
527 690 24 32 0.31811506 
102 606 8 11 0.31737983 
958 568 9 11 0.31565973 
374 416 7 9 0.31199795 
995 542 12 16 0.30791757 
379 558 7 10 0.305672 
361 549 9 11 0.305413 
799 573 8 10 0.30453894 
761 747 27 29 0.30373982 
437 630 9 10 0.3001454 
664 532 8 11 0.2996411 
318 644 10 15 0.29959032 
999 655 11 16 0.29824603 
205 582 8 11 0.29741994 
534 624 9 12 0.29725462 
898 566 9 11 0.2959998 
315 688 13 20 0.29573086 
591 643 8 11 0.29323065 
507 645 11 13 0.29284328 
964 596 12 15 0.2926805 
942 597 13 16 0.29066595 
888 478 7 10 0.28902557 
71 565 9 11 0.2878899 
119 572 8 10 0.28533685 
474 423 7 9 0.27918616 
459 528 8 10 0.2777902 
638 669 13 17 0.26868165 
776 630 10 12 0.26404735 
971 648 16 22 0.25751215 
617 544 7 10 0.25425643 
415 598 9 11 0.2533704 
864 480 7 10 0.25329182 
855 633 13 16 0.250571 
760 527 7 9 0.2489343 
629 693 22 26 0.24780844 
784 548 7 9 0.24560867 
247 563 9 12 0.2455922 
128 454 7 9 0.24556665 
594 575 7 11 0.24550593 
321 565 8 11 0.24456978 
841 480 7 9 0.24311383 
192 566 9 10 0.24108136 
525 583 8 11 0.23759112 
776 399 8 10 0.23399489 
280 564 10 12 0.23315495 
268 612 11 14 0.23142296 
975 444 7 11 0.23062657 
750 553 7 9 0.23037721 
925 658 16 25 0.22946016 
110 510 8 10 0.22704472 
325 565 8 10 0.22569433 
336 549 7 10 0.2239434 
488 599 8 11 0.22389765 
326 560 8 11 0.22049743 
764 591 8 10 0.21979383 
656 652 13 16 0.21669532 
646 492 8 10 0.21578811 
73 604 9 12 0.21433848 
582 608 9 12 0.21326107 
366 567 7 9 0.20995046 
224 544 7 9 0.2094086 
283 487 7 9 0.2077777 
350 533 8 10 0.20738758 
424 576 7 9 0.20716302 
874 518 7 10 0.20412846 
360 544 8 10 0.2036238 
498 591 8 10 0.20314799 
225 495 7 9 0.20167834 
679 481 7 10 0.20121874 
1011 587 10 14 0.20033526 
904 455 7 10 0.19952667 
257 590 9 13 0.19941515 
458 582 7 10 0.19937553 
149 463 8 10 0.19918999 
912 549 8 10 0.19899742 
735 583 8 10 0.19882283 
778 588 9 11 0.19753382 
505 623 10 13 0.19547318 
160 493 7 9 0.19486032 
423 439 8 11 0.19463825 
458 458 7 8 0.19181205 
842 445 8 11 0.18971677 
278 543 7 9 0.18915503 
12 622 9 11 0.18910626 
1014 533 9 13 0.18831317 
104 645 12 16 0.18585792 
697 568 7 9 0.1853702 
559 612 9 12 0.18453236 
991 523 11 12 0.18331243 
770 480 8 9 0.18216169 
611 666 13 15 0.18181013 
199 526 8 10 0.18121529 
1012 501 9 12 0.18082295 
225 612 9 13 0.18045305 
145 624 10 12 0.18040775 
389 620 12 14 0.17941383 
440 527 6 9 0.17783731 
55 576 9 11 0.17771944 
979 652 13 17 0.17729002 
736 359 9 10 0.17706743 
278 628 9 12 0.17450339 
207 550 7 10 0.17395557 
623 582 8 10 0.17293116 
229 595 10 12 0.17215896 
662 503 8 10 0.17161955 
632 606 7 11 0.17152151 
505 401 7 9 0.17054196 
811 587 8 11 0.17038304 
801 487 7 10 0.17011797 
405 423 7 9 0.16982988 
25 485 8 9 0.16980551 
629 520 8 10 0.16937914 
881 416 7 10 0.16923425 
864 430 7 9 0.16900226 
425 619 9 11 0.16822936 
399 472 7 9 0.16822174 
640 445 7 9 0.16784152 
385 590 7 10 0.16761175 
408 550 7 9 0.16732995 
324 646 11 14 0.16696315 
432 391 8 9 0.16661803 
342 591 8 10 0.16541253 
23 540 9 11 0.16467671 
313 470 8 10 0.16465534 
273 543 9 11 0.16380976 
521 454 7 9 0.16367918 
914 521 7 10 0.16274965 
502 599 8 11 0.1624454 
591 580 9 11 0.1619783 
286 559 8 10 0.1612508 
521 647 9 12 0.16119036 
785 431 6 9 0.15957956 
66 560 9 11 0.15939933 
803 390 7 9 0.1584388 
623 600 7 11 0.15837191 
279 456 7 10 0.1580664 
815 504 8 9 0.15711896 
463 568 8 10 0.15677778 
265 486 8 10 0.15632902 
557 502 8 10 0.15630196 
750 496 7 10 0.15549526 
853 726 27 33 0.15529865 
753 575 7 11 0.15488352 
813 585 9 11 0.15473449 
440 409 7 9 0.1541844 
511 406 8 9 0.15405248 
837 368 8 9 0.15369785 
513 525 8 10 0.15366994 
921 576 9 11 0.15277211 
830 432 7 9 0.15242876 
383 622 10 13 0.15214951 
253 645 11 16 0.14990677 
586 476 7 10 0.14951502 
241 638 12 15 0.14935291 
990 600 13 17 0.14923117 
785 469 7 9 0.14902964 
376 623 9 12 0.14897972 
574 384 7 10 0.14874087 
245 600 8 10 0.14827164 
1007 629 11 13 0.14815402 
866 416 7 8 0.14713867 
756 608 10 13 0.14693005 
559 591 10 13 0.14683652 
730 470 8 10 0.14670339 
752 683 17 20 0.14631794 
566 589 7 10 0.14554669 
838 500 8 11 0.14427216 
260 595 9 11 0.14416896 
79 464 6 9 0.14373247 
422 532 7 10 0.14333642 
632 613 8 10 0.14310157 
450 400 6 9 0.14274594 
846 646 14 17 0.14242221 
77 635 12 15 0.1423261 
63 630 11 14 0.14223795 
308 682 15 21 0.14211549 
417 528 8 10 0.14170986 
391 472 7 10 0.14157942 
749 513 7 10 0.13976304 
163 472 6 9 0.13974637 
816 575 7 8 0.13954847 
312 642 12 16 0.1393983 
389 637 11 13 0.13912775 
555 384 6 8 0.1389263 
840 584 8 10 0.13856053 
472 621 10 12 0.13764352 
825 463 8 10 0.13758047 
386 473 7 11 0.13747926 
296 585 9 11 0.13721827 
866 558 8 10 0.13669088 
830 462 7 10 0.13649715 
637 582 8 10 0.136115 
350 608 9 12 0.13555644 
462 456 7 9 0.13526711 
228 732 12 16 0.13524719 
562 710 26 36 0.13494635 
677 568 8 10 0.13494499 
153 439 8 9 0.13474412 
7 525 8 10 0.13442253 
657 559 9 13 0.13436115 
219 505 7 9 0.13381921 
560 676 17 20 0.13362971 
16 520 9 11 0.13256286 
255 441 6 9 0.13252984 
675 519 6 9 0.131763 
360 415 7 9 0.13164172 
619 630 8 11 0.13162524 
849 520 8 10 0.13131018 
665 488 7 9 0.13115145 
577 599 8 10 0.1311491 
454 549 7 9 0.13095188 
431 548 7 10 0.13032778 
936 516 8 11 0.13003446 
768 448 7 10 0.12997338 
326 440 7 10 0.12992646 
535 566 8 9 0.129839 
174 716 13 21 0.12957598 
1002 659 13 18 0.12919806 
465 447 7 8 0.12898774 
338 606 9 12 0.12875591 
517 504 7 10 0.12834924 
98 439 7 9 0.12797597 
894 638 15 19 0.12779582 
624 511 7 9 0.12720914 
990 627 12 15 0.1271262 
13 583 9 11 0.12695174 
774 479 7 9 0.12691304 
598 391 7 9 0.12650044 
492 657 13 19 0.12641187 
672 452 7 10 0.1263821 
608 495 8 9 0.12622263 
473 428 8 10 0.12621461 
406 431 7 10 0.12620355 
457 422 7 9 0.1261361 
657 576 7 10 0.12541889 
328 543 8 10 0.12535216 
586 375 7 9 0.1250784 
423 445 8 10 0.12463327 
589 477 8 10 0.12448379 
417 533 8 10 0.124309845 
344 688 22 26 0.12416112 
313 613 10 12 0.12372874 
279 399 7 8 0.12318014 
16 573 8 10 0.123093285 
1 464 8 12 0.123068064 
192 376 7 8 0.12262895 
423 418 7 9 0.12256284 
407 599 8 10 0.12243827 
908 589 10 13 0.12235533 
442 590 8 11 0.12141333 
658 505 7 9 0.12117972 
592 496 6 10 0.12110625 
218 390 7 9 0.12075593 
862 649 13 18 0.12075355 
227 676 14 19 0.120682925 
707 590 8 11 0.12055742 
594 392 7 9 0.12052868 
49 533 9 11 0.11955235 
503 432 7 9 0.11939902 
392 527 7 9 0.11894928 
198 518 8 10 0.11868874 
807 511 7 9 0.11832567 
169 566 9 11 0.118293494 
785 424 7 9 0.11815744 
66 449 6 8 0.11815107 
777 404 8 10 0.11783783 
896 571 12 13 0.11772571 
686 551 8 10 0.117685266 
621 650 13 16 0.1176372 
296 496 7 8 0.117554754 
632 583 8 10 0.11720442 
704 598 8 10 0.11688292 
342 447 7 8 0.11681869 
425 432 8 10 0.11671839 
962 603 11 13 0.116433166 
791 406 8 10 0.11624951 
329 731 18 21 0.11619221 
7 446 8 11 0.11608015 
616 471 7 9 0.116030395 
209 454 6 8 0.115907684 
849 416 7 9 0.11587534 
137 510 8 10 0.1157469 
1014 570 10 14 0.1155029 
425 549 7 9 0.115486525 
674 572 8 10 0.11460264 
734 471 7 9 0.11440677 
63 622 9 11 0.114342526 
473 552 7 8 0.11388128 
464 407 7 9 0.11348639 
1012 605 10 14 0.11346438 
856 487 7 9 0.11330044 
517 525 8 10 0.11320156 
293 603 9 12 0.11319576 
377 440 6 8 0.113084495 
656 509 7 9 0.11296061 
448 613 9 12 0.11293594 
792 401 7 9 0.11279288 
781 584 7 10 0.11274892 
824 485 8 10 0.11174264 
719 581 8 10 0.11137836 
520 391 7 9 0.11119808 
535 430 7 9 0.11115176 
678 521 8 9 0.11092674 
414 478 7 10 0.11089508 
432 590 8 11 0.11041747 
617 581 7 10 0.1100379 
829 456 8 9 0.109935775 
152 592 8 11 0.109549664 
495 653 11 15 0.108933434 
663 464 6 8 0.10872038 
77 567 8 10 0.10870452 
529 414 8 10 0.10828759 
1007 567 11 15 0.107726045 
639 565 8 10 0.107100435 
522 653 10 12 0.10704711 
568 424 7 9 0.106978334 
429 617 8 9 0.10696433 
185 470 7 10 0.10691342 
12 548 9 12 0.10684621 
335 545 8 9 0.1068133 
826 431 8 10 0.10616656 
445 659 12 16 0.10608061 
747 656 12 17 0.10604311 
849 400 7 9 0.10604113 
880 422 7 8 0.106008396 
488 440 7 9 0.10589467 
568 536 8 11 0.1058915 
545 567 9 11 0.105463095 
728 510 7 10 0.10515542 
846 480 7 9 0.10498032 
721 534 8 11 0.10483013 
735 531 8 11 0.10476798 
143 650 13 16 0.10458682 
929 566 7 11 0.1045009 
583 679 14 18 0.10415676 
913 525 6 8 0.104143806 
591 589 7 9 0.10411338 
1007 584 11 15 0.10382816 
784 614 10 12 0.10358196 
918 520 8 10 0.10319447 
334 500 8 11 0.1028035 
147 542 8 10 0.10248149 
769 359 7 9 0.10244181 
825 480 8 10 0.10243262 
199 432 7 9 0.10237303 
985 589 11 12 0.102371104 
407 437 7 10 0.10148158 
702 569 7 9 0.10111656 
502 384 9 10 0.10109397 
447 596 8 10 0.10070886 
903 536 7 9 0.100695826 
767 657 12 17 0.10058186 
439 488 8 9 0.100550875 
425 582 7 9 0.10051957 
876 621 9 11 0.10042586 
518 660 11 14 0.10025809 
455 400 7 9 0.099842355 
470 446 7 10 0.0997741 
984 595 13 16 0.09967144 
191 424 7 9 0.099658586 
388 667 15 19 0.09965119 
747 615 8 11 0.099574395 
566 565 7 10 0.099425495 
897 561 9 11 0.09928776 
333 699 16 19 0.09921657 
975 519 10 13 0.099203736 
730 465 7 10 0.09898246 
856 566 8 9 0.098555304 
629 702 29 35 0.098533265 
671 511 6 9 0.09848967 
338 447 7 9 0.09841868 
776 665 14 19 0.098359294 
429 621 9 12 0.098228075 
856 606 9 12 0.09814584 
347 534 8 10 0.097892754 
147 627 11 14 0.097482145 
905 317 10 12 0.09724573 
376 400 7 8 0.097011 
817 608 9 12 0.09682379 
854 423 7 9 0.096820444 
303 668 14 18 0.09650257 
618 599 7 10 0.09648521 
26 559 8 10 0.0964156 
660 564 9 12 0.09637069 
614 495 7 9 0.09603252 
353 447 7 9 0.09594435 
626 518 8 10 0.095813856 
743 438 6 9 0.095692135 
444 584 9 10 0.095575035 
616 653 11 13 0.09545753 
184 606 9 11 0.09529743 
695 679 21 25 0.09512252 
773 326 9 11 0.0950443 
725 621 9 11 0.09485298 
834 558 7 10 0.09475747 
257 426 7 9 0.0947147 
870 430 7 9 0.09464466 
399 559 7 9 0.09463022 
864 461 8 10 0.094584405 
134 496 7 9 0.09452897 
439 414 7 9 0.094528265 
839 399 7 9 0.09452743 
352 589 9 11 0.0943534 
367 440 7 9 0.09427906 
592 382 7 9 0.09418557 
361 408 6 8 0.094087966 
746 495 8 11 0.09399358 
425 472 7 8 0.09397798 
217 543 7 10 0.093822874 
361 439 7 10 0.09382158 
501 650 13 16 0.09376743 
143 517 8 10 0.09376667 
400 432 8 9 0.0936671 
669 532 7 10 0.09354025 
48 637 9 12 0.09352334 
133 607 8 11 0.09351676 
888 416 7 10 0.09351045 
127 556 7 10 0.093398586 
910 504 7 10 0.09335708 
122 551 7 10 0.09325991 
784 391 6 8 0.09289364 
440 533 7 9 0.092881665 
503 453 8 10 0.09281807 
888 472 7 10 0.09275338 
654 544 7 9 0.092403 
680 558 7 9 0.09219173 
902 560 8 11 0.09197833 
802 431 7 10 0.09193655 
650 456 7 9 0.091815494 
497 414 7 9 0.09145314 
177 600 8 11 0.091438316 
150 607 8 11 0.09127068 
305 438 7 8 0.09109385 
504 603 9 11 0.091063 
806 488 7 10 0.0908229 
743 573 8 11 0.09069195 
166 471 7 9 0.09066217 
257 470 8 10 0.090644985 
13 544 8 10 0.09049909 
239 446 6 9 0.09022516 
654 637 9 12 0.090204775 
856 455 8 9 0.09003213 
98 551 9 12 0.090026446 
544 691 22 28 0.08985574 
385 535 8 10 0.089739814 
745 516 7 10 0.08964101 
22 573 8 11 0.089576825 
753 446 6 9 0.08948206 
29 479 8 10 0.08924643 
478 416 8 10 0.08908511 
406 591 8 9 0.08904902 
1006 636 12 15 0.08891496 
313 465 8 9 0.08840089 
446 608 8 10 0.0881533 
304 391 6 9 0.088037424 
486 660 12 20 0.08803018 
343 569 8 10 0.08768716 
14 495 8 9 0.08766661 
737 433 7 8 0.08763519 
511 582 7 9 0.08757805 
733 604 10 13 0.08742492 
929 528 8 10 0.08737388 
34 518 8 10 0.087354146 
661 575 7 10 0.087134816 
854 623 11 14 0.087132275 
134 544 7 9 0.08689485 
879 729 17 22 0.08686046 
473 417 7 9 0.0868363 
824 510 8 10 0.08680874 
274 415 8 9 0.08677033 
258 466 7 8 0.08666158 
319 663 11 14 0.08647683 
627 376 7 9 0.08644051 
105 342 8 10 0.08628853 
126 552 8 10 0.08613531 
151 511 7 9 0.08611201 
520 567 7 10 0.08598565 
626 407 7 9 0.08598402 
634 424 7 9 0.08586455 
267 510 8 11 0.085749455 
721 636 9 11 0.08562401 
248 478 7 10 0.08561744 
230 659 14 17 0.085405126 
866 407 6 9 0.085241966 
806 606 8 11 0.08513796 
571 384 6 9 0.08477861 
768 525 8 11 0.0846852 
497 431 8 9 0.0845773 
144 608 9 10 0.08446851 
901 630 11 14 0.08429154 
743 477 8 11 0.084271744 
825 469 8 10 0.084243305 
158 439 7 9 0.08422149 
425 400 8 10 0.08413436 
304 433 8 9 0.0838784 
735 464 6 9 0.08382399 
314 719 15 22 0.083797164 
544 399 8 10 0.08379275 
221 503 8 10 0.083432205 
274 462 8 9 0.08301264 
737 351 7 9 0.08298118 
287 566 10 11 0.0826294 
318 469 7 9 0.08234056 
286 627 10 13 0.08231026 
504 414 8 10 0.08222165 
880 574 8 11 0.08219399 
391 590 8 10 0.08215734 
704 573 7 10 0.08211102 
553 510 7 9 0.08204805 
850 406 7 9 0.0818875 
495 464 7 10 0.081845894 
833 501 8 10 0.08173543 
784 439 7 9 0.08166191 
664 494 7 9 0.081497535 
191 406 7 10 0.0812909 
206 587 8 12 0.08125133 
855 430 8 10 0.08124197 
630 601 8 10 0.081215255 
271 620 10 13 0.081060156 
23 566 9 11 0.08098504 
174 423 7 10 0.080647476 
520 450 7 9 0.08064036 
113 568 8 10 0.08004173 
726 631 8 11 0.080029584 
705 583 9 10 0.080008246 
222 525 7 10 0.07992715 
482 599 7 10 0.079879455 
257 392 6 9 0.07985966 
553 423 8 10 0.07971867 
441 609 7 9 0.079619385 
770 390 6 9 0.079462714 
38 518 8 11 0.079421274 
370 415 7 9 0.07941025 
47 527 10 12 0.079294145 
384 433 7 9 0.07925036 
439 625 9 11 0.07907508 
191 607 9 12 0.079069205 
169 504 7 9 0.07897575 
880 688 22 24 0.07894918 
774 526 8 10 0.07884745 
925 607 11 14 0.07881871 
734 502 7 9 0.078796655 
32 551 8 11 0.07877889 
591 500 8 10 0.0787371 
825 423 8 10 0.07871998 
896 473 7 8 0.0784996 
791 519 9 11 0.07816336 
496 597 9 12 0.078102484 
103 519 8 9 0.078008085 
537 527 7 9 0.077980414 
200 611 8 12 0.077878244 
834 553 7 9 0.077724785 
415 487 8 10 0.07763248 
111 480 7 10 0.077542424 
496 525 6 9 0.07714933 
463 573 8 10 0.077106856 
929 447 8 9 0.07710219 
582 543 7 7 0.077090025 
904 448 7 9 0.07702071 
758 582 9 11 0.07701159 
30 583 8 10 0.076947406 
488 407 7 9 0.0767963 
848 590 9 11 0.07666182 
785 447 7 8 0.076555505 
807 600 8 9 0.07647536 
460 631 10 13 0.07644787 
103 455 7 9 0.07643212 
619 577 7 10 0.076192975 
687 605 8 11 0.07614274 
633 504 7 9 0.07609385 
865 401 7 9 0.07598637 
318 464 8 10 0.07592545 
359 636 9 12 0.075827815 
656 526 8 11 0.07569995 
447 407 8 9 0.07556642 
623 549 7 9 0.07549768 
589 375 8 10 0.07539031 
568 448 7 9 0.07536307 
274 688 13 19 0.075240806 
784 607 9 11 0.07507981 
678 448 7 10 0.074871376 
340 598 10 12 0.07484598 
210 376 7 8 0.074821755 
629 623 9 11 0.074793376 
10 502 8 11 0.07478717 
712 691 20 28 0.07471749 
990 503 8 10 0.074581034 
273 536 8 10 0.07457407 
912 495 7 8 0.07456739 
71 502 9 10 0.07442868 
896 410 6 8 0.07429751 
96 374 8 10 0.07420608 
655 647 12 14 0.074017845 
464 416 7 9 0.07397624 
454 508 8 10 0.07392581 
320 543 7 9 0.07384321 
250 503 8 10 0.07378373 
5 464 8 11 0.07377433 
313 415 7 8 0.07372309 
221 691 11 13 0.07361082 
448 455 6 9 0.073444165 
465 441 7 9 0.07341682 
430 583 7 8 0.073373 
790 415 7 10 0.07331164 
936 541 8 10 0.07325776 
357 685 15 18 0.07303855 
513 376 7 9 0.07293734 
711 630 8 11 0.07293175 
472 582 8 10 0.07289224 
668 609 10 12 0.07274985 
874 597 9 12 0.07269037 
255 445 7 10 0.07268643 
935 497 7 10 0.072669126 
642 494 8 10 0.0726176 
705 606 8 11 0.07250218 
695 667 14 17 0.072429486 
590 471 8 12 0.07242868 
825 447 7 10 0.07233308 
128 584 8 10 0.07205819 
554 488 7 10 0.07193861 
622 576 8 11 0.0718928 
510 616 9 11 0.07189121 
850 423 7 9 0.071872674 
801 726 21 30 0.07179085 
199 393 8 9 0.07174469 
942 542 7 10 0.07171906 
504 639 11 14 0.07167682 
565 651 11 15 0.07166395 
625 524 9 12 0.07162309 
823 528 8 9 0.07150286 
988 583 10 12 0.0714519 
215 568 9 12 0.07130849 
222 424 7 9 0.071242884 
56 629 9 12 0.07121761 
1 487 8 12 0.07118523 
296 519 7 9 0.07117083 
854 520 7 10 0.0709759 
495 638 9 12 0.07084137 
214 375 6 9 0.07066589 
343 558 8 11 0.070580535 
567 429 7 10 0.070571855 
448 473 6 8 0.070432656 
359 391 6 8 0.07040965 
944 454 7 9 0.07026875 
55 480 7 10 0.07023508 
390 535 8 9 0.0701824 
550 573 8 10 0.070085354 
654 550 7 9 0.06981253 
207 448 7 10 0.0697779 
392 606 8 11 0.069752075 
512 439 7 9 0.06974938 
530 624 8 10 0.06974582 
263 398 7 9 0.06971479 
24 504 7 10 0.06963291 
502 551 7 10 0.06930999 
766 596 8 11 0.06924988 
197 559 9 11 0.06897647 
560 565 9 11 0.06894265 
204 606 10 11 0.06894101 
880 461 7 9 0.06889185 
71 573 9 11 0.06884495 
136 447 7 10 0.068684086 
479 399 8 9 0.06867506 
631 479 7 9 0.06839728 
41 431 6 8 0.06833468 
768 613 8 11 0.068228036 
416 493 8 9 0.06821242 
509 668 13 16 0.06817291 
392 437 7 10 0.06810856 
856 449 7 8 0.06807205 
622 544 7 10 0.0680107 
627 401 6 9 0.06796139 
114 574 8 10 0.06791494 
654 630 10 12 0.06788779 
657 463 7 8 0.06782901 
537 502 7 10 0.06782666 
159 552 7 10 0.06763974 
14 502 8 10 0.06756718 
772 651 13 19 0.06748865 
28 598 10 12 0.0673585 
200 511 8 10 0.06735283 
272 471 7 9 0.06725724 
840 393 7 9 0.067146376 
850 391 6 9 0.06710963 
959 560 8 9 0.06707894 
934 560 9 11 0.0670681 
936 440 7 9 0.06697133 
515 704 29 40 0.06687091 
167 606 8 10 0.066726655 
21 524 9 11 0.06670102 
462 391 7 9 0.06669971 
974 423 7 10 0.06665223 
107 511 7 10 0.066649556 
457 417 7 10 0.066623606 
416 382 7 9 0.066288434 
594 568 7 10 0.06623572 
927 431 6 9 0.06618867 
574 448 7 9 0.06618553 
810 712 17 23 0.06613762 
430 433 8 9 0.06602665 
936 602 13 19 0.0659899 
554 591 9 12 0.06598829 
654 622 9 10 0.065972425 
55 462 7 10 0.06595809 
877 519 8 9 0.06590424 
714 440 8 10 0.065891296 
7 487 8 10 0.06586943 
269 517 8 11 0.06584902 
944 558 7 10 0.06575218 
693 510 7 10 0.06571009 
151 549 8 10 0.06566768 
47 463 7 9 0.06561355 
861 607 8 12 0.065609284 
448 415 7 9 0.06560918 
654 520 8 10 0.06556985 
135 502 8 10 0.065565325 
158 597 8 10 0.06553907 
383 607 7 11 0.06549618 
631 588 9 11 0.06547004 
671 527 7 9 0.06546453 
991 535 12 15 0.06532177 
544 404 8 10 0.065184064 
630 381 7 9 0.06516594 
480 628 10 12 0.06510389 
400 590 7 9 0.06502035 
1 526 8 11 0.06498701 
478 376 7 10 0.064870976 
623 463 7 9 0.064764954 
308 636 13 17 0.064762734 
845 606 10 12 0.06475576 
126 568 8 10 0.064636335 
688 591 9 11 0.06458882 
266 668 12 16 0.064517155 
774 614 9 11 0.06445151 
575 454 6 9 0.06438098 
904 430 7 9 0.06437939 
15 487 7 10 0.06435579 
183 489 8 10 0.0643541 
767 509 7 10 0.06430018 
336 693 23 25 0.06429403 
9 545 9 11 0.06415647 
41 470 7 9 0.06415633 
766 503 8 11 0.06400091 
390 615 10 12 0.06399423 
856 612 10 13 0.063961595 
831 591 8 9 0.06394799 
328 400 7 8 0.06393323 
983 636 10 12 0.06387853 
184 440 7 9 0.063862644 
954 571 12 15 0.06383944 
48 479 8 10 0.063772164 
498 383 8 9 0.063745424 
623 504 7 9 0.0637382 
201 413 7 10 0.06372148 
608 662 11 15 0.063631445 
785 535 7 9 0.06361386 
415 472 7 9 0.063575186 
70 376 7 10 0.063562855 
889 504 7 10 0.06355307 
696 457 7 8 0.063487224 
582 620 9 12 0.06338698 
200 576 9 10 0.06337555 
841 464 7 10 0.06334961 
854 505 7 9 0.0633046 
42 464 6 8 0.0631506 
856 384 7 9 0.06309614 
769 484 7 10 0.06308399 
865 550 9 12 0.06308322 
874 385 6 8 0.06305532 
296 502 8 9 0.06301741 
984 400 8 9 0.06298288 
543 623 9 12 0.06293089 
104 462 7 9 0.06289977 
337 592 9 10 0.0628598 
513 447 6 9 0.0628268 
769 521 7 9 0.06277586 
650 519 7 10 0.06274361 
327 550 8 10 0.062722504 
255 478 8 10 0.06271068 
345 407 6 9 0.062700644 
824 319 8 10 0.062681645 
807 517 7 10 0.06266395 
489 464 8 9 0.06264963 
789 607 9 11 0.062625505 
477 621 10 13 0.06255361 
675 479 7 10 0.062549785 
850 343 8 10 0.062531605 
0 558 7 13 0.062492862 
169 392 7 9 0.06228884 
825 729 19 29 0.062231746 
806 431 7 10 0.062227726 
846 583 9 11 0.06220204 
831 437 7 9 0.062159143 
471 440 7 9 0.062112596 
191 400 8 9 0.06209498 
654 457 7 8 0.062027484 
832 392 7 8 0.06201161 
125 635 13 16 0.06200237 
825 383 7 9 0.0618726 
863 439 7 9 0.06184347 
273 456 8 11 0.061830513 
358 606 7 10 0.06171343 
342 580 9 12 0.06171139 
849 486 7 9 0.06165245 
871 460 8 11 0.061423425 
527 576 7 9 0.06138535 
66 383 7 9 0.06133322 
661 663 14 17 0.06132617 
134 382 7 9 0.06128995 
489 392 7 9 0.06125966 
791 511 9 10 0.06121842 
599 447 8 9 0.0612049 
768 544 7 8 0.061150584 
104 431 7 9 0.061048616 
1013 506 9 13 0.060983263 
408 544 8 9 0.060963 
201 471 7 9 0.060944416 
293 628 11 14 0.060918186 
287 481 8 9 0.060865037 
633 677 22 29 0.06080831 
474 375 8 10 0.060794 
1002 567 10 13 0.060750596 
406 416 8 9 0.06073008 
393 552 7 9 0.060703605 
375 391 7 9 0.060693685 
399 543 8 10 0.060671505 
744 473 7 9 0.06063257 
801 437 7 10 0.060614493 
663 510 8 9 0.0605372 
70 430 8 10 0.060460754 
871 416 7 8 0.06036303 
496 647 10 13 0.0603467 
327 486 6 9 0.060285516 
816 543 8 12 0.060271822 
323 439 6 9 0.060269956 
455 439 7 10 0.060226098 
272 547 9 11 0.06021966 
221 509 8 11 0.06021015 
348 639 11 13 0.060047265 
792 526 8 10 0.059938364 
809 504 7 10 0.059930954 
608 479 8 9 0.05992764 
904 460 7 9 0.059923775 
330 500 8 10 0.059887737 
178 455 7 10 0.059861626 
667 455 6 8 0.059839226 
344 472 8 10 0.05979604 
790 464 7 10 0.059770852 
825 455 8 10 0.05975228 
970 424 7 10 0.05959787 
850 384 7 9 0.059524287 
353 422 7 9 0.059477363 
481 470 7 9 0.05942356 
473 381 9 10 0.05941466 
560 400 7 9 0.059323575 
928 560 8 10 0.05931193 
104 600 8 11 0.059201036 
940 607 15 18 0.05913535 
232 393 7 8 0.059113324 
807 422 7 10 0.059089314 
558 366 8 10 0.058995236 
70 620 9 12 0.058987368 
599 598 8 10 0.05888126 
847 535 8 10 0.058880683 
368 590 7 9 0.058869455 
197 650 12 16 0.058805346 
600 408 8 9 0.05870632 
254 551 8 10 0.05851389 
186 400 7 9 0.0584768 
160 557 7 9 0.05846936 
145 454 7 9 0.058393553 
575 501 7 9 0.05833646 
727 612 10 13 0.058281872 
128 589 10 11 0.058280878 
752 534 7 9 0.05821083 
775 520 7 9 0.058210406 
495 468 7 10 0.058189362 
520 383 7 9 0.058167215 
520 575 8 10 0.058164608 
825 436 8 10 0.058156308 
815 621 10 13 0.05815513 
538 480 6 8 0.058152605 
71 496 8 11 0.058123883 
775 392 7 9 0.05810214 
312 453 6 9 0.05801396 
177 462 7 10 0.05798679 
310 438 7 9 0.057956968 
143 468 9 11 0.05788334 
877 696 17 21 0.057866104 
626 480 8 9 0.057790246 
383 437 7 10 0.057752986 
254 565 8 11 0.05769058 
841 484 7 10 0.05763851 
319 719 21 28 0.057623398 
697 462 6 8 0.057621896 
177 620 9 12 0.057611395 
849 431 7 9 0.057586864 
528 409 8 10 0.05750955 
577 432 7 9 0.057483368 
744 619 9 11 0.057373654 
418 440 8 10 0.057370305 
73 454 7 9 0.057367273 
639 472 7 9 0.057301678 
233 377 7 8 0.057272013 
778 464 8 10 0.057251144 
368 630 11 14 0.057204798 
352 440 8 10 0.057166163 
455 486 9 10 0.05715475 
639 510 8 9 0.057151977 
263 464 7 8 0.05706038 
762 384 6 9 0.05699354 
135 677 14 18 0.05691709 
401 392 7 9 0.05689603 
681 551 8 11 0.056876585 
465 472 7 8 0.0568761 
312 607 10 12 0.0568137 
373 626 11 15 0.056794956 
288 535 7 10 0.05676185 
642 489 7 9 0.05669911 
730 583 8 10 0.056694876 
473 544 7 9 0.056664348 
217 456 6 8 0.056605686 
407 604 9 11 0.056528628 
414 674 10 14 0.05635512 
455 405 7 9 0.05635154 
176 440 7 8 0.05629237 
1009 532 10 14 0.056286678 
807 614 9 11 0.056278452 
450 432 6 9 0.056252994 
439 493 8 10 0.05614488 
830 425 7 9 0.056104284 
734 496 8 10 0.056089554 
690 503 7 10 0.056047227 
971 446 8 10 0.05603661 
620 676 14 18 0.05602832 
134 377 7 9 0.055988766 
722 480 7 9 0.055967174 
296 615 9 11 0.055931587 
553 431 7 9 0.055924535 
498 448 7 9 0.055838414 
113 382 8 9 0.05579729 
335 692 13 18 0.055730447 
630 400 7 9 0.05571765 
554 455 7 9 0.055709124 
833 566 8 11 0.055703633 
220 682 15 19 0.05569197 
694 584 7 9 0.055630848 
223 549 8 10 0.055572484 
952 558 8 9 0.055540584 
206 494 7 9 0.055511802 
514 508 7 10 0.05547987 
446 567 7 10 0.05547135 
952 580 12 14 0.05539722 
879 458 7 9 0.055386208 
430 577 7 9 0.055184096 
799 628 11 13 0.05508106 
305 479 7 8 0.055066705 
223 429 6 9 0.055034157 
408 583 8 10 0.05497943 
410 488 7 10 0.054902617 
901 479 7 9 0.05470285 
559 455 7 9 0.054664258 
354 416 7 10 0.054648917 
71 614 10 13 0.054544892 
448 477 7 10 0.054528162 
568 481 7 9 0.054519057 
358 590 9 10 0.054434333 
841 439 9 11 0.05441661 
253 559 8 11 0.05437349 
996 612 12 15 0.054328814 
607 501 8 10 0.054327812 
405 697 13 17 0.054312844 
895 423 7 9 0.054304957 
807 621 10 12 0.054293647 
889 334 10 11 0.05428454 
850 366 7 10 0.054225553 
801 424 7 8 0.054217298 
881 440 7 9 0.05420961 
264 492 8 11 0.05420173 
768 453 7 10 0.054174412 
65 424 7 9 0.054101463 
830 480 7 9 0.054100964 
446 619 12 14 0.054083403 
587 368 6 8 0.054063562 
927 512 9 11 0.05402513 
364 706 13 17 0.053987145 
181 600 9 11 0.053945694 
577 693 28 35 0.053926088 
382 583 8 10 0.053887263 
41 438 7 10 0.053858876 
864 423 8 10 0.05385328 
240 440 6 9 0.053813994 
135 568 8 10 0.05375175 
790 470 6 8 0.053742908 
240 603 11 13 0.05370789 
313 409 7 8 0.05368148 
630 486 7 9 0.053658135 
478 551 7 9 0.05355358 
650 551 7 9 0.0534615 
327 591 8 10 0.053410247 
599 413 8 10 0.053377256 
144 400 7 9 0.05337406 
414 621 9 10 0.053364243 
834 407 6 8 0.053299088 
122 464 6 7 0.05315118 
166 716 16 20 0.05312631 
10 494 8 10 0.0530986 
575 389 7 10 0.053080432 
742 591 9 11 0.053001635 
1012 597 11 16 0.05300127 
737 567 7 9 0.05299091 
168 559 9 11 0.052961223 
933 609 14 18 0.052872986 
95 325 7 10 0.052814938 
864 456 8 10 0.052803025 
437 634 11 15 0.05276185 
135 549 7 9 0.05267846 
419 416 7 9 0.052569296 
428 674 12 16 0.052563712 
487 399 8 9 0.05247604 
600 375 7 9 0.05247247 
30 588 9 12 0.05246998 
506 406 8 9 0.052457504 
606 383 7 8 0.05244741 
727 479 8 9 0.05244674 
495 424 7 9 0.052313443 
571 677 19 26 0.05230368 
442 576 7 9 0.05225796 
388 693 14 17 0.052199326 
599 615 8 9 0.052124456 
609 559 9 10 0.052121747 
0 613 7 11 0.052081943 
222 631 10 13 0.05205479 
769 472 7 10 0.05189569 
187 406 7 10 0.051871624 
351 628 9 11 0.051844995 
802 606 7 11 0.051841054 
199 397 8 10 0.051829476 
776 470 8 10 0.051793374 
823 595 9 12 0.051778894 
673 381 9 11 0.051736664 
561 406 8 10 0.051708408 
470 627 9 12 0.051600024 
799 480 7 9 0.051568035 
934 526 9 11 0.051541507 
608 488 8 10 0.051412746 
289 416 7 9 0.05138566 
111 592 8 10 0.051381983 
577 619 9 12 0.051367883 
752 579 9 12 0.051338017 
639 504 8 9 0.051326256 
87 335 7 8 0.051289584 
823 568 8 10 0.051277418 
415 617 8 9 0.051266085 
671 305 9 11 0.051236082 
438 422 8 10 0.051235292 
944 519 8 10 0.05121755 
317 607 9 12 0.0512067 
193 447 6 8 0.051167723 
418 577 7 9 0.05114072 
245 632 13 16 0.051081765 
185 550 9 10 0.051078644 
340 684 16 19 0.051045995 
200 409 7 9 0.050957754 
543 519 7 9 0.050948735 
446 575 8 9 0.050933745 
512 521 7 10 0.05092909 
929 534 8 10 0.050767772 
229 494 9 11 0.050757345 
41 487 8 9 0.050750095 
185 509 7 9 0.050718654 
792 454 7 9 0.05066719 
774 645 12 17 0.05065347 
433 416 7 10 0.050649438 
63 576 8 10 0.050638363 
449 440 7 9 0.050634235 
228 666 15 19 0.050551258 
791 447 8 9 0.05052083 
362 573 9 11 0.05049318 
85 603 9 12 0.050469685 
80 534 8 10 0.05044901 
529 423 8 10 0.050438695 
89 616 10 13 0.050397385 
649 524 8 10 0.050364014 
391 476 8 11 0.050295133 
616 623 8 11 0.050261892 
489 424 7 9 0.050160334 
833 612 10 14 0.050104044 
806 385 7 10 0.050103363 
171 630 12 16 0.050033942 
626 486 7 9 0.04999749 
686 598 8 11 0.049981862 
686 557 8 9 0.04995299 
446 447 8 9 0.04994782 
94 532 9 11 0.049922924 
376 613 8 10 0.04992079 
112 432 8 9 0.049893297 
533 583 9 10 0.049863588 
654 480 7 9 0.049842972 
43 646 13 15 0.049733 
459 393 6 8 0.049694937 
393 433 7 9 0.0496704 
442 566 7 9 0.049562924 
71 478 8 10 0.049510967 
201 447 7 9 0.049509495 
561 440 7 9 0.049503293 
71 406 7 9 0.049486477 
346 528 8 11 0.04945505 
560 584 8 10 0.049248073 
790 543 8 10 0.049209114 
767 430 7 10 0.04916935 
520 472 6 9 0.04912326 
293 622 10 12 0.04908104 
639 454 7 9 0.049014103 
856 462 8 11 0.049003135 
320 582 8 11 0.049002036 
502 557 8 10 0.048998903 
905 615 8 11 0.04892898 
87 589 8 11 0.048902784 
531 628 9 11 0.04889992 
319 535 7 9 0.04889666 
181 622 10 12 0.048863444 
863 564 9 11 0.04885295 
864 544 8 11 0.04884679 
14 455 8 10 0.048822496 
31 470 7 10 0.048816673 
629 406 8 10 0.04881251 
310 477 8 10 0.048673924 
996 711 25 29 0.0486625 
296 488 6 9 0.048622128 
234 446 7 9 0.04860196 
176 470 7 10 0.04855385 
590 367 7 9 0.048527192 
345 623 10 13 0.048481334 
678 454 7 8 0.048474096 
287 541 8 10 0.048458677 
673 551 7 9 0.04837779 
575 496 8 10 0.04836523 
138 470 8 10 0.048364043 
640 392 7 8 0.048264887 
419 446 7 9 0.048253514 
71 448 8 9 0.04825049 
569 520 6 9 0.048215292 
545 472 7 10 0.048118006 
216 551 8 9 0.048096437 
193 534 8 10 0.048037883 
409 472 7 10 0.048025835 
216 384 8 10 0.04801498 
966 263 33 39 0.047959212 
185 579 8 12 0.04795421 
841 432 7 9 0.04794095 
359 400 6 8 0.047936663 
12 616 9 12 0.047934834 
433 456 7 9 0.04793105 
39 568 9 11 0.04792992 
793 375 8 10 0.047850657 
943 699 26 29 0.04779246 
515 666 12 15 0.04778226 
239 376 7 8 0.04777663 
146 535 8 10 0.047770478 
864 359 7 9 0.047768645 
88 529 7 9 0.04776845 
632 576 8 10 0.047766503 
480 569 8 9 0.04776137 
352 401 6 8 0.047711365 
495 409 7 9 0.047709238 
104 337 7 9 0.047682624 
841 320 8 11 0.047682386 
474 400 7 8 0.04765302 
849 505 7 10 0.047639288 
535 375 7 9 0.047635246 
150 469 7 10 0.04762822 
808 548 8 11 0.0475307 
553 478 7 9 0.047519375 
895 414 6 9 0.04750411 
952 526 8 10 0.04745585 
607 445 7 9 0.047453113 
758 368 8 9 0.047437277 
441 440 7 9 0.047432 
112 375 8 10 0.04742334 
925 573 9 12 0.047411904 
175 479 7 9 0.047405 
681 620 10 12 0.047391113 
288 384 7 8 0.047372065 
787 416 7 9 0.047365975 
160 607 8 11 0.047347654 
543 360 8 9 0.047303848 
560 447 7 9 0.047223233 
416 377 7 9 0.047211926 
873 591 8 11 0.047208626 
561 559 8 11 0.047204975 
850 359 7 10 0.047161892 
857 544 8 10 0.047146842 
184 447 6 8 0.047143552 
777 438 6 8 0.04713789 
416 581 7 9 0.04713663 
472 616 9 12 0.047096457 
575 486 7 10 0.047091227 
709 611 9 12 0.047064256 
752 440 7 9 0.047014963 
358 584 9 10 0.046988588 
431 396 8 10 0.046980042 
814 629 12 14 0.046971824 
279 597 9 12 0.04694518 
951 431 6 8 0.046940073 
250 441 7 9 0.046917345 
570 390 6 9 0.046915606 
131 633 12 16 0.04690124 
569 375 7 9 0.046815347 
535 423 7 10 0.04681227 
54 439 7 10 0.04680684 
158 591 8 11 0.04674275 
258 648 14 17 0.046719022 
231 550 7 9 0.046714637 
228 643 13 16 0.046679176 
585 496 7 10 0.046657994 
269 487 7 9 0.046632886 
222 390 6 9 0.046614956 
743 597 8 11 0.04659681 
469 597 8 10 0.046592426 
194 519 8 10 0.04656962 
262 375 6 7 0.046555594 
400 437 7 10 0.046552394 
370 401 6 8 0.046527006 
729 600 9 10 0.046481322 
461 584 8 10 0.04637835 
202 439 6 9 0.04635941 
453 614 9 12 0.046335306 
837 660 16 19 0.04631814 
206 629 13 15 0.04630816 
767 424 7 9 0.04624168 
462 532 8 10 0.046196904 
368 472 8 10 0.04619079 
759 545 8 9 0.04616234 
555 696 23 29 0.046153054 
697 536 8 10 0.04613531 
849 596 10 11 0.0461312 
406 392 7 8 0.04612976 
462 400 7 8 0.046119582 
801 492 8 11 0.046106666 
841 326 7 9 0.04610545 
519 621 9 12 0.046081346 
833 573 8 10 0.04603649 
249 448 8 9 0.046027496 
767 646 10 14 0.04602379 
346 401 7 8 0.046017822 
110 342 8 11 0.045986634 
472 556 8 10 0.04596255 
170 510 7 9 0.045959644 
624 589 9 10 0.04595611 
235 677 13 17 0.045925003 
575 519 7 9 0.04587813 
206 575 9 11 0.04581127 
382 551 8 11 0.045806333 
935 536 8 11 0.04575357 
723 659 13 17 0.045746915 
389 629 12 14 0.045718238 
471 480 7 9 0.045636196 
145 644 14 17 0.04557524 
511 577 8 10 0.04557018 
397 693 12 18 0.045567166 
598 640 8 10 0.045522105 
535 383 7 9 0.04551496 
510 401 8 10 0.045479093 
81 593 9 11 0.045467794 
744 488 7 9 0.04543038 
872 424 7 9 0.045420595 
930 454 7 9 0.045419633 
384 399 6 8 0.045404274 
66 376 7 10 0.0453254 
744 533 8 10 0.045305133 
186 504 6 9 0.045285366 
278 549 9 11 0.04526547 
409 383 7 9 0.045166172 
911 409 7 8 0.04514895 
137 573 7 10 0.04510739 
191 644 11 13 0.045065008 
175 575 7 10 0.045012407 
502 367 7 9 0.044980075 
78 551 9 11 0.044979718 
215 635 12 15 0.04490975 
585 639 9 12 0.044875804 
54 528 8 11 0.04487332 
174 392 7 9 0.044779465 
535 463 7 9 0.04473463 
816 487 8 9 0.044691946 
870 407 7 8 0.044627726 
242 478 8 10 0.044604708 
932 565 9 11 0.04457294 
463 462 7 9 0.044550817 
374 420 8 10 0.044517536 
353 455 7 8 0.04450932 
967 401 6 9 0.044502243 
359 527 8 9 0.044445656 
174 559 8 12 0.044395015 
504 583 8 10 0.044381108 
191 543 8 10 0.04437169 
177 494 8 9 0.044319108 
438 431 8 9 0.044307936 
519 377 7 8 0.0443018 
336 610 10 14 0.04426343 
165 662 11 13 0.04420842 
451 730 24 30 0.044206537 
270 527 8 10 0.04402581 
134 453 8 10 0.043964937 
690 584 8 9 0.043912884 
880 343 7 10 0.043898437 
785 454 7 9 0.043885108 
656 423 6 8 0.04384345 
920 438 7 8 0.043784928 
528 383 7 9 0.04378232 
327 573 8 10 0.0437468 
800 448 7 8 0.04374239 
663 630 10 12 0.043666363 
191 472 6 9 0.043650117 
511 414 7 10 0.04363159 
840 423 7 9 0.043610543 
206 623 10 12 0.043601293 
560 431 7 9 0.04350754 
352 384 7 8 0.043494254 
835 400 6 9 0.043456465 
642 673 14 18 0.04339441 
600 455 7 8 0.043389086 
56 484 7 10 0.04335174 
57 623 8 11 0.043347083 
837 567 8 10 0.04334375 
289 624 9 12 0.043314613 
320 382 7 9 0.04330431 
894 578 11 14 0.0433017 
854 367 6 9 0.043284252 
493 604 10 11 0.043183047 
282 494 8 10 0.04306695 
298 390 7 9 0.043030124 
799 462 7 10 0.04302241 
224 463 7 9 0.042982183 
327 596 9 11 0.042970076 
790 335 9 12 0.04295477 
584 423 7 9 0.042939935 
529 368 7 8 0.042868853 
39 456 7 9 0.042860158 
538 689 18 24 0.042777866 
74 463 8 10 0.042732466 
958 446 8 11 0.042690895 
256 406 7 9 0.042688027 
128 610 9 12 0.04268056 
313 534 8 10 0.042640187 
577 438 8 10 0.042613514 
529 496 7 9 0.04261127 
338 441 7 9 0.042568482 
328 416 7 8 0.04242784 
64 407 7 9 0.042411644 
575 463 7 10 0.04238686 
601 397 7 9 0.04237477 
825 495 7 9 0.04225534 
253 509 8 11 0.0422178 
356 674 13 16 0.04221637 
518 616 9 12 0.04218858 
904 424 7 9 0.04218174 
253 725 14 17 0.042166926 
841 471 8 9 0.04215247 
101 612 10 13 0.042140204 
569 453 7 10 0.04209936 
311 449 6 8 0.042089727 
887 440 7 10 0.042067073 
534 592 8 9 0.042056616 
273 399 7 8 0.0420246 
905 414 8 9 0.042021375 
795 567 9 11 0.042006936 
776 575 8 9 0.041949756 
489 544 8 9 0.04181276 
599 472 7 9 0.041804917 
825 390 7 9 0.041791033 
278 537 8 10 0.04178973 
718 528 8 10 0.04178292 
69 509 9 11 0.041769337 
32 688 16 18 0.04164759 
423 405 7 9 0.041587282 
46 327 8 10 0.04158222 
926 618 15 20 0.041551005 
497 375 8 10 0.041518904 
87 558 8 11 0.041504975 
545 560 8 9 0.041487824 
720 519 7 10 0.041410584 
953 425 6 8 0.04136993 
553 494 8 10 0.04136867 
367 446 7 9 0.04136692 
390 520 8 10 0.041351173 
778 375 7 9 0.041335117 
488 480 7 9 0.041293904 
223 440 7 9 0.0412135 
631 511 7 9 0.041201852 
55 550 9 12 0.041174114 
878 652 14 18 0.041151516 
542 526 7 9 0.04114271 
568 367 7 9 0.04110999 
838 551 8 10 0.041107304 
649 638 10 13 0.04109057 
39 543 8 10 0.041064717 
639 623 9 11 0.04105634 
226 592 9 12 0.041031025 
659 532 8 11 0.0410262 
950 519 8 11 0.041004464 
409 575 8 9 0.040977582 
168 478 7 9 0.040959053 
560 362 7 8 0.040895216 
735 477 8 10 0.04085741 
792 638 12 15 0.040834516 
586 652 9 13 0.040784646 
110 597 8 12 0.040775158 
761 567 7 9 0.040761508 
820 630 9 12 0.040703095 
383 627 10 14 0.040693335 
305 472 7 9 0.040692154 
688 486 6 8 0.04064965 
598 645 8 11 0.040633947 
621 697 16 21 0.040605158 
88 583 8 11 0.040602844 
806 494 8 9 0.040565502 
392 392 6 8 0.040560402 
543 376 7 8 0.040535916 
225 490 8 9 0.040522236 
913 400 7 8 0.040518135 
896 510 7 9 0.040512558 
909 582 10 13 0.040505223 
965 690 16 20 0.04042522 
887 445 8 10 0.040396836 
96 447 8 10 0.04037645 
182 456 7 9 0.040360335 
693 591 8 10 0.04023518 
650 479 8 9 0.0402211 
257 367 7 10 0.040203575 
556 628 9 11 0.040192448 
126 600 10 11 0.040141687 
624 359 7 9 0.040126916 
189 550 9 10 0.04005698 
783 384 6 8 0.039999485 
576 536 7 9 0.03999152 
150 382 7 9 0.039971497 
786 665 14 20 0.039957173 
450 544 8 10 0.039953936 
384 642 11 15 0.03994949 
358 535 8 10 0.039942596 
359 446 7 9 0.03993478 
151 433 8 9 0.039928574 
390 510 9 10 0.039910957 
48 440 9 10 0.03984235 
361 558 9 11 0.039839923 
785 406 7 10 0.039773334 
585 463 7 9 0.039751954 
747 500 8 11 0.03973781 
478 429 7 10 0.039724234 
94 320 7 10 0.039697137 
530 430 8 10 0.03966574 
239 613 11 12 0.03965518 
430 471 7 9 0.039627988 
937 656 19 29 0.039599944 
854 342 8 10 0.03959376 
264 480 7 9 0.039592523 
958 504 8 10 0.03957095 
630 673 15 19 0.03955774 
798 359 7 9 0.039512824 
158 417 7 10 0.039511677 
386 526 8 10 0.039485976 
543 433 8 9 0.03948532 
438 463 7 9 0.03948359 
223 568 9 11 0.03947502 
178 487 7 10 0.039437532 
888 431 7 8 0.039390124 
322 487 7 9 0.039325487 
311 433 7 9 0.03930335 
31 503 7 10 0.039287843 
344 424 7 9 0.039250463 
118 376 7 10 0.039239082 
416 464 8 9 0.039211605 
857 481 9 10 0.039208822 
623 568 8 8 0.039204795 
689 457 7 8 0.03917009 
95 486 8 10 0.03914781 
863 447 7 8 0.0391463 
825 375 7 9 0.03914451 
799 454 7 9 0.039109282 
930 408 7 9 0.039093327 
441 480 7 9 0.03908268 
376 587 8 11 0.03905388 
487 376 7 9 0.0390382 
111 505 8 10 0.039037514 
831 383 6 9 0.039029088 
129 384 7 8 0.039026383 
289 438 7 9 0.03901706 
608 457 7 8 0.039010394 
592 430 8 10 0.038999483 
471 463 7 9 0.038989387 
586 644 10 12 0.03898395 
328 391 7 8 0.03897263 
343 542 7 9 0.03886184 
318 509 8 10 0.0388412 
582 599 8 10 0.038833607 
297 681 12 18 0.038806356 
287 494 7 8 0.03879272 
594 448 8 9 0.03877702 
714 444 8 11 0.038766053 
729 527 8 11 0.038760647 
856 494 8 9 0.038755324 
408 518 7 10 0.038730785 
94 503 8 10 0.038726214 
950 407 7 9 0.03866596 
601 384 6 8 0.03863565 
716 43 10 12 0.038607836 
288 552 9 11 0.03860417 
762 503 8 10 0.038584653 
858 438 7 10 0.03857489 
406 399 7 9 0.03856668 
96 368 8 9 0.038549736 
534 414 7 10 0.038540825 
544 449 7 9 0.038528576 
327 446 7 8 0.03851513 
984 630 10 13 0.03850907 
70 582 9 11 0.03850551 
456 658 11 16 0.03847854 
38 549 8 11 0.038473707 
9 587 10 13 0.038461413 
377 543 8 9 0.03845607 
230 487 7 10 0.038450606 
143 449 7 8 0.038427446 
168 465 7 9 0.03839769 
479 663 16 21 0.03838372 
424 682 19 25 0.038381115 
728 589 9 11 0.038347546 
682 592 8 11 0.03833986 
150 457 7 9 0.038329873 
867 714 18 26 0.03830277 
391 503 7 9 0.038288828 
586 400 6 9 0.03824699 
499 455 6 8 0.03824585 
325 640 10 13 0.038230065 
136 486 7 9 0.03819924 
569 527 7 9 0.03811784 
262 470 8 10 0.038098328 
320 550 8 11 0.038069695 
182 463 8 10 0.038051132 
455 607 8 10 0.038037393 
856 336 8 10 0.037969366 
592 416 8 8 0.03793615 
970 440 7 10 0.03792056 
89 486 7 10 0.037866637 
352 478 7 9 0.037865665 
550 473 8 9 0.037865024 
521 360 8 9 0.037853193 
24 463 7 10 0.037827116 
558 509 8 10 0.037817936 
585 591 7 9 0.037797987 
569 485 7 9 0.037788164 
730 503 8 10 0.03774257 
495 542 8 10 0.037735693 
807 543 9 11 0.0377141 
640 694 19 22 0.03770367 
98 453 7 10 0.037695892 
889 422 6 9 0.037691515 
871 401 7 9 0.03768531 
362 359 7 9 0.037674796 
174 377 7 8 0.03766426 
347 651 12 14 0.037651014 
399 552 7 8 0.037627637 
921 431 8 11 0.03762078 
854 406 7 9 0.037595894 
65 597 9 12 0.037594594 
650 460 7 10 0.037585117 
702 536 7 9 0.037574064 
918 683 14 17 0.03757103 
975 574 8 10 0.037568443 
113 437 8 10 0.037552707 
94 590 8 11 0.03753909 
383 542 7 10 0.03752383 
112 326 7 9 0.03749725 
312 551 9 10 0.037425466 
761 456 8 10 0.03741398 
824 519 8 9 0.03737047 
314 377 7 8 0.037364006 
145 687 14 19 0.03731846 
526 454 6 9 0.03729556 
877 627 10 13 0.03728202 
396 636 11 14 0.037282016 
488 445 7 10 0.037278034 
766 385 7 9 0.0372573 
152 446 7 8 0.03724596 
318 504 8 10 0.037219815 
440 561 8 9 0.037212506 
223 456 6 8 0.037207097 
481 439 6 9 0.037204124 
71 437 8 10 0.037191197 
296 409 7 8 0.03717727 
775 366 7 9 0.037141506 
440 456 8 9 0.037140146 
646 440 7 9 0.0371158 
376 407 7 8 0.037054654 
88 494 8 10 0.03703013 
826 335 7 10 0.037018362 
201 464 7 9 0.03700767 
480 407 7 9 0.0370068 
218 463 6 8 0.036992382 
289 599 9 12 0.036968183 
718 359 7 10 0.036961902 
957 509 9 11 0.03696119 
689 566 8 10 0.03695043 
864 376 6 9 0.0369388 
663 620 10 12 0.036902167 
921 415 6 7 0.0368838 
25 581 8 11 0.036882862 
521 587 9 11 0.03687394 
328 406 7 9 0.036867343 
969 509 7 10 0.036860723 
870 636 11 14 0.036844485 
544 393 7 9 0.03680241 
201 352 7 9 0.03680084 
505 463 7 9 0.036798593 
528 440 8 9 0.036787186 
854 417 7 8 0.036779553 
185 376 7 8 0.03677511 
632 390 7 8 0.036739 
1012 620 10 15 0.036703404 
591 398 8 9 0.036674988 
247 543 7 9 0.036665447 
416 543 7 9 0.036646478 
850 509 7 9 0.036645573 
566 406 8 10 0.03664478 
990 470 9 11 0.036634717 
953 511 8 10 0.03662509 
801 600 8 9 0.03661836 
883 478 8 10 0.036609847 
13 626 9 13 0.03659971 
305 645 10 14 0.03659697 
554 366 8 10 0.036583457 
968 406 6 9 0.036576733 
838 373 8 9 0.03656544 
923 671 16 21 0.036542162 
146 377 8 10 0.036526475 
354 598 8 10 0.036510035 
281 481 8 10 0.03639508 
591 612 9 11 0.03638636 
696 478 8 10 0.036368076 
248 453 8 10 0.03636092 
824 416 8 9 0.03635707 
987 503 7 9 0.036328822 
511 543 8 10 0.03631836 
623 471 6 8 0.03630594 
728 542 6 8 0.036277644 
737 575 8 10 0.036246955 
759 440 7 9 0.03623329 
48 556 8 11 0.036226515 
783 376 6 9 0.036204036 
26 470 7 9 0.036166817 
441 446 8 9 0.03611588 
256 497 7 8 0.036114622 
738 438 7 9 0.036114562 
736 326 7 9 0.036113925 
975 568 8 10 0.036107097 
328 537 7 9 0.03607308 
552 438 7 9 0.03599734 
421 598 8 10 0.03599131 
830 448 8 9 0.035986498 
867 645 12 16 0.035968203 
433 488 8 9 0.035928693 
789 620 9 11 0.035883207 
930 541 8 11 0.035863347 
952 472 8 9 0.03582159 
312 392 6 7 0.03580942 
261 679 14 20 0.035807364 
687 519 8 9 0.035802856 
761 690 16 20 0.035770357 
599 423 8 10 0.0357692 
207 545 8 10 0.035743278 
910 414 7 9 0.035736162 
270 439 9 10 0.035733495 
447 520 7 10 0.035733044 
473 486 7 9 0.03571543 
122 557 8 10 0.035704747 
642 711 32 44 0.035695504 
429 438 8 9 0.03569506 
872 503 7 9 0.035690513 
853 400 8 10 0.035684787 
958 527 8 10 0.03567868 
687 480 7 10 0.035653498 
174 511 7 9 0.03564469 
789 422 8 10 0.03563564 
757 575 9 11 0.03562359 
472 407 7 9 0.03560719 
146 591 9 10 0.0356017 
681 463 7 8 0.03559424 
142 485 7 9 0.03558144 
891 656 13 18 0.035487447 
121 470 7 10 0.035473883 
880 568 7 9 0.03546571 
791 503 9 11 0.035460074 
391 447 7 9 0.035452154 
673 700 18 23 0.035449352 
927 550 8 11 0.035447102 
562 669 15 17 0.035435587 
222 519 9 11 0.035430737 
399 585 8 10 0.035423875 
967 489 7 9 0.035394803 
762 423 7 10 0.03538888 
809 417 7 9 0.03538552 
601 495 7 10 0.035382725 
894 504 7 9 0.03537329 
218 423 8 10 0.035330914 
455 479 8 10 0.035291765 
648 623 8 10 0.035278372 
359 385 8 9 0.035256602 
504 353 7 9 0.03525147 
801 384 8 10 0.03523074 
890 409 7 9 0.03520451 
368 623 10 12 0.035203468 
566 559 8 11 0.035158105 
590 608 8 11 0.035112478 
200 600 8 11 0.035105206 
177 580 8 11 0.035090234 
361 432 7 8 0.035079814 
528 568 8 9 0.035058133 
73 470 7 9 0.0350328 
880 495 7 9 0.03500882 
710 583 8 10 0.03498855 
160 489 7 9 0.03493943 
295 375 6 7 0.034928698 
437 391 7 9 0.034858163 
616 615 9 12 0.034843165 
310 664 10 14 0.034842044 
726 485 8 10 0.03475068 
241 407 7 9 0.0347401 
896 478 7 10 0.034697782 
533 684 14 21 0.03467324 
841 452 7 9 0.03466261 
49 574 8 10 0.03465888 
574 670 11 14 0.034633487 
220 726 16 21 0.03462179 
567 696 24 32 0.034608718 
812 702 22 27 0.0346078 
89 327 7 9 0.03457809 
135 629 10 13 0.034577686 
185 367 6 9 0.034571413 
398 476 8 11 0.03455563 
248 367 7 9 0.034542985 
33 510 8 11 0.034540515 
150 359 8 10 0.034533825 
68 631 12 15 0.034498308 
262 393 7 9 0.03448637 
400 464 7 9 0.034475025 
377 553 9 11 0.034464404 
1008 577 17 27 0.034448195 
207 431 6 9 0.03443116 
104 424 8 10 0.034424566 
595 677 15 18 0.03439075 
130 544 7 9 0.034362495 
581 536 8 9 0.03435931 
127 463 7 9 0.034351476 
79 468 7 10 0.03434754 
118 382 7 8 0.03434727 
609 462 6 9 0.034330193 
593 486 6 9 0.03432164 
128 511 8 10 0.034316756 
337 558 8 10 0.03430961 
241 399 7 9 0.03428179 
638 423 8 10 0.034272935 
261 663 13 17 0.034189664 
409 493 7 10 0.034182098 
695 449 7 8 0.034154367 
392 542 9 10 0.034147277 
969 416 7 8 0.034117445 
513 384 7 9 0.03407683 
628 628 9 13 0.0340762 
584 629 8 10 0.034073815 
846 666 20 26 0.034072366 
545 438 7 9 0.0340567 
967 646 13 20 0.034054745 
191 368 7 9 0.03405454 
558 487 7 9 0.034039635 
16 462 8 10 0.034012966 
378 477 7 9 0.0340101 
303 542 8 10 0.0339967 
184 558 9 11 0.033980407 
590 464 7 9 0.033909317 
790 440 8 9 0.033885434 
345 487 8 10 0.033879068 
318 519 7 10 0.033873957 
538 391 7 9 0.03386119 
230 470 7 9 0.033860914 
423 455 8 10 0.033842966 
384 574 8 11 0.03383191 
136 440 6 8 0.03379483 
1011 668 11 14 0.033765476 
648 503 7 10 0.033754606 
521 683 17 25 0.033745326 
550 558 8 10 0.033736575 
393 598 8 10 0.033733454 
919 588 9 13 0.033711784 
304 351 7 9 0.033706672 
808 448 7 9 0.0336995 
663 469 7 10 0.0336858 
879 580 9 12 0.033674013 
386 510 7 10 0.03365157 
762 359 7 9 0.033616047 
713 653 13 16 0.03360736 
440 383 7 9 0.033590592 
489 603 10 11 0.03357536 
81 528 7 11 0.03355709 
103 470 8 10 0.033547346 
169 571 8 11 0.0335463 
114 408 7 8 0.033545144 
760 644 9 13 0.033535752 
174 398 7 9 0.03353528 
144 635 12 15 0.03352721 
202 493 8 10 0.033506285 
504 438 7 9 0.033505432 
296 511 8 10 0.03349682 
512 422 7 10 0.033484906 
24 440 7 10 0.03348208 
647 408 7 9 0.033455595 
720 464 7 9 0.033446115 
958 533 8 10 0.033444304 
452 621 10 13 0.033438563 
66 510 7 9 0.033427685 
401 398 8 10 0.03342615 
552 607 8 9 0.03339659 
710 423 7 9 0.033394348 
768 439 7 8 0.03337249 
606 400 7 9 0.033358674 
503 544 8 10 0.03335167 
289 528 7 9 0.03334156 
913 438 7 9 0.03332438 
216 536 7 9 0.033304844 
605 694 21 29 0.03329268 
694 495 7 10 0.03327797 
576 407 7 9 0.03325738 
831 597 9 11 0.033257358 
557 574 8 9 0.033244397 
170 375 6 9 0.033165056 
584 405 8 9 0.03310764 
270 479 8 10 0.03310734 
401 599 7 10 0.033101305 
768 608 8 11 0.0330935 
845 319 8 11 0.03307475 
9 452 8 10 0.033065755 
538 399 8 9 0.03306138 
922 558 7 10 0.03303951 
679 431 7 10 0.033003446 
880 408 7 9 0.033003155 
218 430 7 9 0.032975923 
65 616 9 13 0.03297224 
489 593 7 10 0.032967247 
215 472 7 9 0.032966696 
894 588 10 13 0.032966614 
462 422 8 9 0.032934014 
390 573 8 10 0.032904457 
424 463 7 10 0.032854166 
497 550 9 11 0.032843713 
512 359 7 8 0.03282652 
457 577 7 10 0.03280054 
383 487 7 9 0.03279966 
509 606 9 11 0.03276031 
678 613 10 13 0.03275196 
800 534 8 9 0.032727674 
551 399 6 9 0.032676734 
834 584 7 9 0.03266156 
120 598 9 11 0.032643802 
501 641 18 22 0.032628763 
693 502 8 10 0.03262241 
312 573 8 11 0.032575622 
798 335 7 10 0.032563202 
775 609 8 10 0.03254047 
314 382 6 9 0.03245726 
579 680 24 29 0.032451786 
350 675 14 16 0.032412916 
880 559 9 11 0.032380167 
79 479 8 10 0.03237974 
361 690 13 18 0.03234615 
774 455 7 9 0.03232999 
450 504 8 10 0.03231089 
808 463 7 10 0.032300867 
512 454 7 10 0.032289427 
753 529 7 9 0.032262754 
847 463 8 11 0.032249372 
423 629 9 12 0.032239657 
850 351 8 9 0.03223476 
774 510 7 10 0.032222893 
394 557 8 9 0.032191515 
722 485 8 11 0.032165736 
735 587 9 12 0.032161295 
896 519 7 9 0.03214577 
687 544 7 10 0.03210816 
142 657 13 15 0.032092147 
336 431 8 9 0.032080475 
928 497 9 11 0.032077473 
240 416 7 9 0.032076746 
905 410 7 8 0.03206974 
770 629 9 12 0.032046914 
353 487 7 9 0.032040037 
128 390 8 9 0.03202451 
417 420 9 11 0.032022133 
160 659 11 15 0.032018762 
189 690 12 15 0.032011148 
263 618 10 13 0.03197131 
982 406 8 9 0.031946424 
56 457 7 9 0.03193867 
617 603 9 11 0.031906486 
297 384 7 9 0.031905618 
473 606 8 10 0.031889603 
934 407 7 9 0.031824753 
633 456 7 9 0.03181764 
485 630 9 13 0.031817436 
48 631 9 13 0.03178556 
977 408 7 9 0.0317799 
558 495 7 10 0.03177612 
732 611 9 12 0.03177604 
433 462 8 11 0.031742074 
519 312 7 9 0.03173837 
607 416 7 9 0.03172835 
359 455 8 9 0.031707335 
807 471 8 10 0.03169608 
398 528 7 8 0.03168705 
481 465 7 9 0.031686164 
752 455 7 9 0.03167592 
672 332 8 10 0.031668466 
465 543 7 9 0.031663828 
775 484 8 10 0.03165019 
277 633 12 15 0.031639636 
129 408 8 9 0.03161871 
402 417 7 10 0.031615913 
897 541 8 10 0.03160824 
904 622 11 14 0.031581335 
258 398 7 9 0.03158074 
481 448 7 8 0.031570345 
871 564 7 10 0.031542383 
632 473 7 8 0.031537347 
997 536 11 13 0.031532187 
495 494 7 9 0.03153015 
918 542 7 10 0.031505536 
29 485 8 9 0.031489395 
559 479 7 11 0.031456996 
544 478 7 9 0.031447407 
954 658 21 28 0.03143126 
442 521 7 10 0.031404845 
778 543 7 10 0.031376503 
310 648 12 16 0.031371776 
644 662 10 14 0.03137152 
431 644 10 13 0.031370282 
161 584 7 10 0.03135305 
152 504 7 9 0.031345755 
118 407 8 9 0.031333387 
605 673 14 19 0.031328667 
218 517 8 10 0.031325597 
143 582 8 10 0.03129439 
518 521 8 10 0.03129014 
930 650 15 24 0.03128737 
295 423 7 9 0.03126203 
86 512 8 10 0.031221244 
710 399 8 11 0.031210842 
567 552 8 9 0.031199371 
530 502 6 9 0.031195698 
248 431 7 8 0.031190049 
742 433 7 9 0.03118307 
514 390 7 9 0.031162553 
767 567 7 10 0.03112867 
783 360 8 9 0.031119669 
31 542 9 11 0.031082436 
520 368 7 8 0.031066826 
578 542 7 8 0.031056583 
317 677 11 16 0.03105462 
544 510 8 9 0.031048428 
847 574 8 10 0.031038713 
503 390 8 9 0.03102562 
274 368 7 8 0.031004408 
266 456 7 9 0.03099967 
465 384 7 10 0.030989092 
527 463 8 9 0.030983003 
538 521 7 9 0.030981833 
585 381 7 10 0.030935753 
447 631 9 12 0.03092421 
424 545 7 9 0.030888682 
303 487 7 9 0.030862115 
489 431 7 9 0.030847589 
386 393 6 8 0.03082178 
207 383 8 9 0.030820696 
40 606 9 12 0.030816749 
161 527 7 10 0.030809987 
774 360 8 10 0.030782038 
455 431 7 9 0.030762061 
552 676 11 16 0.030752087 
402 449 5 8 0.03075052 
606 406 7 9 0.030682359 
639 478 6 9 0.030674284 
302 616 9 11 0.030673305 
346 385 6 8 0.030669382 
129 376 8 9 0.03066806 
280 511 8 11 0.030625861 
496 438 7 10 0.030618852 
569 464 8 9 0.030593451 
229 619 10 12 0.03058862 
636 607 9 11 0.030581731 
194 526 8 11 0.030572848 
786 340 9 11 0.030536719 
911 534 7 9 0.03052511 
863 383 6 8 0.030519204 
727 376 6 8 0.030499293 
770 319 8 10 0.030483305 
221 642 13 16 0.030468214 
790 318 8 10 0.03042216 
432 596 9 11 0.030409288 
112 581 8 10 0.030396447 
754 368 8 9 0.030394284 
272 392 7 8 0.030384697 
705 550 8 11 0.030352581 
526 448 8 9 0.030351037 
849 567 7 9 0.03030371 
743 320 7 9 0.030291654 
668 664 11 15 0.030271998 
753 327 8 9 0.03026504 
961 400 7 9 0.030239228 
535 369 7 8 0.030232279 
408 535 7 10 0.030225081 
246 486 8 11 0.030208793 
138 480 8 9 0.03019326 
496 391 7 9 0.030174429 
470 695 14 18 0.030160025 
139 516 7 10 0.030160021 
805 568 8 9 0.030155115 
611 670 16 20 0.030136777 
432 421 8 9 0.030136691 
849 453 7 10 0.030105421 
152 479 7 9 0.030102424 
566 361 7 8 0.030100351 
831 512 7 9 0.030078808 
13 438 8 10 0.030075131 
662 592 9 12 0.030067917 
561 552 7 10 0.030065889 
790 430 7 10 0.030042542 
386 520 8 9 0.030032989 
495 535 8 9 0.030018076 
952 478 7 9 0.03001687 
258 374 6 8 0.030007316 
946 407 7 9 0.030003432 
732 655 10 14 0.029966874 
210 344 6 9 0.029954126 
65 503 8 11 0.029951826 
360 472 9 10 0.029950008 
1006 542 9 12 0.029945942 
743 528 8 10 0.029939163 
592 559 9 10 0.029925857 
782 487 7 9 0.029919147 
417 455 7 9 0.029905722 
504 470 7 9 0.029886292 
519 550 8 10 0.02988256 
888 341 9 10 0.029860768 
416 691 12 19 0.029836232 
837 630 10 12 0.029817203 
94 708 15 18 0.029804572 
368 462 7 9 0.029794615 
871 705 26 31 0.029765852 
822 673 15 21 0.029761443 
217 556 9 10 0.029759612 
710 596 8 11 0.029742869 
81 583 8 11 0.029683389 
481 455 7 8 0.029639937 
668 670 20 26 0.029635092 
89 376 7 10 0.029593872 
976 416 7 9 0.029592803 
296 527 7 10 0.029571898 
358 613 9 11 0.029571444 
576 399 6 9 0.029568968 
40 424 7 9 0.029561115 
968 427 8 11 0.02955288 
215 367 7 8 0.0295158 
201 504 7 8 0.029515063 
174 430 7 8 0.029514987 
147 597 8 11 0.02950993 
171 724 16 21 0.029480001 
945 524 8 11 0.029468058 
957 96 47 61 0.029464923 
759 560 9 9 0.02946159 
342 551 8 10 0.029436626 
320 432 6 8 0.029429557 
799 406 7 9 0.029424854 
99 713 14 18 0.029406713 
784 619 10 13 0.029386751 
726 655 11 13 0.029355207 
841 416 7 9 0.029348627 
400 455 7 8 0.029344609 
193 393 7 9 0.029337477 
240 543 8 10 0.029328136 
592 423 8 10 0.029322876 
342 496 8 11 0.029321559 
879 401 7 8 0.029310713 
248 496 7 9 0.029297255 
183 360 7 9 0.02928069 
522 462 7 9 0.029273236 
110 622 8 12 0.029271143 
511 533 8 10 0.029270828 
992 495 7 10 0.029266585 
943 551 8 9 0.02924236 
767 661 19 27 0.029219707 
770 534 8 10 0.029217627 
816 508 8 10 0.029187031 
112 360 8 9 0.029170288 
921 568 8 11 0.029168334 
601 617 17 24 0.029157942 
717 645 13 15 0.029143557 
834 734 14 22 0.029116046 
336 683 13 17 0.02911604 
254 574 9 12 0.029114958 
727 517 7 10 0.029086044 
1005 623 19 26 0.029085083 
913 489 7 10 0.029067663 
407 448 7 9 0.029064357 
79 358 7 10 0.029058868 
368 614 7 10 0.029050972 
169 398 7 9 0.029030012 
873 513 7 10 0.029000921 
611 584 7 10 0.028988171 
14 431 8 10 0.028974574 
328 384 7 9 0.028948765 
289 433 7 9 0.02894016 
762 430 7 10 0.02893733 
38 511 8 11 0.028866174 
222 557 8 10 0.028856779 
322 683 13 18 0.02885246 
229 606 10 14 0.0288351 
494 487 7 10 0.028819505 
206 440 6 8 0.028818874 
318 378 7 8 0.028801503 
883 657 15 19 0.028797235 
948 588 14 17 0.02879456 
991 510 8 10 0.02877824 
168 334 7 10 0.028764939 
63 542 9 11 0.028762411 
886 677 16 19 0.028743587 
888 484 8 10 0.028733974 
856 468 7 10 0.02872931 
906 504 8 10 0.028725114 
133 612 10 12 0.028670963 
352 512 8 10 0.028662771 
934 455 7 9 0.028656134 
655 487 7 9 0.028653638 
193 455 7 9 0.028651282 
869 480 8 11 0.028625894 
871 439 7 9 0.02862564 
648 431 7 9 0.028617067 
184 613 9 11 0.02860814 
77 455 7 9 0.028598825 
814 721 23 33 0.02858917 
475 690 21 28 0.028566627 
558 389 8 9 0.028565874 
272 384 7 9 0.028563637 
904 510 8 10 0.028554793 
390 415 7 10 0.02854365 
576 551 9 11 0.028542362 
336 454 7 10 0.02853786 
261 368 7 9 0.028520713 
767 560 8 10 0.028488945 
385 448 8 9 0.028482443 
722 615 9 12 0.028475882 
926 716 24 33 0.02846627 
607 422 8 9 0.028404381 
897 536 8 10 0.028394133 
201 544 8 10 0.0283502 
188 739 15 18 0.028345212 
1001 582 10 13 0.028344618 
713 342 8 9 0.028339049 
438 544 8 10 0.028330864 
270 503 8 11 0.028317457 
70 425 8 9 0.028285988 
287 455 8 10 0.028269544 
464 431 8 10 0.028226234 
207 471 8 10 0.028221145 
678 326 9 11 0.028190548 
434 528 8 9 0.028181184 
705 622 8 10 0.028146375 
616 501 8 10 0.028116755 
409 622 8 11 0.028084183 
507 695 18 28 0.028066639 
304 464 7 9 0.028057534 
519 423 8 10 0.028036455 
626 446 7 9 0.028029066 
710 544 9 10 0.02802369 
847 559 7 9 0.028021643 
463 585 17 24 0.027998265 
502 375 8 10 0.027976384 
806 534 7 10 0.027966615 
543 581 8 9 0.027964469 
174 518 9 11 0.027952615 
229 543 8 10 0.027942015 
383 566 8 9 0.02794059 
906 529 7 8 0.027936494 
533 575 9 10 0.027925622 
760 495 7 10 0.02791439 
564 657 13 16 0.0279058 
118 533 9 11 0.027897516 
126 367 9 10 0.027897442 
583 430 7 10 0.02788939 
907 311 12 15 0.027871128 
496 353 8 9 0.02784677 
176 447 7 10 0.027836202 
246 577 18 23 0.027814016 
633 428 7 10 0.027803032 
186 424 8 9 0.027782962 
702 478 7 10 0.027751766 
119 527 9 12 0.027742121 
623 533 8 9 0.027731718 
87 400 8 9 0.027700499 
584 456 6 9 0.027695581 
322 400 6 9 0.027684567 
305 634 11 15 0.027683679 
281 393 6 7 0.027643008 
303 385 6 8 0.02762951 
288 446 8 9 0.027624553 
76 613 11 14 0.027608173 
591 526 9 11 0.027607495 
594 722 16 21 0.027607031 
567 623 9 11 0.027587758 
575 527 8 10 0.027572088 
630 684 14 18 0.027563443 
703 542 8 10 0.02756196 
839 652 15 17 0.02753834 
864 527 7 10 0.027528895 
761 487 8 10 0.027527034 
646 391 6 9 0.027465774 
270 494 7 9 0.027462972 
1008 610 12 15 0.027456032 
450 637 10 13 0.027448814 
119 641 12 17 0.027442427 
717 445 8 11 0.02743797 
465 478 7 9 0.027431455 
871 447 7 9 0.027423253 
903 390 7 9 0.027379002 
854 389 7 10 0.02737621 
663 552 7 10 0.027375322 
713 528 8 9 0.027373023 
314 503 7 10 0.027358048 
329 423 7 9 0.027349558 
487 414 8 10 0.027344612 
929 440 7 9 0.02732351 
995 620 12 16 0.027313435 
552 390 8 9 0.027312923 
146 549 8 10 0.027301792 
606 376 7 8 0.02730135 
167 358 8 10 0.027281323 
175 416 6 9 0.027278723 
775 624 10 12 0.027275959 
672 487 7 9 0.027274981 
777 384 7 8 0.027270177 
800 353 8 9 0.027262338 
946 432 6 8 0.027261019 
126 470 8 11 0.02725836 
232 360 6 7 0.027245218 
120 518 8 10 0.027232977 
768 415 7 9 0.027226811 
606 534 9 10 0.027218884 
535 408 8 9 0.027212588 
736 345 8 10 0.027210439 
497 400 7 9 0.027191404 
296 456 7 9 0.027162435 
649 510 7 9 0.027155427 
600 551 7 10 0.027143836 
942 439 8 9 0.027127365 
241 368 7 9 0.027115647 
3 447 8 11 0.027103528 
783 596 9 11 0.027071299 
800 543 7 9 0.027048362 
440 399 7 9 0.027041348 
152 557 8 10 0.026975563 
505 480 7 9 0.026964646 
952 552 8 10 0.026931044 
295 430 7 10 0.026913304 
295 534 7 9 0.02689733 
358 598 8 10 0.026888145 
249 383 6 8 0.026887791 
782 399 8 11 0.02687402 
690 496 7 9 0.026870726 
784 520 7 9 0.026867872 
220 661 15 17 0.026867375 
807 399 7 10 0.026865661 
323 700 24 29 0.026860813 
685 674 21 26 0.026841717 
62 550 9 11 0.026833856 
614 560 8 9 0.026825653 
752 461 7 9 0.026817622 
64 486 8 10 0.026806016 
290 422 7 8 0.026765743 
727 576 8 10 0.026746484 
8 440 8 11 0.02674495 
392 584 7 10 0.026739035 
354 391 7 8 0.026723703 
306 448 7 9 0.026722088 
312 495 6 9 0.026719622 
345 464 6 9 0.02671224 
520 477 6 9 0.026708057 
898 456 7 10 0.02670655 
897 440 7 9 0.026695378 
130 488 6 8 0.026650539 
889 727 16 22 0.026616547 
510 463 7 8 0.026611347 
616 591 7 10 0.026603295 
191 623 9 12 0.026596652 
816 607 18 22 0.026591284 
720 365 7 9 0.026590431 
477 615 10 12 0.02658568 
625 391 8 9 0.02657221 
64 591 9 11 0.026568322 
990 446 9 12 0.026553221 
510 431 8 10 0.026552754 
296 472 7 9 0.026543194 
377 577 8 10 0.02653453 
962 407 6 8 0.026529208 
303 526 8 10 0.026524413 
489 519 8 10 0.02651157 
228 630 11 13 0.02649502 
553 361 7 9 0.026493791 
377 488 7 9 0.026465358 
72 551 7 10 0.026449978 
925 598 12 14 0.026438411 
575 375 7 9 0.026421122 
529 706 20 26 0.026397428 
616 392 7 9 0.026386622 
144 613 10 11 0.02638037 
970 519 7 11 0.026356272 
-2 667 9 16 0.026340516 
488 636 9 12 0.026316196 
657 399 7 9 0.026301494 
543 423 8 9 0.026281917 
358 538 18 23 0.02628057 
281 433 7 9 0.026262043 
529 599 9 11 0.026261695 
848 637 12 16 0.026235806 
743 569 7 9 0.026230205 
791 590 9 11 0.026199065 
78 573 8 10 0.026191255 
408 629 10 13 0.026186505 
592 454 8 10 0.02618517 
146 431 7 9 0.02618278 
512 589 8 10 0.026182706 
774 447 7 9 0.026180975 
375 384 7 8 0.02616738 
551 553 8 10 0.026141424 
929 668 17 22 0.026140459 
760 389 7 9 0.026134003 
654 375 8 10 0.026133236 
494 663 21 25 0.026130514 
815 438 8 10 0.02613027 
793 382 7 9 0.026129335 
968 525 8 11 0.026126007 
576 557 8 10 0.026123738 
72 401 8 10 0.02611319 
160 455 7 9 0.02608707 
846 470 7 10 0.026070524 
232 381 6 9 0.026055602 
753 384 7 9 0.026052117 
822 586 8 9 0.026050257 
937 713 24 31 0.026043661 
369 376 7 8 0.02603828 
113 534 8 10 0.026021704 
399 604 9 12 0.026010975 
503 566 7 9 0.026006062 
736 457 8 8 0.026005106 
887 351 7 9 0.025999479 
576 480 7 9 0.025996713 
143 406 8 9 0.025996 
599 607 8 10 0.025993189 
685 629 11 13 0.025968883 
647 382 8 10 0.025952522 
185 524 8 11 0.025947582 
591 509 8 11 0.025940467 
1010 497 9 11 0.025936073 
312 526 9 11 0.025935905 
838 574 8 10 0.025928508 
941 617 13 17 0.02592164 
984 541 10 13 0.02591417 
889 329 8 10 0.025907118 
104 592 8 10 0.025900766 
302 596 9 12 0.025885165 
161 477 7 9 0.025882991 
550 714 28 35 0.0258777 
777 433 7 9 0.025876202 
497 556 8 11 0.025875082 
674 432 7 9 0.025868218 
105 479 8 10 0.025866898 
808 454 7 9 0.025857257 
96 686 14 19 0.025857244 
584 511 8 10 0.025855195 
411 667 13 17 0.02584562 
808 405 7 10 0.025831623 
343 518 8 10 0.025810054 
448 392 7 9 0.02580961 
249 424 6 9 0.025796905 
353 494 7 10 0.025775949 
151 392 7 8 0.025771214 
841 519 8 9 0.025755487 
359 495 8 11 0.025739778 
350 472 8 10 0.025735619 
919 596 10 13 0.025728794 
385 415 8 9 0.025727538 
199 424 7 9 0.025725655 
817 375 8 9 0.025703847 
327 480 7 10 0.025692279 
695 487 7 9 0.025689565 
577 470 7 10 0.025685456 
177 359 8 9 0.025681073 
503 496 7 9 0.02567942 
31 536 8 9 0.025673546 
154 415 7 10 0.025653176 
530 376 6 8 0.025649723 
1009 565 19 27 0.025647093 
568 399 6 9 0.025624804 
873 389 7 9 0.025620794 
808 478 7 10 0.025607334 
512 497 7 9 0.025596915 
969 493 8 10 0.025593286 
383 614 8 11 0.025589567 
871 524 9 10 0.025585545 
168 454 8 9 0.025568994 
399 565 8 10 0.02556703 
29 565 10 12 0.025544299 
463 605 8 11 0.025533374 
795 486 7 11 0.0255204 
185 383 6 8 0.025515193 
351 406 7 9 0.025507806 
111 517 8 10 0.025502948 
73 357 7 10 0.025453413 
32 465 6 9 0.025444236 
9 480 7 10 0.025442615 
264 503 9 11 0.025431635 
806 630 11 14 0.02542469 
103 486 8 9 0.025421986 
479 592 8 10 0.025419097 
384 406 7 9 0.025394421 
802 511 7 10 0.025361527 
504 520 8 10 0.025335692 
859 621 11 13 0.02533316 
64 400 7 9 0.025322013 
735 486 7 10 0.025297247 
488 655 11 15 0.025290057 
241 574 7 10 0.025282186 
988 605 20 26 0.025273696 
831 544 7 9 0.025266806 
814 480 8 9 0.025257254 
490 524 8 10 0.025252318 
726 534 8 10 0.025226686 
679 472 8 9 0.025219195 
479 392 7 9 0.0251429 
128 623 9 11 0.025142808 
617 431 8 9 0.025102263 
653 655 20 23 0.025088686 
305 454 7 10 0.025076488 
290 375 7 9 0.025062932 
351 377 6 8 0.025050327 
424 477 7 9 0.025027081 
706 628 9 12 0.025026975 
1004 548 10 13 0.025009453 
989 654 11 15 0.025008673 
430 651 11 15 0.024998063 
826 677 24 31 0.024992 
168 448 8 10 0.024974065 
89 448 7 9 0.024961663 
849 628 12 14 0.024948403 
334 518 9 11 0.024947714 
688 463 6 8 0.024943342 
1007 557 10 13 0.02494152 
87 382 7 9 0.02492406 
88 615 18 22 0.024920618 
393 464 6 8 0.024915671 
470 455 7 10 0.024913603 
143 527 8 10 0.02491096 
338 472 7 10 0.024909874 
705 423 7 9 0.024906857 
552 616 11 13 0.024887322 
207 556 8 11 0.024883438 
719 455 7 8 0.024874363 
877 616 9 12 0.024865424 
822 503 8 10 0.024860576 
311 487 7 9 0.024858909 
822 544 8 10 0.024855992 
661 399 8 10 0.024850186 
575 592 7 9 0.024847627 
423 383 7 10 0.024842514 
625 439 7 9 0.024836646 
416 592 7 9 0.024813771 
778 636 13 14 0.024807895 
253 383 20 27 0.024805693 
102 494 8 10 0.024802139 
893 327 8 10 0.024796149 
41 680 14 16 0.024795974 
992 555 10 13 0.024766106 
674 558 7 9 0.024759779 
46 540 8 10 0.02475758 
747 715 15 20 0.024745092 
400 488 8 9 0.024731584 
887 455 7 10 0.024731234 
192 488 7 9 0.024720341 
96 564 9 10 0.024710558 
794 359 8 10 0.024706772 
56 470 7 9 0.02469904 
991 399 7 9 0.02468275 
519 496 7 9 0.024670674 
737 447 7 9 0.024666669 
737 550 8 11 0.024659777 
850 336 8 10 0.02465832 
297 462 7 9 0.024631262 
223 416 7 8 0.024613878 
895 687 18 22 0.024597604 
477 581 8 11 0.024573592 
870 583 9 11 0.024567714 
193 430 7 9 0.024547042 
232 398 7 9 0.0245372 
795 641 13 17 0.024534976 
825 399 7 9 0.02451823 
801 471 7 9 0.024517164 
414 603 9 11 0.024509517 
9 567 8 11 0.024477907 
642 358 7 10 0.024469694 
921 511 8 10 0.024468554 
63 463 7 10 0.024459986 
875 677 14 18 0.024432817 
293 559 9 10 0.024419006 
833 375 7 8 0.02438903 
54 590 9 12 0.024382621 
793 495 8 9 0.024375934 
207 489 8 10 0.02436992 
759 550 7 9 0.024365397 
434 407 8 10 0.024361053 
897 391 7 9 0.02435224 
506 673 24 30 0.024348931 
79 351 8 11 0.024342686 
113 349 7 10 0.024332294 
761 399 7 9 0.024318697 
910 423 8 9 0.024314296 
288 390 6 8 0.024306057 
997 554 11 13 0.024301639 
848 622 10 12 0.02429577 
58 423 7 9 0.02428815 
623 495 7 10 0.024282955 
391 568 8 10 0.024279362 
313 519 8 10 0.024256948 
197 725 12 18 0.024255492 
119 350 8 9 0.024238551 
217 397 8 9 0.02421672 
265 527 7 10 0.024198242 
701 657 20 25 0.024193812 
47 485 8 10 0.024179563 
559 461 7 9 0.024159225 
375 446 7 8 0.024153545 
824 368 6 9 0.024147008 
45 519 9 11 0.024138097 
317 527 8 10 0.024134563 
879 663 13 19 0.024130953 
422 635 9 13 0.024125006 
87 464 7 9 0.02412037 
206 409 8 9 0.024117514 
568 415 7 9 0.0241115 
574 637 10 13 0.02410954 
274 373 7 9 0.024108613 
569 502 8 9 0.02410258 
259 719 14 20 0.024083903 
519 397 8 10 0.024076246 
329 518 8 11 0.024073856 
760 352 7 9 0.024069542 
473 391 7 9 0.024051303 
225 406 8 10 0.024047207 
806 527 8 10 0.024044788 
221 698 12 15 0.024031263 
528 528 8 10 0.024019744 
415 431 9 10 0.024017189 
910 509 8 9 0.024008472 
544 415 7 10 0.024006404 
520 603 10 13 0.023981012 
463 359 7 8 0.023971872 
352 541 8 10 0.023934625 
61 415 8 9 0.023924349 
478 605 9 11 0.023921596 
726 416 8 9 0.02389624 
192 650 12 16 0.023893578 
218 439 8 9 0.02386918 
851 733 17 22 0.023840515 
295 439 7 10 0.023839291 
448 486 8 10 0.023838202 
232 501 8 10 0.023836216 
914 128 17 18 0.023833178 
752 319 8 9 0.023822429 
901 472 8 9 0.023814479 
326 583 8 11 0.023810733 
741 582 9 11 0.02380285 
255 359 7 8 0.023788553 
206 670 9 14 0.023785654 
360 501 7 9 0.023778146 
335 650 12 16 0.023765922 
247 464 7 9 0.023745684 
79 400 7 9 0.023742674 
951 542 9 11 0.023738736 
681 606 9 12 0.023732565 
666 449 8 9 0.02371368 
199 488 8 9 0.023707755 
767 494 8 10 0.023703417 
862 335 6 9 0.023678975 
338 722 17 24 0.023664504 
756 717 14 18 0.023639774 
130 423 7 9 0.023637302 
637 576 9 11 0.023637071 
279 407 7 9 0.023636946 
480 573 8 10 0.023633363 
498 585 7 10 0.023622993 
295 415 7 9 0.023603294 
913 471 7 9 0.02360235 
142 496 8 9 0.023587618 
920 502 9 11 0.023580685 
102 449 7 8 0.023576627 
375 455 6 8 0.02357083 
976 627 10 13 0.023569888 
301 685 16 22 0.023567814 
330 456 7 8 0.023558062 
98 433 7 9 0.023537274 
783 528 7 9 0.023534017 
559 424 8 10 0.023527259 
280 448 7 9 0.023514608 
390 495 8 10 0.023508731 
617 465 8 9 0.02348733 
920 536 7 9 0.023484796 
111 455 7 10 0.023469895 
142 480 8 10 0.023463663 
353 517 7 9 0.023460314 
391 385 7 9 0.023449345 
721 318 8 10 0.02344405 
272 446 7 9 0.023438519 
959 440 8 10 0.02343434 
760 446 8 10 0.023433318 
478 544 8 10 0.023418963 
986 454 8 11 0.023414865 
865 392 6 8 0.023412433 
292 715 14 19 0.023388892 
793 367 8 9 0.023369519 
911 566 8 10 0.023337463 
296 479 7 10 0.0233366 
204 613 9 11 0.023321439 
838 360 8 9 0.023309618 
545 453 7 9 0.023293976 
801 612 9 10 0.023290133 
773 318 10 11 0.023268359 
761 521 8 10 0.023261202 
192 478 7 8 0.023258867 
625 456 7 10 0.023252297 
680 543 8 10 0.023249233 
88 480 7 9 0.023242673 
126 519 8 9 0.023225129 
262 690 13 18 0.023221225 
703 456 7 9 0.023211168 
606 646 8 11 0.023209775 
407 567 9 10 0.023198675 
257 485 8 11 0.023190675 
45 696 14 17 0.023187576 
456 328 7 8 0.023175973 
223 384 7 9 0.023160607 
753 390 7 9 0.023156006 
95 528 7 10 0.023155471 
441 471 7 9 0.02314939 
200 358 7 9 0.023142204 
609 588 8 11 0.023129229 
401 406 7 10 0.023123309 
30 574 9 11 0.023121905 
343 441 7 9 0.023108013 
126 527 8 11 0.023103938 
7 400 8 10 0.023097774 
920 657 15 22 0.023096222 
223 445 7 10 0.023083122 
489 487 8 10 0.023077298 
600 489 8 9 0.023076376 
543 488 8 10 0.023070298 
447 560 8 9 0.023063798 
221 650 14 18 0.023039795 
1014 526 11 16 0.023013936 
618 669 13 16 0.023008605 
356 696 16 19 0.023006601 
614 477 7 10 0.02297432 
923 580 10 12 0.022965271 
23 456 7 9 0.022962136 
672 542 8 11 0.022933254 
263 416 8 9 0.022933127 
489 511 7 10 0.022925723 
820 618 11 14 0.02292554 
63 527 7 10 0.02290404 
710 568 7 9 0.022902187 
79 439 7 9 0.022891814 
974 589 9 13 0.022890896 
64 454 8 9 0.02289069 
122 456 7 9 0.022878094 
736 320 8 11 0.022873208 
154 495 7 9 0.022872316 
161 367 7 9 0.02285769 
801 518 7 10 0.022836637 
552 669 11 15 0.022829512 
366 526 8 11 0.022829011 
719 598 8 10 0.022828767 
290 658 14 18 0.022823788 
231 584 9 11 0.022823414 
815 463 8 9 0.022820579 
450 422 8 9 0.022818664 
800 400 7 9 0.022776648 
514 567 8 10 0.022776503 
280 437 7 9 0.022775898 
820 688 15 20 0.0227669 
954 690 25 29 0.02276218 
29 616 18 23 0.022761926 
773 721 14 21 0.022755697 
637 614 8 10 0.022722606 
831 528 7 10 0.02271585 
368 455 7 9 0.02271463 
5 699 15 19 0.022712603 
489 469 8 10 0.022696864 
839 383 7 9 0.022684872 
81 328 6 9 0.022679366 
881 471 9 10 0.022674445 
712 352 8 10 0.022635264 
344 366 7 9 0.022622773 
1000 647 11 16 0.0226145 
239 393 6 8 0.022613347 
960 424 7 9 0.022594772 
1005 654 19 28 0.022588264 
600 652 9 13 0.02258298 
103 564 8 10 0.02256926 
601 441 7 9 0.022567777 
218 494 8 10 0.022557942 
345 415 7 9 0.022553759 
919 495 8 10 0.022544825 
416 390 7 8 0.022534704 
226 376 6 8 0.022508977 
240 583 10 12 0.022487897 
549 637 11 14 0.02248285 
255 351 7 8 0.022471115 
599 593 8 10 0.022469686 
240 495 8 10 0.022448355 
639 430 7 9 0.022446908 
576 415 7 9 0.022431066 
631 636 10 13 0.022421585 
34 456 7 9 0.022396272 
320 571 7 10 0.022393357 
179 712 20 26 0.02238523 
409 658 14 18 0.022384526 
624 424 7 9 0.022381578 
591 629 8 11 0.022352971 
589 672 11 13 0.02235239 
622 614 10 12 0.022322122 
384 454 8 9 0.022281593 
895 627 20 25 0.02228084 
817 569 8 10 0.02225825 
709 623 8 10 0.02224228 
559 472 8 9 0.022222824 
440 680 20 23 0.022218397 
528 533 7 9 0.022203583 
752 343 8 9 0.022199221 
98 519 7 9 0.02219372 
865 503 7 9 0.02218578 
933 643 14 22 0.022185044 
95 575 7 9 0.022175256 
768 573 8 10 0.022173567 
841 535 8 10 0.022147695 
184 335 8 10 0.022133106 
432 479 7 9 0.022133075 
709 550 10 11 0.022131972 
192 511 7 9 0.022130875 
319 598 9 11 0.02212191 
208 351 7 9 0.022118071 
112 527 8 10 0.022113001 
903 540 7 10 0.022096002 
678 634 11 14 0.022095932 
49 502 8 10 0.022094283 
244 614 9 12 0.022072539 
904 552 9 10 0.022056544 
169 383 7 9 0.022042306 
793 479 7 9 0.02202021 
792 327 7 9 0.022018496 
544 320 7 10 0.02201764 
637 588 9 11 0.022010569 
0 532 8 10 0.022002704 
185 545 8 10 0.02199542 
584 417 7 9 0.021969216 
958 519 9 11 0.021963699 
958 646 20 30 0.021962894 
6 692 13 16 0.021954654 
185 392 7 9 0.021953052 
318 415 7 8 0.02193991 
828 319 8 10 0.021903476 
314 566 9 11 0.021879185 
633 566 8 10 0.021877691 
470 471 7 9 0.021861866 
710 367 8 10 0.02185941 
838 598 10 12 0.021858884 
388 697 20 25 0.021855865 
191 592 9 10 0.021844985 
46 611 10 14 0.021842362 
619 623 19 24 0.021838618 
944 413 8 10 0.021832783 
169 432 7 8 0.021830622 
319 407 6 8 0.021815775 
765 584 9 11 0.02180676 
375 472 8 11 0.021805294 
789 549 8 10 0.02179233 
215 488 8 9 0.021792222 
118 591 9 11 0.02178946 
374 576 20 26 0.021784423 
433 637 10 13 0.021775473 
830 485 8 9 0.02177099 
417 400 7 9 0.02175186 
958 472 9 10 0.021740442 
86 628 10 14 0.021737218 
872 602 10 13 0.021724787 
364 544 9 11 0.02171917 
506 576 8 10 0.021710657 
166 527 8 10 0.021706449 
24 589 9 12 0.021705166 
607 605 8 11 0.021704447 
401 384 8 9 0.021701904 
591 623 8 10 0.021682536 
198 376 7 9 0.021681484 
638 398 7 9 0.021660343 
337 567 18 24 0.021639325 
797 374 7 10 0.021635823 
544 464 7 9 0.021630775 
334 678 12 15 0.02161371 
943 564 10 11 0.021607686 
9 407 8 9 0.021603357 
513 316 7 10 0.021601804 
712 635 10 13 0.021597126 
943 448 8 10 0.02159514 
526 361 6 8 0.02159319 
969 503 8 11 0.021562418 
870 485 8 10 0.021543711 
294 646 10 12 0.021535046 
901 448 19 25 0.021532113 
561 647 10 14 0.021530913 
566 596 9 12 0.021525895 
686 613 10 12 0.021517744 
181 652 10 13 0.021514209 
725 646 10 13 0.021507319 
368 383 7 8 0.021507032 
422 519 8 9 0.02150669 
727 319 8 10 0.021504639 
433 607 9 10 0.021501373 
359 477 8 10 0.02148854 
278 368 7 8 0.021488214 
559 374 7 10 0.021476608 
137 399 8 10 0.021469308 
338 580 9 11 0.021465544 
705 326 9 11 0.021464627 
874 367 6 9 0.02145954 
471 576 7 9 0.021433758 
758 312 8 11 0.0214005 
378 434 7 8 0.021392535 
553 376 6 8 0.02138668 
174 382 8 9 0.021382814 
400 535 7 9 0.021371659 
239 632 12 15 0.02136112 
751 606 17 23 0.021358272 
760 471 7 10 0.021350916 
56 446 7 9 0.021346983 
430 447 7 9 0.021340083 
919 551 7 10 0.021323996 
250 432 19 26 0.02132313 
697 572 8 10 0.02132034 
113 390 8 9 0.021312442 
665 480 7 9 0.021310914 
567 629 10 13 0.0213091 
38 613 9 13 0.021302834 
831 343 7 9 0.021290183 
964 567 9 12 0.02124288 
598 559 8 9 0.021234356 
703 558 7 9 0.021233771 
161 519 6 8 0.02122953 
664 518 7 10 0.021224992 
997 519 9 11 0.021205883 
706 437 7 10 0.021205561 
538 486 7 9 0.021202823 
815 416 7 9 0.02120046 
895 623 10 13 0.021194248 
55 502 8 11 0.021186993 
586 584 8 10 0.021175772 
819 637 11 15 0.02116886 
633 439 7 10 0.02115877 
854 359 7 10 0.021148372 
200 669 11 15 0.021146694 
32 439 7 10 0.021144329 
825 325 7 9 0.021141749 
799 734 14 22 0.02113611 
38 627 10 12 0.021126922 
198 532 8 11 0.021124111 
231 407 7 9 0.021100389 
257 534 7 9 0.021096451 
696 472 7 9 0.021094415 
410 375 7 9 0.021076882 
159 433 7 9 0.021047326 
159 503 8 9 0.021038683 
795 668 14 19 0.021037774 
96 599 9 11 0.021028098 
791 629 10 13 0.021014476 
79 541 9 11 0.021006463 
542 504 7 10 0.021003924 
242 566 9 11 0.02099891 
880 525 8 10 0.020994209 
924 607 20 25 0.020993436 
449 692 17 22 0.020992907 
592 542 8 9 0.020984577 
541 598 7 11 0.020976927 
81 303 7 9 0.020974612 
273 559 8 10 0.020970896 
190 504 7 9 0.020956209 
679 627 12 15 0.020942526 
391 454 8 9 0.020940354 
826 341 7 10 0.020909289 
565 608 9 11 0.020886654 
352 674 22 26 0.020881524 
198 367 8 9 0.02087943 
829 469 8 10 0.020873377 
422 650 10 15 0.020871272 
505 503 7 9 0.020855974 
205 599 9 12 0.020850632 
216 415 8 9 0.020845791 
112 336 7 10 0.020838836 
7 557 10 12 0.020831482 
238 648 14 17 0.020830324 
519 576 19 25 0.020830188 
192 599 8 10 0.020827454 
349 372 378 421 0.020817976 
798 560 9 11 0.020809993 
86 683 14 18 0.02079647 
365 558 9 11 0.020783715 
142 457 19 24 0.02076197 
345 391 6 8 0.02075692 
294 635 10 13 0.020753654 
470 416 18 25 0.020752097 
39 525 9 11 0.02074153 
815 455 8 10 0.02073573 
264 535 7 10 0.02073115 
852 590 9 12 0.020724576 
675 387 11 14 0.02071878 
184 519 8 11 0.020708917 
872 496 7 9 0.020707168 
169 518 7 9 0.020702472 
967 470 9 12 0.02069739 
817 596 8 11 0.020695923 
840 510 7 9 0.020691048 
88 722 18 21 0.020686002 
492 612 11 13 0.02068236 
761 374 7 9 0.020677956 
40 536 8 10 0.02065927 
832 350 7 9 0.020653395 
579 360 6 9 0.020648738 
61 661 10 13 0.020620994 
396 621 11 13 0.020615764 
606 391 7 9 0.020610651 
609 471 8 10 0.020609947 
80 310 7 10 0.020601291 
327 462 8 10 0.02059599 
960 487 7 10 0.020592071 
352 463 7 8 0.020590037 
709 325 9 11 0.020583542 
130 439 7 9 0.020580655 
948 626 14 16 0.020576373 
584 714 24 31 0.020575829 
128 400 7 8 0.020575281 
792 353 8 8 0.020574952 
480 310 7 9 0.02057036 
231 511 9 11 0.020542081 
854 350 7 10 0.020537445 
498 657 13 17 0.020526316 
1010 490 19 26 0.020490134 
40 446 8 10 0.020489924 
457 567 8 10 0.020489302 
583 671 10 14 0.02048757 
278 470 7 10 0.020476734 
872 627 11 15 0.020472178 
953 463 8 10 0.020466182 
898 463 7 8 0.0204628 
573 645 10 13 0.020460358 
569 470 8 10 0.020459192 
241 432 7 9 0.020449733 
504 319 7 9 0.02044755 
233 440 7 10 0.020440333 
697 334 7 8 0.020440198 
730 495 8 10 0.02043636 
57 407 7 9 0.020433508 
825 407 7 8 0.020433493 
253 682 15 18 0.02043077 
714 40 9 12 0.020415572 
830 518 7 9 0.02040554 
1002 636 19 26 0.020404171 
984 496 8 10 0.02036233 
915 693 16 22 0.020361895 
382 597 9 10 0.020357577 
216 360 7 9 0.020351129 
551 518 8 9 0.020349646 
139 669 15 16 0.020327633 
758 344 7 8 0.020321192 
161 464 7 9 0.020317568 
280 501 8 10 0.020316498 
61 669 12 16 0.020306095 
25 446 7 9 0.02030575 
870 304 8 11 0.020297544 
414 630 10 13 0.020291524 
592 519 8 10 0.020286433 
543 591 8 10 0.020280445 
662 607 18 23 0.020278944 
833 620 10 12 0.020272857 
585 392 6 8 0.020269489 
95 480 7 9 0.02026341 
656 616 8 10 0.02025763 
776 560 7 10 0.020256503 
314 509 8 11 0.02022828 
904 594 11 14 0.020222684 
857 693 25 31 0.020222247 
880 503 8 10 0.020208599 
887 696 24 28 0.020205399 
207 423 8 9 0.020202043 
317 621 9 12 0.020198653 
111 542 8 10 0.020195551 
824 351 8 10 0.020193037 
386 422 7 9 0.0201914 
721 416 7 8 0.020178592 
679 439 7 9 0.020166527 
782 565 8 11 0.020165706 
679 320 9 10 0.020155417 
94 582 8 11 0.020137928 
489 503 6 9 0.02012337 
42 739 17 21 0.020120163 
260 670 18 22 0.020108135 
82 335 7 8 0.020079087 
870 680 15 20 0.020078542 
921 611 12 14 0.020070052 
786 317 7 10 0.020069461 
768 408 7 9 0.020052316 
212 708 12 15 0.0200517 
816 496 8 9 0.020034764 
662 581 8 9 0.020019999 
289 571 9 11 0.020012904 
223 535 8 10 0.0200054 
135 623 10 11 0.0200044 
569 497 7 9 0.02000397 
