10_People_Marching_People_Marching_2_36
301
813 329 35 39 0.9952975 
649 304 28 34 0.99379 
948 330 39 45 0.9925524 
697 302 30 39 0.9922633 
751 315 31 36 0.99051356 
557 324 32 38 0.99007845 
303 334 34 40 0.98538566 
501 318 29 37 0.9844827 
428 302 28 36 0.9738787 
254 320 33 40 0.9538259 
385 294 26 34 0.95265406 
10 311 19 20 0.9441674 
31 287 17 21 0.9416737 
50 408 15 18 0.9215676 
673 269 17 20 0.89706546 
593 273 21 27 0.8962918 
119 288 27 33 0.8888683 
852 289 19 22 0.8845576 
899 302 15 20 0.85928595 
223 316 28 34 0.8428269 
828 290 18 21 0.8103297 
471 306 28 36 0.7774153 
151 304 29 35 0.72203773 
130 292 25 33 0.6277358 
926 292 16 20 0.6162397 
140 299 29 33 0.60018367 
93 309 14 19 0.58667487 
973 295 15 18 0.4965205 
356 287 24 28 0.4823581 
107 414 13 16 0.46490645 
959 280 15 18 0.46021312 
315 289 26 30 0.44549868 
267 318 35 35 0.4284528 
1005 291 15 19 0.36441585 
629 297 15 19 0.3620737 
572 319 30 33 0.34354532 
568 290 16 17 0.3362919 
356 313 26 32 0.33406088 
10 344 14 18 0.32492232 
114 288 19 26 0.31195414 
611 323 23 30 0.30304176 
637 293 14 18 0.30208823 
486 316 30 36 0.30115208 
942 287 15 20 0.29737824 
28 338 20 26 0.26881248 
60 378 11 15 0.23852909 
77 374 13 17 0.23732635 
60 238 13 17 0.22705469 
524 283 25 27 0.2016148 
665 332 26 30 0.19667466 
141 429 10 12 0.1925116 
970 334 34 36 0.1622167 
188 313 26 31 0.15945496 
318 334 34 37 0.15694304 
432 451 14 17 0.15578446 
513 313 30 35 0.15355037 
365 289 26 32 0.14383967 
888 326 29 39 0.13969585 
404 318 23 30 0.13720682 
232 319 33 37 0.13552634 
615 307 22 28 0.13046265 
826 326 37 37 0.126572 
533 276 24 29 0.11663801 
947 284 16 19 0.11232464 
347 287 22 29 0.11060509 
258 230 16 18 0.11012315 
719 282 13 15 0.10907006 
751 226 24 30 0.107424214 
136 439 10 11 0.10593618 
810 287 26 32 0.10468751 
356 296 29 35 0.10439938 
398 451 13 18 0.10213829 
48 223 9 11 0.10141558 
102 295 26 33 0.099953935 
620 300 16 18 0.09407509 
334 287 21 27 0.09065707 
304 280 24 33 0.090190746 
329 289 17 22 0.08913569 
31 335 14 17 0.087986134 
394 303 28 33 0.08583972 
964 284 19 23 0.08137915 
692 285 13 16 0.080440566 
42 246 8 11 0.08040333 
0 393 9 15 0.08015891 
56 372 14 16 0.07775878 
19 337 19 25 0.077517726 
28 403 15 18 0.07637463 
174 339 16 20 0.073926516 
684 308 27 32 0.07388245 
62 233 10 13 0.071862854 
623 301 22 26 0.07056039 
206 315 30 32 0.06998224 
622 231 15 19 0.068624236 
437 444 13 19 0.06698149 
638 290 24 30 0.06624976 
870 315 12 16 0.06583033 
12 451 13 16 0.06466819 
486 227 17 21 0.0634803 
742 465 11 16 0.06282048 
416 310 27 35 0.061915167 
887 298 26 29 0.060714692 
122 403 12 16 0.058877748 
544 271 26 29 0.05837862 
592 286 23 29 0.058292706 
0 350 9 16 0.057422586 
111 286 15 20 0.057341766 
99 437 15 18 0.056279052 
772 348 26 32 0.05581221 
998 284 14 18 0.055426527 
763 335 32 39 0.054279253 
958 407 13 17 0.05397184 
20 430 12 16 0.053852584 
558 297 16 19 0.05384102 
670 446 9 12 0.05377227 
710 301 32 35 0.0526297 
104 407 12 15 0.052571625 
28 373 16 20 0.051809218 
517 290 25 28 0.051680308 
750 321 18 23 0.05124171 
-2 326 7 12 0.05055449 
109 238 13 14 0.05034151 
941 327 13 19 0.04974361 
4 405 10 13 0.04965181 
684 218 11 13 0.049633853 
29 238 8 10 0.04962884 
723 339 18 22 0.048701815 
17 247 10 12 0.048389643 
333 328 27 36 0.048295245 
205 461 9 12 0.048023496 
631 275 10 13 0.04703276 
30 254 8 10 0.04687401 
403 443 13 17 0.045660004 
135 443 10 12 0.04550772 
53 221 8 11 0.045447025 
580 293 14 17 0.045017224 
59 366 12 15 0.04477208 
6 246 9 12 0.044256214 
299 273 45 51 0.043809857 
299 280 16 21 0.043311402 
546 287 15 18 0.04300164 
794 325 24 32 0.042902164 
112 207 10 11 0.04277287 
931 284 19 26 0.041847214 
122 321 16 21 0.041756764 
636 305 26 31 0.041370295 
466 211 14 18 0.041145712 
168 309 32 31 0.04113926 
781 342 26 34 0.041111138 
603 296 23 30 0.040521566 
23 449 14 18 0.040418647 
902 262 8 10 0.039846342 
273 302 33 39 0.039753173 
737 222 24 29 0.03951583 
124 409 13 15 0.039408192 
62 384 12 15 0.039385505 
687 201 11 13 0.039046 
73 371 13 16 0.038396887 
497 201 473 520 0.038249355 
1000 277 13 16 0.03779124 
761 233 16 20 0.03727278 
314 285 17 23 0.037252184 
9 334 12 15 0.03689104 
586 294 17 20 0.036666468 
348 193 13 16 0.03624598 
81 225 10 11 0.035981137 
206 332 26 30 0.03594515 
100 426 15 18 0.03580878 
765 281 12 14 0.03505289 
686 237 12 16 0.034617007 
139 434 12 14 0.034536596 
5 251 10 13 0.033973094 
675 320 27 32 0.033969462 
553 282 15 18 0.03352429 
152 421 11 13 0.033523746 
787 294 12 14 0.033428736 
105 316 22 28 0.032994494 
636 277 13 16 0.03290174 
159 289 54 58 0.032649178 
305 275 15 18 0.032639775 
580 265 13 17 0.03238492 
766 311 31 35 0.032339916 
558 298 26 30 0.032059114 
666 307 28 28 0.03153804 
805 294 17 23 0.030902203 
280 347 27 34 0.030356405 
165 322 29 30 0.030122938 
156 431 12 15 0.029662205 
527 315 26 34 0.029152397 
978 285 15 18 0.029098026 
620 367 11 14 0.0290908 
350 318 16 22 0.028916236 
68 387 13 16 0.028804844 
684 305 17 21 0.028804537 
424 329 25 35 0.027992481 
89 301 11 15 0.02793871 
22 251 9 11 0.027868291 
711 279 23 24 0.02783263 
452 331 16 20 0.02781682 
743 320 14 21 0.027699998 
946 293 17 21 0.027686318 
24 232 9 10 0.027581064 
690 290 26 34 0.027502237 
114 418 15 19 0.027490666 
98 309 22 28 0.027370706 
820 284 19 25 0.027235609 
85 229 9 11 0.02719986 
60 420 12 15 0.027199294 
990 291 12 16 0.027062254 
783 239 9 12 0.02705469 
369 315 15 22 0.02675819 
300 483 33 43 0.026728889 
70 367 12 14 0.026557416 
589 228 12 16 0.026327487 
77 422 11 13 0.02620048 
5 332 22 27 0.026096871 
857 287 22 31 0.025897047 
293 288 14 18 0.025859933 
116 410 13 16 0.025792675 
370 284 16 20 0.025724052 
150 428 11 14 0.025545128 
646 312 40 45 0.025413709 
1004 300 16 22 0.025402257 
29 428 12 15 0.025348928 
819 299 33 42 0.025316054 
782 321 26 33 0.025251944 
893 295 16 20 0.025199689 
157 356 12 16 0.025146537 
49 238 10 12 0.02511816 
397 414 11 13 0.025102843 
739 300 13 19 0.02488149 
380 381 12 16 0.024873491 
71 422 11 14 0.024871266 
872 302 23 31 0.024801478 
290 334 31 37 0.024748594 
347 336 14 22 0.024662476 
716 343 16 19 0.02457695 
544 261 12 12 0.024356652 
955 296 15 18 0.024336746 
411 292 17 21 0.024295362 
540 348 12 17 0.024190532 
775 290 28 32 0.024170863 
643 287 14 19 0.024004044 
67 245 10 12 0.023980243 
62 427 10 12 0.023952901 
337 414 28 34 0.023920244 
35 403 14 19 0.023896158 
1 254 8 12 0.023831422 
593 326 17 22 0.023800284 
445 320 29 35 0.023788882 
791 285 28 34 0.023741752 
812 301 16 20 0.023685034 
724 298 25 32 0.023651222 
142 282 47 55 0.023624003 
574 218 13 15 0.023583729 
801 323 16 22 0.023562547 
605 328 15 23 0.02329405 
349 322 25 39 0.023188148 
347 274 15 17 0.02313475 
506 273 14 17 0.023072932 
287 321 19 22 0.02277769 
387 165 22 32 0.022740966 
738 213 40 48 0.022634124 
22 409 13 16 0.022611186 
988 419 29 31 0.022514852 
0 409 10 15 0.022442618 
203 308 51 50 0.022392787 
481 300 20 26 0.02235375 
428 342 16 21 0.02221347 
256 392 11 14 0.022151627 
985 287 22 27 0.02211234 
577 298 25 32 0.022103414 
773 237 11 14 0.022085361 
85 359 24 30 0.02203618 
293 270 26 33 0.02191606 
88 294 10 14 0.021884792 
124 398 12 16 0.02179832 
609 281 15 19 0.021751707 
272 378 11 14 0.021350114 
718 290 25 30 0.021279175 
28 436 12 15 0.02127432 
153 435 11 14 0.02115124 
6 240 9 11 0.02104429 
863 320 13 19 0.020988956 
998 294 17 20 0.020857926 
11 420 16 19 0.020839173 
47 369 12 17 0.020722795 
331 365 25 31 0.020717505 
348 274 25 31 0.020674331 
10 439 20 25 0.020631898 
680 216 11 12 0.020629572 
40 241 8 10 0.020566693 
297 303 43 51 0.020474598 
524 347 24 33 0.020450244 
39 251 10 12 0.020375054 
973 295 24 28 0.020281522 
126 462 10 12 0.020278558 
890 322 18 25 0.020250207 
99 299 17 22 0.020090155 
920 296 15 20 0.020080253 
336 499 11 14 0.020072978 
428 432 22 29 0.02003399 
