10_People_Marching_People_Marching_2_373
826
981 151 28 34 0.99962366 
258 262 29 38 0.99957436 
381 187 28 38 0.9995664 
336 167 26 32 0.9993806 
808 145 25 30 0.9992674 
264 138 26 32 0.9990402 
312 205 30 37 0.9988945 
394 345 35 47 0.99884844 
568 303 30 39 0.9988116 
772 187 26 35 0.99877197 
969 92 24 31 0.9987662 
808 299 34 37 0.9987379 
756 278 33 34 0.9987288 
284 296 31 39 0.9986505 
251 400 37 47 0.99862266 
139 315 29 35 0.9985499 
270 96 25 31 0.9984315 
170 386 31 39 0.99840516 
618 113 26 31 0.998401 
224 310 30 38 0.9983339 
913 151 27 32 0.99789786 
368 384 30 38 0.9977823 
85 188 26 31 0.9975425 
695 201 29 32 0.99753296 
21 321 36 42 0.99741983 
993 79 24 29 0.9973098 
275 365 37 47 0.99727434 
107 423 42 50 0.99727064 
857 294 28 36 0.99711406 
883 174 30 34 0.9970682 
250 465 39 50 0.9969682 
89 373 34 47 0.99690044 
875 100 25 29 0.996768 
714 173 25 32 0.99662197 
145 505 44 53 0.99653697 
698 338 32 40 0.9963856 
911 227 31 39 0.9958973 
268 202 29 31 0.9957749 
980 438 29 36 0.995756 
692 294 31 36 0.9957072 
672 439 35 40 0.9956878 
942 207 29 32 0.9956418 
864 135 23 29 0.99556834 
756 335 31 37 0.99544144 
152 345 33 39 0.99539435 
985 243 29 35 0.9949174 
521 257 33 37 0.9946971 
55 307 31 37 0.9946286 
629 472 40 46 0.99427974 
795 373 34 38 0.99329364 
765 496 39 50 0.9921942 
1001 373 24 38 0.9915862 
459 327 36 41 0.991338 
410 427 34 46 0.9908642 
841 158 24 26 0.99057674 
290 469 36 44 0.9900107 
838 76 25 28 0.98962617 
766 115 25 28 0.98961824 
182 122 23 30 0.9894638 
758 237 25 29 0.987362 
511 412 42 53 0.987166 
182 436 32 45 0.9871379 
354 439 46 49 0.98690456 
967 190 25 30 0.9862343 
797 117 25 31 0.9857765 
51 53 22 28 0.9846043 
322 45 16 19 0.98384804 
478 39 21 28 0.9836099 
693 481 45 52 0.98338735 
371 109 23 27 0.9821583 
695 241 29 30 0.9810002 
347 52 19 23 0.98085505 
931 291 25 32 0.9808195 
146 102 25 30 0.9803711 
170 289 34 45 0.980025 
953 505 42 46 0.9791493 
791 65 24 30 0.9779113 
164 71 21 26 0.97576296 
658 140 25 28 0.97487044 
284 16 19 23 0.974191 
158 6 18 22 0.97358197 
990 476 31 44 0.9734996 
920 381 29 42 0.97128725 
208 259 28 35 0.97023016 
500 93 24 31 0.9697123 
878 275 26 28 0.9695914 
845 237 30 36 0.9687918 
121 34 18 23 0.9687715 
185 15 18 23 0.9675308 
624 175 26 31 0.96520597 
727 86 22 27 0.9647683 
123 7 15 19 0.96447885 
774 88 22 27 0.96443886 
71 466 36 53 0.9644131 
306 12 16 22 0.96133465 
927 120 25 27 0.95852697 
871 403 37 48 0.9574223 
334 282 31 32 0.9564882 
630 291 33 41 0.9560184 
935 73 23 30 0.95543116 
551 389 39 44 0.95303 
827 56 20 26 0.9525681 
394 250 31 34 0.952289 
775 147 23 28 0.94704473 
51 257 27 35 0.94698304 
128 384 32 39 0.9451446 
849 206 24 29 0.93874246 
370 138 24 27 0.938646 
795 272 27 28 0.93409455 
355 78 21 24 0.93393385 
254 167 22 27 0.93040574 
45 429 42 48 0.9271603 
576 62 19 24 0.9235302 
142 42 20 25 0.9224857 
756 28 19 24 0.91354513 
382 4 20 21 0.9094945 
874 68 22 25 0.9059919 
57 224 25 28 0.90110034 
314 536 47 52 0.8995815 
795 19 19 25 0.897141 
673 139 26 28 0.89710635 
817 181 21 26 0.88940185 
418 99 19 24 0.8886483 
629 409 25 36 0.8870146 
770 51 18 22 0.8863278 
345 327 24 33 0.8846706 
548 46 17 21 0.8794454 
424 51 18 24 0.8715596 
167 187 27 32 0.8648376 
614 75 21 25 0.86182886 
522 61 17 22 0.85535747 
794 413 26 37 0.85448873 
852 50 21 26 0.8422685 
369 42 18 23 0.8401371 
20 82 24 32 0.8342821 
177 502 26 37 0.83330977 
640 28 18 20 0.8252216 
199 100 22 27 0.8134369 
908 262 22 27 0.8031955 
363 14 15 18 0.803172 
330 434 28 37 0.80295247 
729 6 18 22 0.8013397 
101 241 24 28 0.79634017 
118 56 19 24 0.7900316 
932 50 13 17 0.78507006 
546 94 25 30 0.7729711 
882 49 15 18 0.7717211 
998 210 17 21 0.7710279 
205 204 26 31 0.76827 
821 512 27 40 0.76308715 
588 374 22 30 0.74634504 
816 88 21 27 0.72518426 
407 56 17 19 0.72163284 
657 53 19 23 0.713566 
185 63 19 25 0.706521 
2 8 18 20 0.70032585 
478 269 25 29 0.6974769 
456 13 13 16 0.68784475 
260 76 18 20 0.68326366 
229 82 20 24 0.6743696 
747 167 19 23 0.6708758 
56 356 30 35 0.6494386 
413 21 13 15 0.63788503 
916 84 15 20 0.61743975 
209 228 22 29 0.597526 
134 86 21 26 0.5749391 
444 43 17 19 0.57373524 
63 233 25 32 0.5732081 
53 441 46 63 0.5678859 
701 4 12 14 0.5664375 
2 87 16 22 0.54777724 
621 36 12 17 0.54487765 
742 178 23 31 0.5412702 
107 302 22 27 0.5393694 
83 12 12 15 0.5364448 
763 76 18 20 0.53093225 
958 286 23 27 0.52547735 
569 85 15 20 0.515839 
417 327 28 36 0.5124759 
673 346 25 31 0.50952595 
142 126 24 30 0.49327815 
242 9 13 16 0.49283728 
767 80 24 28 0.48257983 
934 505 28 37 0.47829875 
571 33 14 17 0.4717973 
34 58 13 17 0.46320868 
819 37 15 18 0.44978458 
363 260 24 31 0.44470114 
348 22 18 21 0.43918428 
564 0 15 15 0.43694636 
892 22 13 16 0.43433106 
0 46 12 19 0.42530763 
8 83 21 29 0.39976954 
538 77 14 17 0.3870043 
496 19 16 19 0.382693 
402 301 24 28 0.38024718 
518 33 13 17 0.3723377 
662 190 24 27 0.36869818 
550 254 30 35 0.36691388 
564 431 25 31 0.36416295 
106 312 29 38 0.36206335 
333 102 21 27 0.35574588 
235 51 15 18 0.35544688 
473 111 24 28 0.35176307 
771 11 15 17 0.34171823 
455 43 17 19 0.34073192 
942 28 12 15 0.33270475 
456 78 18 27 0.32744005 
62 246 27 35 0.31592876 
731 43 15 19 0.30891052 
186 50 16 20 0.3087946 
192 267 15 19 0.2906088 
429 328 28 40 0.2896188 
800 0 11 12 0.28404194 
242 106 13 17 0.27393347 
230 36 16 19 0.27273962 
684 11 10 13 0.27202985 
623 3 11 12 0.27168182 
269 0 15 17 0.26378083 
24 21 10 13 0.2582129 
555 21 13 17 0.2506052 
214 1 13 13 0.25004214 
833 475 32 44 0.24843368 
373 121 25 31 0.2474119 
195 47 19 24 0.24007627 
622 438 32 35 0.23254149 
996 129 23 29 0.22481585 
210 65 17 22 0.21671598 
56 20 14 16 0.21162033 
340 132 20 24 0.21004432 
193 266 24 30 0.20895036 
901 70 16 19 0.20787093 
613 15 11 13 0.20753083 
608 331 22 29 0.20495908 
820 20 11 15 0.20384198 
86 35 14 19 0.20241009 
220 179 24 31 0.19921264 
670 400 24 34 0.19226593 
871 282 30 38 0.19055545 
230 27 16 18 0.18836142 
265 71 23 27 0.18769376 
286 176 17 21 0.18215889 
191 207 24 29 0.1810127 
301 220 16 21 0.18062644 
203 54 20 25 0.17983216 
943 21 13 16 0.17810933 
133 134 23 28 0.17735624 
260 383 39 54 0.17571212 
705 143 21 26 0.17514786 
47 174 21 27 0.17468663 
750 0 13 16 0.17427166 
398 86 21 26 0.17282583 
38 14 15 20 0.1706216 
945 388 28 34 0.16834985 
55 542 36 44 0.1662886 
213 18 14 17 0.16590905 
222 86 20 25 0.16589113 
3 206 15 23 0.16281185 
467 82 14 21 0.16213067 
619 61 14 16 0.16049431 
402 76 18 21 0.15437666 
899 269 23 26 0.15253156 
938 368 31 36 0.14999539 
407 28 14 18 0.14937899 
844 53 20 26 0.14649272 
851 34 15 17 0.14644317 
450 289 31 36 0.14470646 
359 19 14 17 0.14305596 
153 297 38 50 0.1402705 
179 72 17 22 0.1401761 
669 22 11 14 0.13868532 
829 78 22 28 0.13604228 
596 251 15 19 0.1354306 
884 0 12 11 0.13472322 
629 401 17 27 0.13420227 
442 112 19 22 0.13414252 
663 0 14 16 0.13408637 
711 76 13 18 0.13328984 
862 50 21 25 0.13227525 
540 12 15 16 0.13137107 
790 473 17 21 0.12857774 
808 419 16 23 0.12643553 
260 349 30 36 0.12596628 
913 245 29 37 0.12584144 
444 331 35 40 0.1253138 
763 24 21 26 0.1237026 
0 69 9 13 0.123462304 
846 12 13 15 0.1190143 
665 200 25 30 0.11566765 
-1 195 13 22 0.11354157 
499 50 16 20 0.11260163 
851 0 13 13 0.11060181 
663 20 12 15 0.109694175 
575 380 29 34 0.108334124 
182 276 27 35 0.107273936 
241 292 15 19 0.106509484 
846 3 15 16 0.10574429 
0 262 11 15 0.1049273 
637 74 14 18 0.103702836 
946 15 13 15 0.10333588 
742 69 11 15 0.10259853 
387 119 15 21 0.102347635 
318 4 14 15 0.09976743 
11 50 15 18 0.09970894 
208 194 18 20 0.09944109 
619 68 15 18 0.09869087 
674 233 18 22 0.09784301 
920 71 21 29 0.09742862 
150 202 13 16 0.09622319 
341 437 39 43 0.09567455 
785 277 29 35 0.09550228 
3 299 15 21 0.09513379 
190 56 19 24 0.09486318 
888 45 15 18 0.09466667 
76 6 16 18 0.09407615 
123 363 26 33 0.09325402 
900 101 13 18 0.090949096 
294 1 14 17 0.09077309 
1012 27 10 16 0.089953735 
96 322 28 36 0.089798935 
610 6 9 11 0.087827675 
409 317 27 32 0.087659396 
22 2 12 14 0.086811155 
341 11 15 16 0.08645512 
352 45 22 26 0.086363606 
693 68 12 14 0.086200014 
333 134 15 20 0.08598689 
72 0 12 11 0.08459025 
889 32 15 18 0.08311146 
727 67 13 16 0.08162212 
841 219 31 37 0.0815735 
936 460 31 34 0.08132311 
31 64 14 17 0.07913292 
407 256 18 21 0.07901039 
15 67 12 15 0.0787131 
113 242 19 24 0.07860758 
410 91 21 26 0.07842276 
541 17 23 26 0.078233644 
614 6 10 12 0.07693516 
221 206 24 30 0.076809235 
77 33 16 20 0.075932905 
451 384 29 40 0.075701185 
607 29 9 11 0.07528086 
216 209 18 22 0.07427539 
394 161 18 21 0.074156694 
939 176 22 24 0.07376945 
681 465 46 55 0.0737544 
70 10 14 17 0.07373615 
211 182 23 29 0.073306926 
204 36 15 17 0.07295182 
849 470 29 38 0.071982294 
839 20 13 16 0.07197466 
139 348 36 47 0.07052261 
971 52 11 16 0.07047896 
939 516 16 23 0.06978375 
587 44 11 14 0.069608234 
276 183 27 32 0.06923197 
801 58 18 22 0.0678188 
787 78 23 30 0.06778278 
919 495 34 42 0.06771346 
695 41 14 18 0.06713912 
739 190 24 33 0.066848606 
903 373 24 29 0.066544645 
342 5 14 15 0.06650208 
3 137 16 23 0.06647169 
330 328 31 36 0.06645968 
636 59 15 18 0.06627321 
130 4 14 18 0.066018075 
635 379 26 33 0.06519261 
501 82 18 21 0.064996175 
544 99 15 19 0.064607054 
512 12 12 17 0.06439221 
878 54 22 25 0.06385537 
483 254 27 32 0.06370453 
640 5 11 11 0.06366363 
638 177 23 29 0.06264068 
843 253 30 35 0.06251737 
626 76 16 20 0.062249232 
236 209 17 21 0.061457545 
532 253 43 48 0.060900517 
0 57 9 17 0.060122557 
303 538 33 37 0.059864916 
409 81 17 19 0.058761142 
860 30 12 15 0.0585568 
546 13 14 16 0.058373746 
46 314 30 37 0.05825492 
365 22 16 20 0.057743352 
463 276 32 34 0.05768747 
102 381 35 39 0.057330374 
812 206 21 27 0.056880206 
886 70 19 23 0.056688268 
767 7 13 15 0.05616545 
1005 53 11 13 0.05601831 
341 18 19 22 0.055773396 
982 454 36 46 0.055676326 
406 130 13 19 0.055452514 
802 1 14 17 0.055395592 
419 33 16 20 0.0551828 
87 331 26 33 0.055107232 
580 37 11 14 0.05498805 
559 414 29 38 0.05489796 
371 7 20 25 0.054862615 
211 97 17 24 0.054815438 
998 46 12 14 0.05428365 
450 47 21 26 0.054037485 
349 0 13 11 0.053925976 
27 19 13 16 0.053751968 
608 22 10 13 0.053561933 
479 21 12 15 0.053431906 
1012 60 10 14 0.05336862 
458 309 31 37 0.05320326 
665 268 22 29 0.05309716 
264 -1 14 12 0.052546453 
219 11 14 18 0.05223404 
367 34 16 22 0.052197654 
338 120 21 25 0.051675066 
931 486 33 41 0.051337775 
235 18 15 18 0.05125953 
901 389 41 51 0.05092312 
0 132 11 20 0.0507379 
59 150 16 21 0.050428774 
682 196 25 31 0.050383586 
411 26 18 23 0.049996085 
829 496 30 45 0.04993129 
861 464 24 34 0.049551684 
202 42 21 26 0.049476713 
909 379 27 35 0.049365137 
982 280 15 19 0.04932129 
955 396 28 32 0.049303018 
643 274 29 35 0.0491426 
61 15 12 14 0.049138404 
533 19 15 17 0.048983157 
136 368 31 43 0.048753727 
53 374 30 45 0.048679374 
598 64 13 17 0.047806162 
399 28 12 16 0.04770545 
425 36 16 19 0.047649506 
511 304 28 35 0.04761784 
845 28 14 16 0.04726223 
240 84 14 18 0.047227804 
542 84 23 28 0.047204677 
978 484 33 39 0.04679218 
41 35 13 17 0.046780944 
548 107 19 24 0.04667226 
474 92 23 30 0.046593644 
275 51 18 22 0.046392158 
174 198 26 31 0.04631784 
436 90 17 22 0.046105277 
543 315 14 19 0.04573871 
335 12 13 16 0.04572317 
624 40 15 17 0.045621462 
680 235 26 31 0.045572992 
556 13 14 17 0.045489274 
477 27 14 18 0.04540057 
354 276 24 34 0.045190535 
1013 115 11 18 0.044893704 
21 12 13 18 0.04472883 
715 448 30 35 0.04457582 
95 3 12 16 0.04454543 
90 10 13 17 0.044453382 
451 295 17 22 0.044240814 
461 256 17 20 0.04380744 
0 139 25 35 0.04376709 
662 349 26 29 0.043703876 
193 115 23 31 0.04365865 
653 185 22 27 0.043513212 
215 222 25 31 0.04344208 
943 288 22 30 0.043266464 
39 26 14 18 0.043205928 
231 299 26 33 0.043182597 
436 49 14 20 0.043073263 
523 93 12 16 0.04287802 
747 98 13 17 0.04270596 
38 121 22 31 0.04270075 
510 379 30 34 0.042553023 
552 32 20 28 0.04228829 
523 3 11 16 0.042104747 
927 54 15 19 0.041914243 
763 472 30 32 0.04188737 
732 67 15 18 0.041833125 
629 58 15 18 0.041766517 
938 401 16 21 0.04163672 
147 335 29 36 0.041474145 
26 196 13 15 0.041104484 
933 57 22 25 0.040802635 
6 302 27 35 0.040408224 
588 37 11 14 0.040286567 
776 470 26 31 0.040152144 
53 359 19 25 0.040114414 
904 504 28 35 0.040102184 
218 95 16 23 0.039651923 
233 39 21 26 0.03959129 
783 18 21 28 0.039519418 
511 34 14 17 0.039389938 
737 94 17 21 0.03926779 
314 10 15 19 0.038972497 
155 372 38 47 0.038853515 
11 257 21 30 0.038827386 
614 29 12 14 0.038616586 
693 107 22 27 0.038384706 
823 49 19 25 0.038375493 
225 221 18 24 0.03821607 
641 74 23 27 0.03781518 
811 0 14 17 0.03773109 
334 25 15 18 0.03770748 
528 18 12 16 0.037324503 
214 70 21 24 0.037310403 
423 43 16 21 0.037283868 
1004 45 12 16 0.03724539 
38 5 15 17 0.037133083 
357 6 14 16 0.03696143 
780 69 24 28 0.03692151 
298 0 12 12 0.036687803 
95 260 22 28 0.036665894 
443 79 20 27 0.036608905 
121 150 24 33 0.03657419 
23 208 14 20 0.03634609 
587 251 19 26 0.036279075 
808 23 19 24 0.036226764 
955 201 26 31 0.03620726 
204 17 15 18 0.036171466 
574 126 15 20 0.036117874 
390 99 22 29 0.035942618 
801 130 22 29 0.035815332 
491 46 16 21 0.035795327 
851 43 18 22 0.035747238 
50 159 24 29 0.035586156 
260 42 16 19 0.035512757 
534 310 23 29 0.035502642 
53 253 17 22 0.035398852 
947 4 14 14 0.035396088 
203 276 18 23 0.035312463 
659 46 14 17 0.035279218 
520 1 11 11 0.03527083 
434 380 37 51 0.03516532 
404 63 18 21 0.035083037 
589 30 10 12 0.035080984 
697 1 12 12 0.035013445 
566 29 15 19 0.034953024 
243 14 15 19 0.034932584 
266 54 24 28 0.03471719 
2 75 14 19 0.03441436 
649 69 24 28 0.034363262 
210 6 20 23 0.034299433 
576 399 17 22 0.034234855 
446 0 11 10 0.034221936 
2 190 22 31 0.034050226 
563 377 29 36 0.03404183 
1 257 20 26 0.03400743 
123 237 16 22 0.03364801 
800 83 22 27 0.033628 
283 72 15 20 0.03358759 
601 22 9 12 0.03330629 
554 84 23 28 0.033140566 
178 178 17 24 0.03313657 
519 115 13 16 0.033067983 
421 315 27 33 0.032977756 
714 136 16 20 0.032924682 
826 19 14 18 0.032914504 
960 400 17 20 0.032899484 
103 237 16 19 0.032715164 
142 0 12 14 0.032660745 
738 16 15 18 0.032640312 
71 33 14 19 0.032520916 
579 56 15 17 0.03250923 
928 0 11 12 0.032486655 
695 11 11 13 0.032433446 
903 372 15 18 0.032352615 
290 181 21 29 0.032252394 
642 138 14 18 0.032240957 
675 20 11 14 0.032113492 
749 17 15 18 0.03207285 
4 68 11 16 0.03205055 
232 186 16 19 0.03199332 
19 75 18 23 0.031992685 
850 20 13 16 0.031746507 
36 0 14 14 0.031722594 
206 28 14 17 0.0317036 
582 21 10 12 0.031655185 
740 155 23 29 0.031524137 
580 92 12 15 0.03149687 
572 72 21 28 0.031161437 
209 249 19 22 0.031045308 
208 0 13 13 0.030949956 
930 269 13 17 0.030827899 
165 438 35 41 0.030733548 
846 456 28 35 0.03065104 
437 81 14 18 0.030632926 
582 265 13 18 0.030590303 
832 445 13 17 0.030563565 
812 509 26 36 0.030408662 
525 12 12 17 0.030399902 
683 489 35 41 0.030347368 
934 68 16 21 0.030329332 
152 193 26 29 0.03015446 
701 138 16 21 0.030050594 
379 176 26 33 0.030020596 
69 390 46 55 0.029743245 
830 181 21 26 0.029723631 
442 343 18 23 0.029618222 
975 81 26 34 0.029592223 
922 267 18 21 0.029584594 
378 436 32 40 0.029581714 
186 31 16 19 0.029525638 
449 63 21 30 0.029454209 
710 98 16 21 0.02929716 
836 227 17 21 0.029268818 
707 21 12 15 0.029119123 
640 55 21 25 0.02890092 
397 42 14 19 0.028845035 
581 30 10 13 0.028832816 
694 99 14 17 0.028821774 
18 63 22 26 0.028786765 
667 259 16 22 0.028741127 
906 94 18 26 0.028701987 
984 200 23 26 0.0286398 
739 4 14 17 0.02856122 
88 51 13 17 0.028494485 
460 8 11 13 0.028477864 
472 275 40 45 0.02838818 
377 102 17 20 0.028382543 
0 48 19 26 0.028351592 
100 252 19 24 0.028308049 
1006 60 12 14 0.028227957 
107 332 28 40 0.028169742 
651 35 14 17 0.028140651 
68 41 16 20 0.028114371 
749 309 23 30 0.028074058 
616 1 11 11 0.02785953 
439 364 23 32 0.027788052 
210 -3 22 22 0.027749255 
642 281 18 21 0.027744006 
767 59 22 25 0.027684405 
524 54 13 18 0.027663862 
387 435 46 52 0.027648887 
214 169 25 31 0.02763441 
888 103 19 24 0.027596863 
11 55 21 25 0.027563814 
460 391 18 24 0.027555292 
758 48 13 17 0.02754553 
471 85 21 25 0.027429918 
810 48 15 21 0.027425606 
111 349 27 38 0.027406722 
321 9 16 18 0.027297137 
700 35 16 20 0.027254429 
162 172 28 35 0.02718728 
389 154 14 19 0.027154014 
791 388 32 52 0.027105758 
640 1 10 10 0.027077379 
89 306 12 16 0.027054796 
688 252 30 33 0.026883528 
619 457 41 48 0.02685698 
355 291 19 26 0.026830459 
575 23 11 13 0.026758239 
1009 130 13 20 0.026739737 
871 463 27 34 0.026718743 
717 88 15 21 0.026582643 
786 50 15 17 0.02656588 
620 11 12 14 0.026528895 
656 3 11 14 0.026397 
682 274 17 23 0.026288329 
878 363 13 19 0.026287138 
675 274 17 26 0.026234305 
342 95 19 26 0.026160903 
840 177 21 28 0.02613756 
322 156 16 22 0.026115702 
665 385 26 35 0.026101617 
172 52 14 16 0.02587401 
421 403 40 53 0.025870375 
18 51 15 19 0.025696037 
654 405 27 33 0.025592787 
634 64 20 24 0.025485048 
393 123 14 20 0.02543311 
66 14 22 25 0.025429402 
517 132 15 19 0.025396502 
825 44 15 18 0.02530542 
63 263 31 35 0.02528324 
396 128 15 21 0.025167113 
520 26 19 25 0.02516665 
700 70 21 25 0.02512743 
32 82 17 25 0.02497065 
377 166 23 28 0.024959544 
74 273 17 21 0.024949253 
974 418 27 33 0.02489549 
850 73 26 31 0.024895307 
386 146 15 18 0.024848359 
334 4 14 15 0.02481844 
49 273 32 38 0.024798708 
492 81 25 32 0.024793975 
646 258 27 32 0.02474749 
95 272 15 19 0.02474042 
803 13 14 19 0.02471218 
251 104 15 19 0.024651662 
1000 61 13 15 0.024604233 
41 356 23 28 0.02458444 
601 28 9 12 0.024475714 
791 258 25 30 0.02440234 
756 320 28 35 0.024395572 
453 269 28 32 0.024350164 
600 197 25 35 0.024305634 
956 273 24 27 0.024300003 
758 152 25 32 0.024237953 
564 6 14 18 0.02420435 
712 76 21 27 0.024167012 
201 182 37 47 0.024124924 
192 184 26 32 0.024119392 
509 322 27 36 0.024093479 
658 279 18 22 0.024061602 
755 0 13 13 0.024057057 
212 152 24 25 0.023991056 
388 32 16 19 0.023924898 
71 227 19 23 0.023878785 
227 11 15 18 0.023836898 
320 171 11 17 0.023743223 
34 406 74 90 0.023681631 
349 312 27 38 0.0236759 
917 89 21 27 0.023616947 
681 134 20 23 0.023569053 
10 17 13 16 0.023567013 
186 76 15 21 0.023424545 
561 97 14 19 0.023402479 
896 105 21 27 0.02339383 
300 6 14 16 0.023371724 
797 52 15 18 0.023334768 
766 1 12 12 0.023324126 
958 20 13 16 0.023292392 
780 24 15 20 0.023271779 
587 51 12 16 0.023264986 
645 385 35 47 0.023261819 
86 337 16 20 0.023241566 
958 1 11 10 0.023224285 
29 359 26 33 0.023201978 
957 269 15 17 0.023167122 
261 355 16 19 0.02314059 
731 452 17 22 0.023110269 
797 295 29 34 0.023101296 
235 94 19 25 0.023099704 
485 20 14 18 0.02307779 
500 34 14 18 0.023056429 
45 84 12 17 0.023048483 
448 107 17 21 0.023039458 
1005 138 17 24 0.02302975 
547 77 14 16 0.023010138 
511 396 31 39 0.02299846 
659 38 12 15 0.022928003 
837 446 24 31 0.022903074 
784 131 23 29 0.02289768 
564 445 16 21 0.0228634 
853 276 30 40 0.02284608 
398 48 20 25 0.022838982 
878 -3 23 20 0.022827443 
306 57 16 20 0.022817621 
914 202 17 19 0.02281064 
116 137 23 32 0.022799622 
597 5 10 12 0.022639811 
482 287 39 46 0.022606043 
444 361 16 20 0.022577982 
460 24 16 19 0.022527145 
57 213 19 20 0.022514889 
625 429 21 26 0.022499247 
990 129 17 21 0.022346158 
463 295 31 34 0.02231706 
576 38 21 24 0.022305433 
503 1 10 11 0.022278162 
676 27 11 12 0.022198735 
951 370 41 51 0.02215054 
5 2 15 15 0.022087863 
609 2 9 10 0.022050735 
669 14 13 16 0.02204764 
272 80 20 23 0.021915248 
34 74 15 20 0.021909943 
973 502 31 39 0.021883655 
686 140 24 30 0.02187538 
328 131 14 19 0.0218391 
653 64 16 18 0.021809982 
326 106 16 20 0.021780737 
655 19 14 17 0.021739038 
571 434 28 38 0.02172849 
143 90 19 23 0.02166428 
881 177 15 20 0.021638902 
388 75 13 17 0.021613458 
978 288 16 21 0.021610327 
668 243 26 30 0.021605382 
971 1 17 17 0.021573946 
610 13 19 24 0.021563435 
949 53 14 16 0.021512011 
249 11 14 17 0.02147801 
942 373 18 22 0.0214773 
523 297 29 36 0.021419067 
686 72 14 17 0.021286884 
229 64 16 20 0.021285523 
991 39 13 16 0.021274175 
899 80 17 20 0.021247994 
523 42 14 18 0.021182893 
170 61 16 19 0.021148648 
341 29 17 21 0.021033198 
713 300 15 19 0.021031778 
1006 34 14 18 0.021004789 
937 44 14 18 0.020956438 
364 150 24 32 0.020927068 
484 14 12 16 0.020923361 
99 8 15 20 0.02092262 
252 5 13 14 0.020914385 
977 269 23 29 0.020869965 
881 259 24 29 0.020686118 
510 6 11 14 0.020628508 
436 117 19 23 0.02062712 
562 34 19 26 0.020602848 
790 428 17 24 0.02055261 
3 38 14 17 0.020534128 
392 4 16 18 0.020483023 
146 84 15 19 0.020445088 
985 429 18 21 0.020398661 
777 46 16 20 0.020375224 
717 69 12 17 0.020365195 
969 293 19 22 0.020353159 
394 417 37 42 0.020312756 
380 399 41 52 0.020310018 
13 72 15 22 0.020257208 
617 46 22 26 0.02020774 
427 18 13 18 0.020184493 
518 220 15 19 0.020149268 
724 73 16 20 0.02011766 
110 61 18 22 0.020115783 
849 266 27 31 0.020024016 
919 275 26 30 0.020016292 
