10_People_Marching_People_Marching_2_316
25
24 -11 200 241 0.9971523 
365 112 234 196 0.22368181 
386 74 126 132 0.18065795 
851 15 69 75 0.17308788 
94 -1 247 274 0.16899613 
718 263 131 175 0.15799662 
414 119 132 130 0.073653765 
-7 263 425 467 0.061029796 
648 -8 221 211 0.05948321 
895 258 71 79 0.05312173 
362 325 237 311 0.04952185 
415 84 79 84 0.048492152 
892 212 104 136 0.039528623 
335 18 377 382 0.031114006 
255 217 447 438 0.029282656 
791 63 197 213 0.029034972 
935 606 39 32 0.028128628 
382 386 131 188 0.025097225 
382 257 130 135 0.024903117 
7 183 28 42 0.024201157 
918 595 115 113 0.024048159 
88 172 209 228 0.023812637 
0 259 44 70 0.023760892 
166 136 212 223 0.022893148 
254 36 196 228 0.02135546 
