10_People_Marching_People_Marching_2_269
534
770 238 24 33 0.9967892 
245 207 10 13 0.49585435 
657 193 7 8 0.41334862 
68 221 10 13 0.3561514 
45 282 14 16 0.35199776 
724 199 9 11 0.31426966 
790 224 13 17 0.26898706 
227 222 11 14 0.22936651 
749 195 9 12 0.22188295 
724 183 9 10 0.22154124 
91 267 11 14 0.17902938 
313 240 8 10 0.15779512 
87 219 10 13 0.1511309 
726 217 11 13 0.14706036 
809 219 11 15 0.14697205 
623 234 10 13 0.14432484 
693 183 8 9 0.13990723 
716 230 10 15 0.13687561 
222 197 9 12 0.1343578 
841 214 9 12 0.13365541 
721 189 8 10 0.12971707 
670 286 11 14 0.12862034 
415 208 7 8 0.1279273 
213 234 11 13 0.12689184 
769 166 8 10 0.12623718 
274 213 8 11 0.124853745 
201 221 9 11 0.12277511 
687 191 8 11 0.122364655 
260 268 11 15 0.12087263 
173 236 9 11 0.11468918 
124 231 8 11 0.11303111 
861 178 10 13 0.11175095 
674 199 8 10 0.11165032 
773 191 9 11 0.11103326 
759 181 10 11 0.11039163 
746 192 9 12 0.1102177 
201 215 10 12 0.10835658 
647 215 8 10 0.10688851 
278 214 8 11 0.103231885 
654 216 10 11 0.10219947 
712 185 6 8 0.100933105 
712 264 10 14 0.10041067 
69 302 13 16 0.09970962 
262 220 10 12 0.09890149 
240 209 12 14 0.09801105 
228 212 9 13 0.097812556 
473 215 6 9 0.096025 
230 206 8 12 0.095947616 
205 208 9 10 0.09472824 
237 284 12 16 0.093803585 
103 213 9 10 0.09311974 
96 198 9 10 0.09141091 
744 213 10 13 0.09133957 
617 192 8 9 0.09114324 
726 286 15 17 0.08949698 
266 197 8 11 0.088112116 
846 176 8 10 0.086649634 
434 209 6 7 0.08531469 
237 199 9 10 0.08529452 
189 216 9 11 0.084040605 
669 269 9 13 0.08390996 
664 238 10 13 0.083753996 
82 206 9 12 0.08250434 
319 245 7 9 0.08229038 
743 206 9 12 0.081263274 
670 191 8 10 0.08014707 
438 214 7 9 0.0792029 
342 197 7 10 0.07904585 
398 201 8 9 0.07839906 
343 193 6 9 0.07787859 
54 232 8 12 0.07666588 
713 190 7 9 0.07658016 
191 222 8 10 0.07622589 
886 197 10 13 0.076062776 
337 200 7 9 0.07587921 
78 231 10 13 0.075494766 
266 192 8 10 0.07541088 
358 207 8 10 0.075089954 
72 236 9 11 0.07416609 
272 208 8 10 0.073685825 
699 245 13 15 0.07301725 
4 236 11 15 0.07233651 
397 379 11 15 0.072316445 
251 206 9 12 0.071561664 
662 191 8 10 0.07144096 
711 223 9 12 0.07094042 
253 252 11 12 0.07084982 
168 193 9 10 0.070646 
458 207 7 9 0.070464715 
697 214 9 10 0.070142075 
465 230 8 10 0.069152854 
475 208 6 8 0.06914377 
712 228 10 13 0.06866174 
88 237 8 10 0.06768644 
703 228 10 12 0.067435116 
696 196 9 12 0.06569844 
418 233 8 9 0.06532392 
56 254 10 13 0.0652556 
391 184 7 9 0.06466985 
96 203 11 13 0.064524844 
847 190 8 11 0.064452335 
772 196 9 12 0.063090585 
149 230 8 11 0.06303218 
439 209 6 8 0.06274991 
225 206 9 12 0.06192455 
722 289 24 27 0.06162505 
172 214 8 10 0.061402537 
414 215 8 10 0.061152995 
5 222 10 11 0.06091644 
280 199 9 10 0.060841344 
992 350 24 29 0.06061826 
741 312 17 19 0.060443826 
701 214 8 9 0.06027676 
695 191 8 11 0.059894796 
232 197 9 12 0.059661377 
638 192 7 9 0.059564855 
37 236 10 12 0.05916988 
738 174 8 11 0.058888517 
234 193 7 10 0.05841065 
384 201 6 7 0.058361817 
417 249 8 10 0.058324967 
742 175 8 11 0.058138125 
725 177 8 10 0.057227075 
687 196 9 11 0.056838334 
313 214 9 11 0.05683555 
152 207 9 11 0.056395527 
189 197 9 11 0.0561833 
695 221 9 12 0.05594792 
82 212 9 12 0.055753186 
616 197 8 10 0.055614643 
432 250 8 10 0.055043273 
609 222 8 10 0.05461634 
80 221 9 11 0.05441276 
832 182 9 11 0.054389603 
136 255 8 10 0.054293893 
89 246 8 11 0.05423316 
144 230 9 10 0.054097794 
701 198 7 10 0.053531874 
743 219 9 12 0.053418376 
143 215 8 10 0.053229377 
270 191 8 10 0.05264749 
720 215 9 12 0.052592408 
75 300 11 15 0.051365092 
808 202 12 16 0.05064302 
633 192 7 9 0.050534204 
719 221 9 13 0.050286457 
464 224 9 11 0.050210156 
622 192 8 10 0.049986508 
57 213 9 11 0.049845986 
601 240 8 11 0.04961239 
251 190 8 10 0.0492869 
690 175 7 10 0.04921064 
185 223 8 10 0.04898594 
185 248 9 11 0.048821606 
640 222 10 12 0.048817176 
64 215 9 11 0.04875217 
741 242 11 15 0.048714764 
440 198 6 8 0.0485926 
281 230 9 11 0.048570935 
728 298 21 25 0.048216786 
254 184 7 11 0.048102915 
821 222 10 13 0.047743067 
128 254 7 10 0.047029864 
809 197 10 12 0.046959233 
113 198 8 10 0.046817638 
874 201 8 11 0.04674943 
826 465 30 28 0.046742886 
601 193 7 9 0.046717793 
812 225 12 16 0.04645752 
683 265 22 27 0.04637964 
143 224 8 11 0.046256054 
698 167 7 10 0.0461131 
838 219 11 14 0.046079896 
410 190 7 9 0.046007052 
424 193 8 9 0.045969345 
549 245 9 12 0.04562678 
709 301 12 17 0.045240797 
457 200 8 9 0.044941954 
704 223 8 12 0.044400606 
0 242 11 19 0.04437262 
808 192 9 10 0.0439086 
633 207 7 10 0.043775402 
599 223 7 9 0.04377071 
237 192 7 10 0.04314747 
304 248 8 10 0.04289965 
670 184 7 10 0.042848118 
703 167 8 11 0.042807862 
334 207 8 10 0.042368274 
1010 395 14 23 0.04192051 
565 245 9 11 0.041906524 
593 223 8 10 0.04178598 
201 312 21 28 0.04178438 
253 212 9 11 0.04171557 
70 227 10 14 0.041416075 
331 208 7 9 0.041377597 
606 199 8 10 0.041329935 
478 206 8 10 0.040835477 
433 215 7 8 0.04080415 
967 182 10 12 0.040796783 
95 214 9 11 0.040777948 
453 229 9 12 0.04074214 
287 222 8 10 0.04054457 
199 317 13 20 0.040465448 
479 215 7 9 0.040383056 
101 230 10 12 0.039725948 
471 263 11 14 0.039309725 
424 222 7 9 0.03925769 
740 300 16 19 0.039129823 
879 199 9 12 0.03896714 
472 247 9 11 0.03881365 
584 183 8 10 0.038722247 
438 239 8 10 0.03870613 
752 182 9 10 0.038640484 
736 206 10 11 0.03860663 
785 183 8 10 0.038444843 
842 209 8 11 0.03837397 
248 201 10 11 0.038196366 
314 199 6 8 0.03814558 
191 230 8 10 0.038076874 
616 230 11 14 0.03784196 
782 189 9 12 0.037706394 
230 283 15 19 0.03752526 
280 220 9 11 0.037367456 
266 204 8 10 0.037163235 
816 177 9 11 0.036924206 
725 158 9 12 0.036890764 
102 207 10 11 0.0366536 
96 191 9 10 0.036562335 
253 199 9 10 0.036523294 
138 224 8 11 0.03647352 
452 221 11 13 0.036415324 
175 208 8 11 0.036409676 
847 182 8 11 0.036383938 
416 254 10 11 0.036221057 
152 253 9 11 0.036181744 
184 199 9 11 0.035855502 
62 299 15 20 0.035763863 
423 199 8 9 0.035717867 
158 224 8 10 0.0355495 
671 214 9 11 0.035360858 
647 200 7 9 0.035167683 
424 217 8 9 0.03499035 
454 215 10 11 0.03498916 
239 218 12 15 0.034902792 
458 262 10 12 0.034824967 
943 182 8 10 0.034721266 
495 205 7 9 0.03469277 
93 221 10 13 0.034584597 
643 215 7 10 0.034340028 
63 282 11 15 0.034234975 
48 235 9 13 0.03422131 
947 196 9 12 0.03407532 
966 176 9 11 0.03398117 
617 262 10 14 0.033974096 
762 326 16 18 0.03394867 
688 205 8 11 0.0339076 
124 236 8 12 0.033862285 
792 183 8 10 0.03376463 
216 214 9 11 0.03367398 
238 152 9 12 0.03360275 
1 215 9 13 0.03352607 
224 226 10 13 0.033280093 
634 197 7 10 0.033263914 
56 248 9 11 0.033178683 
416 200 8 9 0.033159204 
662 198 8 10 0.03303621 
487 256 10 13 0.032988336 
712 207 9 11 0.03296556 
398 253 7 9 0.032960925 
175 222 8 10 0.032816026 
397 223 7 11 0.032695234 
655 205 9 11 0.032684393 
90 274 14 18 0.032659315 
413 191 9 10 0.03264531 
607 193 7 9 0.032443948 
654 219 13 16 0.032391958 
734 237 13 17 0.0323838 
721 203 9 12 0.03235057 
49 277 14 17 0.032331314 
157 238 9 11 0.031989157 
378 200 6 7 0.031901903 
244 260 11 15 0.031791143 
392 228 8 10 0.031764995 
230 305 12 15 0.03154699 
646 228 11 14 0.031524528 
701 207 9 12 0.03152067 
822 215 8 11 0.03141111 
151 225 9 11 0.031398084 
520 250 14 17 0.031266853 
582 254 9 12 0.031262953 
639 198 8 10 0.031179769 
928 250 11 12 0.031030884 
418 236 9 11 0.030980868 
432 193 6 8 0.030980783 
728 261 9 13 0.03092631 
313 208 8 8 0.030863201 
181 276 13 17 0.030796975 
545 246 9 12 0.030707506 
70 283 11 15 0.030655334 
584 235 9 11 0.030518485 
610 216 8 12 0.030461928 
452 53 215 250 0.030457078 
354 208 7 8 0.030426687 
613 218 11 15 0.030426241 
956 242 10 12 0.030397626 
839 191 8 10 0.030397546 
804 208 19 24 0.030281898 
287 216 8 10 0.03022055 
190 191 8 10 0.030090706 
757 205 10 11 0.02992522 
12 269 15 19 0.029924385 
440 193 7 8 0.02992271 
359 213 7 9 0.02975599 
368 215 8 9 0.029716687 
560 246 9 11 0.029669454 
698 241 9 12 0.029351527 
81 200 8 10 0.029237965 
303 207 7 9 0.02921479 
359 200 8 9 0.029068664 
286 199 8 11 0.029041816 
1013 319 12 19 0.0290067 
168 209 9 12 0.028954742 
273 185 7 9 0.028950393 
838 196 8 11 0.028930593 
13 215 9 11 0.028553754 
279 208 8 11 0.02851163 
522 242 14 17 0.028316244 
738 167 8 10 0.028305167 
290 245 8 10 0.028275741 
600 229 8 10 0.028257467 
486 221 7 9 0.028233532 
355 231 6 9 0.028178506 
449 253 8 9 0.028171323 
335 185 7 8 0.028148983 
566 240 8 10 0.028148394 
12 235 11 14 0.028102601 
41 216 9 11 0.02799946 
453 237 9 9 0.027981518 
609 214 20 27 0.027976261 
474 200 6 8 0.027895339 
615 205 9 11 0.027858665 
158 255 8 11 0.027805341 
9 272 24 30 0.027795017 
254 259 14 18 0.027791575 
353 215 7 8 0.027788613 
385 208 6 8 0.027542925 
762 469 15 20 0.027533768 
431 223 7 8 0.027527604 
0 230 18 27 0.027483989 
649 192 6 8 0.02746906 
784 196 8 13 0.027468808 
734 221 9 12 0.02737282 
646 221 10 13 0.027365444 
238 255 12 14 0.027319362 
391 190 7 9 0.02731637 
715 298 22 27 0.027199395 
376 247 8 10 0.027168393 
742 229 10 14 0.027143823 
799 184 7 9 0.02699083 
763 461 13 15 0.026967201 
338 192 8 9 0.026919605 
796 222 12 14 0.026899058 
836 149 15 16 0.026897386 
568 216 8 10 0.026884887 
694 175 7 10 0.02683892 
289 238 8 10 0.026815653 
156 207 11 12 0.026799064 
22 238 10 12 0.026741924 
207 229 12 15 0.02672441 
385 183 8 9 0.026677208 
632 221 9 12 0.026652995 
967 189 10 13 0.026587734 
712 197 8 11 0.026543146 
103 247 8 10 0.026491964 
487 216 7 8 0.02645042 
833 227 10 14 0.026340082 
503 198 8 11 0.026303584 
688 213 8 11 0.026212435 
949 294 8 11 0.026197203 
798 190 9 11 0.026175003 
620 219 12 15 0.02615546 
278 184 7 9 0.026090333 
410 207 7 9 0.025832208 
809 177 9 10 0.025763486 
394 200 7 10 0.025709353 
268 268 12 17 0.025653062 
744 182 8 10 0.0255197 
713 213 8 10 0.025392015 
448 248 8 11 0.02529674 
709 246 9 13 0.025178706 
286 204 10 12 0.025175614 
319 199 7 9 0.025143139 
765 181 9 11 0.02504399 
669 276 11 15 0.02503965 
422 233 7 9 0.02501061 
82 175 8 11 0.024986207 
888 176 9 9 0.02496001 
96 238 8 10 0.024959464 
286 231 9 11 0.02493401 
86 296 16 18 0.024863431 
735 230 10 13 0.024849342 
734 327 15 19 0.024847602 
703 261 11 14 0.024846843 
455 255 9 9 0.024777958 
432 232 7 8 0.024760714 
680 231 8 11 0.024750836 
791 196 9 13 0.024736272 
602 198 7 11 0.024726028 
368 192 7 8 0.024713458 
347 215 6 9 0.024673725 
808 184 7 8 0.02467171 
615 226 21 28 0.02465515 
667 262 10 13 0.024385013 
97 231 9 12 0.02437931 
748 214 10 13 0.024280401 
295 230 9 11 0.024243861 
369 222 8 10 0.024202667 
410 184 8 10 0.024192825 
141 228 19 25 0.024168788 
463 256 9 11 0.024167007 
726 279 14 17 0.024049362 
447 191 7 8 0.02403975 
441 185 7 9 0.023980243 
879 181 8 9 0.02389678 
621 256 11 15 0.023895768 
736 181 8 10 0.023866124 
605 239 8 12 0.023751868 
750 202 11 13 0.023720142 
83 214 20 24 0.023714652 
89 284 12 15 0.02368732 
211 318 18 21 0.023541328 
381 247 8 10 0.02352562 
144 233 10 14 0.023361528 
117 197 8 10 0.023339914 
739 323 15 17 0.023317976 
825 474 14 16 0.023315433 
112 193 8 9 0.023211181 
146 246 8 12 0.023125183 
30 214 8 11 0.023103692 
879 176 7 9 0.023036879 
241 203 18 22 0.02303353 
664 150 8 9 0.0230079 
149 234 11 15 0.022924835 
86 229 10 14 0.022917645 
667 243 11 13 0.022892453 
830 165 8 10 0.022891503 
46 205 8 10 0.022850158 
129 248 6 9 0.022804122 
422 247 8 10 0.0227916 
295 247 8 10 0.022789517 
581 215 8 10 0.022770947 
263 282 13 17 0.022768535 
714 260 13 16 0.022735465 
91 305 16 18 0.022718826 
157 229 9 11 0.022624508 
100 188 10 11 0.022554308 
294 223 9 11 0.022526938 
716 215 18 25 0.022490723 
718 192 19 23 0.02247941 
575 232 8 10 0.022451032 
375 207 7 9 0.022446321 
664 253 10 13 0.02237581 
527 214 8 10 0.022272183 
932 247 10 13 0.022241572 
94 247 8 10 0.02217498 
455 192 6 8 0.02217421 
812 192 10 12 0.022173258 
599 206 8 11 0.022164976 
330 200 6 8 0.022109523 
665 185 8 10 0.022091715 
469 231 9 10 0.022043139 
293 238 9 11 0.021995826 
775 407 12 14 0.021929663 
686 238 9 12 0.021861004 
780 450 23 26 0.021830874 
660 229 12 14 0.02176941 
678 215 8 11 0.021734586 
23 231 9 11 0.021732101 
51 315 25 36 0.021727081 
170 237 8 11 0.021724168 
598 214 7 11 0.021623123 
470 222 8 10 0.021593966 
368 208 8 9 0.021591501 
560 207 7 10 0.021556357 
480 221 8 9 0.021551466 
199 200 20 25 0.021516046 
489 207 7 8 0.021504676 
279 191 7 10 0.02150042 
320 192 8 10 0.021496378 
559 199 7 8 0.021357752 
670 172 9 11 0.021317516 
302 230 7 10 0.021183053 
942 239 10 13 0.021179523 
108 213 9 11 0.021179197 
521 198 8 10 0.021175696 
101 235 9 12 0.021163829 
784 205 9 12 0.021154456 
192 183 8 10 0.02114945 
561 232 8 10 0.021132737 
44 220 10 11 0.021089785 
108 222 10 11 0.021086715 
495 275 12 16 0.0210123 
789 205 9 11 0.021001639 
838 183 8 11 0.020997321 
681 191 8 10 0.020926613 
946 191 9 12 0.020924617 
100 199 10 11 0.02087177 
312 218 9 13 0.0207641 
70 196 10 13 0.020760426 
75 285 14 15 0.020702742 
118 193 7 9 0.020687606 
385 214 7 8 0.02065269 
661 214 11 14 0.020644192 
735 191 8 9 0.020618098 
677 204 8 10 0.020613052 
144 208 9 11 0.020588508 
550 100 61 65 0.020567253 
438 247 8 10 0.020511342 
45 282 22 28 0.020471781 
726 164 8 10 0.020426167 
256 267 21 26 0.020424878 
280 245 9 11 0.020383015 
110 206 10 11 0.02036792 
45 297 15 19 0.020342357 
704 184 7 9 0.02032828 
433 199 6 8 0.020322116 
328 192 7 9 0.02027766 
735 199 9 10 0.020252114 
250 247 9 12 0.020213436 
558 107 36 41 0.020095052 
102 222 10 12 0.020052092 
85 200 10 11 0.020041049 
734 92 202 234 0.020034354 
-1 278 10 17 0.020030769 
