10_People_Marching_People_Marching_2_591
1697
851 182 29 38 0.9993573 
755 193 27 34 0.99674416 
894 159 46 52 0.98934424 
596 185 21 27 0.98775625 
507 1122 15 18 0.9873467 
529 1275 18 24 0.9852629 
671 192 23 28 0.98507696 
155 185 19 22 0.97898805 
459 185 18 24 0.9693877 
40 176 20 26 0.9683405 
538 1224 20 24 0.9613387 
611 1280 19 24 0.9611819 
277 188 16 24 0.96086115 
513 1181 20 26 0.95754266 
426 1220 18 23 0.9544885 
212 186 20 26 0.9494435 
47 1107 13 17 0.9486789 
106 1170 15 19 0.9321956 
86 177 17 24 0.92707074 
414 1132 14 19 0.9020608 
844 1243 20 28 0.90085965 
621 1226 18 21 0.8949755 
875 1340 17 26 0.8824905 
694 1269 15 21 0.8421487 
338 1178 13 16 0.83229303 
292 1174 15 19 0.8173116 
668 1240 15 19 0.81629646 
910 1258 27 35 0.8118232 
163 1062 15 19 0.80428886 
363 1216 17 23 0.78742236 
458 1199 18 24 0.77038383 
805 1299 20 28 0.76644033 
322 1137 15 18 0.7626806 
568 1303 19 24 0.7482607 
555 1354 20 23 0.74332726 
773 1267 17 23 0.7151101 
360 1140 14 19 0.713323 
163 1162 15 22 0.71285707 
285 1090 14 19 0.70088667 
149 1128 16 19 0.6990726 
370 201 16 22 0.67764026 
74 1155 15 20 0.67111176 
815 1161 15 19 0.6649317 
414 1281 25 39 0.66113156 
207 1152 16 21 0.6530318 
586 1191 15 20 0.65266347 
416 183 19 24 0.6485654 
78 1126 13 16 0.6460351 
131 1156 14 18 0.6407273 
420 1265 20 31 0.6267812 
640 1345 22 24 0.6031294 
219 1245 16 23 0.5997031 
668 953 45 58 0.5939269 
450 1273 16 22 0.55182165 
914 1133 15 21 0.5397214 
117 1132 16 20 0.5291047 
155 1373 23 36 0.50767165 
650 1285 14 19 0.5031144 
499 1227 16 21 0.5029708 
39 1186 18 22 0.5002378 
335 194 16 22 0.49564758 
244 1165 14 17 0.49327114 
550 504 15 18 0.46784404 
484 1267 20 27 0.44590533 
218 1187 15 19 0.4453553 
574 1252 19 25 0.4450004 
355 1258 17 21 0.44419512 
279 1167 14 18 0.44335458 
507 1271 15 21 0.43418527 
249 1222 23 27 0.43179458 
837 1101 12 16 0.4217922 
303 1151 15 21 0.41554826 
939 1088 13 18 0.41360274 
695 1327 20 28 0.39746678 
737 1268 13 19 0.39726856 
609 1367 15 19 0.3961563 
283 1170 15 19 0.3861244 
762 1242 16 25 0.37641716 
740 1162 15 19 0.37438577 
524 1328 21 26 0.36425132 
745 1192 16 20 0.3623661 
464 1315 23 31 0.3588104 
655 1212 13 18 0.3435077 
611 1139 15 19 0.33716688 
183 1073 14 17 0.33103016 
503 1232 21 26 0.32946458 
394 191 14 18 0.32777596 
879 1084 13 16 0.32283583 
964 1104 14 17 0.31581414 
935 1164 14 19 0.3020008 
154 1095 15 19 0.30129346 
321 1288 18 24 0.2993784 
319 1231 21 25 0.2985428 
7 1114 12 15 0.29836425 
398 1281 24 33 0.29549342 
893 1305 16 24 0.29534572 
449 1145 14 18 0.29309532 
860 1065 11 15 0.2858942 
736 1357 21 28 0.28505924 
564 1235 17 20 0.28260708 
238 622 10 13 0.27187654 
149 1197 15 21 0.26837197 
718 1116 13 16 0.26114222 
81 1208 17 21 0.2584532 
477 1158 13 16 0.25481084 
814 1137 15 19 0.2513181 
630 1318 17 22 0.25096703 
820 1076 15 18 0.2498743 
245 630 10 13 0.24805753 
905 1343 23 29 0.24500725 
893 1138 17 19 0.2445084 
90 1154 14 18 0.2437394 
820 1293 21 28 0.2422755 
590 1208 16 19 0.24063925 
986 1202 15 19 0.23823988 
739 1118 13 17 0.23812619 
535 1113 14 18 0.23651564 
1006 190 18 24 0.23557898 
1005 1320 15 20 0.22892772 
383 1169 14 18 0.22745854 
906 715 15 20 0.22634967 
221 1236 18 21 0.2256544 
253 1130 13 18 0.2231525 
356 1212 18 23 0.22225016 
350 631 15 17 0.2210227 
931 1052 12 16 0.21655342 
784 686 11 13 0.21645331 
251 1195 15 18 0.21456975 
20 1132 12 17 0.20764463 
765 1069 10 12 0.20586051 
986 1087 15 18 0.20466663 
765 1125 12 17 0.2043717 
240 627 11 13 0.20174462 
309 660 13 15 0.20158464 
619 1208 16 19 0.19781603 
644 1204 14 18 0.19122654 
430 1281 24 33 0.19057861 
880 708 10 12 0.18911809 
910 1082 14 19 0.18868224 
318 1100 15 19 0.1870995 
181 1139 16 19 0.18675002 
990 1177 16 20 0.18582326 
928 699 9 11 0.18397425 
691 1296 14 19 0.18005072 
768 1084 14 17 0.17881408 
201 1217 17 21 0.17782281 
134 180 24 29 0.17530483 
627 1210 15 20 0.17390558 
249 1209 16 20 0.17362398 
972 1106 12 15 0.17251812 
572 1192 14 18 0.17135933 
258 1195 15 19 0.17063539 
261 1130 13 17 0.17035913 
598 1326 21 26 0.16906102 
1005 1165 15 19 0.16886307 
853 1108 13 16 0.16771299 
933 1048 9 11 0.16245691 
103 1177 21 26 0.1610426 
51 1159 15 20 0.15386812 
958 1101 15 17 0.15059333 
861 1129 16 20 0.1500685 
230 1210 13 17 0.14920853 
758 1130 14 17 0.14892142 
241 1169 19 24 0.1485701 
515 218 20 22 0.14774784 
180 1087 17 20 0.14572474 
445 1278 17 22 0.14454737 
384 1275 24 30 0.14412042 
1012 1120 12 18 0.14203653 
153 599 10 11 0.14032967 
734 1102 13 15 0.14016895 
212 1136 16 20 0.13855721 
405 1179 13 19 0.13806699 
631 1110 12 15 0.13558432 
768 1077 11 13 0.13496225 
924 1074 13 16 0.13480882 
43 1191 19 26 0.1347002 
817 1131 16 20 0.1342647 
433 1268 21 31 0.13375105 
934 1128 15 20 0.13317981 
820 1338 23 30 0.13289326 
174 1088 14 17 0.13226618 
939 1203 14 19 0.13185012 
163 1105 15 19 0.13178971 
397 1224 16 22 0.13091458 
568 1241 20 25 0.12999263 
245 1114 15 17 0.1286731 
573 1124 13 16 0.12865107 
889 1184 20 27 0.12822287 
521 300 13 16 0.12806213 
276 1193 15 19 0.12738958 
709 1134 14 18 0.12728503 
466 1242 15 21 0.12726693 
286 276 14 17 0.12632832 
49 1213 16 22 0.12616862 
614 1354 20 28 0.12574032 
660 1319 17 20 0.12307358 
772 1113 13 16 0.12258544 
910 1244 23 30 0.12234574 
661 1128 16 19 0.12212911 
107 1115 13 17 0.12201428 
732 1319 17 22 0.121378385 
987 1127 16 19 0.121189885 
801 1345 16 22 0.12089389 
696 551 6 8 0.12062863 
701 1227 15 17 0.12039437 
795 1107 12 16 0.12033293 
767 688 12 13 0.11909335 
520 1336 22 30 0.11907146 
472 1125 11 15 0.11894037 
883 1079 12 15 0.11662204 
679 1108 11 13 0.11653757 
600 1358 21 27 0.116089344 
540 1194 15 19 0.11430837 
908 1098 13 17 0.11254184 
631 1101 8 11 0.11234387 
792 1236 12 16 0.111213066 
282 1251 17 22 0.111028954 
196 1239 21 26 0.11021265 
659 1123 14 17 0.10975618 
735 565 9 11 0.109344594 
836 1225 17 22 0.10888146 
1007 27 17 23 0.10799616 
11 573 14 19 0.10777458 
279 629 9 11 0.107240826 
579 1165 17 21 0.10683088 
566 1194 13 17 0.10648384 
662 1296 16 21 0.10561722 
515 1239 15 21 0.10482803 
995 1237 19 23 0.104315415 
605 1102 10 14 0.10429036 
586 1198 20 23 0.10374699 
445 1125 11 14 0.103183344 
214 597 8 9 0.102492206 
860 1201 15 23 0.10245348 
93 1116 14 17 0.10228951 
669 681 14 17 0.10184912 
498 1266 19 25 0.10171198 
281 622 9 12 0.10138135 
706 1217 16 19 0.101293236 
447 654 11 13 0.10110788 
783 50 21 28 0.10068395 
717 524 8 11 0.10017506 
165 1207 21 28 0.1001699 
208 631 8 11 0.100075215 
987 1183 22 25 0.099077456 
764 1116 13 16 0.09885662 
286 568 8 10 0.09710216 
557 1144 13 18 0.09695944 
169 1066 14 19 0.096338764 
347 1203 15 18 0.095882475 
551 1145 12 18 0.09462119 
835 1207 14 20 0.09458324 
773 1164 15 20 0.09453362 
684 1106 10 13 0.094471134 
686 1124 10 14 0.09420394 
712 1123 12 16 0.09385217 
964 1140 15 17 0.09347255 
703 1096 13 17 0.09334473 
392 132 12 17 0.093302675 
747 1233 14 19 0.09306078 
852 1191 16 22 0.09288273 
885 1304 16 21 0.09256378 
372 1122 12 15 0.09204148 
843 1173 16 20 0.09162353 
306 1211 14 18 0.09149241 
223 591 9 11 0.091367945 
229 1267 24 31 0.09076712 
119 583 10 13 0.08935982 
478 1193 13 19 0.08876169 
270 615 9 10 0.08756684 
637 1208 15 19 0.08726919 
672 988 13 15 0.08706443 
292 659 13 17 0.08639532 
378 1273 18 22 0.086033605 
5 1183 16 23 0.08591756 
588 1099 11 14 0.08582711 
662 1162 15 18 0.08565306 
12 1098 12 16 0.085523754 
944 696 9 12 0.084859684 
797 1340 16 20 0.0844625 
122 1104 14 17 0.083748095 
510 1348 22 29 0.08366041 
786 1142 15 18 0.08304036 
972 1169 15 21 0.08291707 
850 244 18 23 0.08209106 
322 1241 22 28 0.081641346 
384 93 10 13 0.081286855 
366 694 12 14 0.08048788 
714 1332 14 19 0.08018309 
788 677 10 12 0.07984977 
321 622 9 11 0.079641044 
894 1179 24 28 0.07955766 
962 1304 16 22 0.07949193 
624 1096 10 12 0.079307474 
286 1123 12 15 0.07922351 
403 1276 15 21 0.07915734 
481 1186 19 24 0.0790937 
596 1250 16 19 0.07876727 
365 1116 14 19 0.07876197 
388 1208 18 23 0.078377634 
860 1187 16 21 0.07803338 
454 1308 24 31 0.07781924 
782 1085 10 15 0.077556714 
302 660 13 16 0.077324726 
749 1314 12 17 0.07730208 
303 621 9 10 0.077061296 
156 633 15 20 0.07690458 
815 1069 11 12 0.07682663 
109 1124 15 18 0.07667998 
867 1184 14 19 0.076632485 
307 1105 14 20 0.07655466 
703 624 9 10 0.076090865 
241 284 11 14 0.07547964 
177 1234 17 21 0.07509047 
846 1178 21 27 0.074988395 
245 1106 16 18 0.0747328 
869 1153 16 19 0.07433438 
858 1116 13 15 0.07432048 
705 1271 15 19 0.07415929 
333 1256 24 26 0.07391325 
285 573 8 10 0.073765084 
671 1108 10 12 0.07356399 
246 1200 17 21 0.07330137 
861 1272 15 20 0.07318626 
492 1219 18 24 0.07310418 
492 1209 15 19 0.07299591 
487 1084 11 13 0.07282599 
329 469 8 10 0.07249943 
623 1349 21 28 0.07193527 
702 607 8 10 0.07175624 
965 1169 15 20 0.07152062 
438 1340 22 29 0.071490325 
707 1330 15 22 0.07130431 
121 486 7 9 0.07127182 
583 1249 19 25 0.07096554 
904 1050 11 14 0.07063115 
427 1261 15 23 0.070143245 
385 1288 25 30 0.069627 
190 1179 14 17 0.06943617 
980 1108 14 17 0.069384865 
122 1125 15 17 0.06922203 
739 1109 12 14 0.069193564 
606 1144 15 18 0.069089286 
820 1090 12 15 0.06907367 
725 1109 13 15 0.06866572 
541 1103 11 14 0.06838447 
596 1311 20 25 0.06806561 
281 574 8 9 0.06797079 
909 701 9 11 0.06788565 
981 1171 19 26 0.06773145 
670 975 26 32 0.06771332 
596 1264 16 20 0.067622125 
772 687 11 13 0.06747803 
261 1165 12 16 0.067451045 
281 1097 13 19 0.06713011 
213 606 10 12 0.06691714 
836 1233 22 28 0.06686604 
726 1319 15 23 0.06680253 
876 1295 22 27 0.06679412 
246 647 10 13 0.06668891 
205 1140 14 17 0.0666856 
650 504 7 9 0.0666416 
684 1330 22 28 0.066580124 
188 1144 15 20 0.06644319 
881 1372 16 21 0.06643245 
143 1126 13 17 0.06635325 
931 1135 15 20 0.06629772 
478 1070 9 12 0.06623285 
816 1082 14 17 0.06621818 
996 1171 15 19 0.06617493 
88 551 9 10 0.066040695 
43 262 27 32 0.06596666 
38 534 10 12 0.06577209 
467 1307 16 22 0.06565095 
654 1118 14 17 0.06541718 
352 566 7 9 0.06533794 
684 1118 11 15 0.0652224 
720 1230 12 16 0.06444352 
691 1194 14 17 0.06420424 
335 567 9 10 0.064139955 
766 703 13 14 0.06409912 
738 1084 13 15 0.063954554 
655 533 8 9 0.06378593 
611 1153 17 20 0.063753314 
148 1169 15 19 0.063747376 
229 1090 11 16 0.06364847 
60 1152 19 25 0.06359399 
4 1130 12 16 0.06356063 
169 1156 17 22 0.06351765 
540 201 16 21 0.06331293 
174 1200 15 22 0.0632816 
249 527 7 9 0.06292835 
540 1122 11 15 0.06281736 
819 708 10 14 0.06273013 
598 1126 13 15 0.06248239 
1007 1130 13 20 0.062430996 
469 1185 14 19 0.0621413 
81 1152 17 23 0.06188177 
915 1275 18 24 0.06176365 
245 1122 16 19 0.061681338 
190 1210 25 28 0.06159798 
629 1130 12 16 0.0615811 
350 1210 17 20 0.061527237 
316 1174 12 16 0.061491594 
977 1165 17 23 0.061353534 
928 1057 12 15 0.061288454 
988 1076 15 18 0.06081886 
556 1110 10 12 0.060566906 
209 591 8 11 0.060310777 
430 1168 16 20 0.06022133 
997 100 23 32 0.06013952 
810 1334 21 31 0.060091645 
485 1225 16 20 0.06004027 
233 526 7 10 0.05996069 
282 567 7 10 0.05988478 
581 296 14 17 0.05954926 
737 1091 14 17 0.059479307 
769 1379 18 22 0.059206374 
893 1151 15 18 0.05915813 
870 1287 21 30 0.058527596 
679 557 9 11 0.0584349 
397 126 11 15 0.058293886 
268 1195 13 19 0.058286086 
727 541 8 11 0.058260098 
991 1069 11 14 0.058031574 
830 1094 11 15 0.057936225 
846 1133 13 15 0.05784495 
242 1181 21 26 0.057693675 
981 1067 11 13 0.05763737 
0 1155 8 15 0.057427343 
703 575 8 9 0.057427216 
646 1198 14 17 0.057422556 
721 567 8 10 0.05712744 
753 1187 13 18 0.05708816 
852 1120 15 18 0.057013456 
759 1114 13 17 0.056859117 
254 584 8 10 0.05683216 
787 1210 13 16 0.056828395 
532 206 16 22 0.056759655 
973 1213 14 19 0.056587707 
420 155 11 14 0.05636467 
467 1195 15 21 0.056347396 
678 1123 13 16 0.05617073 
601 1107 11 13 0.055721316 
476 1180 14 19 0.055625122 
341 1200 16 20 0.055581458 
240 598 9 10 0.055577777 
876 1097 13 16 0.055560965 
587 299 15 18 0.055444956 
270 636 9 12 0.0552868 
998 1069 10 13 0.055249196 
688 552 7 10 0.05518441 
669 1137 14 17 0.055146404 
264 558 9 11 0.055110946 
395 1230 23 29 0.05501945 
769 646 8 10 0.05475818 
699 502 8 10 0.054711264 
552 587 10 13 0.054610867 
423 179 16 20 0.05458921 
589 493 11 13 0.05445499 
388 83 14 16 0.05440019 
740 1315 14 20 0.054380827 
753 1234 20 27 0.05423975 
551 1110 10 13 0.053975534 
516 1343 16 23 0.05394895 
774 1330 14 20 0.053887207 
685 608 8 9 0.05387691 
724 1177 12 17 0.053749092 
272 607 9 11 0.053682826 
413 1272 18 25 0.05362473 
772 1319 16 22 0.053548645 
654 503 7 10 0.053517196 
622 1314 17 21 0.053447314 
283 1103 14 18 0.05335253 
428 493 10 11 0.053074896 
771 1124 13 18 0.05303157 
669 1148 14 16 0.052911352 
189 1184 19 24 0.05275211 
232 502 7 9 0.052607868 
0 511 9 13 0.05260648 
813 1226 16 21 0.052600704 
32 540 8 10 0.052440736 
914 1126 14 17 0.052358717 
508 211 19 21 0.052301385 
713 591 9 11 0.05225638 
798 1113 11 15 0.0521601 
460 1187 15 18 0.052054837 
289 1095 15 19 0.05197013 
741 1079 11 13 0.05173072 
658 549 7 10 0.05165787 
696 568 8 9 0.051536474 
756 1136 14 18 0.0514603 
708 1196 14 17 0.05140636 
314 157 25 32 0.051267873 
244 623 10 14 0.051263012 
239 633 11 14 0.05126073 
597 1343 24 31 0.051178634 
580 1130 12 18 0.051113315 
867 1224 23 28 0.051077038 
852 1129 15 19 0.05104138 
847 1107 11 15 0.050979897 
6 1121 12 17 0.050577145 
293 1163 15 20 0.050378345 
690 526 7 10 0.050303925 
214 628 9 12 0.050142482 
718 599 9 9 0.050003946 
217 551 7 10 0.049980447 
530 1333 23 30 0.049973756 
244 1084 12 14 0.0498473 
208 611 10 12 0.049776472 
515 1270 19 25 0.049610894 
909 1356 15 20 0.049395762 
516 203 16 19 0.04934077 
215 592 8 10 0.049268104 
832 717 11 14 0.049263533 
548 1189 14 17 0.04926026 
470 1129 14 20 0.049091563 
280 560 7 9 0.048842236 
452 165 12 14 0.04880481 
978 1185 40 54 0.04879112 
165 181 22 25 0.048762914 
645 1278 16 20 0.048628237 
727 582 8 9 0.048626628 
866 1264 16 22 0.04862603 
739 1126 14 17 0.048494417 
450 1283 18 23 0.048468094 
256 544 7 8 0.048337143 
428 1125 12 14 0.048332993 
369 1211 16 23 0.048316337 
234 1199 20 26 0.04824288 
964 1130 15 18 0.048213586 
735 1079 11 13 0.04817939 
284 1244 16 18 0.048174478 
156 1087 13 16 0.04812834 
924 1137 14 20 0.048043203 
449 1258 17 20 0.04802876 
996 1375 23 36 0.04799232 
713 597 9 10 0.04798035 
437 193 13 17 0.047524527 
856 742 9 13 0.047498282 
296 615 9 12 0.047471885 
393 1204 15 19 0.047447868 
718 584 8 9 0.047436282 
765 231 17 24 0.047344532 
273 599 8 10 0.047269054 
269 560 8 9 0.04726406 
103 1139 13 17 0.04707418 
240 651 11 13 0.04693543 
851 1172 15 19 0.04691247 
981 1208 14 21 0.046894148 
882 1206 21 29 0.04683736 
373 1141 10 16 0.04678217 
567 1252 15 19 0.04667602 
51 1200 16 24 0.0465554 
426 191 15 20 0.0465426 
757 1268 12 16 0.046536006 
239 1190 19 26 0.046504382 
141 1193 16 21 0.04649854 
606 655 26 35 0.046449818 
687 1145 14 20 0.046305887 
686 1232 13 18 0.046280283 
402 184 18 25 0.046263658 
188 1133 15 20 0.04620823 
783 678 12 14 0.04620005 
744 631 9 10 0.046177194 
271 1170 13 16 0.046138182 
286 1208 14 17 0.046081983 
946 1304 15 22 0.04598984 
561 574 10 11 0.045896772 
906 1180 17 19 0.04587237 
924 733 13 19 0.04576327 
428 508 10 12 0.045728095 
69 1150 16 20 0.045681033 
435 1202 14 17 0.045529205 
872 1086 13 16 0.04552121 
816 1185 14 21 0.045512266 
1013 1215 13 19 0.045477193 
712 551 9 11 0.045465436 
194 1145 18 24 0.04535962 
264 576 8 10 0.045276318 
576 564 8 10 0.04525198 
71 1104 11 15 0.045250136 
163 1091 14 18 0.045035053 
625 521 8 10 0.045002457 
791 1102 14 17 0.044996925 
279 592 8 9 0.04498486 
639 1330 24 28 0.044908687 
10 1079 14 18 0.044895396 
540 599 11 13 0.04468515 
727 566 10 11 0.04460993 
728 1072 9 12 0.044564594 
513 546 11 14 0.044474527 
300 1140 13 15 0.044337954 
331 1228 14 19 0.04422579 
92 1091 12 13 0.04417745 
363 1135 13 16 0.044140067 
963 1239 25 28 0.04408558 
693 1227 13 19 0.044071816 
278 638 9 10 0.044039704 
446 1130 14 17 0.044027623 
820 702 10 13 0.0439266 
225 596 7 10 0.043878146 
291 1242 16 20 0.043791477 
258 550 7 10 0.043640554 
238 567 9 11 0.043570545 
418 195 16 21 0.043494526 
782 1219 14 17 0.043462377 
331 1250 16 21 0.043380708 
666 1156 15 19 0.043371394 
905 1105 13 17 0.043354448 
640 53 12 14 0.04321709 
454 1248 21 26 0.04320555 
539 1210 16 19 0.043145392 
654 1109 12 14 0.043068305 
921 1248 16 22 0.042930294 
108 1135 17 20 0.042876054 
615 1101 9 12 0.04275318 
805 1093 11 13 0.042752303 
810 1142 20 25 0.042606607 
355 1205 15 18 0.042602103 
382 137 14 18 0.042576354 
287 653 14 17 0.042527303 
748 1124 12 16 0.042449743 
101 1119 14 18 0.04242215 
327 1076 11 14 0.042366598 
262 551 8 10 0.042229813 
974 1077 12 15 0.042215176 
809 1069 10 11 0.042171933 
55 537 7 9 0.042146143 
726 653 8 9 0.042145196 
248 613 8 10 0.042137586 
378 1209 19 26 0.042133793 
222 606 8 11 0.042119805 
567 1131 13 16 0.041990273 
674 1236 14 19 0.0419764 
360 1118 11 15 0.04194464 
565 1212 14 17 0.041942906 
446 181 22 27 0.0419343 
941 1414 11 14 0.041933566 
157 694 12 15 0.041911103 
917 1077 13 16 0.04182085 
789 1340 15 19 0.04182006 
993 694 7 10 0.041651703 
564 1219 14 19 0.0416317 
443 192 15 18 0.041617114 
699 1261 14 19 0.041487772 
694 1252 14 16 0.04148389 
447 1151 14 20 0.04147719 
370 559 6 9 0.04136002 
217 568 7 9 0.0413264 
923 1081 15 18 0.041300453 
350 624 13 15 0.041212536 
502 1094 8 10 0.041188356 
996 192 18 24 0.041074403 
666 1303 15 20 0.04102549 
989 1098 13 15 0.04101987 
552 1224 19 25 0.041016564 
334 669 11 13 0.04100572 
334 1184 14 18 0.041002966 
610 588 13 16 0.04099132 
145 1094 11 15 0.040977694 
892 1123 15 18 0.040971782 
959 1122 14 17 0.040915865 
917 1179 15 19 0.040879413 
195 1138 16 19 0.040743746 
202 512 9 11 0.040736936 
860 1168 15 20 0.040710565 
603 1266 16 19 0.040707566 
687 679 9 12 0.040642314 
234 616 9 11 0.040603817 
169 1220 24 30 0.040522482 
853 1206 18 23 0.040519413 
964 1294 21 28 0.040451083 
739 1206 17 21 0.04031314 
963 1113 16 19 0.040288385 
455 1179 15 18 0.04028537 
345 542 8 10 0.04028309 
812 1255 16 20 0.040238254 
1010 103 13 21 0.040170874 
622 1132 13 17 0.040155597 
368 120 14 18 0.04015205 
279 1105 12 17 0.040134046 
899 1238 23 29 0.04010751 
887 1341 22 30 0.040091667 
412 663 15 18 0.040039983 
875 1149 14 20 0.04002185 
295 1153 15 20 0.040018935 
45 1118 15 18 0.03998601 
652 1287 19 27 0.039914828 
738 1349 18 22 0.039865736 
596 1147 14 19 0.03984133 
782 663 11 13 0.03983765 
837 1191 20 28 0.039793707 
591 1132 11 15 0.039784793 
379 196 15 19 0.039772592 
459 1268 15 22 0.03972563 
514 1227 15 20 0.039719224 
679 1116 11 13 0.039678305 
626 699 23 25 0.039650526 
741 566 8 10 0.03964548 
710 1162 13 15 0.039594788 
589 1351 24 29 0.039497234 
994 1122 14 21 0.03944652 
744 648 8 10 0.039428595 
15 637 8 10 0.039331805 
944 1161 20 25 0.039321385 
815 1126 14 18 0.03920512 
999 33 15 20 0.039148923 
380 655 9 12 0.039089262 
214 612 10 12 0.03903546 
255 589 8 10 0.03889688 
157 573 10 13 0.038842123 
708 1314 14 19 0.038798492 
723 1357 24 30 0.03874028 
760 693 11 12 0.038658056 
854 1248 21 28 0.038642876 
314 666 12 14 0.038546376 
557 1188 13 18 0.03845662 
1004 1153 21 27 0.03841099 
756 1291 15 19 0.038403176 
190 1122 13 16 0.038387526 
859 1155 18 20 0.038372546 
196 59 10 13 0.03829736 
899 1299 16 22 0.038269836 
737 1194 22 27 0.03824909 
229 636 11 14 0.038101345 
249 583 7 10 0.037953395 
301 1248 16 22 0.037903883 
625 193 15 19 0.037859324 
624 503 9 12 0.037801962 
88 558 10 11 0.037744973 
698 605 8 11 0.037653763 
965 1218 14 19 0.03750467 
381 542 8 11 0.03750168 
437 163 11 14 0.037457917 
982 1202 24 32 0.037457697 
270 619 9 12 0.037392758 
830 1213 20 29 0.03735107 
467 207 13 16 0.037277855 
840 1204 21 28 0.03719657 
654 1130 15 18 0.03716714 
335 655 10 11 0.037160527 
877 713 11 14 0.037142403 
223 1242 24 32 0.037052765 
245 1133 14 20 0.037009157 
956 1148 20 24 0.036954913 
186 1236 21 27 0.036878943 
283 1256 25 32 0.03685588 
806 1258 13 19 0.036850855 
717 1155 13 17 0.036834985 
852 1147 14 18 0.036805168 
953 1187 15 19 0.036785964 
472 1170 14 18 0.036724586 
281 535 8 10 0.036620747 
976 1063 11 14 0.036598906 
1012 1079 10 13 0.03654585 
786 669 12 15 0.036536705 
485 499 11 14 0.03650027 
682 607 7 9 0.036370747 
413 1193 13 17 0.036320463 
334 663 10 13 0.036301915 
819 1351 18 23 0.036271233 
233 568 8 10 0.036226302 
877 1214 16 23 0.036221627 
311 1233 16 20 0.03618831 
350 535 8 10 0.03616793 
389 1194 14 19 0.036145333 
173 641 13 17 0.03613541 
726 605 10 11 0.036126815 
231 584 7 9 0.03607225 
393 549 9 11 0.03594401 
13 1124 12 16 0.035936985 
209 1224 14 19 0.035923526 
31 559 9 11 0.035868943 
252 628 9 14 0.035756174 
259 1146 14 18 0.03575006 
1000 1204 23 28 0.035704892 
883 702 11 15 0.0356971 
313 463 8 10 0.03569425 
174 1145 15 20 0.03562388 
1007 1076 11 13 0.035612397 
594 1188 14 19 0.035599913 
215 623 10 12 0.035589427 
264 582 9 10 0.035574764 
153 534 9 11 0.03554323 
383 1181 21 26 0.035521142 
619 1144 14 18 0.03549704 
702 1195 13 17 0.035449456 
327 663 9 11 0.0354464 
901 1251 26 33 0.035443515 
123 1118 14 16 0.03535743 
622 1126 12 15 0.035351075 
406 664 13 19 0.03528482 
929 1143 19 27 0.035250127 
953 1318 16 22 0.03521308 
222 569 7 9 0.035162542 
358 658 13 15 0.035161927 
394 1178 19 25 0.035091836 
779 1338 15 19 0.034980565 
152 574 10 13 0.034977347 
279 1116 12 16 0.034955498 
727 1102 12 15 0.034919515 
695 1099 11 15 0.03491707 
364 1204 14 18 0.03490994 
693 1188 13 16 0.034907367 
650 508 8 10 0.034862347 
735 590 9 11 0.034854315 
679 552 9 10 0.034852143 
822 183 23 32 0.034832764 
854 1163 15 18 0.03472131 
885 1182 14 20 0.034639344 
397 184 12 16 0.03461884 
36 551 9 10 0.03461187 
714 519 9 11 0.034592256 
796 1292 23 30 0.034581266 
951 1288 22 29 0.03454855 
114 1164 14 19 0.034502245 
605 1133 14 18 0.034500033 
140 1160 14 19 0.034453977 
479 1094 8 11 0.034403607 
607 574 10 11 0.034341484 
186 572 9 11 0.034302287 
534 506 10 13 0.03424868 
382 605 12 14 0.034209426 
734 1167 14 19 0.03420816 
94 1110 13 15 0.034198847 
307 169 27 35 0.034198143 
278 615 8 10 0.034166813 
859 1386 23 30 0.03416551 
727 1131 11 14 0.034140654 
327 551 9 10 0.034112833 
439 620 8 10 0.034103364 
933 1155 15 20 0.034094818 
845 1079 10 13 0.034078334 
763 1209 16 17 0.034070924 
1 1220 22 35 0.03405341 
907 1331 16 20 0.0340286 
143 1099 11 16 0.034021154 
8 557 9 12 0.033970915 
981 1112 20 24 0.033922378 
189 628 10 14 0.033920314 
397 1457 27 25 0.03389234 
670 568 8 10 0.03388126 
755 1307 15 21 0.033861313 
877 1184 14 21 0.033851784 
965 1227 14 17 0.033829715 
317 479 9 11 0.033813003 
807 1347 22 28 0.03377041 
2 1214 16 23 0.033766083 
735 647 8 9 0.03373525 
667 1124 15 18 0.033718087 
215 535 8 9 0.03363904 
300 1109 15 20 0.033627886 
114 1253 28 42 0.033586007 
191 568 8 11 0.033579655 
704 627 9 12 0.03351548 
790 1289 14 20 0.03350954 
740 1240 14 18 0.033506624 
813 1099 14 15 0.03346824 
1013 1085 11 15 0.033439282 
648 543 8 10 0.033408627 
592 1214 16 20 0.03339082 
586 1169 15 19 0.03338545 
598 221 13 18 0.033377666 
765 1313 15 20 0.03335882 
262 652 10 12 0.033339366 
368 1110 11 14 0.03331993 
740 1181 17 19 0.033308156 
604 1124 12 15 0.033306573 
829 700 9 12 0.03329172 
200 636 10 11 0.033278197 
21 577 14 17 0.03324122 
415 175 14 18 0.03322695 
663 572 9 10 0.033206046 
456 1101 9 13 0.0331513 
341 1147 14 19 0.033134736 
581 1158 15 19 0.033117265 
712 568 7 10 0.03311325 
982 695 9 11 0.03311051 
362 694 10 14 0.03301369 
359 1236 23 32 0.032994423 
333 182 14 19 0.032970585 
637 1095 8 11 0.03289416 
735 1157 14 20 0.03289167 
697 1180 15 16 0.032890134 
914 1233 19 23 0.032882493 
589 1179 13 17 0.03284868 
900 1088 15 20 0.032833036 
948 1069 10 13 0.03280042 
231 606 9 10 0.032765012 
537 603 10 14 0.032682855 
559 1240 13 19 0.032676548 
270 581 7 9 0.032654542 
285 98 16 20 0.03257865 
690 520 7 9 0.032558642 
407 152 11 14 0.03252498 
110 588 12 16 0.03247299 
427 1196 17 19 0.03245283 
839 1082 10 14 0.03243562 
966 1221 22 27 0.032429196 
992 1047 11 13 0.03240987 
442 171 22 27 0.032376833 
930 1049 10 12 0.032321088 
380 187 14 19 0.032190822 
414 150 12 15 0.03218888 
337 637 11 13 0.032165352 
413 1140 15 21 0.03213385 
181 54 12 15 0.032120448 
716 1269 11 16 0.03210346 
740 1216 14 17 0.032086466 
0 933 23 39 0.03207509 
209 1082 16 18 0.032064002 
316 1139 19 24 0.03204582 
825 1088 19 25 0.03202974 
695 599 10 11 0.031946976 
892 1196 16 23 0.031929333 
522 209 17 21 0.031884782 
333 1125 13 15 0.031852383 
408 455 10 13 0.031845726 
428 502 10 13 0.031828776 
33 518 7 9 0.031820793 
675 1129 14 19 0.03181648 
342 635 13 15 0.031793296 
641 1284 20 26 0.03171173 
869 1114 14 18 0.031701878 
246 658 11 14 0.031653266 
744 614 9 10 0.031647265 
862 1343 17 21 0.03160016 
898 1309 22 26 0.03156463 
205 742 12 15 0.031538464 
805 686 10 12 0.03152084 
93 550 8 10 0.031510875 
819 1097 13 16 0.03148428 
421 1194 15 18 0.03146633 
264 565 8 9 0.031449243 
664 560 8 9 0.031444002 
811 1291 17 25 0.03141421 
179 182 23 28 0.031412467 
1000 1063 10 12 0.03140242 
252 1155 14 18 0.031381432 
980 1159 13 16 0.031354588 
563 1147 13 16 0.03135004 
749 695 10 12 0.031346973 
662 1108 11 14 0.0313197 
956 1168 16 19 0.03128887 
799 685 11 12 0.03127627 
124 1144 19 23 0.03126446 
923 78 12 15 0.03119777 
238 606 9 11 0.03113527 
93 1101 13 15 0.03111849 
349 1251 18 24 0.031021891 
320 558 8 10 0.031005979 
87 1086 14 14 0.03099768 
997 1291 13 17 0.03099424 
731 1106 20 23 0.030991435 
665 1326 21 26 0.030987896 
939 1120 13 16 0.030976562 
353 462 8 11 0.030973997 
554 512 14 16 0.03094832 
328 576 7 10 0.030941227 
671 1092 11 12 0.03092596 
902 36 23 27 0.030914793 
256 624 7 11 0.030866431 
120 566 10 12 0.030851012 
385 244 18 22 0.030850496 
156 617 12 16 0.030822419 
602 580 22 28 0.03078067 
206 516 8 10 0.030759934 
260 1155 13 18 0.030680394 
941 1217 17 20 0.03065685 
188 1094 13 19 0.030652385 
761 1073 11 15 0.030649565 
504 1102 9 12 0.030636797 
654 1163 15 19 0.03061188 
726 1196 12 18 0.030605001 
9 1106 14 19 0.030577188 
726 1268 13 17 0.03056591 
240 1132 13 17 0.030564653 
686 615 8 9 0.030560995 
0 1344 14 25 0.03048525 
25 535 8 10 0.030451084 
6 1099 13 17 0.030432818 
688 592 8 9 0.030417942 
639 503 8 10 0.0303855 
375 1155 13 18 0.030383388 
949 1077 11 15 0.030376498 
674 1336 16 22 0.030370738 
793 652 9 11 0.030364815 
585 1097 10 11 0.03035886 
699 1187 15 16 0.030348629 
340 670 11 13 0.03028716 
757 1211 15 17 0.03023068 
294 568 9 10 0.030229626 
588 1155 14 18 0.03022631 
17 170 18 21 0.03022455 
914 1347 23 31 0.030201674 
980 1236 16 21 0.030195752 
695 592 8 10 0.030187612 
940 1059 11 14 0.030142825 
705 535 7 10 0.03013589 
830 695 9 11 0.030129125 
612 1197 15 18 0.03010615 
716 1314 16 19 0.030100226 
728 576 8 9 0.030095506 
848 694 9 11 0.030095084 
894 1210 23 27 0.030093884 
192 683 12 16 0.030077016 
1005 1069 11 13 0.030031743 
456 1276 17 24 0.030015403 
373 1108 12 15 0.029975 
655 607 8 10 0.029897803 
313 567 7 9 0.029863434 
867 1068 12 15 0.029859552 
976 694 10 12 0.02984323 
916 1217 16 20 0.029842088 
92 1140 14 17 0.029841524 
316 1257 16 21 0.029799456 
871 1107 13 17 0.029795418 
366 607 8 10 0.029782504 
470 559 9 10 0.029779073 
702 1203 13 17 0.029761042 
920 702 10 12 0.029732196 
866 1205 17 24 0.029730517 
478 1272 18 23 0.029728001 
171 1050 13 17 0.029719718 
982 1077 14 17 0.029696606 
14 157 23 28 0.029666543 
676 1153 14 18 0.02965389 
728 695 10 12 0.029627983 
125 566 11 13 0.029570986 
452 1308 16 22 0.029543294 
616 1096 10 12 0.029542718 
526 1124 10 15 0.029518273 
777 1260 15 20 0.029500816 
486 1100 11 12 0.029492155 
871 714 12 15 0.029491376 
777 1384 17 21 0.02948924 
826 1282 23 31 0.029469512 
414 199 14 17 0.029461475 
377 205 16 21 0.029459469 
578 1116 13 17 0.029430853 
293 584 9 10 0.029429832 
657 574 8 10 0.029413251 
873 1197 23 31 0.02935608 
310 1177 14 18 0.029345244 
151 1202 21 28 0.029344823 
133 1192 15 19 0.029311806 
1001 1267 15 19 0.029298192 
864 1191 16 24 0.029292319 
868 1271 22 29 0.029287975 
988 1235 17 22 0.029263021 
687 683 14 17 0.029262654 
387 1267 17 22 0.029255783 
723 1153 13 18 0.0292552 
745 581 9 11 0.029243318 
675 1355 16 20 0.02920176 
1005 1145 16 18 0.02918777 
670 572 7 10 0.0291799 
769 1248 16 20 0.02917493 
752 1130 11 15 0.029173672 
627 1308 16 20 0.029163456 
264 536 7 8 0.029126279 
1000 1229 23 33 0.029103622 
441 651 12 15 0.02907795 
114 551 8 10 0.029026296 
720 534 8 10 0.029015915 
306 1237 22 28 0.028949615 
199 590 7 10 0.028897308 
289 552 7 9 0.028802736 
264 509 7 10 0.028790466 
192 589 9 11 0.028788354 
725 599 9 12 0.028771304 
224 630 9 12 0.028756393 
225 1230 17 19 0.028754083 
70 1203 15 20 0.028721534 
39 528 9 11 0.028676713 
988 1166 13 17 0.028641604 
528 590 9 11 0.028633818 
15 517 9 11 0.028584283 
381 534 8 11 0.028581899 
627 1258 14 19 0.028567651 
608 7 10 11 0.02856607 
453 1095 9 11 0.028561607 
154 1211 27 32 0.028551234 
886 691 11 14 0.028498853 
523 1182 21 25 0.02848944 
320 616 9 11 0.028450666 
117 591 13 17 0.028448213 
802 1191 16 21 0.028432013 
250 1170 14 18 0.02841909 
840 1132 11 15 0.028410915 
696 616 8 9 0.028394291 
101 588 11 13 0.028388482 
446 1091 11 14 0.028386634 
289 583 8 10 0.02838316 
762 1065 10 12 0.028339563 
916 714 14 19 0.02833167 
771 1309 15 21 0.028287927 
264 622 9 10 0.02826175 
780 1124 13 16 0.028257782 
351 552 9 11 0.028256238 
918 708 12 17 0.028186325 
320 599 8 9 0.028184121 
865 1159 16 20 0.028176546 
80 544 7 9 0.028135838 
319 543 8 10 0.028132198 
303 1133 12 16 0.028115343 
231 628 11 13 0.028062379 
549 1124 11 16 0.02805668 
855 1052 10 12 0.028034795 
85 1118 14 17 0.02800969 
659 1204 14 20 0.028006915 
391 1074 10 13 0.027981883 
989 1245 16 22 0.02796749 
452 1132 13 17 0.02795898 
305 1214 22 27 0.027943466 
970 1137 15 18 0.02793928 
238 527 7 10 0.027920017 
19 184 15 20 0.02791457 
212 1233 22 28 0.027914425 
152 610 13 17 0.027895242 
108 1186 22 28 0.027881783 
787 1152 15 21 0.02787204 
712 533 9 10 0.027863953 
629 520 8 10 0.027842602 
121 587 12 15 0.02783645 
752 1071 8 11 0.027827172 
40 1201 22 34 0.027824927 
569 1353 15 22 0.02782178 
270 40 154 184 0.027775273 
654 1101 11 15 0.027746493 
781 1155 14 20 0.0277352 
779 1109 12 16 0.027734313 
222 552 9 10 0.02767065 
345 599 8 11 0.027662031 
240 592 9 11 0.027660184 
529 215 17 20 0.027654385 
376 552 8 10 0.027623337 
808 1139 13 19 0.027608981 
348 84 16 20 0.02758071 
874 1265 15 20 0.027578378 
330 275 14 15 0.027564064 
710 1291 14 18 0.027546417 
113 558 10 11 0.027526395 
296 599 8 9 0.027519971 
913 1340 16 21 0.027500357 
869 1064 9 11 0.027486473 
748 1117 12 16 0.027464926 
641 614 9 11 0.027464163 
2 1115 11 16 0.027445823 
494 1093 10 12 0.027435206 
921 1265 24 30 0.027428722 
246 1091 12 16 0.027426684 
709 644 9 12 0.027398825 
886 725 11 15 0.027383726 
77 1109 11 14 0.027371265 
382 1134 11 14 0.02733845 
472 552 8 10 0.027302805 
329 667 11 13 0.027294543 
209 583 8 11 0.027294042 
195 289 10 14 0.027291982 
854 1296 15 21 0.02724934 
714 584 8 10 0.027220966 
1003 1246 16 20 0.027219906 
670 584 9 9 0.027212132 
816 713 11 14 0.02720688 
761 811 11 14 0.027185017 
822 1118 11 14 0.027177738 
256 574 8 10 0.027145732 
415 163 12 15 0.027145535 
254 651 9 12 0.027140738 
918 1047 9 11 0.027140243 
948 1283 16 21 0.027109053 
672 560 8 9 0.027107546 
159 730 13 17 0.027057074 
0 1195 11 17 0.027033128 
254 1265 14 19 0.02703016 
995 1092 11 15 0.027027357 
278 607 8 10 0.027026625 
459 1173 13 16 0.027019667 
267 1084 13 16 0.026976965 
294 1105 12 18 0.026956 
110 674 11 14 0.026938478 
483 1197 19 25 0.02692758 
513 1304 17 20 0.026924677 
702 568 8 10 0.026865566 
601 1278 22 27 0.026838433 
207 723 16 19 0.026830962 
513 1117 14 19 0.026823958 
709 1087 11 13 0.026773537 
983 1185 15 20 0.026762713 
680 584 7 9 0.02674865 
968 1109 21 25 0.026733493 
835 3 13 13 0.026722947 
472 1162 16 18 0.026704622 
351 608 9 11 0.026696099 
273 592 7 10 0.026657987 
716 1196 13 17 0.026646974 
848 689 8 11 0.026639799 
966 1281 25 29 0.026627755 
200 559 7 8 0.026624369 
710 1342 21 30 0.026618788 
316 656 11 13 0.026615312 
397 653 11 13 0.02659556 
665 520 7 9 0.026582466 
517 1167 14 16 0.026551038 
503 1109 10 14 0.026507014 
763 1290 14 18 0.026504584 
800 666 11 15 0.026503718 
130 1132 13 17 0.026437165 
798 640 8 9 0.02643646 
943 1076 11 14 0.02640189 
673 599 8 10 0.026372403 
269 1108 14 17 0.026368082 
177 1150 20 25 0.026350413 
762 687 10 13 0.026344558 
467 1266 16 21 0.026284382 
229 590 9 10 0.026279377 
1014 1257 12 17 0.026264776 
710 630 9 11 0.02618347 
997 1099 11 15 0.026178828 
421 1126 13 16 0.02615911 
759 560 7 10 0.026139518 
720 13 9 11 0.026113978 
752 526 7 8 0.02610086 
757 709 15 18 0.026094994 
588 652 17 21 0.02607616 
614 1124 11 14 0.026069503 
312 574 8 10 0.026051695 
490 1180 15 20 0.02604524 
654 509 8 9 0.026036786 
969 1054 9 10 0.026007026 
495 567 9 11 0.025999492 
179 1187 21 27 0.025970608 
597 1280 16 21 0.025941122 
516 1081 11 14 0.025932858 
751 1267 11 16 0.02592432 
742 1228 15 20 0.025913136 
37 540 9 10 0.025888883 
389 710 44 54 0.0258396 
214 584 9 11 0.025803808 
763 1253 22 27 0.025803635 
300 1235 15 19 0.02580278 
597 49 16 17 0.025788425 
114 85 28 33 0.025784435 
476 1115 13 17 0.025782924 
217 1153 14 19 0.02577581 
398 1163 13 16 0.0257633 
725 1354 14 20 0.025756303 
502 1352 16 23 0.02574722 
368 1278 25 33 0.025737384 
685 656 8 9 0.025683798 
670 1342 22 28 0.02565281 
303 526 8 10 0.02563126 
461 557 11 13 0.025620801 
78 180 17 23 0.02560887 
862 1073 13 16 0.025604611 
894 1090 13 18 0.025575154 
375 615 10 11 0.025522206 
877 1070 10 13 0.025522139 
477 1151 12 15 0.025507322 
13 566 12 15 0.025478762 
544 1130 10 13 0.025474252 
325 556 9 10 0.025456049 
933 700 9 12 0.025451649 
86 686 9 11 0.025446115 
981 1100 13 16 0.025411787 
174 1072 13 17 0.025410157 
253 608 9 11 0.02535483 
1001 1378 15 21 0.025349787 
250 1099 13 18 0.025339914 
72 89 24 29 0.02530246 
393 582 9 10 0.025295055 
357 1103 10 12 0.02527363 
327 1266 26 31 0.025262313 
86 678 11 13 0.025256954 
412 485 9 13 0.025220154 
720 542 9 10 0.025197657 
89 747 8 10 0.025183149 
268 1125 13 17 0.02516538 
841 1218 16 21 0.025136977 
479 1226 14 19 0.025136333 
548 1348 18 22 0.025135785 
794 640 8 10 0.025128726 
671 1367 22 27 0.025112508 
630 552 8 11 0.025104912 
345 536 8 10 0.025058322 
204 663 10 14 0.025053168 
327 1282 18 25 0.025022853 
849 1115 12 15 0.024947077 
323 1257 24 30 0.024935503 
590 1234 15 19 0.02492239 
673 520 7 9 0.02491533 
832 1344 17 23 0.024906727 
759 615 8 9 0.024890697 
355 187 13 21 0.024880556 
265 631 9 12 0.024872882 
725 1123 12 17 0.024868447 
125 486 8 10 0.024858806 
873 1381 21 32 0.024850024 
351 558 8 10 0.02484977 
213 1126 14 17 0.024839563 
712 545 9 9 0.024838287 
551 1103 10 13 0.024830746 
779 1313 14 21 0.024793768 
178 1206 16 23 0.024753941 
679 1258 12 17 0.024732975 
758 1284 12 15 0.024731597 
412 158 22 28 0.024727741 
806 1099 13 15 0.024710711 
397 535 9 10 0.02463841 
907 1283 22 28 0.024637552 
799 1354 22 29 0.024635077 
349 1172 12 17 0.024611874 
714 1296 15 18 0.024599183 
727 590 9 11 0.024579197 
573 1136 15 17 0.024559684 
351 521 7 9 0.024548247 
409 1136 14 19 0.024545144 
953 1174 20 25 0.024532449 
7 1085 20 27 0.024528248 
323 1254 16 21 0.0245222 
883 1333 14 20 0.024514282 
715 1130 12 17 0.024508845 
662 534 8 9 0.024501698 
723 646 8 10 0.024489267 
234 617 17 22 0.024483908 
704 1087 10 13 0.024456859 
648 1327 24 27 0.024448764 
597 1138 15 18 0.024447836 
157 1114 14 17 0.02444358 
291 187 15 20 0.024442606 
450 1125 13 15 0.024438355 
161 1191 21 31 0.02443066 
163 640 14 19 0.024424884 
750 1292 14 20 0.024396598 
479 1086 9 13 0.024379224 
286 608 8 10 0.024354799 
843 1101 12 16 0.024336178 
462 552 10 12 0.024303006 
223 1067 13 16 0.024288382 
106 1200 17 19 0.0242527 
699 1135 18 24 0.024226177 
174 690 12 15 0.024223244 
304 575 7 9 0.024216678 
240 583 8 9 0.024164611 
532 582 11 13 0.024164474 
0 1170 10 18 0.024156414 
703 544 7 10 0.024120053 
766 1163 14 19 0.024110917 
689 575 7 9 0.024109833 
102 1092 11 14 0.024085186 
381 1289 16 20 0.024077855 
781 1132 12 15 0.024062064 
189 622 10 12 0.024051823 
422 139 14 14 0.024050811 
671 671 11 13 0.024049403 
303 600 8 9 0.023996111 
335 560 9 10 0.023987042 
907 1295 17 22 0.023978218 
252 526 8 9 0.023966927 
874 164 41 49 0.023965366 
267 1248 40 51 0.023958405 
507 1220 17 21 0.023950743 
22 528 8 9 0.023911085 
271 576 8 10 0.023868475 
247 552 7 8 0.023863748 
447 159 11 12 0.023842556 
156 1170 19 26 0.023839267 
380 180 14 16 0.023831744 
95 747 9 11 0.0238315 
773 1101 12 15 0.02381702 
382 575 8 10 0.023810312 
669 1231 13 17 0.023792008 
154 603 12 15 0.023779498 
224 584 9 11 0.023756407 
411 377 16 19 0.023745453 
637 1100 9 13 0.023726555 
372 696 13 15 0.023722857 
304 1249 23 29 0.023718422 
312 1273 27 33 0.023698043 
425 488 10 11 0.023696924 
326 1193 13 16 0.02369025 
325 627 10 11 0.02367649 
877 1282 24 30 0.023657786 
110 582 10 11 0.023640584 
279 644 9 11 0.023639508 
656 544 9 11 0.023619428 
184 1201 21 29 0.0236183 
0 1100 11 16 0.02361171 
44 1168 17 20 0.023607844 
558 1132 13 18 0.023589605 
688 599 8 10 0.023570068 
235 1216 15 19 0.023567474 
344 157 10 14 0.023533877 
588 1226 16 17 0.023531849 
565 1163 16 20 0.02349505 
117 1116 14 17 0.023492983 
543 1145 13 18 0.023489058 
157 647 14 18 0.023488982 
319 592 8 9 0.023457294 
728 624 8 8 0.02345151 
99 1236 15 21 0.023443798 
994 686 9 11 0.023418743 
968 697 9 11 0.023412278 
433 174 22 28 0.023406748 
730 1332 24 31 0.023404164 
636 1124 12 17 0.02338449 
996 33 23 32 0.023341365 
754 558 8 10 0.023332259 
48 560 8 10 0.023319127 
702 600 9 11 0.023291163 
518 486 9 10 0.0232806 
385 1304 17 21 0.023245053 
345 1263 25 31 0.023234323 
1006 1109 14 20 0.023226311 
651 1341 22 28 0.023225676 
684 1302 18 21 0.023222715 
452 651 12 16 0.023204273 
372 1267 18 22 0.023176977 
189 614 9 11 0.023174386 
95 179 16 21 0.023156825 
271 543 8 10 0.023144353 
415 88 12 14 0.023144085 
930 1256 16 24 0.023139901 
391 565 9 10 0.023136634 
698 1171 15 17 0.023131689 
246 535 8 9 0.023129934 
662 997 11 15 0.023100367 
686 557 7 10 0.023094017 
557 1104 9 11 0.023092812 
676 1093 12 15 0.023088653 
157 591 10 12 0.02306593 
998 1347 20 29 0.023063604 
694 679 8 10 0.023046263 
201 495 8 10 0.02302935 
902 1387 13 17 0.023015777 
373 129 16 18 0.023005769 
772 647 9 11 0.022992564 
733 1139 13 15 0.022983579 
627 1136 13 19 0.022969127 
787 690 12 14 0.022940394 
376 1103 9 13 0.022922566 
739 1291 14 20 0.022910252 
828 1194 15 22 0.022888081 
516 1175 15 17 0.022887608 
295 574 8 9 0.022881119 
135 651 13 18 0.022871397 
321 552 8 10 0.022838056 
711 575 7 9 0.022835812 
551 606 10 12 0.02282737 
501 1088 9 10 0.022824423 
830 711 12 14 0.022814577 
527 1116 11 16 0.022802435 
241 534 8 9 0.022790324 
279 552 8 9 0.022771524 
280 339 17 21 0.022748612 
248 608 9 11 0.022744514 
646 1122 12 16 0.022742236 
387 207 15 19 0.022734024 
775 662 10 12 0.022712233 
673 1111 21 26 0.022689717 
510 1102 10 12 0.02265235 
198 666 14 18 0.022646578 
846 1124 13 16 0.022628019 
632 1303 21 28 0.022627018 
910 696 9 11 0.022626609 
740 1139 12 15 0.022625793 
679 545 8 9 0.022615736 
610 1269 17 21 0.02261482 
859 1142 21 24 0.02256022 
406 1191 14 19 0.022559589 
834 1305 16 23 0.0225564 
678 591 8 10 0.02254779 
112 706 10 13 0.02252582 
426 1188 16 18 0.022525301 
595 1180 14 17 0.022522297 
95 1171 15 18 0.02247785 
27 1132 12 17 0.022468008 
628 746 16 19 0.022411939 
312 551 7 10 0.022379402 
682 1370 16 23 0.022371674 
376 590 9 10 0.022369787 
900 1289 15 21 0.022366991 
198 652 12 14 0.02236193 
159 1157 15 21 0.022330115 
1 1076 11 16 0.02231909 
356 142 22 29 0.022289734 
412 493 9 11 0.022284992 
806 675 10 14 0.022280462 
265 1255 26 33 0.022251664 
414 1099 10 13 0.02224115 
685 1201 14 19 0.022239748 
328 1143 18 23 0.022222096 
551 627 12 15 0.022214577 
809 1092 22 26 0.022213303 
958 1311 23 31 0.022211755 
664 527 7 9 0.022177113 
158 579 10 12 0.022176828 
499 1243 18 23 0.022171017 
718 695 9 11 0.022159075 
332 1193 14 18 0.022155317 
262 662 10 12 0.022140125 
752 520 8 9 0.02213965 
771 1204 16 18 0.022137798 
581 1177 14 20 0.022131318 
247 1217 17 21 0.02212577 
119 1234 26 37 0.022112917 
816 1175 20 27 0.02208627 
382 1101 10 12 0.022085683 
99 1153 14 19 0.022083662 
520 1247 17 22 0.022076054 
901 1351 17 22 0.022074291 
728 560 9 11 0.022058915 
211 696 14 16 0.022049263 
695 575 8 9 0.022047702 
0 1200 18 23 0.022028597 
764 1187 15 18 0.02202109 
189 606 10 12 0.02198813 
728 726 8 10 0.021963635 
856 1221 24 30 0.021963237 
703 550 8 9 0.021942468 
410 213 13 16 0.021936517 
351 1139 13 18 0.021887831 
854 1233 23 29 0.021880493 
228 1122 14 18 0.02187092 
827 1164 13 17 0.021861894 
397 487 9 12 0.02185059 
904 1219 25 28 0.02184044 
487 574 9 11 0.021834187 
969 750 28 32 0.021829823 
81 688 9 10 0.021815458 
693 630 9 12 0.021813953 
410 584 8 11 0.021807201 
977 1246 16 22 0.021803841 
609 557 8 9 0.021788884 
629 503 10 13 0.02176814 
935 1041 9 10 0.021749796 
702 559 9 11 0.021739922 
937 1166 20 28 0.021729782 
72 551 9 11 0.021709476 
720 606 8 10 0.021705225 
703 591 8 10 0.021700336 
808 653 10 11 0.021694956 
324 685 12 14 0.021673646 
994 1323 24 30 0.02163596 
263 505 7 10 0.021635702 
373 1188 13 17 0.021622755 
307 184 17 23 0.021587 
312 1221 23 29 0.021577228 
544 505 13 18 0.021570392 
312 646 9 11 0.021558909 
715 1323 16 20 0.021545982 
558 1267 14 19 0.02150621 
286 560 8 8 0.021476299 
552 496 10 12 0.021475887 
107 1210 17 19 0.021473952 
239 1083 12 16 0.021458553 
638 1295 20 27 0.021445205 
414 110 13 15 0.02143625 
411 1172 13 18 0.021407172 
719 717 8 10 0.021402957 
486 1093 12 13 0.02140057 
906 697 8 10 0.021388736 
796 1228 13 20 0.021374818 
815 701 12 15 0.02133495 
314 1209 16 20 0.021328054 
545 206 15 19 0.02130735 
709 1358 23 32 0.02130444 
930 1076 12 14 0.021288214 
561 1357 26 31 0.02128473 
535 1200 16 19 0.02128131 
247 542 8 10 0.02127996 
322 181 22 30 0.021268753 
302 201 15 20 0.021268077 
638 626 9 12 0.021263074 
899 1170 17 20 0.0212512 
367 552 8 10 0.021234216 
803 1330 15 22 0.021228975 
239 551 8 9 0.021224909 
735 1236 13 17 0.021223756 
255 536 8 9 0.021207744 
878 693 12 16 0.021207342 
198 597 8 10 0.021185959 
65 541 7 9 0.02115278 
191 510 8 10 0.021150794 
81 707 11 13 0.021146206 
171 1098 14 19 0.021142473 
883 581 33 36 0.021131275 
656 559 8 10 0.021123607 
721 669 8 11 0.021117248 
702 615 8 9 0.02108993 
638 1147 13 17 0.021080904 
342 568 8 9 0.02107196 
671 1114 11 15 0.021059915 
625 533 9 10 0.021047302 
345 472 7 8 0.021045804 
629 731 28 35 0.021042906 
296 559 8 10 0.021016773 
1012 1355 12 18 0.020999297 
989 1290 13 19 0.020999037 
532 588 11 13 0.020998659 
97 544 8 10 0.020994004 
145 1185 21 27 0.020989068 
544 574 8 10 0.02097397 
431 624 8 10 0.020923298 
574 527 9 12 0.020899007 
249 1255 24 32 0.020880954 
71 558 10 11 0.02088054 
571 1156 23 27 0.02086458 
239 574 9 10 0.020863477 
198 574 8 10 0.020855375 
373 687 12 14 0.020850115 
678 1266 14 18 0.02084635 
116 1224 16 21 0.020842778 
255 662 10 13 0.020829616 
971 1264 18 22 0.02082484 
537 517 11 14 0.020813808 
454 543 8 10 0.0208076 
231 692 11 13 0.020797225 
452 158 12 15 0.020783119 
204 674 12 15 0.020767726 
220 613 10 12 0.020752642 
118 738 11 15 0.020727037 
820 1331 18 23 0.020689808 
87 545 8 10 0.02068831 
621 740 26 31 0.020686576 
199 1189 20 25 0.020685336 
713 1210 15 18 0.020684307 
958 1230 22 28 0.02068377 
492 1146 15 18 0.020680487 
317 632 107 123 0.020648174 
963 1253 18 20 0.020639917 
687 583 9 10 0.02063709 
237 1250 25 32 0.02059648 
139 1173 23 29 0.020595875 
309 616 8 10 0.020595383 
412 1259 16 21 0.020583086 
8 566 11 13 0.020577924 
493 1102 10 11 0.020575598 
413 656 11 13 0.020554874 
562 1139 14 16 0.020554632 
972 1200 21 28 0.020550037 
429 1156 13 15 0.020537185 
392 590 8 10 0.020534396 
621 1266 14 20 0.020531826 
215 1181 14 19 0.020530669 
301 1225 15 20 0.020518681 
241 1275 15 20 0.020510864 
286 1258 43 50 0.020484334 
320 607 8 10 0.020465067 
280 1225 24 28 0.020453177 
390 1100 10 12 0.020447064 
600 582 11 13 0.020426074 
374 148 12 16 0.020420369 
96 684 9 12 0.02039557 
813 654 9 11 0.020394815 
56 742 9 11 0.020376572 
660 1197 13 17 0.020372828 
318 574 8 11 0.020363195 
332 202 18 24 0.020362968 
723 1328 15 20 0.020362947 
932 1108 13 16 0.020349156 
306 658 20 24 0.020347778 
711 607 8 9 0.020337986 
154 1038 9 12 0.020318726 
664 638 8 10 0.020303171 
459 1131 20 24 0.020291409 
478 1106 13 16 0.02027936 
996 1306 22 32 0.020260843 
441 709 29 34 0.02025973 
424 559 8 9 0.020253023 
797 1154 12 19 0.020216525 
118 708 9 12 0.020216167 
961 697 8 10 0.020212842 
627 1179 14 18 0.020203514 
344 463 7 10 0.02018225 
288 1081 10 13 0.020164233 
737 497 7 8 0.020161623 
744 1361 27 30 0.020156981 
750 679 9 12 0.020144876 
696 669 10 12 0.020144226 
821 1064 10 12 0.020138515 
712 696 9 10 0.02012861 
894 1099 13 17 0.020123307 
696 558 9 11 0.02011002 
893 1241 16 23 0.020091146 
707 1362 15 22 0.020082915 
579 1234 15 18 0.020082446 
490 1263 17 22 0.020080535 
385 628 9 12 0.020076534 
944 1190 20 25 0.02007644 
134 1102 11 15 0.020070137 
776 678 10 13 0.020023234 
356 1280 26 32 0.020005269 
727 631 9 10 0.020000977 
