10_People_Marching_People_Marching_10_People_Marching_People_Marching_10_People_Marching_People_Marching_10_674
993
843 285 12 16 0.93765724 
474 474 26 29 0.9170555 
563 387 13 18 0.82944065 
233 271 12 14 0.80869734 
596 337 12 16 0.8016076 
918 310 10 13 0.7782163 
461 344 12 15 0.7637511 
275 458 18 25 0.7566591 
981 317 10 14 0.74858844 
830 400 15 17 0.7405234 
624 538 24 34 0.724249 
678 382 13 16 0.7228514 
696 266 10 13 0.6677498 
516 254 8 10 0.65163445 
630 382 13 16 0.6206203 
775 293 9 12 0.6156504 
406 332 11 14 0.6075739 
896 306 11 15 0.59211254 
392 342 11 13 0.57654774 
297 262 9 12 0.57237655 
409 380 14 15 0.57164043 
790 294 9 12 0.54699886 
258 301 12 14 0.5177098 
639 342 12 15 0.5057956 
574 362 14 16 0.49922755 
709 380 12 17 0.49230736 
950 293 14 18 0.48980093 
797 328 12 15 0.4468157 
527 342 9 11 0.44458696 
868 288 10 12 0.44074228 
511 364 10 12 0.416619 
823 276 8 11 0.41531354 
900 303 10 14 0.41207817 
879 334 12 15 0.41025236 
490 307 9 12 0.4068825 
207 311 12 14 0.4001129 
347 293 10 12 0.391671 
496 380 14 19 0.36711347 
44 445 12 18 0.36072347 
15 368 14 21 0.35822365 
654 282 11 13 0.3568652 
939 374 12 14 0.35082495 
191 286 9 11 0.34170693 
654 326 9 12 0.3360808 
735 286 9 11 0.33267266 
416 256 9 11 0.33205864 
249 254 10 12 0.32613313 
1001 328 10 12 0.3229496 
100 295 10 12 0.3222738 
674 272 9 12 0.32049096 
588 303 10 12 0.31512356 
408 311 8 10 0.29415032 
777 336 10 12 0.2936633 
369 267 11 14 0.293044 
130 269 10 12 0.29268816 
845 221 10 12 0.28895363 
774 339 13 16 0.28855467 
962 309 13 16 0.28381073 
534 373 9 12 0.28173047 
761 358 9 11 0.27995303 
196 346 13 16 0.2799068 
441 342 9 12 0.27028212 
725 358 11 14 0.26857573 
865 311 11 14 0.2669764 
153 302 9 12 0.26028273 
141 412 11 15 0.25924098 
948 322 12 14 0.25177437 
791 289 10 11 0.24918954 
558 342 11 14 0.24675426 
401 257 8 9 0.24289548 
793 567 30 35 0.24195464 
872 417 12 15 0.2317482 
190 331 11 14 0.22862685 
476 358 10 14 0.22579516 
193 262 9 11 0.2234774 
382 359 10 13 0.22202459 
163 237 14 17 0.22013544 
73 400 21 25 0.21921308 
116 292 10 13 0.21645653 
448 363 12 17 0.21640956 
556 368 10 12 0.21537107 
841 222 10 13 0.20169356 
197 259 11 13 0.20119976 
526 347 9 11 0.19173644 
317 265 8 11 0.18741493 
655 350 10 13 0.18721117 
298 284 10 12 0.18315867 
661 356 9 12 0.18175966 
385 261 8 10 0.17529781 
64 405 21 28 0.1745363 
528 336 8 10 0.17187162 
9 280 10 13 0.17104681 
597 269 8 10 0.17037654 
798 312 9 11 0.16782548 
768 268 10 12 0.16683935 
158 307 10 12 0.1641922 
537 351 9 12 0.16261236 
758 317 8 13 0.16251941 
255 293 11 14 0.1606452 
918 294 9 12 0.15843944 
253 286 9 13 0.15793495 
752 288 11 13 0.15771611 
248 277 10 13 0.15659222 
960 316 12 16 0.15649146 
624 261 8 11 0.1537275 
506 289 8 10 0.15199004 
365 516 20 28 0.15163505 
92 310 9 12 0.15136158 
345 459 9 12 0.15114574 
480 301 9 12 0.14903355 
70 285 9 10 0.14891908 
283 501 11 16 0.14514142 
418 467 19 28 0.14457981 
53 287 9 11 0.13964227 
153 285 9 12 0.13943593 
554 341 10 13 0.1393095 
964 294 12 14 0.13881584 
726 295 9 11 0.13854422 
464 383 11 14 0.1378482 
131 302 11 13 0.13743863 
903 221 9 12 0.13742878 
317 276 9 13 0.13542458 
782 294 10 12 0.13342232 
111 255 10 12 0.13155042 
271 317 9 11 0.13053502 
406 256 9 11 0.12995008 
889 208 9 11 0.12815131 
144 293 8 11 0.12806125 
569 271 9 11 0.12754266 
644 346 11 14 0.12714274 
184 288 9 12 0.12651432 
430 333 9 10 0.12610635 
744 358 9 12 0.12362694 
852 365 12 15 0.123362236 
279 251 11 13 0.122767575 
323 357 12 16 0.12262497 
82 397 17 21 0.12157198 
633 270 8 10 0.12110336 
535 378 10 14 0.12073129 
193 276 9 13 0.11950247 
341 484 11 16 0.11900245 
516 366 10 13 0.11816198 
60 420 13 17 0.11757605 
22 244 10 13 0.11744546 
756 544 24 31 0.11728412 
339 522 25 27 0.11671851 
605 247 8 9 0.11527911 
677 275 9 12 0.115228824 
108 334 10 12 0.11415522 
274 308 10 13 0.114048615 
282 357 10 14 0.11347929 
593 270 9 10 0.11249717 
918 303 10 14 0.111386046 
78 286 9 11 0.11121433 
68 307 11 13 0.11118398 
342 343 9 12 0.11117641 
181 395 14 18 0.11023863 
608 229 8 10 0.109507434 
691 397 11 14 0.10914893 
136 238 9 11 0.10901622 
247 312 9 12 0.10735742 
722 350 10 11 0.10709781 
415 277 11 15 0.10694096 
410 460 16 20 0.10629926 
594 381 11 14 0.10530729 
213 352 11 13 0.10426159 
784 268 9 12 0.10404228 
220 246 11 14 0.10041873 
533 287 7 9 0.10039022 
414 317 9 12 0.099502355 
449 326 8 11 0.09896776 
173 278 8 11 0.09892236 
63 302 11 14 0.09884443 
272 303 10 13 0.09814106 
109 396 12 15 0.09734187 
165 232 10 12 0.09686716 
567 309 9 11 0.09683241 
353 518 24 28 0.09619616 
719 294 12 15 0.09567192 
581 401 15 17 0.09513518 
349 483 10 15 0.094934665 
224 312 9 10 0.09469251 
133 307 11 14 0.0942359 
566 295 9 12 0.094232276 
797 317 11 14 0.09422919 
849 358 10 13 0.09382455 
932 300 11 14 0.09353078 
540 354 10 14 0.09344515 
569 319 8 10 0.09324146 
756 292 9 13 0.0931165 
774 236 9 11 0.09172403 
625 302 9 11 0.09123115 
970 374 9 11 0.091199234 
756 374 10 14 0.09110099 
102 300 9 12 0.088605165 
216 274 11 15 0.08645102 
0 420 9 15 0.08608834 
510 368 13 15 0.085521646 
940 369 10 11 0.08505466 
816 355 11 14 0.08428012 
285 294 9 11 0.08412945 
758 379 11 14 0.08328663 
498 342 8 10 0.08316775 
346 326 8 11 0.08314575 
715 380 13 18 0.08252961 
502 344 9 11 0.08222749 
726 372 13 16 0.08194886 
127 422 12 13 0.08052428 
296 491 16 18 0.08005217 
568 279 8 9 0.07958027 
655 401 10 14 0.078262985 
173 397 14 17 0.078245774 
636 271 9 11 0.07748701 
408 314 11 13 0.0772432 
621 256 9 11 0.07670258 
165 310 10 12 0.07659165 
679 256 10 12 0.07658928 
63 246 8 10 0.07643869 
639 277 8 12 0.07642394 
219 328 13 16 0.07638921 
821 351 10 14 0.07624323 
569 325 9 12 0.07591603 
384 336 9 11 0.07559908 
110 353 15 18 0.07536781 
216 326 11 14 0.075356215 
151 296 9 11 0.07517923 
56 248 7 10 0.07509022 
86 316 10 12 0.075018406 
727 263 10 13 0.074960634 
864 269 10 12 0.074674726 
615 358 10 12 0.07434636 
1008 509 12 16 0.072957315 
694 378 14 18 0.07286043 
797 236 10 13 0.07250739 
337 320 8 9 0.07231533 
625 324 10 13 0.07163343 
607 224 9 10 0.07152255 
477 334 8 11 0.07134406 
479 320 9 10 0.0712596 
858 371 13 15 0.071248405 
49 252 8 11 0.07087127 
630 333 10 14 0.070829034 
92 387 14 17 0.070524655 
191 338 13 18 0.06943354 
580 359 13 17 0.06920886 
479 325 9 11 0.069169 
608 264 7 9 0.06892822 
614 379 13 15 0.068745226 
768 347 11 14 0.06839932 
505 349 8 11 0.06820723 
191 221 11 14 0.06805385 
62 294 9 12 0.06802139 
65 389 10 15 0.0676945 
206 349 11 14 0.067570575 
49 443 12 18 0.067568116 
426 476 16 24 0.0675658 
143 288 9 11 0.067487374 
308 481 12 16 0.06748461 
136 316 11 14 0.06716605 
828 307 11 15 0.06715351 
421 260 9 10 0.06707738 
670 554 27 39 0.066572376 
120 317 9 12 0.06602085 
349 327 9 10 0.065960184 
315 269 10 12 0.06586656 
468 342 10 13 0.06578869 
530 288 7 9 0.065535866 
3 362 15 20 0.06537033 
232 264 11 14 0.06522216 
134 405 14 16 0.06458026 
339 490 12 17 0.06445662 
79 292 9 11 0.06403731 
132 263 10 13 0.064004645 
53 301 9 13 0.0636815 
528 293 8 10 0.06348813 
351 276 10 13 0.06338879 
0 300 10 15 0.063364714 
629 264 8 10 0.06335666 
369 258 9 10 0.062331397 
480 256 9 11 0.06232346 
454 333 9 11 0.062079877 
372 263 8 11 0.061868157 
253 333 9 14 0.06179574 
131 387 11 15 0.06171951 
760 312 8 11 0.06157891 
216 250 11 13 0.06125053 
55 377 12 15 0.060788214 
621 247 8 10 0.060671266 
157 315 12 15 0.060557324 
661 279 10 12 0.060434796 
596 329 10 13 0.06007771 
229 312 9 11 0.059964985 
617 261 8 9 0.059931345 
650 283 9 12 0.05985567 
871 269 9 11 0.059851907 
591 254 8 9 0.059660662 
113 287 10 12 0.05953941 
348 478 10 13 0.058859855 
763 381 11 15 0.058680188 
685 255 8 11 0.058262765 
833 334 8 10 0.05822605 
57 411 21 29 0.058007877 
104 277 9 12 0.0580064 
163 400 15 18 0.057976656 
295 257 9 12 0.057868462 
789 266 10 13 0.057560444 
326 328 8 10 0.056940947 
79 280 9 10 0.056864414 
806 283 11 13 0.056759786 
624 337 11 16 0.05665718 
654 331 10 12 0.05660879 
592 264 9 11 0.05660767 
821 293 9 12 0.056349706 
510 351 8 11 0.05598226 
152 316 12 15 0.055941705 
758 364 10 13 0.05584755 
772 267 11 13 0.0557726 
710 333 10 13 0.055222668 
489 272 9 11 0.0550832 
445 349 10 12 0.055081952 
551 335 8 10 0.05508175 
566 286 8 10 0.054580055 
262 464 16 17 0.05454114 
840 290 10 13 0.054407243 
720 249 8 9 0.05424557 
1000 508 22 32 0.05369483 
345 297 10 14 0.053649027 
373 274 10 13 0.053575493 
730 378 11 16 0.05353094 
750 396 14 18 0.053408317 
713 325 9 12 0.053399123 
584 296 8 11 0.053355224 
655 320 10 13 0.053267498 
64 254 8 11 0.053231988 
862 332 10 12 0.053134542 
281 293 9 12 0.053125665 
542 386 10 15 0.052981246 
168 55 25 33 0.05295374 
527 367 9 12 0.052932084 
197 218 13 16 0.052915644 
191 291 9 12 0.052830003 
614 352 9 11 0.052365452 
540 381 9 13 0.052265212 
313 295 8 11 0.052250743 
322 326 8 11 0.052164026 
617 248 8 9 0.052162472 
81 319 10 12 0.052105233 
962 299 14 17 0.05209518 
287 340 9 12 0.052053656 
632 245 9 11 0.052049343 
863 323 10 15 0.051885482 
799 255 8 11 0.05187953 
64 285 9 11 0.05168816 
191 206 8 10 0.051603727 
135 296 10 11 0.051588897 
93 380 13 16 0.0514554 
608 350 8 11 0.051206123 
813 343 10 12 0.051138677 
566 333 10 12 0.05111593 
285 252 11 14 0.051114168 
563 341 10 13 0.05108586 
310 498 12 16 0.051041897 
272 336 10 13 0.05076884 
237 264 9 11 0.050568193 
520 287 7 9 0.05052929 
628 531 19 26 0.049924914 
165 303 9 12 0.04989562 
760 352 9 12 0.049895454 
386 340 11 13 0.049741752 
823 284 9 12 0.049581204 
89 394 15 20 0.049480837 
830 302 12 15 0.049445502 
792 263 10 11 0.04943271 
622 239 8 10 0.049310625 
593 327 9 12 0.049084723 
586 306 9 12 0.049078286 
732 358 10 13 0.048897315 
326 333 9 11 0.048824795 
83 389 16 18 0.048808903 
659 397 10 14 0.048764497 
0 296 8 12 0.048724905 
516 359 11 13 0.048717014 
387 373 14 16 0.048522282 
503 263 8 9 0.04849314 
338 343 8 10 0.04815901 
621 378 15 18 0.04792955 
300 484 15 17 0.04784603 
521 350 9 10 0.047785338 
868 303 11 13 0.047770433 
176 220 10 13 0.047271382 
609 357 9 13 0.04701512 
251 248 12 14 0.04691398 
513 249 9 11 0.046647795 
692 386 13 17 0.046473812 
157 280 9 12 0.046263974 
375 350 8 10 0.046136703 
419 277 13 15 0.046073537 
187 316 14 16 0.046001468 
993 342 10 13 0.045831773 
543 342 8 10 0.045786545 
434 295 9 11 0.045684174 
442 499 19 23 0.045573894 
551 311 8 11 0.045266263 
100 388 13 17 0.045024335 
131 417 16 18 0.044981904 
366 311 7 10 0.044787157 
254 501 13 19 0.044776037 
560 281 8 9 0.044697464 
392 257 8 9 0.044673275 
892 211 9 12 0.044599608 
758 340 9 11 0.04457745 
200 461 9 12 0.04451806 
728 288 10 12 0.04429637 
96 289 9 12 0.044083126 
216 294 9 12 0.044053286 
282 285 9 12 0.044023048 
133 276 10 12 0.044004448 
673 375 11 14 0.044003963 
759 238 8 10 0.043997787 
986 317 11 13 0.043916658 
629 319 9 13 0.043684166 
520 397 13 15 0.04353242 
649 383 10 12 0.043310534 
403 310 9 10 0.043274894 
449 332 10 12 0.043262854 
133 396 12 15 0.04315994 
277 335 11 13 0.04313703 
797 286 9 11 0.043116063 
751 367 12 14 0.042981695 
166 315 11 14 0.04295912 
388 354 13 15 0.0429308 
79 419 24 31 0.042926412 
96 255 9 14 0.04289113 
817 276 9 13 0.04276196 
508 291 9 11 0.04235481 
506 365 10 11 0.04233731 
206 304 12 14 0.04224482 
781 403 12 15 0.042092055 
273 247 10 12 0.04201492 
324 474 13 16 0.042009056 
79 375 11 14 0.041884635 
677 318 11 14 0.04182836 
95 301 10 12 0.04151351 
944 352 9 12 0.04146585 
70 239 8 10 0.041434623 
529 371 9 12 0.041390628 
205 260 9 12 0.041373275 
574 277 8 10 0.041284695 
698 555 24 37 0.041202657 
590 385 11 15 0.04114335 
175 285 9 13 0.040825773 
806 254 9 10 0.040624376 
118 278 9 12 0.040426534 
313 283 10 13 0.040420417 
721 345 9 11 0.04025144 
348 287 11 14 0.040251076 
287 226 11 14 0.04019984 
193 301 9 11 0.040151957 
798 338 10 12 0.040117927 
389 341 19 22 0.039975557 
169 223 8 11 0.03990228 
249 290 11 15 0.039741836 
708 341 10 13 0.039718945 
844 423 10 13 0.039604567 
334 363 11 14 0.039588634 
109 279 10 12 0.039393827 
793 256 8 11 0.03934349 
93 374 12 15 0.039230756 
776 380 10 14 0.039200485 
65 280 8 11 0.039193716 
466 347 10 13 0.03915631 
126 317 9 12 0.039114438 
601 241 7 9 0.039001707 
398 271 10 11 0.03897667 
717 287 12 13 0.038793862 
617 254 9 12 0.03874638 
897 231 7 10 0.038688377 
606 240 7 9 0.038567014 
223 292 10 13 0.03835573 
832 230 9 10 0.038345627 
103 394 13 17 0.038230788 
120 310 9 12 0.03814063 
616 271 9 9 0.038108252 
56 368 10 14 0.038030546 
592 238 7 9 0.038006883 
765 362 9 12 0.038004663 
495 375 12 16 0.037905198 
317 493 11 18 0.037890404 
646 240 7 10 0.037786894 
776 316 10 12 0.037785776 
207 255 9 11 0.03771826 
570 358 11 14 0.037393115 
68 395 14 20 0.03737301 
687 261 10 12 0.03735202 
424 326 9 12 0.0373339 
970 293 12 14 0.037296075 
631 239 8 9 0.037277732 
110 301 10 13 0.037049625 
95 231 8 10 0.037037823 
223 270 10 15 0.03699945 
653 343 10 12 0.036981698 
832 295 10 12 0.036869153 
686 284 9 11 0.036850467 
441 477 17 22 0.036823392 
701 376 17 23 0.03680981 
65 241 8 11 0.03676187 
61 381 11 15 0.0367269 
128 306 11 15 0.0367187 
669 247 9 11 0.036661487 
108 324 13 15 0.036488533 
920 204 9 11 0.036453616 
142 399 10 13 0.036378276 
855 229 9 10 0.036332104 
591 231 8 10 0.03629284 
321 332 10 12 0.036201768 
313 301 8 9 0.036178112 
341 319 8 11 0.036112033 
736 281 10 13 0.036065936 
809 396 9 12 0.036026035 
765 311 9 11 0.03602565 
280 496 19 26 0.0360146 
190 310 11 14 0.035993464 
951 381 9 11 0.03594811 
133 408 19 23 0.03589254 
216 223 8 12 0.035890535 
978 313 18 22 0.03575508 
414 410 16 20 0.035723746 
854 395 10 14 0.03569189 
458 247 8 10 0.035420194 
127 414 12 14 0.035404246 
441 364 11 16 0.035305686 
926 275 10 12 0.035204936 
137 233 8 11 0.03518383 
725 382 13 19 0.035151098 
793 231 9 11 0.035135202 
195 283 10 15 0.035134908 
199 303 9 13 0.03506591 
465 286 8 9 0.035021458 
125 247 10 11 0.034868594 
574 264 7 9 0.03485938 
614 291 10 14 0.034856863 
390 261 8 10 0.034851924 
444 547 17 19 0.034817666 
817 373 10 12 0.034774534 
399 317 10 12 0.034484517 
156 408 18 20 0.034392405 
922 309 11 13 0.034284595 
496 337 9 10 0.034204345 
612 284 12 16 0.03414975 
793 312 9 12 0.034032922 
632 231 7 9 0.034023788 
58 373 11 15 0.03398847 
767 255 9 10 0.03394361 
446 320 8 11 0.033807836 
922 251 8 12 0.033768274 
677 390 14 18 0.033765525 
360 305 8 11 0.033711456 
587 358 11 15 0.03371048 
382 326 8 11 0.03366683 
333 273 9 11 0.033627164 
440 254 9 11 0.033586893 
142 477 44 51 0.03346751 
408 277 10 14 0.03345762 
712 302 9 12 0.03339628 
79 230 7 9 0.03337154 
561 285 8 10 0.03326719 
636 336 12 15 0.033243116 
281 453 17 23 0.03322246 
450 357 14 17 0.033209816 
817 271 10 12 0.033150975 
102 324 11 14 0.033128005 
413 312 8 11 0.03312299 
593 276 9 12 0.033093058 
1000 320 10 12 0.033049814 
543 270 8 10 0.03303086 
202 456 8 11 0.03299866 
500 373 15 17 0.032925192 
195 372 14 19 0.032800023 
494 316 9 12 0.03279209 
183 350 12 15 0.032668177 
592 248 7 9 0.03258176 
318 293 8 11 0.0325745 
379 472 13 19 0.03254271 
613 312 9 10 0.032499753 
431 260 7 9 0.032462817 
996 556 31 41 0.032381155 
88 303 9 12 0.032357004 
663 259 9 12 0.03230254 
369 328 9 10 0.032233853 
853 377 14 18 0.03211225 
648 318 11 14 0.032079514 
666 247 7 9 0.032064147 
853 223 9 11 0.03205813 
56 291 9 13 0.03200727 
617 240 8 9 0.031937685 
104 215 8 10 0.031803716 
764 374 10 13 0.031785287 
634 275 9 12 0.03174299 
749 369 19 24 0.03171155 
56 425 11 15 0.03169971 
502 325 8 11 0.03169163 
426 468 13 20 0.031639084 
86 251 11 13 0.031625234 
925 293 13 17 0.03161773 
740 286 10 12 0.0315998 
473 295 9 11 0.0314933 
477 339 9 12 0.031455517 
999 508 10 14 0.031352602 
101 318 11 14 0.03128144 
462 247 8 9 0.03126922 
836 300 10 13 0.031254023 
400 327 10 12 0.031228809 
327 446 11 15 0.031170731 
434 340 10 13 0.031154616 
103 272 8 11 0.031088836 
341 480 20 27 0.031064725 
441 319 8 10 0.031010695 
924 405 9 12 0.030912528 
320 477 10 13 0.030712005 
704 546 27 38 0.030683335 
590 348 11 13 0.0306159 
752 298 11 14 0.030549018 
885 328 10 12 0.03041529 
252 326 11 14 0.030411882 
615 13 103 132 0.030364089 
814 407 9 12 0.030347917 
328 276 10 14 0.030337503 
485 256 9 10 0.03033738 
511 240 7 8 0.030304376 
140 310 11 14 0.03015313 
253 259 11 13 0.03012751 
797 261 8 11 0.030126123 
841 281 11 14 0.030099168 
94 315 10 12 0.030021053 
257 227 10 13 0.030002184 
286 300 9 11 0.029988116 
49 278 9 12 0.029927185 
545 265 8 9 0.02972847 
486 317 9 11 0.029706158 
320 253 8 10 0.029704815 
347 468 12 15 0.029701797 
252 270 10 12 0.029696152 
590 296 8 11 0.029677661 
127 335 10 12 0.029669207 
591 319 8 11 0.029602233 
612 316 11 13 0.029596206 
0 342 10 14 0.029465457 
749 358 10 11 0.02944205 
187 328 19 23 0.029395156 
856 316 11 14 0.029360494 
726 249 7 9 0.029313276 
855 203 9 11 0.029285222 
160 398 12 15 0.029250164 
208 244 11 15 0.029194111 
652 390 11 14 0.029190252 
806 271 10 12 0.029138526 
620 364 11 13 0.029135585 
156 294 11 14 0.0290563 
0 255 7 13 0.029017063 
168 282 10 12 0.02900337 
811 390 11 13 0.028916279 
376 327 8 10 0.028856553 
807 404 10 13 0.028812913 
228 291 10 13 0.028706588 
753 322 11 14 0.028669503 
800 245 8 10 0.02864796 
768 325 9 12 0.028625967 
632 338 11 15 0.028594691 
595 386 13 16 0.02858754 
385 363 15 16 0.028568266 
734 323 10 14 0.028564962 
852 388 13 15 0.028541619 
64 416 24 30 0.028529136 
790 548 48 57 0.028488679 
613 231 8 9 0.028482202 
220 348 11 14 0.028455157 
802 486 25 28 0.028410118 
263 338 11 13 0.028386015 
461 350 14 19 0.028381808 
376 520 14 21 0.028340422 
780 310 10 12 0.028319422 
533 342 8 10 0.02830162 
486 262 8 8 0.02823752 
433 474 20 28 0.028193656 
45 497 25 35 0.028098656 
925 190 10 12 0.028028114 
437 498 16 22 0.027979523 
490 487 15 20 0.02795777 
816 363 10 14 0.027939886 
568 265 11 12 0.027918117 
345 333 9 11 0.027898684 
80 272 8 10 0.02783228 
53 396 10 14 0.027795905 
609 309 9 11 0.027785819 
522 343 8 11 0.02774742 
914 315 10 12 0.027724868 
846 397 11 15 0.027720645 
53 279 9 11 0.027691798 
73 230 7 10 0.027689457 
921 232 9 12 0.02766229 
687 401 12 16 0.027647551 
647 355 10 13 0.027591972 
992 508 10 13 0.027522523 
365 500 14 17 0.027515084 
370 506 16 21 0.027476043 
402 328 19 23 0.027462156 
871 264 9 11 0.027443679 
608 302 8 11 0.027398493 
566 349 10 12 0.02738014 
944 299 11 14 0.027371874 
551 328 8 10 0.027350245 
591 285 10 11 0.027341709 
954 288 14 17 0.027330823 
254 492 23 30 0.027268508 
111 308 10 11 0.027263448 
213 302 9 13 0.027257925 
996 533 30 39 0.02725617 
524 357 10 12 0.027241137 
340 438 11 14 0.02720992 
723 362 10 14 0.027205046 
550 386 12 17 0.027095485 
863 350 10 12 0.026935728 
608 254 9 10 0.026887804 
865 445 8 11 0.026873969 
277 315 10 12 0.026859682 
260 260 10 12 0.026849205 
947 327 14 18 0.026823675 
753 183 9 10 0.026795518 
773 289 18 22 0.026753595 
646 332 12 14 0.026730489 
114 401 13 18 0.02672548 
518 260 8 10 0.026716083 
770 237 8 11 0.026709357 
847 202 11 13 0.026705008 
471 353 17 23 0.026615815 
939 389 12 15 0.026615256 
224 286 9 12 0.026611162 
249 280 18 24 0.026599988 
573 352 10 13 0.026539674 
190 200 9 10 0.026466796 
507 358 9 13 0.026452523 
731 364 10 13 0.026428802 
383 348 23 26 0.026331138 
545 336 7 10 0.026261538 
359 270 10 13 0.02622757 
510 345 8 11 0.026200056 
700 248 10 11 0.026186366 
80 324 11 14 0.026127629 
1012 503 11 16 0.026108576 
118 298 12 16 0.02607399 
562 300 9 12 0.026062451 
127 383 12 16 0.025956178 
0 368 11 18 0.02593469 
862 306 18 23 0.025903918 
559 382 13 17 0.025875725 
601 223 8 9 0.025839321 
789 404 11 13 0.02583197 
294 325 9 11 0.02582772 
817 222 8 11 0.025819017 
551 256 8 10 0.025725842 
101 401 14 17 0.025642812 
832 340 10 12 0.025626866 
815 411 11 13 0.025582207 
282 278 10 13 0.025572926 
233 470 8 11 0.025556663 
244 499 13 19 0.02550735 
78 387 14 18 0.025477782 
252 318 10 11 0.025456348 
89 229 8 11 0.025391493 
286 494 11 16 0.025354883 
228 284 11 14 0.025296206 
256 453 12 16 0.02529102 
196 268 11 15 0.025236292 
438 531 46 49 0.025219722 
486 302 18 23 0.025202379 
14 446 13 20 0.025169501 
840 427 13 15 0.02515287 
126 254 11 13 0.025090463 
53 252 8 10 0.025011599 
956 289 20 24 0.02500324 
698 229 9 11 0.024949683 
204 221 11 14 0.024940671 
852 301 11 13 0.02487485 
876 308 11 13 0.024871208 
299 265 11 14 0.02484278 
194 325 11 15 0.02482349 
649 395 12 16 0.024796952 
126 296 10 13 0.024756704 
714 254 8 11 0.02467638 
874 237 8 11 0.02464272 
411 273 20 25 0.024638446 
670 253 10 12 0.024588214 
559 337 10 12 0.024517933 
484 324 9 11 0.02450134 
561 229 8 10 0.024445415 
822 302 12 15 0.024410008 
284 351 11 14 0.024378639 
137 286 9 11 0.024368938 
91 423 16 20 0.024358764 
222 240 9 11 0.024301557 
801 324 12 16 0.02429984 
439 484 23 31 0.024295941 
453 328 8 11 0.024257999 
112 236 9 11 0.024175307 
567 240 7 10 0.024150772 
880 222 8 10 0.024133122 
674 385 12 16 0.024094332 
184 261 9 12 0.02408662 
344 263 9 10 0.024029098 
474 317 10 13 0.023998866 
870 424 15 17 0.023984417 
713 262 9 10 0.023980582 
293 504 14 18 0.023938684 
119 229 10 12 0.02391032 
393 369 23 24 0.023901097 
103 254 11 14 0.023848357 
795 293 10 12 0.023821408 
800 278 10 12 0.023762824 
474 327 9 11 0.023744376 
39 445 22 29 0.02373751 
834 223 8 10 0.023733666 
64 270 9 10 0.023695538 
821 222 8 10 0.023641214 
326 255 8 10 0.023621952 
766 318 8 11 0.0235305 
853 350 9 12 0.023457758 
782 224 8 9 0.023426974 
55 271 8 10 0.02342156 
718 253 9 11 0.023392653 
196 395 13 17 0.02338715 
103 336 13 18 0.023360044 
63 228 8 10 0.023336865 
319 247 9 11 0.023297094 
687 557 24 38 0.023289971 
119 224 8 11 0.023289688 
915 306 18 22 0.023282684 
533 292 8 10 0.023247149 
869 324 12 15 0.023242917 
319 318 8 10 0.023239305 
865 263 9 12 0.023224168 
584 318 9 11 0.023219958 
782 230 8 10 0.023175849 
855 323 10 15 0.02314898 
988 311 11 14 0.023145027 
782 375 9 11 0.023100179 
22 293 7 10 0.023092266 
356 276 9 12 0.023088483 
700 570 26 35 0.023086049 
769 231 10 11 0.023053305 
180 219 12 16 0.023044521 
379 482 14 19 0.022992125 
373 535 15 20 0.022945775 
784 576 51 61 0.02290456 
665 254 9 12 0.02290036 
722 360 19 22 0.022862555 
695 363 11 15 0.022861619 
231 246 9 13 0.022839192 
223 222 9 11 0.022838587 
216 284 10 14 0.02283313 
572 298 12 16 0.022809342 
745 373 10 13 0.022807661 
96 270 9 12 0.022730803 
854 268 10 13 0.022722691 
524 390 12 14 0.022697058 
437 299 8 11 0.02264509 
523 333 9 12 0.022643773 
351 424 8 11 0.022640698 
370 349 9 11 0.02257878 
26 478 46 59 0.022566613 
425 332 10 11 0.02255129 
751 526 39 46 0.022540001 
719 260 11 13 0.022531612 
577 230 8 9 0.022521866 
95 288 19 23 0.022513514 
876 269 11 12 0.022512127 
328 473 21 26 0.02248479 
471 396 12 14 0.022464257 
709 555 35 49 0.022420084 
981 518 26 34 0.022387171 
116 253 11 13 0.022370044 
586 271 8 10 0.022311755 
715 580 26 32 0.022302562 
446 262 8 9 0.02227121 
847 196 10 13 0.022217218 
335 490 21 26 0.022194583 
744 292 9 12 0.02219216 
10 371 21 31 0.022177402 
713 320 8 11 0.022164749 
505 379 14 17 0.022153426 
376 332 9 11 0.022153217 
385 285 8 11 0.02213712 
659 319 11 13 0.022131722 
619 548 32 40 0.022111649 
584 248 8 9 0.022091687 
687 364 11 14 0.02208763 
416 349 11 13 0.02207097 
651 345 19 24 0.022057854 
470 278 9 10 0.022037908 
51 436 12 18 0.02196043 
271 541 10 15 0.021869203 
118 321 10 14 0.021847889 
960 335 11 12 0.021817159 
2 448 16 21 0.021786889 
382 269 9 11 0.021774549 
777 213 8 11 0.02173473 
347 499 13 15 0.021718528 
849 369 12 16 0.021705033 
639 293 10 12 0.021670103 
560 239 9 10 0.0215848 
783 255 10 12 0.021572629 
504 248 8 9 0.021553596 
461 337 10 12 0.021517798 
128 341 10 14 0.021492146 
862 214 9 11 0.0214381 
693 260 17 21 0.021417975 
854 199 8 12 0.021414936 
602 340 11 15 0.021392709 
891 309 11 14 0.021391856 
583 232 8 9 0.021381665 
382 278 9 12 0.021375896 
245 541 26 33 0.02136289 
474 299 10 13 0.02135764 
467 387 11 13 0.021321831 
583 351 10 12 0.02131237 
831 246 10 13 0.021308582 
865 283 17 21 0.02128282 
586 263 8 10 0.021277592 
848 350 10 14 0.021260673 
817 229 8 10 0.021243868 
38 438 15 20 0.021240028 
821 216 9 11 0.021216722 
760 255 9 11 0.02120612 
521 293 8 9 0.021180436 
437 337 20 24 0.021137642 
582 387 13 15 0.0211173 
709 347 10 13 0.021022532 
649 278 20 23 0.021001993 
960 341 12 14 0.021000933 
957 355 11 14 0.020995421 
401 304 9 11 0.020915702 
537 381 20 26 0.020903347 
253 289 18 23 0.020898543 
776 563 28 36 0.020869689 
412 339 11 12 0.020834647 
606 280 21 27 0.020830683 
204 372 14 19 0.020821987 
202 308 9 13 0.02081267 
672 323 10 12 0.02078058 
373 256 8 10 0.020736791 
320 340 9 10 0.020706378 
631 223 7 9 0.020691006 
70 270 8 10 0.020690475 
366 264 19 22 0.020679869 
258 461 29 32 0.020674948 
394 573 18 20 0.020640379 
264 317 10 12 0.020618962 
885 348 11 13 0.020588696 
671 372 21 25 0.020574437 
85 403 24 31 0.020573989 
86 270 9 12 0.020523684 
255 223 10 12 0.020514682 
534 385 13 16 0.020487694 
639 284 10 12 0.020484313 
108 390 21 26 0.020476343 
111 288 19 22 0.020415256 
534 309 8 11 0.0204062 
630 254 9 10 0.020390153 
560 310 9 12 0.020363329 
78 301 11 14 0.020311827 
888 201 8 10 0.020270016 
107 372 14 16 0.020262921 
270 295 10 13 0.020252893 
231 461 9 13 0.020251056 
749 385 16 20 0.020245656 
878 216 8 9 0.020193446 
101 285 11 15 0.020179864 
336 325 8 10 0.020143742 
862 355 12 14 0.020130059 
230 253 9 11 0.020129513 
150 298 18 22 0.02012435 
567 245 8 9 0.02011742 
273 541 23 29 0.020116288 
763 547 29 36 0.02011272 
848 270 10 12 0.020085486 
474 309 9 13 0.020068835 
318 311 8 10 0.020068392 
867 421 9 13 0.020031435 
873 331 12 14 0.020030115 
912 303 9 12 0.020026274 
442 540 29 30 0.020024221 
343 364 9 12 0.020016845 
337 347 10 12 0.020014722 
444 532 14 17 0.020002184 
