10_People_Marching_People_Marching_2_191
173
746 324 20 27 0.97256887 
515 315 16 28 0.96874183 
844 316 26 29 0.9631331 
656 317 25 28 0.9619648 
315 300 16 21 0.9554292 
336 308 17 24 0.9357116 
329 237 14 18 0.92896634 
384 320 19 21 0.90840787 
243 309 18 25 0.8579637 
82 294 16 20 0.84934974 
454 322 15 22 0.8409782 
189 314 18 21 0.8341678 
967 346 23 27 0.8311788 
93 315 17 21 0.81975394 
823 321 23 27 0.7911353 
379 240 12 15 0.7449376 
18 297 22 26 0.6932764 
484 328 16 20 0.60036856 
988 458 21 31 0.5143095 
137 309 12 16 0.4539705 
147 299 13 18 0.36354348 
1010 473 15 30 0.30366686 
365 312 12 17 0.29478207 
644 305 29 36 0.26348883 
497 330 14 18 0.2530594 
254 291 17 20 0.25296274 
300 315 16 18 0.2062183 
137 340 11 13 0.18599084 
975 349 23 29 0.18542837 
939 455 16 23 0.15277052 
833 315 25 30 0.13725306 
459 317 15 20 0.13572854 
183 315 16 20 0.13546355 
997 462 22 35 0.13128057 
170 297 15 19 0.13121255 
734 313 16 21 0.10075266 
239 318 14 20 0.089777745 
511 309 14 20 0.08835191 
89 297 14 17 0.083281204 
57 393 13 15 0.080342546 
176 322 12 16 0.073958546 
232 308 11 16 0.0662651 
125 301 10 13 0.06587558 
463 452 39 47 0.063613206 
333 301 16 22 0.06196983 
64 291 13 19 0.061790816 
1006 310 9 12 0.057836805 
462 311 14 16 0.05758676 
633 301 27 36 0.0575272 
366 283 10 13 0.057319734 
218 356 12 15 0.056908555 
936 451 14 20 0.056288578 
566 343 12 14 0.050433997 
68 288 19 26 0.050229464 
917 408 12 17 0.04906763 
458 324 20 25 0.047374766 
16 341 9 11 0.046911504 
404 476 20 30 0.046083473 
145 296 10 15 0.045029104 
372 278 11 13 0.04471459 
362 285 9 12 0.044406235 
777 312 22 28 0.04412282 
697 371 15 18 0.043921873 
259 347 23 27 0.043202315 
13 387 10 13 0.04296765 
364 305 21 27 0.04269627 
522 478 28 39 0.04247043 
249 316 17 20 0.042377774 
19 310 16 19 0.042236537 
792 470 27 36 0.042041153 
99 311 13 18 0.041389033 
1012 205 9 15 0.04116327 
275 318 13 15 0.04079531 
34 296 13 19 0.040165022 
5 309 12 16 0.038713977 
960 478 18 28 0.03835235 
65 287 10 14 0.037417274 
1007 203 10 14 0.036881465 
161 485 12 15 0.035965875 
10 290 21 30 0.03536905 
482 455 23 34 0.034922857 
394 327 13 19 0.034621242 
363 301 15 19 0.03449274 
899 451 15 19 0.03444614 
134 298 19 26 0.034443587 
385 242 12 15 0.03382907 
41 396 11 14 0.033674784 
201 314 13 18 0.03323686 
25 292 18 22 0.03303103 
174 341 11 13 0.03280833 
500 322 19 25 0.031972557 
955 423 11 13 0.031813376 
178 297 15 19 0.031792607 
114 421 9 13 0.03146206 
491 327 15 20 0.030982982 
288 285 12 15 0.030816657 
681 30 9 11 0.03017166 
522 309 17 23 0.0301045 
237 302 14 18 0.029995948 
38 285 10 14 0.029692115 
625 295 10 13 0.029565757 
175 332 11 14 0.029512687 
231 330 11 16 0.029370666 
153 298 15 19 0.029143382 
726 372 13 17 0.029116021 
232 312 13 21 0.029056016 
480 325 14 19 0.02892799 
364 294 13 16 0.028720548 
175 286 12 15 0.028685063 
109 334 9 12 0.028498018 
80 338 11 14 0.028373392 
255 347 14 17 0.028250668 
559 341 13 16 0.02822247 
108 339 11 13 0.028179504 
361 279 10 12 0.028133929 
622 295 23 30 0.027995104 
0 332 9 15 0.027493147 
321 303 16 20 0.027344557 
832 302 41 51 0.027237508 
812 313 27 32 0.027222684 
103 340 11 14 0.027151624 
250 300 22 26 0.027128836 
139 344 12 15 0.027109865 
485 321 10 13 0.026898008 
79 305 13 18 0.026820777 
721 28 9 11 0.026411716 
80 315 12 17 0.026021779 
344 300 17 21 0.02575698 
332 292 16 22 0.025620714 
373 311 19 25 0.025599947 
126 306 12 16 0.025226163 
182 330 11 14 0.024905825 
168 324 9 14 0.024877887 
220 445 14 16 0.02476117 
514 302 16 20 0.02446942 
325 305 20 27 0.024407117 
458 460 24 34 0.024387464 
531 301 14 16 0.024271833 
387 311 15 19 0.02424911 
854 323 22 26 0.02399296 
590 369 16 19 0.02386599 
939 445 14 20 0.02356691 
308 319 12 17 0.023464281 
44 390 11 16 0.023286967 
930 518 13 16 0.023280038 
431 423 28 39 0.023278879 
5 300 22 31 0.023120215 
960 341 39 47 0.022968842 
588 379 17 21 0.022961253 
269 369 14 18 0.022821033 
180 298 22 27 0.02234457 
799 347 14 17 0.022138482 
393 317 15 20 0.022076651 
248 286 11 14 0.022002181 
14 311 14 20 0.021915084 
80 349 10 14 0.021574993 
50 355 14 18 0.021441486 
248 292 12 17 0.02127316 
5 374 16 22 0.021088434 
7 296 14 20 0.021047827 
476 309 9 13 0.021030968 
800 301 12 15 0.020918509 
1004 369 13 16 0.02079777 
985 348 26 34 0.02057542 
180 339 11 14 0.020552145 
246 493 10 12 0.020519191 
665 176 8 11 0.020222435 
819 332 18 22 0.02020607 
86 356 9 12 0.0201354 
122 295 22 26 0.020119188 
440 364 10 13 0.02011028 
528 306 18 21 0.020050686 
518 35 11 15 0.020036751 
