10_People_Marching_People_Marching_2_171
456
418 492 22 30 0.9896763 
455 77 23 28 0.9863418 
723 341 22 29 0.96793014 
323 299 17 23 0.9675294 
306 438 21 27 0.96500444 
266 492 20 28 0.96384895 
11 632 23 28 0.9633442 
976 265 23 28 0.9587946 
837 100 22 27 0.9585614 
65 362 21 26 0.95607144 
671 91 22 27 0.9543815 
215 433 22 26 0.9340282 
307 358 21 25 0.9336095 
32 433 23 27 0.9285012 
113 127 21 27 0.9145708 
245 104 19 24 0.9115991 
572 72 19 25 0.91025186 
747 274 21 27 0.8993151 
199 364 20 25 0.898773 
561 580 20 28 0.8861698 
441 427 20 24 0.88160694 
345 112 19 24 0.8803997 
194 306 16 21 0.86847293 
5 142 20 27 0.83808196 
103 545 20 26 0.83433783 
20 161 32 43 0.8134555 
391 360 18 21 0.7972409 
453 533 20 27 0.7846645 
767 68 25 33 0.78292817 
468 355 19 23 0.7438536 
550 354 21 27 0.66259515 
358 280 23 32 0.6348642 
192 458 17 21 0.6001963 
220 584 19 28 0.570562 
902 319 37 45 0.543145 
607 382 21 30 0.5227742 
251 435 15 19 0.45112893 
126 442 20 25 0.43223932 
281 450 21 25 0.43166855 
220 323 13 16 0.42912677 
338 340 22 28 0.3978383 
662 369 22 28 0.397437 
581 370 14 17 0.39148584 
259 421 14 17 0.38454792 
165 427 15 18 0.37688586 
685 162 27 30 0.37222564 
564 426 23 26 0.37159216 
440 296 15 19 0.36020124 
341 619 16 25 0.35901368 
183 433 16 20 0.31437182 
426 367 17 20 0.26644507 
483 438 25 27 0.2612501 
0 615 17 20 0.2564563 
957 339 23 29 0.24677952 
549 331 11 14 0.24506427 
97 658 27 27 0.24246895 
13 470 15 18 0.22657675 
12 448 15 20 0.21106525 
286 434 17 19 0.20948932 
685 369 16 23 0.20134711 
446 364 17 22 0.18665934 
182 306 13 19 0.1744443 
364 481 14 18 0.16426066 
176 309 11 15 0.16323398 
339 443 17 21 0.16160129 
418 306 14 18 0.1614713 
254 428 15 18 0.15547964 
418 322 18 22 0.15033835 
788 114 21 25 0.14727084 
324 401 22 27 0.14600772 
94 441 17 21 0.14213216 
7 570 14 16 0.14161347 
540 599 13 17 0.13767076 
165 365 12 18 0.13706847 
-1 465 9 18 0.12514651 
469 159 28 29 0.122475065 
287 440 22 26 0.12230599 
573 368 15 19 0.11800535 
454 240 45 65 0.116322495 
674 164 28 34 0.11505518 
419 156 12 18 0.113932274 
683 125 31 33 0.11221809 
51 453 15 18 0.11088666 
455 297 14 18 0.107899785 
662 352 24 33 0.10558774 
340 375 20 25 0.10558312 
138 479 17 20 0.10277995 
360 181 29 29 0.10143164 
243 551 13 18 0.09719248 
387 509 15 18 0.09316559 
370 410 15 19 0.092438176 
818 304 20 24 0.0922693 
228 161 13 17 0.09160692 
161 323 20 25 0.09012376 
158 172 15 18 0.08937187 
523 364 14 20 0.08884178 
3 523 15 18 0.08607967 
718 321 16 21 0.08563461 
389 402 16 22 0.08455946 
581 396 22 27 0.08387617 
413 158 20 28 0.08347072 
636 389 14 21 0.08333653 
497 508 12 15 0.082983136 
213 546 14 20 0.08193432 
379 334 17 18 0.07929221 
559 359 18 21 0.07896572 
276 407 16 21 0.078052916 
302 118 10 14 0.07744683 
435 361 19 26 0.07694898 
93 484 16 20 0.076076835 
4 624 22 29 0.07580469 
168 429 20 24 0.07086027 
101 510 12 14 0.07061242 
485 493 11 16 0.06996424 
668 362 24 30 0.06982293 
603 361 16 20 0.06846287 
571 283 16 19 0.06752595 
178 382 11 13 0.067418225 
587 251 21 29 0.06731586 
209 596 24 33 0.06672452 
833 395 28 31 0.06670247 
44 580 17 19 0.064872265 
268 441 15 19 0.06305462 
84 437 13 16 0.062724836 
476 329 12 17 0.06267344 
396 438 23 25 0.06258776 
344 100 20 24 0.062486365 
245 431 15 19 0.062393356 
84 409 14 18 0.062367387 
27 596 14 18 0.062300853 
147 457 15 18 0.06207658 
544 164 19 23 0.06155048 
376 403 22 27 0.061433133 
171 326 16 22 0.060965173 
159 532 24 31 0.060841855 
674 347 16 22 0.060696136 
107 469 13 17 0.060668126 
268 121 15 17 0.06002688 
745 96 10 14 0.060011726 
1012 280 13 18 0.05992275 
276 122 14 16 0.05945221 
7 577 15 17 0.058526147 
134 445 18 24 0.058211748 
584 364 21 25 0.05807791 
535 346 12 15 0.057885014 
623 382 22 29 0.055825688 
93 584 22 31 0.05574127 
244 439 15 20 0.055627923 
476 490 16 19 0.055626955 
301 125 17 24 0.05460179 
30 403 14 17 0.054280676 
258 438 17 20 0.054141097 
157 321 16 20 0.052179597 
75 568 15 20 0.05212507 
184 517 25 29 0.051992048 
692 385 14 22 0.051758867 
187 484 17 21 0.051674366 
266 180 24 27 0.051039554 
383 512 13 16 0.05053947 
895 296 49 56 0.050313402 
526 360 19 27 0.050287843 
7 148 28 37 0.050287005 
44 520 18 21 0.04991493 
576 289 15 18 0.04958164 
497 295 16 19 0.049075283 
242 454 23 25 0.04803116 
9 453 20 26 0.04802902 
501 377 13 17 0.04802757 
591 391 21 30 0.047052607 
332 480 17 21 0.04694088 
120 446 14 22 0.046705574 
546 594 13 18 0.046481263 
164 399 15 17 0.046257786 
509 409 15 18 0.04601596 
93 162 12 16 0.04576838 
85 569 13 18 0.045449406 
540 419 23 28 0.045349337 
0 659 22 29 0.045305636 
718 325 23 31 0.04489498 
290 378 14 16 0.0447505 
40 445 21 25 0.044143263 
141 364 9 12 0.04397627 
554 249 25 31 0.04383043 
268 456 17 21 0.043580897 
468 489 15 19 0.043400235 
484 428 16 18 0.04337321 
97 469 22 25 0.04293126 
225 404 15 18 0.04230231 
590 147 28 36 0.042170297 
554 329 13 15 0.042143553 
541 359 18 24 0.04208315 
80 128 10 12 0.042040672 
218 498 16 21 0.04165922 
253 506 13 17 0.041506395 
417 449 23 27 0.04146306 
568 275 13 18 0.040930033 
188 332 12 15 0.040669005 
685 380 16 22 0.04040837 
639 359 14 18 0.040378038 
325 475 15 18 0.04008868 
154 315 15 18 0.039822362 
592 372 22 26 0.039747056 
540 348 11 16 0.039660286 
149 344 12 15 0.039430704 
469 325 15 21 0.03940235 
201 603 35 60 0.039347466 
497 441 18 22 0.03896105 
165 307 11 14 0.038896367 
461 477 25 33 0.038844213 
736 337 18 24 0.03840319 
132 488 14 19 0.038394198 
425 357 16 19 0.038099278 
653 337 13 17 0.038034048 
421 374 17 20 0.038009077 
476 445 24 31 0.037987623 
652 344 23 30 0.037762064 
979 303 28 35 0.037720334 
316 324 11 14 0.037680626 
222 380 12 15 0.03760232 
698 392 14 19 0.037442897 
238 190 14 16 0.037424102 
407 494 25 31 0.03733998 
256 495 21 27 0.037095025 
239 442 13 19 0.036310174 
596 382 22 29 0.036128327 
752 265 26 31 0.035999898 
49 642 22 29 0.03575885 
373 443 16 18 0.03573283 
241 301 12 16 0.035612673 
189 465 24 30 0.035550307 
759 77 24 30 0.03542518 
345 181 29 33 0.035216805 
310 323 11 15 0.03494988 
70 560 16 21 0.034863964 
69 436 13 16 0.034858644 
133 375 10 13 0.03475967 
692 389 23 32 0.034403943 
128 375 9 13 0.03431984 
114 384 16 18 0.033942606 
171 364 12 18 0.033834465 
222 153 21 30 0.033437654 
157 308 13 15 0.033321094 
197 340 13 16 0.033311963 
190 339 12 15 0.033247262 
136 365 10 13 0.03324599 
407 442 24 27 0.033018842 
155 459 13 19 0.032817006 
576 586 15 19 0.03278079 
235 431 22 26 0.032762375 
655 375 21 30 0.03262177 
110 523 13 16 0.03250128 
575 152 28 34 0.03239065 
72 159 8 10 0.032343745 
370 127 15 17 0.03225059 
457 526 17 22 0.032161824 
420 312 22 28 0.032161687 
115 582 25 33 0.03184549 
728 346 28 32 0.03183318 
413 547 14 16 0.03167035 
255 554 13 18 0.031599123 
326 398 16 18 0.03148433 
594 367 16 20 0.03133171 
568 290 13 17 0.03132521 
790 264 24 33 0.0312906 
367 274 18 25 0.031255346 
466 449 15 18 0.031245904 
990 318 34 39 0.031052988 
78 441 15 18 0.030610023 
90 408 16 19 0.03042759 
0 621 36 47 0.030412443 
463 537 16 20 0.030031089 
276 444 16 19 0.029787395 
205 501 12 15 0.029698687 
117 475 12 16 0.029389132 
842 109 24 30 0.029277785 
403 330 15 20 0.029115967 
181 330 12 17 0.029076727 
564 365 16 21 0.028906506 
357 441 22 27 0.028818399 
645 166 10 14 0.028734066 
319 474 14 17 0.028702902 
543 326 20 24 0.028676331 
317 160 13 18 0.028652072 
270 268 15 20 0.028221883 
844 129 13 16 0.028093357 
206 441 15 18 0.027956685 
21 535 17 21 0.02793977 
396 505 12 17 0.02788091 
437 323 13 17 0.027836518 
173 356 11 14 0.027743291 
889 169 15 19 0.027487805 
450 357 17 23 0.027452234 
156 483 14 20 0.027398877 
84 570 23 30 0.02736026 
431 652 22 27 0.027327297 
147 555 15 20 0.027177691 
5 466 14 19 0.027068136 
100 409 14 19 0.027039442 
458 338 15 18 0.026831944 
877 304 52 61 0.026780477 
148 421 13 16 0.026722973 
414 327 15 21 0.026721848 
0 636 9 16 0.026717601 
501 515 12 17 0.026679104 
906 339 19 26 0.026654448 
202 347 18 20 0.026542136 
492 399 21 25 0.02652922 
266 418 14 19 0.02651759 
476 295 16 21 0.026412176 
160 432 13 19 0.026405236 
198 355 16 23 0.026324132 
3 647 27 33 0.02626727 
611 354 15 20 0.026204659 
429 583 15 19 0.026133958 
180 323 11 16 0.02598124 
575 259 25 29 0.025946341 
958 93 58 64 0.025942687 
171 396 13 17 0.025919553 
570 271 23 28 0.025780981 
109 462 12 17 0.025705196 
279 413 22 26 0.025676608 
425 308 14 17 0.025620451 
421 470 23 30 0.025584163 
103 532 23 30 0.025554966 
402 489 16 21 0.02533137 
43 179 12 17 0.025268357 
973 297 46 59 0.02521594 
965 317 44 54 0.025178269 
874 135 22 28 0.025038328 
784 115 16 20 0.024952061 
584 252 13 18 0.02491432 
333 110 21 28 0.02474228 
636 380 14 21 0.024720432 
119 194 11 15 0.024718605 
976 435 33 43 0.024609854 
752 114 24 35 0.024589678 
975 301 11 15 0.024553632 
969 253 38 48 0.024459656 
376 184 17 21 0.024415333 
418 553 16 23 0.024404557 
460 438 21 26 0.02436212 
80 433 10 13 0.024355603 
569 401 27 30 0.024343913 
474 383 16 19 0.024333382 
396 334 16 19 0.024294108 
337 270 28 32 0.024244722 
0 597 9 13 0.024217073 
311 300 12 16 0.024151316 
35 483 13 16 0.02414968 
6 168 26 37 0.024117636 
302 570 12 17 0.02406773 
540 431 18 22 0.023804946 
359 157 29 36 0.023796517 
164 439 15 21 0.023732875 
337 354 24 30 0.02366937 
305 324 10 14 0.023648415 
56 363 14 19 0.023639664 
214 316 15 19 0.023629254 
569 573 17 21 0.023607492 
341 512 23 27 0.02359402 
385 407 23 28 0.023581522 
577 162 17 21 0.023566552 
455 163 33 33 0.02356628 
228 528 16 21 0.023535749 
549 349 16 22 0.02348873 
958 281 13 19 0.023388173 
495 376 13 18 0.02336194 
84 132 11 16 0.023338914 
276 460 17 21 0.023234678 
430 297 19 25 0.023139697 
221 171 14 19 0.023047391 
626 371 17 21 0.023046738 
575 332 15 18 0.023027563 
99 457 17 22 0.023025298 
175 388 12 13 0.023022465 
672 255 35 47 0.023006005 
283 123 12 16 0.022914639 
165 464 16 23 0.02290658 
376 645 10 14 0.022900594 
744 269 14 20 0.022899441 
145 474 16 22 0.022891674 
1005 329 15 20 0.022841323 
398 497 13 19 0.022807661 
400 426 24 28 0.022714064 
427 531 15 19 0.022700073 
522 443 24 34 0.022681337 
100 157 11 14 0.022588437 
793 118 26 31 0.022576597 
130 137 14 19 0.022479916 
125 411 12 15 0.022458876 
187 377 12 18 0.022404764 
770 290 15 18 0.022403987 
92 169 14 19 0.02238987 
270 552 13 16 0.02228682 
483 331 14 17 0.022281686 
40 457 24 27 0.022278586 
658 133 26 36 0.02220772 
234 519 17 21 0.022176422 
333 386 15 18 0.022059377 
246 507 14 18 0.021963699 
262 137 13 16 0.021914855 
174 317 20 26 0.021801786 
976 275 26 35 0.021796249 
860 144 13 17 0.021694517 
35 407 13 17 0.021668762 
23 410 15 18 0.021627847 
197 347 14 18 0.02161522 
668 130 30 39 0.021544056 
308 119 12 15 0.021513954 
419 459 24 29 0.02148588 
68 518 25 27 0.021410145 
464 331 23 27 0.021388011 
787 276 22 31 0.021354605 
309 331 11 15 0.02135025 
232 592 15 19 0.021347528 
404 538 27 33 0.021329844 
883 273 29 42 0.021293353 
125 194 11 15 0.021269705 
230 532 25 30 0.021239782 
576 430 24 31 0.021110257 
38 517 16 19 0.02109129 
406 524 14 17 0.02100736 
519 509 13 15 0.020952823 
23 601 15 19 0.020903833 
44 590 17 19 0.020885278 
58 458 13 17 0.020876767 
766 65 17 22 0.020855974 
81 443 23 28 0.020827042 
558 428 18 25 0.020779913 
813 312 16 20 0.020775646 
331 387 25 30 0.020753361 
899 271 51 60 0.020703614 
415 397 23 28 0.020700611 
694 402 26 36 0.020689642 
326 488 15 18 0.020681467 
676 278 27 30 0.020671478 
536 610 13 18 0.020668978 
889 328 32 45 0.020603867 
413 593 15 19 0.020588962 
143 345 13 16 0.020538462 
685 125 17 19 0.020475978 
325 178 24 28 0.020463208 
415 384 25 29 0.02045758 
1001 59 12 15 0.020385087 
508 516 13 18 0.020351205 
267 129 15 18 0.020307425 
190 347 12 16 0.020261504 
659 333 13 16 0.020235568 
37 453 15 20 0.020215087 
144 461 21 25 0.020167096 
616 379 21 25 0.02015078 
567 291 23 28 0.020125128 
27 609 16 19 0.020107204 
678 84 20 23 0.020103134 
197 433 13 18 0.02009652 
445 246 30 41 0.020048935 
