10_People_Marching_People_Marching_10_People_Marching_People_Marching_10_552
61
440 100 70 89 0.99870384 
839 87 12 16 0.3227003 
714 4 17 20 0.30803737 
692 97 14 16 0.21686989 
795 91 11 13 0.18502298 
902 172 13 18 0.12576994 
883 82 15 20 0.12390357 
683 -1 19 19 0.09928035 
744 93 14 17 0.083666295 
427 38 17 21 0.07680011 
835 0 16 14 0.07328254 
930 0 17 14 0.059964247 
570 -2 63 61 0.058619086 
853 -1 17 14 0.054598317 
912 27 16 20 0.04587193 
828 17 15 19 0.038137797 
755 117 14 18 0.0377122 
893 1 17 20 0.037501156 
656 89 12 15 0.036562186 
749 116 14 16 0.036183722 
832 27 24 31 0.035264354 
843 0 15 14 0.03472811 
632 22 28 37 0.03196049 
828 25 16 22 0.031508896 
681 113 16 19 0.030916132 
589 0 34 37 0.030666849 
478 9 16 19 0.0303538 
1 9 14 19 0.02938115 
256 314 65 60 0.028711207 
325 114 15 17 0.02859269 
250 269 36 32 0.028274642 
126 36 13 16 0.027270043 
790 87 19 24 0.027081689 
829 4 24 30 0.025577238 
481 3 18 19 0.025540471 
0 74 8 14 0.025118353 
567 0 38 41 0.025011819 
993 -1 29 33 0.024708236 
531 128 15 18 0.0243002 
917 116 25 27 0.023653606 
663 172 14 18 0.023626372 
632 -1 21 17 0.023376256 
209 60 16 19 0.0224743 
182 152 12 14 0.02234036 
862 177 17 22 0.022338986 
522 -2 18 14 0.022245929 
629 93 14 17 0.022145772 
689 -1 24 24 0.022008011 
177 -1 21 18 0.021837702 
382 -1 13 10 0.02160995 
880 37 25 31 0.021562384 
748 105 14 17 0.021471854 
416 98 11 12 0.021445006 
838 121 21 27 0.021332083 
951 0 13 12 0.021104917 
340 84 11 13 0.0209117 
0 41 219 209 0.02065388 
771 191 24 31 0.020479403 
142 123 12 13 0.02042593 
773 88 14 19 0.020283513 
514 107 49 65 0.02017923 
