10_People_Marching_People_Marching_10_People_Marching_People_Marching_10_People_Marching_People_Marching_10_162
578
389 309 25 26 0.97763604 
411 113 15 18 0.7101103 
434 290 28 31 0.62608314 
981 179 24 35 0.5891316 
659 39 18 21 0.5167756 
356 210 15 19 0.41983816 
839 349 10 12 0.3911342 
576 135 17 23 0.37647954 
498 92 14 17 0.3060021 
358 159 11 14 0.28435174 
778 90 16 20 0.2753984 
993 185 27 36 0.23423304 
337 275 17 19 0.23224929 
614 63 22 27 0.22912118 
658 333 15 17 0.22790395 
605 55 11 15 0.22512974 
571 80 14 19 0.2206884 
911 22 11 13 0.21842425 
711 16 16 22 0.20822392 
142 275 17 19 0.20422003 
286 221 12 14 0.19877023 
380 147 12 14 0.19561952 
729 99 28 34 0.17874634 
677 152 16 20 0.17613955 
169 255 23 30 0.17439145 
758 49 15 20 0.16957057 
357 299 10 14 0.1662077 
73 318 16 16 0.16596667 
452 124 14 18 0.16517566 
846 329 16 18 0.16155514 
474 311 22 24 0.16121173 
673 296 17 19 0.1550238 
179 265 14 16 0.1542709 
209 258 11 16 0.14995013 
465 96 15 18 0.13575095 
56 317 10 14 0.13513954 
530 138 13 15 0.13136888 
279 220 11 13 0.13130897 
352 152 9 12 0.12303348 
623 55 21 27 0.12291354 
700 282 15 20 0.12244636 
371 269 12 14 0.12003753 
420 231 12 13 0.117141016 
629 49 17 21 0.11624681 
169 310 22 29 0.11429931 
308 283 14 20 0.11298243 
260 235 11 15 0.11283759 
649 210 15 20 0.11001867 
828 319 14 18 0.104941905 
831 88 27 35 0.103039235 
594 183 16 19 0.102280065 
522 274 19 20 0.101980306 
941 25 15 18 0.09536778 
707 284 17 20 0.0946531 
354 155 10 14 0.09305088 
498 270 20 29 0.09124854 
61 356 13 17 0.091242574 
829 19 14 17 0.09031789 
714 288 16 18 0.09020935 
444 218 11 14 0.08760058 
844 84 12 16 0.086418465 
734 0 14 13 0.08500572 
237 317 12 14 0.083835304 
967 90 13 16 0.08368017 
498 162 14 16 0.0829826 
259 326 13 15 0.08118354 
570 259 13 17 0.07973691 
153 260 26 31 0.07820125 
253 324 13 15 0.0773282 
549 100 13 16 0.07685953 
61 342 9 12 0.07608376 
446 322 13 15 0.07446716 
790 58 14 19 0.07373818 
271 221 11 13 0.073460884 
789 229 12 15 0.07315593 
86 334 10 13 0.07205493 
754 265 27 35 0.07162131 
63 305 26 29 0.0706679 
949 112 9 11 0.070123516 
284 295 14 18 0.06924009 
882 61 16 21 0.068639055 
599 58 14 19 0.06791222 
391 130 11 14 0.067557454 
108 299 14 15 0.06699781 
910 1 13 11 0.06680112 
716 213 22 30 0.06593636 
331 358 13 17 0.06529356 
714 72 16 22 0.065024965 
726 1 15 17 0.06487737 
309 277 14 17 0.0627175 
937 26 12 15 0.062114093 
980 3 19 18 0.0611448 
750 0 13 11 0.06054941 
831 174 12 16 0.059582412 
95 333 12 14 0.059065994 
88 175 23 29 0.058642033 
604 57 21 29 0.057564687 
516 280 16 19 0.05722157 
1010 55 13 23 0.05697491 
61 317 12 14 0.056957576 
870 324 11 14 0.056954574 
347 350 17 21 0.056875724 
837 88 16 20 0.05641775 
382 271 11 14 0.056311786 
181 274 25 28 0.056109514 
315 206 11 15 0.055731893 
439 306 24 29 0.05552737 
905 80 21 28 0.05544114 
539 155 18 21 0.054933745 
188 277 14 16 0.05481999 
276 296 14 20 0.054584704 
483 179 14 18 0.054513752 
245 245 12 14 0.05419788 
649 180 15 20 0.053694226 
515 178 26 31 0.05355021 
519 151 10 13 0.053546775 
100 293 17 19 0.05301838 
244 361 14 19 0.052992374 
54 221 11 16 0.052929834 
0 422 10 15 0.05260782 
755 0 14 14 0.05244451 
37 326 14 16 0.05220663 
908 134 23 30 0.052138094 
145 272 28 30 0.05188223 
187 268 14 14 0.051807858 
831 317 21 26 0.0515932 
274 305 15 19 0.051563974 
634 55 17 22 0.051513206 
774 94 16 23 0.05118342 
983 37 23 30 0.05092688 
560 252 21 29 0.050423775 
452 331 11 13 0.050286297 
367 311 12 15 0.049895916 
972 186 28 37 0.049875163 
468 316 17 18 0.04976835 
800 315 12 15 0.04909824 
62 335 9 12 0.049017612 
231 315 13 15 0.048826486 
721 147 16 19 0.048704248 
492 148 12 14 0.04847711 
499 208 15 18 0.04847123 
908 111 14 16 0.048201036 
730 139 16 18 0.04806983 
524 147 13 16 0.04794796 
805 110 12 14 0.04752855 
278 313 13 16 0.047460396 
853 3 14 16 0.046975624 
751 48 15 19 0.046947647 
207 255 20 30 0.046865147 
1001 1 20 19 0.046564437 
350 294 13 16 0.046415992 
725 255 21 33 0.046033215 
402 310 26 31 0.045791786 
56 293 26 29 0.045464095 
875 82 15 18 0.045446794 
672 155 14 17 0.04524247 
965 97 15 20 0.045240715 
386 169 14 16 0.044952136 
956 151 30 37 0.044785745 
690 23 17 20 0.044535566 
276 236 12 14 0.044461142 
195 267 13 15 0.044345357 
566 283 14 19 0.04409675 
638 324 26 29 0.04405378 
247 324 12 14 0.043992475 
783 -1 13 12 0.043890197 
656 18 22 27 0.043786056 
360 374 11 14 0.04357641 
536 275 16 18 0.043481804 
416 109 15 18 0.043325264 
864 322 12 15 0.04303358 
573 127 15 21 0.042829603 
332 202 21 29 0.042720776 
315 326 13 16 0.04239251 
29 342 11 14 0.042358708 
850 337 14 15 0.042260006 
883 82 13 18 0.041813333 
725 222 29 31 0.04164515 
115 308 15 17 0.041521553 
463 320 14 17 0.041433197 
805 350 10 13 0.04088995 
650 203 25 33 0.040778756 
271 228 11 15 0.04070975 
246 342 9 12 0.04067306 
183 282 14 18 0.040542986 
179 262 25 27 0.040215284 
652 44 21 25 0.04008167 
264 223 11 14 0.03956066 
807 3 13 16 0.039299328 
30 334 11 13 0.039223097 
405 154 16 22 0.039209504 
25 336 10 12 0.039062057 
926 256 26 30 0.03895086 
78 328 13 15 0.038825925 
515 171 17 20 0.038742196 
115 302 13 15 0.038587697 
464 257 23 35 0.038478173 
631 241 15 19 0.03845734 
464 206 27 29 0.038405217 
388 278 11 13 0.03835768 
885 54 14 16 0.038249463 
142 334 10 12 0.038235415 
506 91 12 16 0.037929446 
660 81 19 21 0.037517365 
963 165 33 42 0.037458617 
892 49 12 16 0.037368707 
697 312 51 60 0.0373617 
939 176 27 36 0.037333593 
781 40 15 18 0.0373255 
528 184 17 23 0.037220426 
972 87 13 17 0.037169747 
196 337 11 14 0.037015006 
926 30 9 13 0.036917828 
323 292 15 20 0.036914513 
46 323 13 16 0.036897525 
477 92 11 15 0.036860038 
902 125 38 47 0.036686677 
461 101 15 20 0.036645286 
246 333 11 13 0.036347594 
510 156 14 17 0.036235698 
467 205 15 18 0.03614833 
327 384 10 13 0.035832085 
934 92 15 18 0.03581175 
356 166 15 18 0.035781294 
381 153 13 16 0.035727505 
91 291 28 31 0.03546729 
634 247 17 18 0.035329446 
659 186 16 19 0.03530563 
496 155 13 17 0.035168495 
233 310 24 26 0.034981523 
519 187 27 35 0.034931455 
826 12 12 16 0.034841288 
351 196 11 14 0.03464757 
294 307 15 18 0.03454933 
88 339 9 11 0.03444427 
621 51 15 18 0.03439 
930 278 33 39 0.03438268 
597 176 24 28 0.034373786 
138 287 28 32 0.0343529 
676 142 16 20 0.03433952 
936 51 14 17 0.034292117 
643 56 16 21 0.034278568 
594 115 15 19 0.034214582 
241 348 22 28 0.034205984 
548 256 24 33 0.03412311 
355 351 12 16 0.034091022 
890 329 29 37 0.03402493 
84 180 16 21 0.0339592 
422 307 26 32 0.033743255 
244 349 13 17 0.03365312 
347 203 20 27 0.033642404 
772 40 16 20 0.033563286 
970 145 23 31 0.03310945 
291 300 14 17 0.032962095 
842 101 16 21 0.032953776 
635 60 21 28 0.03294395 
177 267 44 50 0.03292106 
318 186 12 14 0.032875776 
947 165 30 40 0.032862574 
445 343 12 14 0.03286059 
427 131 16 19 0.032782856 
763 44 16 21 0.032765005 
765 262 33 43 0.032759055 
628 319 26 29 0.032643776 
980 189 38 53 0.03256087 
644 332 14 16 0.032542363 
517 325 13 15 0.03250186 
516 161 15 17 0.032473918 
299 298 17 20 0.03242927 
396 131 12 15 0.032408852 
95 340 11 12 0.03239247 
224 316 11 14 0.032268617 
903 3 13 15 0.0321741 
258 162 17 20 0.03215284 
761 322 24 33 0.03215005 
837 337 20 25 0.03214498 
787 37 12 16 0.031887744 
580 89 14 21 0.03187369 
627 307 45 50 0.031735975 
916 27 12 15 0.03146789 
770 50 15 19 0.031467874 
591 281 11 15 0.03144293 
526 134 20 25 0.031435974 
893 79 15 20 0.031318873 
974 106 22 28 0.031269323 
414 314 23 28 0.031154947 
240 331 11 13 0.031044565 
499 287 17 20 0.031035539 
738 17 17 22 0.03093398 
691 48 17 19 0.030883871 
807 37 12 16 0.030882401 
638 78 14 20 0.030842828 
880 3 13 15 0.030731276 
715 151 18 22 0.030727597 
988 85 11 14 0.030693265 
387 146 13 15 0.030670032 
890 138 13 17 0.03065655 
961 194 29 35 0.03060636 
311 285 20 27 0.030590268 
270 331 13 16 0.03057148 
817 342 10 12 0.030552603 
876 133 25 29 0.030355603 
276 229 12 15 0.030345263 
529 144 22 25 0.030279094 
478 176 23 28 0.030274075 
199 266 25 33 0.03025646 
506 157 23 27 0.030211207 
781 50 15 18 0.03010393 
978 0 32 31 0.03009377 
701 16 21 26 0.03004451 
612 51 13 16 0.030014114 
783 60 13 17 0.02995576 
327 283 24 27 0.029702976 
284 287 23 30 0.029695436 
1012 177 11 18 0.02964607 
486 92 12 16 0.029564159 
842 88 25 31 0.029498847 
884 73 14 19 0.029432433 
740 48 14 18 0.029404316 
793 16 15 19 0.029314619 
417 235 12 13 0.02921619 
837 323 13 15 0.029136071 
679 179 13 18 0.028954776 
948 24 10 13 0.02890218 
907 33 12 17 0.02874861 
649 322 26 32 0.028698012 
502 181 27 33 0.02857282 
507 280 15 20 0.028537428 
446 297 19 21 0.028483536 
869 309 12 15 0.028374353 
523 154 13 15 0.028248515 
60 315 23 26 0.02819457 
807 355 10 12 0.028123256 
241 341 10 12 0.028034765 
109 321 12 15 0.028017063 
389 243 13 15 0.027960451 
298 313 15 18 0.02794362 
79 341 10 11 0.027921392 
892 66 15 20 0.027843896 
451 222 26 29 0.027760848 
861 331 12 15 0.0277283 
925 322 32 45 0.027707456 
691 271 25 35 0.027610974 
733 50 15 19 0.027560236 
354 163 11 14 0.027491884 
891 1 12 11 0.027473584 
662 178 14 19 0.027338337 
368 270 19 24 0.027334927 
508 299 12 15 0.027300768 
536 159 25 30 0.027298674 
708 79 18 22 0.027231233 
246 319 23 25 0.027223654 
55 333 10 14 0.027053507 
739 244 15 16 0.026907597 
110 313 14 16 0.026803665 
173 281 13 17 0.026802868 
540 262 23 29 0.02677327 
449 117 12 15 0.026611874 
738 256 21 32 0.026583616 
574 230 12 16 0.026580853 
277 298 22 28 0.026563503 
283 316 13 17 0.026542483 
37 348 9 12 0.026436036 
658 294 26 32 0.026427163 
565 201 16 20 0.026414528 
55 297 14 16 0.026339592 
342 310 11 15 0.026239341 
167 274 26 30 0.0262364 
559 303 10 13 0.026221566 
863 74 11 13 0.026193308 
396 277 13 15 0.026149971 
216 342 11 13 0.026065236 
718 143 13 15 0.026025515 
578 179 13 17 0.02602376 
566 325 14 18 0.025979104 
825 182 11 15 0.025955604 
381 381 9 11 0.025947941 
405 357 12 14 0.025841784 
948 115 12 14 0.025840009 
850 83 12 15 0.025830997 
968 82 21 28 0.025829555 
132 243 23 33 0.025799206 
848 12 11 14 0.025794877 
60 308 15 18 0.02579392 
432 377 14 17 0.025764586 
613 163 28 36 0.025758108 
230 245 11 14 0.025737928 
182 275 13 16 0.025703441 
824 8 20 26 0.025691684 
842 77 22 28 0.025680328 
690 164 13 16 0.025530968 
732 11 17 20 0.02551497 
375 287 12 15 0.02551351 
47 315 21 26 0.025489116 
82 323 12 16 0.02544299 
824 358 10 12 0.02542293 
878 75 22 28 0.025365168 
812 108 12 14 0.02533744 
619 178 18 23 0.02532469 
495 188 23 29 0.02530556 
871 67 23 28 0.025259186 
658 198 17 24 0.025238454 
275 215 19 24 0.025232488 
869 67 15 18 0.025203198 
164 281 14 18 0.025199302 
355 154 18 23 0.025021499 
207 273 12 17 0.025014937 
440 396 11 15 0.025006156 
580 235 12 16 0.024975287 
351 171 11 14 0.024885314 
94 347 11 15 0.024880959 
192 255 23 27 0.024828944 
620 252 12 15 0.024828736 
748 266 16 22 0.024818433 
315 199 11 13 0.02476754 
56 362 11 14 0.024700144 
343 142 9 12 0.024687722 
895 73 23 28 0.024581844 
636 221 12 14 0.024490042 
606 169 45 49 0.024471752 
861 339 11 13 0.024410153 
557 310 12 14 0.02439005 
704 285 29 30 0.024389427 
610 213 25 33 0.02431221 
57 347 12 15 0.024293205 
325 209 14 22 0.024273466 
525 165 27 30 0.024255449 
328 189 9 12 0.024187703 
632 177 24 34 0.02415901 
900 0 23 24 0.024134189 
876 324 12 15 0.024125662 
621 243 12 16 0.02399471 
413 117 22 25 0.023972197 
613 260 12 17 0.023967043 
106 297 25 26 0.023958657 
170 301 17 21 0.023952369 
374 374 11 15 0.02392183 
834 25 13 16 0.023903323 
193 275 16 19 0.023896998 
656 17 417 517 0.023849847 
974 143 14 16 0.023758527 
723 61 21 28 0.023738155 
406 131 12 14 0.0237323 
556 269 14 20 0.02370784 
724 292 12 16 0.023696389 
690 155 12 16 0.023685481 
486 61 22 28 0.023533864 
731 58 15 21 0.023428999 
853 11 12 14 0.023424143 
724 145 24 29 0.02338871 
426 319 16 20 0.023333583 
684 171 16 20 0.023329422 
237 242 15 17 0.023315182 
868 76 15 18 0.023283416 
352 295 19 23 0.023282895 
833 341 9 14 0.0232433 
830 330 10 13 0.023237001 
829 7 13 16 0.023204898 
375 152 13 16 0.023184687 
71 320 23 27 0.0231688 
156 279 27 32 0.023035245 
602 106 24 30 0.023024222 
438 239 10 13 0.023015665 
76 303 27 30 0.022999398 
622 322 15 20 0.022977863 
473 211 16 18 0.022948522 
675 178 23 29 0.02283877 
675 297 26 32 0.022784203 
389 281 13 17 0.022721559 
823 188 11 14 0.022703322 
484 119 17 22 0.022687627 
972 92 25 30 0.022679705 
858 315 22 27 0.022674434 
651 54 15 20 0.02264131 
691 53 25 30 0.02262025 
678 279 26 33 0.0226166 
822 293 30 35 0.022601807 
386 269 12 15 0.022520063 
868 118 27 34 0.0224656 
256 326 21 24 0.022455448 
669 161 15 18 0.022432655 
256 342 23 29 0.022404816 
582 150 15 19 0.022321658 
970 201 17 22 0.02232128 
492 186 13 17 0.022262383 
262 293 25 29 0.02225543 
515 282 24 28 0.022190487 
341 197 13 15 0.022159966 
506 155 46 54 0.022129774 
54 343 19 25 0.02207704 
771 102 17 24 0.02199639 
276 323 13 16 0.021995632 
876 310 11 13 0.021969473 
922 269 25 29 0.02196027 
982 85 11 14 0.021943474 
74 165 38 46 0.021939438 
136 256 25 35 0.021929497 
397 169 12 17 0.021927848 
853 159 23 28 0.021899275 
575 200 23 33 0.021877645 
357 286 11 13 0.021841044 
396 142 14 16 0.021795658 
683 159 16 18 0.021794312 
841 313 25 31 0.021782938 
697 24 17 21 0.021779856 
960 93 14 15 0.021757381 
95 298 13 15 0.021752032 
649 187 24 33 0.021721309 
561 275 24 29 0.021704542 
212 271 14 20 0.021668227 
721 7 21 26 0.021663623 
363 405 10 14 0.021653632 
392 337 12 16 0.021652061 
788 229 22 26 0.021629596 
262 341 12 15 0.02160256 
908 109 25 28 0.021570498 
211 272 40 48 0.021564236 
385 398 9 11 0.02153588 
64 285 42 46 0.021527797 
786 163 29 36 0.021486312 
965 24 12 15 0.021441972 
755 386 11 15 0.021392813 
609 351 10 13 0.021384759 
538 308 13 16 0.021346176 
49 322 122 152 0.021310143 
494 202 15 20 0.021284735 
884 234 39 46 0.021204723 
440 213 22 27 0.021142263 
54 221 24 28 0.021085687 
605 71 14 20 0.02107269 
870 340 10 12 0.021058913 
170 293 29 34 0.021052105 
122 309 14 17 0.020997724 
514 160 27 29 0.020989433 
693 107 13 19 0.020978035 
838 370 10 14 0.020890072 
666 195 15 20 0.02087859 
481 267 27 30 0.020875005 
255 228 20 27 0.020865222 
693 146 12 16 0.020852618 
586 117 20 28 0.02083841 
729 237 28 30 0.020830872 
659 88 24 28 0.020827292 
494 194 14 19 0.020819413 
506 309 13 16 0.020762809 
634 228 14 16 0.020762198 
636 328 15 17 0.020750988 
306 292 17 23 0.020734733 
340 289 15 18 0.020702705 
634 138 17 20 0.020700369 
860 91 13 16 0.020693023 
614 253 12 15 0.020667937 
379 283 14 17 0.020556102 
571 196 17 21 0.020544065 
739 145 16 18 0.020535097 
324 269 24 29 0.020524366 
326 181 10 13 0.020502899 
888 135 41 48 0.020466987 
487 306 20 25 0.020438498 
906 15 21 27 0.02035733 
477 173 14 18 0.020334812 
135 325 11 14 0.020315876 
211 263 24 34 0.020314954 
388 260 11 13 0.020292023 
803 105 21 24 0.020290159 
495 164 23 30 0.020272491 
629 223 23 28 0.020252544 
621 154 26 33 0.020237438 
541 72 16 21 0.020221682 
349 306 12 15 0.02018251 
676 302 47 52 0.02017387 
822 97 27 31 0.020106258 
269 338 12 16 0.020100556 
716 156 24 31 0.020087512 
584 97 15 19 0.020050574 
477 121 16 20 0.0200333 
961 29 12 14 0.020032248 
666 172 14 18 0.02001352 
