10_People_Marching_People_Marching_10_People_Marching_People_Marching_10_499
113
370 203 29 43 0.8054105 
577 357 31 37 0.8029177 
751 77 25 34 0.5243795 
572 289 15 21 0.45607033 
454 274 16 20 0.35881162 
786 4 34 31 0.32191712 
791 112 44 43 0.2964243 
651 74 16 22 0.24358505 
380 241 27 38 0.19781147 
428 313 34 34 0.1627133 
544 254 22 31 0.14079906 
437 278 26 29 0.13561189 
494 279 15 20 0.1326832 
611 346 35 38 0.117607065 
607 74 13 15 0.1073526 
371 169 13 15 0.09844521 
557 257 15 22 0.09505021 
451 346 26 33 0.09401157 
612 72 12 14 0.090932384 
502 270 23 30 0.089612864 
508 269 14 19 0.08615929 
364 212 44 56 0.08399848 
544 21 28 29 0.082397215 
637 71 26 29 0.08205035 
722 30 40 52 0.07914767 
498 261 40 49 0.07286373 
542 300 39 51 0.06991929 
585 141 16 20 0.06516423 
812 3 36 35 0.060692694 
534 251 23 31 0.06014435 
793 3 22 20 0.053511534 
516 259 13 16 0.05165397 
435 325 20 21 0.05108485 
548 265 13 19 0.050415058 
628 39 17 22 0.049931433 
464 274 16 20 0.048172943 
354 136 16 21 0.046930604 
619 72 14 18 0.045179408 
513 274 16 21 0.043608077 
480 306 27 32 0.043003824 
732 44 40 52 0.04045562 
774 63 13 16 0.0397073 
739 272 36 38 0.039461385 
565 292 16 22 0.038483024 
410 203 17 21 0.03779107 
799 8 34 39 0.03680549 
388 203 28 35 0.036337618 
726 63 44 53 0.035751708 
635 48 15 19 0.03552097 
424 195 11 16 0.035468116 
920 74 41 48 0.03494094 
597 109 14 18 0.034102656 
348 132 16 22 0.0333886 
604 315 33 36 0.032233376 
648 144 29 34 0.03199995 
581 106 43 52 0.031763088 
482 283 26 34 0.030642895 
378 233 48 59 0.03057824 
622 155 14 17 0.02997576 
772 0 27 28 0.029739296 
379 205 16 26 0.029426998 
515 265 14 19 0.029295385 
541 269 15 21 0.029225687 
620 40 18 23 0.02878072 
698 99 18 21 0.028278466 
612 67 23 29 0.027931366 
740 46 18 25 0.027831016 
442 233 23 33 0.027605003 
742 88 15 19 0.02755958 
419 200 14 19 0.027317436 
453 234 13 20 0.026933765 
805 100 47 46 0.02693302 
425 378 30 45 0.025980888 
634 34 26 32 0.025937967 
659 69 14 19 0.025901137 
468 270 25 29 0.025430912 
717 156 27 32 0.025341107 
697 50 13 17 0.02497755 
654 142 13 17 0.024587397 
460 331 12 15 0.02448149 
605 43 12 17 0.02413949 
637 -97 406 442 0.023960933 
401 230 33 41 0.02375308 
485 251 12 17 0.023723148 
587 348 39 48 0.023494488 
539 309 26 33 0.023241531 
401 202 45 54 0.023194412 
483 267 25 30 0.02312367 
551 312 44 58 0.023100905 
634 49 27 36 0.022928713 
587 100 29 36 0.022883134 
603 69 21 25 0.022849306 
581 69 11 14 0.022666696 
551 336 15 19 0.022531642 
831 8 18 22 0.022089731 
644 36 16 20 0.022085683 
616 30 39 48 0.021718755 
451 238 24 31 0.021544224 
471 298 47 57 0.021380292 
759 46 28 36 0.021213269 
581 61 12 14 0.021032229 
361 138 15 20 0.020607881 
507 256 21 29 0.020605495 
623 66 27 32 0.020576626 
590 53 10 13 0.020553952 
356 204 31 44 0.020447897 
548 322 27 35 0.020431966 
540 1 15 13 0.020366987 
416 216 40 52 0.020355403 
449 280 25 30 0.020297829 
514 273 30 36 0.020289674 
426 293 51 49 0.020255515 
428 200 12 17 0.02011556 
