10_People_Marching_People_Marching_10_People_Marching_People_Marching_10_447
1964
462 479 27 32 0.9976926 
964 394 24 29 0.99673444 
176 830 23 28 0.9921875 
850 654 22 27 0.9906493 
968 475 25 32 0.99029994 
567 756 27 30 0.98849773 
214 881 24 32 0.9883858 
247 484 21 27 0.98733085 
809 309 22 27 0.98701376 
253 811 22 28 0.9866534 
806 639 21 26 0.98578656 
411 453 21 30 0.9844689 
883 406 23 26 0.98336226 
767 744 25 30 0.98276293 
928 618 21 28 0.98141056 
614 364 24 30 0.9810317 
68 445 21 27 0.98067296 
736 333 19 23 0.9797094 
873 626 21 28 0.97966194 
488 326 22 28 0.9787956 
669 510 22 29 0.97733694 
35 686 24 29 0.9769291 
327 426 22 26 0.9767914 
231 638 22 27 0.97553873 
109 536 21 26 0.9752925 
256 571 21 25 0.9731035 
611 693 21 25 0.970665 
382 645 24 27 0.97024846 
639 673 23 27 0.969465 
300 396 23 29 0.9680008 
272 280 18 24 0.9658979 
124 593 17 24 0.96580803 
256 72 23 28 0.9640933 
519 352 22 26 0.9640555 
14 291 21 26 0.9636971 
170 471 23 26 0.9632532 
275 547 21 28 0.9623054 
413 349 23 27 0.96187764 
296 333 20 25 0.96156365 
859 470 23 28 0.96002805 
333 158 19 25 0.95742726 
685 267 21 25 0.95242304 
831 526 22 28 0.9502422 
604 265 22 28 0.948999 
477 111 24 27 0.9455184 
282 369 19 26 0.9402239 
339 251 18 23 0.9401871 
832 245 19 22 0.9381502 
621 4 18 23 0.9362881 
557 634 22 27 0.93321043 
848 14 17 21 0.92927796 
185 575 22 28 0.92561805 
717 47 21 26 0.925586 
759 104 23 30 0.923218 
769 362 17 21 0.92078567 
980 271 19 23 0.9206911 
261 440 21 25 0.9180889 
853 292 20 25 0.9164406 
599 158 22 27 0.9153654 
133 794 21 26 0.9120341 
703 19 19 27 0.91091937 
566 275 22 26 0.9090338 
84 193 22 25 0.8981068 
792 703 23 29 0.896753 
993 368 20 25 0.8941323 
502 35 22 29 0.89186704 
681 366 18 23 0.88823783 
663 149 22 27 0.8866404 
973 171 14 17 0.88657427 
15 455 20 27 0.8851473 
835 49 19 21 0.8825365 
72 649 18 25 0.8795887 
900 202 17 21 0.8776615 
123 450 22 26 0.8757003 
404 85 23 28 0.8753606 
311 642 20 25 0.8719832 
36 781 27 35 0.8715955 
544 133 20 24 0.86964285 
993 108 19 25 0.8645351 
149 177 19 23 0.85353684 
894 238 20 26 0.8490947 
612 130 24 27 0.8487404 
493 154 21 26 0.8462057 
646 271 18 23 0.8433045 
934 329 18 22 0.838388 
630 98 19 22 0.8359284 
460 187 17 22 0.8248683 
904 437 23 27 0.8173522 
357 512 19 27 0.8128582 
774 498 23 27 0.80547345 
531 184 18 21 0.7936393 
206 62 17 21 0.7932674 
342 855 37 47 0.78747064 
962 201 16 18 0.7865464 
461 306 22 25 0.7806678 
214 101 18 23 0.7782037 
60 587 15 19 0.77411056 
951 23 21 27 0.77277404 
906 163 17 21 0.76715875 
221 337 20 24 0.74784905 
252 122 13 19 0.74630135 
516 80 20 28 0.74291337 
171 540 17 19 0.7343778 
725 362 15 19 0.73010075 
679 314 18 22 0.7205927 
546 37 17 21 0.7197644 
492 789 41 41 0.7181366 
143 347 18 23 0.71548146 
466 456 16 17 0.71143836 
783 426 13 18 0.7107101 
322 499 15 18 0.70866007 
909 71 14 20 0.706221 
698 91 17 19 0.7054582 
408 801 25 31 0.695367 
194 430 22 26 0.694463 
811 125 17 21 0.69243944 
342 386 20 25 0.6909637 
464 110 21 28 0.68892306 
513 264 15 19 0.6872272 
871 326 18 23 0.6847986 
566 334 17 22 0.68422645 
829 369 15 21 0.67955625 
548 151 15 20 0.67592293 
708 236 16 21 0.6700798 
422 281 20 25 0.6648633 
728 171 19 21 0.6561249 
748 81 17 20 0.654864 
719 296 16 21 0.6537313 
935 250 14 17 0.6514059 
603 523 23 28 0.6510106 
915 353 17 21 0.6456984 
47 77 19 22 0.6453701 
503 293 19 23 0.64361876 
151 885 23 35 0.6362466 
971 353 20 23 0.6356983 
190 125 19 23 0.6329597 
901 731 22 28 0.6314726 
85 622 17 20 0.62470305 
853 47 15 22 0.6246322 
61 499 16 21 0.62255645 
662 440 21 25 0.62176514 
562 107 21 25 0.62087756 
38 592 14 18 0.61796564 
797 281 16 21 0.61615 
147 670 21 28 0.6158138 
181 603 21 25 0.6126913 
872 382 21 25 0.6102755 
531 -1 20 19 0.59998524 
60 104 19 21 0.58914435 
353 418 15 19 0.58558905 
619 448 16 22 0.58359677 
110 128 16 20 0.5817412 
409 167 24 29 0.58106196 
995 344 17 21 0.58060604 
666 49 19 25 0.5801482 
297 234 19 22 0.57782996 
113 59 16 21 0.5769928 
994 525 19 23 0.5674278 
522 433 16 18 0.5602577 
657 54 17 21 0.55917865 
698 652 21 27 0.5582077 
954 106 16 21 0.5546398 
417 396 15 18 0.55097276 
330 474 21 25 0.5492461 
1013 242 11 17 0.54859805 
462 39 16 20 0.5470221 
319 585 14 20 0.5459562 
289 587 17 20 0.53841335 
459 253 14 16 0.5365055 
568 159 17 23 0.5310357 
862 369 16 20 0.5298538 
109 683 16 20 0.5291263 
763 410 17 21 0.5289109 
429 83 14 19 0.5196185 
522 400 14 17 0.5172694 
657 81 21 28 0.513937 
669 393 16 19 0.5132654 
158 738 14 19 0.51167715 
741 135 19 22 0.5107889 
840 200 20 21 0.5101153 
341 593 16 20 0.5050636 
775 702 23 30 0.49030724 
339 467 18 20 0.4895679 
598 461 16 22 0.48836303 
1007 186 13 19 0.48595262 
836 348 17 19 0.48108426 
874 111 17 23 0.47551838 
594 410 17 21 0.4614481 
674 51 16 20 0.45481724 
534 270 17 21 0.45412806 
134 567 22 27 0.44545868 
469 229 18 22 0.4448603 
890 353 15 19 0.44456667 
546 472 17 23 0.4445357 
714 379 13 18 0.4439013 
996 225 13 17 0.44259378 
621 57 14 17 0.44198167 
659 114 16 20 0.44091645 
553 442 16 19 0.4408004 
144 49 22 26 0.43647265 
948 587 14 18 0.42978406 
885 295 14 18 0.42639875 
289 498 16 20 0.4239828 
506 465 16 19 0.40726343 
990 253 15 18 0.40414637 
594 600 24 27 0.40372884 
662 2 16 18 0.40154114 
19 156 17 19 0.39432883 
744 429 15 18 0.3929095 
532 258 15 17 0.38946193 
971 218 14 18 0.38220975 
313 203 20 26 0.38101193 
974 105 16 20 0.37947947 
30 504 21 25 0.37847915 
919 229 15 18 0.37758097 
571 228 19 21 0.37444314 
977 227 13 17 0.36782554 
460 287 17 20 0.36653876 
382 244 12 17 0.36595586 
21 230 15 19 0.3641959 
661 362 16 19 0.36343408 
594 63 17 20 0.36116636 
628 75 19 22 0.3589882 
230 83 16 19 0.358906 
636 240 16 21 0.35559553 
49 668 16 20 0.35425135 
965 209 14 20 0.3499734 
52 4 18 20 0.3478457 
389 365 13 19 0.34777418 
81 888 27 36 0.34602812 
386 260 15 18 0.3450133 
158 387 14 18 0.34248078 
782 126 16 20 0.34107795 
750 174 20 25 0.3404565 
783 308 13 19 0.33876926 
29 730 26 29 0.33731052 
797 23 13 19 0.33664268 
759 541 13 16 0.33586052 
37 834 33 39 0.3356973 
926 388 20 25 0.3346522 
76 526 15 18 0.33379295 
441 416 17 19 0.3337829 
782 24 17 21 0.33048 
238 297 15 18 0.32685792 
881 8 16 19 0.32541096 
858 588 17 23 0.3226325 
971 591 16 22 0.3216992 
790 526 27 31 0.31959295 
203 392 19 23 0.31929156 
395 138 14 19 0.31253493 
363 541 16 22 0.312338 
161 731 20 25 0.3100766 
698 106 18 22 0.3100412 
161 440 17 21 0.30971086 
573 59 14 19 0.30684328 
740 465 15 21 0.30619758 
831 171 14 19 0.30598852 
659 481 17 21 0.3036422 
563 2 15 17 0.30260092 
747 625 14 17 0.30190393 
124 131 15 19 0.29508543 
602 61 15 20 0.2926912 
651 203 18 26 0.29039124 
316 309 18 25 0.2894082 
551 387 14 18 0.28500962 
191 172 11 14 0.2844079 
302 855 39 49 0.28440228 
542 760 22 26 0.28299156 
225 473 19 21 0.28148964 
461 108 16 21 0.27979013 
405 218 26 30 0.27791092 
224 301 13 16 0.27772814 
405 286 21 26 0.2774022 
650 323 17 20 0.27722132 
910 386 16 20 0.2766357 
954 234 16 20 0.27639169 
629 338 17 20 0.27627456 
139 400 16 19 0.2750491 
427 142 21 26 0.27132434 
160 392 18 23 0.27124017 
193 8 16 21 0.27011645 
25 638 17 23 0.2701088 
115 843 22 27 0.2693753 
419 713 14 19 0.26615545 
323 475 18 22 0.26614586 
676 140 22 29 0.2655936 
771 656 16 19 0.26441085 
438 170 14 19 0.26411107 
59 487 22 28 0.26295796 
1005 453 20 31 0.26155275 
794 447 14 19 0.26005873 
773 217 13 17 0.25880703 
36 189 16 23 0.25232992 
733 464 14 20 0.25195146 
464 97 16 17 0.2514056 
921 260 15 18 0.24955659 
256 760 16 22 0.24710447 
443 338 15 19 0.24476433 
638 398 21 23 0.2408959 
384 283 13 16 0.24074192 
885 454 18 24 0.23980203 
193 99 17 21 0.23913483 
173 43 13 17 0.23702633 
868 208 14 19 0.23448813 
357 337 12 17 0.233655 
502 420 14 18 0.23345973 
687 766 40 45 0.23230742 
723 459 16 19 0.23142827 
837 138 15 20 0.2300064 
335 209 15 20 0.22900078 
358 685 15 18 0.22800007 
197 656 17 21 0.22796552 
66 834 26 33 0.22792773 
960 104 18 24 0.22777776 
436 512 22 27 0.2267773 
189 606 21 26 0.22384425 
822 139 14 18 0.22384138 
478 1206 11 14 0.22329094 
949 228 15 19 0.22230157 
620 608 14 18 0.221919 
223 391 19 24 0.22137982 
266 596 17 21 0.2198237 
169 722 17 20 0.21961874 
447 231 14 20 0.21774451 
678 703 15 25 0.21769723 
172 607 16 21 0.21579209 
45 659 13 18 0.21261096 
957 287 16 18 0.2106234 
969 149 14 18 0.21000949 
7 82 13 17 0.20930931 
702 344 15 19 0.20698513 
766 710 24 28 0.20644952 
501 244 16 19 0.20473509 
871 271 15 19 0.20469958 
810 423 22 29 0.20376267 
690 -2 17 18 0.20367546 
831 359 20 25 0.20359594 
782 270 14 18 0.20245984 
777 207 16 20 0.20014282 
395 916 46 63 0.19834271 
965 590 13 19 0.19758943 
251 321 15 18 0.1971092 
781 654 15 19 0.19685593 
348 555 20 28 0.19637707 
198 398 21 26 0.19516939 
186 302 12 16 0.19475102 
723 233 17 22 0.19461815 
316 260 14 20 0.19407856 
398 381 13 17 0.1926979 
236 580 16 21 0.19097173 
628 268 14 19 0.19071063 
478 393 13 16 0.18819651 
317 762 13 16 0.1877791 
493 388 14 19 0.18675266 
599 139 27 32 0.1865466 
646 329 15 17 0.18642657 
687 485 12 16 0.18506017 
724 0 14 17 0.18473864 
671 600 14 19 0.18467577 
570 457 14 17 0.1839174 
467 388 13 16 0.18371548 
314 666 17 20 0.18190911 
815 178 13 16 0.18163824 
696 540 13 16 0.18028016 
786 422 15 18 0.18027337 
91 879 22 33 0.17932491 
813 820 23 31 0.1788733 
235 395 18 22 0.17874178 
768 282 13 17 0.17785119 
334 546 13 17 0.17756951 
355 433 15 20 0.17653039 
74 543 15 18 0.17629959 
446 795 12 15 0.17587577 
176 907 21 26 0.17480738 
614 403 14 20 0.17162235 
314 319 14 21 0.17155921 
450 361 15 20 0.17117782 
405 267 13 18 0.17102687 
820 718 18 23 0.17044893 
562 384 15 17 0.16767183 
710 386 14 18 0.16752948 
12 182 23 30 0.16752622 
287 266 12 16 0.16688298 
145 59 24 30 0.16544837 
251 287 18 20 0.16435866 
941 59 23 30 0.1642502 
523 445 16 20 0.16413085 
954 163 13 18 0.16385563 
823 403 13 17 0.16322866 
878 512 20 26 0.16231492 
466 378 13 16 0.16183908 
510 79 18 23 0.1581388 
897 43 18 22 0.15797144 
198 38 14 17 0.15737481 
126 483 15 19 0.15677081 
587 490 15 18 0.1563262 
435 0 17 17 0.15549438 
392 92 12 16 0.155109 
3 250 15 19 0.15500219 
764 -1 14 13 0.1549249 
819 153 14 18 0.15451807 
409 232 18 21 0.15423997 
956 316 15 19 0.15334152 
851 256 14 19 0.15076065 
389 250 14 18 0.1497792 
806 425 16 21 0.14959589 
824 579 27 28 0.14870046 
531 448 14 17 0.14823633 
182 378 14 19 0.14757961 
1007 270 13 17 0.14649035 
321 565 22 24 0.1457537 
764 61 17 21 0.14571159 
325 528 15 19 0.1453469 
789 272 19 24 0.14503284 
594 928 31 36 0.14490268 
7 188 14 19 0.14429376 
949 707 14 18 0.14427304 
624 699 21 27 0.14412038 
572 427 14 18 0.14348564 
279 496 21 26 0.14168818 
803 55 15 18 0.14128925 
606 600 23 26 0.14110704 
638 483 11 14 0.14102188 
590 70 15 20 0.14059147 
322 787 13 17 0.14023809 
813 722 16 23 0.13998757 
719 540 14 17 0.13892281 
810 419 15 21 0.1387831 
922 659 15 19 0.13777429 
570 88 18 20 0.13755722 
786 656 15 21 0.13699605 
914 675 26 31 0.13665333 
767 395 14 18 0.13622673 
668 361 22 27 0.13606924 
947 189 15 19 0.13594325 
195 476 16 25 0.13579667 
117 387 16 20 0.13526088 
187 653 21 26 0.13427806 
402 638 22 28 0.13374023 
208 428 20 27 0.1335473 
581 106 15 19 0.13290893 
676 598 12 16 0.13227041 
387 145 19 26 0.13223767 
570 2 15 18 0.13211133 
968 708 16 19 0.13201056 
228 315 12 15 0.13062364 
549 416 13 19 0.1296318 
654 354 15 19 0.12851931 
282 480 17 21 0.12851107 
194 415 22 28 0.12849216 
243 292 19 21 0.12741874 
408 261 15 17 0.12653273 
420 426 15 19 0.12610427 
829 139 13 18 0.12601545 
419 80 20 25 0.12547354 
259 114 17 21 0.12545052 
767 110 21 29 0.12522973 
693 594 15 18 0.12507834 
916 579 17 18 0.12483275 
199 289 13 17 0.12469113 
710 277 16 19 0.12437993 
397 726 11 16 0.12436817 
667 897 16 20 0.124171466 
381 862 17 22 0.123367496 
412 65 15 18 0.12297257 
412 431 16 20 0.12254712 
525 219 15 20 0.122325644 
467 332 13 17 0.12182227 
445 379 11 16 0.121669315 
474 158 17 22 0.12139048 
614 60 14 19 0.12086476 
696 586 22 26 0.11995988 
391 887 17 22 0.11943116 
423 51 15 18 0.11939405 
181 589 24 30 0.119346164 
540 64 17 22 0.11911124 
550 451 15 18 0.11893966 
991 141 12 18 0.11827636 
695 674 15 19 0.11823685 
425 604 15 19 0.117695086 
403 433 19 25 0.11692226 
43 130 15 19 0.11673084 
18 465 20 25 0.11635414 
1003 226 16 18 0.11619903 
778 247 15 18 0.11603151 
341 368 17 20 0.11598531 
191 113 20 26 0.115790546 
427 33 17 18 0.11563161 
925 418 15 18 0.11527495 
830 456 14 19 0.11440059 
907 266 13 18 0.113451436 
245 635 23 30 0.11341781 
763 13 13 17 0.11294146 
153 42 17 23 0.112339355 
753 623 15 19 0.112297036 
325 482 22 27 0.111637495 
429 794 11 14 0.11157089 
880 112 22 26 0.111119114 
812 691 14 18 0.11106082 
599 403 19 25 0.11096658 
28 93 13 17 0.1108936 
129 2 15 17 0.110708706 
774 170 15 19 0.10983456 
923 280 16 21 0.10952897 
274 75 15 20 0.10889539 
538 709 16 20 0.10879821 
356 353 13 18 0.10877785 
342 833 25 31 0.10832387 
90 179 22 25 0.10829424 
604 129 17 23 0.108257614 
662 550 12 16 0.10794133 
461 353 13 16 0.10760369 
716 370 16 20 0.10733061 
581 412 11 16 0.107145704 
218 418 16 20 0.10598162 
954 613 13 16 0.10534774 
243 317 17 20 0.104427695 
620 425 14 19 0.10365302 
507 249 16 20 0.10318109 
12 231 17 20 0.10304597 
14 604 15 18 0.10293296 
263 281 19 24 0.10175899 
971 17 16 21 0.10168374 
496 401 12 17 0.10146117 
574 406 11 15 0.101408705 
623 511 13 17 0.10094836 
136 153 19 23 0.1005956 
629 423 14 19 0.10042571 
953 588 20 24 0.09981514 
468 353 13 17 0.09970119 
484 394 13 15 0.09934471 
259 369 14 19 0.0992135 
628 390 21 25 0.09910103 
789 143 17 20 0.099083856 
434 175 15 20 0.09887829 
179 656 16 20 0.09876713 
1008 235 14 19 0.097573295 
626 375 16 21 0.097415924 
351 549 15 19 0.09723893 
347 398 22 28 0.09710914 
0 123 9 18 0.09709564 
234 788 13 17 0.09662593 
315 54 15 23 0.096623264 
234 158 13 16 0.09652314 
231 555 14 20 0.096103005 
716 393 15 18 0.09603236 
181 474 22 27 0.09577683 
911 2 13 16 0.09544082 
596 453 15 20 0.095422715 
332 584 20 24 0.09495149 
779 800 19 24 0.09481989 
566 491 13 18 0.09402826 
45 146 16 20 0.09381988 
917 193 13 16 0.09361087 
789 412 13 16 0.09332557 
860 429 16 20 0.093302056 
255 694 12 14 0.093152665 
604 391 16 22 0.09291443 
703 393 14 18 0.092878535 
321 510 21 26 0.09260518 
743 630 21 26 0.09217999 
775 450 14 19 0.092175566 
683 74 15 19 0.09205931 
814 584 25 28 0.091869704 
758 2 13 15 0.08971377 
323 8 19 22 0.089254096 
518 441 16 19 0.08918708 
893 198 16 22 0.08866142 
129 756 12 17 0.08854718 
949 664 15 19 0.08847736 
682 134 17 20 0.088315755 
826 289 18 20 0.0882858 
486 273 16 20 0.08813005 
646 116 23 27 0.087730885 
778 115 15 22 0.0877083 
18 539 17 21 0.08769674 
237 315 15 19 0.08763382 
935 132 11 14 0.087385744 
316 298 16 23 0.08737566 
216 36 12 17 0.08730231 
962 784 48 56 0.0871963 
962 1144 32 39 0.08695502 
963 457 26 29 0.086825326 
217 425 20 26 0.08651431 
225 348 17 22 0.08619929 
418 152 23 29 0.08616784 
242 574 21 27 0.08602136 
129 137 14 18 0.085912436 
677 373 16 21 0.08587185 
964 298 16 19 0.085836336 
815 149 13 17 0.08583327 
305 37 18 23 0.08582977 
827 155 13 17 0.085578084 
535 313 14 18 0.084900856 
238 479 21 27 0.08485594 
794 138 16 19 0.08406953 
137 559 21 24 0.08396231 
394 369 15 20 0.08346069 
829 164 15 18 0.08311196 
878 393 22 27 0.083068155 
291 482 15 19 0.08256281 
603 97 17 21 0.08251297 
910 63 12 15 0.08223706 
315 196 17 21 0.082032576 
763 679 17 19 0.0817002 
372 33 12 19 0.08153164 
276 403 16 18 0.0813597 
813 434 24 30 0.08115941 
209 538 17 21 0.081111185 
149 393 20 25 0.08108735 
4 47 15 20 0.08103345 
574 513 16 22 0.08100122 
288 804 12 17 0.08094813 
491 440 14 18 0.08088044 
687 594 12 17 0.08057979 
620 408 14 19 0.0803998 
397 438 15 21 0.080078855 
266 109 17 22 0.07996084 
878 49 16 20 0.079327434 
737 179 23 28 0.07926318 
643 786 16 19 0.07918995 
780 14 16 19 0.07886548 
423 168 21 26 0.078243285 
597 500 14 17 0.07822466 
95 173 14 18 0.07818442 
159 894 23 30 0.07760707 
931 142 12 16 0.077601716 
455 117 21 26 0.07755518 
236 545 20 26 0.07739829 
636 298 15 19 0.0773144 
231 683 14 18 0.07724123 
356 343 14 20 0.07702156 
699 543 15 18 0.07656945 
521 89 19 25 0.07650351 
222 169 15 21 0.07636847 
853 168 15 19 0.07620739 
350 838 36 42 0.07607756 
582 482 17 20 0.07607321 
114 512 17 20 0.07583031 
766 372 21 28 0.07579346 
683 97 15 18 0.07576764 
147 642 15 19 0.075592086 
191 93 15 19 0.07495561 
150 595 16 22 0.07465092 
642 710 30 32 0.07459282 
101 591 22 27 0.07446042 
951 656 24 29 0.07443433 
687 33 14 18 0.07440744 
973 315 16 20 0.07399428 
500 95 17 22 0.07399114 
820 88 17 23 0.0737853 
352 379 16 21 0.07375098 
800 712 23 29 0.07373003 
166 717 15 18 0.073563255 
155 426 16 21 0.07354265 
148 417 17 22 0.07352403 
310 305 15 21 0.07343511 
534 498 15 19 0.073288664 
722 266 14 20 0.073157206 
636 267 18 24 0.07247723 
695 347 13 17 0.07232304 
78 569 14 17 0.07229652 
420 746 10 13 0.07206245 
53 636 14 17 0.07200329 
128 323 13 17 0.07196382 
447 370 13 17 0.07193992 
427 417 15 19 0.07168581 
77 719 25 29 0.07164844 
756 678 16 19 0.07157507 
790 407 11 13 0.07150672 
907 200 13 16 0.071453094 
459 145 15 19 0.07098308 
775 628 13 18 0.0705796 
956 306 15 18 0.07049092 
124 575 23 29 0.070288755 
736 525 11 15 0.06982451 
99 699 12 16 0.0695618 
907 149 13 16 0.069544755 
273 591 21 26 0.06953301 
589 369 15 18 0.06925652 
1000 115 19 24 0.06904112 
205 98 20 25 0.06899736 
709 147 14 19 0.06887537 
927 735 30 34 0.06878952 
173 631 14 18 0.06837998 
36 123 14 18 0.0679387 
149 82 14 20 0.06793745 
333 359 14 19 0.067772046 
381 150 17 23 0.06765455 
69 747 22 30 0.06757724 
92 770 16 20 0.06737981 
130 357 14 17 0.067177534 
632 704 24 32 0.06694875 
733 453 13 19 0.06688288 
549 298 16 18 0.0667774 
761 719 20 23 0.06677534 
3 234 23 32 0.06644692 
462 373 13 17 0.06633798 
854 525 22 27 0.0662122 
590 406 15 19 0.06591538 
914 312 14 20 0.06570801 
555 115 21 27 0.0653886 
265 553 24 30 0.06504799 
440 381 13 17 0.0650059 
506 89 21 28 0.06478133 
44 105 12 17 0.064735286 
869 709 16 24 0.06448266 
271 366 21 26 0.06405954 
526 251 14 19 0.06402576 
776 519 14 19 0.063819274 
814 187 16 20 0.06358257 
868 370 21 27 0.06332498 
781 338 17 19 0.0632861 
322 402 17 22 0.06327631 
341 834 15 21 0.06308785 
346 707 24 29 0.06301952 
163 41 19 25 0.06291942 
396 89 16 20 0.06283503 
561 445 16 18 0.062774636 
532 430 13 17 0.06276142 
1010 304 13 19 0.06273962 
996 704 15 23 0.06271004 
963 233 14 19 0.06263315 
868 461 24 32 0.06261791 
494 425 13 18 0.062514246 
89 775 22 31 0.06249019 
973 138 14 18 0.062276024 
751 585 23 26 0.062256437 
820 430 16 21 0.06220516 
928 93 14 18 0.061881978 
919 652 16 19 0.06185094 
577 82 13 19 0.061800547 
768 386 17 21 0.06164332 
747 165 18 23 0.061439637 
453 440 12 16 0.061392512 
231 216 18 22 0.061368316 
11 68 14 18 0.061330665 
931 490 15 19 0.06123959 
1002 416 21 24 0.061189547 
211 138 12 14 0.06112828 
844 704 16 21 0.061097085 
874 211 14 18 0.06094323 
925 518 23 26 0.060880963 
139 403 22 28 0.06064973 
142 668 16 21 0.0606002 
741 210 15 20 0.060477346 
723 404 14 18 0.060307045 
1 587 11 16 0.06030026 
110 723 14 19 0.060213793 
550 784 16 24 0.060082152 
559 516 23 30 0.059920944 
931 -1 16 17 0.05986748 
648 673 24 29 0.05970482 
872 9 12 17 0.059458375 
581 0 13 12 0.059264354 
594 101 21 25 0.059093703 
102 689 14 20 0.05901023 
751 540 14 16 0.058717337 
369 859 27 32 0.058716755 
811 633 13 15 0.058607582 
843 53 17 21 0.058416814 
642 86 21 27 0.05827932 
774 194 20 25 0.058135755 
707 244 16 22 0.05803781 
891 578 18 21 0.057808463 
579 65 14 18 0.05774732 
382 224 13 19 0.057725206 
745 981 48 51 0.0575517 
384 274 15 19 0.057285085 
570 211 24 28 0.05703088 
131 299 11 14 0.05700559 
925 204 13 17 0.05699067 
39 657 14 18 0.05697581 
860 517 23 28 0.05673885 
917 664 17 23 0.05654844 
546 181 19 25 0.056508914 
404 212 17 19 0.056303643 
8 38 12 16 0.05613621 
837 353 22 26 0.056005936 
756 651 15 20 0.05597471 
595 482 14 19 0.055950474 
154 70 16 22 0.05588432 
612 429 22 29 0.055735476 
764 727 28 33 0.055701863 
115 705 15 16 0.055578016 
746 641 23 29 0.05554275 
914 202 15 18 0.055474576 
968 162 17 22 0.05536716 
673 442 16 21 0.055202454 
411 773 12 16 0.05514319 
301 303 14 21 0.05495487 
931 778 13 22 0.054937094 
307 43 21 28 0.05488045 
939 209 13 16 0.05469352 
514 473 14 19 0.05441481 
846 426 12 16 0.05437629 
354 472 20 27 0.054277953 
805 824 18 21 0.054274883 
274 311 15 20 0.054214988 
301 765 10 13 0.054132134 
561 167 21 28 0.05411075 
794 663 14 20 0.05410412 
893 367 15 20 0.0540698 
533 510 16 21 0.054041337 
964 189 14 16 0.053981476 
804 368 15 17 0.05392514 
675 75 21 27 0.053844564 
6 170 12 17 0.05380484 
10 634 16 22 0.05376877 
408 76 23 27 0.053761132 
775 510 18 21 0.05370971 
21 158 23 29 0.053595636 
389 383 13 17 0.053166863 
931 660 13 18 0.052994527 
716 589 14 16 0.052977875 
143 344 13 16 0.052976485 
978 588 16 24 0.0529734 
487 373 12 14 0.052926753 
515 194 16 20 0.052896816 
323 52 15 23 0.052809756 
773 590 11 15 0.052714054 
81 36 15 19 0.052644443 
539 678 20 26 0.05260461 
795 421 19 27 0.052602854 
266 57 16 19 0.052589603 
56 3 23 27 0.052518897 
110 520 23 28 0.05248184 
436 317 10 13 0.052431695 
463 462 25 29 0.05230413 
574 418 14 20 0.05227341 
514 243 15 19 0.052116375 
773 2 13 17 0.052092 
466 213 13 17 0.051929187 
619 345 17 21 0.051920764 
333 553 14 18 0.051900525 
386 865 26 34 0.051870015 
141 316 13 18 0.05179321 
312 401 18 23 0.051772755 
188 945 12 16 0.05169168 
321 750 18 22 0.051553305 
247 875 23 37 0.05148785 
708 413 12 16 0.051469725 
78 741 24 32 0.051299505 
201 616 14 18 0.051248062 
45 47 17 20 0.051135138 
588 114 16 21 0.051093392 
71 529 15 19 0.05105788 
972 183 13 16 0.050849743 
611 768 23 31 0.050577503 
610 395 16 21 0.05035871 
616 512 21 30 0.050271053 
838 484 14 19 0.050225087 
508 29 16 20 0.05014266 
996 418 15 17 0.050101455 
616 526 17 24 0.049915325 
653 702 27 34 0.049837496 
954 35 17 22 0.04969696 
352 394 16 20 0.049503367 
230 671 21 27 0.049327414 
564 149 19 25 0.04931092 
682 708 22 27 0.049308065 
930 98 15 20 0.049288753 
135 443 22 28 0.049207818 
246 359 15 20 0.049156744 
654 778 13 17 0.049128253 
438 442 13 16 0.048963338 
69 715 14 19 0.04895878 
445 435 13 18 0.048651963 
838 417 13 18 0.048577987 
316 291 15 19 0.048478603 
409 249 17 21 0.04838788 
5 647 20 28 0.04835538 
707 349 15 20 0.048336994 
293 664 14 18 0.048286766 
980 262 15 19 0.048218366 
626 399 17 20 0.04817939 
918 270 18 24 0.048040718 
819 446 16 23 0.047994148 
324 409 22 27 0.047859292 
11 625 16 20 0.04783153 
524 244 14 18 0.04779186 
403 809 19 25 0.04775925 
611 102 17 22 0.04753352 
799 51 14 18 0.047506917 
425 43 19 20 0.04745341 
165 612 17 23 0.047309708 
705 660 16 22 0.047168076 
55 590 15 19 0.047117166 
735 424 15 20 0.047037806 
318 745 15 19 0.047026996 
475 145 16 21 0.04700033 
534 487 21 27 0.047000173 
297 371 14 18 0.04698386 
227 294 16 19 0.046969585 
850 135 16 20 0.046846848 
814 35 14 18 0.04679698 
316 513 17 20 0.046525907 
719 677 13 18 0.046465084 
877 14 17 20 0.04642323 
362 559 15 21 0.0463829 
957 218 14 17 0.04619948 
328 314 16 19 0.046065096 
270 503 15 20 0.045944992 
184 311 13 18 0.045792326 
47 627 14 19 0.04568858 
495 102 22 28 0.04565804 
764 662 18 20 0.045649294 
971 341 13 16 0.045572832 
364 481 13 19 0.045532424 
193 672 17 23 0.045521177 
1 258 12 18 0.045470692 
198 711 15 21 0.045304086 
613 219 13 17 0.045299698 
877 194 13 18 0.045153484 
864 203 12 18 0.045096982 
251 252 14 18 0.045082074 
718 347 13 19 0.04506398 
20 580 12 14 0.045051623 
588 258 17 21 0.045039155 
431 316 11 15 0.044950597 
418 232 14 21 0.044807844 
964 582 13 16 0.044750053 
666 357 17 20 0.044745497 
417 408 19 21 0.04469968 
70 71 15 20 0.04469099 
467 220 15 18 0.044600688 
694 27 14 19 0.044579092 
460 298 18 23 0.04457431 
851 162 14 18 0.044374187 
138 619 15 19 0.044241734 
536 251 18 21 0.044235528 
395 262 19 24 0.044139154 
774 11 14 19 0.044114806 
56 580 14 20 0.044067666 
488 110 23 28 0.0440664 
627 412 15 19 0.04404808 
589 596 17 19 0.044037677 
725 417 16 22 0.044028375 
252 363 14 18 0.044015642 
342 473 20 26 0.044010628 
145 700 16 20 0.043877903 
2 595 13 16 0.04377128 
634 341 17 22 0.043602716 
751 372 13 18 0.043578006 
38 617 13 16 0.043525204 
546 456 21 26 0.043519028 
499 412 15 18 0.043473102 
701 536 13 16 0.04338283 
966 11 15 18 0.04333837 
192 37 11 15 0.043316323 
54 106 16 19 0.04327738 
789 467 15 20 0.043276723 
795 330 14 17 0.043257426 
826 410 15 18 0.043208975 
623 31 15 19 0.043118257 
115 132 17 22 0.04309721 
353 331 13 19 0.043060966 
791 525 16 20 0.043056738 
529 70 20 28 0.04289278 
108 89 16 21 0.0428397 
922 222 14 18 0.042781714 
285 18 24 27 0.04259686 
923 772 26 36 0.042581294 
434 75 15 21 0.042547654 
610 466 14 18 0.042478137 
851 359 19 24 0.0424362 
238 399 22 27 0.04231037 
849 354 16 20 0.042281475 
852 37 13 18 0.042266984 
556 65 15 20 0.042126898 
530 194 19 23 0.042082846 
327 354 15 21 0.041959055 
99 163 17 20 0.041873313 
440 120 18 21 0.041826762 
39 891 27 35 0.04182187 
462 392 13 17 0.04179831 
1004 261 13 16 0.041772712 
931 577 15 21 0.041741077 
957 704 20 24 0.041720077 
-1 741 12 23 0.041668247 
965 141 14 17 0.041658375 
555 410 15 20 0.041657772 
950 507 14 18 0.041481078 
620 394 16 21 0.041444555 
390 635 24 32 0.041437197 
519 419 13 16 0.041408107 
568 116 19 24 0.041389648 
787 298 19 23 0.041343387 
571 446 15 19 0.041214373 
646 24 15 17 0.04110977 
707 545 13 16 0.041084945 
415 63 21 25 0.04101674 
289 240 13 18 0.040951714 
564 409 14 19 0.040915594 
995 143 14 21 0.040874254 
165 530 18 22 0.04083559 
980 139 13 19 0.040812843 
1004 145 18 24 0.040811542 
434 29 13 17 0.0407933 
226 159 18 24 0.040757395 
961 320 15 19 0.040662713 
655 274 17 21 0.040661767 
970 306 15 19 0.04055003 
11 104 15 19 0.04054183 
875 103 15 19 0.040526886 
844 89 16 20 0.040510528 
287 771 14 18 0.04049852 
398 0 14 13 0.04041054 
769 687 22 29 0.040362284 
217 572 16 20 0.040350147 
10 89 13 16 0.04034513 
282 2 27 31 0.040342826 
735 165 21 26 0.04030057 
204 132 13 17 0.04027283 
540 393 14 19 0.04026751 
485 158 17 24 0.04021154 
894 82 15 18 0.04019511 
989 352 16 21 0.04010697 
909 357 18 21 0.040057242 
410 157 18 20 0.040048853 
253 698 15 19 0.039932985 
4 193 19 28 0.03989545 
129 587 16 23 0.03988919 
855 17 16 19 0.039863974 
596 522 18 24 0.039852094 
957 654 31 38 0.03981108 
787 38 16 19 0.03977042 
336 204 23 29 0.039748423 
772 277 13 18 0.039677996 
666 110 15 19 0.039674524 
339 684 15 19 0.039670333 
700 117 16 21 0.039664876 
929 680 17 21 0.039637733 
1010 280 14 19 0.039595753 
685 408 17 20 0.039592523 
403 625 24 28 0.039461058 
157 875 24 33 0.03942592 
591 120 23 27 0.039411455 
213 329 22 26 0.039341547 
257 317 14 19 0.039309356 
800 308 21 27 0.039210096 
603 518 17 19 0.03920513 
387 691 11 14 0.039190486 
602 449 20 26 0.039131295 
17 596 15 18 0.03908257 
101 147 16 20 0.03907752 
796 128 20 25 0.03904434 
294 623 16 22 0.03897022 
953 11 24 30 0.0389388 
59 610 17 21 0.038877767 
784 414 11 15 0.038807344 
681 443 16 22 0.038694423 
668 38 13 17 0.038658675 
141 658 16 18 0.03859368 
950 203 11 16 0.038508225 
582 442 13 17 0.038505193 
354 370 14 19 0.03844969 
927 483 14 19 0.038421836 
380 40 16 25 0.03836189 
683 299 13 16 0.038334627 
942 580 17 21 0.038204942 
635 333 16 20 0.038094856 
335 235 24 30 0.03808806 
423 28 16 18 0.038067594 
668 381 15 19 0.038056258 
739 451 14 19 0.038040657 
611 454 17 22 0.038026493 
768 403 15 18 0.037989568 
590 487 21 25 0.0379445 
909 430 15 21 0.03779967 
973 12 26 31 0.0377966 
33 159 15 21 0.03779517 
571 480 19 25 0.037742727 
384 873 40 54 0.03772953 
322 858 35 45 0.037681106 
579 508 15 19 0.037599225 
979 132 12 17 0.037574694 
406 621 14 17 0.037549425 
821 22 11 14 0.03747017 
894 357 20 25 0.03741461 
716 453 16 20 0.037403114 
557 373 14 18 0.037369475 
138 2 17 17 0.03732651 
817 670 23 28 0.037293594 
553 156 19 24 0.03728438 
642 390 16 18 0.037284214 
10 162 23 29 0.03727562 
239 302 21 23 0.037272688 
915 388 20 25 0.037261147 
953 66 16 21 0.037213076 
412 763 12 14 0.03717356 
93 744 18 24 0.037158567 
423 64 22 28 0.037068285 
303 536 15 19 0.037032142 
18 60 12 17 0.037020214 
430 181 16 21 0.037010852 
520 263 18 24 0.037003558 
491 500 15 18 0.03696535 
814 89 16 20 0.03689573 
933 318 14 17 0.036874283 
339 358 16 18 0.03685456 
955 581 15 18 0.03676577 
401 272 13 18 0.036700286 
601 938 34 33 0.036693867 
651 20 15 19 0.036691867 
622 98 15 20 0.036677297 
903 156 16 20 0.03665367 
339 512 16 23 0.03665303 
196 50 15 20 0.036636937 
899 446 22 28 0.03662842 
877 586 13 17 0.03657533 
154 683 17 22 0.036541555 
489 122 17 24 0.03653105 
411 272 15 20 0.036321744 
744 540 11 15 0.0363117 
119 542 17 21 0.03627304 
694 632 16 21 0.036241826 
946 321 19 25 0.03619721 
3 122 14 20 0.036169272 
895 27 13 16 0.03612072 
949 289 16 19 0.03609683 
292 244 17 20 0.03604547 
780 692 15 20 0.03602489 
474 289 15 18 0.036007416 
793 301 22 29 0.035847276 
956 189 14 16 0.035748485 
873 157 11 15 0.035732582 
712 229 20 25 0.035694692 
772 52 15 20 0.03568328 
663 44 15 21 0.035673466 
350 355 13 19 0.03563287 
834 85 21 28 0.03560698 
307 63 16 23 0.035606764 
942 180 12 15 0.03559121 
804 178 13 17 0.03557507 
385 12 15 21 0.03548634 
901 212 16 19 0.035167027 
268 765 12 17 0.03515674 
101 669 12 16 0.035151657 
530 243 21 24 0.035129085 
598 134 16 22 0.035110503 
159 465 23 31 0.035072558 
942 232 16 20 0.035061296 
658 898 28 33 0.035051048 
602 -1 14 13 0.034998253 
322 208 16 21 0.034982786 
317 468 17 20 0.034978546 
906 576 22 25 0.034968402 
165 381 22 28 0.034938995 
13 586 15 17 0.034924418 
526 0 17 14 0.034912527 
694 78 24 29 0.03489123 
400 848 37 45 0.034868784 
925 529 16 20 0.034836836 
378 236 20 28 0.034819856 
92 515 16 19 0.03481857 
77 2 16 18 0.03480436 
595 722 23 26 0.034785453 
98 728 22 29 0.034781724 
797 103 15 18 0.034773033 
19 546 21 25 0.034763847 
685 86 21 25 0.03471676 
430 128 24 29 0.03471515 
672 155 18 23 0.034710955 
67 144 14 18 0.03470829 
533 710 24 32 0.03470085 
597 517 14 18 0.034690626 
847 206 16 20 0.03465208 
852 388 15 20 0.03464722 
597 394 16 19 0.034612067 
339 554 20 26 0.034543764 
550 914 13 18 0.034518186 
579 405 12 17 0.034489356 
866 588 16 20 0.03446774 
930 508 24 29 0.034439687 
41 773 19 24 0.034433685 
85 588 14 19 0.03435615 
978 165 16 20 0.034351997 
573 73 17 19 0.03429723 
977 479 27 33 0.034289066 
609 109 23 30 0.03425637 
797 815 39 51 0.034218177 
933 206 12 16 0.034213234 
913 379 16 21 0.034184888 
211 39 19 25 0.034180947 
658 556 17 21 0.034167103 
322 317 17 20 0.034160633 
793 651 19 28 0.034152843 
81 728 26 32 0.034147542 
903 234 18 25 0.034095448 
340 137 16 21 0.034054883 
395 142 21 27 0.03396585 
948 136 21 26 0.03395648 
235 264 13 17 0.033922143 
194 0 16 16 0.033879854 
931 266 14 19 0.03387505 
427 54 23 27 0.033847168 
600 415 15 20 0.03383541 
579 450 13 17 0.03373021 
797 43 11 15 0.03356614 
406 692 11 14 0.03354291 
317 81 16 20 0.03353936 
542 156 17 21 0.033524796 
37 117 12 16 0.033511087 
242 537 18 22 0.033487998 
806 414 13 17 0.033464592 
142 649 17 19 0.033463553 
493 513 29 31 0.03344169 
749 308 15 18 0.03343838 
899 623 22 27 0.033435028 
0 106 9 16 0.033419978 
710 449 14 20 0.033360973 
459 240 19 24 0.03332332 
864 197 10 15 0.03332174 
741 586 24 28 0.033301257 
853 640 23 29 0.03329522 
396 116 23 29 0.03327122 
994 212 14 17 0.03322191 
908 318 16 22 0.03313281 
750 183 23 30 0.033115365 
599 694 13 17 0.03309969 
852 60 16 20 0.033098288 
11 121 15 18 0.03308695 
742 395 15 20 0.033035725 
0 195 13 20 0.033024818 
443 289 13 19 0.033010323 
312 747 13 17 0.033008393 
280 405 21 27 0.03287635 
760 178 16 21 0.032859087 
669 703 18 26 0.03285853 
558 7 16 19 0.032848995 
642 342 17 22 0.03284555 
577 736 26 29 0.032840896 
180 903 16 18 0.03277459 
314 654 17 21 0.032723855 
40 731 25 30 0.032665417 
447 341 21 25 0.03263917 
124 559 25 29 0.03263018 
596 16 15 20 0.03261863 
405 840 15 20 0.03261784 
699 550 17 20 0.032589868 
437 403 13 18 0.032567378 
565 432 15 18 0.032556057 
96 692 13 18 0.03245025 
665 387 13 18 0.032386445 
76 29 15 19 0.032375105 
134 145 15 18 0.032347195 
200 107 19 26 0.03233174 
379 142 15 18 0.032316867 
797 390 11 14 0.032295126 
292 795 12 16 0.0322302 
846 261 16 19 0.032205492 
537 279 15 20 0.03219214 
682 43 15 20 0.032127935 
304 244 21 26 0.03208963 
772 245 15 21 0.03207103 
892 19 13 16 0.03206679 
77 738 14 19 0.032042623 
637 148 14 19 0.0320348 
831 711 20 27 0.032001458 
499 82 18 22 0.03197069 
823 811 32 42 0.03194219 
886 196 12 18 0.031915613 
334 418 22 27 0.03189735 
354 444 17 21 0.031896263 
924 254 14 18 0.0318533 
1 553 14 18 0.031786297 
291 785 15 19 0.031748526 
709 709 21 29 0.03172176 
486 315 14 19 0.03167045 
310 768 13 16 0.031648938 
551 524 24 31 0.031642165 
556 504 21 29 0.031638667 
424 394 15 20 0.031586293 
481 143 21 27 0.03157574 
76 713 19 23 0.031537984 
33 644 20 28 0.03138642 
640 104 16 21 0.03135057 
330 330 16 20 0.031346645 
91 587 16 21 0.03133533 
676 58 21 27 0.03132519 
738 126 18 20 0.03129215 
252 42 15 17 0.031287193 
1006 212 13 16 0.031278063 
635 408 17 20 0.031267572 
300 780 12 16 0.031267475 
533 60 16 21 0.03125824 
149 36 17 20 0.031244023 
435 84 22 27 0.03122508 
667 346 16 19 0.031219598 
618 597 14 19 0.031198943 
485 418 13 20 0.031168284 
863 47 21 26 0.031161921 
322 88 16 19 0.0311292 
394 97 24 28 0.031084053 
384 322 13 18 0.031061538 
886 218 11 15 0.031007878 
761 420 17 20 0.030976078 
349 498 14 19 0.03097264 
517 185 15 20 0.030914327 
139 582 15 21 0.030897498 
602 10 15 20 0.030857766 
899 21 14 18 0.030853175 
3 254 21 31 0.03082743 
171 587 14 20 0.030823926 
435 67 15 19 0.0307795 
766 -5 22 22 0.030763106 
323 291 15 18 0.030754348 
853 426 16 20 0.030753778 
779 717 16 22 0.030747369 
451 66 17 22 0.030736517 
703 494 23 28 0.030726105 
922 190 13 16 0.03072189 
531 395 14 17 0.0307088 
699 4 25 25 0.030708741 
398 210 16 19 0.030705672 
940 162 13 19 0.030696172 
903 68 15 19 0.030671831 
761 534 15 18 0.030657949 
467 448 16 18 0.030636106 
878 312 20 28 0.030564612 
568 95 19 24 0.030502632 
0 0 10 16 0.030487318 
338 225 17 20 0.030480804 
15 628 20 30 0.030459315 
478 257 14 17 0.030447133 
467 146 16 20 0.030441165 
519 409 14 18 0.030439144 
821 169 19 25 0.030391023 
488 529 15 17 0.030388786 
450 376 15 18 0.030374559 
745 470 16 21 0.030361345 
677 346 14 17 0.030322166 
970 197 14 18 0.030283475 
462 231 17 21 0.030217681 
360 426 14 20 0.030197024 
325 577 23 25 0.030150898 
885 583 16 20 0.030103832 
537 667 14 17 0.030103818 
968 340 21 28 0.030083342 
541 45 17 21 0.029938957 
637 790 16 19 0.029925331 
585 437 16 18 0.029894646 
359 547 20 28 0.029872498 
987 169 12 18 0.029846694 
759 798 34 36 0.029805545 
899 319 16 21 0.029744456 
103 62 16 21 0.02973199 
579 8 14 18 0.029687537 
818 117 16 19 0.0296736 
765 444 12 15 0.02966467 
893 731 17 20 0.029623693 
465 252 14 17 0.029572224 
611 876 21 22 0.029561006 
274 414 21 26 0.029557336 
474 1203 19 23 0.029551882 
697 643 19 23 0.029551072 
879 33 23 31 0.029522222 
582 325 21 27 0.029513123 
699 598 16 21 0.029472057 
980 360 22 27 0.029426249 
100 507 15 18 0.029399958 
826 427 14 19 0.029359212 
622 350 23 29 0.029341212 
167 624 14 20 0.029315868 
825 393 15 19 0.029309265 
611 721 17 22 0.029274598 
806 504 13 18 0.029271515 
147 439 21 27 0.029247496 
671 690 23 35 0.029224185 
243 618 24 29 0.02922318 
455 284 15 20 0.029217342 
59 642 12 17 0.029127475 
674 428 16 21 0.029113108 
104 538 17 21 0.029089889 
925 764 43 56 0.029071406 
765 247 16 20 0.029062435 
754 313 16 21 0.029060014 
140 166 21 28 0.028971883 
781 592 15 19 0.028970877 
731 216 15 20 0.028969051 
522 452 21 26 0.028965428 
764 625 14 19 0.028945668 
979 71 17 22 0.028889539 
893 64 15 19 0.028886382 
180 364 11 15 0.028865255 
614 142 22 29 0.02886427 
335 599 20 26 0.028856365 
828 182 15 19 0.028850699 
773 539 12 16 0.028847694 
276 261 13 16 0.028840734 
539 426 13 18 0.02883502 
1 44 11 17 0.028804682 
125 571 15 18 0.028781416 
816 298 23 26 0.028762264 
331 291 14 17 0.028755007 
882 517 23 31 0.02872186 
729 226 18 24 0.028696729 
512 296 15 20 0.028629579 
320 793 12 16 0.028613625 
598 92 16 21 0.028601807 
514 110 16 23 0.028598621 
78 6 24 29 0.028595472 
588 502 14 19 0.028576499 
389 356 13 19 0.02857005 
533 471 21 26 0.028528215 
290 -3 27 27 0.028486006 
478 124 23 31 0.028459098 
169 589 22 29 0.028448071 
770 677 16 18 0.02844138 
24 176 25 33 0.02842169 
80 620 14 17 0.028418727 
336 839 14 20 0.028400648 
742 444 13 16 0.02838915 
170 738 22 26 0.028378533 
1004 476 20 31 0.028327314 
657 193 18 21 0.028316608 
887 627 22 27 0.028299326 
485 378 16 19 0.028283957 
652 109 17 22 0.028153513 
664 335 21 25 0.02813323 
565 63 15 20 0.028131617 
611 417 19 25 0.028108604 
0 77 10 16 0.028070364 
257 623 17 21 0.028047822 
1000 350 18 22 0.028006027 
309 813 14 19 0.027996056 
392 546 15 20 0.027958587 
931 495 22 26 0.027947571 
776 188 16 19 0.027937716 
407 163 17 21 0.027933897 
302 308 20 27 0.027908755 
978 -4 44 56 0.027906485 
842 799 33 36 0.027892828 
977 211 15 18 0.027881678 
333 150 17 21 0.027874049 
7 270 26 31 0.027865084 
292 408 22 28 0.027829511 
955 260 12 16 0.027816847 
300 0 16 15 0.027816322 
335 480 22 28 0.027813183 
426 402 15 20 0.027802339 
858 680 17 20 0.027800791 
126 392 22 29 0.027779134 
540 288 14 19 0.027716544 
104 650 12 16 0.027707456 
45 828 48 57 0.02758501 
252 60 24 30 0.02757756 
867 789 44 57 0.027571032 
619 383 16 20 0.027562052 
785 330 20 24 0.02755786 
672 893 19 23 0.027515095 
644 316 17 21 0.027507033 
747 90 22 29 0.027494766 
990 115 16 23 0.027464576 
40 135 15 20 0.027460758 
901 78 15 20 0.027423646 
287 766 11 15 0.027373616 
658 347 16 18 0.027352305 
569 407 19 24 0.02732386 
762 21 21 27 0.027297487 
805 725 17 21 0.027267396 
774 43 13 17 0.027263967 
590 396 13 16 0.027240038 
64 649 18 24 0.027205883 
12 80 22 26 0.027200809 
399 838 12 16 0.027183687 
545 0 16 18 0.027179481 
414 419 15 19 0.027153885 
12 660 19 27 0.027143897 
154 49 23 29 0.027120689 
730 411 13 16 0.027106917 
778 32 21 26 0.027100429 
618 728 16 22 0.02709704 
182 26 12 16 0.02707127 
706 395 19 25 0.027064525 
130 316 14 19 0.027058078 
781 509 23 29 0.027020456 
857 258 14 20 0.027018324 
620 266 16 21 0.026996348 
375 246 16 21 0.026988981 
594 613 18 21 0.026984619 
1002 121 24 30 0.026980102 
125 95 17 21 0.026973084 
467 161 21 30 0.026960839 
537 434 15 19 0.026949491 
566 52 15 20 0.026929254 
169 313 15 21 0.026920572 
843 191 16 20 0.026883023 
942 221 13 17 0.026848603 
125 142 15 19 0.02683531 
307 25 25 31 0.02680408 
433 684 10 13 0.026765889 
23 699 12 16 0.026762424 
58 674 14 17 0.026745131 
635 411 25 30 0.02670215 
183 942 24 31 0.026698774 
481 227 15 20 0.026684606 
588 940 28 34 0.026672449 
445 73 14 19 0.026650358 
229 567 20 29 0.026643679 
211 381 16 18 0.026614496 
654 6 21 25 0.026604775 
427 708 12 17 0.02659938 
588 732 25 30 0.026596708 
159 713 14 19 0.02659186 
901 230 14 17 0.026582003 
765 451 13 18 0.026550164 
949 616 15 19 0.026539322 
1011 129 13 18 0.026531473 
717 409 15 19 0.026513672 
899 190 14 16 0.026498834 
54 66 25 28 0.026492817 
294 767 11 13 0.026491508 
890 25 22 28 0.02646781 
226 430 16 23 0.02646172 
647 395 17 21 0.026434926 
540 263 21 27 0.02642444 
415 743 12 15 0.026393749 
427 800 13 17 0.02637609 
420 250 13 18 0.026362574 
723 534 13 15 0.02631602 
89 756 22 30 0.02629342 
870 28 13 17 0.02629207 
880 329 15 20 0.026242394 
938 100 20 27 0.026201973 
642 742 26 32 0.026184231 
461 336 16 20 0.026132673 
663 652 15 19 0.026121765 
911 735 16 22 0.026092933 
868 197 13 16 0.026079075 
44 119 23 26 0.026077816 
404 837 26 31 0.026040224 
356 693 17 22 0.0260388 
762 587 17 19 0.026020652 
314 692 14 19 0.025967337 
211 877 18 26 0.02596563 
231 656 23 29 0.025950376 
879 262 13 16 0.025901793 
634 661 24 32 0.02587901 
906 42 14 20 0.02587216 
316 813 15 21 0.025867684 
141 44 17 21 0.025858862 
502 471 16 21 0.025853153 
884 259 13 15 0.0258493 
421 144 18 22 0.02583142 
771 288 14 18 0.02581967 
534 389 11 14 0.025808815 
299 665 13 17 0.025783027 
585 99 20 26 0.02577493 
341 765 12 16 0.025769211 
422 428 21 25 0.025740623 
769 416 15 18 0.025723983 
285 784 13 19 0.025717584 
882 267 15 19 0.025711482 
943 1126 51 63 0.025708528 
26 801 48 56 0.0256884 
750 10 20 26 0.025684642 
339 88 16 23 0.025675908 
271 -1 25 28 0.025658783 
587 472 21 27 0.025654027 
814 395 14 19 0.02565312 
846 433 14 18 0.025570523 
958 5 11 15 0.025551911 
21 574 13 15 0.025551666 
36 180 16 22 0.025551181 
938 129 14 17 0.02550563 
708 533 12 15 0.025467692 
178 532 16 22 0.025448611 
445 222 15 19 0.025437284 
623 142 17 21 0.02541824 
717 512 15 19 0.025391148 
971 151 21 27 0.025381668 
348 113 12 17 0.025369579 
741 307 14 17 0.025350625 
958 477 22 29 0.025326898 
130 125 15 18 0.025278369 
874 672 17 21 0.025236577 
845 226 14 18 0.025229253 
981 339 15 17 0.025168521 
683 673 15 19 0.025151497 
941 53 15 20 0.025143905 
75 480 16 20 0.025143195 
849 797 44 51 0.025127837 
99 175 22 29 0.025100747 
683 662 23 29 0.025055626 
557 87 24 29 0.02503273 
509 509 16 18 0.025030285 
940 687 15 22 0.025017304 
659 330 15 17 0.025015296 
46 70 16 19 0.025014145 
134 53 22 28 0.02501252 
995 334 16 19 0.025003124 
110 118 25 27 0.024996718 
275 37 24 26 0.024988677 
347 310 15 20 0.024987353 
296 496 15 20 0.024913305 
507 101 20 29 0.024902388 
750 420 13 18 0.024897013 
941 693 20 29 0.024864044 
771 159 21 26 0.024861628 
333 630 21 29 0.024822537 
512 454 20 26 0.024817945 
189 428 17 22 0.0248105 
44 52 22 29 0.024794368 
1 580 15 18 0.024778126 
792 810 26 35 0.024776058 
891 272 15 19 0.024751214 
349 686 19 26 0.024736267 
888 107 16 22 0.024707066 
741 600 16 20 0.024669852 
608 919 32 41 0.024652535 
159 723 15 20 0.024632957 
401 291 14 18 0.02460892 
130 295 10 12 0.024559611 
352 833 19 22 0.024541225 
101 673 21 24 0.024518298 
758 65 16 20 0.024498852 
411 612 24 27 0.02449784 
112 727 17 22 0.024497777 
419 665 14 19 0.024462778 
299 281 14 20 0.024459973 
112 715 16 20 0.024450852 
579 477 15 19 0.024420261 
602 615 16 21 0.024417631 
536 303 21 25 0.024400605 
419 892 48 63 0.024394568 
7 51 22 28 0.024392705 
364 738 11 14 0.024384053 
509 240 15 18 0.024373032 
55 572 11 15 0.024372425 
881 235 13 17 0.024365379 
956 653 16 20 0.024358548 
448 411 16 20 0.024357447 
588 -1 14 14 0.024338627 
524 233 16 20 0.024316141 
814 21 12 15 0.024268096 
806 651 17 24 0.024224155 
651 278 25 28 0.024209762 
227 320 14 18 0.024203366 
407 428 14 20 0.024200955 
714 246 16 21 0.024176592 
876 160 14 17 0.024164611 
928 252 19 23 0.024163729 
6 641 17 21 0.024145087 
716 417 14 20 0.024137463 
775 149 22 26 0.024134398 
428 132 16 21 0.024131248 
949 483 15 20 0.02409973 
272 48 22 25 0.02409504 
853 619 15 18 0.024094932 
109 507 14 19 0.024069324 
188 954 15 23 0.02404496 
452 149 16 21 0.0240333 
384 99 22 28 0.024030076 
420 795 15 18 0.023999523 
754 613 15 19 0.023984307 
889 316 20 28 0.02394578 
550 508 15 22 0.02393726 
900 725 15 20 0.023930531 
114 80 16 20 0.023926685 
634 478 19 24 0.023879953 
635 369 14 20 0.02386758 
682 433 17 22 0.02383235 
536 684 13 17 0.023820776 
178 210 16 21 0.023805657 
47 688 17 22 0.023798075 
723 388 14 19 0.023764782 
633 379 16 22 0.023761993 
349 512 17 23 0.02375046 
298 467 14 18 0.02374805 
219 382 16 19 0.023744151 
552 476 16 21 0.023713233 
5 599 20 27 0.023707971 
713 698 22 32 0.023680463 
37 583 13 16 0.023670092 
153 733 14 18 0.023627108 
43 545 22 27 0.023600068 
886 51 23 27 0.023591045 
456 134 21 27 0.023587866 
645 112 16 21 0.023576641 
544 458 12 17 0.023575684 
116 484 22 27 0.023566667 
135 674 15 21 0.023563271 
992 118 24 30 0.023560293 
37 236 15 18 0.023558516 
329 519 16 23 0.023514055 
570 465 14 19 0.023507243 
8 147 12 16 0.023497758 
67 616 14 18 0.023494417 
58 744 23 29 0.023491804 
530 284 20 26 0.023448061 
436 498 24 29 0.023405828 
322 40 15 22 0.023388436 
453 395 13 17 0.023349509 
63 385 12 16 0.023339963 
714 254 21 27 0.02333681 
632 423 24 31 0.02333492 
525 294 16 23 0.023333713 
795 412 13 17 0.023262182 
829 416 15 20 0.02325561 
976 -1 27 29 0.023249136 
434 286 16 21 0.023239814 
774 307 14 19 0.023218652 
548 256 16 20 0.023200827 
102 723 14 20 0.023193102 
758 457 13 17 0.023177808 
758 366 20 28 0.023171445 
309 781 13 16 0.02316982 
148 434 15 20 0.02315034 
589 11 14 19 0.023140905 
3 544 20 26 0.023132699 
182 339 10 15 0.023119237 
503 155 18 23 0.023107123 
807 694 21 28 0.023067392 
660 395 20 27 0.023063142 
691 354 15 19 0.02305863 
117 653 13 16 0.02304959 
312 755 13 17 0.02304704 
791 396 13 15 0.023036662 
751 533 11 15 0.023019552 
576 201 22 27 0.022989614 
253 564 18 23 0.022967448 
28 163 24 32 0.022967353 
490 278 20 25 0.022950713 
80 514 20 24 0.022929985 
191 49 13 18 0.022920426 
1002 99 16 19 0.022909546 
155 635 14 19 0.022906838 
876 1005 24 29 0.022900658 
1005 467 17 25 0.022888742 
396 348 14 19 0.022876613 
19 93 20 24 0.022853872 
192 286 11 15 0.022848528 
218 31 15 17 0.022811627 
589 516 13 18 0.022810299 
122 470 22 27 0.022801405 
880 366 21 26 0.022800712 
553 176 20 26 0.02279988 
72 105 14 18 0.022798492 
62 478 13 18 0.022796052 
267 363 15 20 0.022794662 
497 291 14 18 0.02279264 
561 463 19 27 0.022783052 
858 36 15 19 0.022764215 
322 248 21 27 0.022761663 
102 125 15 20 0.022761118 
38 578 21 25 0.022750799 
108 691 20 25 0.022746984 
541 933 12 16 0.022745233 
841 815 32 38 0.022730675 
147 340 25 31 0.022729585 
871 117 14 19 0.022721091 
814 158 15 19 0.02270477 
66 17 15 19 0.022704663 
756 543 24 28 0.022698103 
43 613 13 16 0.022687437 
949 275 13 17 0.022685712 
942 298 14 19 0.022672938 
51 651 17 19 0.02265302 
529 461 21 27 0.022650091 
728 45 17 22 0.022647116 
859 702 20 28 0.022646831 
422 791 22 28 0.022621045 
156 661 14 19 0.022606324 
85 786 28 37 0.022602372 
141 635 17 21 0.022565842 
658 211 17 23 0.022530394 
95 192 16 21 0.022526657 
410 444 18 24 0.022511007 
171 773 12 16 0.022483194 
607 370 15 20 0.022470532 
683 493 17 23 0.022453966 
188 289 19 24 0.022453444 
54 83 24 27 0.022442784 
779 52 15 20 0.022420894 
771 641 17 21 0.022394635 
587 920 15 20 0.022356853 
963 628 12 16 0.022355562 
986 781 37 46 0.02227858 
492 13 15 17 0.02224115 
992 273 15 20 0.022216689 
312 69 23 29 0.02219319 
662 244 13 18 0.022188075 
744 17 13 18 0.022187266 
999 398 23 31 0.022149129 
23 783 26 37 0.02212169 
313 761 21 25 0.02211596 
896 659 14 19 0.022114085 
173 484 18 22 0.022113519 
553 465 16 23 0.022107095 
29 580 12 15 0.022041088 
26 562 15 17 0.022036817 
406 1098 26 35 0.022020148 
731 193 23 30 0.02201044 
362 838 21 23 0.02200211 
439 899 30 35 0.02199696 
36 143 19 25 0.021983821 
231 429 22 28 0.021982878 
604 423 14 20 0.02197052 
931 235 15 20 0.02196004 
477 166 16 22 0.021947134 
258 125 16 20 0.02194625 
257 556 17 20 0.02194363 
276 768 13 18 0.021941839 
772 349 20 24 0.021925112 
283 273 15 22 0.021920318 
755 642 15 19 0.021892987 
842 340 16 20 0.021890527 
147 685 16 22 0.02187684 
201 473 18 25 0.02186739 
872 23 22 28 0.021855097 
284 33 16 19 0.021828847 
103 136 16 21 0.021778846 
632 478 12 16 0.021776043 
579 270 23 28 0.021767713 
574 519 22 30 0.021755992 
308 372 12 17 0.021749714 
879 292 15 19 0.021732874 
973 602 24 32 0.021720935 
173 642 16 20 0.021718586 
261 52 15 18 0.021716539 
13 101 22 27 0.021712411 
725 471 15 19 0.021699656 
330 321 16 20 0.021689445 
950 306 14 18 0.021680266 
500 50 18 23 0.021677509 
100 625 13 18 0.021655878 
339 579 18 22 0.021655692 
208 407 22 27 0.021644512 
540 412 16 20 0.021635592 
749 320 15 21 0.02162401 
741 531 12 15 0.021621082 
444 75 24 29 0.021611067 
300 815 18 21 0.021606501 
132 309 12 17 0.021605056 
1005 92 15 17 0.021596132 
562 33 14 21 0.021592686 
908 726 14 19 0.021583034 
400 403 13 17 0.021581143 
451 332 13 19 0.021578038 
622 501 11 14 0.021530999 
662 671 21 29 0.021497587 
154 104 16 22 0.02143133 
148 333 12 15 0.021428619 
205 337 16 21 0.02142475 
795 31 14 19 0.021408541 
351 861 45 59 0.021397477 
904 3 12 15 0.021395579 
476 399 15 17 0.021367561 
757 274 14 19 0.021365825 
190 23 23 28 0.021361828 
600 -3 22 24 0.021330688 
28 628 15 20 0.021327883 
938 655 22 26 0.021326758 
4 0 15 16 0.02131764 
678 324 17 21 0.021315861 
885 102 14 19 0.02131075 
499 809 34 37 0.02124625 
541 29 16 22 0.021233995 
283 417 16 20 0.021211604 
126 165 24 29 0.021202464 
243 434 15 21 0.021153353 
951 267 14 16 0.021105018 
556 920 12 16 0.021077348 
180 36 13 16 0.021075675 
426 901 30 33 0.02107533 
859 384 16 23 0.021001356 
480 326 20 26 0.020991392 
77 22 23 29 0.020987516 
0 562 12 20 0.020986626 
415 614 13 15 0.020984748 
649 344 20 25 0.020973857 
892 99 13 17 0.020963306 
895 294 20 25 0.020949824 
881 55 17 21 0.020905618 
766 211 16 20 0.020890692 
706 0 15 13 0.020865453 
925 240 15 18 0.020838479 
267 115 23 26 0.020830235 
558 646 24 32 0.020830004 
414 376 14 19 0.020815328 
641 153 16 20 0.020814652 
602 506 13 16 0.020806005 
6 227 16 19 0.020803789 
351 438 16 20 0.020799177 
1003 504 19 31 0.020797811 
436 861 31 38 0.020787852 
895 1039 47 70 0.020785304 
605 346 14 19 0.02078445 
228 147 15 20 0.020780083 
303 72 15 20 0.02077721 
472 307 16 20 0.020775057 
31 626 20 29 0.02077355 
144 452 22 31 0.020769607 
752 4 12 15 0.0207683 
433 48 17 21 0.020767633 
832 294 17 22 0.020765621 
206 329 13 18 0.020750327 
777 5 16 18 0.02072524 
418 857 28 36 0.020695928 
78 587 15 20 0.020693667 
757 355 13 18 0.020688474 
890 284 16 20 0.020681709 
551 400 21 26 0.020678207 
664 95 16 19 0.020653497 
257 639 24 31 0.020638868 
450 237 20 25 0.020637337 
797 90 15 19 0.020624317 
43 598 14 18 0.020610847 
329 13 19 22 0.020596495 
703 97 16 19 0.02058574 
558 800 28 31 0.02057639 
927 738 17 21 0.020573312 
685 347 13 16 0.020541662 
264 66 21 25 0.02053401 
851 627 13 17 0.02053316 
956 603 15 18 0.020527348 
624 453 17 21 0.020508584 
111 888 22 30 0.020506103 
66 2 16 18 0.020498935 
946 509 24 29 0.02048414 
955 516 21 29 0.020479782 
6 100 15 19 0.020458871 
175 730 16 20 0.02045447 
717 588 21 27 0.020442499 
32 588 14 18 0.020431465 
297 589 15 20 0.020422023 
634 308 21 26 0.020413408 
440 180 22 27 0.020402089 
211 469 22 29 0.020379677 
116 433 16 20 0.020373598 
85 581 13 16 0.020373292 
164 347 20 28 0.02036406 
68 119 14 18 0.020358894 
953 241 20 26 0.02035371 
760 33 13 17 0.020347957 
592 75 22 26 0.020330936 
539 443 13 18 0.020327808 
165 633 15 20 0.020304475 
789 323 15 19 0.020287253 
784 203 15 19 0.020276202 
156 340 15 18 0.020272918 
131 456 24 30 0.020270046 
760 314 21 26 0.020267347 
335 819 12 16 0.020240722 
853 377 14 21 0.020239556 
473 351 15 19 0.020215875 
917 63 21 29 0.020158658 
972 583 12 16 0.020153152 
422 456 20 25 0.020137094 
111 91 21 26 0.020125723 
805 12 14 17 0.02012072 
827 384 15 21 0.020111114 
840 584 17 21 0.020110361 
617 943 18 23 0.020104747 
894 408 18 21 0.020089483 
750 717 26 32 0.020087972 
706 111 22 26 0.020050002 
138 610 15 19 0.020044528 
222 723 14 16 0.020036189 
1013 174 10 15 0.020034898 
546 712 14 19 0.020027235 
513 437 12 17 0.020021178 
