10_People_Marching_People_Marching_2_935
48
375 293 204 329 0.99984145 
859 227 193 309 0.3364648 
920 1020 36 41 0.27192068 
75 102 193 225 0.23936892 
35 438 175 243 0.16776028 
100 172 123 140 0.14622563 
113 779 56 69 0.14496236 
818 452 186 235 0.100345835 
775 926 33 43 0.09234875 
912 984 66 72 0.08716873 
830 840 27 30 0.07701878 
162 380 231 271 0.07498669 
42 1472 54 64 0.073291145 
30 1262 121 175 0.057375 
249 462 113 125 0.051430188 
756 172 341 461 0.04830601 
799 1027 30 33 0.045847394 
926 297 101 205 0.043474115 
976 1015 35 39 0.040393088 
822 1074 58 67 0.038897596 
814 1082 191 222 0.033768225 
277 485 69 76 0.03368809 
546 97 67 54 0.031780086 
355 115 131 140 0.03088074 
570 1019 23 26 0.02835449 
531 85 103 96 0.028059764 
190 498 130 141 0.02689096 
903 963 56 64 0.026422704 
453 1390 11 11 0.025582872 
581 1384 13 14 0.024215812 
883 1016 51 52 0.023983337 
928 1008 63 60 0.023865975 
456 1142 12 18 0.023750832 
289 701 458 535 0.023034513 
623 901 12 17 0.021638745 
578 848 44 49 0.021628093 
924 986 40 45 0.021539237 
761 889 207 299 0.021353487 
302 335 187 288 0.021058386 
807 1039 56 55 0.020976655 
670 771 371 468 0.020843986 
536 844 12 14 0.020762967 
345 1322 86 110 0.020722425 
944 823 10 15 0.020516947 
62 1257 171 247 0.02043541 
454 1140 29 41 0.020398255 
10 358 290 407 0.02015835 
587 149 92 132 0.020060387 
