10_People_Marching_People_Marching_10_People_Marching_People_Marching_10_368
25
600 135 59 80 0.99968064 
448 186 57 70 0.999642 
729 113 60 80 0.9996382 
334 151 60 78 0.9994487 
43 100 62 80 0.9994072 
185 92 67 91 0.9993376 
859 173 69 86 0.99872667 
519 218 48 59 0.99463695 
400 152 42 61 0.97950774 
270 189 49 57 0.89598507 
661 186 43 54 0.62423795 
933 226 30 43 0.60695845 
-1 181 35 53 0.48558438 
992 549 31 60 0.10603029 
933 197 10 14 0.055197444 
574 407 28 32 0.05232168 
906 204 49 62 0.032164477 
351 357 11 13 0.02627579 
432 462 29 34 0.025919816 
472 452 13 14 0.024509745 
585 382 34 32 0.024225669 
508 445 10 13 0.023865074 
462 424 49 58 0.023370363 
438 447 32 34 0.021467587 
924 205 28 37 0.020505568 
