26_Soldier_Drilling_Soldiers_Drilling_26_262
235
575 273 21 31 0.9959091 
759 326 23 30 0.9936771 
954 292 23 29 0.9905503 
274 293 24 29 0.99017274 
474 311 22 27 0.986888 
301 210 15 19 0.9852378 
917 283 27 33 0.985218 
691 278 21 27 0.98458683 
404 193 13 17 0.9821868 
609 275 21 26 0.98125815 
800 285 23 29 0.9797436 
621 318 21 28 0.97756404 
534 266 24 30 0.9724782 
725 281 23 30 0.97008497 
1004 266 21 30 0.9676233 
126 264 22 26 0.96307725 
763 248 20 25 0.9627017 
168 265 23 29 0.9573323 
370 218 14 17 0.9565522 
780 272 22 27 0.9563498 
76 259 24 29 0.9551051 
439 217 15 20 0.9514889 
219 232 17 20 0.9500945 
223 263 20 25 0.949457 
853 291 21 27 0.9453378 
449 273 21 26 0.9444652 
592 241 15 18 0.91665614 
486 243 13 17 0.91279185 
300 266 19 22 0.8938327 
638 281 22 25 0.88669676 
4 260 22 28 0.8775391 
90 213 14 17 0.8772329 
867 254 17 22 0.8395588 
650 233 13 17 0.825243 
684 221 14 17 0.8185687 
167 211 13 16 0.8140568 
340 259 22 27 0.81188023 
474 227 13 16 0.78761256 
527 217 13 16 0.7609068 
965 235 21 26 0.7436064 
124 237 17 20 0.7412872 
241 260 20 24 0.74008876 
37 273 22 26 0.7070128 
60 256 18 23 0.69667834 
206 251 14 19 0.6730359 
353 228 13 16 0.664905 
512 266 18 23 0.66322714 
149 246 16 21 0.66213757 
496 222 11 14 0.6439061 
428 263 17 22 0.6385188 
421 259 14 20 0.5983028 
803 247 16 18 0.58516484 
460 535 23 34 0.5804958 
392 265 15 21 0.54461414 
323 218 18 20 0.5273186 
586 225 15 18 0.4874314 
521 264 23 28 0.47723123 
331 269 15 22 0.46514466 
218 207 14 16 0.44461346 
248 217 15 17 0.4401602 
381 219 13 16 0.3452189 
979 278 16 24 0.2638589 
451 219 12 16 0.25428572 
692 249 22 26 0.23061107 
602 221 13 16 0.19585136 
264 217 13 16 0.1936968 
405 220 10 13 0.16987382 
106 258 15 20 0.16825458 
180 228 13 16 0.16504651 
321 231 21 25 0.1643885 
523 239 15 17 0.15683159 
596 224 16 19 0.15446362 
745 256 16 20 0.15016007 
828 290 15 20 0.14902285 
647 276 19 24 0.14482215 
640 234 13 18 0.14249648 
46 232 16 18 0.1411752 
116 223 10 14 0.14105831 
399 227 11 14 0.13688445 
378 288 17 24 0.1334085 
263 241 13 18 0.12827678 
879 314 15 18 0.12550028 
356 286 24 27 0.11540547 
714 235 16 19 0.110337466 
897 290 13 17 0.10661141 
814 286 21 28 0.105715536 
901 242 12 17 0.10139451 
416 258 13 18 0.09893484 
930 250 17 19 0.09238254 
834 288 17 22 0.09022172 
488 301 456 509 0.087186635 
433 265 21 26 0.08449666 
358 498 34 52 0.08116991 
426 254 17 20 0.07594789 
715 264 17 21 0.07318215 
122 242 23 27 0.06929373 
966 289 21 28 0.069143996 
320 226 13 16 0.06868794 
131 60 38 50 0.06866787 
524 223 15 18 0.068286665 
46 211 21 25 0.06766452 
724 242 15 19 0.067402676 
347 266 25 29 0.06511907 
812 259 17 19 0.06275828 
834 250 15 19 0.06209576 
897 271 15 20 0.06116223 
490 237 14 18 0.05959711 
37 248 14 17 0.059387494 
405 497 46 67 0.058397815 
233 262 20 24 0.056396704 
61 213 13 18 0.053941503 
91 221 16 19 0.05078813 
493 218 19 23 0.049972124 
144 244 14 17 0.049901728 
263 257 13 19 0.049571082 
323 259 14 19 0.0487476 
155 204 14 17 0.048383627 
924 255 21 24 0.04792487 
461 220 10 15 0.047672037 
159 261 20 26 0.047032624 
623 278 25 28 0.0464778 
270 637 42 45 0.046087403 
523 246 16 20 0.045927186 
465 274 15 20 0.04533903 
913 255 20 25 0.04438185 
219 475 14 20 0.043827657 
896 278 19 26 0.04363572 
268 98 12 14 0.043544497 
42 239 18 22 0.04258306 
62 245 37 47 0.0424524 
704 256 20 26 0.04233729 
961 272 23 29 0.04223585 
679 216 13 17 0.041346263 
66 260 20 24 0.040353358 
111 256 21 27 0.040260892 
126 43 11 13 0.039698474 
312 260 20 28 0.039565597 
841 281 16 22 0.03948901 
154 244 23 32 0.03905257 
263 225 14 17 0.039022837 
266 187 12 17 0.038980983 
35 42 43 50 0.038859468 
39 206 10 14 0.038460057 
878 284 14 18 0.03717422 
50 260 20 26 0.037136585 
738 259 23 30 0.037090268 
135 87 14 20 0.03686834 
707 241 19 25 0.036581486 
282 45 14 18 0.0362951 
715 247 20 26 0.035810493 
985 276 17 23 0.03578239 
328 224 17 20 0.03576702 
268 183 10 13 0.035591178 
318 234 15 19 0.035491385 
67 212 13 15 0.035448097 
677 245 13 16 0.03517814 
97 212 12 16 0.03488604 
687 253 14 16 0.034143917 
247 252 19 26 0.03385124 
319 213 12 16 0.033798825 
668 213 12 16 0.033626363 
197 254 16 21 0.033290815 
0 263 14 21 0.033268817 
372 293 17 22 0.03248123 
909 278 24 31 0.032110162 
592 276 22 28 0.031722255 
142 228 11 15 0.03165874 
283 237 11 16 0.031652406 
283 273 16 20 0.031421877 
29 616 28 37 0.031205725 
184 60 10 13 0.030771602 
407 254 13 18 0.030468315 
38 211 14 20 0.030203965 
338 268 18 24 0.030189216 
121 71 27 36 0.029769573 
503 266 13 18 0.029688168 
756 69 64 48 0.029053312 
706 266 22 27 0.028529353 
386 215 13 15 0.027749458 
843 288 18 24 0.027698973 
39 218 22 27 0.027657557 
35 252 22 29 0.027499108 
492 265 14 18 0.027115392 
726 265 25 31 0.0270368 
509 275 16 22 0.026991563 
372 487 58 73 0.026641173 
670 215 19 25 0.026349444 
935 287 26 32 0.026231712 
413 242 14 18 0.026134696 
713 271 22 28 0.026118247 
296 198 23 29 0.025908329 
211 237 19 24 0.025868377 
486 265 12 17 0.025704218 
390 225 13 16 0.025529567 
184 53 11 14 0.025463268 
285 292 23 30 0.025419902 
657 233 12 18 0.025415555 
979 290 21 30 0.025394367 
611 221 10 14 0.02527329 
648 7 27 28 0.025069635 
436 523 39 54 0.024976842 
144 147 12 15 0.024827363 
370 283 17 23 0.024804477 
138 79 17 23 0.024365708 
130 231 16 18 0.024158062 
730 253 22 28 0.024149176 
176 232 13 17 0.024121735 
419 244 15 18 0.024007972 
215 200 12 15 0.023677256 
411 191 11 14 0.023582824 
565 127 8 11 0.023468 
276 93 11 14 0.023467144 
119 264 16 20 0.022953255 
3 252 17 23 0.02292187 
634 291 20 24 0.022918032 
185 258 18 22 0.022473458 
11 627 32 31 0.02231517 
550 236 14 18 0.022139184 
44 207 13 15 0.021870371 
228 209 12 16 0.021756943 
202 198 22 26 0.021696184 
196 209 15 18 0.021459127 
80 212 10 14 0.021448674 
397 232 12 15 0.021442791 
677 232 13 18 0.021270359 
955 263 24 28 0.020784544 
112 222 19 24 0.02057581 
329 250 23 29 0.020426145 
141 237 11 15 0.020423764 
898 532 35 46 0.020361124 
103 45 12 15 0.020329608 
285 106 10 15 0.020175245 
726 245 21 26 0.02008886 
264 206 13 18 0.020034224 
334 231 20 25 0.020033203 
