26_Soldier_Drilling_Soldiers_Drilling_26_893
26
465 82 37 58 0.48435545 
54 480 29 32 0.092373215 
421 83 29 44 0.08294771 
422 420 71 90 0.078290865 
109 463 17 22 0.077884935 
128 445 11 12 0.05734678 
725 424 96 137 0.057020046 
239 331 98 133 0.051731035 
367 378 34 39 0.042061377 
994 12 30 54 0.040471982 
656 437 105 151 0.0398973 
302 538 28 30 0.034502886 
123 480 33 45 0.032627124 
703 474 29 41 0.03010075 
51 492 29 35 0.028834349 
420 94 45 60 0.02736596 
54 482 17 19 0.027277414 
254 278 35 39 0.027012931 
377 394 84 110 0.024462206 
85 183 363 399 0.024092123 
60 477 18 21 0.022582382 
264 370 101 116 0.021934027 
430 267 356 474 0.021925408 
127 450 14 18 0.021592893 
691 461 64 91 0.021169422 
422 445 110 120 0.021138161 
