26_Soldier_Drilling_Soldiers_Drilling_26_991
75
348 102 12 15 0.7602534 
305 92 12 16 0.7195025 
215 119 11 15 0.5443238 
479 97 10 13 0.42551103 
837 62 12 16 0.28287017 
702 78 9 12 0.24475868 
784 65 11 15 0.23636371 
456 -19 491 328 0.23500717 
631 84 9 12 0.19058518 
553 96 8 10 0.12924196 
229 87 10 13 0.09677346 
586 86 9 12 0.09035488 
864 95 8 10 0.08708525 
438 103 10 13 0.07787843 
245 122 9 11 0.06341169 
173 121 9 11 0.0630583 
664 77 10 14 0.058075372 
371 97 191 258 0.048076954 
729 84 9 12 0.04629896 
296 76 11 14 0.04614285 
730 80 9 11 0.045959454 
511 95 8 10 0.04512097 
352 85 9 11 0.041375272 
670 77 9 13 0.039032668 
270 95 9 12 0.03768614 
470 111 8 11 0.037618466 
225 90 10 14 0.034502238 
609 92 9 11 0.034395132 
294 82 11 14 0.03413035 
169 123 9 12 0.03381764 
273 111 9 12 0.03195296 
474 99 9 12 0.028256617 
841 65 13 17 0.02729889 
265 94 10 13 0.026997767 
272 100 9 11 0.026720528 
868 95 8 10 0.02669041 
542 102 8 10 0.026597645 
287 93 10 13 0.026555365 
207 136 8 10 0.026373329 
169 108 8 10 0.02603921 
381 61 9 12 0.025802784 
288 101 9 12 0.02561207 
168 102 9 12 0.025478577 
511 89 8 11 0.024921577 
836 72 13 16 0.024801403 
295 111 8 9 0.024401762 
835 56 13 15 0.024332311 
952 132 13 16 0.023928279 
327 53 11 14 0.0237501 
561 109 8 11 0.023531541 
475 95 10 12 0.02345914 
752 53 9 13 0.023454182 
264 110 10 13 0.023354283 
344 124 10 11 0.023206392 
264 77 9 13 0.023192706 
551 68 297 198 0.022991912 
559 101 8 10 0.022179559 
303 111 9 10 0.02216811 
870 101 8 12 0.022161594 
296 70 10 14 0.021963015 
294 119 8 10 0.02170973 
512 100 8 10 0.021667894 
504 102 8 11 0.021651646 
542 87 8 10 0.021639543 
822 66 12 17 0.02139383 
213 95 10 12 0.021271398 
687 87 8 10 0.021270778 
720 87 10 12 0.021240557 
295 151 9 12 0.021151619 
209 96 8 11 0.021041099 
475 92 19 23 0.020977505 
278 117 8 10 0.020916983 
697 83 10 12 0.02074681 
799 29 10 12 0.020679729 
946 46 10 12 0.02023811 
