26_Soldier_Drilling_Soldiers_Drilling_26_405
60
854 265 22 29 0.99045396 
400 205 45 50 0.9894986 
143 350 23 28 0.9886205 
557 181 48 52 0.98806787 
134 461 28 30 0.15736854 
831 331 28 43 0.11972958 
678 447 16 24 0.092509605 
131 452 25 27 0.06770418 
983 69 9 13 0.061695043 
892 464 36 45 0.060275648 
158 472 13 17 0.058741953 
669 427 12 15 0.05208936 
965 69 11 14 0.051540267 
981 320 38 46 0.05079979 
882 253 10 13 0.049992327 
948 76 10 13 0.049498983 
977 163 11 14 0.048445597 
1015 65 8 14 0.041844886 
21 476 24 29 0.04121485 
252 410 16 20 0.0411302 
994 477 23 32 0.039330628 
242 396 13 15 0.035191912 
951 320 36 47 0.033815403 
846 335 27 38 0.03330231 
880 258 11 15 0.0331277 
886 255 10 12 0.032876607 
939 470 34 43 0.032434747 
948 70 10 13 0.031087497 
140 480 14 18 0.029662631 
215 378 23 31 0.02892845 
115 484 12 15 0.028743291 
937 334 30 39 0.027582688 
823 317 10 14 0.027259072 
903 481 31 40 0.026687326 
882 245 9 13 0.026467837 
120 466 29 32 0.026405323 
946 274 16 23 0.02592746 
149 467 23 28 0.025570832 
998 146 11 14 0.025252318 
680 198 27 44 0.024953675 
899 351 16 21 0.024208771 
953 155 14 17 0.024007197 
237 402 14 15 0.023888528 
32 464 54 65 0.023419378 
927 269 22 32 0.022661783 
964 327 38 40 0.02253783 
888 396 31 41 0.022217793 
167 460 12 16 0.021988109 
918 234 11 14 0.02194962 
922 271 18 22 0.021912135 
980 336 45 63 0.021731291 
912 235 10 14 0.021682141 
242 411 24 27 0.021481238 
867 499 12 13 0.02137936 
902 451 16 19 0.021343077 
990 216 13 15 0.02111399 
595 245 446 520 0.020922633 
877 321 21 25 0.020874498 
1000 54 10 13 0.020706441 
309 460 12 14 0.020410402 
