26_Soldier_Drilling_Soldiers_Drilling_26_710
17
264 77 388 507 0.27137968 
65 483 389 542 0.15826759 
190 565 411 531 0.13948499 
298 789 426 504 0.13600543 
423 567 422 508 0.08718295 
137 296 423 502 0.08027498 
552 1061 395 477 0.079992436 
130 860 407 544 0.06972371 
308 1043 349 484 0.059491042 
-16 747 429 555 0.056354877 
545 836 377 517 0.053346924 
366 220 441 449 0.0473722 
514 317 412 477 0.045302875 
-20 12 401 507 0.042064637 
559 60 388 498 0.028885271 
3 329 383 517 0.022370506 
419 954 384 479 0.020461261 
