26_Soldier_Drilling_Soldiers_Drilling_26_529
50
178 236 40 50 0.99843425 
751 313 50 60 0.9963966 
467 330 55 66 0.99515945 
530 127 45 53 0.9946786 
362 128 43 55 0.9935342 
441 167 40 52 0.9779676 
758 460 16 21 0.3167506 
720 479 26 33 0.22465818 
726 472 16 20 0.22193427 
659 479 23 27 0.18404491 
866 475 34 36 0.18287115 
890 205 10 12 0.10309746 
933 199 10 12 0.087703265 
664 473 21 22 0.08404936 
952 227 12 14 0.060965315 
894 231 10 13 0.052751873 
995 197 12 13 0.051710807 
944 228 10 14 0.051158994 
775 470 12 14 0.046848148 
751 465 15 19 0.046371553 
956 227 15 18 0.044337276 
71 236 13 16 0.042092934 
717 228 13 15 0.04119324 
721 495 19 22 0.041131776 
917 207 11 14 0.0383472 
1013 164 10 15 0.03578429 
426 470 52 43 0.033661924 
912 221 9 13 0.030298997 
901 231 9 12 0.030179245 
835 229 12 15 0.030070521 
87 481 19 21 0.029916001 
889 231 11 13 0.029588865 
705 483 27 32 0.029328544 
729 469 24 28 0.029087128 
868 448 26 28 0.027640065 
521 475 48 50 0.026782585 
68 654 18 20 0.026644222 
718 474 16 21 0.025012432 
694 491 16 18 0.024516594 
829 685 14 16 0.024325438 
197 541 12 15 0.024045236 
58 653 54 59 0.02381745 
410 481 55 57 0.023414873 
125 534 14 16 0.02313422 
712 223 11 14 0.021845015 
903 237 9 11 0.021768343 
724 462 12 17 0.021373525 
799 229 13 16 0.02084856 
695 490 26 28 0.020263292 
944 498 14 17 0.020101298 
