26_Soldier_Drilling_Soldiers_Drilling_26_85
82
59 352 30 41 0.99964154 
598 397 31 34 0.998628 
217 360 28 33 0.9968772 
-1 598 30 52 0.990166 
385 381 10 13 0.90608096 
232 636 24 38 0.3021769 
383 619 31 38 0.30173263 
189 419 10 13 0.152252 
487 1064 42 36 0.0980377 
246 395 12 15 0.09436857 
489 416 9 12 0.09181353 
329 384 7 10 0.0900385 
327 389 8 9 0.08433189 
264 423 13 15 0.08179574 
69 457 26 28 0.07586391 
862 817 38 48 0.07034376 
362 406 9 12 0.06985985 
264 647 29 33 0.06625474 
436 1043 23 30 0.06331958 
275 636 22 38 0.05881573 
240 411 11 15 0.05855084 
452 1193 65 49 0.05300597 
792 15 177 267 0.048221502 
238 396 17 20 0.048082165 
370 392 7 10 0.0439695 
765 333 21 29 0.0432932 
263 405 10 13 0.04306116 
364 609 43 49 0.041866377 
374 397 10 12 0.041802783 
248 436 11 13 0.041769125 
221 639 26 41 0.0397565 
493 415 7 10 0.039293565 
382 375 17 22 0.039034694 
226 402 15 20 0.037071507 
335 389 8 11 0.036744636 
480 408 6 8 0.03480094 
6 1100 59 68 0.033522926 
252 401 13 17 0.03344492 
322 390 8 10 0.033167224 
598 622 31 39 0.032820016 
907 800 25 32 0.031838816 
382 621 52 56 0.03170251 
372 591 32 39 0.030798728 
417 392 7 9 0.030794956 
184 429 10 12 0.029760564 
859 438 12 15 0.029578274 
332 383 9 12 0.029349102 
312 411 10 15 0.029042488 
351 393 7 9 0.028996864 
268 432 12 15 0.028403418 
401 398 8 10 0.02771141 
182 438 10 12 0.027610105 
985 891 39 44 0.027092723 
427 1194 52 49 0.026417738 
479 431 7 10 0.026372895 
408 406 8 10 0.026239058 
405 1031 413 490 0.02511637 
194 406 9 11 0.024613922 
351 397 7 10 0.024567213 
388 385 10 13 0.024517031 
936 771 93 129 0.024051057 
142 561 204 244 0.023901597 
374 390 9 12 0.023627851 
261 727 42 42 0.023418702 
489 391 7 10 0.023280015 
431 390 7 9 0.02319325 
399 391 8 11 0.023027757 
343 392 8 9 0.022510145 
449 425 7 9 0.02243517 
263 411 10 12 0.02237256 
-1 1084 45 64 0.022283558 
627 301 12 15 0.021691991 
473 408 7 9 0.021489805 
368 397 8 11 0.021304445 
381 397 10 12 0.021234486 
241 649 36 33 0.02115441 
806 367 11 14 0.020965466 
571 667 27 28 0.0209029 
226 417 14 16 0.020695634 
687 328 19 28 0.020629242 
861 431 10 12 0.020537024 
254 803 40 46 0.020524258 
