26_Soldier_Drilling_Soldiers_Drilling_26_184
17
416 307 94 128 0.9986053 
604 565 378 466 0.11860667 
37 882 420 467 0.06563158 
113 1026 416 477 0.0655417 
755 730 121 173 0.060296763 
694 656 210 301 0.058786187 
315 1126 402 441 0.05260466 
363 482 481 599 0.04557487 
154 4 194 225 0.04396715 
766 1293 23 35 0.030752067 
415 1239 243 280 0.027133966 
227 26 98 151 0.024726715 
277 49 384 535 0.022883592 
502 1352 130 143 0.02280415 
326 701 69 72 0.022578003 
611 1336 30 30 0.021900987 
891 1281 30 33 0.021784514 
