26_Soldier_Drilling_Soldiers_Drilling_26_307
44
415 357 26 27 0.9784072 
173 374 22 25 0.63298726 
260 344 24 30 0.621987 
905 338 25 28 0.61704415 
449 172 17 21 0.28799674 
529 362 18 26 0.26474237 
81 396 19 22 0.1247521 
291 364 22 28 0.10813744 
428 187 45 65 0.102982715 
282 355 16 20 0.07555921 
221 377 16 20 0.07484586 
307 363 14 22 0.073975205 
490 157 18 23 0.06516713 
275 352 16 21 0.058283895 
435 181 32 43 0.05634405 
283 357 24 29 0.054963663 
400 317 10 13 0.054790825 
164 492 251 180 0.053894393 
731 358 12 15 0.04936271 
65 388 27 33 0.04081489 
3 256 27 45 0.03984865 
282 72 44 54 0.039828893 
229 616 53 57 0.032957476 
265 342 38 47 0.032904338 
40 336 18 25 0.03259481 
216 379 13 16 0.029559288 
252 345 19 25 0.029432448 
422 248 389 518 0.029144896 
459 242 12 16 0.027216151 
214 385 16 19 0.02719252 
261 209 401 485 0.026308786 
175 383 26 29 0.026263263 
309 363 22 32 0.024921443 
441 173 11 15 0.02437149 
178 365 18 22 0.024147524 
515 395 12 15 0.024142804 
284 353 37 46 0.024070071 
983 277 40 57 0.022952912 
182 529 145 118 0.022240441 
243 461 11 13 0.02111176 
219 390 17 20 0.020806745 
537 368 27 27 0.020714287 
3 343 33 44 0.020226324 
311 547 142 125 0.020142466 
