26_Soldier_Drilling_Soldiers_Drilling_26_832
29
434 213 61 77 0.99751663 
786 222 65 80 0.99680626 
552 266 45 57 0.8976462 
794 318 208 267 0.21595432 
985 324 15 19 0.11510375 
654 341 41 50 0.10976452 
42 307 12 14 0.084914744 
606 187 12 16 0.062204607 
12 335 12 13 0.061582156 
273 450 41 47 0.06110913 
738 262 49 64 0.05698796 
302 315 12 14 0.052898914 
207 327 12 16 0.048093602 
363 353 14 18 0.043959435 
645 285 16 20 0.041546915 
232 327 12 14 0.0365212 
70 319 8 11 0.031642605 
865 449 105 139 0.026997853 
296 338 14 18 0.024419434 
972 324 28 29 0.023647353 
359 323 13 16 0.023156874 
592 258 45 63 0.022726899 
174 317 13 16 0.021491652 
704 294 25 30 0.021414438 
351 307 11 14 0.021261081 
214 316 10 12 0.020686531 
756 236 48 62 0.020471765 
613 256 41 58 0.020241238 
65 319 9 12 0.020107808 
