26_Soldier_Drilling_Soldiers_Drilling_26_236
26
600 175 110 112 0.99903905 
476 203 43 75 0.9881924 
980 238 41 59 0.96416193 
366 376 90 77 0.94671226 
704 137 88 135 0.34469557 
550 235 28 37 0.25829867 
536 220 39 61 0.15539323 
659 147 100 141 0.106536426 
51 672 198 287 0.09610487 
0 422 48 69 0.052804027 
163 292 12 16 0.04915396 
520 209 36 65 0.034274984 
510 395 108 165 0.030554406 
186 365 32 30 0.029747078 
8 7 8 12 0.026416823 
588 85 123 140 0.02633042 
440 713 111 135 0.024389273 
115 612 462 496 0.023902126 
764 820 100 125 0.02359954 
550 248 17 21 0.022235041 
-22 331 186 248 0.021648252 
5 23 7 9 0.021239018 
328 386 69 79 0.020873135 
385 405 51 43 0.020789076 
446 355 51 64 0.020775704 
467 351 46 59 0.02038321 
