26_Soldier_Drilling_Soldiers_Drilling_26_689
30
327 145 87 134 0.9957585 
245 113 63 85 0.97525305 
630 207 23 30 0.96083474 
395 171 56 91 0.33662814 
128 146 22 29 0.20598601 
166 161 21 32 0.14338078 
559 411 18 21 0.068100505 
391 107 29 42 0.05822092 
259 123 85 112 0.057532463 
413 23 17 21 0.038822062 
131 162 29 34 0.035946686 
597 323 15 20 0.03578523 
627 209 38 50 0.034794677 
83 285 25 30 0.033987887 
136 147 26 31 0.032266863 
72 289 24 27 0.031674355 
-5 332 80 115 0.03083782 
239 142 60 96 0.028253056 
-2 353 49 72 0.028232116 
72 301 34 36 0.026890928 
422 204 50 75 0.026258972 
639 248 24 32 0.02493628 
132 177 30 35 0.024830654 
390 198 31 47 0.024681568 
421 4 18 19 0.024541454 
418 0 29 32 0.023093982 
468 249 48 60 0.021729317 
46 310 58 53 0.02125372 
225 114 50 77 0.020629086 
364 164 62 98 0.020220237 
