26_Soldier_Drilling_Soldiers_Drilling_26_9
19
620 212 25 30 0.9976948 
507 221 29 41 0.98975265 
658 257 23 30 0.15559232 
642 204 17 22 0.079654954 
673 258 12 15 0.07694791 
667 259 15 19 0.0636508 
552 201 23 29 0.04789838 
538 207 26 31 0.037001126 
526 202 15 16 0.035016134 
498 213 30 39 0.030689636 
540 203 13 16 0.028849512 
235 202 14 18 0.028634258 
518 235 30 34 0.025310352 
477 436 53 64 0.024842434 
634 211 23 30 0.024823358 
525 200 24 28 0.023911662 
648 248 41 49 0.0209359 
510 203 13 15 0.020394612 
555 214 17 21 0.020248163 
