12_Group_Group_12_Group_Group_12_249
57
491 565 68 79 0.9984413 
403 392 50 60 0.9969464 
344 284 49 57 0.99621934 
882 530 34 38 0.99345326 
138 17 77 76 0.9932574 
937 552 38 40 0.99304634 
460 199 38 43 0.9907425 
468 138 34 38 0.9892175 
592 305 38 46 0.98116493 
886 478 32 37 0.97385854 
827 421 30 35 0.9723838 
620 372 45 55 0.96783686 
557 246 40 52 0.95666915 
718 334 26 30 0.9505131 
741 363 28 30 0.93546265 
982 608 39 43 0.9207708 
767 412 24 30 0.91500217 
523 201 36 46 0.8358786 
641 581 27 34 0.26009145 
59 213 60 72 0.18118802 
234 142 19 21 0.13561027 
345 229 22 32 0.12884061 
692 150 117 139 0.09802577 
114 452 101 102 0.07081905 
389 161 15 20 0.06387679 
248 588 99 101 0.055204883 
400 203 27 36 0.046800807 
300 127 11 12 0.044801526 
571 16 367 452 0.039571106 
379 154 27 33 0.0381048 
299 288 25 35 0.037484 
572 643 41 47 0.03662772 
415 214 22 30 0.036134843 
340 122 25 28 0.034543224 
135 491 60 68 0.032292835 
294 129 14 17 0.031051507 
628 566 31 43 0.03028734 
571 268 42 57 0.028516999 
511 214 38 51 0.028354244 
221 437 39 51 0.02717232 
781 418 18 22 0.026833894 
613 618 35 37 0.02611541 
656 586 18 21 0.025492309 
764 160 39 49 0.0249962 
167 428 36 39 0.024501013 
355 132 27 33 0.023740252 
846 570 210 215 0.023545275 
731 132 77 94 0.023188503 
337 228 40 48 0.022889722 
371 142 30 35 0.02275651 
147 436 58 61 0.022697408 
627 550 28 35 0.02247321 
610 544 30 39 0.022360144 
579 317 31 43 0.021906346 
497 233 41 54 0.020850847 
391 158 23 31 0.020609971 
303 273 44 56 0.020281715 
