12_Group_Team_Organized_Group_12_Group_Team_Organized_Group_12_126
24
94 158 9 13 0.50840443 
782 396 50 58 0.15274304 
710 348 26 30 0.07035328 
692 390 102 113 0.060355928 
472 371 21 28 0.056923416 
560 345 51 67 0.051990874 
717 358 14 18 0.049994253 
665 340 106 101 0.0485869 
498 450 43 55 0.04181127 
470 382 17 22 0.039509907 
710 348 62 65 0.037728544 
986 408 7 11 0.035260778 
985 413 8 11 0.03206436 
802 417 40 41 0.02880351 
1006 536 7 9 0.027277768 
635 333 24 35 0.02699206 
535 328 83 108 0.026447022 
919 374 7 9 0.023909213 
760 383 56 64 0.02283928 
558 358 11 16 0.021618864 
13 446 8 10 0.021495031 
658 346 55 73 0.021150371 
365 276 10 14 0.020966576 
356 299 12 14 0.02012265 
