12_Group_Group_12_Group_Group_12_578
31
529 241 73 97 0.99690515 
297 243 55 59 0.9778632 
46 295 44 61 0.73227876 
740 371 70 69 0.23585162 
161 268 55 79 0.2182167 
782 347 77 80 0.19383919 
32 312 37 44 0.056166157 
906 182 39 51 0.05434563 
341 197 43 53 0.05136433 
48 265 42 64 0.051006746 
278 242 38 44 0.04883755 
981 -3 42 54 0.044819273 
50 268 22 36 0.044270378 
437 146 12 13 0.043029223 
61 284 51 70 0.042171527 
556 401 25 28 0.04014241 
135 274 58 84 0.03934342 
413 156 17 20 0.035773385 
447 146 10 13 0.033893276 
816 335 67 87 0.033391822 
453 147 9 11 0.029580947 
150 265 96 123 0.029494435 
439 314 466 425 0.02824746 
202 310 426 371 0.02514161 
546 404 44 53 0.02512068 
162 397 214 232 0.021674454 
231 363 106 105 0.021563424 
414 158 26 30 0.021061832 
87 298 36 46 0.020956036 
790 95 9 13 0.020479178 
37 351 439 383 0.020283518 
