12_Group_Group_12_Group_Group_12_10
24
378 145 52 62 0.99973506 
682 122 57 71 0.9997297 
85 108 64 84 0.99972075 
246 118 58 71 0.99945027 
554 390 62 73 0.99942756 
81 303 68 84 0.9993703 
290 336 62 83 0.99923384 
669 325 61 82 0.99922943 
916 139 56 70 0.9989907 
772 90 53 74 0.9983347 
541 105 50 64 0.9977825 
854 335 76 101 0.9930351 
862 201 42 47 0.87983376 
580 46 21 26 0.6828783 
477 441 33 48 0.57109094 
949 420 24 32 0.14141007 
870 114 49 62 0.042851266 
952 418 40 50 0.03957273 
825 378 27 39 0.03545126 
597 81 41 51 0.0270863 
611 95 19 21 0.024996718 
534 610 33 38 0.023614665 
585 129 27 35 0.020909695 
853 200 31 37 0.02065997 
