12_Group_Group_12_Group_Group_12_38
26
571 67 48 61 0.99881977 
106 81 47 58 0.99823487 
789 61 46 56 0.9981573 
269 72 48 54 0.9980894 
201 75 47 51 0.99501306 
491 82 43 53 0.99095565 
716 59 43 55 0.98786163 
414 89 45 50 0.93681365 
632 66 13 17 0.14150064 
319 71 37 54 0.09214164 
304 580 18 20 0.063970394 
627 67 26 38 0.062272985 
855 543 24 28 0.048170187 
677 125 31 32 0.03734263 
335 79 26 37 0.03142545 
865 106 28 40 0.029777473 
286 562 13 16 0.029222481 
631 82 27 36 0.02642344 
267 572 17 21 0.025307858 
67 374 65 64 0.024249591 
525 386 39 37 0.023900952 
834 108 26 36 0.023743235 
126 75 34 44 0.022753414 
634 113 425 503 0.02078955 
119 188 110 180 0.020543087 
635 93 29 40 0.020368744 
