12_Group_Large_Group_12_Group_Large_Group_12_527
47
715 418 82 120 0.9991271 
330 419 81 102 0.9930958 
17 422 56 67 0.67052853 
212 37 46 57 0.18947102 
485 401 113 145 0.18049873 
279 43 95 118 0.13639417 
500 60 63 77 0.09985439 
258 557 115 112 0.08943705 
609 236 45 66 0.089293085 
926 274 41 52 0.08515031 
284 956 61 65 0.08036448 
8 28 56 73 0.0767742 
889 109 54 80 0.070338644 
845 346 56 71 0.058229864 
223 47 103 119 0.052668035 
503 421 63 81 0.052535575 
807 628 38 39 0.05147876 
735 244 53 75 0.048065707 
598 275 58 86 0.04271357 
590 218 78 118 0.042029247 
509 429 40 50 0.039994147 
134 422 60 67 0.039898355 
832 225 54 69 0.03896608 
923 -1 50 46 0.033215445 
641 437 33 41 0.032875255 
0 729 55 88 0.03274338 
817 302 93 128 0.031875037 
653 60 87 118 0.030776316 
390 356 56 71 0.030644666 
399 384 52 71 0.030330615 
879 706 38 46 0.0290861 
602 919 67 64 0.028531833 
113 130 404 526 0.02831096 
833 322 55 72 0.028098464 
946 124 78 142 0.027513811 
654 65 54 70 0.027274096 
230 1 193 253 0.026246002 
887 768 37 60 0.02609819 
476 366 89 116 0.026072059 
76 121 44 54 0.025872823 
824 627 36 38 0.025298638 
818 985 177 251 0.024913708 
188 50 87 109 0.024719432 
225 669 87 105 0.023353694 
810 604 56 66 0.0230663 
719 230 51 70 0.021581406 
813 225 91 112 0.020978943 
