12_Group_Team_Organized_Group_12_Group_Team_Organized_Group_12_28
48
927 240 26 34 0.99890757 
432 263 29 36 0.9982835 
599 268 29 35 0.99768317 
212 0 59 47 0.99643576 
985 286 29 37 0.9952559 
521 255 39 52 0.9912042 
681 51 45 55 0.990624 
468 257 23 28 0.93498844 
142 268 22 30 0.93345374 
824 274 21 32 0.88916165 
13 217 25 31 0.8736677 
879 275 23 29 0.8734668 
998 244 20 28 0.85460335 
966 255 24 27 0.84354764 
338 257 22 27 0.37530643 
783 260 20 26 0.24271096 
60 230 16 20 0.24123938 
788 346 35 35 0.18531616 
962 265 25 31 0.16160631 
104 11 49 62 0.1486756 
332 265 16 20 0.14774747 
832 282 25 32 0.08567853 
463 273 28 42 0.07067874 
983 248 24 31 0.06473459 
332 245 23 29 0.062417444 
782 271 16 22 0.062350813 
671 258 21 30 0.057667308 
4 221 25 35 0.05265191 
167 8 32 37 0.052059554 
960 277 23 30 0.044711165 
365 317 22 27 0.0348666 
3 218 17 23 0.03330553 
1002 363 15 22 0.03179758 
89 230 25 28 0.031765692 
201 1 45 35 0.031109875 
83 211 27 31 0.030092638 
156 155 22 33 0.029155351 
139 0 53 53 0.028264754 
975 251 19 24 0.027589558 
871 277 17 24 0.026767215 
183 3 35 31 0.026455592 
326 276 24 29 0.025221298 
890 284 16 22 0.025015729 
328 273 15 19 0.023560887 
843 285 23 31 0.022471817 
154 243 14 18 0.02151452 
140 261 16 22 0.021276189 
468 291 18 25 0.0208355 
