12_Group_Team_Organized_Group_12_Group_Team_Organized_Group_12_551
18
489 73 91 109 0.9991215 
272 -2 85 102 0.9985532 
196 407 17 21 0.51877654 
744 435 19 24 0.49714878 
806 434 21 26 0.29383263 
417 534 157 137 0.08928433 
831 382 28 33 0.050278172 
426 240 62 78 0.03370574 
809 343 19 22 0.028399104 
859 324 20 30 0.028358443 
847 320 37 48 0.027035177 
867 398 15 19 0.02644135 
796 324 18 20 0.025684737 
74 311 218 252 0.025653176 
84 439 59 50 0.025031505 
365 410 114 136 0.023818545 
618 -20 216 208 0.023268843 
456 507 199 220 0.020735638 
