12_Group_Team_Organized_Group_12_Group_Team_Organized_Group_12_868
24
447 85 82 119 0.9991755 
662 176 15 16 0.051470768 
796 103 15 18 0.039978363 
591 165 10 13 0.037431408 
739 72 13 15 0.03541104 
50 106 15 18 0.031051189 
-28 101 372 459 0.027290601 
822 50 14 16 0.027067265 
806 76 11 15 0.026359165 
-1 417 26 44 0.025440281 
767 101 11 14 0.025084574 
27 91 11 14 0.025064353 
688 116 16 20 0.024942553 
756 114 15 18 0.024902962 
62 127 24 27 0.024375089 
716 72 11 13 0.023392076 
307 273 26 37 0.022469677 
760 103 10 13 0.02188478 
728 168 27 31 0.021246154 
120 100 13 15 0.020798313 
799 76 12 16 0.020781782 
774 43 13 17 0.020361617 
655 96 8 10 0.020124556 
687 111 12 14 0.0200744 
