12_Group_Group_12_Group_Group_12_407
22
145 288 48 65 0.99746263 
249 267 44 57 0.9974486 
661 245 44 57 0.9959196 
350 273 45 54 0.99469864 
545 262 43 54 0.98776066 
427 247 46 55 0.98300236 
590 369 44 54 0.9805274 
863 200 11 15 0.14906186 
703 257 15 21 0.0485443 
666 478 25 27 0.04241564 
170 248 10 11 0.038686953 
953 238 26 30 0.036577884 
150 245 10 11 0.03322707 
121 270 10 12 0.032651063 
879 355 41 48 0.031146461 
944 226 43 53 0.02806487 
844 278 8 11 0.027992724 
876 334 43 50 0.027116776 
101 246 9 12 0.02551089 
693 244 24 38 0.024160381 
908 276 10 14 0.02368365 
168 253 12 16 0.02229031 
