12_Group_Large_Group_12_Group_Large_Group_12_1007
57
7 160 28 33 0.9991627 
447 199 34 42 0.9985292 
370 232 36 49 0.994964 
111 142 27 34 0.99471927 
260 152 31 35 0.9941736 
345 167 30 37 0.9892341 
531 198 40 47 0.98864114 
635 212 40 47 0.9885803 
976 198 23 26 0.96989006 
226 201 38 50 0.94058394 
678 239 41 56 0.64609957 
159 156 14 18 0.28580597 
644 329 29 33 0.1957447 
604 219 21 28 0.12528624 
386 177 28 30 0.10305584 
696 250 36 49 0.084169485 
772 242 15 22 0.06495328 
419 172 10 14 0.05911322 
659 225 42 54 0.05688169 
774 194 11 15 0.05377015 
991 342 31 36 0.052751515 
965 352 13 16 0.04797581 
109 174 25 28 0.046898343 
756 180 14 18 0.045928963 
594 223 17 22 0.03844254 
499 228 16 19 0.038081706 
945 218 14 17 0.03590402 
103 187 34 34 0.032250784 
292 204 40 47 0.03119877 
376 183 33 39 0.029779198 
646 128 396 449 0.029169675 
749 94 10 11 0.028107101 
413 167 11 14 0.026695576 
867 213 42 58 0.025998114 
525 160 9 12 0.025662722 
709 598 109 101 0.025536435 
114 185 16 19 0.02485379 
505 228 21 26 0.02450416 
600 211 14 16 0.024400633 
752 101 9 11 0.024054078 
7 21 8 10 0.023385406 
678 278 34 40 0.023074793 
758 175 12 14 0.022525908 
796 229 53 59 0.022445427 
770 236 27 39 0.02233486 
510 173 8 12 0.022071593 
790 191 9 11 0.021795176 
775 597 119 107 0.021522598 
734 168 9 10 0.021491595 
512 47 8 11 0.021308202 
858 221 33 44 0.02117588 
965 200 16 21 0.021125184 
754 243 32 36 0.021055326 
962 347 22 27 0.02099937 
816 16 8 10 0.020580739 
171 156 12 17 0.020460535 
693 1 9 10 0.020432413 
