12_Group_Team_Organized_Group_12_Group_Team_Organized_Group_12_115
22
778 75 101 115 0.99928707 
377 148 65 88 0.9992393 
578 173 65 76 0.999225 
672 106 76 93 0.9961934 
165 146 79 102 0.9950683 
316 245 69 75 0.99415034 
969 807 54 116 0.121725835 
554 446 17 22 0.076266274 
-1 480 366 418 0.05487518 
82 571 199 260 0.046335038 
496 722 60 64 0.03485385 
540 448 16 19 0.033449564 
419 494 46 57 0.031096024 
948 828 56 101 0.028389033 
801 572 53 88 0.027237637 
871 84 53 80 0.026740564 
189 524 44 54 0.024086772 
593 609 112 162 0.023666166 
245 291 93 125 0.021272263 
166 251 183 255 0.021269139 
61 153 42 58 0.021250838 
708 69 97 131 0.02036007 
