12_Group_Group_12_Group_Group_12_417
20
371 242 31 40 0.9996275 
275 218 32 40 0.9995771 
509 225 30 38 0.99954766 
788 233 34 41 0.9994261 
114 214 36 45 0.99890876 
580 228 28 35 0.9988374 
446 216 29 36 0.99869907 
204 231 35 42 0.9985495 
642 236 29 39 0.9975224 
861 210 36 44 0.99728465 
720 219 33 40 0.9965018 
97 238 17 23 0.072762944 
542 46 13 14 0.06696234 
99 229 27 36 0.04223569 
775 57 15 16 0.037839647 
830 215 22 30 0.035277426 
292 35 12 14 0.030378027 
999 300 10 14 0.02793082 
995 343 11 13 0.024875237 
981 315 11 12 0.020992132 
