12_Group_Large_Group_12_Group_Large_Group_12_771
20
168 181 387 488 0.99982613 
534 285 111 209 0.19708593 
599 922 215 316 0.19313811 
7 818 444 524 0.157403 
775 990 86 110 0.141179 
567 365 87 156 0.10188743 
936 1512 9 12 0.06570951 
453 131 119 159 0.05014144 
727 977 111 145 0.04638195 
465 13 78 72 0.043769684 
130 43 355 451 0.034115393 
246 359 449 550 0.031239856 
496 134 125 204 0.024005575 
904 1511 11 12 0.023225948 
674 960 131 186 0.023097785 
285 107 132 113 0.022906668 
512 810 381 499 0.021889847 
310 55 335 486 0.021783223 
260 17 194 248 0.020441106 
706 834 186 288 0.0201232 
