12_Group_Group_12_Group_Group_12_28
42
171 39 31 41 0.9996177 
514 57 34 44 0.9994566 
462 235 31 42 0.9988109 
210 104 35 48 0.9983394 
383 198 44 54 0.9977264 
107 70 37 46 0.99746454 
302 133 35 45 0.99678016 
178 200 37 45 0.9961605 
704 85 42 54 0.9958289 
70 21 39 50 0.9957242 
126 125 45 58 0.9944542 
519 253 39 49 0.9940686 
791 77 38 49 0.9935942 
902 108 47 58 0.9926738 
245 255 42 49 0.99226487 
551 110 38 49 0.99212825 
261 151 39 51 0.99068403 
612 97 42 55 0.98957247 
614 50 39 43 0.9893085 
664 58 36 50 0.9812282 
231 75 38 51 0.97957873 
919 68 42 48 0.86411315 
797 136 43 50 0.731337 
220 93 40 55 0.5477369 
363 365 26 28 0.05911568 
942 236 39 57 0.045877922 
912 87 49 64 0.041734606 
116 256 13 17 0.040594637 
30 263 10 12 0.038188517 
41 249 10 12 0.037236713 
340 269 28 33 0.03574806 
244 130 26 32 0.034761578 
513 110 32 44 0.03410853 
472 215 23 28 0.033297393 
194 249 29 36 0.026314761 
57 436 95 122 0.02517267 
413 349 31 33 0.024576835 
92 298 576 550 0.023043614 
1 305 11 19 0.023025028 
923 287 29 34 0.02285661 
910 290 33 41 0.02229216 
494 260 22 28 0.020810518 
