12_Group_Large_Group_12_Group_Large_Group_12_196
28
106 108 51 69 0.99959236 
540 194 36 45 0.99923515 
874 84 50 63 0.9990202 
474 319 35 44 0.9982992 
404 284 32 42 0.99827445 
614 254 36 46 0.99733365 
716 134 44 59 0.9970483 
803 140 46 57 0.99693584 
162 191 44 57 0.9960433 
310 194 37 45 0.9953673 
230 197 38 51 0.99423134 
840 154 26 38 0.12788947 
713 272 55 63 0.0695411 
864 518 9 12 0.0448517 
724 291 32 35 0.043900676 
716 557 132 135 0.041860662 
588 451 12 16 0.029673493 
972 396 14 18 0.026618412 
790 567 7 10 0.02557469 
821 455 10 13 0.023957007 
784 559 8 11 0.023835069 
799 501 8 11 0.023231873 
828 288 26 34 0.022098014 
791 572 8 9 0.021009887 
785 564 8 12 0.020941608 
395 259 444 517 0.020147333 
815 528 8 11 0.020102216 
871 524 9 12 0.020073775 
