12_Group_Team_Organized_Group_12_Group_Team_Organized_Group_12_602
16
406 247 144 193 0.9987214 
526 171 124 149 0.99803716 
644 164 150 184 0.99737984 
255 150 144 217 0.9965932 
316 191 139 195 0.67663926 
465 207 134 171 0.2967209 
137 329 47 63 0.22884163 
13 290 36 45 0.14447258 
581 187 143 142 0.12314827 
968 945 54 69 0.054429498 
841 160 46 64 0.045368027 
998 139 20 34 0.04509124 
450 1097 609 479 0.033081554 
425 744 38 32 0.023195427 
368 234 19 25 0.022979448 
446 734 149 116 0.021596564 
