12_Group_Large_Group_12_Group_Large_Group_12_228
78
483 397 17 21 0.99252856 
203 408 15 21 0.99150944 
698 415 17 21 0.9903626 
293 406 16 21 0.9897988 
429 414 16 21 0.98836887 
525 408 16 21 0.9878879 
827 406 17 22 0.9876501 
906 412 17 23 0.9866371 
249 410 15 20 0.9861624 
564 404 17 22 0.9855965 
781 410 18 23 0.98517287 
155 415 15 19 0.98424697 
653 417 18 24 0.97929287 
336 409 18 22 0.9788222 
869 420 18 21 0.9692095 
110 410 17 21 0.9335771 
742 406 19 24 0.9236142 
393 410 15 20 0.9231423 
605 411 18 22 0.9151864 
303 474 19 21 0.66380596 
242 466 21 25 0.4489302 
467 479 10 12 0.31260172 
196 462 23 26 0.25547874 
107 455 17 20 0.21826644 
339 470 22 26 0.18919264 
463 500 14 17 0.13925378 
156 465 20 24 0.116912596 
861 378 17 21 0.09332343 
516 501 11 13 0.092103295 
260 393 13 17 0.087242015 
377 445 27 33 0.06314553 
180 436 16 22 0.061378438 
727 514 10 13 0.060234413 
405 501 12 16 0.056989092 
920 142 12 15 0.054936547 
255 391 12 14 0.04748411 
671 379 14 18 0.040769443 
405 432 13 18 0.034838405 
144 403 12 15 0.03456397 
901 100 12 16 0.03447454 
167 394 11 15 0.033094782 
149 398 12 15 0.031164173 
109 423 17 19 0.029694242 
878 70 9 10 0.029366657 
93 422 11 12 0.02932518 
101 404 15 18 0.028560402 
157 476 17 21 0.028448928 
102 463 17 18 0.028215168 
885 141 12 14 0.028102282 
692 390 17 21 0.02791789 
104 411 16 18 0.027381148 
870 62 9 11 0.02706553 
546 408 15 19 0.026769692 
598 499 11 13 0.026168304 
914 455 15 19 0.025779616 
916 514 11 14 0.025671005 
278 36 182 252 0.024912706 
893 386 15 19 0.024880856 
835 369 15 19 0.024845978 
950 412 13 17 0.02476578 
78 421 8 11 0.024554633 
924 156 12 14 0.024441116 
293 398 15 20 0.024234693 
101 399 12 15 0.024004037 
873 14 10 11 0.023529038 
378 436 17 20 0.023251802 
195 450 17 18 0.023083938 
181 375 10 12 0.022192307 
221 401 15 19 0.022174034 
155 439 15 20 0.022125697 
874 70 9 10 0.021992056 
185 442 25 32 0.021965135 
465 493 14 17 0.021861313 
558 386 14 17 0.020792184 
885 61 11 13 0.020654911 
942 412 13 18 0.020526925 
403 416 13 19 0.020481886 
880 62 10 13 0.020387333 
