12_Group_Large_Group_12_Group_Large_Group_12_112
40
221 30 72 112 0.9871144 
243 410 121 91 0.3220568 
644 392 56 83 0.26169842 
511 295 33 60 0.16901648 
399 274 41 36 0.13809034 
-13 366 95 141 0.0863189 
460 332 57 64 0.0762802 
902 287 36 37 0.065210015 
494 530 66 83 0.06069465 
210 396 201 226 0.056668587 
868 298 25 28 0.054632306 
947 219 36 34 0.05422874 
444 233 63 68 0.045707442 
485 312 55 69 0.044816047 
912 275 30 35 0.042284504 
487 222 34 51 0.039895307 
423 253 60 58 0.03853903 
914 260 33 38 0.03433446 
470 180 44 78 0.033948276 
353 497 96 144 0.030404877 
938 235 47 48 0.029988281 
411 268 17 20 0.02894581 
904 333 47 52 0.028259171 
997 447 24 45 0.02801821 
498 497 107 143 0.025436142 
467 214 50 75 0.024915509 
391 522 61 92 0.024770103 
386 478 59 83 0.024447994 
405 264 53 57 0.023753988 
261 105 27 39 0.023163605 
612 366 81 97 0.022163045 
922 283 17 21 0.02152733 
498 246 28 44 0.02139493 
910 551 48 63 0.021157224 
895 299 36 35 0.021138195 
905 356 44 52 0.021057015 
910 302 48 49 0.020912383 
456 243 32 31 0.020816628 
417 273 19 22 0.020490177 
496 269 48 67 0.020265205 
