12_Group_Large_Group_12_Group_Large_Group_12_212
26
477 705 96 129 0.9995054 
684 372 82 110 0.9989102 
270 357 85 102 0.99582016 
973 745 14 18 0.7992707 
11 594 24 38 0.46804428 
871 743 14 18 0.2442295 
906 775 16 19 0.17863543 
597 377 27 28 0.1705002 
935 773 14 19 0.14625792 
28 858 40 54 0.089593045 
262 315 31 36 0.08660503 
-1 1247 21 30 0.060371503 
966 740 17 20 0.040962767 
785 1222 39 32 0.040561855 
921 728 22 30 0.03680397 
1000 835 9 12 0.03180885 
934 726 11 16 0.031805225 
51 717 25 33 0.029977962 
338 1088 34 59 0.029908724 
604 371 19 21 0.029275527 
422 744 15 20 0.028056346 
100 603 52 67 0.027051779 
590 374 43 46 0.022933107 
15 1024 35 40 0.021198936 
406 735 24 30 0.020321153 
882 417 23 27 0.02023361 
