12_Group_Team_Organized_Group_12_Group_Team_Organized_Group_12_503
37
267 104 31 39 0.99961144 
490 72 35 40 0.99959964 
97 104 35 40 0.99953616 
409 75 34 40 0.99950826 
298 55 29 35 0.99948174 
328 88 35 41 0.9994599 
656 79 34 41 0.99943143 
866 198 38 47 0.9993216 
883 113 33 42 0.9992951 
627 50 31 40 0.9992423 
951 204 37 45 0.999173 
228 44 26 31 0.99917114 
748 65 27 33 0.99899167 
644 205 35 42 0.99894255 
575 80 33 38 0.99884975 
559 39 28 34 0.9986714 
157 49 29 35 0.99861455 
756 203 37 43 0.99849594 
723 101 34 41 0.9984781 
488 26 30 33 0.99814355 
435 40 25 33 0.997926 
429 187 36 48 0.9979011 
797 92 36 41 0.997872 
135 172 40 47 0.9974637 
189 94 35 44 0.997233 
366 45 29 34 0.9968381 
542 178 40 53 0.99610835 
884 71 30 32 0.99387205 
26 177 41 53 0.9932302 
241 196 37 41 0.9926036 
830 65 27 33 0.98992735 
336 204 38 42 0.98500746 
691 65 27 33 0.98343086 
158 93 30 38 0.050092973 
829 81 30 38 0.035126667 
80 308 28 34 0.026784848 
401 -1 18 15 0.02182824 
