12_Group_Team_Organized_Group_12_Group_Team_Organized_Group_12_83
158
726 373 173 238 0.99911696 
145 284 25 39 0.99868256 
809 221 60 73 0.998086 
301 239 34 48 0.98323166 
109 238 25 32 0.98316413 
730 224 18 21 0.9528009 
401 246 30 38 0.9417064 
29 323 21 25 0.94083637 
40 259 20 23 0.934284 
961 191 16 23 0.91883 
10 263 18 25 0.90574676 
998 192 17 22 0.86526227 
956 245 15 20 0.8499179 
209 271 19 24 0.84762466 
905 243 20 29 0.83160114 
1004 238 14 18 0.81692266 
91 282 23 30 0.78700745 
918 205 13 16 0.76310134 
185 264 18 22 0.6894595 
550 274 49 54 0.5752465 
203 303 21 29 0.4806601 
197 247 14 19 0.44847164 
145 263 15 20 0.3500386 
0 343 18 33 0.2389589 
389 283 28 32 0.23196207 
19 296 16 21 0.20392124 
686 256 52 64 0.17486261 
900 211 11 16 0.16230498 
753 250 34 53 0.108124755 
114 316 16 21 0.105864845 
999 242 14 18 0.10055717 
582 264 27 31 0.08752897 
762 209 18 21 0.08700735 
855 132 15 20 0.08690074 
993 250 12 15 0.079029635 
62 265 14 18 0.0764776 
64 326 13 16 0.07482172 
912 209 12 16 0.072826855 
126 250 21 27 0.07107536 
98 382 17 21 0.06739069 
772 115 41 50 0.06693791 
149 242 12 15 0.06651361 
895 238 23 32 0.064725816 
740 149 14 16 0.05906128 
190 252 15 19 0.058926336 
565 270 37 36 0.058553938 
919 248 17 20 0.056872535 
245 244 10 12 0.056357212 
179 272 25 31 0.05564046 
839 139 11 14 0.05548739 
767 217 23 32 0.054639634 
720 247 42 60 0.053848438 
658 449 47 62 0.05326831 
949 236 15 17 0.05243325 
222 236 9 12 0.052338205 
971 260 12 14 0.05230793 
770 206 18 22 0.04967834 
143 243 12 18 0.049650077 
230 353 14 18 0.049253143 
85 286 19 23 0.04900568 
198 298 15 22 0.048482604 
4 347 25 36 0.047660906 
895 206 20 26 0.046598565 
991 230 12 16 0.046380445 
903 237 13 21 0.04633666 
822 135 11 16 0.046052225 
917 218 12 16 0.04431431 
762 147 15 16 0.043834236 
381 248 27 41 0.0425339 
704 192 9 11 0.039567523 
140 253 15 21 0.039373387 
217 236 10 13 0.038732618 
213 245 11 14 0.038418543 
254 270 11 15 0.037873622 
15 606 29 28 0.03679962 
965 551 50 83 0.0362257 
971 335 43 68 0.035848692 
741 144 26 28 0.0357984 
429 245 28 40 0.03554788 
806 129 11 16 0.035445128 
634 265 31 41 0.0353117 
117 229 23 34 0.0348386 
950 200 14 18 0.034127984 
14 344 24 32 0.03377511 
780 134 17 22 0.032870162 
228 237 9 13 0.03282196 
756 135 32 30 0.032816563 
845 133 15 19 0.030940685 
1003 463 17 22 0.030846162 
211 261 15 19 0.030676352 
970 277 14 18 0.030508202 
60 328 21 27 0.030370332 
696 198 9 11 0.030197484 
211 250 14 17 0.030191522 
150 258 18 25 0.030080993 
758 213 16 23 0.028626703 
716 220 42 52 0.027744126 
996 228 14 19 0.027603041 
173 287 15 24 0.027552888 
913 236 17 25 0.027390206 
735 221 22 28 0.027295796 
21 605 16 19 0.027040599 
990 69 31 42 0.026932752 
66 347 23 29 0.026863946 
580 277 36 39 0.026780909 
246 268 12 15 0.02624976 
89 275 21 25 0.026072059 
101 244 16 21 0.026039004 
222 259 13 16 0.02529457 
666 249 48 62 0.025040604 
983 118 11 13 0.024933994 
787 127 18 24 0.024831118 
644 255 42 55 0.024818366 
12 394 24 28 0.024713913 
524 281 15 19 0.024334336 
192 269 17 22 0.024263004 
718 221 11 14 0.024189897 
823 130 47 56 0.024003837 
891 207 38 52 0.0239306 
280 246 24 34 0.023910565 
550 126 26 32 0.023704067 
49 592 20 19 0.023663122 
30 261 19 27 0.023610232 
95 248 15 20 0.02343008 
981 357 43 75 0.023424765 
2 607 33 35 0.023221442 
850 133 26 34 0.023203664 
240 240 11 13 0.023051929 
256 546 14 19 0.022923214 
333 293 36 40 0.02288941 
826 138 14 18 0.022598583 
190 300 25 31 0.022564514 
101 331 14 21 0.02241823 
933 206 9 12 0.022181952 
290 295 34 35 0.022104703 
704 220 11 14 0.021827983 
895 131 11 12 0.021812176 
733 143 14 16 0.021797322 
801 125 43 56 0.021628376 
796 124 24 33 0.02156142 
998 219 11 16 0.02155996 
757 234 28 46 0.021512643 
660 262 70 93 0.021286126 
929 131 11 13 0.021280717 
779 206 13 17 0.02124654 
874 234 27 37 0.02110062 
727 153 11 13 0.02109666 
958 183 13 20 0.021096451 
84 335 22 28 0.021017158 
1010 201 13 17 0.020948244 
931 211 11 14 0.020753562 
708 219 14 17 0.020641727 
767 226 45 60 0.020623045 
719 122 11 16 0.020550912 
835 134 24 30 0.020242989 
925 226 12 16 0.020200428 
113 204 14 17 0.020105684 
700 253 34 43 0.02008497 
