12_Group_Large_Group_12_Group_Large_Group_12_213
151
583 283 15 17 0.94278544 
669 278 13 17 0.94164956 
351 358 32 33 0.93700045 
470 297 17 22 0.9255712 
245 301 18 24 0.8985591 
850 266 17 22 0.8796656 
276 314 24 26 0.8620718 
404 291 13 15 0.80996317 
836 351 29 30 0.8040966 
292 285 14 17 0.803925 
580 316 18 23 0.7162851 
697 311 16 19 0.66139024 
167 414 33 32 0.64323026 
490 354 18 23 0.560298 
0 383 21 39 0.48029062 
764 304 14 18 0.37298158 
884 281 14 17 0.36600044 
721 378 26 28 0.35988563 
427 316 13 17 0.3329613 
550 306 9 12 0.32643598 
415 303 11 14 0.31886837 
730 301 24 29 0.26205063 
739 275 12 14 0.21119268 
518 339 13 18 0.21114844 
231 329 15 18 0.17318521 
548 327 15 19 0.14631635 
411 293 12 14 0.12558924 
592 398 13 17 0.12438486 
545 307 9 12 0.117218874 
450 290 13 16 0.107939474 
180 401 25 32 0.10782397 
656 296 20 27 0.10428243 
298 349 16 17 0.09711628 
581 309 15 18 0.0754196 
466 347 13 18 0.06928029 
671 274 10 12 0.06650365 
940 321 15 18 0.06577975 
735 291 24 29 0.065717936 
509 336 16 21 0.0628376 
503 333 14 18 0.059151154 
482 298 13 18 0.058444712 
739 282 16 17 0.05075348 
420 307 13 16 0.050282747 
435 349 13 16 0.05020063 
255 425 15 17 0.048010603 
378 349 20 27 0.04764103 
494 339 12 16 0.047549527 
238 305 17 20 0.04494859 
669 368 12 17 0.044376273 
578 284 12 16 0.043618042 
271 356 14 15 0.043393087 
840 336 31 36 0.043147422 
434 314 13 16 0.042319793 
402 412 18 20 0.039520767 
532 362 15 18 0.038937677 
408 307 9 13 0.038323175 
710 372 10 15 0.038120046 
525 363 14 17 0.03803949 
548 315 16 20 0.03694568 
707 374 26 35 0.03676598 
598 277 9 12 0.036350783 
227 328 26 27 0.03618583 
75 514 12 16 0.035991218 
592 394 10 12 0.035708763 
748 376 25 31 0.035641756 
271 320 18 20 0.034631174 
542 270 8 11 0.033649847 
996 355 27 35 0.033561967 
445 363 17 22 0.033483185 
452 334 10 13 0.033390608 
946 315 17 20 0.03332367 
664 305 16 20 0.032683063 
543 321 15 20 0.032664537 
855 261 19 23 0.03252132 
537 308 10 12 0.032427233 
735 379 18 22 0.032312572 
893 290 11 17 0.032235205 
847 321 31 36 0.03192838 
306 347 13 17 0.030686649 
26 468 77 114 0.030592674 
478 347 26 30 0.030475942 
749 355 14 18 0.030294903 
663 367 13 20 0.03016371 
870 284 27 33 0.03015005 
386 347 14 21 0.0295252 
397 308 13 17 0.02911824 
447 338 11 15 0.028623251 
653 292 15 20 0.028533325 
644 285 12 16 0.028344186 
983 334 38 59 0.028306678 
771 302 12 16 0.028061192 
525 317 10 14 0.027977107 
640 289 12 16 0.027910575 
523 342 14 20 0.027905788 
748 285 12 17 0.027845249 
684 389 16 20 0.027843144 
613 307 9 12 0.027642207 
497 275 10 14 0.027485069 
464 343 13 14 0.027434349 
427 417 44 52 0.0271598 
289 321 13 17 0.026914364 
954 315 15 17 0.026839845 
444 428 12 15 0.026750438 
647 279 9 13 0.026261441 
284 345 24 28 0.025638819 
725 299 17 23 0.025476286 
654 284 12 16 0.02534753 
297 358 17 19 0.02456014 
589 406 14 18 0.024388079 
854 311 27 30 0.02427027 
423 416 13 17 0.023945369 
389 340 10 14 0.023854187 
856 298 26 29 0.02384243 
699 303 15 19 0.02379605 
648 297 12 15 0.023561593 
940 308 15 19 0.023494557 
400 297 12 15 0.023396777 
367 365 17 23 0.02328679 
733 291 16 20 0.023141224 
536 301 10 14 0.023127185 
338 306 14 18 0.022898026 
533 293 11 15 0.022804953 
671 262 9 12 0.022387646 
273 362 15 18 0.022373995 
519 318 10 13 0.022168057 
403 329 15 19 0.022160605 
648 343 19 28 0.022103636 
452 340 11 13 0.022085723 
554 309 11 14 0.021999294 
503 385 14 20 0.021862708 
450 344 22 26 0.021852354 
544 304 19 25 0.021849986 
754 305 22 27 0.021575613 
270 287 9 11 0.021481263 
405 314 13 17 0.021409411 
534 322 11 16 0.021373993 
414 315 13 18 0.021296404 
480 269 9 10 0.021177389 
368 333 12 13 0.021034932 
384 330 12 16 0.02100418 
525 322 12 17 0.020921603 
158 417 49 55 0.02084164 
947 326 15 21 0.020803997 
54 438 29 34 0.020766059 
675 271 12 13 0.020442996 
859 274 27 33 0.020350164 
765 296 12 16 0.020312242 
543 284 10 13 0.020267079 
270 294 11 13 0.020261383 
509 325 13 16 0.020061964 
594 283 11 15 0.02000755 
