12_Group_Group_12_Group_Group_12_794
28
556 38 60 64 0.7998721 
367 154 42 54 0.671419 
451 169 33 45 0.41522577 
471 148 25 41 0.23495652 
387 159 30 47 0.19394317 
653 132 30 38 0.14337976 
503 74 40 47 0.090629436 
506 119 119 185 0.05921599 
658 128 47 49 0.057708528 
525 47 60 70 0.049153935 
394 96 31 34 0.048130833 
1 291 10 20 0.045236267 
689 68 30 28 0.03879701 
277 59 432 407 0.034512784 
578 65 56 70 0.033604212 
497 48 63 70 0.03299254 
432 158 38 58 0.031256903 
580 48 48 45 0.029406147 
452 137 45 61 0.028259803 
393 176 19 28 0.02722885 
-53 346 365 435 0.026738467 
0 284 18 37 0.026195189 
399 154 38 57 0.026029922 
515 96 177 285 0.025660021 
498 450 14 16 0.025158415 
400 510 123 148 0.023350004 
478 139 30 42 0.023040991 
597 88 38 42 0.020155061 
