12_Group_Group_12_Group_Group_12_735
37
535 251 98 128 0.9996655 
212 299 93 112 0.9989017 
818 364 91 142 0.96811086 
765 227 39 52 0.9661932 
873 255 27 37 0.38739553 
912 240 40 53 0.1434742 
974 271 11 14 0.13261229 
163 229 82 115 0.113835484 
773 377 102 133 0.08993238 
907 227 28 38 0.075405985 
398 294 44 56 0.06278514 
181 241 97 144 0.04593715 
422 270 10 11 0.042955946 
966 266 23 29 0.04262161 
809 362 171 214 0.042610023 
720 381 93 117 0.04195872 
839 187 9 11 0.040279027 
927 239 24 35 0.038628466 
931 248 27 39 0.038171954 
888 236 42 54 0.034475747 
1014 63 10 19 0.033647817 
1005 367 11 16 0.0311799 
420 414 110 118 0.0294142 
738 388 57 76 0.028499968 
584 177 13 15 0.02625751 
948 258 29 35 0.025223197 
950 336 56 78 0.025063967 
474 445 104 110 0.024663357 
915 229 17 22 0.024338953 
689 529 18 20 0.024181617 
597 86 9 12 0.021925656 
693 371 16 18 0.02136478 
1011 324 12 21 0.020835122 
775 262 25 33 0.020345006 
870 231 40 54 0.020166527 
437 384 18 20 0.020164445 
830 188 9 11 0.020159112 
