12_Group_Team_Organized_Group_12_Group_Team_Organized_Group_12_101
49
911 509 20 27 0.45852342 
149 377 58 71 0.16573377 
153 958 63 74 0.10878632 
794 525 17 22 0.09667382 
528 507 12 16 0.09606386 
581 502 15 18 0.07627736 
850 510 23 29 0.0709028 
533 549 11 14 0.066251785 
840 513 22 30 0.060330477 
350 1305 16 20 0.058149558 
499 459 14 17 0.04599367 
604 546 13 16 0.044055827 
60 252 14 19 0.042550206 
684 576 15 19 0.039040457 
604 335 14 20 0.038971018 
527 515 13 16 0.0387358 
1000 358 10 13 0.036916696 
740 512 23 29 0.036345687 
698 482 23 28 0.035756033 
691 508 24 31 0.03337397 
484 459 11 15 0.031804297 
631 259 13 17 0.031440534 
919 479 13 16 0.03094015 
779 524 11 15 0.030400151 
251 322 27 33 0.029318804 
709 442 15 17 0.029103769 
256 1162 47 45 0.028094728 
637 483 22 27 0.027265536 
479 453 13 14 0.02687583 
587 315 17 22 0.026684782 
716 441 15 17 0.025952306 
845 473 12 15 0.025650159 
1008 326 10 13 0.02496317 
258 388 61 78 0.024205131 
576 505 13 18 0.024030227 
583 496 13 15 0.023985244 
585 505 26 33 0.02285407 
599 514 24 33 0.022717444 
528 568 11 12 0.02260467 
335 131 16 20 0.02212901 
565 501 10 13 0.021663815 
407 1334 27 31 0.020946054 
815 538 11 14 0.020717245 
165 951 43 51 0.020456865 
733 443 14 15 0.020424614 
835 521 15 21 0.020414293 
328 581 11 14 0.020389125 
920 478 23 27 0.02017061 
674 541 10 13 0.020021383 
