12_Group_Large_Group_12_Group_Large_Group_12_43
46
704 268 32 41 0.99976045 
777 292 33 38 0.9996117 
451 223 27 36 0.9996113 
816 251 29 34 0.99955815 
743 252 29 36 0.9993765 
224 231 39 49 0.999273 
545 247 27 35 0.99926156 
473 267 33 43 0.99921536 
646 271 35 46 0.9991517 
383 280 34 41 0.99896586 
186 209 34 43 0.99885595 
683 215 25 31 0.9984793 
565 271 37 46 0.9984536 
100 237 42 49 0.99815863 
341 217 29 35 0.9979892 
897 282 38 42 0.9969104 
616 233 29 37 0.9965238 
487 207 21 26 0.98839533 
545 208 21 25 0.97065 
403 204 21 26 0.92909485 
642 219 17 24 0.62482166 
332 197 13 17 0.32674974 
518 464 16 21 0.23430265 
299 194 15 18 0.16084036 
626 225 27 34 0.13538125 
309 209 22 25 0.06611547 
317 191 11 14 0.053900883 
896 643 22 30 0.05162731 
552 256 28 34 0.04849848 
325 211 13 18 0.03142369 
305 196 23 28 0.031100962 
512 466 14 19 0.028426195 
334 199 19 25 0.028328378 
671 256 30 36 0.027123481 
729 253 34 44 0.027123354 
44 90 35 45 0.026920637 
476 200 24 29 0.026765829 
327 190 11 15 0.025708424 
409 198 17 23 0.024480129 
348 197 13 15 0.02245354 
642 201 14 16 0.022376733 
294 199 15 19 0.021931745 
309 189 14 18 0.021720145 
340 191 11 12 0.021239838 
837 234 14 17 0.02122852 
310 501 16 19 0.0211966 
