12_Group_Group_12_Group_Group_12_379
51
791 105 28 35 0.999798 
869 170 31 40 0.99978656 
523 112 28 38 0.9997534 
284 112 30 36 0.9997143 
732 219 34 42 0.9996604 
613 112 28 35 0.99963117 
242 235 32 39 0.9996269 
156 243 31 40 0.9996131 
331 243 33 41 0.99961 
295 167 29 37 0.9996082 
80 233 33 39 0.9994978 
663 124 29 35 0.9994789 
382 116 29 35 0.9994553 
536 234 32 40 0.9993886 
481 119 32 42 0.9993716 
156 188 30 34 0.9993063 
727 132 28 34 0.999278 
845 115 30 38 0.99925965 
800 243 31 38 0.99925524 
430 154 35 42 0.9992405 
580 136 28 34 0.9992367 
533 166 31 37 0.9992323 
360 155 28 36 0.9991666 
895 228 31 42 0.9991565 
764 155 27 36 0.9991534 
630 231 34 41 0.99911124 
425 246 34 44 0.9990891 
188 100 34 44 0.99876803 
637 179 27 34 0.99770904 
227 175 27 33 0.99633324 
416 98 30 35 0.99533194 
666 244 24 33 0.42470083 
688 108 25 30 0.09537982 
330 397 31 26 0.08720635 
763 113 27 30 0.06410614 
734 515 16 20 0.06391492 
675 118 26 34 0.060678426 
773 106 26 34 0.05210318 
642 112 23 30 0.05004109 
612 234 29 37 0.048187666 
279 418 12 15 0.04619646 
506 111 34 45 0.035225935 
1009 283 13 20 0.033958167 
669 237 15 20 0.0317948 
1002 431 22 36 0.029560307 
766 184 25 28 0.029212646 
703 110 26 30 0.02656096 
675 516 18 21 0.02532951 
626 111 27 33 0.024540788 
251 589 27 26 0.021998722 
679 249 23 33 0.020883372 
