12_Group_Large_Group_12_Group_Large_Group_12_286
138
89 157 44 64 0.9986066 
799 226 69 99 0.9964462 
491 242 29 36 0.9940936 
283 154 42 59 0.99330103 
412 259 52 80 0.9801911 
-1 192 31 42 0.9801886 
1002 265 20 25 0.9283621 
919 262 12 17 0.90832967 
969 256 17 21 0.709251 
264 222 35 57 0.63059145 
484 218 18 22 0.5347523 
400 213 25 28 0.49330795 
596 246 21 30 0.47711122 
726 249 14 20 0.37921283 
643 218 13 16 0.16829193 
355 158 13 17 0.1656831 
836 652 12 14 0.16407469 
410 215 14 18 0.16220382 
142 201 32 35 0.15016736 
475 213 16 20 0.13492915 
147 192 12 14 0.13374707 
163 211 14 18 0.13359252 
590 119 8 11 0.12255416 
910 211 9 12 0.118748195 
958 207 10 13 0.10792734 
567 260 10 13 0.1073882 
573 256 12 15 0.09656091 
976 226 11 13 0.09520931 
139 193 22 28 0.08370335 
976 212 10 12 0.083057754 
486 231 26 34 0.07091518 
430 251 30 50 0.068876445 
889 209 12 16 0.068612345 
1001 189 9 11 0.06842527 
501 204 10 13 0.064677745 
994 221 10 13 0.06388117 
621 119 11 13 0.062029105 
902 258 12 19 0.059345037 
967 213 9 11 0.05899123 
953 229 9 12 0.05841162 
606 119 10 12 0.058308184 
264 165 30 38 0.056103025 
974 269 14 19 0.05568352 
477 221 18 21 0.051966317 
541 139 10 13 0.05144222 
412 157 11 14 0.050556794 
452 207 14 16 0.049944066 
610 271 26 35 0.04987645 
233 222 44 60 0.04938091 
592 135 8 12 0.048795324 
623 136 8 10 0.04662803 
1004 183 9 12 0.046247922 
440 224 9 12 0.04536555 
213 217 42 56 0.04530143 
495 205 11 14 0.044873383 
969 220 11 15 0.043491986 
566 143 7 10 0.04342396 
523 206 10 12 0.04297759 
641 262 43 55 0.042869184 
802 195 14 18 0.041518006 
609 112 8 10 0.039817367 
645 132 9 11 0.038324084 
965 208 9 12 0.037829 
912 260 12 18 0.0374933 
368 31 27 29 0.03690582 
600 253 23 35 0.036497705 
809 654 10 13 0.03488166 
989 253 10 13 0.034875527 
645 120 8 10 0.034375682 
973 190 8 11 0.03414149 
991 248 11 14 0.033612482 
519 217 15 19 0.033524625 
522 211 13 17 0.033080783 
397 209 41 49 0.03295341 
730 247 40 55 0.03277937 
998 208 10 11 0.032762144 
614 117 13 15 0.032742456 
906 207 9 12 0.032595832 
644 126 10 13 0.032545965 
569 126 8 10 0.032427233 
322 193 15 19 0.03204654 
993 215 9 11 0.031883694 
997 213 11 13 0.0314177 
445 226 10 13 0.030690478 
995 226 12 14 0.030298809 
518 104 9 11 0.030104876 
592 248 16 23 0.030078305 
952 268 10 13 0.029843273 
614 274 15 20 0.029607637 
956 220 12 15 0.029430976 
441 259 30 51 0.029132416 
957 184 9 11 0.02904341 
476 287 33 46 0.028699221 
968 247 11 15 0.028588666 
953 184 8 11 0.028225262 
618 268 18 23 0.02813633 
711 247 9 12 0.02810477 
542 103 8 10 0.027855022 
514 87 7 9 0.027368054 
616 135 10 12 0.027367348 
434 242 25 34 0.026565818 
672 100 10 12 0.025705455 
599 119 10 13 0.025551919 
156 206 17 21 0.025482971 
934 269 10 14 0.02547002 
598 135 10 14 0.025173815 
529 127 7 10 0.025102248 
979 255 14 17 0.025038864 
974 234 12 13 0.024015188 
797 680 14 18 0.023964567 
656 110 9 10 0.023626482 
916 206 8 11 0.023625888 
678 112 12 14 0.023530731 
267 169 18 23 0.023423687 
727 245 29 35 0.022609787 
992 208 9 11 0.02223708 
637 216 23 26 0.022183824 
623 269 32 35 0.022183599 
398 214 17 19 0.022179047 
198 213 13 16 0.022143733 
494 85 8 11 0.022139417 
417 216 14 20 0.022120215 
490 212 20 25 0.02207621 
459 267 46 61 0.022064947 
198 219 24 32 0.022037722 
396 221 20 23 0.021714943 
469 151 12 15 0.021686036 
407 733 47 33 0.021649959 
538 103 8 10 0.021607298 
573 126 7 9 0.021419628 
630 134 8 12 0.021379616 
780 232 51 77 0.021134675 
613 112 10 11 0.021069817 
454 223 10 12 0.020953527 
190 197 12 15 0.020783782 
972 222 19 23 0.020343488 
476 242 39 54 0.020088876 
974 184 8 10 0.020080972 
