12_Group_Team_Organized_Group_12_Group_Team_Organized_Group_12_504
33
692 136 100 121 0.9991629 
429 91 107 135 0.9978527 
157 211 94 107 0.9947666 
632 146 54 69 0.273938 
403 171 364 447 0.2320778 
328 106 99 129 0.14748429 
203 92 183 233 0.14448263 
386 98 98 127 0.14030282 
57 23 27 33 0.08438474 
557 41 48 52 0.06661828 
20 297 37 42 0.06253757 
524 220 191 303 0.057378065 
497 47 56 65 0.04368185 
209 190 107 120 0.042335425 
651 125 96 113 0.041725945 
475 64 65 75 0.041122917 
362 129 59 83 0.039270535 
91 22 369 405 0.037488475 
780 111 22 30 0.03527006 
635 159 33 40 0.030070296 
527 41 50 57 0.029428361 
804 116 15 17 0.02832492 
839 433 53 63 0.026429495 
154 228 18 21 0.026342142 
799 116 26 30 0.026232306 
66 31 16 21 0.025607614 
27 292 51 58 0.024965603 
786 116 12 18 0.024733244 
388 449 13 16 0.024393648 
820 508 12 15 0.024061803 
643 108 56 75 0.021008974 
58 649 30 31 0.02068875 
478 62 42 44 0.02063436 
