12_Group_Team_Organized_Group_12_Group_Team_Organized_Group_12_458
42
545 203 28 37 0.9994962 
456 212 32 40 0.9993155 
278 226 36 43 0.99927443 
912 208 36 42 0.99923015 
407 208 29 35 0.9990528 
573 265 33 40 0.9990038 
696 349 36 45 0.99896955 
800 216 37 44 0.99893385 
370 228 29 36 0.99876606 
628 212 29 35 0.9986333 
731 213 35 38 0.9978295 
669 221 29 34 0.9968924 
252 361 45 55 0.9968279 
308 204 27 34 0.9967713 
135 216 39 53 0.9942272 
474 182 28 32 0.9905924 
192 497 103 112 0.1891349 
463 496 128 144 0.117872514 
987 378 27 38 0.101857536 
712 223 30 37 0.083955325 
982 311 39 64 0.057119634 
929 452 13 17 0.054213885 
721 541 33 47 0.052165892 
85 320 27 36 0.043376513 
481 544 75 86 0.039947864 
486 186 19 23 0.037456192 
730 274 39 50 0.034629915 
392 454 12 18 0.027796607 
942 280 35 36 0.026879888 
860 431 28 32 0.025680423 
717 231 16 20 0.024518412 
460 196 32 41 0.024449296 
709 421 35 39 0.024066757 
679 234 29 36 0.023421345 
490 591 63 66 0.022483192 
335 426 23 30 0.021992128 
736 299 27 32 0.021551503 
702 240 27 32 0.021398034 
171 276 16 18 0.02107453 
494 576 37 45 0.02100353 
319 208 26 33 0.020906208 
149 473 179 184 0.020612339 
