12_Group_Large_Group_12_Group_Large_Group_12_315
251
754 267 31 39 0.99928916 
496 380 29 36 0.99866915 
808 385 37 48 0.9986148 
794 258 27 35 0.99834836 
181 408 24 32 0.9980399 
683 275 25 31 0.99776757 
578 406 34 43 0.997736 
693 411 34 40 0.99760973 
646 305 31 37 0.99754333 
898 352 15 20 0.995765 
257 410 22 29 0.9936552 
600 302 26 32 0.99335337 
368 360 24 29 0.9931706 
116 425 26 32 0.99102235 
535 331 22 29 0.99097013 
396 257 14 18 0.98760194 
435 226 13 16 0.98756105 
354 280 15 19 0.9867555 
498 272 17 19 0.98460776 
478 330 23 28 0.98455215 
948 449 23 27 0.98362017 
926 410 21 25 0.98319054 
228 334 20 26 0.9828167 
386 290 15 18 0.98198193 
157 341 20 26 0.9817123 
322 352 17 20 0.98084176 
453 282 15 18 0.97975975 
334 380 21 27 0.97973835 
193 316 18 22 0.9747467 
404 295 18 22 0.97269225 
311 279 17 21 0.9692656 
504 315 20 26 0.9661144 
455 214 13 16 0.9651303 
119 347 21 25 0.96510935 
447 329 20 25 0.9621835 
369 319 19 25 0.9613984 
186 341 21 26 0.9599134 
480 220 13 16 0.95988524 
287 315 17 21 0.95733577 
476 263 15 18 0.9573305 
488 304 18 21 0.9568096 
293 359 20 25 0.95574576 
382 269 14 18 0.9547289 
414 266 14 18 0.95400167 
881 393 19 24 0.9484188 
553 236 15 19 0.94418204 
389 313 16 22 0.9346703 
861 410 21 26 0.93032235 
431 315 16 19 0.9213992 
536 254 15 19 0.90992457 
264 336 20 26 0.8984337 
455 233 13 16 0.8914043 
953 384 17 22 0.88834596 
420 241 13 16 0.8879728 
209 339 17 23 0.8816507 
445 260 12 16 0.8664034 
883 419 19 24 0.8508279 
518 209 12 15 0.8472361 
495 242 13 17 0.8383314 
347 308 17 21 0.836067 
499 214 10 13 0.7884879 
429 348 20 24 0.7854227 
580 220 11 15 0.78512555 
527 234 11 14 0.78488356 
534 211 11 14 0.7788052 
507 230 11 14 0.7667589 
569 237 14 18 0.733899 
555 213 12 14 0.5961601 
608 203 10 12 0.5876779 
475 241 13 16 0.58075047 
567 200 9 12 0.5689411 
668 167 9 12 0.51738346 
319 323 18 21 0.503962 
594 215 11 13 0.4892158 
704 144 10 12 0.48288584 
658 184 11 13 0.45175907 
135 328 16 20 0.44235492 
612 218 12 15 0.38439837 
751 132 8 10 0.36674052 
680 149 9 11 0.36146578 
797 137 9 11 0.35334957 
613 166 9 11 0.33462644 
665 145 9 11 0.33345607 
517 598 28 34 0.32733482 
872 413 19 27 0.3243857 
541 289 23 26 0.30691692 
812 130 10 13 0.30628762 
595 190 10 12 0.30382288 
342 345 17 22 0.2686223 
724 136 8 11 0.23718171 
592 219 11 14 0.21382861 
610 183 9 11 0.18703738 
270 371 15 21 0.17848746 
679 162 11 13 0.1767568 
377 315 19 25 0.17511824 
423 293 13 18 0.16508988 
656 160 8 11 0.15969771 
517 245 12 15 0.15443107 
570 282 15 18 0.15370293 
459 253 12 14 0.1450331 
908 394 17 20 0.14432324 
696 142 10 12 0.14391868 
292 418 19 22 0.14165208 
572 199 11 13 0.14007081 
591 208 9 11 0.13652563 
976 434 16 20 0.1336895 
611 252 15 20 0.12794174 
724 139 10 14 0.118977174 
514 251 14 17 0.11165665 
692 167 10 13 0.101927534 
179 501 17 22 0.09957936 
252 337 19 25 0.096836336 
793 152 8 11 0.09537106 
500 219 11 14 0.0930206 
500 236 13 15 0.08939382 
832 78 10 13 0.088627376 
573 229 13 17 0.08850313 
668 148 10 12 0.088376656 
530 230 13 16 0.08832557 
126 335 20 24 0.08781794 
217 337 20 27 0.07964215 
512 258 13 16 0.07813301 
199 472 107 137 0.07432165 
707 146 10 13 0.07316059 
458 242 13 16 0.072224654 
584 206 9 11 0.07149913 
611 213 10 14 0.06900513 
476 251 13 17 0.068403214 
835 91 12 16 0.0668988 
551 268 13 15 0.06627638 
687 165 10 13 0.06445789 
611 198 11 14 0.061715726 
665 170 11 14 0.061701998 
467 307 15 19 0.060907792 
733 112 11 14 0.060703985 
683 148 12 14 0.060596917 
839 140 10 12 0.059278354 
497 248 15 18 0.05886939 
402 260 13 17 0.0586555 
693 193 12 15 0.058391545 
608 228 11 14 0.05771202 
243 337 15 21 0.056836497 
826 124 9 12 0.055672936 
727 146 11 15 0.055175446 
170 325 17 21 0.054330595 
557 207 10 13 0.053613428 
526 211 11 15 0.052192472 
777 159 10 11 0.051285632 
484 237 12 15 0.051238958 
521 237 11 13 0.049574662 
462 260 11 14 0.04845782 
486 243 12 16 0.048384964 
565 615 16 20 0.047497645 
525 239 13 17 0.046752617 
534 248 11 14 0.04629406 
482 260 14 19 0.045527432 
704 166 10 12 0.044224005 
830 123 11 14 0.043536153 
844 134 10 13 0.043393888 
593 185 10 12 0.042880733 
833 115 15 19 0.04280627 
605 233 12 15 0.042589597 
912 383 17 22 0.040902343 
812 158 13 15 0.040829085 
539 208 11 13 0.040610906 
330 347 16 21 0.039495435 
830 142 10 11 0.03866696 
605 199 19 22 0.03740893 
561 307 16 20 0.037330415 
548 382 25 32 0.036927108 
838 61 10 11 0.03673616 
656 175 9 12 0.036313754 
515 212 10 13 0.035807926 
393 290 17 22 0.03519804 
795 140 9 12 0.035014078 
506 269 15 19 0.034965247 
120 321 23 25 0.034717683 
611 223 14 18 0.034470603 
454 251 12 16 0.034229796 
825 143 9 11 0.034099445 
116 326 16 19 0.03365197 
896 391 19 24 0.033274893 
139 330 22 27 0.033169225 
662 223 9 11 0.033093713 
494 257 13 17 0.0329982 
249 333 14 17 0.032751076 
553 618 16 21 0.032639198 
581 200 9 12 0.03249635 
541 248 11 15 0.032477982 
813 139 11 13 0.032375075 
496 209 10 14 0.032350264 
597 208 10 11 0.032264955 
213 489 16 21 0.0321755 
607 173 10 12 0.031708095 
492 316 22 27 0.031227743 
807 140 10 13 0.030924562 
774 137 8 10 0.030893294 
610 161 9 11 0.030850448 
592 195 10 12 0.030764356 
546 301 17 21 0.030579718 
496 306 18 21 0.029948983 
596 229 12 16 0.029770974 
365 346 15 19 0.029595455 
601 176 9 11 0.02947698 
534 271 13 17 0.029187275 
732 165 10 13 0.029023077 
563 217 13 16 0.02884778 
261 346 18 23 0.02873123 
548 275 16 17 0.028550025 
905 408 17 21 0.028330257 
427 242 13 16 0.0280342 
538 217 13 16 0.027914481 
496 227 10 14 0.027585259 
564 195 18 21 0.027268521 
78 317 12 16 0.027185772 
188 323 21 27 0.026835665 
549 259 14 17 0.026709199 
670 159 11 14 0.02670293 
438 325 19 25 0.02660968 
661 159 10 12 0.026398238 
672 158 20 24 0.026320633 
84 315 14 18 0.025795238 
450 265 13 16 0.0256378 
743 143 10 13 0.025269758 
833 82 14 20 0.025222935 
833 112 9 11 0.024935221 
392 304 21 25 0.024134459 
268 382 17 21 0.02387493 
695 158 11 14 0.023852453 
437 244 11 14 0.023797126 
795 148 12 15 0.022900023 
376 272 14 18 0.022874393 
676 145 20 25 0.022766018 
74 349 13 16 0.022755435 
682 156 12 17 0.022652183 
579 240 14 18 0.022600528 
454 316 14 17 0.022447836 
607 246 13 17 0.022420527 
597 195 11 13 0.02207732 
414 27 212 237 0.02190882 
710 238 13 16 0.021887248 
839 148 11 14 0.021421688 
460 313 16 19 0.021163208 
566 286 15 21 0.02077832 
829 148 10 13 0.020752294 
208 495 23 28 0.020720392 
440 265 13 17 0.020392824 
732 149 10 13 0.020315386 
830 132 11 14 0.02031289 
448 286 15 19 0.020167511 
444 229 11 15 0.020088349 
