12_Group_Group_12_Group_Group_12_268
56
368 208 34 42 0.9991242 
626 218 35 46 0.9990087 
459 326 35 46 0.9988943 
150 262 32 40 0.99880683 
245 348 36 47 0.9986852 
809 224 28 37 0.99865985 
218 209 35 41 0.9986375 
485 190 34 46 0.99852496 
757 211 32 42 0.99842536 
585 364 37 46 0.9984127 
707 384 38 45 0.99834204 
444 215 36 45 0.9975852 
702 191 31 41 0.9973659 
853 230 34 41 0.99718165 
570 222 34 46 0.99710304 
306 243 29 37 0.996944 
894 209 36 46 0.9955361 
104 244 36 45 0.9954242 
912 319 38 47 0.99527526 
810 393 40 48 0.9947961 
342 356 42 51 0.9848616 
157 348 38 49 0.9828471 
724 261 39 45 0.982209 
240 92 24 28 0.92921096 
602 199 31 39 0.7365744 
426 165 27 31 0.6405726 
155 219 16 21 0.14515702 
768 429 23 31 0.11365845 
228 295 17 20 0.09802996 
280 323 30 36 0.07064952 
562 394 17 22 0.060223017 
149 225 25 30 0.059530273 
861 367 17 21 0.05380138 
467 198 38 51 0.041879922 
658 145 7 9 0.041565415 
586 220 30 40 0.038075075 
685 152 8 10 0.03739459 
599 152 8 10 0.03161897 
655 151 8 10 0.030976474 
631 151 9 11 0.029111845 
281 343 31 36 0.02815496 
245 78 27 33 0.027341165 
901 227 27 39 0.026945652 
634 183 23 27 0.026641153 
546 150 8 12 0.026156422 
851 382 22 30 0.023851698 
641 66 11 14 0.023464143 
301 401 15 19 0.023350324 
649 158 8 10 0.022705236 
857 374 20 28 0.022236181 
572 197 13 16 0.021735905 
312 393 28 34 0.021338178 
608 226 23 33 0.021076474 
856 398 22 36 0.020769108 
531 263 27 32 0.020681974 
580 183 27 31 0.020229857 
