12_Group_Large_Group_12_Group_Large_Group_12_662
99
807 298 43 45 0.97089124 
393 213 26 28 0.57787657 
229 232 16 20 0.48597145 
441 273 21 25 0.43543768 
565 297 13 17 0.17386454 
241 232 14 19 0.16626658 
322 229 14 18 0.16389272 
324 182 11 13 0.15851262 
370 250 27 35 0.13270403 
54 229 25 32 0.1261023 
24 211 21 30 0.124473184 
788 297 33 43 0.1223446 
358 242 22 31 0.1199506 
222 236 22 26 0.110990584 
390 223 37 45 0.10922337 
43 232 27 31 0.09675357 
328 267 11 17 0.09189139 
382 251 32 35 0.089337476 
558 299 16 18 0.0832636 
1009 207 14 21 0.077340975 
629 300 10 11 0.076781884 
358 246 14 18 0.07145203 
463 433 34 34 0.06981115 
431 269 22 33 0.05231675 
405 240 29 39 0.04868568 
516 330 52 63 0.042983048 
62 227 13 19 0.04234543 
514 356 14 15 0.041392077 
26 466 10 13 0.041352253 
344 286 10 13 0.04015043 
61 237 23 33 0.038621172 
978 534 15 20 0.036989696 
444 431 66 56 0.036945358 
321 185 12 15 0.036145125 
39 411 11 13 0.034956153 
494 230 11 15 0.03403449 
322 221 15 18 0.03361027 
332 262 12 17 0.033095777 
327 286 11 13 0.032800052 
483 308 10 14 0.0323016 
342 276 12 14 0.031059599 
348 330 17 20 0.030711394 
408 224 19 24 0.030680137 
267 224 16 20 0.030613678 
529 286 11 15 0.030524405 
400 412 67 49 0.030424764 
413 274 23 34 0.030292347 
345 266 22 25 0.030205816 
342 206 12 15 0.030172762 
76 246 12 16 0.029068207 
996 204 24 33 0.028917454 
389 221 18 21 0.028651986 
365 263 22 31 0.02811725 
461 99 435 453 0.027994527 
326 248 11 16 0.027800687 
548 297 25 28 0.027681805 
68 233 13 19 0.027658796 
223 230 16 19 0.027653355 
84 252 11 15 0.027342223 
493 362 10 14 0.027307313 
331 229 14 19 0.027243672 
234 235 16 22 0.027118802 
555 331 32 39 0.026943041 
489 359 11 14 0.026526479 
345 292 10 13 0.026385276 
394 229 21 22 0.026325667 
257 249 17 20 0.02596445 
46 236 16 19 0.025957769 
573 376 12 15 0.025734184 
69 241 13 20 0.025611702 
52 228 17 20 0.02488116 
499 353 11 16 0.024558336 
757 372 54 72 0.024467696 
207 237 11 15 0.02421151 
425 278 23 33 0.024109019 
403 204 16 20 0.02361097 
15 519 22 33 0.02350757 
341 229 13 16 0.023485765 
22 486 13 16 0.023127671 
80 216 10 11 0.023069117 
347 248 26 31 0.022809772 
86 220 8 11 0.02268724 
37 211 28 32 0.022470763 
480 305 9 12 0.022194792 
963 388 48 53 0.02206999 
258 229 24 29 0.02201058 
30 204 25 33 0.021615867 
321 273 11 15 0.02134969 
264 205 9 10 0.021281406 
402 240 18 23 0.02120518 
420 250 24 35 0.02112178 
572 288 13 16 0.020985024 
935 419 26 28 0.020899616 
214 242 13 15 0.020665735 
1000 612 24 38 0.020514274 
337 261 22 27 0.020379912 
410 407 27 26 0.02035163 
70 249 15 20 0.020261547 
383 218 17 19 0.020173412 
