12_Group_Team_Organized_Group_12_Group_Team_Organized_Group_12_55
77
289 169 36 36 0.9984334 
184 134 36 37 0.9950801 
429 96 34 41 0.8661801 
228 133 26 34 0.3477085 
62 115 33 38 0.23113213 
83 84 26 33 0.20936945 
223 255 12 16 0.14180318 
66 97 39 46 0.14079505 
413 99 36 36 0.116657294 
518 172 10 13 0.10841093 
120 153 14 20 0.10003097 
438 81 29 42 0.09445767 
183 294 13 16 0.07147785 
203 124 41 51 0.068492725 
218 231 15 17 0.061298285 
52 123 30 33 0.060460012 
549 164 16 19 0.0577168 
125 186 16 21 0.055324975 
369 157 37 40 0.053457953 
457 190 16 19 0.053308 
227 148 18 24 0.05188843 
1012 429 12 22 0.05039963 
507 176 22 27 0.048827175 
528 157 12 17 0.046891462 
477 319 11 13 0.046119332 
97 85 19 23 0.04547009 
138 132 11 14 0.04494339 
201 179 30 33 0.042169586 
532 161 12 16 0.04064414 
240 141 18 24 0.037450794 
575 151 9 12 0.03624199 
123 147 15 19 0.035593096 
286 341 10 14 0.034366116 
443 175 35 35 0.033927992 
248 144 24 32 0.03305056 
269 270 9 14 0.032930933 
543 164 13 17 0.031446107 
121 296 17 24 0.031442992 
257 149 23 31 0.031018944 
80 112 30 36 0.030743716 
99 152 25 33 0.029229622 
273 312 10 12 0.028551824 
159 187 11 13 0.028390277 
127 178 27 30 0.02793628 
88 79 38 52 0.027651576 
220 238 21 25 0.027177105 
93 226 15 21 0.026772998 
420 144 48 47 0.026578313 
90 99 17 24 0.02657212 
75 121 18 23 0.026468584 
446 101 26 38 0.026161306 
459 315 12 14 0.02591782 
501 184 24 31 0.0258272 
252 344 12 17 0.025353959 
78 172 12 16 0.02511579 
217 249 21 26 0.024761977 
517 165 19 27 0.024710959 
217 258 13 16 0.024617542 
412 221 44 39 0.024128757 
420 164 33 36 0.023713868 
913 132 25 30 0.023520648 
199 149 34 36 0.023487154 
341 188 16 20 0.023211472 
82 127 15 21 0.022806298 
435 155 44 44 0.022797229 
539 160 24 29 0.022567414 
55 104 31 38 0.022068089 
529 157 21 26 0.021979619 
153 209 23 28 0.021888046 
256 311 9 12 0.021559808 
93 118 27 34 0.021300044 
131 126 15 19 0.021173827 
106 246 13 16 0.021078493 
124 130 17 21 0.020897316 
7 110 461 508 0.020826252 
512 173 12 14 0.02056421 
298 327 16 20 0.020046886 
