12_Group_Team_Organized_Group_12_Group_Team_Organized_Group_12_21
65
262 324 41 42 0.99937147 
562 303 24 27 0.99370074 
355 298 27 33 0.99095684 
470 275 20 25 0.8265847 
427 296 15 17 0.80508614 
519 320 20 23 0.75559837 
555 359 24 32 0.56614804 
481 376 15 20 0.5132191 
433 341 23 29 0.42475927 
383 289 14 21 0.3752835 
435 300 13 16 0.36300975 
449 408 26 27 0.17873974 
438 355 16 23 0.16216943 
421 313 15 16 0.13971418 
429 312 14 17 0.10405051 
508 369 18 21 0.096630886 
501 291 17 22 0.08610854 
390 301 406 511 0.08443217 
615 349 13 17 0.08088023 
462 330 16 21 0.06918925 
410 341 16 20 0.06409799 
510 324 15 19 0.05437604 
413 315 14 17 0.051543616 
514 400 16 21 0.05132939 
248 331 28 38 0.050747786 
492 371 14 19 0.050638545 
461 313 14 19 0.05062815 
503 405 13 16 0.049290847 
396 304 13 18 0.046925656 
462 334 24 32 0.041507892 
582 342 17 23 0.03993554 
372 286 23 30 0.038581736 
387 295 13 18 0.037497267 
506 354 24 30 0.03432532 
444 406 18 21 0.030665338 
564 350 26 35 0.029763814 
543 306 11 17 0.029137041 
511 377 21 30 0.029087812 
243 339 22 37 0.028979007 
470 377 15 19 0.028620835 
492 312 15 21 0.02788678 
625 372 13 16 0.0278572 
412 333 17 20 0.02712113 
470 297 15 19 0.02581135 
415 337 23 28 0.025606556 
465 323 18 22 0.024630884 
348 278 31 38 0.024513766 
456 332 12 18 0.023406576 
405 309 13 17 0.023220362 
549 307 13 19 0.022977551 
460 486 410 515 0.022348633 
455 398 26 31 0.022235544 
383 305 13 18 0.021742756 
562 399 29 33 0.02163807 
499 314 14 18 0.021549772 
501 322 16 22 0.021091674 
411 387 22 29 0.021070382 
377 298 22 29 0.02104367 
242 334 51 55 0.020929448 
462 411 18 20 0.020706708 
390 306 12 16 0.020603068 
510 312 21 26 0.020399867 
579 320 16 21 0.02036274 
410 320 23 27 0.020261561 
504 400 21 26 0.020183096 
