12_Group_Team_Organized_Group_12_Group_Team_Organized_Group_12_412
75
555 233 34 42 0.9990374 
760 180 34 40 0.9981109 
704 199 39 48 0.9967631 
780 58 33 38 0.9950252 
663 222 32 42 0.9949083 
603 333 36 49 0.99472636 
328 217 37 45 0.99408746 
577 401 46 58 0.99221635 
387 219 37 48 0.9921143 
494 226 38 48 0.99122626 
233 200 40 52 0.989233 
117 191 33 42 0.9824868 
967 134 36 49 0.9750165 
140 215 36 50 0.96807754 
5 210 41 39 0.9636537 
593 226 25 35 0.93317324 
891 222 39 50 0.9286341 
496 176 25 32 0.89485437 
911 207 30 37 0.8657333 
543 141 12 16 0.59258056 
208 206 17 21 0.53585273 
476 240 15 22 0.3067636 
818 236 27 33 0.3066834 
294 173 11 15 0.2814948 
573 149 12 16 0.24519795 
610 170 14 19 0.2208284 
635 234 24 30 0.17250206 
514 141 10 13 0.13369513 
287 242 29 41 0.11257797 
646 227 30 36 0.08716887 
871 2 33 38 0.083203934 
285 168 24 29 0.07509466 
598 262 25 31 0.07230648 
342 313 40 54 0.07101718 
705 255 24 29 0.06989172 
996 253 29 44 0.062329244 
854 255 13 19 0.055641435 
540 148 15 20 0.05529456 
520 491 40 57 0.052041695 
48 247 25 33 0.0507936 
577 318 31 37 0.045849655 
467 448 46 54 0.045109715 
512 137 9 12 0.044068146 
596 221 16 21 0.043502398 
866 260 22 28 0.042884413 
415 272 29 39 0.04012876 
780 119 28 35 0.037427835 
598 248 23 30 0.036577396 
504 187 20 25 0.034033272 
262 196 32 45 0.03349258 
919 0 28 36 0.0326798 
278 177 29 36 0.031942315 
510 137 19 23 0.030495876 
833 240 17 23 0.02982686 
34 241 17 24 0.02931812 
818 250 20 24 0.02917245 
404 194 25 31 0.027710753 
46 256 16 21 0.026382275 
861 253 21 27 0.0253072 
1002 238 24 42 0.024904681 
197 209 24 33 0.024756722 
523 138 12 16 0.024732444 
483 492 33 49 0.02407752 
275 192 33 47 0.023485612 
958 204 35 50 0.023451053 
686 430 38 50 0.022711564 
409 196 15 18 0.022427866 
572 156 15 20 0.022324776 
525 103 12 17 0.021631636 
58 97 14 19 0.021528328 
573 228 31 39 0.021043353 
631 235 15 21 0.020979736 
506 333 42 51 0.020910237 
493 477 45 62 0.020417145 
394 206 33 42 0.02008109 
