12_Group_Team_Organized_Group_12_Group_Team_Organized_Group_12_340
61
37 -1 50 54 0.99922144 
286 4 52 65 0.9991922 
531 32 49 67 0.99918574 
136 2 47 60 0.9987796 
324 110 58 80 0.99871933 
611 35 50 61 0.99853325 
932 45 34 44 0.9931591 
476 0 40 48 0.98984057 
360 1 30 38 0.97203875 
383 3 40 52 0.9556178 
87 -2 36 45 0.9533135 
0 66 37 66 0.8383729 
848 76 38 46 0.704182 
852 59 32 44 0.5097254 
24 80 30 46 0.45502776 
372 3 34 43 0.26833373 
378 60 31 35 0.19709718 
231 -1 30 28 0.17943394 
433 0 28 26 0.15993308 
846 55 25 34 0.099669054 
849 52 16 21 0.094179146 
662 52 14 19 0.072445884 
506 39 44 64 0.072052374 
413 27 25 38 0.06982573 
488 51 39 56 0.05616559 
10 189 17 22 0.05381227 
421 282 13 15 0.05311131 
532 -1 36 28 0.05256451 
962 51 34 42 0.04795519 
361 39 28 38 0.04582973 
0 119 27 49 0.04471329 
248 129 35 52 0.042121377 
178 15 19 24 0.03855076 
874 109 39 39 0.03843118 
367 53 30 35 0.03808967 
-3 13 39 55 0.036927015 
280 170 11 17 0.036557786 
357 16 30 48 0.036377948 
258 105 32 41 0.034436207 
230 6 34 43 0.033953723 
662 -1 32 26 0.033943366 
875 229 42 57 0.03312322 
530 4 46 51 0.031720746 
857 91 49 51 0.030782053 
83 186 46 59 0.030538809 
975 27 23 38 0.03046097 
191 39 30 40 0.029844306 
970 212 44 75 0.027683154 
218 151 37 51 0.027162408 
393 19 42 52 0.026826667 
427 26 12 17 0.026206994 
14 86 45 66 0.02509402 
249 -1 32 36 0.024066117 
293 175 17 21 0.023464562 
67 145 13 18 0.022179076 
51 134 23 32 0.022006828 
379 41 36 43 0.021410529 
175 0 30 38 0.021010604 
857 57 21 26 0.021000426 
978 54 18 25 0.0206604 
262 1 28 41 0.020085856 
