12_Group_Team_Organized_Group_12_Group_Team_Organized_Group_12_927
62
909 148 31 40 0.9997495 
554 207 25 32 0.9997453 
744 153 25 34 0.9996094 
579 180 23 31 0.9995628 
582 273 29 38 0.999514 
666 371 29 37 0.9993855 
168 175 35 46 0.99925846 
346 178 28 36 0.9992551 
794 186 25 32 0.9992379 
968 163 28 36 0.9991998 
670 291 24 34 0.9991973 
442 172 26 33 0.99917823 
676 174 26 33 0.99912375 
512 284 28 36 0.9990964 
632 157 25 32 0.9990202 
214 198 28 37 0.9986665 
402 194 27 35 0.99851114 
504 180 24 31 0.9978205 
844 165 27 34 0.9976113 
290 170 25 34 0.9974868 
784 315 23 31 0.99737144 
401 167 25 30 0.99615663 
124 188 26 37 0.99611026 
725 341 26 31 0.9958703 
604 210 22 28 0.99547356 
864 337 24 32 0.9953027 
1001 195 22 34 0.9936515 
740 425 22 29 0.99310315 
478 153 23 29 0.99250036 
547 176 20 26 0.99155176 
796 161 23 29 0.9827393 
525 184 23 31 0.973973 
712 155 21 27 0.96988916 
812 339 21 25 0.8806519 
354 169 26 34 0.81518775 
609 345 19 26 0.37363234 
361 163 22 27 0.19146667 
755 329 16 24 0.17368768 
461 301 18 23 0.10897153 
963 353 14 18 0.08031417 
67 288 22 31 0.06905266 
28 146 15 20 0.06879622 
405 176 27 35 0.06438889 
629 245 18 26 0.054438304 
798 171 28 35 0.050282624 
702 408 16 20 0.047480386 
641 406 11 13 0.046099596 
512 183 26 33 0.0371645 
12 180 24 33 0.03131698 
707 194 17 20 0.028842237 
738 339 24 30 0.027968578 
696 484 21 28 0.027442552 
797 368 20 29 0.026416184 
510 175 16 21 0.02533518 
21 134 23 28 0.023063442 
526 176 15 18 0.022537997 
634 283 20 28 0.022401046 
138 188 24 33 0.022086486 
448 265 25 35 0.020446148 
597 359 28 33 0.020259378 
78 289 25 32 0.020185893 
597 387 12 14 0.020042311 
