12_Group_Large_Group_12_Group_Large_Group_12_120
1521
362 448 15 18 0.9808456 
350 350 11 15 0.98022515 
475 419 13 18 0.96683025 
926 385 13 18 0.9626385 
637 296 13 16 0.9612813 
669 419 12 16 0.96038306 
693 323 12 16 0.95921856 
880 357 13 16 0.9498821 
149 326 12 14 0.9482401 
76 450 14 17 0.9454264 
475 452 14 18 0.9428395 
192 419 11 14 0.93847096 
590 267 10 13 0.9371004 
507 389 12 16 0.9277582 
390 349 11 14 0.9249925 
277 396 11 14 0.9220442 
663 394 12 15 0.92194885 
550 294 11 15 0.91859686 
209 325 11 15 0.9148363 
430 323 11 15 0.91390383 
468 391 13 16 0.91314846 
449 419 12 16 0.910625 
423 414 12 16 0.89890504 
774 350 12 15 0.8971986 
720 303 9 13 0.8894189 
625 387 12 16 0.8877395 
548 323 11 14 0.88353896 
362 420 15 17 0.8783277 
367 383 13 16 0.87776124 
902 390 11 15 0.876035 
526 345 12 15 0.87475806 
609 371 11 16 0.8744524 
692 421 13 16 0.87368774 
387 391 12 15 0.87092024 
121 452 11 14 0.8692672 
85 423 12 15 0.86868745 
413 322 10 13 0.8676846 
547 390 13 16 0.8661013 
811 389 11 15 0.8650897 
347 393 12 16 0.8633937 
567 326 11 14 0.8615314 
93 326 12 15 0.8594476 
718 446 14 17 0.8593079 
425 388 13 17 0.8591962 
639 374 12 16 0.8526177 
828 447 13 18 0.8515454 
197 393 12 16 0.8499793 
692 453 12 15 0.84913695 
846 277 11 14 0.84857273 
878 332 10 12 0.84518147 
578 450 13 17 0.8424712 
528 324 10 13 0.8420341 
902 347 11 14 0.83713955 
154 301 8 12 0.83411694 
395 417 12 16 0.83285457 
221 356 11 14 0.8323317 
670 326 10 13 0.83199584 
679 243 9 12 0.8297392 
450 379 12 16 0.82641655 
244 325 10 13 0.823849 
526 378 12 17 0.8234022 
328 349 12 15 0.82203025 
218 301 9 12 0.819379 
877 420 11 14 0.81844527 
100 301 11 14 0.81825083 
717 347 10 14 0.81789774 
167 421 12 15 0.8142979 
406 348 11 15 0.8108548 
222 421 11 15 0.81029695 
562 378 13 16 0.80708224 
325 271 9 13 0.80404156 
442 446 12 15 0.79326165 
376 322 10 13 0.7906854 
820 327 11 14 0.7876112 
111 356 11 15 0.7863088 
347 294 9 12 0.7789791 
28 388 10 14 0.7751258 
863 297 10 14 0.7724216 
140 358 11 14 0.7720239 
61 270 9 13 0.7715619 
131 301 10 14 0.76913655 
794 446 14 17 0.7683049 
135 270 9 13 0.7677672 
619 419 11 15 0.7658083 
429 294 11 15 0.7651121 
404 447 15 19 0.7574135 
175 224 7 9 0.7573078 
271 295 10 12 0.75576377 
120 396 12 15 0.75534695 
228 383 11 14 0.7526673 
324 293 9 11 0.75255424 
279 422 11 15 0.7514935 
411 382 12 15 0.7482134 
826 274 10 13 0.7480738 
864 356 11 15 0.7479468 
228 453 11 15 0.7450233 
734 243 9 11 0.74105674 
75 301 11 14 0.73567957 
46 362 11 14 0.73558044 
588 326 12 15 0.7328013 
68 326 12 16 0.72867364 
596 423 10 15 0.72851527 
370 350 12 16 0.72709244 
488 382 12 14 0.7259559 
111 419 12 16 0.7192711 
312 397 13 15 0.71688515 
547 451 12 15 0.7141324 
78 389 12 15 0.7129004 
608 270 9 11 0.7127887 
302 383 11 14 0.7109131 
571 295 12 16 0.7072832 
231 269 8 12 0.7071721 
797 350 10 13 0.70542806 
336 222 7 10 0.70335025 
467 354 11 14 0.70017064 
488 318 10 12 0.6989352 
738 293 9 13 0.6966774 
606 345 11 15 0.69655704 
180 326 10 14 0.6939876 
715 415 13 15 0.6934565 
763 427 11 14 0.69334865 
621 239 10 13 0.69028884 
889 280 9 11 0.69009817 
157 393 13 16 0.68508154 
700 302 9 12 0.68463135 
766 295 9 12 0.6840318 
621 297 11 14 0.68264794 
671 347 11 15 0.68155634 
884 392 13 16 0.67807186 
516 295 9 12 0.67657655 
57 421 11 15 0.67634594 
356 324 10 14 0.6739673 
38 328 12 14 0.6708424 
198 303 9 11 0.67056143 
761 349 9 13 0.6681077 
652 345 12 16 0.6654585 
582 347 12 15 0.6647388 
850 382 13 16 0.6643196 
122 327 9 13 0.6640725 
304 296 8 10 0.6626401 
147 456 14 17 0.6594825 
452 320 11 14 0.6581528 
498 302 10 12 0.6549893 
269 324 10 13 0.6547386 
452 293 10 13 0.6534217 
153 279 9 12 0.6531971 
428 358 11 14 0.65077275 
783 414 13 16 0.649655 
609 324 12 15 0.64608455 
599 222 7 9 0.64520466 
538 268 10 13 0.6445544 
791 384 11 14 0.6434122 
544 418 12 17 0.64191824 
821 351 12 15 0.64007384 
658 298 11 14 0.6392846 
663 241 9 12 0.6391888 
553 345 12 17 0.6329524 
648 419 12 16 0.63112843 
596 295 10 13 0.6296447 
797 323 11 14 0.62949854 
444 268 10 12 0.62901103 
139 419 13 17 0.6253081 
675 267 11 13 0.6239634 
232 223 7 9 0.6236289 
692 348 11 14 0.6230759 
502 263 9 13 0.6219077 
700 246 9 12 0.60679036 
742 350 11 14 0.6067793 
506 412 13 15 0.6065555 
495 357 11 13 0.60329795 
426 271 9 13 0.5974253 
165 358 8 12 0.5967604 
334 322 11 14 0.59533423 
346 270 9 12 0.59523344 
753 327 9 12 0.5948997 
583 391 12 15 0.59397405 
565 266 10 13 0.5916025 
270 271 10 13 0.5909776 
190 271 9 13 0.59086215 
463 268 10 13 0.58998656 
685 300 10 13 0.58821744 
251 416 11 16 0.5879693 
839 249 10 13 0.58623415 
199 244 9 12 0.5841549 
532 293 9 14 0.5837605 
86 282 10 13 0.5832814 
192 222 7 9 0.5785705 
716 387 10 12 0.57461625 
170 299 9 13 0.5744671 
410 271 9 12 0.57429993 
474 247 8 11 0.5729709 
185 459 11 14 0.5728066 
729 326 9 11 0.56356084 
643 239 11 13 0.5608309 
412 247 9 12 0.56001604 
627 323 11 15 0.5575213 
717 268 8 12 0.5549104 
363 295 8 11 0.5542055 
654 453 12 14 0.55142 
457 240 8 11 0.55018693 
91 362 12 15 0.546536 
289 297 9 12 0.53912795 
103 280 8 12 0.53837204 
695 266 10 12 0.5369642 
885 299 9 12 0.5359441 
774 242 10 12 0.53577244 
335 425 11 15 0.53279394 
820 246 9 12 0.5260803 
27 363 11 13 0.52237403 
42 397 11 15 0.5219256 
912 297 11 14 0.5213553 
763 455 10 14 0.5203346 
172 271 10 14 0.5160717 
310 247 9 12 0.5116334 
184 247 9 12 0.5099928 
239 357 9 12 0.5051958 
850 419 11 14 0.5045483 
519 267 10 12 0.5035743 
853 448 13 17 0.50262034 
653 323 11 13 0.49975008 
281 357 9 11 0.49961892 
957 445 12 16 0.49730673 
610 451 12 15 0.496704 
573 241 9 12 0.4920771 
253 299 9 11 0.4918035 
917 272 8 11 0.48906618 
804 420 9 12 0.4834049 
803 294 11 14 0.48116788 
553 238 9 12 0.46969453 
394 323 9 12 0.4659708 
736 391 10 13 0.465729 
292 447 12 15 0.4618296 
510 236 9 11 0.45935258 
121 279 9 12 0.45877102 
764 270 9 11 0.45797992 
201 358 9 13 0.4574484 
118 245 8 11 0.45717117 
593 242 10 13 0.45327947 
628 266 10 13 0.45172757 
257 453 11 14 0.45112318 
641 220 8 10 0.45066345 
335 452 12 15 0.44890594 
390 270 8 11 0.4488808 
509 453 12 16 0.44772872 
864 277 9 13 0.44648838 
807 275 8 11 0.44418466 
647 269 11 14 0.4397104 
476 288 9 13 0.43809617 
381 294 10 13 0.4368902 
409 293 8 10 0.43652466 
182 358 9 12 0.43189728 
295 323 11 13 0.42991295 
49 299 10 13 0.42734236 
308 270 9 10 0.4203368 
775 389 11 15 0.4192717 
695 228 8 10 0.4192423 
533 239 8 11 0.4165604 
109 382 10 12 0.4163396 
699 387 12 14 0.41511455 
135 243 9 12 0.41420308 
737 271 9 12 0.41175693 
619 220 8 10 0.41169167 
307 421 11 14 0.40190664 
633 347 11 15 0.3983266 
466 216 7 10 0.39511898 
852 327 9 13 0.39334852 
209 271 10 13 0.3900686 
303 352 10 13 0.38418123 
83 224 9 11 0.3811425 
240 396 10 13 0.37796536 
318 222 7 8 0.37765914 
332 247 8 11 0.37581423 
292 271 8 11 0.37527713 
370 272 7 11 0.37393677 
866 389 10 13 0.3697197 
840 352 12 16 0.36571592 
750 378 10 14 0.36456206 
78 242 9 12 0.36376706 
903 328 9 11 0.36307532 
772 327 9 11 0.3587476 
336 381 11 14 0.35328627 
509 325 10 13 0.34672076 
713 323 10 14 0.34426945 
855 251 10 12 0.3424663 
932 419 13 16 0.33853596 
569 421 10 13 0.33495733 
385 246 8 12 0.3337821 
55 330 10 12 0.33222467 
756 245 8 11 0.33122924 
360 221 6 8 0.3272191 
739 419 10 14 0.3224906 
259 381 11 14 0.31893122 
292 248 8 10 0.31641003 
139 226 6 8 0.3148234 
469 319 10 12 0.31378093 
447 357 11 14 0.313233 
484 263 10 13 0.31266966 
886 450 11 15 0.3105156 
844 298 9 13 0.30979747 
874 254 8 11 0.30900303 
234 295 9 12 0.30885044 
212 225 7 9 0.30747354 
506 217 8 9 0.30556005 
152 240 8 11 0.3010396 
396 348 12 15 0.29467678 
798 244 8 11 0.29269272 
105 390 11 13 0.29084727 
672 464 10 13 0.28909886 
277 248 7 10 0.28905514 
957 424 13 16 0.28664505 
825 296 10 12 0.28392816 
66 363 13 15 0.28262293 
489 218 7 9 0.2801194 
283 223 7 9 0.27940777 
943 350 10 12 0.2772365 
354 246 8 10 0.27706736 
542 218 7 9 0.27704847 
437 247 9 11 0.276345 
447 349 10 13 0.2735245 
762 295 8 11 0.27220303 
721 224 8 10 0.2665338 
896 454 9 12 0.26580918 
157 225 7 9 0.26190984 
249 223 8 9 0.25730655 
677 386 10 13 0.25403982 
493 237 8 11 0.25351778 
72 387 12 15 0.25320646 
302 226 7 8 0.2522223 
364 485 15 17 0.24530925 
430 218 7 9 0.23949279 
150 420 11 15 0.23387407 
253 356 9 12 0.23161995 
824 386 11 15 0.2297485 
823 415 11 14 0.22537875 
571 221 8 9 0.22500604 
310 391 13 15 0.22161743 
720 246 8 10 0.22128071 
104 461 12 13 0.22028331 
652 415 11 14 0.21890554 
482 268 9 11 0.21223032 
95 482 12 16 0.20330684 
790 270 8 11 0.20216054 
249 270 8 10 0.20060432 
276 294 9 12 0.19812359 
624 263 10 13 0.19802336 
265 221 7 9 0.1973547 
266 352 9 12 0.19582279 
525 219 8 11 0.19417092 
661 221 9 12 0.1937491 
269 356 10 11 0.18991947 
309 356 10 12 0.18908831 
148 389 13 15 0.18855214 
376 221 8 10 0.18403658 
678 222 9 11 0.1836733 
236 299 9 12 0.18286778 
36 445 9 11 0.18000953 
117 226 8 9 0.17792206 
773 380 11 15 0.17735285 
171 416 10 13 0.17658225 
221 246 8 11 0.17134215 
743 225 8 9 0.1694994 
655 446 12 16 0.1679713 
239 246 8 10 0.16093624 
788 294 9 12 0.16009153 
213 460 9 11 0.15833263 
772 375 9 11 0.15638894 
701 396 11 13 0.15571944 
170 248 8 11 0.14949256 
736 402 11 13 0.14765464 
802 413 11 15 0.14440435 
261 446 10 14 0.14419134 
44 330 12 14 0.14135978 
645 217 8 10 0.14105453 
717 320 9 12 0.14083923 
448 217 6 8 0.14050597 
247 355 9 12 0.14044799 
879 247 8 10 0.14017963 
274 251 8 11 0.13815537 
586 341 12 16 0.13452193 
37 453 9 12 0.13439314 
391 275 8 10 0.13424104 
46 502 12 14 0.13417204 
226 270 9 11 0.13340579 
765 317 11 12 0.13179982 
646 262 10 13 0.13123703 
668 388 11 15 0.12954323 
341 421 12 15 0.12948312 
394 221 8 9 0.12930474 
158 421 10 15 0.12874764 
765 312 10 11 0.12789625 
248 247 7 10 0.12786716 
473 241 8 11 0.1263116 
185 388 9 12 0.12545905 
585 217 7 9 0.124319226 
353 319 10 13 0.1241591 
585 221 7 9 0.12321521 
379 318 10 13 0.12317307 
205 351 11 13 0.123034745 
250 295 10 13 0.12301709 
580 414 11 13 0.12245985 
505 285 9 11 0.12228414 
413 218 7 9 0.121854834 
688 344 10 13 0.12111787 
106 395 13 16 0.120544106 
511 321 10 12 0.11685422 
167 462 11 13 0.11440655 
243 390 10 12 0.11137634 
766 349 9 13 0.10797575 
854 228 8 10 0.10772387 
306 460 11 13 0.10745241 
286 413 10 13 0.107134186 
496 233 7 10 0.10671542 
238 404 10 12 0.10450727 
471 311 8 10 0.10396668 
786 224 7 10 0.10230466 
952 426 12 15 0.10197272 
685 214 8 10 0.10126777 
898 253 9 11 0.10089652 
770 331 10 12 0.10058027 
896 263 9 12 0.10008163 
197 400 11 14 0.09958902 
176 227 8 10 0.09871926 
757 241 9 10 0.098462105 
454 289 9 11 0.09808006 
195 461 9 11 0.09772079 
769 223 7 9 0.09767059 
612 320 11 14 0.09675741 
249 262 8 11 0.096171215 
412 292 9 11 0.0959955 
315 223 6 8 0.09520315 
261 376 9 12 0.09465003 
191 389 12 14 0.09352334 
115 413 12 16 0.09336584 
51 364 10 14 0.093335025 
673 222 9 10 0.092832364 
348 427 11 15 0.09212678 
50 460 10 14 0.09162867 
290 252 9 10 0.09158006 
571 330 10 13 0.09142542 
273 420 11 15 0.09100186 
680 294 10 13 0.09095967 
497 296 9 12 0.08980857 
42 358 10 13 0.0897599 
215 376 8 10 0.08974136 
132 296 11 13 0.08968636 
908 343 9 12 0.0895161 
38 391 11 14 0.08908741 
333 468 12 16 0.08822238 
597 414 10 13 0.08801968 
814 460 10 12 0.08750511 
494 307 10 13 0.087362096 
428 352 11 13 0.087113954 
918 370 12 14 0.08682241 
97 244 8 10 0.086137906 
670 240 9 11 0.08589973 
600 405 10 12 0.08557904 
151 394 13 16 0.085443296 
51 295 11 14 0.08536303 
95 281 9 11 0.08524816 
730 245 9 11 0.08329874 
325 312 8 10 0.0823257 
532 319 10 12 0.08224559 
325 468 11 16 0.080133036 
266 320 9 11 0.07910999 
663 217 8 10 0.078646444 
265 294 9 12 0.078358054 
322 289 9 11 0.078276694 
343 414 12 15 0.078166455 
286 441 10 12 0.07780747 
183 241 8 10 0.077444114 
399 444 13 16 0.077220395 
595 223 8 9 0.07654305 
358 240 7 10 0.07652632 
759 447 10 13 0.07626193 
320 313 8 10 0.07583104 
528 329 12 15 0.075280935 
25 384 11 13 0.075114734 
276 458 12 14 0.07510393 
883 420 10 13 0.074835226 
174 248 9 12 0.0747008 
879 225 8 9 0.07456922 
345 265 8 10 0.074410945 
610 342 12 14 0.07312499 
741 289 9 11 0.07286126 
725 225 7 9 0.07285478 
895 268 9 11 0.07263544 
738 349 9 13 0.072136134 
673 310 9 11 0.0718067 
382 289 9 10 0.07174545 
681 209 7 9 0.0713286 
115 228 9 10 0.07114562 
101 244 8 10 0.0700341 
216 265 7 9 0.07000769 
413 377 11 13 0.0695503 
918 453 11 15 0.0695043 
699 264 11 12 0.06947269 
157 296 8 11 0.06921682 
646 395 9 13 0.069182724 
102 229 7 10 0.0689807 
231 356 9 13 0.067922324 
573 218 8 9 0.067767896 
37 440 10 11 0.067712106 
867 295 10 13 0.06683534 
390 452 11 14 0.06666222 
191 244 9 13 0.066502586 
792 318 11 13 0.06649817 
743 264 7 10 0.06641067 
434 250 9 12 0.06591438 
220 296 10 12 0.06590867 
535 404 11 13 0.06577134 
366 288 9 12 0.06542793 
937 230 7 9 0.065284565 
295 311 8 10 0.065009415 
935 351 11 13 0.064930245 
348 274 9 11 0.06488133 
928 349 9 12 0.06477566 
826 225 8 10 0.064218886 
826 382 12 15 0.06387679 
285 352 9 11 0.0634085 
790 288 8 10 0.06324996 
864 383 10 14 0.063101605 
342 374 11 14 0.06271343 
641 230 9 10 0.06257187 
575 414 9 13 0.062306408 
474 388 12 16 0.06205375 
894 485 16 17 0.061899934 
953 272 9 12 0.061809648 
738 454 9 11 0.061558053 
633 299 12 14 0.061513748 
765 265 8 11 0.061494287 
385 241 7 10 0.06126649 
598 263 9 12 0.06120072 
392 443 11 15 0.061097037 
920 231 9 11 0.061021555 
191 296 9 11 0.06086138 
674 383 10 13 0.060840826 
350 312 9 10 0.060634393 
780 244 9 11 0.060577363 
613 441 10 12 0.060542885 
327 317 9 12 0.060496412 
465 319 9 13 0.060299423 
490 312 9 12 0.059852228 
848 252 8 11 0.05941242 
470 220 7 10 0.059270177 
507 486 12 14 0.059264064 
184 309 8 10 0.05908956 
494 246 8 9 0.05905331 
249 254 9 11 0.059034895 
445 276 9 11 0.05885799 
213 227 8 11 0.05842745 
713 265 9 12 0.05838346 
230 352 9 11 0.05837944 
406 440 12 16 0.058333114 
886 415 10 12 0.05822492 
518 398 11 15 0.05787473 
386 276 8 10 0.05774386 
689 448 11 13 0.057717152 
781 389 10 13 0.057604317 
55 348 10 13 0.05753476 
398 332 9 12 0.057048008 
303 289 7 9 0.056748245 
689 413 12 14 0.05660191 
496 256 8 9 0.05646315 
189 383 10 12 0.05645591 
527 288 10 12 0.0561263 
282 443 10 13 0.056099616 
677 343 10 13 0.05608897 
504 452 12 16 0.056030087 
815 414 9 12 0.055941936 
372 276 9 11 0.055851344 
784 300 10 12 0.055808846 
101 225 7 9 0.055728693 
144 393 13 15 0.055546977 
448 221 7 10 0.055460513 
232 394 11 14 0.055437174 
400 370 11 15 0.055226766 
350 289 8 10 0.05508355 
213 320 9 12 0.055053636 
861 247 8 11 0.054980926 
157 283 9 12 0.054796543 
770 240 8 11 0.05474755 
950 292 10 12 0.05473987 
558 221 7 9 0.054551605 
360 290 8 10 0.054323133 
953 329 8 10 0.054240055 
303 454 10 13 0.053910486 
572 425 11 14 0.053714544 
726 228 8 10 0.053573098 
901 248 8 11 0.053404257 
529 298 11 13 0.053268988 
671 320 9 11 0.053248618 
295 329 10 14 0.05323007 
636 343 11 14 0.053190008 
868 351 11 13 0.05318575 
435 319 10 13 0.05310669 
517 319 10 12 0.0529784 
901 435 10 14 0.052726954 
354 241 8 10 0.05268943 
29 405 8 11 0.05263021 
29 290 14 18 0.052616235 
441 266 9 11 0.05248944 
215 351 11 14 0.05212208 
558 217 7 9 0.051929355 
40 478 10 13 0.0519207 
122 391 13 15 0.05179247 
904 300 8 11 0.05170032 
830 224 7 10 0.051683832 
510 263 9 11 0.051648386 
448 287 9 11 0.051636383 
944 344 9 11 0.051495686 
368 245 8 10 0.05127492 
606 265 9 11 0.05117621 
756 330 10 13 0.051161382 
621 454 10 14 0.0511126 
222 241 9 10 0.050811138 
956 275 10 13 0.05072281 
571 264 10 12 0.05054034 
182 320 9 12 0.050423022 
913 421 11 14 0.050403196 
553 365 12 14 0.05027575 
699 457 11 14 0.050016686 
74 245 8 11 0.049955256 
730 240 8 11 0.049952216 
199 297 8 10 0.049846616 
803 230 7 9 0.049833514 
328 421 12 15 0.049701992 
791 265 8 9 0.049690172 
646 286 11 14 0.049574304 
296 351 9 11 0.049437393 
477 252 9 11 0.04941857 
900 230 10 11 0.049332503 
519 403 12 16 0.04930026 
156 241 9 11 0.049282935 
858 300 9 12 0.049113836 
79 358 10 13 0.048779964 
671 293 10 13 0.04866877 
542 455 15 17 0.04847559 
801 270 9 11 0.04841985 
158 307 9 12 0.04832061 
589 373 9 13 0.048298277 
790 275 9 12 0.048221603 
592 416 10 12 0.048214078 
369 240 7 10 0.04817065 
267 277 9 11 0.048117876 
346 420 12 16 0.048108727 
554 217 7 9 0.04806322 
64 369 11 14 0.048014436 
771 244 9 11 0.047994453 
575 231 8 9 0.04798724 
557 233 9 11 0.047937382 
339 470 12 16 0.04790051 
720 241 8 9 0.047878418 
686 209 8 10 0.04784376 
311 312 8 10 0.047779415 
660 439 10 12 0.047777377 
303 377 11 13 0.047773797 
557 311 10 12 0.047711425 
400 312 9 10 0.047630593 
663 285 9 11 0.04757199 
235 246 8 10 0.047522597 
326 299 8 10 0.04725459 
247 459 10 12 0.047191255 
488 376 11 14 0.047167506 
663 347 10 13 0.04713477 
584 371 11 14 0.047127042 
740 274 9 12 0.046879973 
249 218 7 8 0.046685956 
125 277 9 13 0.046601947 
702 241 9 11 0.04653334 
665 326 10 13 0.046509627 
760 318 9 12 0.04637047 
48 498 9 11 0.046221014 
231 318 9 11 0.04590912 
678 287 9 11 0.045885373 
64 328 12 15 0.0458832 
873 230 8 9 0.045832336 
896 419 9 13 0.045775898 
678 228 9 11 0.04566815 
332 405 12 14 0.045561384 
304 415 11 14 0.045496885 
145 330 12 15 0.045491308 
737 355 10 13 0.045478385 
333 413 12 13 0.045438647 
753 242 9 10 0.045392506 
300 318 10 12 0.045335777 
524 263 9 12 0.045320798 
240 242 7 9 0.045304596 
627 393 12 14 0.045189563 
851 224 7 10 0.045150235 
209 456 10 12 0.044969272 
727 322 9 11 0.044950757 
83 280 10 12 0.04494262 
598 288 10 12 0.044928085 
427 217 7 8 0.044892177 
310 264 9 11 0.044604074 
782 278 9 12 0.0445337 
155 459 12 15 0.044461932 
894 296 8 11 0.044437665 
488 233 8 10 0.044364925 
216 305 9 12 0.04433456 
607 238 9 11 0.04430105 
662 230 8 10 0.044221085 
783 372 9 12 0.044203613 
329 240 9 11 0.04408869 
652 276 11 13 0.04406593 
478 239 8 11 0.043994844 
720 252 8 10 0.04397669 
238 413 11 13 0.043934494 
565 323 17 21 0.043769326 
200 351 11 14 0.043560855 
789 311 10 11 0.043527253 
81 446 15 18 0.043515373 
78 402 11 15 0.043470364 
672 243 10 12 0.043422338 
106 467 12 14 0.043399174 
636 453 12 14 0.0433711 
58 274 10 12 0.043224897 
99 479 14 17 0.043222826 
213 342 10 11 0.043169174 
786 270 8 11 0.043111823 
465 340 10 12 0.042868935 
141 228 8 10 0.042721596 
586 263 10 14 0.042658493 
98 306 10 13 0.042469606 
658 228 8 10 0.04240108 
440 240 8 10 0.042369615 
271 415 11 14 0.042201713 
567 288 10 13 0.04215618 
78 296 9 12 0.04213848 
534 311 9 11 0.042131454 
161 361 12 15 0.04202541 
823 408 9 11 0.041974623 
808 475 10 14 0.041920446 
671 216 8 10 0.041900836 
345 289 8 11 0.04188413 
761 311 9 12 0.041851413 
344 311 9 11 0.04167611 
967 373 10 12 0.04164227 
30 284 12 14 0.041524254 
623 231 8 10 0.041438513 
766 289 9 10 0.04139745 
845 497 14 16 0.0413755 
649 458 11 14 0.041348398 
37 383 10 12 0.041332036 
304 425 11 13 0.041299835 
115 350 12 15 0.041295033 
753 321 8 11 0.041280087 
530 373 13 16 0.041278206 
835 252 9 11 0.041196074 
606 265 18 23 0.041182514 
535 256 8 10 0.040991023 
493 322 9 12 0.040902022 
544 329 11 15 0.040788747 
960 301 9 11 0.040776778 
533 288 11 13 0.04074223 
310 344 10 11 0.040707167 
945 311 10 12 0.040462423 
384 266 9 10 0.040421445 
727 343 9 12 0.040410943 
917 420 13 17 0.040330682 
25 393 11 14 0.04025366 
519 274 10 12 0.0402533 
479 334 10 12 0.040076993 
399 240 8 10 0.039897166 
191 266 8 9 0.03983355 
702 297 9 12 0.039778035 
229 412 10 12 0.0396638 
582 239 9 11 0.039655745 
75 325 11 15 0.039548036 
192 241 9 10 0.0395457 
882 445 11 14 0.039511267 
505 234 8 10 0.039459195 
609 231 8 10 0.03945844 
176 321 9 12 0.03940016 
367 342 12 15 0.03924477 
274 392 10 13 0.039178167 
327 414 10 12 0.03911222 
471 232 8 9 0.038992807 
555 222 7 8 0.03897107 
855 408 10 12 0.03880472 
798 263 9 10 0.038790725 
206 309 8 10 0.03877083 
901 268 8 11 0.03874078 
296 241 7 9 0.038712874 
248 227 8 10 0.038479183 
873 415 11 14 0.0384232 
786 264 6 9 0.038332537 
697 251 10 12 0.038291465 
1015 238 8 12 0.03821064 
926 416 14 17 0.038100444 
438 492 13 15 0.038088642 
419 486 11 13 0.03802115 
671 366 10 13 0.03801189 
848 319 9 12 0.0379964 
645 231 9 11 0.03792073 
143 262 9 11 0.03791079 
592 235 16 22 0.03779851 
645 255 11 13 0.037782695 
685 239 9 11 0.037617948 
840 240 7 9 0.03759538 
914 254 8 9 0.03756577 
552 371 11 14 0.037551966 
454 364 9 13 0.03754085 
728 403 9 13 0.03751818 
201 390 12 15 0.037495952 
375 264 8 9 0.037358645 
883 333 10 12 0.03731483 
478 310 9 11 0.03722828 
660 457 12 15 0.037200525 
765 275 9 11 0.03716909 
232 407 10 12 0.037038457 
713 343 11 14 0.036903307 
339 325 11 13 0.036896624 
805 408 10 11 0.03688627 
439 286 9 11 0.036867782 
240 321 10 12 0.036803428 
679 366 9 12 0.03653834 
647 470 13 15 0.036515687 
928 224 7 9 0.03647952 
233 310 8 10 0.036426626 
943 270 8 11 0.036339123 
906 394 11 13 0.03618312 
742 346 10 11 0.036113907 
673 466 13 16 0.03598185 
154 228 7 9 0.035902467 
956 285 10 13 0.035881832 
592 463 10 13 0.035836153 
796 441 12 14 0.03582565 
784 409 10 12 0.035752926 
962 422 12 15 0.035738315 
107 283 10 13 0.035711344 
169 326 10 12 0.035627495 
975 341 12 15 0.035499014 
739 224 7 9 0.035497233 
60 416 10 13 0.03549274 
472 283 16 22 0.035426814 
557 243 9 12 0.03541469 
699 319 10 12 0.035404775 
223 265 8 10 0.03535055 
948 343 9 11 0.035319112 
858 446 11 15 0.03527421 
247 289 8 9 0.035265703 
956 295 9 11 0.035200786 
583 255 9 11 0.035193615 
238 270 8 11 0.035061143 
303 311 9 11 0.035050448 
136 266 8 11 0.03504777 
205 362 10 12 0.03501922 
173 455 11 14 0.03500873 
175 352 10 12 0.034977622 
824 267 17 23 0.034962106 
40 472 9 12 0.03489705 
176 219 7 9 0.034895375 
763 448 11 14 0.034849152 
396 439 13 15 0.03468844 
246 383 10 12 0.034633804 
97 297 10 12 0.03456555 
161 388 12 16 0.03456137 
72 253 8 11 0.034448285 
592 217 8 9 0.03440625 
352 251 8 11 0.03418434 
384 342 11 14 0.03418171 
493 217 7 8 0.034155227 
743 363 10 12 0.0340634 
596 467 11 15 0.034006204 
935 208 8 9 0.03399518 
879 240 9 10 0.033970278 
917 255 9 10 0.033895567 
745 332 8 11 0.03376506 
374 241 8 9 0.033664115 
349 434 13 16 0.03366233 
912 288 9 10 0.03361231 
365 311 10 12 0.033592355 
502 256 8 10 0.0334551 
469 384 13 16 0.033424582 
326 265 9 10 0.03335193 
430 265 9 10 0.033327684 
295 288 8 10 0.033267133 
897 237 9 11 0.033243876 
264 287 8 10 0.03315039 
686 367 9 12 0.03312761 
582 401 12 14 0.03311721 
850 229 8 10 0.03308218 
149 492 15 17 0.033075355 
557 397 10 14 0.033072054 
43 391 11 15 0.033060253 
752 367 9 12 0.03305027 
356 222 7 8 0.032991942 
408 265 8 9 0.032921594 
174 406 10 13 0.032860413 
972 293 11 14 0.03285003 
308 464 13 16 0.03283264 
757 344 20 24 0.032676224 
519 255 8 10 0.03264412 
72 296 11 15 0.032636564 
406 309 9 11 0.032604765 
105 357 10 14 0.03260245 
85 352 11 13 0.03255288 
414 311 9 11 0.03254195 
914 265 8 9 0.03253954 
519 289 9 11 0.032508474 
270 343 9 11 0.032424428 
83 393 11 15 0.03241301 
720 297 9 12 0.03237717 
737 265 8 10 0.03237249 
248 275 9 10 0.032359585 
681 215 9 11 0.032354854 
553 233 8 11 0.032326724 
783 317 10 13 0.032310814 
673 209 7 8 0.032260038 
749 349 9 12 0.032207046 
136 353 10 12 0.032157768 
576 406 9 12 0.032097552 
279 288 9 11 0.032078315 
414 240 8 10 0.032019 
34 326 11 15 0.031992327 
529 310 9 11 0.031982046 
596 307 12 14 0.03193768 
38 430 9 11 0.031822696 
791 345 10 12 0.031796172 
668 321 17 23 0.031792436 
40 351 10 12 0.031787984 
221 251 9 11 0.031710844 
671 288 9 11 0.031667426 
785 309 9 12 0.031628035 
771 387 10 14 0.031624086 
640 395 10 13 0.031594913 
653 328 12 16 0.031580262 
736 230 8 9 0.03153095 
469 264 8 11 0.03140212 
125 283 9 12 0.031398885 
557 318 10 12 0.031393636 
519 247 8 9 0.03138663 
821 416 18 22 0.03135121 
972 299 11 13 0.031350538 
545 319 11 14 0.0312915 
13 398 9 12 0.03127 
745 380 11 14 0.03126993 
936 292 10 13 0.0312514 
439 404 11 14 0.031228466 
269 444 9 12 0.031214906 
943 335 9 10 0.031204171 
108 301 9 13 0.03120109 
309 275 9 12 0.031148536 
801 225 7 9 0.03114324 
24 285 12 14 0.031130228 
334 328 12 14 0.031070292 
238 458 10 13 0.031039355 
46 467 11 14 0.031003635 
68 271 9 11 0.03098825 
208 217 17 25 0.03089616 
335 262 8 10 0.03083111 
360 289 17 23 0.030736644 
143 493 13 15 0.03070748 
586 263 19 23 0.030691432 
153 274 9 11 0.030642932 
617 253 10 12 0.030629266 
233 -3 412 472 0.030607237 
271 456 9 11 0.03054905 
831 241 8 8 0.0304816 
293 342 9 12 0.030452017 
166 353 10 13 0.030400116 
696 240 8 10 0.030384038 
109 454 11 15 0.030357476 
5 375 12 14 0.030286573 
713 373 9 12 0.030280115 
512 255 8 10 0.030251699 
927 286 9 11 0.030189795 
253 223 7 9 0.030176565 
167 331 11 13 0.030164827 
702 375 9 11 0.030115131 
238 309 8 10 0.030107938 
5 365 11 13 0.030064901 
445 474 13 15 0.030059556 
559 326 10 12 0.030051792 
702 403 11 14 0.03001973 
774 223 7 9 0.029912379 
308 295 8 11 0.029910116 
593 230 7 8 0.029850526 
822 242 9 10 0.029832017 
406 373 12 14 0.029824011 
640 234 16 22 0.029816596 
662 234 17 23 0.02976921 
821 320 11 13 0.029714705 
145 383 11 14 0.02970446 
287 291 16 22 0.0296983 
339 222 8 10 0.029652325 
402 292 8 11 0.029648278 
926 230 8 10 0.02962542 
517 258 18 24 0.029565929 
687 407 10 13 0.029455058 
119 338 12 14 0.029454993 
641 262 9 13 0.029445363 
333 241 9 11 0.029410865 
490 243 9 12 0.029391339 
708 437 13 15 0.029308166 
136 417 11 14 0.029304642 
120 321 17 22 0.029290395 
306 275 8 10 0.029289506 
423 266 17 22 0.029289039 
264 365 9 10 0.029288583 
22 438 9 12 0.029279321 
375 289 9 10 0.029272463 
190 318 9 11 0.029272059 
308 375 10 13 0.029234104 
425 265 8 10 0.029229028 
155 330 11 15 0.029195648 
344 265 16 23 0.029195197 
701 223 7 10 0.029155642 
762 289 18 24 0.029152386 
615 262 10 12 0.02913359 
973 285 11 12 0.029066013 
725 439 11 14 0.028982243 
936 336 8 10 0.028940663 
839 291 17 22 0.028915461 
746 375 11 13 0.028873576 
409 300 9 11 0.028872553 
240 328 11 14 0.028872205 
409 319 18 22 0.028834324 
490 356 11 14 0.028831827 
875 327 18 23 0.028741492 
802 350 11 14 0.028738126 
816 419 10 13 0.028715683 
773 345 11 13 0.02871422 
566 322 10 11 0.028688762 
358 264 8 9 0.02864223 
830 440 12 17 0.028613903 
873 249 8 11 0.02857542 
230 378 10 11 0.028562034 
469 342 9 12 0.028554982 
70 423 10 13 0.028545594 
339 318 11 13 0.028545316 
184 294 9 12 0.028544653 
794 241 8 10 0.028519029 
657 216 8 11 0.028503837 
841 231 7 9 0.0284781 
37 298 11 15 0.028454613 
727 320 17 24 0.028427865 
911 249 8 9 0.028425949 
509 286 10 12 0.028416753 
232 289 8 10 0.028354982 
717 298 17 22 0.028349057 
775 301 9 11 0.028309043 
773 320 9 11 0.028175639 
693 287 10 11 0.028174771 
132 266 18 22 0.028172223 
509 220 7 10 0.028155921 
149 273 18 23 0.028131673 
279 415 12 15 0.028124 
142 337 12 15 0.028102975 
803 426 12 13 0.02809814 
606 287 11 13 0.028068662 
802 276 9 11 0.0280608 
678 310 10 12 0.028042966 
822 375 10 12 0.02803645 
69 319 10 13 0.027982386 
377 246 7 10 0.027970547 
817 241 8 9 0.02797053 
710 214 8 10 0.02790833 
98 328 12 16 0.02789491 
300 444 11 14 0.027875097 
806 230 8 10 0.027871603 
938 413 12 15 0.027871324 
517 309 11 13 0.027827697 
280 264 8 10 0.027686508 
662 279 9 12 0.027657988 
923 453 12 16 0.027641233 
543 382 11 14 0.027623873 
886 439 11 14 0.02761267 
382 311 10 12 0.027610287 
855 438 12 14 0.02757835 
755 372 11 15 0.027570339 
89 479 10 14 0.027551625 
743 317 8 11 0.027514001 
729 208 7 9 0.027491637 
239 289 8 9 0.027474813 
723 306 10 14 0.027460635 
448 239 9 11 0.027427189 
548 383 13 16 0.02741661 
816 373 10 13 0.027322719 
254 318 9 12 0.027320376 
101 362 11 14 0.027298803 
308 442 12 15 0.027290285 
104 378 19 21 0.027237728 
255 364 9 11 0.027236413 
62 468 10 12 0.02719942 
287 264 8 10 0.02718377 
294 264 8 10 0.02717269 
529 243 9 11 0.027141254 
434 294 11 13 0.027130863 
567 453 10 15 0.027115224 
710 407 10 12 0.027096078 
304 265 9 10 0.027088128 
286 408 10 12 0.027069164 
885 401 11 14 0.027063671 
158 372 12 14 0.027027303 
943 427 10 14 0.027022086 
289 240 7 9 0.027016547 
373 316 18 22 0.026974425 
592 288 9 11 0.026969217 
694 295 11 13 0.026957858 
273 404 11 13 0.026956322 
645 265 18 22 0.026937613 
292 412 11 13 0.026891146 
675 239 19 23 0.026873535 
900 421 10 14 0.026854098 
672 259 18 22 0.02684275 
944 300 11 13 0.026812578 
454 406 11 14 0.026800903 
487 257 8 9 0.026800632 
345 256 7 9 0.026797993 
862 261 8 11 0.026767131 
452 342 10 13 0.026752464 
694 407 11 13 0.026741643 
494 222 7 9 0.026673464 
784 287 8 10 0.026668692 
253 408 10 11 0.026500983 
156 414 11 14 0.026492855 
536 259 17 23 0.026485894 
713 448 13 17 0.026463894 
231 342 9 12 0.026448188 
470 302 10 12 0.02642052 
343 289 17 23 0.026367897 
269 289 17 23 0.026364839 
789 407 10 12 0.026358908 
739 346 19 22 0.026345836 
280 342 9 11 0.026320988 
557 255 9 10 0.026316844 
514 268 8 11 0.026310997 
439 386 11 14 0.026307246 
278 375 9 11 0.026293496 
424 309 10 12 0.026245391 
735 344 9 11 0.026200049 
288 341 9 11 0.026167242 
817 251 9 11 0.026153542 
168 319 9 11 0.026088875 
604 292 12 14 0.026086556 
304 363 10 13 0.026073288 
852 376 13 15 0.026072053 
384 383 10 13 0.026044358 
713 230 8 10 0.026039107 
856 296 10 12 0.026038218 
343 367 11 13 0.026010057 
481 233 8 10 0.025998197 
612 274 10 13 0.025951957 
1001 223 9 11 0.02584503 
718 395 9 12 0.025837723 
886 491 12 14 0.025828056 
193 404 12 14 0.02579821 
936 255 8 9 0.025764732 
614 287 10 12 0.025762834 
224 446 12 14 0.025736863 
589 320 11 14 0.025721183 
198 383 11 13 0.025687536 
191 358 8 12 0.02564402 
816 230 8 9 0.025621938 
424 289 8 10 0.025567628 
471 241 17 23 0.025552655 
359 313 9 10 0.02548438 
885 246 8 10 0.025463963 
513 290 16 21 0.025457896 
622 439 9 12 0.0254229 
79 315 11 14 0.025405457 
465 310 9 11 0.025392698 
391 314 17 22 0.025364155 
857 259 9 12 0.025349153 
573 288 10 13 0.025338234 
837 242 17 23 0.025332829 
273 240 8 10 0.025313342 
752 444 10 13 0.025301367 
688 222 8 10 0.025288103 
846 248 8 11 0.02523998 
54 465 11 13 0.02522675 
199 376 8 10 0.025172476 
599 399 9 12 0.025134359 
145 320 9 11 0.025124194 
843 272 19 24 0.02509302 
246 404 9 12 0.025048539 
912 232 8 10 0.025015622 
545 238 8 10 0.025007633 
71 447 14 17 0.024997734 
160 263 8 11 0.024983086 
106 483 13 16 0.024903568 
159 351 11 14 0.024889514 
232 226 8 11 0.024888868 
800 408 9 11 0.024869796 
503 384 12 15 0.024868334 
957 327 10 11 0.024864621 
741 240 8 10 0.024859175 
32 484 9 11 0.024823474 
293 440 11 13 0.024812462 
396 217 7 10 0.02480099 
25 379 18 23 0.024794217 
862 411 10 13 0.024789965 
576 356 10 13 0.024788741 
624 328 12 15 0.02478418 
566 403 12 14 0.024781505 
488 304 9 11 0.024765547 
873 327 10 12 0.024734043 
268 266 18 23 0.02473095 
371 427 13 15 0.024694175 
779 395 11 13 0.024669563 
278 241 8 10 0.024660598 
830 317 9 12 0.024657657 
936 247 8 10 0.024644598 
52 328 19 21 0.024643373 
6 333 11 16 0.024641665 
545 294 11 14 0.02461885 
142 276 9 12 0.02461314 
628 420 10 14 0.024608074 
411 221 7 9 0.02460698 
232 241 8 10 0.024606243 
479 340 11 14 0.024589527 
168 266 17 22 0.024582917 
853 242 19 23 0.024554614 
167 241 8 9 0.02455089 
611 378 12 14 0.024518937 
391 313 9 10 0.024512738 
148 356 11 15 0.024486521 
583 382 12 14 0.024468534 
540 466 13 15 0.024453547 
878 337 10 14 0.0244399 
804 452 10 14 0.024435785 
120 321 10 11 0.024434272 
196 455 9 13 0.024432706 
438 363 11 14 0.024418693 
689 263 9 11 0.024403702 
853 321 9 11 0.024391163 
374 328 13 14 0.02435881 
503 280 10 12 0.024343325 
447 312 10 12 0.02432898 
354 354 11 14 0.024318326 
868 272 10 12 0.024298148 
457 233 8 9 0.024296822 
816 240 18 23 0.024274047 
1002 229 9 12 0.02425395 
382 333 11 13 0.024252357 
523 398 13 16 0.024234671 
928 261 9 10 0.024228463 
874 225 8 10 0.024218358 
563 259 17 22 0.024205301 
872 258 9 12 0.024202678 
46 350 11 14 0.024183828 
973 308 10 11 0.02417507 
253 247 8 10 0.02415153 
716 332 10 12 0.024140121 
389 458 13 15 0.024109878 
919 448 10 13 0.024064535 
911 487 10 12 0.024025371 
934 342 9 12 0.024025366 
594 290 16 22 0.024004841 
659 244 8 11 0.02399377 
621 306 12 14 0.023974184 
974 278 12 14 0.023959689 
191 227 9 10 0.023944367 
552 255 9 11 0.023925783 
750 406 10 12 0.023924513 
378 298 9 12 0.02390993 
740 459 10 13 0.023897972 
794 346 18 22 0.0238937 
321 266 16 22 0.023884878 
175 265 8 10 0.023827048 
679 372 9 12 0.02382494 
519 323 10 12 0.023820918 
240 420 10 13 0.02380425 
181 353 10 12 0.023802321 
570 235 17 22 0.02377069 
516 484 12 13 0.023767037 
312 241 8 10 0.023743507 
496 451 12 14 0.02373095 
703 436 12 15 0.023709156 
214 296 17 23 0.02368743 
713 344 18 21 0.023686225 
608 209 8 9 0.02363152 
597 316 11 13 0.02362039 
383 459 12 15 0.02360911 
813 271 9 11 0.02360513 
592 254 10 11 0.023587124 
933 451 11 15 0.023571176 
207 436 10 13 0.023571163 
540 275 11 13 0.023570655 
282 218 7 10 0.023562547 
172 217 18 24 0.023553701 
501 350 10 14 0.023526315 
214 288 8 10 0.023490505 
499 267 9 11 0.023489013 
262 344 9 11 0.023476837 
353 329 11 14 0.023476634 
935 225 7 9 0.023470918 
773 295 8 11 0.023460036 
399 263 8 10 0.023436395 
423 237 8 10 0.023405075 
186 266 18 23 0.0233975 
328 446 12 15 0.023384374 
115 422 13 17 0.02336156 
822 393 12 15 0.023345677 
31 342 10 13 0.023326702 
903 215 8 9 0.023313804 
481 259 16 21 0.023299031 
413 264 8 10 0.023297273 
881 492 10 11 0.023291117 
118 263 9 11 0.023257101 
799 289 18 22 0.023255765 
671 300 9 13 0.023241678 
888 230 7 9 0.023228053 
505 330 10 13 0.023226568 
624 259 18 23 0.02321064 
190 325 9 13 0.023197088 
760 230 9 10 0.023196071 
240 253 8 10 0.02319182 
192 376 9 10 0.02318555 
712 366 10 13 0.023171352 
193 309 9 11 0.023168352 
406 266 17 22 0.023130368 
649 320 10 13 0.02312485 
275 270 10 12 0.023124525 
277 318 10 12 0.023072854 
555 352 13 16 0.023010708 
66 387 10 14 0.023009956 
826 355 11 13 0.023003846 
760 289 8 10 0.022978922 
917 263 9 11 0.022955885 
397 389 12 15 0.02295394 
735 288 16 23 0.02294538 
11 405 10 12 0.022905823 
441 381 11 14 0.022872387 
822 470 10 13 0.022806695 
687 254 9 11 0.022746261 
631 208 8 10 0.022745894 
288 335 10 12 0.022743955 
630 287 10 12 0.022743538 
653 285 11 12 0.022735301 
894 448 18 24 0.022733541 
816 405 9 12 0.022732437 
299 229 9 10 0.02271237 
502 210 18 24 0.022690203 
482 483 12 17 0.022683837 
751 439 10 12 0.0226674 
733 331 9 12 0.022659691 
897 225 8 9 0.022654604 
371 477 13 18 0.022645984 
766 343 9 11 0.022640482 
320 287 16 23 0.022599405 
61 484 11 14 0.022537526 
390 252 8 10 0.022521721 
344 240 8 10 0.022516651 
228 426 10 13 0.022512253 
198 271 9 11 0.022506557 
557 286 12 14 0.022476489 
327 461 12 17 0.02247052 
820 361 13 16 0.022434786 
910 450 20 25 0.022425018 
957 251 11 15 0.02238905 
631 232 8 9 0.022365777 
713 246 8 10 0.022357052 
408 232 7 8 0.022331936 
638 469 11 15 0.022313006 
594 215 19 24 0.022302149 
207 294 8 11 0.022280015 
487 350 10 13 0.022271719 
751 322 16 22 0.02227121 
430 290 10 11 0.022257194 
307 251 9 11 0.022254413 
463 245 8 10 0.022250794 
808 254 7 10 0.02223383 
532 387 12 14 0.022203356 
901 224 9 10 0.022202875 
653 263 9 12 0.022189602 
388 402 12 15 0.02218671 
583 231 8 9 0.022179352 
727 287 9 11 0.022144537 
208 265 17 23 0.022143444 
588 367 10 12 0.022109563 
598 254 9 12 0.022105755 
581 439 12 14 0.022103306 
701 348 9 13 0.02209582 
332 343 11 13 0.022094963 
753 302 8 11 0.022085132 
815 319 11 13 0.022074128 
675 413 12 16 0.022066485 
499 258 18 23 0.022054542 
487 313 17 22 0.022040792 
298 386 11 14 0.022040332 
895 393 11 15 0.022033302 
96 263 9 11 0.022028526 
943 265 8 10 0.02201661 
638 405 10 13 0.02200605 
440 348 10 13 0.021997798 
328 380 12 15 0.021996219 
458 270 8 10 0.021990571 
655 208 7 9 0.021984247 
261 396 11 13 0.021965196 
184 288 8 10 0.021922912 
730 239 19 23 0.021901036 
317 413 10 13 0.021890845 
742 425 10 13 0.02186356 
600 343 11 13 0.021859508 
320 473 12 16 0.021853881 
449 288 17 22 0.021849623 
735 215 8 9 0.021796884 
352 232 8 8 0.02179659 
289 241 16 23 0.02177904 
799 415 18 22 0.021766823 
100 275 18 22 0.021752764 
149 261 10 12 0.02175185 
974 216 9 10 0.02174982 
235 252 8 10 0.021747986 
608 315 18 23 0.02173038 
74 14 394 467 0.021715073 
700 342 11 13 0.021713397 
511 243 9 11 0.021709476 
696 240 18 23 0.02168731 
218 351 18 23 0.021686241 
740 299 10 12 0.02168121 
816 224 8 10 0.02167655 
776 285 9 10 0.021657778 
751 421 9 13 0.021657158 
926 278 8 11 0.02162783 
754 454 10 12 0.021626279 
297 427 9 12 0.021621576 
376 312 9 11 0.021619387 
847 239 8 9 0.021595374 
860 294 18 23 0.021546395 
968 368 9 12 0.02153642 
303 452 20 22 0.021505035 
639 288 11 14 0.021489209 
560 274 11 14 0.021484768 
857 355 10 13 0.0214296 
751 309 8 12 0.021408504 
799 252 9 11 0.021408504 
689 320 10 13 0.021398814 
478 474 13 16 0.021346962 
516 387 12 15 0.021344181 
253 277 9 10 0.021323144 
677 275 10 13 0.021322649 
643 268 9 13 0.021321056 
87 264 8 11 0.021320837 
52 455 12 15 0.021305136 
150 234 17 23 0.021285914 
237 352 19 24 0.02127457 
200 276 8 11 0.021235289 
442 277 9 12 0.02123247 
712 262 18 24 0.021223733 
620 444 11 14 0.021182291 
511 279 9 11 0.021176675 
783 288 17 23 0.021167926 
438 440 13 16 0.021135977 
638 368 11 15 0.021135034 
1 339 10 14 0.021132864 
856 240 8 10 0.021129332 
264 440 10 12 0.021112446 
39 458 10 13 0.021090958 
454 233 17 24 0.021089235 
245 216 19 25 0.02108241 
639 477 10 12 0.02107583 
735 411 18 22 0.021051297 
249 310 8 11 0.02104308 
79 218 17 23 0.020967994 
743 311 9 11 0.020964248 
526 277 9 11 0.02093431 
550 232 18 23 0.02093232 
784 474 12 15 0.020920666 
88 268 9 11 0.020918962 
891 284 10 12 0.020914236 
791 206 8 9 0.020907447 
152 218 18 23 0.020895036 
217 241 8 10 0.020860897 
263 263 8 9 0.020855982 
851 277 11 14 0.020852298 
822 344 11 13 0.020849872 
760 264 17 22 0.020805301 
293 315 18 22 0.020772906 
495 286 9 11 0.02076772 
167 295 17 22 0.020756891 
338 446 13 16 0.020752592 
550 261 10 12 0.020735888 
758 252 8 11 0.020711867 
54 382 9 13 0.020688098 
831 263 9 11 0.020665793 
303 439 11 14 0.02064196 
178 362 10 12 0.020639695 
551 278 9 11 0.020630118 
164 373 11 12 0.02062897 
269 217 7 10 0.020618202 
606 254 10 12 0.02061387 
886 274 18 22 0.020605298 
689 354 11 13 0.020587672 
255 376 17 23 0.020582885 
952 288 10 12 0.020567903 
806 285 9 13 0.020554833 
440 263 18 22 0.020519003 
928 292 9 12 0.020517541 
237 438 11 14 0.020514887 
798 310 10 11 0.020513877 
114 240 9 11 0.020508422 
512 309 9 12 0.020496977 
752 287 8 11 0.020473901 
204 245 9 12 0.020430008 
975 222 8 10 0.020357301 
687 287 9 11 0.020315245 
350 264 8 10 0.020313181 
791 375 9 12 0.020310093 
85 244 9 11 0.020308772 
510 371 12 13 0.02029102 
829 284 10 12 0.020259451 
727 263 8 10 0.020231757 
143 463 14 17 0.02023109 
461 373 12 14 0.020213583 
158 271 9 11 0.020193407 
150 297 17 22 0.020162854 
710 294 9 12 0.020117788 
527 232 18 25 0.020114979 
409 240 8 10 0.020105807 
682 296 17 22 0.020094765 
647 330 12 15 0.02009291 
449 256 8 9 0.020085128 
589 403 10 13 0.020079425 
250 290 17 23 0.020061243 
847 217 18 24 0.020056937 
332 216 19 24 0.020034404 
303 347 17 22 0.020022748 
