12_Group_Team_Organized_Group_12_Group_Team_Organized_Group_12_778
125
585 298 24 32 0.9995608 
108 281 25 32 0.99947876 
931 149 30 37 0.9994199 
817 140 24 29 0.9993524 
226 278 25 32 0.99926776 
903 138 24 31 0.99925345 
60 282 24 30 0.9992207 
344 289 24 31 0.9990676 
709 303 25 32 0.99902856 
518 294 24 32 0.99902177 
170 284 23 30 0.9989905 
848 130 22 29 0.99871874 
891 166 25 31 0.99820507 
467 295 23 30 0.9980439 
646 299 24 31 0.9980064 
782 303 24 30 0.99799216 
581 98 22 29 0.9978719 
287 291 23 29 0.99781597 
406 307 23 31 0.9977099 
849 189 25 31 0.99768496 
766 116 23 29 0.9976647 
877 132 22 28 0.996463 
830 100 21 26 0.9964104 
276 227 20 28 0.9962624 
720 120 21 28 0.99439716 
653 229 21 26 0.9922805 
234 221 20 27 0.9918686 
383 226 21 28 0.9916962 
664 91 21 25 0.9909995 
178 213 20 26 0.99066496 
715 88 21 26 0.9902098 
435 83 20 27 0.9899116 
555 229 19 25 0.9898023 
807 76 20 27 0.98953956 
706 53 21 26 0.9895392 
346 54 19 24 0.9882315 
579 59 20 23 0.98804504 
498 90 22 26 0.98765206 
164 93 19 25 0.98605376 
283 62 19 24 0.98570585 
294 101 20 26 0.9847675 
612 230 19 25 0.9846578 
494 225 20 26 0.98440707 
370 81 20 28 0.98364 
412 57 21 24 0.98184115 
440 226 20 27 0.9804843 
747 92 21 26 0.9792923 
689 75 19 25 0.97919685 
317 74 20 26 0.97884583 
742 68 21 25 0.9786405 
465 66 20 25 0.97768664 
329 227 21 27 0.97387105 
210 50 19 26 0.9721337 
511 59 21 27 0.97199136 
788 93 20 23 0.96904516 
539 67 21 24 0.96187663 
642 78 18 26 0.95898587 
250 77 20 24 0.9572203 
693 121 22 27 0.955096 
623 91 19 25 0.9506497 
390 68 17 24 0.92976403 
805 116 19 25 0.92945766 
231 98 18 24 0.92473114 
661 70 14 17 0.7084852 
599 77 15 20 0.64877486 
633 84 21 28 0.40405467 
470 211 13 19 0.31655732 
732 212 19 22 0.28901848 
259 200 15 20 0.21287316 
533 211 15 19 0.20709682 
580 77 16 20 0.15255451 
549 304 18 20 0.12340067 
14 240 9 12 0.115945674 
836 133 22 30 0.10948 
785 231 9 12 0.10061454 
865 113 15 19 0.09555503 
153 65 16 19 0.07959328 
889 137 21 30 0.073254615 
277 186 15 18 0.06752916 
18 258 14 17 0.06582173 
281 387 10 11 0.06436665 
522 378 16 18 0.059647646 
23 383 8 10 0.054085866 
262 190 21 27 0.053219903 
94 430 8 10 0.05296106 
0 240 7 12 0.045228668 
0 345 11 19 0.04330217 
312 194 21 25 0.043001954 
519 458 11 13 0.04269391 
673 304 23 27 0.042367015 
86 267 15 19 0.0421526 
38 241 11 12 0.041284632 
466 247 15 19 0.04013488 
102 378 13 16 0.038853876 
398 207 12 15 0.038023897 
227 365 16 18 0.03598486 
503 320 15 20 0.03491732 
661 22 14 19 0.03476778 
468 217 19 28 0.03416971 
847 447 9 11 0.031528797 
334 206 16 21 0.03065843 
84 272 20 26 0.02953765 
746 124 21 28 0.027401818 
101 444 13 16 0.026269216 
126 132 13 17 0.026231017 
332 8 23 29 0.024772719 
317 189 15 18 0.02465868 
592 409 16 19 0.02390682 
22 223 9 11 0.023645319 
582 67 20 26 0.02335801 
854 116 16 20 0.022831772 
540 453 11 14 0.02274449 
527 219 21 28 0.022340924 
414 78 14 18 0.02212219 
690 103 17 21 0.021938052 
33 240 9 11 0.02185429 
686 98 15 20 0.021753114 
24 445 11 13 0.021716788 
0 254 7 13 0.02169997 
234 369 14 15 0.021651505 
502 195 13 19 0.02164307 
923 302 38 30 0.021481762 
0 214 7 14 0.02117622 
316 300 12 17 0.020922452 
10 238 9 11 0.020766206 
