12_Group_Team_Organized_Group_12_Group_Team_Organized_Group_12_162
17
366 210 140 173 0.9997018 
587 393 57 93 0.24233587 
817 864 67 86 0.20408294 
613 410 54 82 0.123711936 
312 334 32 39 0.08400857 
988 325 37 94 0.07514468 
634 406 62 92 0.063195564 
330 369 44 67 0.060590915 
574 383 49 80 0.05978014 
279 324 25 29 0.042567313 
6 897 343 533 0.040694185 
192 305 117 169 0.03552381 
300 327 16 20 0.033299558 
680 397 61 87 0.029961135 
795 598 15 17 0.024411209 
304 336 51 68 0.022369457 
580 377 29 55 0.020482037 
