12_Group_Group_12_Group_Group_12_759
23
376 119 66 88 0.9978529 
541 188 79 104 0.9929704 
246 176 69 102 0.99097085 
831 132 68 108 0.98120993 
59 98 71 125 0.980571 
791 278 10 13 0.18314427 
30 448 90 124 0.09983369 
750 276 9 11 0.04948131 
728 301 10 14 0.040448107 
717 286 9 12 0.03877773 
749 287 9 11 0.035181016 
762 294 9 11 0.0344542 
761 288 8 10 0.03411531 
745 333 11 15 0.030032298 
726 286 9 11 0.029102828 
745 291 10 13 0.028075544 
520 24 8 9 0.027911 
67 267 48 56 0.026653158 
919 94 14 20 0.024090018 
754 95 8 10 0.023935083 
-12 418 144 201 0.023122149 
718 292 10 13 0.02259049 
716 279 10 13 0.021192586 
