12_Group_Large_Group_12_Group_Large_Group_12_94
102
647 194 64 84 0.9994867 
824 106 63 75 0.99941945 
404 135 72 87 0.99873704 
654 112 57 68 0.9986517 
204 112 74 90 0.99863285 
327 0 30 33 0.99681467 
375 62 60 77 0.9946719 
874 50 46 58 0.99454767 
697 54 44 57 0.9945412 
711 1 44 43 0.9936033 
361 8 45 52 0.98365444 
165 78 46 63 0.9782476 
84 43 54 68 0.7415154 
874 29 30 36 0.28446585 
676 -1 36 36 0.21467002 
888 -1 30 32 0.18460524 
292 0 29 26 0.17650437 
335 111 42 52 0.1614708 
948 0 29 26 0.14175816 
874 5 32 38 0.12530884 
759 97 34 42 0.1145312 
511 5 20 19 0.095982574 
690 4 36 39 0.09550424 
133 0 32 45 0.08116444 
655 30 40 51 0.08086337 
752 48 39 57 0.077481985 
451 62 33 45 0.07683539 
534 19 30 38 0.07622065 
946 3 41 41 0.07183734 
180 82 53 71 0.06885128 
765 0 28 24 0.06583913 
49 38 30 42 0.06320494 
693 1 20 21 0.06270701 
677 14 37 44 0.062114455 
522 2 51 52 0.058529183 
28 3 26 24 0.058411974 
580 73 27 44 0.05675299 
781 1 23 23 0.054416712 
739 0 32 28 0.052391805 
588 6 44 51 0.05228161 
175 55 53 69 0.051732253 
852 89 56 70 0.050385818 
77 18 26 30 0.049074687 
0 13 30 38 0.048440706 
460 29 31 42 0.04689234 
342 2 42 47 0.04331574 
142 73 51 68 0.04329108 
648 47 34 42 0.04289263 
798 2 25 24 0.04258524 
1 91 24 43 0.041018344 
809 1 26 25 0.040552814 
513 2 32 31 0.040517632 
17 37 37 43 0.03863678 
36 41 31 42 0.03863618 
664 -2 34 29 0.0381952 
68 20 56 61 0.037792195 
677 35 31 45 0.037577823 
34 2 15 13 0.037544277 
875 13 19 23 0.03653475 
53 38 53 62 0.036368344 
466 5 49 54 0.036108695 
4 11 53 62 0.035244796 
604 110 24 31 0.034838855 
505 109 30 42 0.034141473 
289 31 44 56 0.03266504 
175 18 50 55 0.032259613 
155 0 47 46 0.030682396 
875 72 50 68 0.029967567 
765 40 42 56 0.029751351 
870 34 15 21 0.02945701 
518 87 31 32 0.028663462 
876 3 19 21 0.028451081 
464 14 29 36 0.02804129 
596 1 16 12 0.02796366 
463 37 43 57 0.027870404 
551 1 58 54 0.027297804 
19 66 51 76 0.027234063 
753 -3 30 31 0.027143884 
293 189 49 62 0.026584823 
1 -1 19 20 0.026516108 
0 17 13 23 0.026284968 
262 0 46 45 0.026257614 
959 0 38 28 0.026236663 
36 23 17 20 0.026190478 
514 1 16 13 0.025606412 
902 0 20 22 0.025581267 
417 -1 30 36 0.025065841 
413 32 13 19 0.024757408 
52 62 14 20 0.02436353 
603 0 15 12 0.024241429 
471 1 31 31 0.02380164 
847 -2 22 25 0.02367003 
787 45 38 52 0.023117734 
533 25 16 21 0.02242494 
2 10 17 21 0.022420527 
874 22 22 29 0.021819837 
631 60 38 49 0.020926293 
689 27 35 41 0.020925002 
23 18 29 40 0.020656914 
999 176 24 46 0.020543724 
410 7 26 39 0.020529727 
992 112 36 57 0.020225614 
