12_Group_Team_Organized_Group_12_Group_Team_Organized_Group_12_461
122
39 299 31 36 0.9952054 
401 283 28 35 0.9904102 
250 283 26 31 0.9838238 
908 424 23 26 0.9795833 
180 317 16 22 0.9065782 
285 301 13 16 0.90033835 
485 302 44 50 0.88355356 
356 309 21 26 0.87979615 
341 413 24 34 0.82132053 
313 307 10 13 0.7613195 
155 309 11 14 0.70689845 
633 297 26 33 0.7049004 
330 326 17 20 0.6888304 
117 311 11 15 0.44732994 
909 328 11 14 0.36583138 
951 441 21 26 0.19174097 
135 305 13 17 0.13435619 
831 416 15 24 0.12374041 
461 298 45 52 0.12260311 
839 414 22 28 0.11294734 
1000 289 11 13 0.11033435 
46 286 25 31 0.10608134 
262 288 17 23 0.088970646 
962 442 17 22 0.0884355 
28 549 15 19 0.082683355 
849 408 24 31 0.081421874 
906 328 21 28 0.077752195 
886 434 14 18 0.07590713 
115 317 16 21 0.06999347 
869 409 14 21 0.06841305 
870 573 11 14 0.06603303 
943 444 21 27 0.06481373 
124 309 11 16 0.06351869 
1005 290 10 13 0.061245706 
567 574 20 22 0.06110243 
361 302 18 22 0.06097469 
507 280 41 59 0.059245884 
329 444 15 19 0.05657863 
243 286 21 24 0.051208936 
450 284 38 53 0.0506673 
1014 292 9 14 0.049339913 
992 291 10 12 0.04834917 
993 358 9 11 0.048347633 
309 302 17 22 0.045885276 
76 538 12 16 0.044870324 
29 541 15 18 0.043589126 
860 409 17 25 0.043564428 
969 450 14 19 0.042274717 
186 310 14 20 0.042259913 
18 305 14 19 0.04218744 
542 482 28 38 0.04030628 
99 307 12 18 0.039152365 
167 316 12 18 0.03908449 
930 448 15 21 0.03805595 
1012 317 10 14 0.038037185 
1014 324 9 13 0.03763126 
177 422 24 32 0.037041996 
926 330 12 15 0.037041385 
208 300 11 13 0.037002236 
518 275 25 43 0.036598593 
198 552 14 18 0.034702312 
608 289 9 11 0.03257081 
314 318 21 27 0.03174457 
637 294 16 20 0.03174328 
324 451 15 16 0.031725787 
170 507 15 17 0.031615175 
356 323 17 22 0.030869447 
290 377 15 18 0.030772774 
906 466 15 19 0.030713247 
66 640 8 10 0.030607704 
414 282 28 35 0.029875817 
862 441 16 19 0.029845204 
41 370 18 21 0.029733492 
308 324 14 19 0.028823668 
982 313 13 18 0.028755073 
915 375 20 22 0.028501831 
141 538 16 21 0.028490094 
528 479 31 41 0.028170476 
278 375 25 32 0.028039405 
727 252 32 55 0.027761292 
523 552 23 30 0.027258301 
195 293 13 15 0.027192645 
301 291 11 14 0.027005373 
982 358 9 11 0.026537793 
932 327 10 13 0.02638692 
638 306 29 39 0.026179979 
598 588 12 17 0.026141532 
368 306 17 22 0.025889045 
987 379 13 16 0.025511535 
948 370 11 14 0.025241433 
912 335 24 28 0.025126157 
947 437 17 22 0.024988672 
853 395 10 14 0.024869062 
64 662 9 13 0.02483279 
631 303 18 23 0.024321228 
529 273 23 35 0.024229094 
2 267 16 23 0.02406172 
354 420 26 33 0.024051987 
539 274 25 31 0.023756893 
829 421 22 31 0.023743207 
291 295 12 15 0.023096219 
852 392 9 11 0.023009302 
934 354 13 16 0.022986386 
862 434 13 18 0.022756903 
56 284 16 22 0.022571858 
925 410 14 18 0.022536092 
74 386 16 19 0.02198571 
28 571 11 14 0.021867227 
987 124 11 14 0.021356428 
913 326 14 16 0.021313434 
985 294 8 11 0.021240273 
598 288 11 13 0.021141833 
318 458 15 16 0.020966012 
897 323 40 51 0.020893535 
293 433 24 28 0.020768655 
876 404 13 17 0.020714173 
982 402 16 18 0.020706814 
65 668 10 12 0.020389657 
307 511 18 22 0.020378575 
293 437 14 19 0.020277156 
877 441 12 16 0.020116894 
555 287 15 19 0.020033713 
