12_Group_Large_Group_12_Group_Large_Group_12_103
112
820 166 25 32 0.9979426 
772 193 29 38 0.9969837 
309 188 45 56 0.99677294 
401 204 27 40 0.9957009 
913 292 57 65 0.9952638 
105 149 44 52 0.9924716 
501 189 39 50 0.9921972 
532 173 27 37 0.99017185 
638 141 27 31 0.98744315 
737 132 23 29 0.9835805 
509 127 19 25 0.95842606 
360 136 21 27 0.95686275 
922 181 20 33 0.94742006 
492 316 82 116 0.94157094 
297 161 22 31 0.87990344 
400 151 20 26 0.8180182 
644 222 34 59 0.74703425 
385 158 22 26 0.44865933 
663 128 23 29 0.4175748 
193 475 94 115 0.37989166 
379 164 19 22 0.36535987 
160 172 28 35 0.3399303 
409 151 17 22 0.33222824 
692 200 32 43 0.26799253 
579 181 25 33 0.23036413 
313 123 21 28 0.1956126 
444 148 15 21 0.14632787 
260 462 62 105 0.14035504 
406 136 10 12 0.13503034 
702 191 28 35 0.1344393 
417 139 16 21 0.115094565 
333 163 25 32 0.09376682 
401 139 13 15 0.08552721 
929 178 28 30 0.08207024 
739 194 17 21 0.07822625 
526 164 13 18 0.07804457 
1 218 26 45 0.07420282 
455 204 20 29 0.07297238 
625 214 29 38 0.06692618 
591 239 27 30 0.064582355 
233 261 55 54 0.06410067 
420 143 22 28 0.063898295 
98 324 28 37 0.063872784 
636 210 31 49 0.06242853 
302 120 24 33 0.06188126 
451 148 14 22 0.059177667 
691 197 20 25 0.058002133 
523 162 23 29 0.056628626 
678 218 39 56 0.055476725 
658 230 35 44 0.05360484 
408 157 23 32 0.048547402 
464 197 21 27 0.04777909 
66 288 14 15 0.04750223 
767 177 25 32 0.046766963 
930 191 27 32 0.046559826 
281 167 25 34 0.04574262 
580 196 18 22 0.045423985 
956 258 49 62 0.044673946 
414 207 32 39 0.044634912 
345 170 16 21 0.043820545 
438 140 14 18 0.040115364 
402 139 23 29 0.037277855 
389 150 15 20 0.036934353 
942 294 36 45 0.036755614 
471 194 18 21 0.03638851 
620 148 13 19 0.03193845 
580 194 31 36 0.031882733 
481 206 21 32 0.030872405 
137 265 31 36 0.03067225 
938 196 30 33 0.030508365 
614 147 12 19 0.030500293 
249 208 16 18 0.029912254 
730 193 21 29 0.029569745 
754 132 14 19 0.029160641 
394 167 24 31 0.029142857 
940 172 27 30 0.029027961 
452 159 16 22 0.02864577 
414 135 12 14 0.027935449 
308 166 29 35 0.02736927 
210 285 26 32 0.026233405 
272 180 27 35 0.025938183 
758 174 23 27 0.025794983 
588 219 29 38 0.02560689 
351 140 24 29 0.02549821 
550 345 81 105 0.025453264 
58 287 24 24 0.025443122 
362 228 26 32 0.025105909 
646 131 28 35 0.024760345 
-1 206 21 41 0.024732588 
713 201 24 34 0.0241722 
417 157 17 23 0.024033463 
1 212 44 70 0.0235731 
600 244 33 40 0.023097543 
626 227 19 23 0.023008384 
695 181 31 34 0.0228801 
309 135 27 33 0.022669815 
500 181 30 33 0.022668319 
488 201 27 35 0.022545222 
147 171 28 36 0.022169726 
579 171 18 22 0.021650555 
779 177 27 34 0.021616876 
221 241 51 58 0.021490071 
913 190 30 41 0.021460786 
709 224 28 48 0.021195121 
319 167 31 39 0.021138791 
62 175 41 50 0.020887336 
288 160 39 51 0.020878093 
527 153 23 29 0.020859683 
371 171 23 27 0.020794477 
358 183 18 20 0.020723687 
714 192 20 25 0.020484498 
539 183 28 36 0.02030216 
