12_Group_Large_Group_12_Group_Large_Group_12_550
22
753 67 37 46 0.99788254 
232 523 35 45 0.99756986 
903 518 36 49 0.99536693 
226 59 36 45 0.99495715 
739 516 41 51 0.9901398 
62 60 43 57 0.9900808 
592 61 38 56 0.98788583 
580 526 41 53 0.98355156 
417 518 38 50 0.9806146 
942 57 40 56 0.9784783 
399 59 41 55 0.9684182 
74 528 35 48 0.9676253 
696 628 52 72 0.078581974 
131 428 21 30 0.050011303 
45 611 83 115 0.029591788 
742 551 35 43 0.026506541 
31 605 46 73 0.025519354 
239 102 29 35 0.023517922 
429 63 32 47 0.022539008 
665 127 26 45 0.022255462 
819 608 35 46 0.022148112 
883 143 37 51 0.021930305 
