12_Group_Large_Group_12_Group_Large_Group_12_107
77
549 193 29 38 0.9996995 
700 194 31 41 0.99963105 
546 297 34 43 0.9994234 
469 377 36 43 0.9993901 
465 202 31 35 0.99937856 
636 313 34 44 0.99916875 
300 201 35 40 0.9990503 
757 198 34 43 0.9989844 
590 206 32 42 0.9989656 
233 176 34 44 0.9987662 
296 324 37 43 0.9986519 
512 208 31 37 0.9984676 
616 181 28 33 0.99836594 
385 315 37 47 0.9980057 
409 206 31 35 0.9979442 
161 203 35 45 0.9975108 
432 240 34 40 0.9968079 
643 216 32 37 0.9966695 
717 374 39 47 0.9965978 
837 192 38 48 0.9961255 
78 210 44 54 0.9945023 
187 377 43 53 0.9936879 
346 217 28 35 0.9927285 
915 204 14 18 0.21707448 
691 169 17 21 0.19233035 
732 180 16 20 0.19122852 
893 182 10 14 0.15132266 
845 166 24 27 0.1509448 
886 160 11 14 0.098653525 
853 166 14 17 0.08015782 
909 187 15 18 0.07616832 
860 170 14 16 0.07607766 
220 346 29 33 0.07243003 
227 354 16 19 0.06986812 
905 194 22 26 0.06143842 
386 167 26 31 0.05484189 
866 172 12 15 0.054388672 
785 149 11 14 0.04310187 
917 180 13 19 0.041355446 
925 179 14 21 0.03819579 
636 162 22 26 0.03725258 
427 197 26 31 0.037236746 
867 167 10 12 0.037230927 
785 145 9 11 0.036208507 
900 182 12 15 0.0353155 
31 656 11 13 0.034813482 
396 155 16 19 0.033704594 
759 173 12 15 0.033650383 
822 156 14 17 0.0335725 
522 170 15 18 0.032871716 
446 372 19 27 0.029806798 
911 185 22 27 0.029656453 
901 187 14 17 0.029389733 
214 10 37 48 0.028926387 
229 343 16 18 0.02846454 
-4 283 29 61 0.027417555 
812 139 10 14 0.026990298 
276 322 25 33 0.02695186 
204 150 16 21 0.025952468 
881 158 10 13 0.025946112 
679 157 12 14 0.025536923 
883 157 19 24 0.024933627 
854 160 11 14 0.024847152 
35 519 13 15 0.0246226 
52 387 51 50 0.02431616 
253 92 25 33 0.023969823 
889 181 21 27 0.023651723 
849 330 171 226 0.023638 
208 333 12 18 0.023030076 
231 338 30 34 0.02291707 
609 190 28 32 0.022364484 
144 387 23 31 0.021001523 
209 339 29 36 0.020887597 
836 159 23 30 0.020510523 
217 71 22 29 0.020319337 
934 468 9 12 0.020131035 
827 161 13 16 0.020034648 
