12_Group_Team_Organized_Group_12_Group_Team_Organized_Group_12_583
98
814 293 60 76 0.9936574 
571 221 25 33 0.9918378 
922 249 37 45 0.9750788 
525 275 42 56 0.9602203 
143 44 34 38 0.94492173 
252 226 57 58 0.9252649 
828 226 29 34 0.8955157 
994 156 24 29 0.68202657 
701 144 22 25 0.67074037 
832 177 20 21 0.59518635 
434 217 24 30 0.43682957 
394 179 18 22 0.35381615 
364 76 14 20 0.32213736 
666 193 25 30 0.2397162 
534 137 25 31 0.20704614 
990 229 23 34 0.20150754 
246 54 47 58 0.12910879 
544 222 29 36 0.12566525 
853 202 17 20 0.1089189 
491 102 25 32 0.098933496 
591 299 35 40 0.075456925 
554 217 43 50 0.073206656 
890 219 16 19 0.06647769 
674 302 68 58 0.06427076 
462 225 27 32 0.0625825 
758 139 14 18 0.055121202 
924 216 18 23 0.054430243 
371 117 46 53 0.05143662 
819 198 17 22 0.049980395 
490 86 28 35 0.0473015 
876 208 14 19 0.04487886 
601 105 41 48 0.04244538 
826 187 21 28 0.041356176 
354 66 45 61 0.040965956 
548 56 52 69 0.040651515 
835 191 16 21 0.039941043 
361 74 25 34 0.039200388 
291 78 54 69 0.038777303 
700 156 19 21 0.037224736 
271 67 51 63 0.03698781 
476 29 33 48 0.03586106 
259 67 18 21 0.034492005 
116 78 11 15 0.033036884 
772 140 13 18 0.031363234 
227 37 75 96 0.031229641 
492 79 44 54 0.029909914 
992 213 30 39 0.02930227 
366 86 14 19 0.028555544 
329 50 80 110 0.028066598 
839 182 17 21 0.027788047 
762 144 17 22 0.027698748 
370 71 25 31 0.027219601 
996 171 18 23 0.027215412 
621 291 13 18 0.026588345 
756 170 17 20 0.026542202 
564 248 29 33 0.026039194 
930 209 16 20 0.02573966 
584 174 31 34 0.02570749 
876 164 14 18 0.025636662 
407 92 15 18 0.02528159 
920 223 26 33 0.025056673 
747 155 14 18 0.024558973 
931 203 14 17 0.024137476 
524 131 40 50 0.024128698 
933 172 12 15 0.02356997 
242 232 86 86 0.023460299 
989 153 37 50 0.023417031 
303 95 57 73 0.0230939 
705 195 17 20 0.022986123 
508 27 12 14 0.022738887 
411 104 13 17 0.021831693 
711 155 23 27 0.021648675 
361 71 12 16 0.021610446 
377 139 45 52 0.021577278 
701 170 16 18 0.021575209 
650 93 114 131 0.021573085 
901 153 15 17 0.021498743 
360 87 53 68 0.021400299 
688 294 38 34 0.021265257 
740 171 16 18 0.021258472 
855 70 11 14 0.021170283 
779 145 16 20 0.02099324 
902 148 24 27 0.020847768 
821 138 13 15 0.020837847 
908 198 22 27 0.020774754 
483 67 30 37 0.020756848 
609 137 32 34 0.020740775 
764 134 14 16 0.020703724 
771 314 50 63 0.020627307 
782 116 13 16 0.020578682 
85 60 32 38 0.02045644 
807 118 10 13 0.020429261 
480 56 46 63 0.02034321 
582 90 50 59 0.020333573 
822 200 24 29 0.020231156 
822 113 14 17 0.020139009 
885 212 14 18 0.020120852 
105 25 15 18 0.020003082 
