12_Group_Group_12_Group_Group_12_935
959
300 156 17 21 0.992535 
461 530 24 29 0.9899226 
635 191 18 24 0.9896445 
570 220 17 23 0.98727685 
69 319 20 26 0.9860032 
21 605 20 27 0.9852915 
298 191 17 23 0.98467594 
500 65 19 23 0.984394 
628 4 18 21 0.98271424 
561 423 19 23 0.9822797 
1003 88 17 23 0.9821716 
464 560 22 29 0.9818864 
941 375 21 27 0.98107845 
629 603 23 28 0.98057425 
364 1 19 22 0.9802207 
771 128 17 24 0.97967625 
398 381 20 27 0.97908264 
742 -1 17 20 0.97866315 
219 570 17 23 0.97848094 
443 407 18 26 0.9775185 
942 421 23 31 0.9773627 
92 86 18 25 0.9768033 
903 560 20 26 0.9758488 
404 559 20 27 0.9755079 
356 278 17 24 0.9748594 
524 608 18 23 0.9747151 
222 159 16 22 0.97422373 
243 452 18 24 0.97376853 
697 595 22 29 0.97359335 
74 602 19 23 0.97323745 
523 391 18 24 0.9731558 
752 664 21 27 0.97287375 
821 92 19 26 0.9724488 
51 191 19 25 0.97241807 
870 461 20 26 0.9718312 
649 160 18 21 0.97176975 
653 312 21 25 0.9713841 
881 117 18 24 0.9710618 
648 562 21 26 0.97092426 
329 60 17 22 0.97082967 
391 58 20 28 0.9694092 
204 602 20 26 0.968702 
18 562 19 26 0.96840817 
50 526 18 22 0.967912 
894 635 21 27 0.9677546 
260 110 17 21 0.9675887 
441 59 18 24 0.9674337 
701 390 19 25 0.9659087 
614 493 20 27 0.9653526 
204 287 20 26 0.964895 
279 386 20 25 0.9645789 
144 83 21 28 0.9645087 
411 350 19 25 0.9638699 
261 411 21 27 0.9628848 
123 631 19 26 0.96217245 
718 557 21 26 0.96215963 
800 230 18 22 0.96208006 
222 525 21 26 0.96199334 
83 573 19 23 0.9613861 
434 491 20 25 0.96091914 
773 322 17 21 0.9600753 
598 530 20 24 0.95932823 
514 185 19 24 0.9592828 
903 60 19 26 0.958888 
112 534 19 25 0.9587746 
619 426 20 25 0.9587477 
532 527 20 26 0.9573331 
61 636 21 27 0.9562121 
134 278 20 27 0.9558665 
951 319 19 24 0.95576316 
576 393 19 24 0.9552365 
294 493 20 26 0.95499724 
363 119 19 24 0.95451903 
689 187 18 23 0.95335716 
556 287 19 24 0.9530629 
917 500 23 29 0.95212716 
97 356 20 25 0.9519692 
913 26 17 22 0.9518883 
173 663 22 27 0.9515167 
357 151 18 24 0.9514193 
251 632 20 25 0.9505017 
943 112 20 26 0.94903356 
1004 463 18 28 0.94867176 
912 532 19 24 0.9475031 
979 150 17 24 0.9473911 
685 452 21 25 0.9458613 
18 108 18 25 0.9456668 
616 255 18 20 0.9455691 
226 347 20 25 0.94556403 
740 257 21 26 0.9447282 
114 315 19 24 0.944249 
764 421 19 26 0.943837 
412 166 18 23 0.9438272 
960 349 21 27 0.94334346 
304 286 19 24 0.9430201 
176 314 20 26 0.94288284 
759 379 22 25 0.9425522 
653 116 19 24 0.9420372 
724 510 21 27 0.9418884 
553 258 20 23 0.9418347 
677 489 22 27 0.9417817 
683 6 17 21 0.94118935 
469 159 20 26 0.9411605 
111 186 20 23 0.94075924 
705 286 19 25 0.9406851 
544 320 19 24 0.94047666 
456 2 19 23 0.9404152 
483 114 19 24 0.940195 
477 322 16 20 0.93981063 
785 287 18 22 0.93961614 
923 243 20 26 0.9395514 
543 489 20 24 0.93798584 
846 529 20 26 0.9369667 
765 640 19 24 0.9367685 
157 351 19 25 0.9351826 
960 565 21 26 0.9349944 
235 320 18 23 0.93486625 
614 286 19 24 0.93455994 
719 349 18 25 0.93280125 
216 63 17 22 0.9306915 
564 461 19 24 0.92879564 
755 178 19 24 0.9286273 
808 664 20 25 0.92784977 
808 456 20 27 0.9272642 
717 130 19 24 0.9269466 
193 637 19 27 0.92669713 
889 88 19 25 0.9266526 
37 218 17 22 0.926561 
506 456 21 27 0.92569005 
40 391 19 26 0.9250534 
793 491 19 24 0.92497426 
280 563 19 25 0.923755 
32 88 19 25 0.923596 
206 92 17 24 0.9231607 
413 524 18 24 0.9231517 
669 92 16 21 0.92309403 
977 493 20 23 0.9230256 
386 641 18 24 0.92299837 
357 351 18 26 0.9221754 
534 123 20 23 0.9220305 
829 353 19 23 0.92188746 
735 232 17 22 0.9213676 
853 23 19 24 0.9203865 
739 455 18 24 0.92021537 
663 63 17 23 0.9201446 
550 65 18 22 0.9199755 
949 611 20 26 0.9177604 
984 245 20 26 0.9148836 
988 192 21 26 0.91470575 
586 563 21 26 0.9146467 
831 607 18 23 0.91413146 
37 354 20 24 0.9133905 
9 159 17 24 0.913051 
616 219 20 26 0.91274005 
0 48 17 24 0.912236 
326 254 14 18 0.9121921 
21 455 20 25 0.90999174 
188 -2 20 22 0.9084446 
374 654 22 31 0.90840274 
975 525 19 26 0.90409 
419 96 19 24 0.90261835 
429 291 19 22 0.90227765 
830 384 19 25 0.9009327 
511 627 20 25 0.9008787 
457 190 20 26 0.9007327 
508 -1 21 24 0.89478564 
892 321 19 23 0.89461154 
319 425 19 23 0.8937545 
920 217 19 25 0.8937104 
804 0 19 21 0.8917176 
782 562 20 26 0.8914165 
686 217 19 25 0.8902655 
696 149 17 24 0.8899281 
595 348 19 25 0.88826925 
875 425 20 27 0.888175 
357 192 18 22 0.88600767 
151 564 21 26 0.8858691 
230 197 16 23 0.8855543 
241 661 20 28 0.88554186 
861 488 19 23 0.8853095 
65 155 18 25 0.88413024 
217 384 20 28 0.8835068 
614 62 19 26 0.88334864 
440 645 21 28 0.88247985 
746 494 19 25 0.87851626 
0 637 16 29 0.8783765 
55 30 20 25 0.87815404 
888 663 21 29 0.8746705 
340 384 19 25 0.8743427 
143 600 21 25 0.8723945 
339 561 21 29 0.87176526 
247 136 14 17 0.87146014 
828 641 21 26 0.87063813 
400 20 18 23 0.8704819 
362 484 19 24 0.8688732 
114 485 17 22 0.86837655 
947 92 19 22 0.8683634 
686 669 19 26 0.86322063 
379 419 20 27 0.86176896 
426 115 20 26 0.86174196 
772 605 19 23 0.8614071 
169 537 18 23 0.8610635 
581 608 18 24 0.859878 
285 29 19 26 0.8578299 
297 322 17 21 0.85750395 
847 219 22 25 0.85489655 
843 554 21 28 0.85318094 
510 425 21 24 0.8524073 
937 468 21 27 0.8490821 
382 611 21 24 0.8463568 
787 24 20 24 0.84575665 
629 640 21 29 0.8419909 
284 349 18 22 0.8414858 
815 428 22 27 0.8408034 
719 31 18 23 0.8354355 
430 457 22 24 0.83459646 
356 322 20 23 0.8329327 
182 174 18 26 0.83208275 
340 25 20 26 0.829221 
624 662 22 29 0.8276704 
0 488 14 24 0.8144656 
958 65 18 21 0.8124519 
148 387 21 25 0.8067216 
37 266 18 23 0.80669355 
263 252 15 19 0.8044647 
74 292 19 21 0.8026356 
833 315 20 26 0.80252033 
778 529 19 22 0.8009842 
966 31 19 25 0.7964113 
325 598 18 23 0.79192716 
215 0 16 18 0.7906925 
121 154 20 26 0.7906187 
614 456 20 26 0.78980494 
135 119 22 26 0.785955 
432 591 23 30 0.7852968 
123 14 18 25 0.78526735 
1010 389 14 26 0.78416497 
76 493 16 19 0.775505 
552 668 20 22 0.76325226 
476 347 21 27 0.7626594 
842 288 16 19 0.7601269 
421 330 16 19 0.75895727 
591 161 18 21 0.7516122 
820 178 22 26 0.74370044 
244 532 15 18 0.74189746 
929 0 16 16 0.7273321 
662 541 16 19 0.7197286 
368 92 18 22 0.71967167 
462 386 20 27 0.70916945 
933 151 18 20 0.7067569 
43 425 17 22 0.7028434 
1007 122 17 23 0.6991334 
531 165 19 23 0.69665 
695 645 21 25 0.69531703 
861 -1 17 15 0.6941952 
534 356 20 25 0.6940101 
316 537 20 25 0.68757313 
303 92 19 25 0.68734664 
629 379 21 24 0.6858081 
570 645 17 21 0.6841221 
307 128 16 18 0.6819757 
995 60 18 21 0.67935044 
114 671 19 25 0.6787691 
606 94 15 19 0.66690063 
236 489 18 22 0.6641183 
1000 677 17 21 0.6620772 
899 363 18 26 0.6576675 
507 140 17 21 0.6522886 
491 291 19 21 0.64492536 
690 427 19 22 0.6290988 
278 599 16 21 0.6243645 
901 290 18 22 0.6179278 
303 473 15 19 0.6100441 
668 354 22 27 0.5742071 
482 89 16 20 0.572123 
459 249 14 18 0.56606686 
499 496 17 22 0.5503796 
827 70 17 20 0.5460918 
372 459 17 21 0.5386954 
973 225 19 23 0.5363797 
10 0 15 16 0.5288352 
460 52 15 21 0.5191644 
489 263 15 19 0.5170711 
596 315 18 23 0.5148044 
166 23 16 19 0.5013062 
549 91 17 23 0.5008799 
676 271 14 19 0.48098496 
50 674 21 26 0.47383434 
782 88 13 18 0.4664703 
595 132 16 19 0.46434647 
808 615 17 21 0.45960042 
387 207 17 21 0.4548316 
567 201 20 22 0.44887686 
61 0 16 14 0.4177502 
173 121 13 19 0.41523033 
336 481 15 19 0.4121679 
274 497 17 21 0.40925908 
222 261 14 17 0.40648723 
746 66 15 19 0.39868227 
212 186 17 21 0.39633903 
561 637 17 20 0.39074033 
404 132 15 18 0.38625538 
972 293 18 22 0.37243533 
654 223 16 21 0.37164056 
778 351 18 22 0.34994832 
15 230 12 15 0.3472406 
345 554 17 20 0.34672582 
324 626 16 22 0.3453363 
438 260 14 18 0.34413442 
779 63 15 18 0.34372383 
190 446 16 19 0.33935153 
1013 328 11 18 0.3359485 
894 609 19 24 0.33592594 
527 329 13 18 0.3342537 
999 20 14 17 0.33399594 
26 295 15 18 0.32685074 
269 94 13 16 0.32212606 
222 498 15 21 0.31437907 
0 25 10 18 0.31397268 
853 165 17 24 0.30184165 
161 81 22 26 0.29933754 
142 509 15 18 0.2959484 
1011 51 12 20 0.2854293 
742 144 15 18 0.278035 
315 457 18 23 0.27544388 
39 123 13 15 0.26897308 
188 428 17 20 0.26537117 
403 203 15 20 0.26054403 
595 123 15 18 0.25945547 
514 267 15 18 0.2580275 
216 28 12 16 0.25082618 
134 -2 16 16 0.25001994 
171 186 15 20 0.24666546 
520 570 23 26 0.24426292 
875 378 16 19 0.23946987 
291 2 15 18 0.22011027 
632 483 12 17 0.21932696 
399 230 13 16 0.21586259 
729 83 16 20 0.20828804 
814 296 13 18 0.20540169 
220 189 19 25 0.20538704 
360 594 14 18 0.1992018 
511 573 23 26 0.19511726 
273 58 15 22 0.19033772 
991 121 16 21 0.18406194 
162 0 14 13 0.18058065 
509 662 15 20 0.17630155 
892 0 15 19 0.17104046 
539 14 15 21 0.17066698 
488 492 20 25 0.16899014 
252 188 13 18 0.16764522 
325 148 13 19 0.16328871 
0 252 9 15 0.16300745 
556 154 14 19 0.1618113 
1012 5 11 18 0.16003156 
390 321 16 19 0.15671021 
125 81 16 21 0.15340391 
559 563 14 19 0.15255281 
0 191 9 18 0.15006213 
203 552 16 22 0.14994739 
499 249 14 18 0.14973615 
895 215 15 19 0.14685345 
132 78 22 28 0.14374621 
811 59 20 26 0.14202897 
260 89 15 17 0.14044769 
0 322 11 18 0.13830666 
266 200 15 18 0.13648252 
538 347 14 18 0.13520595 
478 341 14 18 0.13483937 
192 252 12 15 0.1316422 
846 670 13 17 0.12952869 
943 229 13 18 0.12717563 
284 491 21 26 0.12642169 
603 133 14 17 0.12451962 
499 390 15 20 0.12222163 
624 67 15 18 0.12205515 
803 63 15 21 0.12190381 
351 632 15 19 0.12069322 
926 307 13 17 0.12024155 
894 604 15 19 0.11852792 
222 628 15 18 0.11756219 
455 331 15 20 0.1171668 
851 391 15 19 0.1159463 
643 443 14 19 0.11447804 
996 120 21 26 0.11268522 
491 14 12 15 0.111243695 
702 64 14 18 0.111080885 
949 252 16 21 0.10926271 
818 489 16 22 0.106715865 
307 675 17 19 0.103412844 
575 153 13 19 0.10336408 
998 51 16 21 0.10325044 
818 171 18 21 0.102252394 
276 21 14 18 0.10210838 
855 267 14 17 0.10168717 
431 0 13 12 0.10156646 
413 210 13 18 0.100646436 
90 35 14 16 0.097308576 
66 420 15 19 0.09681981 
1 284 11 16 0.09628402 
541 564 16 20 0.09585656 
332 460 13 17 0.09541471 
349 262 12 14 0.095173925 
299 8 13 17 0.094793715 
306 84 16 21 0.09427209 
178 644 24 29 0.09322455 
787 348 16 21 0.093018256 
471 120 15 18 0.09085348 
451 51 18 24 0.08961646 
1008 277 12 17 0.08892647 
317 191 15 21 0.08863003 
260 188 15 19 0.08825132 
841 267 11 14 0.08706228 
691 60 13 18 0.08665473 
152 81 19 24 0.08540609 
760 585 17 19 0.08396066 
117 574 12 17 0.083870344 
261 9 15 18 0.08359741 
171 634 16 19 0.08269549 
259 0 17 18 0.08197503 
255 84 15 18 0.08181189 
715 212 16 20 0.08166184 
232 163 14 18 0.080955386 
51 155 17 23 0.08073468 
17 288 19 26 0.08034071 
299 0 12 12 0.07869168 
638 448 16 22 0.07843481 
438 205 12 15 0.0783303 
768 353 21 25 0.07819395 
262 179 13 16 0.07787282 
687 438 24 30 0.07724729 
246 172 11 16 0.07675189 
726 532 16 21 0.076474234 
207 187 13 18 0.07595556 
318 51 15 18 0.07553334 
856 -1 14 13 0.075268716 
93 0 13 11 0.07458628 
487 294 15 20 0.07428857 
368 619 11 14 0.07419915 
516 47 13 18 0.073388964 
843 386 15 20 0.072575025 
418 212 14 19 0.07237366 
314 124 14 18 0.07165036 
189 211 14 17 0.071541935 
324 492 14 18 0.071224146 
211 42 16 19 0.07089651 
450 315 15 19 0.0708087 
163 145 15 19 0.07007911 
157 528 20 26 0.06986185 
3 250 13 18 0.06890693 
648 386 14 18 0.068593495 
147 522 16 23 0.06753255 
565 349 12 17 0.06718886 
517 615 20 25 0.066354044 
318 526 14 17 0.06623117 
476 73 13 16 0.06613715 
995 30 16 21 0.06578005 
269 475 14 18 0.065247275 
638 97 15 19 0.06515807 
555 612 15 20 0.06496134 
696 43 13 18 0.06448239 
1008 171 12 16 0.06442823 
307 265 16 19 0.06377211 
131 592 15 22 0.06358988 
286 59 14 18 0.06337795 
788 13 12 16 0.063344784 
202 26 15 18 0.063318916 
174 597 13 17 0.06239496 
110 617 14 17 0.061823692 
261 477 13 18 0.06107921 
906 285 16 20 0.06037217 
4 278 10 15 0.060346264 
984 329 11 16 0.059894893 
482 557 20 26 0.059887554 
835 161 15 21 0.05982137 
520 176 19 25 0.059592888 
827 489 16 22 0.059527405 
655 553 19 25 0.05937644 
325 386 13 20 0.058876988 
702 559 15 21 0.05844185 
147 638 17 20 0.05843526 
899 124 14 18 0.058269706 
236 0 15 16 0.058110528 
182 433 15 19 0.05770848 
862 155 14 17 0.05726041 
469 267 14 18 0.057107333 
268 86 12 16 0.057020612 
189 110 12 15 0.05664714 
657 231 15 20 0.056326438 
599 95 15 20 0.056048863 
176 631 23 27 0.055998094 
556 39 14 17 0.05542274 
177 480 15 18 0.055353597 
158 309 21 28 0.055343922 
764 466 15 20 0.0552594 
364 242 16 20 0.055233467 
870 248 20 25 0.055154677 
50 421 14 19 0.05502366 
506 122 13 16 0.05426026 
968 146 20 28 0.054239675 
682 521 15 20 0.05422944 
291 358 15 20 0.054083575 
1013 560 11 17 0.05374503 
708 207 16 22 0.053581312 
396 214 16 19 0.053523157 
471 328 15 20 0.052914485 
341 260 13 17 0.052869752 
194 245 14 16 0.052752547 
974 2 13 15 0.05265246 
353 556 14 17 0.05238294 
529 452 15 18 0.052354354 
1007 9 13 19 0.052292123 
866 144 15 19 0.052267537 
325 9 14 18 0.05162247 
971 19 16 18 0.051598255 
369 419 14 19 0.051441435 
0 311 17 27 0.051320057 
845 106 14 18 0.05115856 
493 443 14 18 0.05081152 
307 492 14 19 0.050742444 
515 455 21 26 0.05054844 
558 642 23 27 0.050524026 
156 308 15 19 0.05029186 
967 293 14 20 0.05019106 
594 140 17 23 0.050127767 
174 178 16 22 0.04992738 
491 194 18 22 0.049548227 
717 667 16 23 0.049340867 
633 524 16 20 0.048563708 
56 115 15 19 0.04846035 
970 67 13 17 0.04844177 
247 186 13 18 0.04839408 
823 250 14 18 0.04834343 
404 232 13 16 0.048259083 
452 632 20 27 0.047959123 
533 320 20 25 0.04762058 
813 419 16 21 0.04708075 
99 0 12 12 0.04703086 
91 422 13 16 0.046986233 
380 214 17 20 0.04667106 
244 178 13 17 0.04663206 
170 652 23 27 0.04658911 
328 152 16 19 0.046494544 
846 160 19 26 0.04639653 
380 307 17 21 0.04600872 
436 207 19 27 0.045980092 
286 6 16 21 0.04589627 
668 307 15 19 0.045776978 
782 274 15 20 0.045688 
703 522 15 20 0.045630712 
973 74 13 17 0.04527294 
153 122 15 20 0.04504507 
875 413 19 23 0.044908468 
686 576 16 20 0.044690195 
299 481 15 20 0.043984946 
358 226 12 15 0.043894492 
607 200 15 20 0.043884527 
477 93 16 20 0.043872617 
669 484 16 21 0.04383857 
41 131 14 16 0.043495785 
900 148 16 23 0.043428905 
936 0 15 18 0.043363247 
297 458 15 19 0.043329988 
11 54 14 20 0.04331325 
132 632 19 26 0.04299044 
275 93 14 18 0.042965475 
171 0 17 18 0.04287398 
1012 498 11 16 0.04262928 
546 17 14 18 0.04254915 
801 265 16 18 0.04233592 
587 20 11 14 0.04216194 
580 153 18 23 0.042102177 
266 480 22 28 0.04188333 
429 586 18 23 0.041449293 
254 10 14 17 0.041413426 
131 505 15 19 0.041276027 
984 630 9 13 0.040983092 
296 464 19 24 0.040679406 
996 330 15 19 0.04067137 
691 660 20 28 0.04029105 
420 267 11 15 0.04023135 
663 54 13 18 0.04019414 
573 167 15 19 0.040041585 
315 658 14 16 0.03998288 
724 675 15 19 0.039485198 
229 190 14 18 0.039152205 
29 187 13 18 0.039141834 
336 129 13 17 0.039043177 
55 319 15 21 0.03900994 
690 248 14 19 0.0389996 
892 356 16 21 0.03883045 
978 83 12 15 0.038815357 
317 491 13 18 0.038810506 
477 267 14 17 0.03865292 
828 121 12 15 0.038420495 
784 6 12 14 0.038401745 
377 91 16 20 0.03827528 
524 266 13 17 0.038070135 
611 0 16 17 0.03773349 
225 0 16 17 0.037702482 
824 161 22 26 0.037681274 
968 251 11 16 0.03764708 
511 216 13 17 0.037645243 
134 196 12 17 0.037584845 
5 9 14 17 0.03742423 
531 22 17 23 0.037029304 
908 152 14 20 0.036971122 
695 287 16 22 0.036888834 
980 480 22 27 0.036748398 
790 249 14 18 0.03662902 
813 156 14 16 0.03650665 
881 192 15 21 0.03642639 
561 572 17 22 0.036340848 
235 188 14 18 0.036006518 
575 325 15 18 0.03598058 
261 101 15 18 0.035918202 
942 74 15 18 0.035863716 
471 337 14 20 0.035815414 
537 4 21 25 0.03577669 
5 377 13 18 0.035709225 
199 186 11 16 0.03563773 
870 420 17 21 0.035496376 
323 53 16 20 0.035373762 
885 367 19 25 0.03532116 
214 563 16 21 0.035318077 
604 450 15 22 0.035175856 
143 567 17 22 0.035044458 
286 338 22 26 0.034854475 
86 -1 15 12 0.034839112 
127 126 16 20 0.03479656 
428 580 14 17 0.034763977 
196 578 15 19 0.03464747 
358 618 12 14 0.034445446 
184 217 13 18 0.034440227 
950 0 16 18 0.034341697 
741 401 16 21 0.03416823 
4 305 13 20 0.034142304 
736 0 15 18 0.034078036 
816 164 14 18 0.034068022 
425 103 16 22 0.034059983 
10 149 15 19 0.03396093 
167 212 14 17 0.033920694 
116 477 16 20 0.033889897 
235 529 20 24 0.03369315 
15 286 12 17 0.033678807 
423 -1 14 12 0.03335931 
915 493 18 20 0.03335774 
495 437 14 17 0.033297945 
150 154 11 17 0.033242505 
285 82 14 19 0.033194423 
91 123 12 17 0.032976646 
489 355 14 19 0.032875907 
958 32 16 22 0.032869514 
718 510 18 22 0.032798193 
1007 600 15 23 0.03269792 
1014 28 9 15 0.032651618 
442 253 14 19 0.032640927 
936 245 19 25 0.032640763 
660 1 15 19 0.03259078 
846 136 14 18 0.032579415 
166 318 17 22 0.032464568 
784 11 22 27 0.03233581 
332 11 14 18 0.03221821 
1013 372 10 16 0.032154005 
127 381 13 17 0.03213919 
208 64 16 20 0.032137353 
504 426 15 19 0.03211893 
613 53 14 18 0.03204235 
286 15 22 29 0.032031503 
10 299 20 28 0.031777255 
844 515 15 18 0.031600364 
251 172 12 15 0.031522114 
556 385 13 17 0.03150034 
332 622 14 19 0.031444725 
550 42 12 16 0.0314024 
896 137 20 25 0.03139142 
635 1 21 24 0.03137766 
917 321 15 19 0.031279426 
333 487 14 21 0.031242574 
73 0 16 17 0.03120981 
652 434 14 18 0.031112265 
6 394 14 19 0.031107277 
219 23 13 17 0.031020323 
7 130 12 17 0.031010011 
219 239 16 19 0.030982044 
538 210 15 20 0.03077446 
607 186 14 17 0.03076 
164 435 12 17 0.03072857 
677 442 14 18 0.030713689 
373 219 14 17 0.03070914 
431 264 16 20 0.030680481 
255 272 14 18 0.030668732 
950 33 16 21 0.030648937 
783 21 16 22 0.030633437 
247 14 12 15 0.030590845 
183 165 14 17 0.03053755 
920 0 14 14 0.030502535 
155 151 15 19 0.030399878 
485 271 16 20 0.030393608 
488 95 17 20 0.030381966 
699 276 17 20 0.030350061 
668 2 16 19 0.030296275 
329 261 18 20 0.030246792 
0 62 13 20 0.030224731 
949 24 15 20 0.030201763 
921 311 18 24 0.029980794 
163 489 13 17 0.029803384 
341 412 17 23 0.029792383 
444 296 13 18 0.029777095 
762 591 22 27 0.029768327 
65 354 15 22 0.029765632 
827 242 14 19 0.029722674 
132 237 16 21 0.029643675 
1003 32 14 19 0.029600611 
162 5 24 25 0.029555622 
855 76 13 16 0.029305546 
256 482 13 18 0.029156014 
396 0 14 19 0.029115574 
405 106 13 19 0.02910578 
697 456 16 20 0.029023629 
123 494 16 21 0.029005505 
0 230 10 16 0.028958647 
532 263 13 18 0.028941635 
533 341 14 17 0.028929695 
809 121 15 20 0.028883487 
267 172 12 15 0.028879665 
502 663 16 21 0.028850485 
867 312 15 20 0.028793078 
229 486 17 20 0.028724808 
274 418 14 19 0.0285781 
979 236 23 27 0.028573735 
987 425 16 21 0.028565664 
553 599 20 26 0.02856201 
455 552 13 19 0.028406624 
411 250 14 18 0.028333353 
0 308 11 17 0.028330738 
799 318 13 16 0.028324403 
997 43 15 20 0.028278427 
170 29 17 19 0.02827305 
66 59 14 19 0.028233191 
370 487 20 25 0.028185962 
128 -2 15 14 0.028147426 
987 468 23 29 0.0281401 
515 499 13 17 0.028085874 
372 548 12 18 0.028050987 
143 660 14 18 0.027951159 
686 255 14 20 0.027916588 
350 0 13 14 0.027881764 
426 212 19 26 0.027633147 
828 309 17 21 0.02729703 
515 90 14 17 0.02721373 
427 -6 21 22 0.027191872 
655 91 15 19 0.027135301 
941 82 16 19 0.027059415 
661 482 15 20 0.026994081 
940 628 13 16 0.026965387 
941 685 25 26 0.02693235 
311 530 15 20 0.0269056 
199 558 15 21 0.026876852 
317 225 13 16 0.026867473 
333 20 16 22 0.02676225 
555 595 15 19 0.026734266 
1013 318 12 17 0.026729262 
155 339 23 28 0.026686966 
429 603 18 24 0.026677847 
358 91 16 21 0.026642624 
698 50 14 18 0.026589444 
505 500 17 21 0.02656863 
998 393 15 20 0.026509412 
367 86 14 18 0.02646733 
813 411 15 19 0.026430046 
547 158 19 25 0.026426103 
453 489 14 21 0.026395708 
422 458 16 20 0.026358757 
508 393 14 19 0.026347555 
306 11 12 16 0.026344353 
445 194 21 30 0.026343664 
3 288 13 18 0.026309336 
287 329 15 19 0.026204057 
318 595 17 23 0.02615999 
664 532 19 22 0.026147226 
1012 36 12 17 0.026140666 
119 191 18 20 0.026020031 
84 398 15 20 0.026004786 
230 315 17 22 0.025915645 
1 161 13 20 0.025814673 
537 173 17 22 0.025799828 
431 8 14 18 0.025730502 
715 221 15 20 0.025567647 
341 253 11 16 0.02553249 
722 428 15 19 0.025497036 
789 49 14 18 0.025379648 
733 497 21 26 0.025356434 
20 303 16 22 0.02533577 
414 101 17 22 0.025311992 
493 255 19 23 0.025180662 
601 123 16 21 0.025152031 
194 234 15 18 0.025150381 
659 475 15 19 0.025064992 
0 537 11 19 0.025051735 
967 498 14 19 0.02502707 
485 284 15 18 0.025024403 
478 109 17 22 0.02492283 
253 -1 16 14 0.024916956 
779 538 23 26 0.024909265 
976 12 16 18 0.02490223 
421 626 13 18 0.024850555 
814 484 14 20 0.024826104 
3 629 14 19 0.024793025 
677 0 14 16 0.024768956 
646 264 13 17 0.024744641 
372 615 17 21 0.02464758 
57 421 19 24 0.024628377 
0 670 11 22 0.024548275 
87 14 12 15 0.02454456 
569 129 16 19 0.024537465 
218 30 15 21 0.02450884 
650 151 16 19 0.02444943 
160 21 15 19 0.024425523 
-1 346 9 16 0.024224777 
559 353 14 20 0.024192847 
517 38 20 25 0.024158623 
798 464 16 20 0.024112003 
483 379 14 18 0.024063284 
775 85 15 19 0.023997705 
321 465 20 25 0.023993762 
442 590 14 19 0.023946768 
1010 676 13 18 0.023945276 
907 210 15 21 0.023921156 
458 284 14 17 0.023919823 
50 147 16 20 0.023917668 
267 163 14 18 0.023859559 
207 50 13 18 0.023852993 
24 117 17 21 0.023844799 
687 63 13 18 0.023825716 
413 458 14 20 0.023763375 
31 223 16 19 0.023726996 
348 88 15 20 0.023708409 
252 489 13 18 0.02366879 
305 277 18 20 0.023610208 
311 541 17 22 0.023602609 
490 3 15 17 0.023598526 
21 386 15 22 0.023508845 
156 322 24 29 0.023471098 
570 564 21 28 0.02343112 
296 353 15 20 0.0233451 
470 68 13 18 0.023312632 
243 0 16 17 0.023173664 
43 435 17 22 0.023170834 
908 138 14 19 0.023170138 
542 -1 15 14 0.02304846 
587 183 15 19 0.023039153 
325 225 12 16 0.02303453 
672 65 14 18 0.022882782 
1013 633 12 19 0.02286919 
119 120 14 19 0.0228122 
604 399 14 18 0.022724543 
886 607 16 21 0.0226958 
343 520 15 20 0.022676328 
832 286 22 26 0.022662032 
685 563 15 19 0.022626506 
592 116 15 18 0.022593897 
766 318 16 20 0.022590926 
327 538 16 21 0.022499273 
321 365 11 16 0.022468036 
501 234 13 18 0.022426639 
563 606 22 29 0.022383738 
324 81 14 19 0.022381578 
605 34 14 18 0.022313751 
341 89 14 19 0.02229551 
70 287 15 19 0.022281926 
848 284 15 18 0.022252604 
293 -5 20 22 0.022242654 
874 -2 13 15 0.022177149 
107 623 16 23 0.022158893 
265 61 20 27 0.022129929 
94 348 18 21 0.02211009 
359 50 13 18 0.022065187 
388 418 20 27 0.022024376 
518 604 18 22 0.021971319 
1005 380 15 20 0.021857511 
659 468 15 16 0.0218219 
229 309 14 18 0.021811958 
20 220 13 17 0.021786666 
526 26 14 19 0.021747436 
123 116 14 19 0.021706032 
787 266 21 24 0.021657906 
718 419 14 18 0.021655494 
300 410 15 19 0.021640476 
792 351 16 21 0.021611875 
329 564 23 28 0.021604909 
476 26 14 18 0.021550315 
455 313 21 27 0.021497527 
542 50 12 17 0.021489589 
661 291 14 17 0.02144131 
326 569 15 19 0.021431675 
296 32 15 20 0.021420045 
388 585 13 17 0.021391084 
1002 418 20 32 0.021378996 
806 118 13 17 0.021361021 
1007 265 20 28 0.021311874 
283 90 15 20 0.02128183 
117 469 15 18 0.021236254 
17 0 15 14 0.021166239 
784 57 16 20 0.021138923 
-1 182 9 16 0.021128347 
744 235 15 18 0.021093093 
644 51 15 20 0.021089585 
276 545 15 18 0.021020202 
840 257 19 24 0.021015782 
824 320 14 19 0.020996384 
417 218 20 27 0.020957699 
937 633 12 16 0.020908697 
750 172 17 23 0.020894114 
436 609 24 28 0.020888077 
684 536 15 20 0.020873182 
161 67 24 29 0.020854658 
314 666 16 19 0.02080843 
397 197 16 21 0.020732814 
1002 173 20 26 0.020724354 
331 246 14 19 0.020723978 
668 350 16 20 0.020684706 
398 13 16 22 0.020636948 
174 436 12 17 0.020635493 
776 25 13 19 0.020634498 
726 223 18 24 0.020622866 
856 558 17 21 0.02057975 
227 20 12 16 0.020553065 
501 355 12 17 0.020519398 
367 467 22 27 0.02051086 
964 95 14 19 0.020472273 
814 177 19 24 0.020464515 
1006 555 14 17 0.020444885 
526 361 15 20 0.020414522 
31 111 20 26 0.020406732 
172 109 14 18 0.020364927 
188 225 16 19 0.020332446 
23 193 14 20 0.02033108 
561 158 20 26 0.02031967 
726 521 21 27 0.020280402 
17 52 14 19 0.020277664 
506 45 21 25 0.020265404 
934 462 16 20 0.020262836 
814 403 15 18 0.020236611 
865 169 16 21 0.020231407 
295 474 16 21 0.020219889 
609 130 14 19 0.020213217 
55 635 16 24 0.020170873 
414 258 13 18 0.020164944 
316 235 15 18 0.020154828 
244 127 16 19 0.02014889 
805 425 18 23 0.02014454 
965 3 14 16 0.02013304 
939 56 15 20 0.020083504 
963 275 11 16 0.020067094 
467 258 15 17 0.02006666 
485 255 14 17 0.020059187 
996 380 15 18 0.020045703 
622 178 14 18 0.020034336 
