12_Group_Group_12_Group_Group_12_843
128
391 495 94 105 0.9983115 
621 202 17 20 0.95793194 
506 227 13 17 0.93496615 
89 433 119 203 0.88575405 
547 222 11 14 0.82986504 
420 238 14 18 0.71813685 
667 261 19 22 0.66856724 
58 325 15 19 0.23691206 
585 192 8 12 0.15565819 
600 334 36 39 0.15015987 
604 211 11 14 0.13596775 
281 443 16 19 0.13091186 
643 219 11 14 0.11295324 
191 737 14 18 0.1086427 
242 215 8 11 0.086136825 
521 381 34 37 0.06841242 
595 240 21 28 0.06808736 
318 446 49 65 0.06800425 
601 207 11 13 0.067691036 
224 225 8 9 0.061674096 
516 303 10 14 0.054531258 
532 237 10 12 0.054067913 
224 230 8 10 0.05372251 
532 245 10 12 0.047866333 
531 291 14 18 0.047824956 
242 207 7 9 0.046763532 
278 692 13 16 0.045561895 
580 217 14 18 0.04544067 
134 367 36 34 0.044321135 
311 201 7 9 0.044052698 
637 195 13 17 0.04177325 
580 269 11 15 0.041254293 
223 208 9 10 0.0409524 
587 561 189 207 0.040088452 
185 223 8 10 0.039861336 
190 223 7 10 0.039195914 
491 340 28 34 0.037977803 
592 253 11 16 0.037596364 
305 471 60 70 0.037569415 
257 224 6 9 0.036581025 
600 321 29 37 0.036338873 
263 175 7 10 0.036119185 
247 207 7 9 0.035615016 
495 251 10 14 0.035020955 
728 303 8 11 0.03441939 
169 208 9 11 0.034209892 
597 310 26 34 0.033795394 
173 212 8 10 0.03341836 
598 217 11 15 0.033221357 
409 270 9 12 0.03314585 
186 723 22 30 0.03310038 
549 259 11 15 0.032707997 
216 207 7 9 0.032564778 
8 183 9 11 0.032390866 
589 219 12 15 0.032102127 
241 184 6 8 0.03142693 
633 201 15 19 0.03142533 
248 222 7 9 0.031302266 
542 162 16 19 0.03098757 
264 223 7 8 0.030665899 
615 244 12 16 0.03012351 
650 265 24 30 0.029876685 
604 243 26 28 0.029605836 
884 591 48 53 0.029584885 
593 258 23 30 0.02904514 
224 213 7 9 0.02899588 
637 213 19 25 0.028299095 
166 230 9 11 0.028121063 
184 216 8 9 0.02802846 
-21 445 141 200 0.027971819 
1014 155 9 14 0.027706942 
200 233 9 10 0.027676348 
322 464 82 93 0.027209252 
525 317 11 12 0.027061304 
214 200 8 10 0.026987875 
596 272 15 19 0.02683199 
194 742 17 19 0.026796004 
575 214 12 17 0.026695391 
334 444 58 79 0.026559345 
575 194 11 14 0.026369257 
200 208 7 9 0.02611865 
573 237 10 13 0.025900315 
295 510 50 39 0.0257949 
656 256 24 28 0.025621902 
257 192 8 9 0.025197249 
603 290 15 17 0.025032746 
595 254 17 21 0.02496703 
248 201 7 9 0.024874657 
254 247 9 12 0.02487215 
168 225 8 10 0.02484171 
257 216 7 9 0.024831885 
129 216 8 10 0.024552643 
100 320 10 13 0.024187412 
492 302 14 19 0.023948668 
499 341 16 20 0.023892222 
185 206 8 10 0.023876846 
653 245 10 14 0.023814414 
637 285 24 27 0.023424353 
3 38 53 80 0.023306072 
633 560 58 62 0.023155687 
429 342 10 13 0.02306374 
191 200 7 9 0.022977917 
534 213 11 15 0.022942038 
241 200 7 10 0.022778679 
184 199 9 10 0.022655467 
638 273 25 29 0.022419525 
567 381 10 14 0.022407593 
179 747 14 18 0.022334628 
616 206 14 18 0.022286477 
596 236 14 19 0.022160988 
64 268 8 11 0.022094453 
221 744 16 19 0.021973632 
514 221 12 16 0.02184025 
539 95 43 57 0.021618027 
200 213 8 10 0.021372404 
47 325 27 30 0.021173878 
646 268 13 16 0.02097638 
618 512 96 117 0.0209563 
0 171 8 12 0.020832894 
223 190 8 10 0.020763416 
498 297 14 18 0.020735255 
599 277 25 28 0.020568676 
655 260 13 18 0.020409178 
595 347 31 40 0.020406732 
602 272 18 20 0.020329542 
165 238 9 10 0.020220237 
176 401 51 65 0.020047551 
60 322 11 13 0.020040182 
