12_Group_Team_Organized_Group_12_Group_Team_Organized_Group_12_617
147
196 192 45 60 0.9978669 
561 154 43 56 0.99475867 
845 128 22 33 0.99154294 
908 192 45 51 0.9891805 
653 155 18 23 0.9845072 
756 167 18 22 0.97518355 
275 178 16 19 0.9560965 
66 202 23 27 0.94028914 
803 161 20 27 0.92964983 
980 157 16 22 0.9081706 
356 228 22 28 0.84861785 
271 226 20 30 0.7287589 
352 172 12 16 0.7262972 
692 174 10 12 0.6653652 
384 159 12 15 0.63987154 
636 166 10 13 0.6106237 
256 216 25 35 0.6010029 
714 154 14 19 0.5232154 
294 167 17 20 0.5140631 
400 196 10 13 0.44175568 
440 199 10 14 0.37554184 
738 159 14 20 0.36742347 
784 199 12 15 0.33574137 
971 164 22 29 0.31888166 
308 224 11 17 0.20812185 
137 201 27 46 0.17116731 
347 188 14 17 0.17009072 
252 202 24 31 0.14126557 
11 249 21 31 0.13772514 
301 224 13 20 0.10950332 
334 259 13 18 0.10684111 
310 158 10 12 0.08506868 
723 161 14 17 0.08417518 
716 166 14 20 0.0826482 
106 206 24 29 0.08067633 
847 139 27 35 0.077321656 
281 229 18 24 0.07702869 
631 168 13 16 0.0762285 
814 190 15 20 0.07404154 
279 168 21 25 0.07297317 
793 221 11 14 0.06894483 
368 189 11 14 0.06775334 
292 157 15 18 0.061942406 
701 238 9 10 0.061271645 
797 230 13 16 0.059423827 
719 121 12 14 0.057521924 
501 199 8 10 0.056709293 
812 150 13 16 0.05627546 
439 192 10 12 0.055827763 
731 582 26 43 0.054525163 
964 170 23 32 0.054136325 
291 224 17 24 0.054097064 
410 214 8 11 0.05342451 
510 189 7 9 0.052213956 
505 191 8 10 0.05188608 
382 198 8 12 0.051875997 
142 188 34 49 0.046760906 
275 232 27 33 0.045618992 
48 285 13 18 0.045602713 
395 174 14 18 0.043879416 
984 162 18 23 0.042465698 
-4 247 79 113 0.038739897 
249 189 24 30 0.037295662 
346 198 17 19 0.03671305 
423 246 9 11 0.035567407 
3 266 29 37 0.03480293 
395 187 18 25 0.034623228 
356 189 11 15 0.03396176 
717 143 12 17 0.033953913 
246 168 10 11 0.033498626 
101 215 16 20 0.032405183 
344 179 13 15 0.031849377 
705 187 11 15 0.03182183 
430 212 9 12 0.03163441 
622 181 13 17 0.03135014 
307 162 12 17 0.03067539 
365 201 13 17 0.03062711 
802 233 13 15 0.030583477 
395 158 11 13 0.030023906 
689 169 17 22 0.02972819 
367 183 10 15 0.029552167 
393 203 10 14 0.029473666 
43 281 22 29 0.029234942 
735 215 10 13 0.028891744 
4 249 18 23 0.02854057 
12 270 53 65 0.028419493 
497 192 9 11 0.028245268 
445 191 9 12 0.028157018 
431 205 11 15 0.02807569 
432 192 9 12 0.027813861 
357 195 13 16 0.02772645 
348 225 17 22 0.02751743 
423 239 8 11 0.02668171 
347 218 15 20 0.02631702 
740 220 11 12 0.025954941 
487 236 11 16 0.0258454 
394 195 12 15 0.025668383 
780 236 13 16 0.02531947 
614 582 9 13 0.025193946 
839 196 11 15 0.02491982 
319 151 9 11 0.024840135 
259 190 13 18 0.0245911 
90 1 14 15 0.024511285 
433 196 10 14 0.02448113 
425 207 9 13 0.024342734 
952 190 27 39 0.024256447 
708 179 12 15 0.023848644 
73 195 26 32 0.023673236 
934 137 12 16 0.023460545 
90 205 23 27 0.023351986 
271 182 15 20 0.02323857 
48 184 10 12 0.022992125 
767 152 11 13 0.022874322 
281 184 13 17 0.02275553 
852 156 16 22 0.022554228 
105 221 18 23 0.022519108 
733 167 13 18 0.022315606 
501 203 9 12 0.022309825 
94 216 14 18 0.022291642 
288 166 14 16 0.022152567 
244 212 25 36 0.022108389 
382 203 11 15 0.022102928 
856 131 18 24 0.022069834 
718 131 11 14 0.021983182 
438 196 17 22 0.02196262 
388 213 11 13 0.021644546 
397 237 10 12 0.02156123 
808 152 11 15 0.021460399 
301 159 13 16 0.021294525 
734 151 13 18 0.021176534 
670 457 50 54 0.021073114 
418 238 8 11 0.021036759 
819 148 12 17 0.020968078 
448 238 10 14 0.02077894 
743 594 47 53 0.020774145 
117 207 27 35 0.020764794 
395 164 13 14 0.02073634 
94 205 11 15 0.020734396 
343 223 14 21 0.020580135 
418 245 8 12 0.020527951 
789 213 12 16 0.02051118 
492 230 12 18 0.020495424 
86 232 26 34 0.020286752 
726 556 55 64 0.020274546 
567 406 10 12 0.020223394 
699 122 11 14 0.020212919 
740 464 14 18 0.020115852 
