12_Group_Team_Organized_Group_12_Group_Team_Organized_Group_12_442
75
759 182 23 29 0.99478805 
455 211 20 28 0.9917672 
810 165 23 35 0.9908454 
522 182 23 32 0.98945576 
238 194 28 39 0.95661646 
201 186 17 26 0.9282968 
26 218 24 34 0.9161864 
968 218 28 30 0.90451044 
665 203 31 36 0.90355605 
605 135 26 34 0.7754123 
380 209 16 27 0.68615925 
127 197 21 30 0.4438699 
549 164 13 17 0.31321046 
679 205 26 31 0.25616166 
1012 244 11 20 0.22976847 
127 192 14 23 0.22601353 
880 266 18 23 0.14626868 
777 149 22 28 0.12953095 
161 186 27 33 0.12421277 
999 176 14 19 0.08770164 
984 215 18 25 0.080450475 
169 176 39 45 0.07546859 
980 284 15 24 0.074168295 
258 170 14 20 0.07265167 
629 165 16 22 0.07078322 
863 233 21 31 0.0637207 
869 212 12 15 0.0635817 
780 125 25 28 0.055429045 
873 280 17 22 0.05380023 
1011 177 13 20 0.053761523 
1012 284 10 16 0.053626776 
311 219 11 15 0.05225947 
31 191 10 14 0.052002013 
166 247 11 17 0.051670298 
547 172 17 26 0.04746253 
806 259 30 44 0.04442648 
148 191 17 23 0.044384185 
810 159 16 22 0.04381447 
1012 235 11 19 0.04224004 
993 216 17 24 0.040371187 
151 192 28 31 0.039459977 
27 159 19 23 0.03878395 
137 194 17 22 0.038280014 
534 177 20 29 0.036836725 
559 196 13 17 0.03665505 
553 167 15 22 0.036627427 
876 258 17 23 0.035770267 
516 128 14 16 0.034261152 
154 186 19 25 0.031749953 
870 269 24 28 0.029701661 
774 130 16 18 0.028151318 
252 172 21 31 0.027920116 
774 134 26 32 0.027553385 
393 209 16 22 0.027433816 
853 175 14 21 0.027322194 
404 208 15 21 0.02686417 
977 363 26 34 0.026543349 
869 286 16 21 0.02582449 
773 148 16 22 0.024627883 
1000 272 20 29 0.024618126 
555 183 14 20 0.02404511 
310 224 14 19 0.023575354 
32 209 19 30 0.022983713 
191 191 15 21 0.022711786 
812 168 36 46 0.022630453 
473 217 14 19 0.022283526 
517 172 14 18 0.022138039 
411 202 13 20 0.021935424 
27 203 17 26 0.021919357 
993 275 16 20 0.021916963 
385 206 17 23 0.021458402 
783 138 30 34 0.021137537 
1001 174 21 30 0.020729786 
881 280 17 23 0.020515561 
556 196 23 28 0.020040842 
