12_Group_Large_Group_12_Group_Large_Group_12_13
81
637 347 17 22 0.9917359 
569 368 19 22 0.9901516 
478 367 18 21 0.9886241 
232 354 19 24 0.9838394 
311 356 19 22 0.98102367 
117 337 22 27 0.97858685 
730 355 18 23 0.97798836 
904 371 19 24 0.9715272 
866 409 22 27 0.9692673 
805 363 19 23 0.9632948 
357 406 16 20 0.96172434 
680 393 21 25 0.96056485 
517 398 18 23 0.95221514 
408 363 17 21 0.9494439 
165 392 21 26 0.94559824 
377 359 16 18 0.6518516 
34 157 10 14 0.18656524 
55 363 13 19 0.15663448 
458 24 47 70 0.11258583 
828 438 13 17 0.076125056 
297 337 17 20 0.069996044 
616 345 12 16 0.06070251 
22 173 9 10 0.054895815 
907 271 7 9 0.05178444 
814 30 94 111 0.04967402 
713 388 17 21 0.04807248 
822 50 58 65 0.04648453 
521 364 11 14 0.04502596 
15 165 10 13 0.04383922 
159 341 13 16 0.04351663 
17 170 10 13 0.038261075 
560 334 11 14 0.036746114 
373 376 16 20 0.0364012 
374 334 11 16 0.03559761 
458 389 14 17 0.03553987 
32 184 7 9 0.035227872 
550 351 10 13 0.03482632 
391 380 12 16 0.034642305 
238 324 9 12 0.034472063 
504 333 8 10 0.033847917 
831 433 19 26 0.033418346 
687 173 49 66 0.031066587 
243 383 16 20 0.03053154 
821 57 33 42 0.02987087 
180 338 14 18 0.027850762 
438 384 15 17 0.027564378 
189 329 13 17 0.027265567 
891 521 47 51 0.02714453 
264 317 11 14 0.026976867 
367 360 15 20 0.026685903 
621 458 10 16 0.026425807 
198 331 11 14 0.026270948 
309 315 10 12 0.02607365 
205 384 15 19 0.025901638 
378 367 14 18 0.025093202 
676 346 12 16 0.024576133 
854 279 8 9 0.02413339 
229 332 12 15 0.024018774 
454 12 83 106 0.02391613 
230 428 11 13 0.023758091 
377 315 10 14 0.02364672 
837 255 9 10 0.023218933 
199 346 13 17 0.022622367 
366 332 11 14 0.022513535 
432 404 10 13 0.022446113 
78 279 10 12 0.02233884 
833 255 9 10 0.022312352 
71 351 11 14 0.022011327 
299 327 14 16 0.021936914 
176 237 8 10 0.021883568 
541 432 12 15 0.021693358 
374 418 13 18 0.021562928 
174 339 13 17 0.021542259 
992 270 8 11 0.021214608 
820 76 35 39 0.021144195 
340 360 14 18 0.02114278 
593 82 49 66 0.02093407 
870 288 8 10 0.02092561 
332 380 16 22 0.020618347 
375 309 11 14 0.020592524 
577 99 57 71 0.020067673 
