9_Press_Conference_Press_Conference_9_563
22
392 105 189 262 0.9998963 
780 213 129 166 0.99953794 
989 281 15 18 0.13391247 
723 34 16 19 0.10639038 
369 29 25 29 0.10451056 
980 321 44 63 0.078052856 
257 331 44 66 0.073571675 
160 225 64 81 0.07088749 
250 344 31 45 0.06244856 
372 21 17 20 0.059850678 
461 538 66 69 0.055839013 
418 543 123 105 0.053872958 
716 74 45 57 0.049282923 
266 562 109 83 0.038062118 
719 37 24 28 0.03734118 
341 148 413 469 0.037275854 
961 530 36 41 0.030843608 
575 570 28 33 0.027243944 
889 186 15 19 0.026720684 
668 356 36 47 0.026146261 
931 418 33 45 0.025085706 
462 585 70 69 0.024981163 
