9_Press_Conference_Press_Conference_9_343
34
496 115 124 179 0.9997069 
186 20 173 209 0.72957695 
21 74 216 304 0.7272688 
20 676 236 307 0.7144514 
94 64 168 212 0.6394568 
22 521 229 328 0.52992606 
174 352 124 176 0.41893953 
99 335 171 228 0.39608 
16 203 215 301 0.391298 
769 53 194 281 0.24766588 
159 48 128 158 0.19530852 
823 487 164 205 0.13576241 
39 387 215 293 0.120405495 
124 193 166 249 0.10049388 
545 616 193 311 0.090756655 
50 821 232 264 0.090471976 
163 84 186 253 0.085202046 
237 -19 192 299 0.06889893 
235 477 378 511 0.059680466 
805 705 174 217 0.043883257 
161 761 138 191 0.042948708 
121 686 139 171 0.039720118 
-14 452 184 307 0.030619433 
18 22 182 216 0.030596677 
839 384 161 231 0.027627185 
114 543 333 453 0.027457546 
791 563 197 236 0.02744035 
416 174 413 481 0.027242877 
764 5 171 198 0.026691576 
830 806 124 144 0.026606474 
875 43 153 260 0.025555102 
878 750 131 165 0.025145683 
457 538 345 456 0.022830587 
898 686 124 171 0.02011649 
