9_Press_Conference_Press_Conference_9_748
23
296 217 411 560 0.9999716 
309 445 559 581 0.24153845 
333 1076 444 544 0.14914785 
-67 466 369 499 0.10278616 
236 866 418 572 0.100480035 
436 701 429 518 0.08931414 
744 551 337 478 0.069447406 
203 88 399 489 0.06442857 
625 7 347 468 0.062312655 
279 1187 201 332 0.06117967 
55 983 375 495 0.052061908 
621 61 198 269 0.05141283 
32 514 215 343 0.04639825 
713 17 217 293 0.04349346 
-28 404 239 330 0.041077595 
581 568 365 498 0.032047287 
419 983 486 460 0.03121753 
840 577 178 269 0.028318679 
-33 -50 465 439 0.024963718 
648 772 433 532 0.024002217 
70 645 217 344 0.022511512 
3 624 116 175 0.022040863 
59 418 131 155 0.021196436 
