9_Press_Conference_Press_Conference_9_352
17
120 465 528 655 0.99998987 
346 524 397 508 0.9793058 
687 1204 368 485 0.31678295 
627 1382 113 135 0.26081648 
-91 1036 442 553 0.15875947 
581 1330 209 268 0.13868478 
161 331 399 529 0.10325207 
205 933 470 525 0.085994534 
-8 1301 276 331 0.061257973 
394 341 422 466 0.060520053 
610 579 389 486 0.050283793 
761 169 452 521 0.049593657 
753 1304 229 276 0.04330999 
642 977 354 491 0.035321392 
418 1102 392 506 0.035127304 
98 202 399 457 0.026757805 
630 -91 427 473 0.022958463 
