9_Press_Conference_Press_Conference_9_60
73
681 393 28 36 0.99946564 
393 386 29 37 0.9985983 
767 388 27 35 0.9968298 
261 397 31 41 0.9957689 
554 315 30 39 0.9947432 
863 403 25 32 0.9895723 
120 384 30 38 0.9645392 
936 456 33 48 0.6064605 
814 468 25 31 0.21943235 
466 330 37 38 0.16090581 
805 489 49 59 0.15749441 
334 477 29 35 0.12719479 
771 510 29 50 0.12110244 
636 399 19 21 0.11558474 
956 471 35 38 0.107981704 
340 566 80 108 0.1054044 
824 512 31 46 0.102091685 
403 485 15 18 0.10146102 
780 526 44 53 0.091432 
548 510 38 61 0.08978237 
362 559 50 75 0.078085884 
800 469 49 54 0.06837046 
240 481 15 18 0.06454918 
774 532 23 42 0.06441593 
699 474 33 35 0.058574468 
313 478 33 39 0.05726511 
800 519 45 54 0.05239082 
432 365 11 14 0.048578292 
609 505 39 56 0.04822109 
995 495 31 41 0.047333114 
418 617 13 18 0.0462978 
643 365 15 19 0.04597001 
972 457 29 42 0.045309782 
1001 457 22 40 0.041886285 
677 370 17 20 0.0415196 
825 469 14 19 0.041482046 
642 404 16 22 0.040947635 
425 329 29 34 0.04089596 
625 437 27 45 0.040695857 
633 385 26 32 0.04054295 
710 357 11 15 0.038934067 
453 290 45 55 0.038628556 
636 370 26 31 0.038081728 
475 364 26 27 0.035206106 
412 484 12 16 0.03432488 
304 468 33 41 0.033082806 
215 372 12 16 0.032532126 
620 335 26 28 0.032526977 
990 451 27 43 0.031996172 
553 529 45 63 0.031954844 
580 -26 446 488 0.03151755 
386 586 51 74 0.031172344 
111 387 25 32 0.030992908 
421 495 18 20 0.030812854 
165 757 11 11 0.030366551 
382 494 13 15 0.030068504 
410 485 22 25 0.029685875 
388 491 13 16 0.02804242 
356 512 17 21 0.026507014 
650 401 13 19 0.026109602 
1011 467 14 24 0.02521191 
136 392 15 23 0.023478068 
940 456 17 30 0.023285154 
372 493 24 29 0.022772018 
852 652 29 36 0.022396484 
629 404 24 30 0.022372777 
312 496 35 43 0.022000063 
917 465 13 17 0.02177784 
630 394 17 21 0.021717733 
545 467 50 66 0.021565173 
917 457 24 34 0.020715479 
596 420 14 18 0.020431211 
461 308 12 15 0.020167133 
