9_Press_Conference_Press_Conference_9_872
28
413 334 214 269 0.99990296 
481 950 72 99 0.714567 
288 471 26 35 0.45543176 
249 430 24 38 0.4385158 
249 443 38 55 0.108185016 
977 849 14 20 0.1059267 
30 1020 12 18 0.056224555 
268 447 41 56 0.04880905 
243 328 17 21 0.04731181 
242 471 16 23 0.042958144 
299 942 422 395 0.042067256 
68 478 56 66 0.035738334 
528 512 402 478 0.034574818 
28 902 14 20 0.0342754 
246 459 26 41 0.034198638 
464 952 54 76 0.031597 
582 881 32 38 0.030509908 
937 821 14 18 0.027085848 
325 429 404 511 0.023438295 
276 311 24 30 0.02339872 
950 655 70 125 0.022621559 
484 1028 12 16 0.022441184 
550 782 15 17 0.022266865 
575 801 13 17 0.022009514 
241 304 25 31 0.021224745 
426 81 407 438 0.020553846 
549 794 13 16 0.020507807 
613 258 47 88 0.020407619 
