9_Press_Conference_Press_Conference_9_31
214
46 286 14 17 0.9928295 
81 481 21 36 0.93381876 
18 307 15 18 0.904483 
443 205 15 21 0.88382345 
587 210 14 18 0.84475416 
806 444 28 32 0.7825081 
859 431 22 29 0.77990425 
338 386 21 27 0.736275 
186 377 22 28 0.71465284 
56 421 28 32 0.6945563 
259 373 26 31 0.63277864 
150 426 30 37 0.5830641 
339 492 29 36 0.5766967 
905 400 26 35 0.5234626 
117 374 17 23 0.5177025 
958 437 24 29 0.4826792 
279 579 54 51 0.4213466 
614 433 28 34 0.35095015 
745 379 24 29 0.34903973 
969 493 28 36 0.33928984 
192 436 32 38 0.33577538 
70 377 22 28 0.3319214 
818 373 22 27 0.3242603 
663 389 18 20 0.32347828 
396 432 26 30 0.30456978 
403 381 22 26 0.27984652 
878 389 21 26 0.2738824 
83 378 15 22 0.26237458 
980 354 17 21 0.2529225 
11 423 17 23 0.23647904 
19 359 17 19 0.2183495 
28 439 17 21 0.20164336 
67 485 34 49 0.18490927 
867 427 24 30 0.17739554 
969 434 26 30 0.17425531 
298 442 30 34 0.17260362 
66 428 26 31 0.16740611 
929 364 17 20 0.14196253 
887 494 32 38 0.14080736 
336 508 42 58 0.13675827 
72 360 25 29 0.1203997 
938 365 18 20 0.11663145 
870 518 22 34 0.11561673 
29 619 25 29 0.11434298 
589 454 31 38 0.11199006 
786 491 30 36 0.10671457 
804 431 26 30 0.10303175 
599 438 42 54 0.10288542 
876 516 38 46 0.102048725 
224 516 30 39 0.0987679 
825 449 15 21 0.0972136 
680 533 19 31 0.09616347 
720 612 69 54 0.09574545 
315 434 16 19 0.09511193 
63 413 25 29 0.0942451 
394 452 27 31 0.086181514 
429 210 11 15 0.08612139 
722 432 24 29 0.08036519 
25 306 13 18 0.08023267 
300 586 59 58 0.07787203 
595 386 16 19 0.07583044 
332 458 14 18 0.07500981 
139 529 16 21 0.07211252 
64 386 23 27 0.07009069 
885 392 24 30 0.06982673 
279 597 31 38 0.068135485 
972 490 18 24 0.067312926 
152 508 39 48 0.06604434 
661 382 15 18 0.06418806 
75 596 25 37 0.061778706 
404 393 22 26 0.061279126 
0 309 10 17 0.061026692 
915 395 14 19 0.06092777 
928 370 21 26 0.060089193 
1004 370 16 20 0.059595317 
874 497 30 36 0.05787852 
82 338 14 16 0.057549246 
9 409 19 26 0.055918016 
869 385 21 27 0.05550499 
657 387 12 20 0.05523682 
883 381 18 21 0.0550963 
958 221 12 14 0.053494547 
856 522 27 41 0.050965052 
310 580 32 43 0.05095982 
104 563 44 63 0.050305933 
304 430 24 28 0.05001817 
326 456 15 19 0.049988788 
298 440 20 22 0.04963444 
741 390 16 21 0.04963146 
814 361 24 30 0.04855485 
20 426 19 27 0.04688922 
317 334 23 30 0.0458316 
408 461 26 32 0.045804285 
797 443 19 24 0.04564766 
308 639 53 49 0.044161055 
814 376 16 21 0.043998647 
852 371 21 25 0.043766018 
334 453 23 28 0.04210809 
171 518 25 36 0.04085072 
76 344 22 26 0.04074287 
901 436 17 20 0.040655136 
343 527 48 60 0.040642 
908 395 16 22 0.04052467 
1014 312 10 18 0.03981516 
19 394 24 26 0.039441712 
980 365 17 21 0.03891925 
160 417 25 33 0.038823817 
345 379 16 26 0.038395956 
782 393 15 20 0.03810768 
110 382 26 32 0.037267845 
656 381 12 16 0.03676442 
18 415 17 27 0.036726154 
320 449 25 30 0.036460515 
461 639 16 21 0.036376297 
436 187 11 15 0.0353132 
679 601 120 91 0.034788005 
430 202 19 26 0.034786385 
732 530 14 18 0.03421569 
591 393 16 20 0.033984847 
43 346 16 21 0.033684332 
299 361 18 23 0.03367094 
720 519 29 34 0.0336329 
868 366 15 16 0.03329168 
467 632 15 23 0.033060215 
44 341 14 16 0.03287353 
839 515 34 47 0.032402515 
60 364 23 29 0.032278106 
56 591 45 55 0.03219535 
110 371 18 22 0.032065067 
857 383 20 26 0.03141077 
873 406 24 29 0.031301484 
345 484 42 52 0.031239856 
344 455 26 30 0.030602572 
877 625 51 57 0.03019275 
748 374 16 19 0.029907715 
795 455 36 39 0.029733684 
133 524 47 53 0.029565299 
314 448 17 21 0.029418612 
393 452 43 51 0.029396169 
820 383 24 28 0.029182345 
970 429 19 22 0.02897647 
660 602 16 19 0.028817806 
867 379 16 21 0.028626867 
436 196 15 19 0.028144002 
668 513 34 51 0.028140811 
776 493 26 37 0.027827866 
976 481 27 33 0.027379295 
853 364 17 18 0.027314259 
419 471 17 21 0.026847944 
833 450 15 21 0.026444742 
845 436 21 29 0.02629455 
85 572 42 60 0.026139587 
138 517 27 34 0.026131872 
825 367 23 28 0.0260656 
639 197 12 16 0.026055919 
162 427 37 47 0.025952064 
4 308 13 17 0.025510428 
976 426 28 33 0.02550043 
579 184 23 28 0.024979457 
600 457 18 21 0.024826968 
931 381 17 22 0.024809947 
994 276 26 38 0.02470248 
973 356 18 24 0.02464864 
814 364 15 18 0.024521492 
83 365 22 30 0.024441456 
257 384 33 40 0.024393218 
925 356 16 21 0.02438029 
417 384 15 22 0.024366202 
99 440 23 28 0.02420503 
762 490 26 35 0.024059746 
391 191 10 14 0.02397967 
869 517 14 20 0.023807894 
752 470 31 42 0.02380414 
373 397 12 16 0.023775509 
80 437 16 24 0.023600496 
880 434 16 21 0.023548882 
298 385 18 24 0.023472534 
403 475 44 54 0.023352956 
920 231 11 14 0.023215678 
950 439 17 24 0.0232029 
430 195 13 16 0.02319176 
11 591 23 32 0.023170669 
677 523 17 26 0.023112455 
352 498 18 26 0.02311044 
667 397 17 19 0.023027252 
721 503 34 38 0.022933917 
950 446 25 34 0.022848513 
901 350 15 17 0.022774529 
883 478 34 38 0.0226912 
43 352 22 28 0.022315618 
376 464 45 56 0.022285491 
304 612 55 55 0.022237532 
54 429 18 22 0.02213372 
829 573 39 59 0.022065321 
171 515 47 58 0.022053676 
333 380 19 22 0.021834677 
408 434 18 22 0.021803811 
269 593 29 36 0.02162934 
732 393 16 19 0.021581778 
881 460 27 31 0.021486316 
683 450 18 20 0.021468094 
710 434 21 35 0.02123555 
729 460 41 49 0.021219982 
795 499 30 35 0.021151565 
1 414 23 33 0.021151453 
857 588 42 59 0.020942746 
761 378 16 21 0.020578615 
55 435 30 34 0.020477641 
359 464 42 50 0.020219116 
354 548 46 62 0.020214856 
655 602 27 31 0.020127278 
951 505 37 49 0.02012655 
790 474 36 39 0.020107271 
838 443 23 30 0.020078797 
