9_Press_Conference_Press_Conference_9_89
27
404 166 82 122 0.9974502 
667 203 67 104 0.99302155 
786 224 54 64 0.9929639 
143 121 60 121 0.92644495 
805 285 50 75 0.08870502 
996 256 23 34 0.08570504 
45 671 459 499 0.066245064 
884 433 19 21 0.06146909 
776 247 54 75 0.053642783 
525 219 44 58 0.050867405 
954 556 17 21 0.05043566 
812 226 35 47 0.033309508 
665 432 29 31 0.027786978 
822 302 50 64 0.027469965 
843 360 37 39 0.026981758 
593 470 18 21 0.026220713 
1005 489 16 22 0.026168862 
856 348 33 39 0.026038377 
900 391 11 12 0.025536947 
-4 281 502 481 0.025501864 
974 194 11 14 0.025371464 
533 381 14 18 0.025370581 
752 257 47 71 0.023122646 
507 346 16 20 0.022391388 
998 449 14 19 0.021903895 
983 378 10 12 0.021850914 
1004 259 23 37 0.020509586 
