9_Press_Conference_Press_Conference_9_346
21
80 636 53 68 0.99969804 
417 670 51 61 0.99943036 
267 661 50 62 0.99932885 
611 705 41 63 0.9273078 
277 260 111 182 0.50856775 
379 987 63 46 0.15496689 
566 264 33 39 0.08903579 
523 1112 26 27 0.06300044 
614 812 389 438 0.06135453 
666 856 26 34 0.05408585 
441 229 367 492 0.04557093 
367 995 40 32 0.039647117 
346 966 108 81 0.028375069 
199 252 171 255 0.023161 
68 652 11 16 0.0224641 
611 1134 30 33 0.022343831 
443 289 32 40 0.021896424 
659 1005 77 74 0.021416534 
220 274 31 41 0.020489506 
644 918 132 172 0.020410175 
674 1009 45 44 0.020121852 
