9_Press_Conference_Press_Conference_9_552
83
379 112 261 357 0.9994617 
470 1137 27 33 0.47759894 
438 1260 13 17 0.15471649 
432 1214 10 13 0.15178527 
340 1273 13 17 0.14298537 
448 1433 18 25 0.13588907 
406 1393 14 19 0.13033104 
982 988 39 58 0.11868304 
436 1213 12 15 0.093651645 
357 1263 15 21 0.08506423 
350 533 141 151 0.08092495 
300 429 227 335 0.07581991 
348 1290 16 20 0.06803101 
424 1212 11 13 0.06003398 
378 1371 23 31 0.054231543 
339 1295 17 24 0.054096118 
358 1223 21 27 0.053324055 
453 1258 14 16 0.05075085 
434 1354 14 20 0.049506497 
402 1228 15 18 0.04829701 
438 1404 24 35 0.04685301 
338 1270 23 30 0.04541185 
472 1198 13 16 0.044638436 
415 1338 17 20 0.043372884 
463 1215 12 16 0.042681266 
397 1253 11 12 0.041044537 
430 1299 12 15 0.04102602 
388 1282 15 20 0.04093781 
387 1210 14 19 0.038189165 
423 1204 11 15 0.038117092 
380 1216 14 21 0.03757637 
436 1363 14 21 0.0372513 
364 1257 14 19 0.03650317 
381 1321 13 17 0.036061287 
281 713 51 72 0.0349123 
429 1348 15 21 0.034778796 
370 1224 16 21 0.034300502 
399 1219 13 16 0.033288717 
443 1215 15 20 0.032049812 
363 1272 15 19 0.031855136 
349 1266 16 20 0.031795513 
447 1312 25 35 0.03140578 
428 1249 14 18 0.02990564 
214 98 349 446 0.029819196 
398 1245 13 16 0.029211795 
373 1213 14 18 0.029105429 
347 1274 15 18 0.02905677 
403 1322 23 28 0.029055795 
397 1212 13 17 0.028922573 
494 1204 16 18 0.02878944 
398 1320 15 22 0.028784508 
311 1420 30 45 0.028228601 
404 1241 12 17 0.028146217 
391 1253 13 15 0.027999863 
389 1321 13 17 0.027897311 
423 1218 13 15 0.026948396 
430 1258 15 20 0.026740327 
397 1387 13 19 0.026267648 
422 1297 16 17 0.026066585 
442 1251 13 17 0.025863925 
428 1197 13 15 0.025151983 
369 1273 17 19 0.024904184 
428 1205 13 15 0.024655353 
487 1219 11 14 0.024513362 
434 1303 28 34 0.024488531 
352 867 431 509 0.023844495 
371 1282 15 18 0.02322329 
468 1211 14 19 0.022761947 
524 554 511 364 0.022537261 
494 1206 24 27 0.022011971 
230 645 85 116 0.021954665 
354 1283 15 19 0.021706307 
452 1212 13 17 0.02164168 
435 1259 21 26 0.021475498 
347 1311 16 23 0.02130534 
396 1259 11 12 0.021022808 
455 1430 27 32 0.020953733 
434 1216 22 29 0.020926788 
440 1147 25 29 0.020906549 
436 1205 13 17 0.020681862 
404 1227 21 28 0.02064514 
434 1298 15 20 0.020333543 
424 1240 23 30 0.020281827 
