9_Press_Conference_Press_Conference_9_518
20
764 153 175 277 0.9996543 
391 318 172 242 0.99844056 
80 195 386 497 0.1457229 
945 1334 9 13 0.073541865 
777 1349 30 40 0.06573998 
497 960 64 72 0.05171469 
696 811 403 465 0.038366567 
156 503 409 451 0.03725788 
189 980 399 477 0.034171954 
740 138 128 195 0.029444885 
248 40 412 468 0.02937916 
249 1403 31 40 0.027182246 
962 1349 18 23 0.025505206 
709 111 115 153 0.024769707 
592 1492 43 53 0.024324294 
716 124 35 44 0.023529088 
977 1433 17 21 0.021332053 
831 1297 13 16 0.021331556 
606 129 375 424 0.021000573 
750 1299 83 104 0.02086931 
