9_Press_Conference_Press_Conference_9_278
17
593 114 78 113 0.9988431 
518 253 40 48 0.09153596 
537 253 25 37 0.051958095 
978 484 12 14 0.047296006 
474 260 27 31 0.046765834 
327 218 388 467 0.04002928 
449 271 36 41 0.033323597 
979 501 12 15 0.029903438 
390 234 41 54 0.02980155 
466 245 32 40 0.029664362 
989 548 37 61 0.027766308 
457 255 32 39 0.026791267 
464 266 34 40 0.026356727 
541 250 17 21 0.026047515 
979 491 13 16 0.022825496 
412 253 52 59 0.0216537 
486 239 28 31 0.020556152 
