9_Press_Conference_Press_Conference_9_607
35
326 169 249 330 0.99988806 
934 71 28 52 0.7533442 
148 388 87 121 0.19821511 
898 70 42 57 0.10626954 
828 174 56 67 0.08179706 
-84 42 417 419 0.056800503 
673 598 61 69 0.048501175 
324 577 57 88 0.04819247 
314 341 422 462 0.048140377 
251 717 100 128 0.046987344 
811 179 120 133 0.04623814 
590 97 379 443 0.043736603 
830 212 74 80 0.042970024 
685 616 95 91 0.033234853 
380 773 13 16 0.033183344 
740 867 42 57 0.032605805 
94 909 431 496 0.031884868 
810 647 18 20 0.02935135 
796 674 48 55 0.028544504 
892 75 26 45 0.028219797 
799 658 26 29 0.027575212 
177 88 343 395 0.027220765 
836 164 34 57 0.026722109 
665 771 16 20 0.025684807 
918 85 39 45 0.024316838 
969 3 42 50 0.022823779 
272 529 110 159 0.0222961 
758 656 57 53 0.02198254 
284 866 24 27 0.021907838 
796 70 14 17 0.021738166 
970 4 16 18 0.021148935 
741 909 116 148 0.020626945 
357 1027 17 23 0.02043185 
708 869 14 18 0.02034941 
660 754 15 16 0.020061748 
