15_Stock_Market_Stock_Market_15_554
28
497 198 87 117 0.99864274 
230 69 163 204 0.99352795 
332 112 99 128 0.9880654 
-3 157 74 136 0.75882936 
701 220 21 36 0.5707567 
685 212 28 41 0.24319197 
640 256 46 56 0.10985136 
112 168 29 36 0.097281374 
750 252 11 17 0.07292635 
690 210 18 25 0.061312087 
17 343 253 344 0.053048734 
631 363 49 62 0.0471824 
791 213 12 15 0.04345559 
663 360 52 63 0.043107253 
799 39 150 156 0.037853185 
675 226 31 37 0.033433553 
113 153 47 60 0.0326199 
750 220 44 59 0.032522973 
709 228 21 33 0.030789234 
636 510 123 120 0.025702694 
570 190 30 45 0.025585834 
679 222 45 53 0.02460574 
594 138 50 64 0.02415475 
743 247 21 26 0.023741283 
582 158 50 66 0.02366822 
660 334 87 113 0.023465773 
815 117 41 43 0.020575592 
990 364 32 42 0.020402523 
