15_Stock_Market_Stock_Market_15_102
62
283 399 76 108 0.9845244 
912 117 21 27 0.26777166 
202 -24 420 544 0.16860875 
986 76 22 28 0.16256766 
304 365 103 134 0.10865958 
377 491 30 38 0.096424155 
859 436 17 21 0.09449272 
886 253 23 31 0.07621306 
877 298 16 21 0.07320153 
275 434 59 90 0.05936149 
126 79 14 18 0.058622018 
47 114 32 35 0.056732573 
960 14 26 32 0.055211443 
882 341 14 17 0.054408934 
989 260 25 32 0.05439196 
947 295 24 31 0.053314958 
380 149 20 26 0.05226964 
47 139 38 41 0.052185047 
884 253 16 20 0.048832104 
921 119 18 22 0.047447592 
119 158 31 37 0.04634668 
223 199 206 297 0.04566125 
930 122 15 19 0.045574356 
876 335 23 31 0.044553243 
37 190 28 32 0.04166864 
32 80 397 548 0.035974227 
135 500 38 43 0.0359062 
8 394 29 35 0.035494078 
339 351 109 129 0.035430692 
867 430 13 15 0.035257105 
879 297 26 31 0.03466569 
0 457 38 61 0.034514625 
890 304 13 17 0.03293161 
77 490 34 42 0.032064155 
102 284 29 32 0.031832937 
861 429 24 33 0.031661358 
865 423 9 11 0.03151565 
617 182 15 19 0.030282104 
135 158 29 35 0.029854044 
853 627 11 14 0.029597467 
43 151 27 32 0.028368115 
577 443 13 15 0.027880847 
109 204 25 30 0.027872317 
1 610 16 24 0.027197175 
541 571 13 16 0.02679152 
700 191 14 18 0.026448296 
654 274 14 19 0.026131434 
37 617 38 40 0.025385695 
879 335 12 15 0.025079455 
318 211 358 470 0.024773795 
932 393 15 19 0.023243241 
831 642 12 14 0.023206523 
123 120 26 30 0.022077402 
684 192 13 17 0.022014588 
31 272 24 29 0.021827942 
123 247 26 29 0.021591928 
898 301 26 35 0.02111911 
603 182 13 17 0.02103147 
969 19 15 20 0.020931918 
913 67 26 34 0.020906039 
823 651 27 34 0.020533752 
539 174 15 19 0.020052299 
