15_Stock_Market_Stock_Market_15_542
19
482 301 34 44 0.9997217 
617 281 34 44 0.99966156 
223 276 31 39 0.99962723 
381 273 33 42 0.99894243 
284 317 34 44 0.9981487 
877 250 47 56 0.99703705 
141 280 33 39 0.9949752 
766 236 39 47 0.9848015 
350 261 14 17 0.042366166 
178 321 25 33 0.03499892 
716 232 11 13 0.027566334 
267 491 47 28 0.024949789 
347 236 10 12 0.023979818 
680 214 10 12 0.02272982 
740 276 13 14 0.021975111 
142 194 12 14 0.02170724 
908 215 30 35 0.020328855 
613 423 11 13 0.020296536 
19 3 169 224 0.020153698 
