15_Stock_Market_Stock_Market_15_569
39
231 373 45 60 0.9991381 
322 437 34 39 0.9989273 
183 443 54 61 0.9970836 
62 358 86 106 0.99655944 
466 464 15 21 0.989876 
35 324 79 149 0.9738305 
402 433 20 26 0.97115636 
392 471 20 28 0.9529646 
113 374 61 78 0.9506941 
5 265 81 209 0.77424335 
362 456 18 22 0.6854741 
2 431 42 75 0.13846622 
370 461 16 22 0.09553262 
454 450 12 16 0.09342402 
140 649 33 40 0.05672746 
389 445 12 17 0.05659494 
701 118 28 36 0.05124909 
483 445 11 14 0.045478646 
377 461 21 27 0.043635547 
349 543 17 18 0.040459845 
186 244 28 36 0.03982375 
665 145 29 34 0.035043042 
157 649 30 39 0.034078583 
639 359 9 13 0.03111495 
393 496 15 20 0.029880887 
478 453 12 14 0.029580118 
472 461 16 22 0.028119883 
813 436 185 247 0.026031787 
451 447 20 25 0.024162754 
692 521 45 63 0.023910332 
495 446 10 12 0.022760674 
210 315 27 34 0.022706427 
714 119 25 36 0.021389388 
483 451 11 14 0.0210586 
688 100 36 42 0.02079039 
357 433 15 20 0.020539677 
429 484 11 14 0.020328745 
673 131 41 48 0.020147488 
710 391 9 12 0.020134902 
