47_Matador_Bullfighter_matadorbullfighting_47_300
97
817 339 32 32 0.9978288 
225 545 34 31 0.9924601 
839 98 27 32 0.9863955 
12 156 24 34 0.9821268 
927 359 30 39 0.97726613 
10 0 23 26 0.7727647 
93 476 31 37 0.6953982 
531 349 33 37 0.26501074 
173 -1 76 69 0.26258788 
442 117 139 120 0.24061616 
37 264 22 26 0.20192918 
125 546 34 27 0.1813789 
858 556 18 19 0.17562127 
827 16 27 32 0.1601234 
50 305 19 29 0.15050206 
996 298 25 35 0.14548118 
75 248 15 22 0.13862993 
122 303 19 22 0.11808039 
302 178 32 49 0.11482612 
900 436 13 17 0.10882679 
549 402 10 13 0.09531665 
615 389 31 40 0.09341832 
380 336 34 39 0.08078074 
233 1 54 45 0.07013823 
174 537 22 27 0.066941746 
35 167 18 21 0.06608776 
60 345 17 23 0.06592536 
144 555 17 19 0.06488798 
832 3 30 29 0.062181506 
638 49 62 59 0.059637472 
262 158 57 63 0.058065183 
943 357 31 36 0.056359485 
21 162 26 33 0.053855654 
41 315 22 28 0.052526765 
394 56 199 226 0.051225957 
123 175 45 70 0.047531065 
949 385 27 31 0.046001185 
18 392 15 21 0.04576791 
471 139 89 69 0.0437782 
129 299 16 19 0.043377157 
491 288 36 43 0.04168072 
45 373 16 19 0.036326326 
890 71 24 32 0.036167435 
576 448 39 40 0.035778813 
24 2 15 18 0.035474487 
234 187 48 58 0.03473656 
628 41 93 99 0.034296308 
819 9 15 18 0.034249038 
885 9 17 21 0.033731718 
942 373 28 31 0.032695647 
5 137 27 39 0.031276733 
376 202 52 63 0.031108465 
249 5 21 25 0.030537326 
134 535 47 44 0.029845579 
3 100 24 34 0.029467562 
10 104 16 20 0.029324487 
4 145 39 54 0.02931057 
123 130 53 61 0.029118987 
846 90 20 26 0.028499505 
903 19 57 62 0.028060878 
165 161 54 73 0.027593028 
134 143 30 36 0.027569273 
136 121 94 108 0.02750678 
334 374 25 40 0.026697358 
615 350 44 53 0.02608016 
17 148 19 26 0.026069654 
211 -21 351 424 0.025867132 
307 332 89 105 0.025799152 
587 0 44 48 0.025408048 
805 7 32 33 0.025227651 
28 318 25 27 0.025220117 
926 367 17 23 0.024796708 
178 532 17 20 0.024036141 
552 440 52 60 0.023892602 
174 135 58 69 0.02319796 
790 13 34 35 0.022862507 
363 185 51 64 0.022749571 
889 424 23 30 0.022699231 
250 176 54 63 0.022655915 
962 387 16 22 0.022509454 
1007 305 15 22 0.022400988 
892 7 56 52 0.022320813 
45 353 26 31 0.022238417 
899 433 23 28 0.02182945 
44 327 16 21 0.021699373 
287 183 52 67 0.021475796 
47 271 17 21 0.021399708 
888 11 32 29 0.021302756 
666 61 37 44 0.021233642 
822 103 16 20 0.021100348 
73 476 27 33 0.02062686 
71 490 45 42 0.020617679 
8 204 27 41 0.020615395 
104 464 28 43 0.020513356 
44 258 22 27 0.020366445 
341 381 12 18 0.02018207 
592 396 53 53 0.020035546 
