47_Matador_Bullfighter_matadorbullfighting_47_511
1387
411 265 14 18 0.59793955 
991 97 7 9 0.59021693 
143 39 7 10 0.5784685 
764 273 10 12 0.49258897 
441 6 7 9 0.45412508 
782 63 7 10 0.44607562 
429 17 7 10 0.4352959 
289 45 7 10 0.40474603 
239 575 11 14 0.38902855 
815 561 14 16 0.35708252 
69 566 12 16 0.3560463 
769 546 12 15 0.33902374 
690 8 408 451 0.33487922 
996 475 10 13 0.33284292 
972 133 9 11 0.32657674 
959 116 9 11 0.3180794 
276 580 14 17 0.31690076 
320 61 8 11 0.3130249 
307 84 8 12 0.31171918 
293 46 8 9 0.29405022 
918 497 11 16 0.2940398 
951 151 8 9 0.27317747 
5 73 8 10 0.26875302 
224 89 7 8 0.25448182 
746 64 6 9 0.2432034 
306 79 8 11 0.23460011 
833 563 11 16 0.23013169 
472 47 6 8 0.2278521 
967 63 7 9 0.21830885 
69 80 8 10 0.21663769 
0 115 8 12 0.21637967 
600 54 9 12 0.21599926 
405 24 8 11 0.21442781 
390 36 8 10 0.21134463 
961 94 9 10 0.20675276 
121 71 8 10 0.20663148 
846 56 7 10 0.20569137 
728 68 8 10 0.2050142 
931 492 12 17 0.20492074 
554 64 7 9 0.20391169 
431 589 10 13 0.2038577 
958 72 7 10 0.19646479 
175 56 7 9 0.19503644 
698 23 8 11 0.19481784 
33 70 8 10 0.19132511 
176 86 7 10 0.19127524 
940 572 13 17 0.18804681 
863 524 12 16 0.18563047 
383 48 7 9 0.18539973 
535 32 7 9 0.18298428 
63 15 7 9 0.18218765 
570 96 9 12 0.18156306 
834 88 7 9 0.18020047 
976 22 8 10 0.17985791 
949 500 14 17 0.17956097 
637 296 9 11 0.17797615 
786 507 14 17 0.1739726 
1004 126 9 13 0.17336792 
660 57 8 10 0.17223543 
159 72 7 10 0.1710761 
889 31 7 10 0.16786467 
19 593 13 18 0.16621609 
984 78 6 10 0.16455461 
502 37 7 10 0.16250661 
206 89 8 10 0.16001871 
196 568 15 17 0.15818489 
912 46 7 9 0.15767035 
89 23 7 8 0.15463807 
215 77 7 9 0.15452091 
918 111 7 9 0.15379146 
1004 613 16 25 0.15051103 
137 128 9 11 0.15030134 
718 79 7 9 0.14800824 
754 94 8 10 0.14743643 
807 64 8 10 0.1474022 
412 255 10 12 0.14702384 
298 54 8 10 0.14601353 
161 77 7 9 0.14395621 
611 488 13 16 0.14379662 
266 8 7 8 0.14354478 
155 69 6 10 0.14352436 
33 125 10 11 0.14317103 
248 7 7 9 0.14280675 
845 517 15 19 0.14264552 
872 119 8 10 0.14216222 
967 39 6 8 0.14113645 
936 576 12 17 0.14041261 
622 7 7 10 0.13983785 
57 50 8 9 0.13983384 
254 62 7 9 0.13938026 
183 604 15 20 0.1384073 
361 32 8 10 0.13838431 
882 48 7 8 0.13814962 
125 70 8 11 0.13798518 
853 116 8 12 0.13720056 
89 54 6 8 0.13585536 
338 88 7 9 0.13543718 
141 128 8 10 0.13482448 
416 8 7 10 0.13427824 
111 554 11 13 0.13384421 
855 31 8 10 0.13367842 
566 36 8 10 0.13351049 
244 565 10 13 0.13329272 
943 54 7 10 0.13270742 
345 62 8 10 0.13240103 
521 38 7 9 0.13166642 
896 128 8 10 0.13146155 
113 6 7 9 0.13074596 
700 575 12 14 0.13038999 
953 77 8 10 0.13038325 
12 587 16 21 0.12961276 
801 30 7 9 0.12883158 
913 144 7 9 0.12880193 
808 89 7 9 0.1284275 
131 606 16 19 0.12790568 
147 579 12 16 0.12689297 
590 1 8 9 0.1254013 
912 531 11 15 0.12528913 
742 587 10 12 0.12460726 
30 14 8 11 0.12396751 
566 121 8 12 0.12379183 
593 76 9 11 0.12357657 
472 65 7 9 0.122702256 
22 104 8 11 0.12231876 
426 55 7 9 0.122195594 
31 53 7 10 0.121414565 
449 48 6 9 0.12104058 
850 112 8 10 0.11988713 
78 69 8 10 0.11932072 
593 6 8 9 0.11905624 
935 80 9 9 0.11890972 
295 2 6 8 0.118590795 
904 84 8 10 0.117864214 
103 22 7 9 0.117505655 
305 72 7 9 0.11746089 
358 88 9 10 0.11732846 
763 588 12 15 0.11722707 
151 570 12 17 0.11660408 
97 151 8 10 0.11567013 
406 85 8 9 0.11523156 
6 586 14 19 0.114013165 
353 87 8 10 0.113707766 
871 39 8 10 0.11366867 
725 32 8 9 0.113521904 
296 589 12 15 0.113351785 
873 77 8 10 0.113156505 
824 6 7 9 0.11314231 
13 54 7 10 0.112618364 
912 41 7 9 0.11129378 
760 533 9 12 0.110489376 
387 39 8 9 0.11027125 
935 110 7 9 0.11011722 
166 23 6 8 0.10974847 
1001 86 7 10 0.10969469 
937 37 8 10 0.10922545 
697 72 7 9 0.10842957 
429 55 8 9 0.10751469 
934 87 10 12 0.10697631 
751 23 8 10 0.10667079 
702 46 7 8 0.10646871 
784 33 7 10 0.10593952 
321 21 7 9 0.10573029 
609 30 8 10 0.10536137 
726 571 13 14 0.10505894 
456 38 8 10 0.10468196 
614 589 12 14 0.104470514 
178 40 7 9 0.10384883 
122 77 8 9 0.10273836 
798 24 8 10 0.10246027 
308 104 10 12 0.10207768 
906 55 8 10 0.10183209 
878 507 9 12 0.10132519 
601 50 7 10 0.1006928 
670 14 8 10 0.1004772 
216 7 7 9 0.10005292 
1002 536 9 12 0.09982731 
910 56 8 10 0.09982709 
768 661 11 13 0.09945108 
958 172 8 10 0.098964915 
456 77 8 10 0.09869246 
134 106 8 10 0.0985581 
322 17 7 9 0.098539986 
166 574 12 15 0.09830751 
770 103 7 10 0.09822755 
759 56 8 9 0.09786221 
496 7 7 9 0.097448595 
650 579 17 19 0.09684121 
990 31 8 9 0.0962253 
494 572 16 19 0.095610805 
337 15 8 9 0.0950551 
183 45 7 9 0.09495772 
836 569 13 17 0.09443169 
858 97 7 9 0.09385528 
69 108 8 10 0.09383127 
246 33 7 9 0.09215299 
793 87 6 8 0.0917457 
80 32 7 9 0.0914835 
737 619 17 20 0.09124807 
727 37 7 9 0.09091117 
271 36 8 10 0.09062504 
802 7 7 9 0.08964774 
888 95 8 10 0.089611635 
968 484 12 15 0.08955734 
576 77 8 10 0.08953319 
934 17 8 10 0.0888111 
250 62 7 9 0.088366225 
962 15 7 10 0.08785271 
210 71 8 10 0.08735173 
498 62 8 9 0.08679014 
341 88 8 9 0.0866087 
57 142 8 11 0.085698605 
0 38 8 12 0.08567235 
866 517 13 17 0.08544323 
963 64 7 8 0.08484649 
38 102 8 11 0.08376192 
378 585 13 15 0.08373245 
183 86 7 10 0.08360749 
123 407 13 16 0.083578855 
798 108 8 11 0.08340226 
575 72 8 10 0.08306875 
878 73 8 10 0.08244776 
713 95 8 9 0.08193691 
238 69 8 9 0.08190485 
553 105 8 9 0.081849635 
198 2 7 9 0.081405155 
823 38 7 8 0.0813972 
855 587 13 16 0.0810371 
638 112 8 10 0.08089376 
782 56 7 10 0.0808484 
336 31 6 9 0.08080621 
553 15 8 10 0.08077859 
281 16 7 10 0.08067851 
160 8 8 9 0.08032037 
485 119 8 10 0.08021416 
287 21 8 9 0.08008808 
457 32 9 10 0.079748794 
608 17 8 10 0.079466075 
713 39 6 8 0.078789346 
552 68 8 10 0.07856747 
337 54 8 10 0.077907786 
574 52 8 10 0.07788346 
33 96 8 10 0.077714935 
457 16 7 9 0.07758887 
895 38 7 10 0.07702321 
921 32 7 8 0.07669163 
851 522 13 17 0.07661296 
498 37 7 10 0.07649724 
479 13 7 9 0.07627185 
1005 87 7 9 0.076221 
774 128 7 9 0.07607938 
763 2 7 8 0.07557972 
886 5 8 9 0.075241685 
609 22 8 10 0.07518731 
270 6 8 9 0.07494999 
105 61 7 10 0.07494947 
224 92 8 10 0.07476028 
950 132 8 11 0.074334115 
216 1 8 8 0.07401051 
296 5 7 9 0.07390821 
887 55 8 10 0.073680356 
345 68 9 11 0.07362641 
6 118 8 11 0.07354121 
761 61 8 9 0.073460884 
301 55 8 9 0.07329378 
62 49 8 9 0.07324945 
79 557 11 16 0.073003985 
101 151 8 9 0.072803035 
507 588 15 18 0.07275293 
902 518 9 12 0.072547376 
744 6 8 9 0.0723523 
886 111 8 10 0.07224802 
243 7 7 9 0.072129585 
265 69 9 11 0.071903594 
366 104 8 9 0.07155042 
839 86 7 10 0.071470894 
245 579 12 14 0.07136263 
664 91 9 11 0.071223795 
396 594 14 17 0.07071448 
961 89 8 10 0.07056682 
576 6 9 11 0.0704913 
842 646 13 14 0.070292406 
842 38 8 9 0.07011179 
368 6 7 9 0.07000884 
759 89 7 9 0.069990896 
557 62 8 10 0.069880575 
911 60 9 12 0.06985562 
182 39 8 10 0.06982431 
677 6 9 9 0.069565475 
13 49 7 9 0.06940244 
312 32 7 10 0.06914419 
745 68 8 10 0.069115244 
105 551 9 12 0.06861975 
969 168 7 9 0.068385266 
750 69 7 10 0.06788428 
696 77 8 10 0.06778314 
869 508 11 14 0.06774505 
56 94 8 9 0.0676357 
558 14 8 10 0.067510806 
668 89 9 11 0.06746202 
103 159 8 9 0.0674367 
557 104 7 10 0.06740211 
432 38 7 9 0.066982664 
6 152 9 10 0.06631621 
337 47 8 10 0.06603513 
937 104 7 10 0.06596051 
671 8 9 10 0.06593152 
240 132 8 9 0.065848514 
501 58 8 9 0.06581548 
954 111 8 11 0.06567844 
343 121 9 10 0.06561832 
936 141 8 10 0.065571114 
33 101 9 11 0.06551962 
70 558 13 18 0.065297276 
343 56 7 10 0.06519887 
489 54 7 9 0.06517544 
520 46 7 9 0.064886846 
551 604 12 15 0.06479022 
74 63 7 10 0.064647816 
234 69 7 9 0.06458325 
68 -57 385 444 0.06440916 
687 40 7 9 0.064239085 
336 9 8 10 0.06422422 
82 539 14 16 0.06410251 
144 15 6 8 0.06383338 
846 37 7 9 0.06370231 
622 13 8 10 0.06363798 
23 33 8 9 0.06357956 
468 584 14 16 0.06307475 
144 585 12 15 0.06304149 
666 13 7 10 0.062973075 
95 558 9 13 0.06269805 
17 109 9 11 0.062301286 
830 8 7 9 0.062114734 
942 33 7 9 0.061956134 
943 497 13 17 0.06195368 
104 80 7 8 0.061937544 
85 559 11 13 0.061728705 
401 80 8 11 0.06135123 
416 13 7 10 0.061330833 
242 32 8 10 0.061199725 
270 64 8 11 0.061135344 
831 49 7 8 0.06105462 
846 80 8 11 0.060997684 
848 32 8 10 0.060266525 
224 135 7 8 0.05983665 
33 160 8 9 0.059760522 
520 581 11 14 0.059750877 
901 548 8 12 0.059676558 
502 32 7 9 0.059645787 
464 72 7 9 0.059626643 
103 86 8 10 0.059541177 
941 492 12 16 0.059485193 
37 72 8 10 0.05941839 
625 40 8 10 0.059100937 
8 30 7 10 0.05909062 
342 14 8 10 0.05908609 
687 88 7 9 0.05886395 
797 589 13 16 0.058836956 
568 8 7 10 0.058836546 
10 47 7 9 0.05875324 
865 45 8 9 0.0586565 
472 7 7 9 0.058593936 
461 585 14 18 0.058530584 
673 72 8 9 0.058502372 
22 136 8 10 0.058486838 
47 29 8 11 0.05838908 
924 571 13 19 0.05831546 
177 46 8 10 0.058282506 
950 95 8 10 0.05812595 
896 16 7 9 0.05798483 
677 70 9 11 0.057973634 
624 71 7 10 0.057804197 
920 39 7 9 0.05780053 
711 581 12 14 0.057445545 
886 2 7 7 0.057211313 
112 103 7 10 0.056868277 
361 92 9 11 0.05669532 
749 64 7 9 0.05657517 
362 103 8 10 0.056312136 
847 587 10 14 0.05614666 
703 72 6 9 0.056014847 
910 79 8 11 0.0559959 
181 31 8 10 0.055940345 
105 57 7 8 0.05581269 
878 39 8 9 0.055665605 
681 116 9 11 0.05564413 
728 2 7 7 0.05552858 
825 54 7 8 0.055454392 
926 495 13 17 0.055343788 
216 14 7 10 0.055304084 
167 609 13 18 0.055014186 
223 38 7 8 0.054926842 
171 87 7 9 0.05478664 
831 54 6 9 0.054688368 
586 111 8 9 0.054653283 
265 14 8 10 0.05463945 
30 32 7 9 0.05459595 
504 24 7 8 0.05457094 
930 92 9 11 0.05451092 
414 56 7 10 0.054353885 
208 47 7 9 0.054261472 
957 76 8 10 0.05413031 
324 61 8 11 0.05398474 
806 32 7 9 0.053933486 
560 8 8 10 0.053916324 
97 7 8 9 0.05386569 
521 34 6 8 0.05366226 
807 56 7 8 0.053651378 
584 0 9 10 0.053622916 
120 158 8 9 0.053544056 
591 111 8 9 0.053410478 
167 73 7 10 0.05331113 
986 39 7 8 0.05323532 
985 53 8 9 0.05322437 
734 64 7 9 0.05318726 
928 144 6 9 0.053179 
998 52 8 10 0.053090543 
31 120 10 10 0.05300321 
101 17 8 9 0.052971635 
824 23 7 10 0.05285319 
194 1 8 9 0.052841768 
278 54 8 10 0.052829415 
896 79 7 9 0.052824188 
193 6 8 10 0.052652795 
263 79 9 10 0.05243788 
861 101 8 10 0.05214517 
880 111 7 9 0.052112035 
1002 121 8 9 0.05207081 
119 46 6 9 0.051891923 
985 48 7 9 0.051652417 
918 144 7 9 0.051620975 
266 32 7 10 0.051564414 
543 48 7 9 0.05155603 
321 7 7 9 0.051547054 
444 6 8 9 0.05151936 
714 80 7 9 0.051477965 
86 594 14 17 0.05146423 
964 118 7 10 0.05135208 
135 0 7 7 0.051281076 
896 523 11 15 0.051053878 
649 85 8 11 0.05101718 
720 573 10 13 0.05096545 
606 60 9 11 0.050947912 
357 434 10 14 0.050846178 
1006 33 7 9 0.050840337 
599 15 8 9 0.050767407 
352 8 9 11 0.050732546 
474 30 8 10 0.050671473 
925 556 11 15 0.050434753 
896 22 7 9 0.050384983 
103 555 9 13 0.050294533 
216 103 8 9 0.05027975 
63 53 7 9 0.050243296 
312 581 10 12 0.050110992 
591 15 9 10 0.049983878 
110 2 8 8 0.049788423 
117 479 15 17 0.049775593 
24 48 8 9 0.049698535 
232 24 6 8 0.049620204 
863 137 7 9 0.049596753 
382 53 9 10 0.049575154 
295 583 12 14 0.049407594 
882 2 7 8 0.04935289 
913 70 7 9 0.049285777 
304 6 7 9 0.049113486 
192 46 7 9 0.049006216 
844 579 11 16 0.04900187 
638 70 11 12 0.048995983 
303 63 8 10 0.04897953 
116 555 10 13 0.048974045 
96 156 8 10 0.04892372 
58 8 8 8 0.04886132 
48 110 8 10 0.048856363 
825 47 7 9 0.048761364 
761 594 12 15 0.04874582 
783 68 7 10 0.048671585 
23 37 7 9 0.048632983 
119 151 9 11 0.0485559 
496 56 7 9 0.04851691 
384 78 7 10 0.048490193 
318 123 9 11 0.048423816 
325 56 8 10 0.04839052 
655 118 7 9 0.048253763 
438 87 8 9 0.04794184 
806 38 7 8 0.047940932 
577 2 9 10 0.047878288 
96 481 16 18 0.047810867 
669 576 13 15 0.047708895 
38 559 14 19 0.047694467 
609 36 9 10 0.04753069 
1000 49 7 9 0.047499213 
605 55 9 11 0.047265694 
529 80 7 9 0.047231384 
119 169 7 9 0.047177214 
822 2 7 7 0.04717287 
879 17 7 9 0.047122598 
425 48 7 9 0.04709356 
127 28 8 10 0.046994444 
867 40 7 9 0.04697112 
836 538 13 17 0.046933867 
871 5 8 10 0.046895426 
798 524 11 13 0.04686953 
641 64 9 10 0.046804607 
290 1 8 8 0.04677528 
678 57 7 8 0.046751555 
941 37 8 9 0.046724204 
695 0 8 8 0.046719342 
632 46 8 10 0.046616185 
699 46 6 9 0.046614658 
23 142 9 11 0.04652104 
568 79 8 11 0.04647191 
700 27 8 11 0.046367645 
802 64 8 10 0.046351645 
127 66 8 9 0.046343528 
776 48 7 9 0.046299394 
32 64 7 10 0.046263915 
173 572 10 14 0.046222962 
873 21 8 10 0.046136614 
478 64 7 9 0.046056792 
278 1 7 9 0.045906186 
254 7 7 9 0.045859337 
754 90 7 9 0.045833014 
537 48 7 9 0.045645937 
919 117 8 10 0.045450073 
612 594 13 15 0.045371827 
728 46 7 9 0.04529344 
177 125 7 9 0.0451514 
534 80 6 8 0.045150936 
777 54 7 10 0.045003995 
31 9 8 10 0.044786114 
76 567 13 19 0.04474909 
869 561 16 18 0.04462936 
96 21 7 10 0.044597823 
542 600 12 17 0.044581834 
64 19 8 10 0.044553507 
943 135 9 10 0.04455139 
360 36 8 10 0.044525627 
625 45 8 10 0.044523656 
365 32 8 9 0.04449483 
511 15 7 10 0.044491455 
776 1 7 8 0.044400427 
600 104 8 10 0.044365987 
632 104 8 10 0.04431036 
882 104 6 9 0.04425884 
925 564 11 15 0.04422335 
597 73 10 12 0.044186868 
989 39 7 8 0.043915223 
253 578 13 17 0.043734945 
224 32 8 10 0.043579765 
170 55 7 9 0.04357913 
102 94 8 10 0.043526422 
338 92 8 10 0.043418214 
85 650 14 19 0.043375462 
599 109 7 9 0.043355852 
856 78 8 10 0.043328784 
616 15 7 10 0.043325305 
750 127 8 9 0.043277122 
933 117 10 13 0.043131903 
975 55 7 8 0.04311268 
996 501 9 11 0.043111876 
875 524 11 16 0.04307476 
136 167 8 10 0.04305057 
97 16 8 10 0.043049946 
790 15 8 9 0.04297762 
379 606 12 16 0.042836424 
928 6 7 9 0.042730484 
769 96 7 9 0.042719316 
250 22 7 9 0.042685963 
986 32 7 9 0.04268243 
737 47 7 9 0.042648114 
737 80 8 9 0.042147838 
966 16 7 10 0.0421401 
431 0 7 8 0.042022854 
969 57 7 9 0.041950416 
928 2 7 8 0.04169557 
717 95 8 10 0.04169 
1006 94 9 10 0.041672036 
454 47 8 9 0.041662004 
904 8 7 9 0.041567247 
641 56 8 9 0.041552514 
888 15 8 9 0.041385353 
161 14 8 10 0.041374527 
175 61 8 9 0.04135484 
807 1 7 7 0.041298106 
498 32 7 9 0.04124575 
360 2 7 8 0.041121945 
1005 142 8 11 0.0410496 
873 17 8 9 0.040998075 
47 159 10 12 0.040959165 
797 571 14 17 0.040779505 
101 143 9 11 0.04076891 
912 32 7 8 0.04074871 
408 40 7 9 0.04046654 
630 586 12 14 0.04039741 
744 47 7 9 0.040338263 
596 6 9 10 0.04033289 
14 60 8 11 0.04028631 
383 17 8 10 0.040279407 
402 29 8 10 0.040259346 
490 48 7 9 0.040247038 
529 31 8 9 0.040202536 
62 143 9 10 0.040152516 
984 73 7 9 0.040118273 
191 104 8 9 0.04009815 
728 5 7 9 0.040078968 
426 61 7 9 0.040041424 
808 109 8 10 0.03999581 
682 87 7 9 0.03995054 
379 48 7 9 0.039914817 
734 96 7 9 0.039892975 
442 80 7 9 0.039890226 
792 81 6 8 0.0398219 
713 87 7 10 0.039815836 
138 7 7 9 0.03967943 
583 15 8 10 0.039589312 
87 112 8 11 0.039575048 
703 40 6 9 0.03957248 
802 37 8 9 0.03957217 
313 611 16 19 0.039459325 
221 6 8 9 0.039427005 
38 107 9 11 0.03935959 
519 71 8 10 0.03926138 
337 564 10 13 0.03921074 
42 31 8 10 0.039161738 
174 70 8 10 0.039062195 
896 6 8 9 0.039026722 
409 61 8 10 0.039014064 
786 14 7 10 0.038991075 
111 25 7 10 0.038858693 
161 152 8 10 0.03884944 
606 48 8 9 0.038794104 
889 36 8 10 0.03871339 
87 17 8 10 0.038632292 
817 0 8 7 0.038538694 
954 168 9 11 0.03848145 
590 31 8 10 0.038372423 
65 83 8 11 0.038363557 
834 92 7 10 0.03827343 
746 142 7 10 0.038173195 
789 38 7 10 0.038141567 
160 159 8 9 0.038122725 
856 73 6 8 0.037986428 
791 8 8 9 0.03798558 
173 608 14 21 0.0379554 
416 638 8 10 0.037931543 
624 77 8 10 0.037866816 
121 29 7 9 0.03785138 
0 159 9 13 0.037840456 
896 2 8 7 0.037836008 
391 5 8 10 0.037811384 
598 575 12 14 0.03774915 
1004 148 9 11 0.03766834 
129 0 8 8 0.03766069 
350 630 13 17 0.037485756 
721 73 7 9 0.03747959 
414 61 7 10 0.037415985 
746 23 8 10 0.03740948 
602 126 8 10 0.037273288 
541 619 9 12 0.037220493 
326 103 8 11 0.037199453 
445 594 13 15 0.037186142 
736 55 7 9 0.037181355 
353 437 10 13 0.03717021 
136 70 8 10 0.037170127 
486 595 10 13 0.037164964 
250 14 7 10 0.037092093 
751 16 8 10 0.03703533 
48 24 8 10 0.036975417 
767 88 7 9 0.036894295 
463 16 6 8 0.03685765 
840 516 13 17 0.036805578 
487 125 8 10 0.036793675 
352 1 9 9 0.036789216 
628 484 12 15 0.036788266 
89 50 8 9 0.036751848 
74 483 14 16 0.03670686 
730 137 7 10 0.036637735 
590 21 9 10 0.036583036 
542 563 10 13 0.03654563 
960 101 9 10 0.03654038 
38 76 8 11 0.03652567 
656 47 7 10 0.036494084 
474 14 7 9 0.03649014 
461 31 8 10 0.03648397 
908 473 11 14 0.03636614 
199 116 8 10 0.036359817 
655 79 8 11 0.03632846 
990 47 8 9 0.036222555 
945 569 14 17 0.036167778 
646 57 9 10 0.036164768 
952 145 8 11 0.03610918 
240 54 8 11 0.03608381 
95 48 6 9 0.036060672 
88 63 7 10 0.035969708 
832 79 8 11 0.03596698 
505 15 7 9 0.03568126 
751 39 8 9 0.0356808 
639 116 8 11 0.035637923 
431 7 7 9 0.035627678 
729 88 7 9 0.035588294 
549 559 11 14 0.035553064 
520 77 8 10 0.03549669 
272 47 7 10 0.035491414 
175 0 7 8 0.035442714 
102 7 8 9 0.035385754 
46 62 8 10 0.035363194 
58 15 7 9 0.035336856 
568 14 7 9 0.03530575 
857 55 7 10 0.035196938 
73 603 12 17 0.035180356 
752 556 11 13 0.035090234 
447 22 7 9 0.035067607 
639 5 8 9 0.035059407 
859 592 14 16 0.035045967 
288 109 9 10 0.03503119 
434 87 8 9 0.035019867 
221 1 8 8 0.035008293 
664 38 8 11 0.034969285 
77 546 13 18 0.034814633 
157 65 8 10 0.0347906 
188 614 14 18 0.034748547 
12 595 18 23 0.034662466 
298 61 7 10 0.034655727 
277 591 13 18 0.034644395 
441 55 7 9 0.034616422 
697 40 7 9 0.03460058 
792 31 7 9 0.03459292 
816 103 8 10 0.034339644 
247 56 9 11 0.034327604 
289 94 9 10 0.034310292 
505 120 8 9 0.03427 
513 592 16 19 0.034255546 
734 141 8 9 0.03417092 
954 506 12 15 0.03415382 
158 141 8 10 0.034124024 
32 110 9 10 0.034023497 
425 588 10 13 0.034019276 
63 73 7 10 0.034003567 
477 32 8 9 0.033987507 
919 94 8 10 0.033962507 
514 47 7 8 0.033825025 
281 48 8 9 0.033814628 
530 24 7 9 0.033743903 
537 36 7 10 0.033641856 
441 72 7 9 0.033639662 
241 80 7 9 0.033573568 
38 96 8 9 0.033560447 
83 570 14 18 0.033470135 
987 96 8 10 0.033432055 
67 105 7 10 0.03341588 
968 172 9 11 0.033383295 
499 564 14 17 0.033357453 
472 24 7 9 0.03334557 
655 71 9 11 0.03333831 
447 78 8 10 0.033332124 
74 70 7 9 0.033325426 
176 80 9 11 0.033301592 
15 149 9 12 0.033233088 
987 100 9 11 0.033229556 
103 71 7 9 0.033228096 
279 61 8 10 0.033207934 
448 53 7 9 0.0332062 
622 486 10 14 0.03313424 
783 0 7 8 0.033116307 
130 105 8 10 0.033105236 
144 22 8 9 0.03306149 
166 78 7 9 0.03302113 
344 9 8 11 0.032994743 
1007 103 8 10 0.032979198 
633 109 7 10 0.032932978 
881 52 9 11 0.0328874 
760 151 8 9 0.03286979 
919 62 7 10 0.032848544 
199 559 12 16 0.032786444 
734 137 8 9 0.03277617 
889 24 7 9 0.032757606 
1007 4 8 10 0.0327143 
687 45 7 10 0.032707747 
709 573 12 15 0.03269786 
968 69 7 10 0.03260768 
650 117 8 10 0.032593906 
448 73 8 10 0.03257184 
928 118 9 11 0.032546327 
505 104 8 11 0.032502107 
583 77 8 10 0.032472245 
701 112 8 10 0.03245145 
869 529 13 15 0.03243699 
740 547 11 13 0.032423045 
157 136 9 10 0.03241532 
81 117 8 11 0.032408986 
721 36 8 10 0.03239097 
561 79 9 12 0.032365587 
817 31 7 10 0.03233654 
965 89 8 9 0.03233536 
481 80 7 8 0.03225254 
210 7 8 9 0.03224156 
992 25 8 10 0.032197017 
761 5 7 9 0.032191772 
696 7 8 9 0.032182068 
966 32 7 9 0.03213531 
108 543 10 12 0.032070763 
143 71 7 9 0.0320645 
832 14 6 9 0.03203167 
979 79 7 9 0.03194205 
497 24 7 9 0.03191827 
40 37 8 10 0.031894755 
729 94 7 9 0.031853795 
960 31 9 11 0.03180752 
325 22 7 9 0.03179056 
711 14 8 10 0.031767104 
292 103 9 11 0.031745605 
257 80 8 10 0.03172571 
644 301 10 12 0.031694684 
734 70 8 10 0.03167801 
320 68 9 10 0.03159835 
690 16 6 9 0.03156281 
767 55 8 10 0.031553786 
342 23 8 9 0.03154762 
711 8 8 10 0.031473767 
87 30 7 9 0.031414043 
799 580 13 15 0.03140679 
662 47 9 11 0.03137333 
466 7 6 8 0.031368718 
778 31 7 10 0.031360827 
192 55 7 10 0.031261723 
6 84 9 11 0.031260945 
823 31 8 10 0.031249061 
248 164 8 10 0.031242536 
856 188 9 11 0.031123197 
919 79 7 9 0.03111715 
424 32 7 9 0.031093469 
563 119 8 11 0.031036213 
368 108 8 10 0.031028675 
359 6 7 10 0.031000989 
937 136 9 11 0.030892145 
260 575 10 14 0.030886685 
562 125 9 11 0.030885702 
863 25 6 8 0.030842539 
750 143 7 10 0.030821467 
432 33 7 9 0.030735238 
193 566 11 15 0.030726563 
95 551 9 12 0.030685488 
519 8 7 9 0.03068022 
494 47 7 9 0.030654712 
544 15 7 9 0.030649442 
742 80 8 10 0.030633999 
903 110 6 9 0.030611863 
896 111 7 9 0.030554015 
862 55 8 11 0.030551255 
929 15 9 10 0.030420234 
918 46 8 9 0.03039687 
623 2 7 8 0.030348748 
533 561 12 15 0.030340059 
599 484 13 17 0.030254377 
951 102 8 10 0.030246686 
563 32 7 11 0.030245775 
1001 80 7 10 0.030217068 
40 5 8 10 0.030214194 
677 2 9 8 0.030208927 
510 22 8 9 0.030156296 
104 48 7 9 0.03012018 
153 161 7 9 0.030115286 
673 56 6 8 0.030114235 
477 587 12 16 0.030101003 
248 586 12 15 0.030071314 
525 39 7 9 0.030008519 
118 7 7 9 0.029982166 
808 104 7 10 0.029947378 
143 34 7 9 0.029946059 
496 14 7 9 0.029912585 
427 20 8 10 0.029905774 
160 129 7 8 0.029873313 
392 78 7 10 0.029872248 
305 37 8 10 0.029859541 
82 16 6 8 0.029859511 
461 78 8 9 0.029855445 
575 121 8 11 0.029834962 
746 135 8 10 0.02968992 
441 14 7 10 0.029674992 
80 37 7 10 0.029657416 
84 142 9 11 0.02965109 
584 64 7 10 0.029648388 
326 15 7 10 0.02961216 
134 580 13 16 0.029581405 
37 633 15 18 0.029561946 
121 65 8 10 0.029554779 
234 127 7 10 0.029509962 
970 488 14 18 0.02946646 
425 1 8 8 0.029457482 
888 59 9 12 0.02944924 
336 39 7 9 0.029406736 
721 0 7 8 0.029406497 
727 24 7 8 0.029341262 
5 156 10 12 0.029300675 
555 599 12 15 0.02926468 
110 572 12 16 0.029261174 
542 33 7 9 0.02921183 
233 119 8 10 0.02920759 
194 110 8 11 0.029200548 
942 117 9 11 0.029123424 
623 88 8 10 0.02911528 
882 95 7 10 0.029100321 
169 121 8 9 0.029094582 
808 47 8 10 0.029087484 
209 15 7 9 0.029058198 
96 2 8 9 0.029025495 
695 16 8 9 0.029001737 
678 62 8 10 0.029001612 
695 64 8 9 0.02898354 
310 70 7 10 0.028971747 
897 120 7 9 0.028969482 
308 91 10 12 0.028948454 
944 94 8 11 0.02891653 
424 9 7 9 0.02890663 
553 21 8 9 0.02888628 
456 369 35 36 0.028838225 
936 190 8 11 0.02873138 
576 15 7 9 0.02855243 
542 120 8 10 0.028532889 
117 632 14 18 0.028514298 
265 47 7 10 0.02849816 
821 103 8 10 0.028490255 
311 37 7 9 0.028418168 
907 48 6 8 0.028380506 
111 57 7 9 0.028379163 
655 86 8 10 0.028377403 
112 109 8 10 0.028371185 
552 48 7 9 0.028340902 
159 102 8 9 0.028338132 
382 103 9 9 0.02827992 
947 151 8 10 0.028260678 
719 16 7 9 0.028252365 
1001 31 7 10 0.028161608 
839 48 8 9 0.028129293 
768 106 9 12 0.028120078 
313 63 8 10 0.028108727 
558 55 8 9 0.02809612 
927 62 7 9 0.02808765 
182 81 8 10 0.028077703 
785 80 7 8 0.028046647 
247 559 10 14 0.028023425 
665 32 7 9 0.02801246 
943 49 8 9 0.027982095 
929 111 8 10 0.027968954 
384 72 8 10 0.02795885 
113 29 7 9 0.027941447 
456 586 13 18 0.027863482 
807 15 7 9 0.027858729 
678 78 8 10 0.027846644 
904 13 8 10 0.027781555 
765 62 8 9 0.027741972 
606 125 8 10 0.027733017 
841 23 7 8 0.027725484 
903 23 7 9 0.027704217 
910 8 8 10 0.02769185 
273 2 8 9 0.027673298 
809 558 12 14 0.027660156 
431 61 7 10 0.027650822 
111 135 8 10 0.027605051 
792 505 15 18 0.027574284 
920 24 7 9 0.027541023 
542 38 7 8 0.027512595 
2 524 16 19 0.027467456 
920 1 8 8 0.027453225 
16 31 7 10 0.027451804 
954 491 14 17 0.027447876 
216 95 8 10 0.027440121 
520 65 7 9 0.027421335 
470 2 8 8 0.027399072 
752 532 11 15 0.027378343 
773 269 11 13 0.02736943 
751 6 7 9 0.027364012 
600 30 7 10 0.027339783 
197 602 13 18 0.027325029 
65 39 7 9 0.02731138 
848 24 8 10 0.027277514 
851 511 11 14 0.027244702 
403 596 11 15 0.027178193 
463 23 7 9 0.027125372 
766 71 7 9 0.027119383 
223 436 11 14 0.02709973 
311 2 8 9 0.027096495 
689 80 8 9 0.027086023 
13 125 10 11 0.02707024 
704 7 9 10 0.027055053 
585 38 7 9 0.027045542 
632 2 9 9 0.027043529 
745 15 8 9 0.027021311 
143 159 7 9 0.027016634 
886 100 9 11 0.02700578 
927 38 7 10 0.02700127 
397 614 12 16 0.026954865 
533 592 21 25 0.026940165 
338 61 8 10 0.026900796 
558 21 8 10 0.02687167 
630 40 8 10 0.026866201 
696 87 8 9 0.026843067 
721 47 7 8 0.026837433 
177 25 7 8 0.02683489 
231 30 7 10 0.026819566 
253 22 8 10 0.026788296 
856 25 8 10 0.026748208 
999 207 13 15 0.026726209 
800 87 6 9 0.026694816 
753 55 6 9 0.026685938 
713 23 7 9 0.026674746 
75 595 15 18 0.026655722 
608 96 7 9 0.026613494 
143 144 7 10 0.026607256 
873 113 7 9 0.026561553 
730 565 14 17 0.026546342 
968 21 7 10 0.02653331 
915 527 11 13 0.026466703 
153 141 9 11 0.026441447 
583 71 8 11 0.026426587 
341 102 8 10 0.026403593 
848 6 7 9 0.026377998 
181 564 12 15 0.026374362 
17 134 8 10 0.02636305 
592 105 8 9 0.026340785 
28 636 24 29 0.026319299 
838 136 8 10 0.02623634 
153 166 9 10 0.026232284 
951 32 7 9 0.026203029 
166 586 11 14 0.026152475 
919 105 7 9 0.026151313 
969 128 9 12 0.026144661 
746 126 8 9 0.026134433 
934 124 8 10 0.026113238 
304 15 7 10 0.026100181 
943 61 8 11 0.026084406 
386 33 7 9 0.026057538 
286 32 8 10 0.02605005 
337 23 7 8 0.025979972 
870 572 13 15 0.025930945 
942 86 8 10 0.025921172 
959 484 12 15 0.025916992 
14 118 10 12 0.025892645 
736 102 8 10 0.025871024 
264 2 8 9 0.025839332 
893 94 8 10 0.025782777 
840 80 9 11 0.025781898 
634 299 11 14 0.025773965 
96 112 8 9 0.025730526 
478 38 7 9 0.025711492 
840 71 7 9 0.025694704 
777 24 6 9 0.02568877 
610 584 20 23 0.025656328 
293 94 9 11 0.025651788 
951 155 8 11 0.025647258 
357 80 8 10 0.025619533 
254 543 11 14 0.025615903 
553 55 7 10 0.025612785 
68 573 15 21 0.025572637 
822 582 14 16 0.02556453 
1003 37 8 9 0.025510179 
759 15 8 10 0.025463108 
151 128 8 9 0.025449982 
415 71 8 10 0.025442822 
208 40 8 9 0.025433833 
879 32 8 10 0.025430612 
176 7 7 9 0.025427971 
301 583 10 13 0.025373917 
120 41 6 8 0.025353912 
357 15 8 10 0.025349068 
784 503 12 15 0.025333442 
816 48 7 10 0.025322296 
832 110 7 9 0.025297174 
8 123 10 13 0.025283592 
26 65 7 9 0.025276344 
966 102 7 10 0.025276227 
777 88 8 10 0.025270328 
436 588 12 16 0.025258388 
886 145 9 11 0.02524642 
745 40 7 9 0.025234558 
102 626 12 17 0.025213892 
390 16 8 10 0.025209222 
760 144 8 10 0.02519265 
239 23 7 8 0.025177624 
592 63 8 10 0.025133915 
721 55 7 9 0.025133424 
902 511 11 13 0.025098912 
4 597 17 22 0.02506815 
766 4 8 11 0.02504904 
881 5 8 10 0.025025267 
390 72 7 11 0.025015447 
735 86 7 9 0.024993824 
368 583 9 13 0.024933472 
527 46 8 10 0.024917318 
41 1 9 10 0.02487072 
457 22 8 10 0.024838516 
743 85 8 9 0.024822464 
184 8 8 10 0.024822129 
223 71 8 9 0.02481372 
20 548 11 15 0.02480254 
794 516 13 15 0.02478299 
31 166 10 12 0.024778739 
713 101 7 8 0.024766896 
26 69 7 10 0.024757441 
466 64 7 9 0.024724241 
802 2 7 9 0.024687896 
991 53 8 10 0.02467942 
37 159 9 11 0.02467413 
159 97 7 9 0.024639694 
702 78 7 9 0.024629205 
496 69 8 10 0.024622878 
973 168 7 9 0.02459952 
266 22 7 9 0.02458933 
492 578 22 26 0.02458421 
208 53 7 9 0.024581546 
111 159 7 9 0.024573803 
761 71 8 10 0.024559816 
53 30 8 10 0.024553446 
543 53 7 9 0.024524104 
94 427 13 14 0.024495853 
105 2 7 8 0.024444051 
383 85 8 9 0.024385503 
283 593 13 17 0.02437721 
353 572 10 13 0.024369748 
657 93 8 10 0.02433643 
127 8 7 8 0.024310125 
175 567 11 13 0.024293955 
944 102 8 10 0.024256395 
937 47 8 10 0.024233554 
305 32 9 10 0.02420864 
329 31 7 9 0.02416669 
929 80 8 9 0.024161613 
81 8 6 8 0.024158217 
417 47 7 9 0.024138052 
481 87 7 9 0.024134032 
349 63 7 10 0.024124552 
927 32 8 9 0.0240411 
889 78 7 10 0.024026653 
17 142 9 11 0.024018873 
12 555 12 15 0.023978112 
295 575 10 13 0.023968704 
909 518 9 12 0.023959124 
232 541 10 13 0.023957353 
210 78 8 10 0.023957185 
30 20 8 11 0.023897292 
992 228 14 17 0.023891076 
823 111 7 8 0.023859704 
357 564 10 13 0.023836095 
202 87 9 11 0.023810865 
315 605 15 17 0.023788877 
327 8 7 9 0.023769068 
942 111 9 10 0.023737188 
41 24 7 9 0.023724 
751 29 8 9 0.023719378 
872 86 9 11 0.0236778 
177 15 6 8 0.023648713 
991 134 9 11 0.023634754 
336 101 9 11 0.023629054 
936 73 8 9 0.023620509 
943 80 7 9 0.02361766 
919 87 9 11 0.023581596 
430 48 7 9 0.023575524 
116 571 12 15 0.023537558 
894 57 8 10 0.023517938 
557 109 8 10 0.023515517 
637 76 11 12 0.023466934 
751 47 7 9 0.02345914 
233 55 8 10 0.023458691 
884 508 11 13 0.023430098 
104 166 7 9 0.02340127 
33 548 11 14 0.023395376 
599 558 10 13 0.0233729 
974 173 9 10 0.023318604 
943 505 14 17 0.023302134 
89 157 9 11 0.023289647 
342 79 8 10 0.023279183 
377 16 7 9 0.023272227 
807 563 12 15 0.023271248 
192 454 10 12 0.023268797 
84 547 13 17 0.0232475 
687 94 8 9 0.0232266 
613 23 8 10 0.023224153 
825 63 7 9 0.023219002 
137 149 8 10 0.023179343 
681 47 8 9 0.023176735 
201 22 7 10 0.02312817 
797 494 11 14 0.023127142 
136 144 8 10 0.02312168 
50 118 8 10 0.023107836 
744 120 8 9 0.023088114 
962 38 7 9 0.023087878 
23 147 10 12 0.023052175 
210 2 7 8 0.023047045 
778 38 8 10 0.023022449 
228 437 13 17 0.023012564 
425 40 7 8 0.022963233 
441 47 8 9 0.022951623 
524 586 11 15 0.022925867 
528 85 8 10 0.022884062 
184 92 9 10 0.022856627 
519 54 8 9 0.022850456 
39 63 8 9 0.02282852 
731 141 7 9 0.022818623 
975 18 8 10 0.022786736 
169 48 7 9 0.022775676 
239 14 8 10 0.022761315 
998 94 7 10 0.022755805 
598 478 11 14 0.022741366 
254 57 8 10 0.02273731 
984 126 7 10 0.02271181 
969 46 7 9 0.022702644 
790 160 8 11 0.022700552 
735 24 7 9 0.022636056 
735 1 7 7 0.022620607 
570 47 8 10 0.022606874 
191 572 21 26 0.022599101 
56 89 8 9 0.022590602 
409 8 7 10 0.022570973 
842 32 7 10 0.02256378 
984 120 7 9 0.022562876 
96 81 6 8 0.022550685 
835 559 12 15 0.022529276 
833 137 7 10 0.022521438 
768 48 8 9 0.022414448 
161 31 7 9 0.022405421 
27 52 8 10 0.022395177 
905 59 9 12 0.022389479 
39 388 107 131 0.022369793 
825 70 8 10 0.022351205 
455 65 8 8 0.022335734 
763 534 11 13 0.022334645 
222 15 7 10 0.022323532 
993 175 8 10 0.022309748 
272 576 12 15 0.022306168 
790 46 8 10 0.022279423 
720 23 8 9 0.022265797 
456 96 9 11 0.02226552 
841 119 7 9 0.022263993 
278 5 7 9 0.022228628 
447 16 7 9 0.022220204 
424 584 10 12 0.022219943 
1000 111 8 10 0.02221065 
560 134 9 11 0.022206126 
677 576 8 11 0.022203859 
448 64 7 9 0.02220259 
33 75 9 11 0.022200309 
931 561 20 27 0.022168832 
517 601 13 16 0.022153849 
350 69 8 10 0.02213678 
649 45 9 11 0.022130217 
720 7 8 9 0.022125449 
567 85 8 10 0.022103773 
977 87 8 9 0.022079421 
423 80 8 10 0.022078378 
581 5 10 11 0.022075796 
216 32 8 9 0.022069687 
282 586 12 16 0.022059172 
365 88 8 10 0.022054978 
996 183 10 11 0.022045534 
826 15 7 9 0.022023868 
921 559 20 28 0.022022476 
561 96 8 10 0.021985717 
776 144 8 10 0.021977652 
109 645 12 16 0.021964476 
56 2 8 8 0.021945532 
201 16 7 9 0.02193706 
897 86 7 10 0.021914244 
729 158 8 10 0.021892887 
392 96 8 11 0.02186821 
523 551 22 25 0.021860657 
962 20 8 10 0.021855218 
977 518 9 12 0.02183176 
828 580 13 16 0.021825096 
921 15 7 10 0.021820236 
39 143 9 10 0.021815147 
194 610 15 20 0.02181513 
569 52 9 11 0.021810776 
357 556 13 15 0.021809412 
88 151 8 10 0.021801682 
733 539 15 16 0.021798177 
971 618 15 20 0.02178859 
80 148 9 11 0.021764038 
873 32 8 10 0.021750845 
142 9 7 8 0.021743983 
358 120 9 11 0.021733416 
782 521 15 17 0.02172443 
235 601 15 19 0.021719333 
113 151 7 9 0.021686448 
319 31 7 9 0.021677252 
432 81 8 9 0.021646127 
110 61 7 9 0.021595348 
734 579 13 16 0.021595305 
92 590 11 15 0.021578033 
731 134 308 238 0.021562178 
830 645 15 17 0.021551743 
711 71 7 10 0.021521086 
198 468 12 15 0.02151003 
97 103 8 9 0.021504952 
800 81 6 8 0.021497786 
448 103 8 10 0.021442194 
855 528 12 17 0.021438895 
793 105 9 10 0.021435281 
415 80 8 10 0.021433482 
510 104 7 10 0.02143267 
733 157 9 10 0.021397635 
703 119 7 8 0.021375362 
353 38 8 9 0.02136429 
439 32 8 10 0.02131048 
378 54 8 10 0.021290233 
431 572 11 14 0.02126364 
569 297 29 35 0.021244993 
183 24 7 9 0.021221457 
439 38 7 9 0.021212962 
71 22 7 9 0.021194542 
601 97 8 9 0.021182291 
819 568 15 16 0.021162271 
400 62 8 10 0.02113629 
728 629 11 15 0.021109924 
286 63 7 9 0.021100214 
248 2 7 8 0.021099493 
840 1 8 9 0.02107409 
441 655 9 10 0.021060564 
61 556 15 18 0.021056943 
861 573 12 15 0.021052359 
773 277 9 12 0.0210522 
752 149 8 11 0.021041254 
54 101 9 11 0.021035058 
84 515 11 15 0.021025624 
760 135 8 10 0.021022921 
30 561 14 18 0.02102168 
155 567 12 15 0.021010716 
416 86 7 9 0.020919785 
830 30 8 10 0.020903315 
1006 109 9 10 0.020885736 
170 578 12 15 0.020882841 
669 38 8 10 0.020878308 
408 45 8 9 0.020876238 
987 609 23 34 0.020868279 
86 137 8 10 0.020793539 
988 90 17 23 0.020776251 
767 553 14 15 0.020773852 
123 627 14 17 0.020761644 
760 583 13 15 0.020756397 
120 25 7 9 0.020743594 
991 494 11 15 0.020740114 
110 626 13 18 0.020705689 
143 573 12 18 0.020686198 
45 1 9 9 0.020682901 
1000 618 21 39 0.02064814 
326 111 8 10 0.020633584 
191 41 7 9 0.020623032 
282 20 7 9 0.02062139 
535 64 8 9 0.02058399 
421 629 10 13 0.02058393 
514 78 8 10 0.020575993 
833 103 8 9 0.020532941 
839 15 7 10 0.020521183 
888 89 7 9 0.020494135 
930 22 8 10 0.02048637 
352 104 9 10 0.02046327 
116 643 14 16 0.020459987 
793 144 9 11 0.02045483 
564 555 12 14 0.020443784 
775 6 7 9 0.020436734 
322 109 8 11 0.020424642 
47 150 9 11 0.020395467 
151 56 7 8 0.020385344 
976 94 8 10 0.020372607 
449 31 6 10 0.020361632 
506 109 9 10 0.020357821 
637 47 9 11 0.020295292 
76 608 13 17 0.0202885 
959 8 8 10 0.020277498 
632 71 8 11 0.020261362 
194 117 7 10 0.02023253 
96 70 7 9 0.020199861 
905 30 7 10 0.020193804 
94 54 7 9 0.020168277 
743 111 7 9 0.02015058 
559 47 8 10 0.02011823 
247 69 8 10 0.020116914 
466 47 6 9 0.020109605 
187 599 15 19 0.020103987 
973 63 8 10 0.02009878 
760 267 17 22 0.02009645 
695 16 17 25 0.020089732 
119 173 8 10 0.020086594 
379 596 12 14 0.020080559 
316 576 11 13 0.020064091 
783 88 7 9 0.02004762 
834 641 23 24 0.020030787 
615 94 8 10 0.02001143 
