47_Matador_Bullfighter_Matador_Bullfighter_47_703
19
473 113 131 172 0.9998667 
202 93 37 54 0.5569775 
284 331 101 138 0.48411474 
133 109 56 96 0.2909227 
20 323 65 79 0.059414145 
842 197 106 135 0.041246977 
346 371 56 103 0.039589778 
176 105 48 65 0.03819717 
927 197 32 40 0.03802685 
367 30 41 58 0.034405358 
805 36 194 293 0.030831864 
918 201 51 57 0.029749013 
752 122 57 69 0.028718488 
7 37 32 39 0.024419386 
578 0 31 30 0.022518342 
400 356 214 213 0.022296745 
0 -2 25 28 0.021527058 
250 390 138 109 0.021280177 
879 188 96 100 0.020031607 
