47_Matador_Bullfighter_matadorbullfighting_47_491
83
746 190 19 24 0.92454696 
317 197 13 16 0.92120147 
347 196 11 14 0.5790942 
894 139 10 13 0.5092848 
949 64 10 12 0.36879504 
4 153 12 17 0.29846245 
869 139 11 14 0.26660088 
285 238 12 15 0.26555496 
342 239 9 12 0.26057196 
467 217 45 43 0.20285891 
100 193 14 17 0.18914235 
86 134 12 15 0.18288317 
187 157 12 15 0.16764773 
198 202 12 15 0.16308652 
804 216 15 19 0.13261552 
918 138 11 15 0.085771576 
217 203 13 17 0.080870055 
35 191 13 16 0.07933099 
822 211 12 15 0.06792742 
752 188 25 28 0.06355779 
918 131 13 15 0.060856204 
280 235 20 24 0.060553987 
125 190 9 12 0.05876131 
983 197 13 16 0.055969194 
912 139 11 15 0.055832468 
361 185 12 15 0.05561573 
444 255 30 31 0.051583987 
342 191 18 23 0.05119097 
404 192 15 18 0.050163392 
910 116 25 30 0.047452163 
716 115 12 13 0.044837814 
770 184 26 28 0.044054233 
876 140 10 13 0.043629877 
310 222 10 13 0.04316465 
230 187 11 14 0.04075974 
56 192 9 12 0.03879976 
199 195 21 27 0.03805953 
205 198 11 14 0.03667064 
458 215 35 34 0.03659653 
328 185 22 26 0.036140874 
246 186 13 16 0.033804294 
896 145 10 13 0.031174464 
740 253 28 29 0.031091414 
866 135 19 24 0.0309323 
135 206 8 10 0.030928155 
229 202 12 15 0.030771906 
363 168 13 15 0.030226467 
119 204 9 12 0.029890364 
459 202 413 495 0.029251315 
303 204 10 15 0.028821588 
823 186 10 12 0.028464694 
333 195 13 17 0.028070627 
197 191 12 14 0.028067814 
362 138 27 32 0.02805596 
899 135 10 13 0.028027859 
496 109 10 13 0.027211864 
889 134 11 16 0.025837297 
119 216 9 11 0.025415458 
45 190 10 13 0.024843272 
958 83 11 14 0.02362777 
28 188 22 27 0.023620179 
211 194 23 29 0.02323114 
890 134 19 24 0.023159139 
84 188 11 13 0.023118775 
118 194 12 14 0.02307061 
813 198 9 12 0.022696456 
807 184 9 11 0.022615148 
932 191 13 16 0.022512192 
49 228 10 11 0.021968454 
932 158 10 11 0.021655958 
887 148 8 11 0.021400053 
197 182 39 45 0.02130267 
786 188 14 16 0.021120094 
500 165 11 13 0.02110623 
913 132 11 15 0.02102249 
332 183 12 15 0.020821214 
106 195 12 14 0.020729426 
815 184 8 11 0.020372285 
82 137 12 16 0.020359317 
96 203 10 12 0.020327011 
912 123 13 16 0.020258581 
61 196 9 11 0.020229345 
691 197 26 31 0.020153943 
