47_Matador_Bullfighter_matadorbullfighting_47_354
20
920 425 18 22 0.08213064 
649 339 26 36 0.06884464 
283 288 47 41 0.06520399 
664 389 50 83 0.04432127 
19 287 360 476 0.040966958 
269 262 73 60 0.03588583 
792 384 58 99 0.035509683 
152 224 393 410 0.034712877 
241 257 68 62 0.03315031 
484 291 381 474 0.032471765 
624 369 26 29 0.032273013 
280 358 246 233 0.025210008 
245 280 118 104 0.024589373 
909 447 10 12 0.024184227 
665 323 84 126 0.02417004 
772 494 37 40 0.023880709 
898 419 17 23 0.021527726 
292 245 431 471 0.021403676 
672 329 51 79 0.021313032 
646 378 88 133 0.021246314 
