47_Matador_Bullfighter_matadorbullfighting_47_777
17
585 79 218 272 0.999926 
232 550 94 133 0.08297392 
498 176 19 22 0.08261574 
58 -7 374 473 0.053225618 
791 408 248 252 0.04022603 
808 115 100 154 0.036072716 
905 485 128 169 0.034411814 
471 117 94 120 0.03408 
790 97 199 252 0.031604145 
756 318 398 412 0.031357843 
21 360 175 220 0.028612856 
472 185 29 32 0.02535131 
518 152 31 41 0.024121558 
270 529 102 134 0.023637043 
427 281 106 135 0.021544198 
355 484 50 65 0.02054062 
-2 467 89 156 0.020011976 
