47_Matador_Bullfighter_Matador_Bullfighter_47_617
22
129 46 551 653 0.999992 
876 803 130 171 0.24853937 
90 676 63 86 0.09896762 
339 -1 392 493 0.06983898 
296 553 431 443 0.06802618 
652 1015 27 32 0.05419854 
269 297 362 455 0.043873582 
879 633 122 121 0.04145911 
52 -37 406 546 0.039833125 
449 170 465 480 0.03379391 
810 610 60 71 0.029171703 
991 696 32 43 0.02815156 
892 -14 147 188 0.02793253 
1 1043 15 19 0.027212078 
699 1052 27 28 0.027054917 
653 1005 14 17 0.026080139 
4 674 77 138 0.023751333 
610 1017 16 19 0.023404842 
627 1019 18 21 0.023282997 
492 956 16 21 0.022747006 
585 1070 24 28 0.022546614 
638 1008 27 34 0.021731084 
