47_Matador_Bullfighter_matadorbullfighting_47_731
1276
424 169 20 22 0.95205325 
577 136 20 24 0.9491456 
679 115 12 15 0.9266104 
326 142 12 16 0.908918 
835 110 10 12 0.85818505 
64 116 10 13 0.84610915 
360 118 9 11 0.8357695 
341 5 11 14 0.83280796 
142 77 11 13 0.7746308 
20 135 13 15 0.77228653 
38 124 15 18 0.77098 
645 119 11 14 0.76067746 
908 133 10 13 0.7365526 
312 19 10 12 0.73420167 
438 129 12 14 0.72429436 
7 116 12 15 0.7123115 
871 112 12 14 0.71192825 
565 121 12 15 0.70823103 
872 93 9 11 0.7066403 
0 147 11 15 0.7014834 
686 59 11 13 0.6883827 
974 34 12 14 0.682781 
303 135 9 12 0.66791123 
950 111 13 17 0.6569722 
678 90 10 12 0.6552019 
516 70 10 14 0.64648736 
1014 86 8 12 0.6263938 
600 115 12 16 0.62626797 
922 87 11 15 0.6223254 
536 108 10 13 0.60354394 
924 46 10 13 0.59146357 
523 126 11 13 0.5901265 
308 76 10 13 0.5821265 
774 9 10 11 0.58201677 
403 32 11 12 0.5792245 
183 91 8 11 0.57769775 
853 95 10 12 0.56719 
996 127 14 16 0.5639834 
397 62 9 12 0.5527062 
205 79 9 11 0.5523724 
99 86 11 14 0.55078506 
913 109 11 14 0.5425094 
767 100 10 12 0.52604204 
961 72 11 14 0.5240124 
59 22 11 12 0.52381027 
986 106 12 15 0.52128255 
86 100 11 13 0.5184126 
494 63 10 12 0.5162245 
103 135 11 13 0.51367426 
628 111 10 14 0.5135989 
141 12 10 12 0.5066593 
720 135 11 13 0.5042794 
540 108 11 14 0.5028628 
476 70 10 12 0.4973448 
908 58 10 13 0.4951652 
611 47 10 13 0.49110565 
717 48 9 12 0.48614496 
388 147 12 15 0.48588085 
830 54 8 10 0.48353073 
973 139 13 15 0.4790834 
158 144 7 10 0.4608528 
838 86 10 13 0.45775238 
454 120 10 12 0.4519027 
752 85 10 13 0.450155 
85 23 9 11 0.4490781 
144 133 9 12 0.4479032 
556 64 10 11 0.44780397 
501 137 14 18 0.44069007 
947 45 11 13 0.43980908 
969 90 12 15 0.43113908 
622 129 12 15 0.42165768 
83 124 11 13 0.41777548 
757 70 10 12 0.4113095 
587 86 11 14 0.41098645 
30 78 9 10 0.41017482 
495 109 13 15 0.4088615 
445 67 9 12 0.4082158 
641 92 10 12 0.4080892 
776 64 9 11 0.4012415 
905 85 12 13 0.39680848 
121 150 12 13 0.3904118 
403 133 12 15 0.38681814 
944 52 11 14 0.38509503 
375 95 11 13 0.38060293 
693 39 8 11 0.36319447 
103 120 9 11 0.36173072 
461 146 11 13 0.35954234 
67 94 10 12 0.35587984 
252 7 9 11 0.35587525 
598 60 10 12 0.351035 
888 103 10 13 0.35018885 
664 39 12 15 0.34950382 
559 81 11 14 0.3479778 
602 20 9 11 0.34746137 
478 84 9 12 0.34576023 
917 40 10 12 0.34543464 
855 55 10 13 0.34139326 
113 12 9 13 0.34072646 
287 86 9 11 0.33505324 
913 39 9 12 0.33432168 
637 40 10 12 0.33087897 
282 103 8 10 0.32907933 
406 109 11 13 0.32808757 
126 103 8 11 0.32199964 
976 5 10 11 0.31825614 
303 93 9 13 0.31751907 
911 13 9 11 0.31751466 
15 87 10 12 0.3170791 
782 81 10 11 0.31469104 
883 127 11 14 0.3146751 
166 124 8 11 0.31186548 
502 43 12 14 0.3108107 
324 4 10 12 0.31060857 
535 134 10 12 0.31045976 
644 149 11 13 0.3100389 
415 102 10 12 0.3054811 
1005 5 9 11 0.3052775 
83 133 11 14 0.30301988 
873 62 9 11 0.30252984 
708 128 10 13 0.3014668 
640 24 10 12 0.29599673 
712 40 8 10 0.29383138 
71 149 12 15 0.2928899 
543 77 10 12 0.29223323 
269 86 8 11 0.287899 
152 102 9 11 0.28232074 
713 78 10 12 0.28081816 
29 153 12 14 0.2784637 
512 7 8 11 0.2778775 
653 14 9 11 0.27172315 
617 24 9 12 0.27158806 
455 142 11 14 0.27018943 
468 177 11 15 0.26834026 
684 155 10 14 0.26653716 
107 140 9 12 0.26593843 
536 5 10 12 0.26547503 
791 186 15 17 0.26160422 
767 30 9 10 0.25635245 
334 162 12 14 0.25436965 
341 87 10 12 0.2538264 
801 116 9 11 0.25330797 
649 63 8 10 0.24971585 
191 141 8 11 0.24908398 
111 79 9 11 0.24797674 
544 115 10 13 0.24715546 
17 91 10 13 0.24676639 
713 109 9 12 0.2466657 
673 91 9 12 0.24329835 
360 12 11 12 0.24112286 
969 51 10 13 0.24027471 
789 29 9 10 0.23844694 
12 170 13 15 0.23733829 
164 6 10 12 0.23347971 
801 79 8 11 0.23345886 
209 102 9 11 0.23339072 
230 93 8 10 0.23203456 
167 160 8 9 0.23145252 
447 7 9 10 0.23029654 
51 82 10 13 0.22804065 
1013 51 9 13 0.22695868 
582 56 8 10 0.22663906 
230 117 7 11 0.22541797 
740 60 10 12 0.2204817 
199 85 8 10 0.22021174 
253 84 9 12 0.21904193 
761 39 8 10 0.21735498 
742 32 8 11 0.21598712 
344 103 11 12 0.21447246 
736 55 9 12 0.21076353 
408 164 13 16 0.21039502 
279 144 10 13 0.21010381 
265 135 8 11 0.20809749 
786 24 8 11 0.20541674 
947 39 11 12 0.20322946 
831 128 10 12 0.20078848 
247 55 8 10 0.20046103 
903 77 12 14 0.20042397 
694 23 11 13 0.20016819 
224 89 9 10 0.19986604 
604 15 9 11 0.19745913 
973 46 10 13 0.1973208 
581 6 9 11 0.19715141 
598 110 11 16 0.19641933 
246 129 10 11 0.19596218 
952 15 9 12 0.19517504 
726 103 9 11 0.19378741 
871 33 8 10 0.19317302 
110 105 9 11 0.19171679 
507 227 15 19 0.19135928 
83 79 11 13 0.18557109 
888 53 9 12 0.18524466 
183 71 8 10 0.18332446 
60 63 9 10 0.17931026 
818 63 7 10 0.17857935 
167 79 9 11 0.1783891 
411 155 12 15 0.1780324 
806 93 8 11 0.17719552 
818 158 9 11 0.17694052 
988 78 12 14 0.17638226 
568 63 9 11 0.17488131 
0 80 7 11 0.17451927 
709 64 8 11 0.17358398 
583 61 8 11 0.17318764 
837 28 8 11 0.17309627 
758 91 9 12 0.17250012 
780 140 11 13 0.1703789 
523 149 11 15 0.1702243 
136 7 10 13 0.16938888 
101 79 10 12 0.16922386 
336 117 9 11 0.16857708 
825 30 7 10 0.16755532 
332 77 11 12 0.16665556 
805 8 9 10 0.1652905 
47 36 10 14 0.16485061 
504 52 10 12 0.1609608 
95 153 10 12 0.15977894 
477 78 10 12 0.15903114 
983 64 10 12 0.15853769 
393 92 9 11 0.15763654 
848 46 7 9 0.15743142 
736 30 10 13 0.1561352 
102 125 12 15 0.15578294 
591 108 11 12 0.15562621 
366 154 13 15 0.1551297 
979 31 11 13 0.15499115 
864 76 8 11 0.15429014 
262 69 9 11 0.15235484 
45 7 11 13 0.15224402 
647 40 10 12 0.15189399 
767 56 8 9 0.15005288 
958 150 13 16 0.14997093 
303 4 10 11 0.14897063 
725 70 8 11 0.14745136 
663 64 9 11 0.14621356 
440 64 10 12 0.1457453 
452 101 11 13 0.145703 
596 103 10 12 0.1447425 
23 1 9 10 0.1431719 
628 79 10 13 0.14290479 
558 15 8 11 0.14270568 
545 43 10 13 0.14252555 
809 31 8 10 0.14156039 
0 6 8 12 0.14155206 
767 126 10 13 0.14141078 
480 110 10 13 0.1403166 
441 109 10 13 0.13948552 
59 175 10 12 0.13893546 
174 104 7 10 0.13877183 
273 8 8 11 0.13778922 
349 109 9 11 0.13714127 
650 6 9 11 0.13705023 
726 13 8 11 0.13539796 
182 5 9 12 0.13490947 
970 29 11 14 0.1348028 
33 96 10 13 0.1343976 
296 119 9 11 0.13395332 
751 47 8 11 0.13314201 
342 91 12 13 0.13159871 
660 135 11 14 0.12998573 
69 155 12 14 0.1294305 
129 6 9 11 0.12921752 
496 104 11 12 0.1291457 
62 1 8 9 0.12901172 
878 53 10 12 0.12895264 
912 9 8 10 0.12880181 
444 125 11 15 0.12634343 
878 6 8 10 0.12561227 
481 48 9 12 0.1255121 
861 128 11 13 0.12481232 
644 22 11 12 0.124478266 
626 7 8 10 0.12402254 
943 59 11 12 0.12390815 
537 54 9 12 0.12310873 
445 108 10 13 0.122340925 
265 91 11 14 0.11979722 
24 23 9 12 0.11898529 
177 4 9 12 0.11830086 
199 135 7 10 0.117948234 
653 63 9 11 0.117853664 
153 142 9 10 0.11721416 
801 54 8 11 0.11705013 
485 111 10 13 0.11660581 
561 37 9 12 0.11608499 
72 68 9 11 0.11565472 
440 6 9 11 0.11559695 
632 55 9 11 0.11513211 
952 92 11 12 0.11451171 
329 72 10 12 0.11424432 
391 71 9 11 0.11347664 
226 71 9 11 0.11220714 
214 153 8 11 0.11172986 
329 110 9 12 0.11168717 
531 182 11 13 0.11142749 
863 16 8 10 0.1110002 
718 109 9 12 0.1098799 
823 62 9 11 0.10914386 
170 103 8 10 0.108288094 
770 7 9 11 0.10821286 
783 14 9 11 0.10792132 
719 70 11 13 0.107843794 
752 32 7 9 0.107786365 
208 96 9 11 0.1068984 
157 101 8 10 0.10678781 
407 79 9 11 0.106705 
62 27 10 12 0.10459654 
816 188 10 12 0.10406865 
430 107 10 13 0.10398419 
230 112 7 10 0.10391939 
917 13 8 11 0.10312982 
477 64 10 12 0.1031028 
836 23 8 11 0.10253076 
40 13 11 13 0.10240071 
198 165 10 13 0.10079427 
711 68 9 12 0.099885836 
363 163 15 17 0.0997053 
297 92 8 11 0.09961036 
57 16 10 13 0.099283226 
665 22 9 11 0.09870039 
743 8 7 10 0.09834915 
703 16 8 11 0.09825483 
421 94 9 11 0.098133855 
921 69 10 13 0.09778854 
124 144 9 11 0.09723077 
191 10 9 12 0.09716374 
544 150 12 15 0.09713996 
943 0 8 9 0.09667154 
631 61 9 10 0.09666148 
232 136 9 12 0.09611891 
233 103 7 9 0.096051045 
78 142 11 12 0.09528575 
541 55 11 13 0.094857424 
348 5 9 11 0.09455411 
801 84 9 12 0.094203755 
1014 148 8 13 0.09359435 
768 25 8 10 0.0934389 
721 14 9 11 0.093181506 
1015 62 9 12 0.0927404 
782 45 8 10 0.09246942 
855 89 9 11 0.0921003 
756 64 10 11 0.092087805 
333 111 10 12 0.091940776 
879 31 9 11 0.09177641 
744 12 8 11 0.09176473 
517 8 8 10 0.09080865 
464 95 8 11 0.089883536 
654 43 10 12 0.08971027 
607 86 9 12 0.08917606 
385 35 9 12 0.089147985 
503 86 8 11 0.088962644 
865 36 10 12 0.08885032 
97 5 9 11 0.08880995 
664 92 9 11 0.088775925 
815 14 8 10 0.08826183 
264 99 9 12 0.087941356 
20 128 12 14 0.08758173 
177 87 9 11 0.08748594 
199 161 8 11 0.08720122 
375 12 9 12 0.086870514 
184 116 8 10 0.08588098 
391 6 10 11 0.08562778 
217 14 10 12 0.08552382 
777 44 9 11 0.08513387 
413 77 10 12 0.08511724 
177 133 9 11 0.084783375 
692 56 10 12 0.08443192 
695 92 8 10 0.08429541 
582 45 8 10 0.08404889 
735 13 8 11 0.083925866 
990 53 10 12 0.08366783 
710 104 10 14 0.08326593 
193 136 9 11 0.08270884 
753 23 9 10 0.08254826 
720 7 9 11 0.08227327 
590 6 8 9 0.08197399 
381 79 10 12 0.08192461 
142 139 9 12 0.08156483 
747 232 94 82 0.08149584 
642 28 11 12 0.08105271 
232 7 9 11 0.080963135 
69 164 11 12 0.080685735 
144 111 9 11 0.08032309 
149 158 9 11 0.08008155 
399 87 9 11 0.07991504 
161 120 8 11 0.07966958 
634 45 10 12 0.07951719 
264 139 9 11 0.079284765 
856 15 7 10 0.07887412 
177 128 8 10 0.07886504 
834 16 7 9 0.07807084 
824 70 9 11 0.07799305 
225 112 8 11 0.0772898 
807 54 7 10 0.07705671 
353 72 9 11 0.07691189 
836 105 11 12 0.07674496 
637 54 11 13 0.07526965 
160 84 9 11 0.07520434 
46 32 10 11 0.073867865 
903 128 12 15 0.072949626 
841 143 9 12 0.07271242 
577 39 9 12 0.07192385 
905 37 9 12 0.07174377 
753 128 7 11 0.07166578 
358 71 9 11 0.07129548 
737 8 9 11 0.07102054 
406 186 12 14 0.07092767 
622 103 11 13 0.070853345 
950 101 14 17 0.0704868 
842 149 9 11 0.070180096 
863 151 10 13 0.070151456 
970 166 15 19 0.07013789 
143 116 8 10 0.069940045 
310 111 9 12 0.069830574 
720 63 9 11 0.06981694 
623 96 10 11 0.06980995 
150 108 9 12 0.069791794 
340 117 9 13 0.06977617 
365 111 10 13 0.06968553 
671 109 11 14 0.06945311 
287 80 9 11 0.06932835 
685 87 10 12 0.06897354 
510 170 13 16 0.068924345 
393 13 10 12 0.06884 
115 79 10 12 0.0687883 
578 11 9 12 0.06847952 
200 6 9 12 0.06845251 
14 80 9 12 0.068450056 
408 149 13 15 0.06828307 
871 47 8 11 0.068169095 
568 22 8 10 0.06816771 
556 136 13 15 0.068107486 
157 96 9 11 0.06799837 
574 60 8 11 0.06771452 
496 95 10 12 0.06759229 
518 153 13 16 0.06712932 
208 73 9 10 0.06689394 
10 70 9 10 0.06662907 
98 134 9 12 0.06646521 
655 78 9 11 0.066334635 
423 108 9 12 0.066284984 
218 134 8 11 0.06604398 
765 38 8 10 0.065965794 
919 78 12 16 0.06596267 
793 128 8 11 0.06538933 
42 119 13 15 0.06531631 
174 108 9 11 0.06520882 
850 21 8 11 0.06512332 
846 151 9 11 0.06498253 
204 5 9 11 0.06463068 
567 56 9 11 0.06429364 
674 115 12 15 0.064253464 
55 3 10 13 0.06416797 
807 12 8 10 0.06349509 
858 131 9 12 0.063469894 
850 157 9 11 0.06313089 
829 71 9 11 0.06312911 
15 5 9 10 0.06305032 
136 117 8 11 0.0630444 
1014 69 9 13 0.06304174 
30 83 11 13 0.06298831 
1006 78 10 13 0.06275822 
62 45 9 12 0.062247545 
479 290 63 62 0.06191929 
982 95 12 14 0.06146351 
815 55 7 10 0.061386555 
713 20 8 11 0.060843684 
463 84 9 11 0.06038466 
408 104 10 13 0.060350783 
905 30 9 11 0.0603498 
792 70 8 10 0.060203362 
577 57 8 11 0.060152583 
256 71 10 12 0.05985091 
720 129 10 12 0.059794914 
37 98 12 14 0.05955428 
376 7 9 11 0.059238013 
510 157 12 17 0.059119586 
575 23 8 10 0.058636215 
687 42 10 12 0.058621924 
12 111 10 14 0.058428157 
270 118 8 9 0.05839388 
728 31 10 12 0.057963952 
905 22 9 11 0.057932165 
161 80 9 11 0.057931714 
494 8 9 11 0.05790399 
497 39 11 13 0.057783853 
316 15 11 13 0.05770346 
807 72 9 10 0.057582203 
143 150 9 12 0.05705598 
181 129 9 10 0.05700889 
250 10 9 12 0.056806386 
761 119 7 9 0.056793388 
212 71 8 10 0.05675894 
802 110 10 13 0.056327526 
454 96 9 12 0.056311168 
534 87 9 12 0.05622139 
104 108 10 11 0.056041773 
713 6 8 9 0.055484273 
596 138 13 16 0.05528483 
574 29 8 10 0.05524514 
925 64 9 11 0.055177137 
816 68 9 11 0.055151 
819 162 12 15 0.05498035 
71 12 9 12 0.05492531 
412 54 10 13 0.054720618 
367 20 8 10 0.054685663 
270 80 8 11 0.054574493 
558 20 9 11 0.054158803 
473 76 10 13 0.054113764 
293 87 10 13 0.0541119 
106 103 9 12 0.054029014 
825 47 8 10 0.053993087 
302 117 9 12 0.05394355 
752 53 7 10 0.053931 
552 21 10 12 0.053752776 
856 152 9 12 0.053622168 
364 7 10 12 0.053488698 
136 111 8 11 0.053342715 
831 50 8 9 0.053326488 
206 120 8 10 0.053095795 
402 80 8 10 0.05307897 
903 72 10 12 0.05303216 
285 107 8 11 0.052817255 
448 95 9 11 0.05256996 
776 150 11 13 0.052435342 
736 24 8 10 0.052417297 
338 90 10 13 0.05213972 
791 54 8 10 0.05213218 
574 78 9 12 0.05169851 
751 79 11 13 0.051639356 
390 1 10 11 0.051370155 
917 8 9 11 0.05135743 
512 64 9 12 0.05128244 
823 153 9 11 0.050972458 
47 62 9 11 0.050897248 
128 11 9 12 0.05037781 
147 78 10 13 0.050375305 
288 13 9 10 0.050259728 
81 82 9 12 0.050219342 
640 60 8 10 0.05020826 
317 30 10 11 0.050011896 
719 20 8 10 0.04999742 
530 108 10 14 0.049843416 
213 174 10 11 0.049842834 
832 28 9 11 0.049838785 
633 23 8 11 0.04976975 
845 6 8 10 0.049755447 
161 10 9 12 0.049730256 
690 7 8 10 0.04963048 
842 2 7 8 0.04945269 
976 11 10 12 0.049273763 
805 86 9 11 0.04898017 
194 88 8 10 0.04894154 
677 14 9 11 0.04878604 
501 92 10 12 0.04861105 
792 48 7 9 0.04854663 
209 156 9 12 0.048525807 
499 59 11 14 0.048422456 
625 61 9 11 0.04840923 
264 152 9 11 0.048406154 
968 23 9 11 0.048388835 
276 6 10 12 0.04826236 
20 87 10 13 0.048253294 
403 125 14 18 0.048165463 
768 77 8 11 0.04813655 
272 112 8 10 0.04812928 
496 56 10 11 0.047931444 
781 40 9 10 0.04785453 
656 68 9 11 0.047763962 
191 174 12 14 0.047756728 
849 54 9 11 0.04775121 
730 36 9 11 0.047724713 
452 108 12 13 0.047711387 
752 38 8 9 0.04763304 
445 48 9 11 0.047566954 
906 15 9 11 0.04748351 
840 48 8 9 0.047477774 
218 129 7 10 0.04741857 
417 96 10 12 0.04721415 
169 153 8 11 0.04714581 
769 61 8 12 0.04711705 
460 154 13 17 0.04702572 
335 103 9 11 0.047007438 
678 79 9 11 0.046905138 
826 127 9 11 0.046886746 
998 78 10 13 0.046730686 
7 22 10 14 0.04667089 
406 4 8 10 0.04649576 
565 78 10 13 0.046492685 
153 97 9 11 0.04636698 
59 115 10 13 0.046291374 
678 68 11 13 0.046284772 
293 70 9 11 0.04627291 
584 67 9 12 0.045954835 
151 151 9 11 0.045933086 
889 15 7 10 0.04569621 
838 54 7 11 0.045621723 
491 163 15 17 0.045531556 
631 70 10 11 0.045510653 
453 6 9 10 0.045506965 
746 85 8 11 0.045498557 
48 196 13 14 0.045426454 
773 95 9 13 0.045395594 
0 182 10 15 0.045256454 
448 117 10 14 0.04524893 
524 118 13 16 0.045231137 
604 133 10 13 0.04514629 
16 1 10 10 0.045125265 
848 16 9 10 0.045017213 
888 22 8 10 0.044933137 
600 28 10 12 0.044670906 
65 151 10 13 0.044597194 
549 56 10 12 0.04445208 
614 93 8 10 0.04426717 
789 16 9 11 0.044209305 
629 12 9 11 0.043992963 
816 47 7 10 0.04392324 
532 127 12 14 0.043780506 
119 109 9 10 0.043745026 
350 1 9 10 0.04363744 
377 84 11 14 0.043627627 
79 43 9 12 0.043616142 
654 18 10 12 0.043518573 
731 225 78 65 0.043479964 
781 68 9 10 0.043431148 
505 6 9 11 0.04316938 
489 9 8 10 0.043144677 
845 1 8 8 0.043125223 
439 54 9 11 0.04311658 
128 119 8 11 0.04309235 
186 141 8 11 0.043055706 
362 157 10 13 0.043039687 
454 162 13 17 0.042886645 
805 123 9 12 0.04284554 
568 29 10 13 0.04274588 
4 152 13 15 0.042673685 
478 91 10 13 0.042621005 
397 92 9 11 0.042614836 
840 6 8 10 0.042589072 
815 88 8 11 0.042108167 
559 109 10 14 0.04196071 
704 45 9 12 0.041944962 
951 6 9 11 0.041856308 
81 95 9 12 0.041836914 
228 45 9 11 0.04182411 
810 37 8 10 0.041782837 
726 2 8 8 0.041733492 
815 39 8 9 0.041695517 
304 86 10 14 0.041654333 
184 76 8 10 0.04165152 
620 27 10 13 0.04161314 
326 162 13 16 0.04160753 
750 15 9 11 0.041428212 
160 60 9 12 0.04126702 
272 55 9 10 0.04123424 
757 22 9 11 0.0410714 
70 36 9 12 0.041065805 
144 165 12 14 0.04099689 
439 2 8 9 0.040952466 
280 86 9 11 0.040950116 
498 197 24 27 0.040844016 
644 88 10 12 0.04068045 
703 54 9 11 0.040668827 
846 186 11 13 0.04066573 
761 6 8 10 0.04058206 
31 117 11 14 0.040472906 
118 53 9 11 0.040449407 
802 12 8 11 0.040421203 
398 56 9 12 0.040342193 
735 48 8 10 0.040311188 
240 133 10 13 0.040171463 
594 55 10 12 0.0400333 
72 144 11 13 0.03998151 
792 38 8 10 0.03986521 
2 116 10 15 0.039820153 
761 112 8 10 0.039708294 
801 93 10 12 0.0395856 
694 6 8 11 0.039514616 
837 133 8 10 0.039284393 
390 76 9 11 0.03918061 
586 109 10 12 0.03914776 
195 169 13 16 0.03914237 
319 162 12 14 0.039074387 
711 115 10 13 0.038901046 
725 63 8 11 0.03889503 
665 109 9 12 0.038843878 
691 22 10 11 0.038728226 
250 79 9 12 0.038695868 
6 62 10 13 0.03866696 
966 61 11 13 0.03864803 
836 127 9 12 0.03856462 
856 8 7 8 0.038508166 
70 8 9 11 0.03848283 
169 108 9 11 0.03847078 
570 123 13 17 0.038457975 
445 86 10 11 0.038439248 
824 76 9 12 0.038349792 
772 127 9 10 0.038346864 
192 147 9 11 0.038334295 
798 261 38 48 0.03831685 
943 15 10 12 0.038274575 
28 158 14 17 0.038235255 
937 0 10 9 0.03811337 
256 118 8 11 0.038092677 
29 132 12 15 0.038034316 
584 1 8 10 0.038029842 
5 6 9 11 0.03791039 
149 128 8 10 0.03788363 
552 27 9 13 0.037813522 
879 2 9 9 0.037806656 
121 102 9 12 0.037760407 
713 141 11 12 0.03767795 
909 20 9 12 0.03764025 
181 133 10 13 0.03758172 
625 55 8 12 0.03757342 
93 60 10 12 0.03751796 
68 31 10 12 0.037344925 
264 65 9 11 0.037296724 
830 59 8 11 0.037211195 
214 94 9 11 0.037199944 
974 62 10 13 0.037156917 
558 31 10 12 0.037120897 
759 32 8 10 0.037103 
602 121 12 16 0.03709878 
484 53 9 11 0.037081037 
800 150 10 12 0.03703045 
861 54 8 11 0.037006106 
833 174 8 11 0.036950175 
64 99 11 14 0.03690349 
605 8 9 10 0.036894288 
892 106 10 12 0.03686521 
102 5 9 11 0.03685419 
951 194 12 14 0.03649432 
318 72 9 11 0.036486465 
758 15 8 10 0.03645707 
681 55 10 12 0.03637793 
86 174 12 13 0.03633053 
95 175 9 11 0.03629595 
869 88 19 23 0.036253363 
242 55 9 11 0.036215764 
942 20 10 12 0.036125988 
209 107 7 10 0.036019612 
873 55 9 12 0.03569818 
773 30 8 10 0.03559943 
151 84 9 11 0.035587694 
214 168 10 12 0.035572574 
700 21 10 12 0.03553006 
4 189 10 14 0.035529118 
200 128 8 9 0.035507392 
439 104 9 12 0.035507195 
924 149 12 15 0.035366714 
2 195 12 15 0.03536503 
433 131 11 13 0.035360582 
958 4 10 11 0.035350524 
777 135 9 11 0.035302 
358 113 17 22 0.035251327 
782 90 11 13 0.03515329 
223 39 9 10 0.035121635 
222 134 9 11 0.035094783 
138 142 9 11 0.03506188 
504 2 9 10 0.035042346 
1008 71 10 12 0.03502478 
771 3 18 22 0.034891844 
490 63 9 11 0.034805454 
979 144 13 16 0.03450148 
547 111 11 14 0.03422414 
909 31 9 11 0.033968225 
25 149 12 14 0.03394657 
984 82 11 14 0.03392493 
263 79 10 12 0.03392041 
354 116 9 12 0.033902586 
86 149 9 12 0.033898596 
589 79 11 14 0.033857796 
237 13 9 10 0.03385258 
504 307 31 30 0.033822168 
886 37 9 10 0.033773284 
694 43 9 11 0.03375299 
479 39 8 11 0.03374244 
776 79 9 12 0.033693615 
147 103 8 11 0.033691395 
804 100 10 12 0.03363997 
760 144 10 11 0.033588823 
943 4 10 11 0.033540547 
857 173 9 11 0.033351332 
241 127 9 11 0.033082083 
902 100 11 13 0.033016544 
232 125 8 11 0.032967452 
907 90 11 15 0.032774244 
462 6 9 9 0.03276959 
772 266 67 60 0.032767728 
42 20 9 11 0.032753512 
349 173 11 14 0.032750826 
222 169 11 12 0.03272046 
497 85 10 12 0.032670207 
864 0 7 7 0.032656576 
826 25 8 10 0.03259421 
528 103 10 13 0.0325272 
872 66 9 13 0.03250418 
766 150 10 11 0.03250278 
895 86 10 12 0.032476086 
797 173 13 13 0.032418646 
591 2 7 9 0.032367665 
640 6 8 11 0.032335922 
62 68 10 11 0.032220677 
866 155 10 12 0.03217943 
878 140 11 13 0.032113492 
667 138 12 16 0.0320085 
980 1 9 10 0.031986978 
31 198 12 15 0.03191548 
1002 2 10 11 0.03184927 
799 124 10 12 0.031741478 
82 26 10 13 0.03167797 
637 71 9 11 0.031652834 
253 166 11 14 0.031628743 
1015 153 9 14 0.031613953 
178 93 8 10 0.031552956 
461 134 12 14 0.031482488 
197 150 9 11 0.031464547 
529 92 10 12 0.031418655 
368 30 10 12 0.031397898 
957 19 10 13 0.031382803 
662 146 11 14 0.03135781 
864 166 10 13 0.03135464 
66 111 12 14 0.031351503 
73 172 10 12 0.031283405 
766 120 8 10 0.031121738 
815 153 10 12 0.031111855 
945 114 13 16 0.031079859 
63 37 10 12 0.031070989 
433 61 10 14 0.031016879 
997 118 14 17 0.030991623 
799 103 11 12 0.030909922 
887 149 12 14 0.030904746 
602 138 13 16 0.030881047 
695 0 7 9 0.030715512 
671 104 10 12 0.030705946 
281 95 8 11 0.030660741 
372 140 11 14 0.0306403 
447 2 10 10 0.030636508 
800 141 10 12 0.030617757 
766 1 8 8 0.030600721 
172 79 9 10 0.030564059 
815 32 7 10 0.030554073 
799 48 7 10 0.030519316 
967 1 9 10 0.030504053 
766 46 8 10 0.030500622 
714 51 9 12 0.0304671 
55 178 11 12 0.030459596 
654 55 9 11 0.030383337 
543 29 9 11 0.030345656 
977 134 14 17 0.030263856 
672 124 10 12 0.030254308 
160 55 8 11 0.030173596 
893 22 9 11 0.030106727 
712 32 7 10 0.030076334 
799 23 8 10 0.030040896 
761 1 8 9 0.030003646 
102 175 10 12 0.029956184 
564 103 11 13 0.029905902 
431 6 9 10 0.029894298 
562 44 9 12 0.029839523 
871 100 12 14 0.029766196 
648 66 9 12 0.029759971 
120 135 8 11 0.029756334 
239 151 10 11 0.029718341 
612 87 10 12 0.029673697 
216 31 9 12 0.029666321 
645 112 11 14 0.029649155 
177 180 9 10 0.029645493 
793 102 8 12 0.029605221 
309 16 18 21 0.029557694 
116 6 10 13 0.029394142 
717 83 9 11 0.029335888 
384 6 8 10 0.029325582 
220 19 10 12 0.029310495 
745 233 43 45 0.029298423 
659 570 27 31 0.029260108 
3 179 14 16 0.029226946 
223 128 8 10 0.029221943 
305 14 10 13 0.029151749 
774 24 8 10 0.029065637 
780 8 9 11 0.029037647 
150 6 9 12 0.02902841 
102 72 11 13 0.029027177 
591 14 8 10 0.02898734 
1012 79 17 25 0.028952952 
416 165 20 25 0.028947959 
800 72 8 11 0.028868567 
221 6 9 11 0.028847845 
840 39 8 10 0.028843677 
308 84 10 13 0.028824512 
14 124 11 14 0.028795747 
801 2 8 9 0.028759211 
392 19 11 13 0.028735982 
201 119 8 10 0.028710311 
61 54 10 11 0.028698225 
601 7 8 10 0.028664172 
908 147 13 15 0.028655725 
15 98 11 14 0.028624298 
26 140 12 14 0.028576525 
191 113 9 10 0.028528454 
336 2 11 12 0.028524004 
854 21 8 10 0.028472468 
832 105 17 21 0.028455656 
583 80 10 12 0.028407158 
608 40 10 12 0.028376857 
599 79 10 13 0.02837583 
276 12 9 11 0.028367424 
95 71 10 12 0.028350122 
566 16 8 11 0.028347652 
239 119 9 11 0.028344387 
918 150 12 14 0.028303934 
248 2 8 10 0.028281752 
894 14 8 11 0.028274078 
128 96 8 10 0.02826134 
233 11 9 12 0.02824528 
792 64 8 10 0.028245138 
849 97 10 14 0.028232792 
416 4 9 10 0.028218646 
440 48 9 11 0.028194623 
951 71 10 12 0.028181184 
845 87 10 11 0.028162245 
820 189 10 12 0.028111758 
13 15 9 10 0.028056305 
920 64 9 11 0.02801396 
584 81 17 22 0.028009834 
838 173 8 9 0.028007837 
457 138 17 21 0.027982153 
702 159 9 12 0.02794664 
915 36 17 21 0.027925286 
69 87 11 12 0.027917748 
605 62 9 12 0.0279143 
39 110 12 14 0.027912967 
392 55 9 12 0.027906746 
511 106 11 15 0.027898932 
598 65 12 15 0.027834719 
647 57 9 12 0.027822243 
712 147 10 13 0.027789174 
766 107 10 12 0.02777485 
704 40 8 10 0.027702425 
679 163 12 15 0.027674204 
689 13 9 11 0.027618147 
495 28 10 12 0.027614553 
967 16 9 11 0.027610749 
86 17 10 11 0.027609007 
760 125 9 12 0.027604366 
518 65 10 13 0.027588474 
44 109 12 13 0.027580544 
263 110 8 10 0.02756925 
445 285 110 96 0.027552512 
294 14 9 10 0.027528772 
825 110 9 11 0.027474426 
525 62 10 12 0.027438503 
199 110 7 10 0.027427562 
46 181 10 11 0.027422471 
786 54 8 9 0.02739357 
390 31 9 12 0.027367381 
563 109 14 17 0.027352339 
795 109 8 12 0.027338007 
934 77 11 13 0.027302042 
705 103 10 12 0.027242389 
431 141 10 12 0.027196337 
948 30 11 14 0.02718735 
47 68 8 10 0.027186185 
877 125 19 22 0.027180742 
160 175 9 11 0.027172953 
360 170 13 16 0.027167466 
176 141 9 11 0.027123928 
272 62 9 11 0.027067823 
424 4 8 10 0.027059408 
78 14 10 13 0.02700979 
216 88 9 10 0.027001575 
663 29 11 14 0.02697938 
365 71 8 9 0.02695338 
397 5 10 11 0.026908383 
855 182 10 13 0.026849488 
974 97 12 15 0.026838578 
7 1 8 9 0.026820194 
309 1 10 11 0.026736928 
70 196 13 15 0.02668916 
759 44 9 10 0.026592497 
831 78 9 11 0.026570154 
182 65 9 10 0.026563194 
405 59 11 13 0.026562354 
373 110 11 13 0.026554866 
648 2 10 10 0.02654129 
695 16 9 11 0.026496531 
43 99 12 14 0.026427032 
599 93 10 12 0.026420034 
77 62 9 12 0.026361417 
405 84 10 12 0.026310228 
496 77 10 13 0.026289543 
807 173 9 12 0.026248937 
215 109 8 10 0.026225854 
753 65 19 22 0.026122265 
896 76 10 13 0.02610953 
0 110 10 14 0.026098873 
864 47 9 11 0.026090171 
829 158 9 10 0.025973516 
52 38 10 13 0.025957247 
137 147 10 13 0.025954196 
663 127 9 11 0.025944859 
825 117 9 10 0.025876831 
295 23 9 12 0.025815343 
263 6 8 11 0.025801437 
689 30 11 14 0.025770456 
958 84 11 14 0.02570183 
679 151 18 23 0.025662426 
860 142 11 13 0.0256421 
56 66 10 13 0.025636572 
652 125 10 13 0.025623772 
615 15 8 11 0.025567407 
660 76 10 12 0.025563885 
624 106 18 22 0.025560195 
816 109 9 11 0.025518417 
200 62 9 10 0.025514932 
264 118 9 11 0.025466442 
640 15 8 11 0.025457244 
895 8 8 10 0.025436573 
527 14 8 10 0.02540816 
56 44 10 12 0.02540554 
449 141 9 12 0.025367184 
13 156 11 13 0.025333 
705 67 10 12 0.025302228 
649 79 8 10 0.025301948 
987 60 11 13 0.02529751 
671 70 9 11 0.025283227 
805 2 8 9 0.025175946 
480 103 10 12 0.025118386 
287 8 9 10 0.02507248 
380 100 8 11 0.025057642 
431 2 9 9 0.025055695 
118 47 9 11 0.02504907 
278 62 8 10 0.025042236 
1003 114 15 17 0.024999078 
807 24 9 10 0.024943503 
39 85 10 12 0.02494155 
373 30 10 12 0.024825031 
704 78 10 12 0.024810353 
225 65 8 11 0.024807796 
168 96 8 11 0.024724575 
617 1 9 9 0.024693152 
301 129 18 23 0.024666365 
800 61 8 10 0.024652492 
470 94 10 12 0.02461011 
207 64 8 10 0.024609104 
502 79 9 11 0.024603942 
295 112 9 11 0.024602477 
272 45 8 11 0.024602296 
140 73 17 22 0.024587447 
22 109 10 12 0.024579668 
41 28 9 11 0.024567714 
7 13 9 11 0.024557056 
424 87 9 12 0.02455254 
159 136 10 11 0.024545444 
53 141 12 14 0.024537856 
348 86 10 13 0.024528388 
717 130 18 22 0.02451134 
118 20 9 11 0.024507672 
159 70 9 11 0.024411988 
151 117 9 11 0.024387216 
338 10 10 12 0.024377946 
28 1 9 10 0.024326127 
806 189 11 13 0.024268875 
733 156 9 12 0.02426769 
319 35 10 12 0.024264205 
396 148 11 15 0.024254749 
238 7 9 10 0.024235075 
617 130 11 15 0.02422007 
264 127 9 11 0.024192242 
822 183 9 11 0.0241781 
894 47 9 12 0.024151316 
590 67 12 14 0.02414295 
137 4 18 22 0.024115505 
553 67 10 13 0.024062064 
249 171 10 13 0.024051921 
678 31 9 12 0.024038456 
638 87 18 23 0.024032407 
591 114 12 16 0.024017258 
761 149 9 12 0.024012955 
257 111 8 10 0.024000116 
830 151 9 10 0.023997668 
551 139 13 15 0.023988247 
305 112 8 11 0.023958968 
399 1 10 10 0.023884777 
847 42 7 9 0.023882804 
853 50 18 23 0.023880912 
138 73 9 12 0.023782626 
141 173 12 13 0.023770977 
400 27 17 22 0.023770388 
559 55 9 12 0.02371673 
759 56 9 10 0.023670852 
365 179 13 14 0.023670347 
614 63 10 11 0.02364258 
720 103 10 13 0.023629565 
605 28 10 12 0.023541164 
54 168 11 13 0.023475457 
601 84 10 13 0.023450742 
903 44 9 12 0.023434063 
185 11 9 11 0.023426646 
201 73 9 11 0.023412673 
742 112 8 10 0.023406994 
21 102 10 11 0.023344476 
847 72 9 11 0.023299422 
885 30 9 11 0.023293583 
904 109 10 13 0.023262488 
136 19 11 12 0.023234574 
524 143 11 13 0.023234341 
797 134 10 12 0.023219446 
849 90 18 23 0.02318775 
528 86 11 13 0.023171235 
134 86 9 11 0.023170443 
588 135 20 25 0.023165507 
385 0 9 11 0.023146695 
161 160 9 11 0.023117537 
168 73 8 10 0.023114948 
936 22 9 12 0.023107557 
455 135 11 13 0.023079658 
110 174 12 14 0.02307238 
751 103 8 10 0.023046285 
934 85 10 14 0.023037268 
548 40 10 12 0.023024002 
835 82 20 23 0.022993509 
303 62 9 11 0.022968605 
473 84 10 12 0.02296504 
905 196 11 15 0.02292503 
705 123 17 21 0.022916645 
481 12 8 11 0.022906344 
952 150 10 14 0.022878315 
820 214 24 37 0.0228236 
253 127 9 11 0.022792151 
7 78 9 12 0.022760607 
904 54 18 22 0.022755794 
622 1 9 10 0.022716904 
460 125 11 13 0.022710517 
370 163 13 16 0.022621868 
535 10 9 11 0.0225391 
272 141 9 12 0.022510482 
313 26 11 13 0.022502773 
933 47 10 12 0.022394938 
527 6 9 11 0.022377644 
247 159 8 11 0.022365142 
671 15 10 12 0.022360714 
300 150 11 14 0.022351883 
790 78 9 11 0.022339934 
41 61 9 12 0.022302257 
988 71 11 12 0.022298118 
308 5 10 12 0.022216829 
257 143 8 10 0.022198612 
847 77 9 11 0.022176394 
400 133 20 23 0.022162022 
311 102 9 11 0.022161381 
128 173 12 13 0.022087619 
720 2 8 9 0.022078263 
863 93 9 12 0.022071326 
841 61 7 10 0.02203723 
868 151 13 14 0.022032464 
861 61 9 12 0.021994365 
554 559 47 51 0.021976423 
1015 212 8 12 0.021894662 
272 2 9 10 0.021888752 
79 7 9 11 0.021883579 
823 38 8 9 0.021868555 
359 85 11 13 0.021865748 
509 92 9 11 0.02183478 
339 157 12 15 0.02174736 
247 1 17 23 0.021721795 
877 102 11 13 0.021717574 
573 70 8 10 0.021711372 
393 56 19 23 0.0216361 
1015 22 9 13 0.02163445 
583 116 13 15 0.021627164 
832 9 8 10 0.021601789 
991 215 8 10 0.021592928 
661 15 10 12 0.021561285 
175 12 9 11 0.021546595 
177 71 8 11 0.021535913 
217 7 9 11 0.02150225 
667 63 9 11 0.021496758 
469 202 15 18 0.021454714 
133 94 9 11 0.02144959 
637 77 9 11 0.021433506 
744 80 10 12 0.021413235 
382 228 50 66 0.021407872 
936 54 10 12 0.021401556 
921 41 16 22 0.021372868 
599 9 19 23 0.02134212 
0 202 9 15 0.021333458 
777 83 10 13 0.021332968 
887 163 10 13 0.021290312 
871 124 12 15 0.02126632 
240 158 9 12 0.021261767 
423 133 10 12 0.021234801 
695 157 9 12 0.021221105 
428 161 12 15 0.021215044 
343 80 9 10 0.02118156 
207 167 9 12 0.021177892 
64 78 9 11 0.02115751 
848 165 9 12 0.021143392 
577 2 9 10 0.021119336 
655 148 11 13 0.021100653 
249 77 18 24 0.0210864 
742 2 8 9 0.021086022 
886 156 12 14 0.02106608 
13 150 10 13 0.021065278 
905 7 9 10 0.021045046 
675 85 17 21 0.021029916 
160 118 18 24 0.021017935 
764 96 19 23 0.021011297 
343 171 11 14 0.020999258 
514 178 13 16 0.020990456 
750 150 9 11 0.02089818 
216 140 9 11 0.02088842 
288 22 9 12 0.020876579 
302 127 10 12 0.020876132 
35 151 10 13 0.020875717 
669 30 11 13 0.020860102 
709 34 19 24 0.020828918 
774 155 9 11 0.020825727 
540 181 12 14 0.020809202 
326 11 10 11 0.020808715 
24 17 9 10 0.02079072 
978 124 14 16 0.020772323 
371 171 11 14 0.020758552 
412 38 10 11 0.02073322 
192 129 7 9 0.020727428 
875 87 11 13 0.020720301 
939 157 12 13 0.020690173 
718 116 10 12 0.020657582 
430 12 9 11 0.020644205 
719 29 9 11 0.020630948 
439 115 13 15 0.020555295 
644 99 12 14 0.020535307 
70 77 9 12 0.020534953 
471 39 9 11 0.020533197 
174 23 8 9 0.020526284 
96 45 9 10 0.020512406 
412 98 18 22 0.020491838 
743 68 9 11 0.020486431 
130 87 8 11 0.02048299 
95 110 9 11 0.020466642 
937 60 10 12 0.02043826 
750 8 9 9 0.020437239 
886 0 9 8 0.020411547 
166 2 11 11 0.020395612 
246 138 10 12 0.020381892 
969 135 11 14 0.020378774 
400 102 9 13 0.020359917 
449 118 18 23 0.02033828 
809 48 7 10 0.020326924 
13 28 9 12 0.020322932 
862 86 10 12 0.020313172 
255 2 9 10 0.020308768 
412 132 12 15 0.020307437 
430 85 8 11 0.020294921 
541 218 23 27 0.020287173 
412 113 11 14 0.02028321 
1009 41 18 25 0.020255867 
334 134 10 12 0.020251654 
782 158 9 11 0.020250838 
479 164 12 14 0.020241097 
880 12 8 11 0.020227946 
943 35 18 21 0.020227574 
623 71 10 12 0.020207053 
725 76 8 10 0.020204326 
198 140 9 11 0.020196265 
39 181 10 12 0.020180391 
304 71 17 22 0.020159494 
736 2 9 9 0.020159177 
513 313 17 19 0.020154016 
45 92 12 14 0.020149373 
670 132 11 14 0.020140704 
216 1 9 10 0.020130118 
880 164 10 12 0.020127786 
841 183 9 12 0.020116601 
767 71 8 11 0.020115616 
773 58 18 22 0.020112764 
230 63 8 11 0.02006887 
