47_Matador_Bullfighter_matadorbullfighting_47_536
191
476 317 20 24 0.92236984 
776 285 21 27 0.8757131 
113 413 23 27 0.8522879 
623 266 22 27 0.7201717 
898 339 20 25 0.7084882 
334 282 22 28 0.68648916 
403 219 19 22 0.52319777 
77 189 9 14 0.40143925 
968 339 17 19 0.33105633 
3 195 12 19 0.32345352 
835 325 15 17 0.25910804 
148 433 28 27 0.2141095 
583 301 15 18 0.19966745 
540 297 18 21 0.19537106 
933 350 22 27 0.18537873 
448 791 475 525 0.18332864 
545 290 17 22 0.16095038 
239 389 26 30 0.14248456 
467 226 11 16 0.11906171 
450 261 14 17 0.11215229 
4 432 21 33 0.09512367 
374 294 12 16 0.093252696 
85 189 9 12 0.09119527 
550 287 22 28 0.09034224 
978 346 23 27 0.08420126 
2 192 9 14 0.083890505 
917 354 15 21 0.08254101 
-41 970 489 456 0.082434624 
971 360 12 15 0.07292975 
562 537 29 31 0.07239339 
2 522 18 21 0.07083691 
448 200 9 12 0.06941183 
6 429 11 17 0.0676758 
412 381 15 19 0.06758824 
365 291 14 17 0.066753395 
442 233 16 20 0.065905 
4 221 14 16 0.063109465 
552 300 23 28 0.06308688 
202 423 17 21 0.062376957 
550 529 26 32 0.062188055 
892 330 19 22 0.06149802 
667 242 13 16 0.061245073 
921 350 22 28 0.060883153 
701 195 9 12 0.0592149 
598 299 12 15 0.05915593 
160 439 17 18 0.058730338 
965 349 20 27 0.05771115 
665 216 9 10 0.05673245 
336 454 13 14 0.05604002 
128 418 14 18 0.055303115 
562 284 16 20 0.053342015 
647 292 13 14 0.052568395 
862 261 11 14 0.052292075 
20 213 10 14 0.052283067 
499 303 18 21 0.051595703 
952 315 11 12 0.049747225 
358 290 14 18 0.049381156 
12 219 11 15 0.049252804 
662 233 16 19 0.04812246 
89 224 10 12 0.047297888 
883 273 13 15 0.046830192 
358 299 12 15 0.046746843 
409 214 15 20 0.045923904 
935 436 11 14 0.045739606 
13 201 11 16 0.045066807 
522 290 14 17 0.0442911 
606 317 10 15 0.044255875 
885 297 12 14 0.04381958 
906 351 16 22 0.043756235 
984 315 10 12 0.043287463 
939 311 12 14 0.042309746 
1008 407 10 13 0.042010352 
575 300 10 15 0.041289285 
407 227 19 23 0.041234694 
105 519 11 12 0.040728964 
2 226 9 14 0.040576942 
379 293 12 15 0.03721149 
93 228 9 12 0.037161212 
180 415 9 12 0.036872305 
30 248 13 19 0.03613433 
649 305 12 15 0.036079995 
340 467 12 14 0.035945494 
594 417 12 17 0.03567064 
403 292 13 16 0.035395637 
421 309 15 17 0.035393436 
91 410 13 17 0.03516162 
507 314 16 19 0.0350889 
69 220 10 13 0.03473804 
31 222 11 14 0.034417387 
2 399 22 29 0.033771142 
15 441 17 20 0.03358995 
514 284 24 29 0.03339885 
1009 396 10 13 0.033343207 
491 345 14 16 0.03331558 
571 293 12 16 0.032056943 
348 460 11 13 0.03196164 
532 287 22 29 0.03172 
105 221 8 11 0.031228986 
576 543 17 22 0.031095594 
536 304 13 17 0.030889783 
698 192 9 12 0.03062742 
338 278 16 18 0.0304251 
163 317 12 14 0.030296138 
731 322 12 15 0.029910482 
807 336 10 13 0.029684216 
446 229 21 26 0.029640103 
438 229 12 17 0.02961366 
106 399 29 34 0.029246818 
409 371 15 16 0.029204767 
561 312 15 18 0.029193958 
151 414 8 11 0.028786613 
710 295 8 12 0.028757349 
72 191 11 15 0.028687485 
381 347 10 12 0.028436251 
146 433 47 47 0.028267402 
341 457 12 15 0.027599495 
51 459 14 16 0.027565692 
464 300 13 17 0.027375916 
144 412 9 12 0.02729332 
1007 421 9 12 0.027102267 
89 255 15 18 0.027086148 
647 235 11 14 0.026832774 
116 254 11 15 0.02655141 
650 223 23 29 0.0264931 
569 525 27 30 0.02640916 
110 220 8 11 0.026407922 
104 416 14 17 0.02632972 
668 221 11 14 0.02606531 
797 301 12 17 0.026043437 
23 229 8 11 0.02602097 
346 290 13 18 0.025889754 
855 203 10 13 0.025852483 
591 294 21 26 0.025838427 
430 227 11 15 0.025797792 
862 254 11 14 0.025487227 
153 445 21 22 0.025323754 
85 404 22 28 0.025139965 
30 241 11 15 0.024943896 
4 238 10 15 0.024888959 
351 280 24 30 0.024860656 
459 223 19 24 0.02480734 
364 357 9 13 0.024764523 
582 312 14 16 0.024440616 
662 219 22 28 0.024429811 
863 221 9 12 0.024385797 
571 294 20 26 0.024347983 
460 258 14 16 0.024341673 
450 380 12 16 0.024278292 
543 286 15 18 0.02421161 
367 397 12 14 0.023894355 
362 309 12 14 0.02384035 
354 292 23 27 0.023624085 
944 352 15 19 0.023547973 
644 217 14 17 0.023433238 
144 408 8 10 0.023279963 
3 410 26 34 0.023050716 
683 221 14 16 0.022986686 
601 316 11 14 0.022933127 
977 338 14 18 0.022852808 
415 310 10 13 0.022758868 
643 216 24 28 0.022601895 
61 468 15 17 0.022534532 
562 296 16 20 0.02235326 
820 323 26 28 0.022173585 
410 323 14 16 0.02200642 
250 495 9 11 0.021834707 
639 237 36 50 0.021812873 
150 422 13 17 0.021776319 
725 319 13 14 0.021726467 
905 332 15 19 0.021709932 
718 324 14 17 0.021687025 
721 316 24 29 0.02168486 
703 294 11 12 0.021657111 
821 329 13 15 0.0216032 
238 427 12 17 0.021584135 
474 357 29 33 0.021562282 
43 438 23 30 0.021439888 
815 333 10 13 0.021387972 
526 337 14 20 0.021247402 
9 517 14 17 0.02119526 
643 287 21 26 0.021047778 
6 195 19 27 0.02100748 
499 319 22 27 0.02099105 
682 227 15 18 0.020941807 
407 318 11 14 0.020878123 
564 286 22 28 0.02085241 
164 423 25 30 0.020710554 
765 285 35 45 0.020464387 
977 398 8 11 0.020363264 
23 219 8 13 0.020351155 
7 423 28 34 0.020134311 
