47_Matador_Bullfighter_Matador_Bullfighter_47_631
48
732 83 38 61 0.9859853 
92 48 15 20 0.6684638 
982 66 20 27 0.2199067 
368 46 47 65 0.14171945 
944 0 28 32 0.09718279 
150 54 15 20 0.088464946 
765 3 24 26 0.074777536 
124 -2 17 15 0.07410263 
881 15 17 20 0.071540855 
557 56 18 23 0.06773619 
390 342 233 268 0.06411887 
618 456 119 129 0.05299627 
644 56 15 18 0.04501615 
564 221 373 493 0.04409357 
456 397 142 151 0.040880293 
246 290 56 71 0.04056896 
75 111 17 21 0.04035157 
249 -1 18 19 0.037743676 
156 116 14 18 0.032661803 
725 16 16 22 0.032112587 
782 164 32 33 0.032100152 
69 83 17 22 0.03186565 
383 180 367 418 0.031265084 
516 377 113 143 0.030754935 
125 140 16 22 0.030305637 
974 108 24 28 0.030188309 
649 476 63 74 0.030181443 
358 69 64 68 0.028887447 
571 1 17 20 0.028751533 
165 254 432 479 0.028572628 
581 435 92 132 0.027845422 
496 1 19 21 0.027638773 
693 518 16 21 0.025900627 
368 134 47 42 0.025690835 
517 353 187 254 0.025261557 
84 164 14 18 0.02506003 
611 0 16 20 0.025022227 
233 262 91 117 0.024826514 
661 131 14 18 0.02478027 
29 49 14 19 0.023798289 
201 57 20 22 0.02285167 
342 126 115 123 0.022599667 
802 188 14 16 0.022404764 
179 0 17 18 0.0220412 
251 317 34 43 0.021176567 
290 0 20 18 0.020687575 
792 180 26 27 0.02056811 
689 86 17 22 0.020249372 
