47_Matador_Bullfighter_matadorbullfighting_47_42
32
221 96 44 59 0.9953063 
159 95 35 45 0.39643463 
527 0 25 22 0.3363407 
270 101 32 42 0.25230402 
97 -1 18 15 0.11554061 
637 -1 19 14 0.07354363 
805 -1 26 19 0.07251009 
791 28 24 26 0.07061685 
419 0 53 51 0.065678656 
942 1 41 34 0.058220964 
424 53 12 14 0.05010356 
84 0 26 22 0.04839522 
250 149 23 31 0.046330523 
530 12 18 21 0.045365483 
661 678 10 12 0.042729806 
707 -1 20 14 0.038761977 
350 19 12 12 0.034538295 
741 48 17 18 0.03452248 
124 0 16 13 0.032184295 
272 75 42 58 0.030728461 
373 52 11 14 0.030413188 
317 13 14 14 0.03032753 
129 0 17 18 0.02943421 
423 91 14 17 0.02930422 
153 -1 28 23 0.028991863 
795 511 49 47 0.026104672 
220 6 16 21 0.024431238 
852 341 117 138 0.023855045 
964 525 30 38 0.022476979 
198 4 27 33 0.02237158 
172 42 47 62 0.022303265 
426 57 15 16 0.020334106 
