47_Matador_Bullfighter_Matador_Bullfighter_47_567
30
419 99 185 243 0.9994721 
304 557 9 12 0.19158936 
721 533 10 12 0.12510972 
837 406 14 17 0.10105933 
269 407 38 51 0.07544858 
749 532 10 13 0.05841316 
293 469 13 15 0.044136513 
61 352 245 296 0.04142338 
772 416 13 17 0.040543567 
347 567 12 14 0.03607862 
304 591 8 10 0.035136502 
672 550 10 13 0.033713605 
278 541 13 15 0.033511285 
716 563 12 14 0.030896245 
739 493 15 20 0.02947473 
59 1089 15 19 0.028275419 
867 405 15 16 0.027685203 
460 1243 36 42 0.024713168 
375 527 10 13 0.02469908 
768 412 12 16 0.024692083 
389 1029 187 290 0.024517495 
699 506 11 14 0.023304956 
646 719 10 13 0.023136465 
722 497 15 20 0.021783894 
773 530 13 17 0.02136169 
693 469 13 16 0.021321744 
731 490 19 27 0.020651227 
748 504 12 15 0.02058425 
275 458 14 19 0.02054841 
777 446 15 18 0.02031106 
