47_Matador_Bullfighter_matadorbullfighting_47_207
110
923 480 15 20 0.9470751 
884 484 18 21 0.9458493 
375 418 20 25 0.83846384 
744 424 17 23 0.8309624 
576 398 20 28 0.7221097 
61 340 16 20 0.4760122 
468 429 16 22 0.3087387 
601 470 17 21 0.23923199 
818 481 17 21 0.22789592 
401 495 17 24 0.1862179 
458 429 20 26 0.18614997 
642 542 17 23 0.17954099 
914 540 11 14 0.17484578 
871 524 9 10 0.16091603 
413 433 14 17 0.15181349 
718 490 17 20 0.14765072 
442 433 14 18 0.14007151 
418 509 25 34 0.12745103 
411 500 23 32 0.107179716 
777 481 19 27 0.08263515 
597 780 16 22 0.07282311 
409 441 22 27 0.072633594 
871 470 12 14 0.07235097 
529 527 9 12 0.067992754 
781 474 13 19 0.061289776 
383 419 23 29 0.058767833 
590 469 23 31 0.05761942 
787 483 16 20 0.056752533 
78 358 13 15 0.053028494 
827 491 13 16 0.052772034 
404 430 23 28 0.050386265 
837 542 13 14 0.047140602 
238 421 21 27 0.046161868 
627 528 37 49 0.045222815 
403 449 17 21 0.0438673 
631 532 24 29 0.041724492 
536 476 12 16 0.041036468 
590 477 13 17 0.039616432 
862 494 12 15 0.038932063 
511 458 14 15 0.037768226 
229 426 15 21 0.037661966 
231 520 13 14 0.036074124 
890 480 13 16 0.03604338 
166 345 441 497 0.03597104 
786 469 13 15 0.035689455 
650 570 26 30 0.035539467 
771 451 11 16 0.03523526 
386 483 28 34 0.035183664 
831 534 27 29 0.033975337 
1001 471 21 29 0.033696443 
636 500 11 13 0.03348551 
794 484 17 19 0.033274263 
235 430 16 21 0.03314388 
508 477 13 16 0.03267924 
786 444 14 17 0.032503538 
324 440 22 29 0.032278415 
721 481 24 31 0.032175027 
86 373 11 14 0.03216262 
876 525 9 10 0.031606272 
903 469 13 14 0.031379137 
584 484 10 13 0.031179922 
633 495 9 13 0.03102554 
501 480 12 17 0.030457942 
637 549 28 35 0.030281883 
781 487 26 31 0.029399384 
392 500 26 34 0.02932201 
65 341 21 28 0.028966663 
723 477 14 15 0.028912935 
615 511 9 11 0.02886532 
611 676 372 433 0.028795134 
420 526 17 21 0.028440848 
341 443 11 16 0.028351739 
348 462 27 40 0.028323038 
368 419 15 20 0.027877448 
776 475 11 16 0.027745457 
576 467 42 54 0.02772124 
244 413 17 21 0.027387716 
537 365 419 452 0.02724657 
213 454 37 49 0.027101647 
392 458 27 36 0.026753206 
83 362 11 15 0.026662622 
610 473 12 17 0.026395125 
720 479 10 13 0.026275443 
79 372 12 14 0.025651168 
526 477 11 14 0.02548046 
393 438 25 29 0.0254453 
719 483 44 49 0.025268827 
645 501 10 13 0.025226273 
622 478 11 14 0.02509574 
394 423 15 21 0.024918053 
403 483 16 21 0.024897883 
629 518 11 14 0.024706727 
419 465 13 19 0.024552738 
382 441 25 31 0.024517236 
454 414 11 13 0.024422389 
656 485 12 15 0.024364239 
568 386 34 46 0.024184788 
737 466 42 48 0.023770202 
453 437 15 20 0.023547877 
556 417 13 15 0.023473173 
364 425 22 29 0.023414487 
576 372 10 12 0.023355782 
359 444 12 15 0.023346532 
868 491 12 16 0.022893429 
368 444 25 32 0.022394478 
409 490 15 23 0.021975901 
359 457 37 49 0.021088041 
435 453 11 14 0.020971779 
742 468 13 15 0.020534396 
364 444 12 16 0.02036988 
