47_Matador_Bullfighter_matadorbullfighting_47_572
18
233 28 26 29 0.9899879 
890 97 23 31 0.9782624 
195 190 45 51 0.95507467 
77 2 31 37 0.9147658 
649 105 22 28 0.19466057 
97 62 33 54 0.101689376 
75 43 24 32 0.056480683 
414 43 241 246 0.042212594 
355 512 83 64 0.041932292 
349 575 38 50 0.037604544 
57 37 24 33 0.036220476 
174 182 33 46 0.03234636 
338 82 13 17 0.025904544 
208 53 24 31 0.025159633 
56 32 42 56 0.021387143 
330 535 55 51 0.021191854 
304 292 11 14 0.0202184 
177 301 12 13 0.020005153 
