47_Matador_Bullfighter_matadorbullfighting_47_236
235
388 276 93 107 0.998781 
67 196 17 21 0.96337354 
35 191 16 22 0.9058281 
828 126 25 28 0.8901565 
750 48 14 19 0.86351085 
155 140 16 19 0.8497395 
112 195 17 21 0.8358651 
388 188 25 31 0.82693607 
717 108 19 22 0.81708056 
124 180 15 17 0.75443196 
351 195 20 26 0.75197905 
160 179 16 19 0.6905782 
387 138 17 21 0.63547415 
681 42 13 18 0.62043744 
265 206 19 23 0.6130138 
87 108 15 20 0.59955716 
603 191 17 20 0.5726789 
591 126 19 22 0.49560496 
795 117 15 19 0.49489892 
54 210 15 19 0.47452676 
993 97 18 22 0.47211516 
436 128 16 19 0.4248924 
365 178 21 28 0.42464706 
94 185 13 16 0.40944326 
417 122 15 20 0.40678346 
414 974 244 298 0.38448504 
945 48 15 19 0.35291028 
548 204 15 20 0.3479773 
160 175 12 14 0.34396228 
279 119 18 21 0.34253216 
357 189 21 26 0.29871297 
729 184 15 18 0.2394819 
225 256 9 12 0.21261415 
777 100 14 17 0.2096378 
232 204 17 19 0.20043273 
854 156 13 17 0.20036325 
156 257 11 15 0.1755847 
638 171 11 15 0.15046863 
638 185 12 16 0.14857778 
101 212 12 16 0.13837542 
85 148 10 12 0.13086969 
517 109 23 27 0.12508994 
645 169 13 16 0.124817334 
376 181 22 29 0.11719586 
80 147 10 13 0.108576655 
384 144 15 20 0.10699946 
97 157 10 13 0.10629534 
414 192 15 19 0.09514479 
121 175 13 14 0.09220836 
59 170 13 15 0.0895999 
795 127 16 19 0.08849324 
296 805 399 463 0.08661173 
929 86 10 13 0.08457748 
216 207 11 13 0.083720334 
129 185 13 16 0.08202782 
713 209 12 15 0.08140818 
706 178 13 16 0.08095798 
118 159 9 12 0.08018972 
424 122 20 25 0.07794886 
839 129 18 20 0.07261002 
263 182 40 47 0.071925335 
991 79 27 33 0.06791788 
238 118 12 16 0.06552251 
186 238 8 10 0.062127914 
164 203 14 18 0.06134761 
621 178 15 19 0.0582952 
72 142 10 14 0.05523819 
443 126 12 17 0.055153724 
342 198 16 22 0.052868124 
597 177 38 46 0.051933065 
876 91 40 54 0.051650796 
963 82 12 16 0.050987396 
419 189 12 16 0.05059567 
102 150 10 12 0.049762547 
437 150 12 16 0.048211154 
70 171 12 15 0.04783955 
322 200 17 20 0.047122896 
454 185 23 28 0.047014855 
815 165 13 17 0.04671069 
62 201 16 20 0.046651527 
289 198 24 30 0.046410378 
400 193 17 22 0.046295043 
682 69 12 16 0.04620846 
455 162 13 17 0.046161782 
384 132 16 20 0.046091817 
181 184 9 12 0.045782458 
152 188 10 14 0.04500555 
610 175 22 28 0.044906568 
112 156 11 14 0.044419248 
64 149 9 11 0.04429296 
629 194 12 14 0.04257921 
153 133 13 17 0.042333167 
283 179 27 29 0.041966952 
89 185 12 16 0.04159029 
414 138 15 19 0.041499127 
628 171 14 19 0.041371197 
95 150 10 12 0.041170817 
392 143 16 20 0.0405679 
125 157 11 14 0.039721258 
109 148 11 14 0.039153393 
436 160 16 21 0.039082106 
113 163 11 13 0.039016735 
120 194 16 19 0.03866038 
155 186 23 26 0.037847437 
458 181 16 19 0.036823962 
824 130 16 19 0.03678839 
583 123 14 20 0.036462683 
562 141 15 19 0.036326043 
0 189 8 13 0.035687402 
515 118 17 23 0.035493497 
153 119 8 10 0.035440173 
542 105 14 19 0.03538493 
86 157 10 14 0.034698375 
444 147 13 16 0.034551892 
740 90 17 19 0.034156155 
227 182 22 25 0.033796683 
230 191 22 26 0.03374988 
386 204 18 24 0.03351168 
307 108 15 17 0.03330354 
162 131 14 18 0.033132177 
582 138 23 28 0.032762863 
173 187 11 15 0.032592617 
748 210 13 14 0.032453533 
753 90 15 18 0.03225242 
157 128 14 17 0.032102365 
80 157 10 13 0.031877413 
143 133 10 12 0.03162138 
381 186 43 49 0.031264354 
775 123 13 16 0.031178756 
529 119 17 21 0.031158466 
682 188 13 17 0.031068223 
87 165 9 11 0.031048734 
326 169 13 17 0.030738194 
94 163 11 13 0.030725664 
4 265 12 15 0.030286418 
219 211 11 13 0.030122438 
612 186 25 28 0.03009349 
108 141 12 15 0.02972776 
191 129 11 15 0.029701605 
76 171 12 15 0.02930905 
190 110 9 12 0.02927992 
487 284 12 16 0.029222438 
701 173 20 25 0.029207213 
974 42 12 15 0.029159376 
639 175 19 25 0.029156009 
438 132 21 26 0.029112665 
608 497 27 32 0.029112017 
652 216 13 16 0.02908382 
94 175 13 15 0.028824326 
980 94 25 33 0.028814603 
724 205 15 17 0.028572554 
484 160 12 15 0.028385745 
702 203 10 15 0.028356902 
65 143 9 12 0.028256148 
580 148 15 18 0.028113432 
903 140 24 28 0.02799883 
751 205 10 12 0.0278985 
995 85 17 19 0.027727734 
152 126 10 13 0.027642375 
698 180 10 14 0.027398031 
223 126 12 14 0.027391285 
667 492 27 34 0.027257577 
372 215 15 19 0.027212868 
905 146 14 16 0.026959745 
779 128 13 16 0.026768846 
119 150 10 13 0.026539985 
670 506 14 17 0.026448464 
601 130 14 19 0.02644184 
433 882 379 472 0.02629569 
375 146 14 19 0.02624393 
764 162 13 17 0.026039146 
635 167 19 24 0.02597735 
631 477 26 32 0.025938177 
480 162 12 15 0.025755452 
725 194 15 17 0.0255747 
683 183 11 14 0.024991304 
152 251 19 24 0.024905803 
802 92 14 16 0.024814239 
347 174 21 29 0.02480076 
216 133 12 14 0.024330476 
731 209 13 15 0.024133814 
781 117 21 26 0.024098437 
226 131 15 17 0.024007289 
522 299 10 13 0.024004798 
77 178 12 16 0.023897327 
825 119 39 48 0.023456912 
290 123 13 17 0.02334449 
110 172 11 13 0.023294343 
670 481 24 28 0.023171332 
392 133 15 18 0.02309533 
124 163 14 15 0.023033164 
1000 99 17 23 0.02287251 
251 180 15 19 0.022842154 
434 144 21 28 0.022813093 
956 78 21 26 0.022646239 
381 209 14 19 0.022391409 
268 73 14 17 0.022286765 
143 139 12 15 0.02213996 
171 201 14 19 0.022100424 
773 200 9 12 0.022029832 
718 76 12 14 0.022015195 
228 122 14 17 0.021923672 
106 201 21 24 0.021711165 
358 363 53 72 0.021656184 
616 164 24 30 0.021598505 
654 99 12 15 0.021554595 
938 124 29 33 0.021461478 
143 187 11 15 0.021459099 
0 195 9 15 0.02142428 
589 182 24 29 0.021413608 
741 182 12 15 0.021408416 
356 201 22 28 0.021334961 
453 162 22 27 0.02130947 
157 168 12 14 0.021261398 
943 76 43 49 0.021229083 
171 570 17 17 0.021207005 
587 185 15 19 0.021090308 
599 246 14 18 0.02107635 
483 197 14 19 0.021067074 
173 131 11 15 0.021049323 
625 181 20 26 0.020987395 
158 119 9 11 0.020965466 
341 171 14 18 0.020886196 
1006 131 16 20 0.020774223 
349 171 13 19 0.020771042 
99 207 20 26 0.020728832 
489 75 12 14 0.02072809 
192 161 12 16 0.02072028 
957 46 11 15 0.020635387 
682 174 8 11 0.020567264 
655 482 15 19 0.02046124 
214 173 12 15 0.020231633 
139 147 14 16 0.020085655 
128 595 35 43 0.02006864 
616 489 28 32 0.02003733 
