14_Traffic_Traffic_14_443
156
660 154 13 17 0.96561664 
510 130 13 16 0.7805723 
459 159 10 12 0.23754361 
473 168 10 12 0.22698484 
497 143 8 11 0.18934494 
802 147 11 15 0.16179027 
643 170 12 15 0.1141508 
732 192 11 13 0.110838726 
299 206 15 18 0.08910459 
56 309 8 11 0.0874994 
421 150 8 12 0.077980995 
455 161 12 15 0.07548712 
429 224 16 18 0.075478844 
497 147 10 13 0.072171316 
1006 267 13 21 0.06662935 
603 124 11 14 0.0662676 
749 189 9 11 0.06546598 
501 140 12 14 0.06235406 
1 176 12 22 0.06103355 
478 159 9 12 0.060903016 
690 150 11 15 0.06089107 
449 156 10 13 0.060289796 
500 148 13 14 0.060159292 
478 143 7 10 0.059377067 
40 311 8 10 0.059368018 
565 156 10 14 0.058794115 
22 310 7 10 0.058768276 
735 223 10 12 0.058009293 
819 228 15 19 0.056826856 
590 150 11 14 0.055641238 
89 139 12 16 0.052596353 
612 140 12 13 0.051726922 
742 230 12 15 0.05160125 
449 174 9 13 0.050969046 
557 161 15 19 0.050450858 
21 334 8 11 0.050375663 
634 244 12 15 0.05000603 
671 287 9 12 0.049929425 
572 170 14 16 0.04967794 
582 150 11 13 0.049220912 
640 166 11 16 0.049045738 
381 140 14 16 0.04846932 
472 160 9 11 0.048046377 
421 155 9 13 0.046659913 
597 108 8 11 0.046603 
88 311 10 12 0.046172787 
742 197 12 16 0.04492323 
748 196 13 16 0.04451189 
595 150 12 15 0.044043716 
704 179 9 12 0.043717425 
478 150 8 10 0.043634415 
18 305 7 10 0.043477286 
476 176 11 15 0.041605312 
509 145 14 16 0.041268177 
632 157 9 14 0.041039973 
825 152 9 11 0.04098885 
509 157 12 15 0.04077288 
798 141 19 25 0.040061887 
125 377 9 10 0.03948096 
685 131 9 12 0.038857203 
506 132 11 15 0.03860478 
576 149 11 13 0.0370777 
848 266 12 15 0.03573986 
1006 258 13 19 0.03447881 
661 110 10 12 0.0344591 
380 146 18 19 0.03422565 
744 190 9 11 0.033936273 
62 312 8 10 0.03377389 
875 216 17 21 0.033687014 
567 153 10 12 0.033516884 
384 135 11 14 0.033308886 
542 172 11 17 0.033021178 
525 133 10 13 0.032853335 
495 134 9 13 0.03169659 
82 312 7 10 0.031447314 
729 232 8 11 0.031141127 
454 156 20 24 0.030878948 
509 103 209 226 0.030400885 
495 155 11 14 0.030108651 
992 240 9 13 0.030080665 
80 317 8 11 0.029959895 
514 135 15 19 0.029816497 
663 221 11 13 0.029588668 
658 143 10 12 0.02947411 
548 169 15 19 0.029097153 
56 140 9 12 0.028555851 
64 334 7 9 0.028453883 
447 153 9 11 0.02824364 
1002 252 20 34 0.02819011 
485 163 11 15 0.027853008 
575 142 12 14 0.027842307 
472 160 18 24 0.027384724 
469 170 21 26 0.02698975 
93 312 8 10 0.026972571 
95 315 8 11 0.026528709 
734 200 12 16 0.026416 
128 320 7 8 0.025827385 
79 336 7 8 0.025817519 
568 169 11 16 0.025671186 
104 384 7 9 0.025448859 
121 376 8 11 0.025286172 
184 222 9 11 0.025257677 
509 179 25 30 0.025228258 
515 156 13 16 0.025179686 
502 154 14 16 0.025169522 
70 327 7 9 0.025089627 
16 328 8 10 0.025040837 
136 384 8 10 0.024951454 
852 172 16 20 0.024464812 
23 329 8 10 0.024438785 
40 305 8 10 0.024434304 
606 131 11 14 0.024173146 
668 163 11 14 0.02412118 
520 160 24 31 0.024061907 
632 191 8 12 0.024045361 
822 156 158 218 0.02378009 
573 154 13 15 0.023720877 
730 223 8 11 0.023656845 
502 133 19 24 0.02355034 
892 34 31 33 0.023475125 
637 158 9 12 0.023460483 
736 229 11 15 0.02339458 
72 310 7 10 0.023153584 
858 179 12 17 0.02275619 
294 211 15 17 0.022407563 
532 142 11 13 0.022259727 
179 243 13 15 0.02194234 
966 275 10 12 0.021857433 
676 173 10 14 0.021836525 
64 317 7 10 0.021807358 
104 345 8 10 0.021801693 
40 334 7 9 0.021775292 
871 164 13 16 0.021765223 
631 151 9 12 0.02146754 
746 184 9 12 0.02141007 
22 305 8 11 0.021382162 
448 165 11 15 0.021286687 
740 224 12 14 0.0211537 
561 125 9 11 0.02106 
55 327 8 11 0.021037934 
830 152 9 12 0.020835789 
120 319 6 8 0.02080655 
959 274 11 13 0.020762894 
574 128 10 13 0.020714594 
496 128 9 11 0.020714574 
670 195 10 13 0.020618172 
531 147 13 16 0.020455107 
929 562 13 13 0.020448534 
999 264 24 40 0.020447934 
644 101 9 13 0.020445518 
48 310 8 11 0.020407354 
801 231 10 13 0.020300929 
145 319 7 9 0.020292822 
104 318 7 9 0.020248549 
534 170 14 19 0.020163352 
709 176 9 12 0.020160627 
