14_Traffic_Traffic_14_840
516
145 279 31 36 0.99894065 
704 277 29 34 0.99888664 
92 257 27 29 0.9979265 
923 272 31 35 0.99789435 
53 253 31 34 0.99735403 
19 284 35 38 0.99733365 
607 287 31 35 0.9970521 
808 284 29 32 0.9951622 
276 274 33 37 0.9932729 
489 271 35 40 0.9929945 
578 258 26 31 0.9896169 
186 256 33 40 0.98539364 
315 254 21 27 0.9817524 
133 238 26 29 0.9813425 
960 257 28 33 0.98078686 
259 238 26 29 0.9761825 
773 266 25 29 0.97506577 
627 211 14 16 0.96349704 
52 199 14 19 0.9603207 
861 265 26 29 0.96003014 
382 297 29 33 0.95252794 
610 241 17 20 0.922881 
667 263 31 34 0.9228343 
630 242 22 25 0.9193825 
517 211 14 18 0.9171315 
706 240 27 31 0.902324 
708 213 13 16 0.8885421 
209 252 28 35 0.88260406 
574 207 15 17 0.88169336 
755 147 12 15 0.8803397 
743 224 17 22 0.8714736 
749 256 24 29 0.86202097 
27 209 16 19 0.8435893 
863 196 10 14 0.83475363 
413 228 22 26 0.8214274 
935 167 12 16 0.8078946 
891 172 12 18 0.7724858 
791 216 16 18 0.7663415 
633 191 12 15 0.7552516 
598 225 15 19 0.7236115 
343 233 24 30 0.7180456 
531 224 15 19 0.71036494 
885 240 19 21 0.67058796 
323 200 14 17 0.6668694 
0 195 14 19 0.65468794 
494 185 12 15 0.647539 
264 196 17 19 0.6302797 
836 193 13 17 0.61762583 
650 217 17 20 0.614857 
978 189 9 11 0.60442954 
102 166 13 17 0.5971303 
226 204 14 18 0.5962059 
559 239 24 29 0.57299185 
391 267 28 30 0.5546837 
662 184 14 16 0.5068334 
306 201 12 16 0.48822343 
695 195 12 15 0.45535448 
878 198 11 14 0.45212376 
199 228 27 29 0.37536207 
468 242 25 31 0.34736216 
728 489 15 20 0.3469615 
192 182 10 13 0.3364823 
535 173 12 15 0.33124053 
867 196 12 15 0.32632375 
611 159 9 11 0.31529114 
604 233 18 23 0.31358075 
980 231 23 27 0.29975852 
838 263 20 25 0.29067668 
900 175 12 16 0.2811019 
745 205 22 27 0.27781278 
993 199 11 15 0.26193106 
594 152 9 11 0.2607794 
287 211 15 18 0.25630364 
1011 220 11 19 0.25089315 
536 151 9 11 0.23508535 
629 150 8 12 0.22577375 
525 156 10 12 0.21340056 
367 211 12 15 0.21306673 
799 183 12 15 0.2115172 
224 500 29 34 0.21044189 
772 187 11 14 0.2083707 
831 188 14 19 0.20791888 
706 258 33 40 0.20315684 
432 158 10 14 0.17995927 
978 213 15 19 0.17858808 
502 156 10 12 0.17812788 
613 200 13 17 0.17660357 
773 234 22 27 0.17600206 
561 182 12 15 0.17485136 
978 386 16 20 0.17463252 
615 241 24 27 0.17272392 
890 168 10 13 0.17154135 
661 240 21 25 0.1699298 
401 230 27 31 0.16606581 
526 151 9 12 0.16515876 
445 249 22 27 0.16072138 
542 151 8 10 0.16034974 
964 242 28 37 0.15901579 
797 206 15 17 0.1589935 
839 210 13 17 0.14475112 
651 516 15 23 0.14312571 
562 248 26 33 0.14288919 
53 157 9 12 0.13985686 
736 174 12 17 0.13518882 
409 187 11 13 0.13281268 
389 237 23 27 0.13243778 
456 190 10 13 0.12753431 
494 225 17 20 0.12651597 
569 150 8 10 0.1256089 
107 419 26 33 0.123866424 
863 229 15 17 0.12094866 
676 217 16 18 0.118022494 
614 180 11 13 0.113250874 
223 197 15 19 0.11082814 
1005 205 14 16 0.10938613 
197 390 24 27 0.1038236 
988 277 25 27 0.102186754 
592 226 14 19 0.10074807 
523 215 18 24 0.09884328 
214 208 22 24 0.09765351 
474 254 27 32 0.097440414 
137 198 22 26 0.09740492 
584 188 12 15 0.0966184 
346 149 8 10 0.09509804 
76 469 22 29 0.09441477 
574 157 9 12 0.0939156 
599 172 11 13 0.0925179 
732 462 10 13 0.09027461 
384 203 9 13 0.089611605 
95 166 12 15 0.08936598 
832 185 11 13 0.089130625 
389 278 31 38 0.08573731 
384 199 10 11 0.084472135 
121 220 16 21 0.083961084 
507 347 30 45 0.08370742 
132 463 26 30 0.08327582 
327 178 9 12 0.083194666 
542 188 13 15 0.08272082 
411 222 18 21 0.08239739 
135 195 14 18 0.082060896 
873 244 26 30 0.08148177 
383 242 14 17 0.080389835 
550 151 7 10 0.08030257 
455 248 22 29 0.078825206 
381 375 23 33 0.078264676 
205 215 26 30 0.0781595 
498 151 8 11 0.076748 
813 184 11 12 0.07672678 
720 198 12 14 0.07661448 
695 219 12 14 0.07659516 
122 414 25 30 0.07577275 
442 330 25 35 0.07449298 
545 196 12 15 0.072671466 
562 144 8 10 0.07195003 
465 218 16 18 0.071759075 
353 243 19 24 0.07146818 
881 211 12 14 0.070711724 
609 164 10 12 0.07032129 
659 494 17 19 0.0702062 
506 270 27 34 0.06991739 
634 221 22 27 0.069482304 
291 206 15 18 0.068544455 
621 181 9 12 0.06760264 
559 226 24 29 0.06751689 
836 201 15 19 0.067430824 
573 151 8 11 0.066295944 
908 174 10 13 0.06596156 
470 156 7 10 0.06590383 
768 183 12 15 0.065081455 
234 203 13 17 0.0642891 
486 210 12 15 0.06390818 
718 241 17 20 0.062150024 
527 280 14 19 0.06213161 
939 444 33 38 0.06210359 
310 186 13 15 0.061889596 
409 148 8 10 0.061456542 
446 214 11 13 0.06122271 
416 145 9 10 0.061124668 
479 232 26 30 0.06105151 
74 203 27 32 0.060945973 
165 249 16 20 0.06027614 
391 206 9 12 0.060239825 
599 167 10 12 0.059864838 
256 240 17 22 0.059550237 
125 226 26 32 0.059259526 
170 455 26 32 0.05857875 
825 268 24 30 0.05852059 
651 237 22 26 0.058229737 
432 152 8 10 0.05812357 
670 203 12 14 0.05795076 
422 143 8 11 0.05789474 
668 466 15 19 0.05787586 
1003 283 15 20 0.056478985 
676 203 15 17 0.05524883 
501 163 12 15 0.054693177 
317 182 11 12 0.054420292 
358 209 14 17 0.054341488 
934 253 40 51 0.05412885 
422 149 8 9 0.053680293 
452 298 26 35 0.053577226 
848 256 26 31 0.052588716 
279 503 18 22 0.052537575 
445 243 17 21 0.052477308 
485 158 8 9 0.052416183 
462 166 10 14 0.052403487 
271 234 20 22 0.052337997 
515 226 23 30 0.051543504 
258 290 25 33 0.051423185 
71 246 37 42 0.051191483 
90 166 9 13 0.050729834 
699 513 18 22 0.050693672 
283 458 18 21 0.050603554 
700 205 16 17 0.050414734 
724 203 14 17 0.050012533 
566 145 8 10 0.049712457 
550 157 9 11 0.049200024 
389 190 9 14 0.049116746 
196 226 18 21 0.04823273 
755 198 13 16 0.04813629 
903 259 13 18 0.047754087 
656 134 8 11 0.04767987 
333 222 24 28 0.04756864 
993 201 20 24 0.046966277 
431 210 13 17 0.04655022 
683 202 14 17 0.045995094 
838 481 13 18 0.045812234 
363 246 15 21 0.045541283 
911 167 9 11 0.045231342 
707 226 21 25 0.04503939 
918 172 9 11 0.044814575 
992 224 23 29 0.04467884 
452 302 43 50 0.04446866 
626 221 17 21 0.044213478 
587 195 12 16 0.044142604 
916 166 10 12 0.04387654 
509 234 13 19 0.04355451 
539 180 12 15 0.04334476 
14 196 12 16 0.043296605 
657 142 8 11 0.04305221 
396 212 10 12 0.04299539 
609 153 8 9 0.04295097 
1002 210 18 26 0.042516988 
462 198 12 14 0.04213885 
709 179 12 14 0.041936725 
989 210 13 17 0.04164026 
59 384 28 34 0.041475408 
842 252 16 21 0.041444413 
462 210 15 19 0.041339207 
635 217 15 18 0.041187633 
588 183 12 14 0.041184265 
349 209 14 16 0.04090427 
222 256 18 23 0.04058688 
580 196 15 19 0.04050866 
718 202 14 17 0.040211264 
594 350 29 40 0.039550036 
636 233 22 28 0.039508622 
353 276 23 32 0.039506305 
868 221 13 15 0.03936748 
29 191 13 16 0.039296933 
464 203 16 19 0.039285686 
540 166 10 13 0.039270487 
688 197 12 15 0.039096013 
420 219 21 26 0.038987763 
667 196 13 16 0.038584515 
936 205 11 14 0.03812242 
683 214 13 17 0.037735466 
613 187 14 16 0.03766404 
525 162 12 14 0.037366487 
849 268 30 34 0.037335422 
280 221 22 27 0.037284777 
362 432 14 17 0.037125316 
658 213 14 18 0.036934722 
724 358 23 30 0.03691178 
613 150 9 11 0.03683725 
415 399 24 29 0.03658821 
623 145 9 11 0.036408965 
167 250 24 31 0.03640041 
735 225 16 21 0.03600832 
465 158 9 11 0.03599454 
34 195 14 17 0.035951246 
615 144 9 12 0.035935592 
671 210 15 19 0.035827305 
546 456 35 48 0.03558347 
475 323 45 58 0.0355114 
952 419 11 15 0.035477176 
145 196 17 19 0.035217274 
407 213 13 15 0.035191458 
310 236 14 17 0.03502596 
7 191 18 26 0.035005957 
481 157 8 10 0.034753963 
384 192 10 13 0.034582473 
34 203 17 22 0.034563024 
625 153 11 15 0.03446802 
589 204 10 13 0.03427429 
23 190 10 15 0.034255486 
780 228 17 21 0.03413508 
606 248 456 532 0.034092065 
569 155 10 12 0.034064285 
438 249 16 21 0.033863023 
437 208 9 12 0.0338267 
229 249 23 31 0.03379822 
46 229 24 28 0.03347965 
896 212 10 13 0.03341166 
850 209 13 15 0.033299565 
507 148 11 14 0.0332914 
525 228 17 21 0.03325715 
246 521 15 20 0.03324392 
753 199 21 29 0.032926146 
607 172 10 13 0.032886438 
334 144 10 13 0.032386236 
496 165 11 14 0.03222649 
275 201 13 17 0.032180436 
376 197 11 13 0.031832717 
661 202 13 15 0.031719636 
219 466 17 21 0.031619705 
272 255 31 39 0.031587306 
919 183 10 12 0.031508297 
474 237 19 22 0.031507645 
373 204 13 16 0.03145388 
775 173 10 14 0.031439487 
561 213 12 15 0.031349327 
148 452 36 44 0.031305075 
757 382 16 19 0.031285167 
669 482 14 18 0.031068208 
333 236 24 30 0.030950923 
126 239 16 21 0.030827805 
455 163 12 15 0.030812938 
194 147 16 20 0.03076401 
494 214 11 15 0.030752102 
824 188 10 14 0.030723063 
534 186 13 15 0.030371616 
452 212 12 15 0.030365879 
703 243 18 19 0.030364545 
612 207 17 20 0.030234113 
732 210 13 18 0.030203085 
147 242 27 30 0.030181365 
315 234 15 17 0.03017581 
979 217 23 27 0.030154176 
661 148 9 11 0.03013137 
45 202 19 24 0.030115927 
387 266 20 23 0.030089764 
648 205 23 27 0.030069157 
583 225 13 18 0.029834567 
657 187 13 15 0.02973235 
640 143 9 12 0.029685188 
573 161 12 15 0.029628407 
797 196 16 17 0.029600875 
438 189 11 14 0.029571798 
434 162 13 17 0.029390195 
1000 218 12 16 0.029361844 
1012 476 10 18 0.029317481 
99 385 25 29 0.029202575 
844 204 13 18 0.029181331 
419 302 26 34 0.028993227 
568 163 11 13 0.028941682 
598 177 12 15 0.028791826 
565 212 21 24 0.028770313 
784 216 15 19 0.028753174 
44 228 15 20 0.028719135 
494 347 31 41 0.028522408 
464 150 8 11 0.028473338 
376 190 9 12 0.028440578 
840 269 24 32 0.028411515 
1003 225 20 30 0.028379219 
495 232 24 29 0.028279854 
276 165 10 14 0.02814533 
565 263 18 22 0.028074328 
991 192 12 14 0.028045269 
331 220 14 18 0.028018285 
712 215 17 20 0.028000109 
559 219 14 18 0.0277994 
145 205 19 22 0.027622234 
900 213 12 14 0.027380846 
667 225 22 27 0.027318107 
406 220 16 19 0.027290251 
477 171 10 13 0.027237915 
902 168 10 11 0.02716443 
190 237 43 51 0.027087506 
486 218 14 18 0.026988544 
409 298 25 33 0.026953945 
389 172 12 18 0.02692918 
881 203 13 16 0.026651183 
15 503 16 23 0.026624337 
543 157 9 10 0.026616072 
416 410 27 32 0.026417356 
3 286 22 35 0.026403362 
294 202 21 24 0.026328754 
381 210 10 14 0.02628909 
916 203 14 18 0.026284233 
272 170 12 15 0.026144328 
456 149 8 10 0.0261116 
469 224 25 29 0.02611028 
439 172 11 15 0.026091557 
421 204 13 15 0.026060892 
976 191 12 17 0.025977582 
26 194 20 26 0.025960522 
624 499 13 16 0.025954712 
132 211 27 33 0.025907135 
370 247 15 20 0.025802981 
752 224 15 19 0.02566437 
613 372 29 37 0.025633112 
757 173 11 14 0.025544506 
379 271 30 37 0.02542649 
622 145 19 24 0.025350679 
794 182 12 15 0.025251392 
304 262 24 33 0.025165608 
752 257 35 45 0.025144478 
830 259 18 21 0.02511909 
649 503 24 29 0.025096975 
872 258 25 32 0.02502494 
117 459 39 51 0.02499127 
499 155 8 11 0.024990048 
399 149 7 10 0.024965072 
859 240 17 19 0.024706015 
699 192 11 13 0.024550267 
1 308 11 18 0.024309406 
821 183 10 13 0.02423502 
798 183 20 23 0.024129182 
894 194 13 16 0.024042312 
1005 480 14 21 0.02400222 
679 134 8 11 0.023984317 
716 227 22 27 0.023909809 
767 165 10 12 0.023864841 
343 444 10 14 0.02382797 
494 172 12 15 0.023820566 
542 293 29 33 0.023797452 
924 204 11 15 0.023749484 
774 192 12 16 0.023709089 
49 152 10 13 0.02370761 
346 210 23 28 0.023590012 
116 226 23 28 0.023466744 
321 174 11 13 0.023407767 
0 426 19 29 0.023366626 
980 205 13 17 0.023326335 
758 177 13 17 0.02330582 
459 287 30 37 0.023224603 
662 476 25 30 0.023154523 
364 206 20 25 0.0231446 
445 259 27 35 0.023126174 
848 244 24 29 0.023063658 
559 175 12 14 0.022756865 
309 245 35 43 0.022724587 
521 152 19 23 0.02256425 
13 469 26 32 0.022555783 
773 167 9 12 0.022531575 
477 212 13 16 0.022490272 
611 251 18 22 0.022472247 
894 247 22 25 0.022451388 
998 193 11 13 0.02239166 
656 224 17 19 0.022366494 
447 158 9 12 0.022210194 
901 254 22 29 0.022172837 
574 144 8 10 0.022152161 
606 152 18 23 0.022139283 
340 465 14 17 0.022112455 
694 520 19 22 0.02209791 
956 445 13 16 0.022090128 
507 226 15 19 0.022072487 
549 245 23 30 0.022046836 
253 217 15 17 0.021978268 
654 520 19 26 0.021832392 
547 488 51 61 0.02180096 
453 220 11 15 0.021799214 
190 176 17 23 0.021750916 
683 408 17 21 0.02173981 
623 187 11 15 0.021667592 
1008 239 15 22 0.021649988 
814 232 24 29 0.021609848 
447 149 8 11 0.021581722 
381 242 23 27 0.02157743 
865 238 25 29 0.021564765 
504 143 10 14 0.021556336 
550 484 32 41 0.021524115 
686 141 9 12 0.021523437 
394 172 19 27 0.021498283 
465 289 45 49 0.021497874 
447 189 9 13 0.02140256 
414 357 12 16 0.021387663 
197 375 27 31 0.021379054 
306 185 21 24 0.021302035 
253 226 16 20 0.021255951 
412 195 11 13 0.02124005 
774 459 13 16 0.021215035 
683 393 17 22 0.021193992 
896 240 16 20 0.02103025 
496 158 20 24 0.020994944 
521 165 11 13 0.020988898 
592 246 25 31 0.020987477 
65 376 26 29 0.020979924 
690 501 27 31 0.020918742 
710 155 12 16 0.020891283 
438 149 9 12 0.020792196 
1004 200 13 14 0.020768858 
824 281 26 35 0.02075036 
551 145 8 10 0.020709975 
421 151 22 25 0.020673735 
761 148 12 15 0.020634443 
442 302 27 36 0.020585906 
243 200 12 17 0.02058294 
145 401 29 31 0.020536404 
389 468 10 12 0.020520497 
458 408 23 32 0.020519383 
423 157 11 14 0.020512981 
86 323 28 37 0.020493587 
356 290 21 32 0.020430472 
870 215 12 15 0.020369472 
734 179 22 27 0.02034238 
425 253 25 29 0.020275613 
645 142 10 13 0.020261267 
766 95 11 13 0.020252718 
673 462 13 15 0.020230934 
95 412 28 35 0.020149086 
724 216 15 20 0.020078111 
761 96 10 12 0.02004857 
50 509 48 49 0.020034393 
774 96 10 13 0.02000167 
