14_Traffic_Traffic_14_505
58
615 552 81 119 0.9877517 
648 263 19 23 0.9525234 
115 188 18 24 0.9341272 
165 237 16 21 0.20941328 
624 213 9 11 0.09675134 
646 213 10 13 0.08825092 
666 211 16 19 0.07756652 
213 221 15 20 0.06575185 
158 346 35 55 0.059449185 
326 347 29 34 0.056947164 
703 197 10 12 0.05150704 
77 265 16 20 0.051272858 
57 362 40 61 0.049937144 
0 256 21 31 0.04883416 
656 197 9 12 0.048234012 
616 197 10 13 0.0381086 
657 189 10 13 0.03521203 
218 233 15 21 0.034082748 
132 354 37 53 0.03373644 
35 261 26 30 0.033524368 
659 301 16 19 0.03294583 
98 242 15 19 0.03209897 
598 239 12 14 0.032035552 
792 126 7 9 0.03123821 
985 181 10 12 0.029004926 
84 250 13 17 0.028969433 
556 146 10 15 0.028356453 
214 215 12 15 0.02825479 
653 204 11 14 0.027889747 
778 392 119 149 0.027691666 
315 196 15 17 0.027462032 
262 238 12 15 0.027235413 
380 286 14 18 0.027096968 
104 189 12 16 0.024517523 
219 373 29 41 0.024484536 
114 297 16 20 0.023864657 
700 259 14 18 0.02324533 
170 230 15 19 0.022996003 
170 322 47 70 0.022721484 
694 128 8 10 0.02268512 
157 100 40 53 0.02245507 
121 183 22 29 0.022362882 
986 307 15 17 0.022246862 
104 283 43 57 0.022090431 
407 168 9 10 0.021839758 
828 221 13 16 0.021788053 
791 190 8 11 0.021461373 
243 83 39 49 0.021447606 
207 225 23 31 0.021259753 
651 211 12 15 0.021254791 
645 216 14 19 0.02107459 
617 213 9 12 0.021072833 
228 239 14 18 0.02104329 
704 191 11 13 0.021006977 
117 365 43 55 0.02045459 
861 270 11 14 0.020368183 
658 183 9 12 0.020235643 
311 95 8 10 0.020011362 
