14_Traffic_Traffic_14_170
877
329 278 10 12 0.73884445 
830 491 14 17 0.6638361 
949 613 11 13 0.6172642 
213 353 11 14 0.6084534 
852 605 9 11 0.5183041 
956 645 15 17 0.47841364 
442 317 10 13 0.40912235 
400 279 9 11 0.40490723 
598 382 11 13 0.35236374 
928 630 11 14 0.33501092 
319 160 8 11 0.31653625 
985 228 18 20 0.314384 
951 564 10 12 0.3121257 
331 205 8 10 0.2888908 
349 605 9 11 0.269482 
579 416 7 10 0.2694793 
253 415 9 12 0.26756606 
473 357 10 12 0.26145706 
476 334 10 12 0.25941584 
921 587 9 11 0.25576577 
746 569 8 11 0.25129852 
967 594 11 13 0.24307492 
908 634 13 17 0.2271252 
192 367 8 11 0.22573537 
879 578 12 15 0.21899554 
448 348 8 11 0.21898136 
503 276 9 12 0.20427616 
536 382 6 9 0.20256676 
627 186 13 16 0.20208612 
428 303 10 13 0.1994391 
511 331 10 11 0.1968466 
526 360 8 11 0.1918105 
384 340 10 12 0.18730627 
384 255 8 10 0.18475263 
359 214 7 9 0.1840629 
856 565 7 11 0.18239795 
892 651 9 13 0.18226829 
987 699 10 12 0.17946206 
344 223 8 10 0.17882587 
541 430 9 11 0.17222188 
320 164 9 11 0.17100963 
554 375 8 9 0.16774508 
119 414 13 17 0.1669707 
638 482 14 17 0.16694307 
1008 590 9 10 0.16535231 
426 307 9 12 0.15321212 
897 605 10 12 0.15294936 
985 580 10 13 0.15092514 
492 254 10 13 0.14615491 
913 510 8 10 0.14580329 
879 490 8 10 0.13744019 
319 216 8 10 0.13740802 
437 261 9 10 0.13636746 
175 334 11 14 0.13470517 
831 585 10 12 0.13141589 
888 520 8 12 0.1305353 
278 144 7 9 0.12726311 
462 301 8 10 0.12708235 
550 415 8 11 0.1250783 
302 240 9 11 0.124899514 
862 557 10 13 0.123454586 
444 312 10 12 0.12337734 
576 389 8 9 0.12293681 
864 620 9 11 0.12250166 
326 223 8 10 0.12180934 
245 165 8 11 0.12154896 
172 140 9 11 0.11762302 
645 430 10 13 0.11591454 
406 284 9 11 0.115682036 
748 611 12 13 0.1136584 
173 693 13 18 0.110020794 
311 270 9 10 0.10739443 
846 625 10 14 0.10604274 
958 581 9 12 0.10457761 
330 201 8 10 0.103080116 
519 344 9 11 0.102814056 
431 366 9 11 0.10169061 
494 351 10 13 0.10027247 
499 636 12 15 0.10022876 
438 279 8 10 0.1001834 
359 209 7 9 0.10005054 
464 311 8 11 0.09662816 
342 180 9 12 0.09662732 
581 419 8 11 0.09645865 
574 446 7 10 0.09521345 
285 189 8 11 0.09519251 
863 491 9 12 0.09420371 
928 558 9 11 0.09342738 
508 407 9 12 0.09338524 
998 550 9 13 0.092977606 
415 407 10 13 0.091997445 
474 340 9 12 0.09168832 
516 327 9 11 0.09165438 
975 558 9 11 0.0909833 
417 296 8 10 0.09074756 
934 565 9 10 0.09029503 
605 388 9 10 0.09026645 
957 630 10 11 0.08970644 
989 576 9 12 0.08965747 
285 184 7 10 0.089028575 
1008 559 9 11 0.08897065 
383 374 10 11 0.08888188 
1014 571 9 13 0.088168375 
920 527 9 12 0.08779354 
407 341 9 12 0.08735339 
278 368 11 14 0.08666388 
279 263 8 9 0.08622754 
985 588 10 13 0.08609893 
473 350 10 13 0.08560807 
867 470 11 12 0.085411154 
713 348 47 56 0.083398014 
432 261 8 10 0.082608745 
183 366 8 10 0.08226131 
784 597 10 12 0.081923395 
575 384 9 11 0.08150047 
784 591 9 11 0.081403725 
157 748 15 17 0.08109546 
898 677 11 12 0.08080228 
253 236 13 16 0.08072551 
993 550 9 12 0.08061888 
639 489 14 18 0.080594115 
133 695 11 13 0.08056332 
961 590 9 13 0.08036655 
182 358 8 11 0.07937555 
489 294 8 11 0.07921061 
984 535 10 12 0.078518674 
679 479 8 11 0.07814755 
321 221 8 10 0.07758775 
1007 629 9 10 0.07737196 
153 382 9 12 0.077248044 
374 581 12 15 0.07666615 
905 651 14 16 0.07628193 
302 600 7 10 0.076236494 
490 356 9 11 0.075971216 
910 517 10 12 0.07580838 
952 571 10 13 0.075029455 
350 247 8 10 0.07498468 
983 559 8 10 0.07441516 
337 174 9 12 0.073163874 
597 377 9 10 0.07280816 
862 550 9 12 0.072686955 
224 205 11 14 0.072604366 
832 654 9 12 0.072491154 
392 216 7 11 0.07175561 
945 558 10 13 0.071723215 
902 630 13 17 0.0715482 
514 248 17 20 0.07138582 
129 683 10 12 0.07127942 
957 699 14 17 0.070312485 
546 391 7 8 0.07023291 
522 359 9 11 0.069795944 
632 403 10 12 0.06970529 
248 439 11 14 0.06773303 
376 312 8 10 0.06761325 
552 383 8 10 0.06697628 
367 479 9 12 0.06686128 
925 527 8 11 0.06681506 
559 368 9 12 0.06647579 
361 221 7 9 0.066163465 
325 166 8 11 0.06575825 
73 743 26 24 0.065716945 
476 328 10 12 0.06521464 
970 590 11 13 0.06496529 
575 375 8 9 0.06486642 
203 701 13 17 0.06481338 
914 505 7 10 0.06460541 
368 589 11 16 0.06376949 
279 380 12 16 0.06355052 
509 271 8 11 0.06310836 
286 270 8 11 0.06261659 
296 164 7 10 0.062558174 
1013 566 9 13 0.0625332 
431 350 9 11 0.062366165 
425 263 8 9 0.062266037 
422 296 8 9 0.061924998 
433 279 8 10 0.061631612 
422 413 9 12 0.06137826 
362 272 8 10 0.060892448 
399 255 7 9 0.060763776 
246 161 8 10 0.06015579 
493 296 8 10 0.059879955 
1007 584 10 12 0.059748847 
305 134 7 8 0.05916647 
508 277 8 11 0.058274437 
796 286 16 20 0.05811669 
382 319 7 10 0.058034457 
741 576 14 16 0.057810225 
429 296 9 11 0.05778364 
305 207 9 11 0.05777984 
98 678 10 13 0.057459336 
888 647 11 13 0.057132266 
361 240 6 8 0.057025712 
367 263 8 10 0.0568447 
550 389 7 9 0.056780033 
329 273 9 11 0.056703933 
281 176 6 9 0.056617945 
837 610 13 18 0.056593597 
521 364 8 11 0.05632435 
454 345 9 10 0.056297913 
983 615 9 12 0.056249443 
485 384 8 10 0.05601901 
433 256 8 11 0.055565204 
309 460 10 13 0.055381235 
326 228 9 11 0.055363525 
493 624 26 29 0.05534916 
189 242 9 12 0.055186633 
178 356 9 12 0.055153523 
989 596 9 11 0.055063937 
296 160 7 9 0.0550475 
799 613 9 11 0.05476225 
837 661 9 11 0.054644883 
1000 556 9 11 0.054510966 
487 403 9 12 0.054469023 
361 294 8 11 0.05445904 
847 648 9 11 0.054338567 
983 564 9 12 0.053977627 
153 704 9 11 0.053766813 
1007 613 9 12 0.05359831 
297 239 8 10 0.053447228 
574 361 8 10 0.053416062 
594 381 9 12 0.053380076 
430 359 9 12 0.0533629 
903 598 11 12 0.053109445 
608 399 8 11 0.053086028 
407 655 8 11 0.053052433 
645 647 8 10 0.05304483 
559 415 7 9 0.052868627 
353 214 7 10 0.052807894 
417 358 8 11 0.052689034 
196 610 17 21 0.052316487 
438 374 8 10 0.052252337 
929 563 10 12 0.051428728 
281 127 7 8 0.05136227 
430 420 8 11 0.051340442 
910 523 12 15 0.051302582 
965 695 11 14 0.05094144 
641 475 14 17 0.050780956 
405 205 10 11 0.050736245 
345 227 8 11 0.05066606 
861 544 8 11 0.050655536 
285 197 9 10 0.05058957 
433 370 9 12 0.05051932 
241 334 8 10 0.05042328 
673 479 9 11 0.050410464 
368 224 6 8 0.05034994 
1008 564 9 12 0.050097648 
366 277 7 10 0.050029997 
966 477 8 9 0.049860653 
965 510 10 12 0.0498167 
985 540 9 12 0.04977709 
523 251 14 16 0.049571067 
857 559 9 14 0.049288545 
576 399 10 11 0.04919667 
501 351 9 12 0.049111154 
524 208 11 14 0.049107805 
205 383 8 10 0.04909761 
880 518 10 14 0.04873982 
385 260 9 10 0.048694693 
502 311 7 10 0.04842737 
279 167 7 9 0.048422057 
924 585 10 12 0.0484071 
148 613 11 14 0.04838595 
454 272 10 12 0.04826539 
432 284 9 11 0.04798854 
134 122 12 14 0.04797703 
321 172 9 11 0.047880154 
150 619 11 14 0.04741883 
248 211 10 12 0.047388237 
610 184 14 17 0.04736135 
871 489 9 10 0.04735518 
305 127 8 10 0.046987664 
365 294 8 10 0.046955884 
190 360 9 11 0.046822224 
641 422 10 13 0.046655025 
272 150 8 10 0.04655114 
652 429 12 15 0.046249606 
631 358 9 11 0.04615294 
897 631 10 14 0.04589631 
402 339 9 11 0.04578998 
851 608 12 16 0.04578299 
783 584 9 10 0.045685526 
909 560 9 11 0.044991735 
505 411 9 11 0.044980496 
377 317 9 10 0.044866167 
225 150 6 8 0.04482726 
197 374 8 9 0.04482362 
1012 559 9 12 0.044806417 
542 343 7 9 0.044757422 
548 298 11 14 0.044610888 
233 324 9 11 0.044604667 
975 562 10 14 0.04457804 
691 486 12 14 0.044561688 
366 270 7 10 0.04444615 
374 230 8 9 0.044200625 
908 623 10 13 0.044173896 
360 246 8 10 0.044082083 
323 143 7 8 0.04403527 
485 389 9 11 0.043921836 
369 231 8 9 0.043861926 
244 595 17 22 0.043809537 
350 229 8 10 0.04374586 
208 324 9 11 0.04369969 
392 247 7 9 0.043567184 
399 247 8 9 0.043558087 
89 460 16 20 0.04337454 
695 327 10 11 0.043324534 
991 556 9 12 0.043223303 
504 283 9 11 0.04313378 
350 311 9 11 0.043112714 
192 312 9 11 0.043022744 
328 213 8 11 0.042988654 
376 303 7 9 0.04278075 
384 380 10 13 0.04273156 
216 384 8 9 0.042638924 
511 295 10 12 0.042460624 
962 508 9 13 0.042397343 
332 282 10 13 0.042156614 
482 311 8 10 0.041943043 
567 360 9 11 0.041851465 
482 383 7 9 0.041708965 
911 564 8 12 0.041631397 
933 624 9 11 0.04161308 
469 396 10 12 0.04141693 
576 407 9 10 0.04138514 
193 286 10 12 0.04136271 
391 254 8 10 0.04134978 
504 251 11 14 0.041322317 
849 424 8 11 0.041287385 
471 382 8 10 0.041204467 
162 742 14 16 0.041091487 
414 622 8 10 0.04107217 
490 270 8 10 0.041040163 
311 175 7 10 0.04101421 
303 159 6 9 0.040967617 
553 487 8 11 0.040902164 
631 365 10 12 0.04074865 
274 144 7 9 0.040632777 
248 197 9 11 0.040619638 
245 587 15 18 0.04031661 
469 390 8 10 0.040300854 
207 318 10 12 0.04025936 
208 431 9 11 0.040105324 
384 248 8 9 0.039804816 
326 190 7 10 0.039752007 
359 231 8 10 0.039751954 
538 343 8 10 0.03970426 
989 566 9 11 0.039657224 
178 366 9 10 0.03955144 
639 471 13 15 0.039526578 
359 184 7 10 0.03945598 
180 338 9 12 0.039429188 
241 136 8 9 0.039210547 
114 412 10 14 0.039133724 
440 343 8 10 0.03904634 
311 214 8 10 0.039011754 
543 422 12 12 0.038930032 
1012 590 9 12 0.038641308 
425 419 10 13 0.038544763 
473 376 8 10 0.038458787 
944 654 9 11 0.038423438 
368 359 9 11 0.03792467 
273 228 8 11 0.03783085 
575 366 8 10 0.037689764 
438 284 7 10 0.037647717 
789 596 8 11 0.03739025 
975 645 10 13 0.037151 
326 560 8 11 0.03709349 
569 384 8 9 0.0369796 
304 559 7 10 0.03695734 
406 239 8 9 0.036883768 
448 276 9 11 0.03681812 
550 343 8 10 0.0366376 
240 319 8 11 0.036621 
846 311 28 33 0.036610167 
513 381 10 12 0.03659413 
956 559 9 12 0.036570214 
884 576 10 12 0.03647457 
168 690 22 27 0.036469042 
256 339 9 11 0.036334086 
537 348 9 11 0.03632381 
776 598 9 13 0.036242798 
200 709 14 18 0.036179777 
311 265 8 10 0.03617567 
561 408 8 10 0.036155228 
581 383 8 10 0.036091004 
419 381 10 13 0.035958678 
334 262 9 11 0.03591407 
1001 622 11 15 0.0358985 
471 293 9 11 0.035529535 
107 467 13 18 0.03551238 
541 435 11 12 0.035449594 
224 128 7 8 0.03541731 
848 600 12 14 0.03540519 
158 692 9 12 0.035317894 
509 206 11 13 0.03530424 
613 483 8 12 0.03525522 
398 295 8 10 0.035218883 
584 524 10 14 0.03517749 
709 341 9 11 0.035059363 
511 388 9 10 0.034981452 
704 333 10 12 0.034804672 
320 263 9 11 0.03478109 
327 594 11 13 0.034731925 
287 127 6 8 0.03471834 
439 348 10 12 0.03462745 
191 381 8 11 0.03450814 
326 273 17 22 0.03427223 
241 171 9 11 0.03415112 
169 697 12 16 0.034115147 
265 159 6 9 0.03404928 
201 166 10 12 0.03397525 
344 216 8 10 0.033956308 
287 208 8 10 0.033948906 
918 519 8 10 0.033940528 
318 270 9 10 0.033767734 
373 436 9 10 0.03348532 
198 292 10 11 0.033445757 
502 228 9 12 0.033394236 
1007 636 12 14 0.033372846 
98 404 12 17 0.033333305 
350 433 9 11 0.03331274 
975 516 9 12 0.033303663 
686 479 9 11 0.033170898 
215 169 8 11 0.033162996 
198 692 11 15 0.033135973 
918 503 7 10 0.033014312 
493 326 8 10 0.032937124 
360 595 11 13 0.03289275 
313 535 7 9 0.032814417 
903 644 13 16 0.032783784 
286 287 10 13 0.032746334 
302 263 8 11 0.032735903 
327 172 7 10 0.03271806 
373 360 9 11 0.03266586 
189 223 9 10 0.032649167 
776 508 104 120 0.03264275 
954 579 9 13 0.032577403 
789 591 8 11 0.032565657 
485 132 10 12 0.03244741 
423 358 9 11 0.032391436 
857 491 9 13 0.032374673 
264 176 7 9 0.03234721 
309 127 8 10 0.03234479 
350 251 9 12 0.032295484 
767 605 11 14 0.03222105 
984 550 8 11 0.032211665 
960 532 9 12 0.03216032 
488 247 10 14 0.032151435 
367 327 8 10 0.032114815 
840 359 8 9 0.03208852 
701 328 10 12 0.03207464 
513 350 9 11 0.032027666 
389 383 9 11 0.031969696 
900 702 17 22 0.03190642 
492 208 8 11 0.03189114 
976 552 8 11 0.031873174 
184 224 8 10 0.03185441 
567 364 8 11 0.031788293 
449 246 8 11 0.031776097 
423 351 8 10 0.03170003 
319 296 8 10 0.03169899 
898 684 13 17 0.031654812 
594 375 8 11 0.031612698 
886 531 10 12 0.031601775 
535 335 9 11 0.031591274 
405 661 9 12 0.031569667 
354 209 7 9 0.0314042 
263 111 7 9 0.031379677 
494 300 8 10 0.031312656 
473 363 10 13 0.03131118 
440 321 10 13 0.03121593 
512 367 8 10 0.03121392 
934 549 9 12 0.031209853 
532 253 10 13 0.031182308 
1013 619 11 15 0.031140722 
298 604 10 12 0.031068468 
377 604 12 15 0.031025667 
439 380 8 11 0.031001188 
421 408 8 11 0.030960385 
329 677 10 12 0.030780427 
295 151 7 9 0.030776089 
893 518 7 11 0.030764738 
480 232 9 10 0.030740893 
566 245 12 15 0.03065585 
488 325 10 11 0.030639311 
302 183 8 9 0.030467795 
901 611 11 13 0.030462397 
904 658 12 15 0.030433064 
436 367 8 11 0.03039884 
512 375 9 10 0.03033589 
312 222 7 10 0.030164683 
835 610 22 28 0.03013931 
509 246 15 18 0.03013413 
361 501 10 12 0.030093059 
348 611 11 12 0.030071216 
175 605 13 16 0.029923381 
394 279 8 10 0.029886402 
630 463 8 11 0.02968684 
768 612 11 14 0.029644163 
208 219 10 12 0.02963097 
52 529 13 16 0.02962842 
274 261 8 11 0.029605098 
458 295 8 11 0.029604975 
345 485 9 11 0.029573195 
520 408 8 10 0.029567024 
934 572 10 13 0.029529825 
953 638 11 14 0.029484333 
387 78 10 13 0.029451575 
405 336 10 12 0.029373877 
826 590 11 12 0.029299114 
353 189 8 10 0.029283416 
429 703 12 15 0.029235402 
387 182 7 10 0.029206665 
943 646 9 13 0.029179914 
706 405 19 20 0.02917571 
281 268 9 12 0.02909186 
327 316 9 12 0.029051807 
1014 581 9 13 0.029050227 
367 255 8 9 0.029046278 
624 447 9 11 0.029021537 
501 460 14 15 0.029005706 
249 417 10 14 0.028917028 
923 714 16 18 0.028899506 
287 275 9 12 0.028893799 
424 248 9 10 0.028879343 
1014 668 9 13 0.028830413 
448 413 9 12 0.028826393 
469 278 9 10 0.028823322 
424 254 9 11 0.028821561 
943 551 9 13 0.028814448 
589 525 9 11 0.028776765 
646 198 12 16 0.028768968 
359 189 8 10 0.028698346 
927 551 10 12 0.028650733 
247 335 8 11 0.028611412 
414 279 8 11 0.028585508 
246 136 7 9 0.028572727 
101 696 11 13 0.028558753 
344 206 7 9 0.028545117 
918 568 9 11 0.028515639 
974 528 9 10 0.028511254 
479 318 9 10 0.028467475 
301 453 13 16 0.028455662 
306 212 9 11 0.028435558 
525 439 11 11 0.028408105 
206 172 9 11 0.028388672 
326 151 7 9 0.028373815 
304 268 9 12 0.028337942 
636 341 9 12 0.02831922 
359 508 9 11 0.028294625 
361 264 9 11 0.028237637 
566 408 7 10 0.028195068 
384 324 9 10 0.028167462 
968 516 9 11 0.028053587 
506 334 9 11 0.027932717 
488 301 9 11 0.027916642 
849 451 10 14 0.02791487 
193 317 10 11 0.027914323 
366 247 7 9 0.027908536 
253 408 9 13 0.027887696 
165 366 9 12 0.027806347 
944 503 8 11 0.027785987 
295 284 9 13 0.027756406 
961 528 8 9 0.027729763 
383 198 8 11 0.027724912 
584 438 7 10 0.027626961 
652 478 9 12 0.027579382 
244 318 9 11 0.027498845 
511 623 10 12 0.027426139 
557 278 9 11 0.027419448 
628 90 11 13 0.027401766 
431 404 9 11 0.02736792 
622 499 10 14 0.027279364 
201 255 8 11 0.02717573 
879 501 9 12 0.027151605 
478 375 8 10 0.027064342 
231 167 8 11 0.027059548 
416 263 8 9 0.027038898 
176 270 9 12 0.027017914 
857 487 7 10 0.027002536 
840 535 8 11 0.026928367 
708 335 10 13 0.026925193 
241 160 9 11 0.026891878 
967 528 8 10 0.026873969 
273 136 6 8 0.026865106 
744 606 12 16 0.026801059 
945 608 9 13 0.026800456 
181 353 9 11 0.026769556 
976 606 9 11 0.026760887 
569 268 10 12 0.026751442 
517 376 8 10 0.026747104 
848 447 9 11 0.026703551 
278 332 9 11 0.02668673 
250 527 9 11 0.0266846 
649 592 9 10 0.026678396 
447 408 9 11 0.02662875 
642 436 11 13 0.026581854 
850 428 9 12 0.0265769 
310 288 9 11 0.02655763 
909 596 8 12 0.026460052 
309 293 9 11 0.026456796 
867 615 10 12 0.026375918 
263 119 7 8 0.026333483 
389 336 9 11 0.026313165 
737 580 10 13 0.026297227 
390 262 7 10 0.026221698 
399 273 9 11 0.026220841 
1007 594 10 13 0.026211547 
273 167 7 10 0.026175885 
407 262 7 10 0.02614449 
952 704 13 16 0.026112014 
615 389 8 10 0.026054779 
1006 227 14 17 0.025980901 
703 287 9 11 0.02593775 
321 228 10 12 0.025905484 
1013 527 9 12 0.025902566 
877 541 9 10 0.025895208 
894 660 10 13 0.025844894 
524 237 10 13 0.025828194 
324 159 8 11 0.02579255 
390 309 9 11 0.025771188 
789 604 10 14 0.025762593 
228 196 12 15 0.025669483 
228 342 10 12 0.025659531 
510 401 9 10 0.025658242 
681 94 8 11 0.025638191 
344 239 8 9 0.025540221 
957 575 10 12 0.025522664 
54 250 13 15 0.02551581 
390 349 8 11 0.025457565 
505 391 8 9 0.02544709 
351 317 9 11 0.025404867 
904 501 8 11 0.02537275 
279 161 7 9 0.02529747 
414 286 8 10 0.025279164 
198 318 8 11 0.025271721 
622 296 9 10 0.02522447 
552 368 10 13 0.025164474 
272 175 8 10 0.025085416 
135 160 10 12 0.025067829 
289 239 8 11 0.025058363 
926 688 9 11 0.025034541 
494 270 9 11 0.024937714 
94 533 12 15 0.024889693 
392 296 8 9 0.024858538 
863 473 12 14 0.02480154 
655 583 8 10 0.024789505 
528 302 8 10 0.024773808 
189 335 9 11 0.024732413 
601 429 8 10 0.024720099 
287 135 6 7 0.024718959 
614 566 8 12 0.024686463 
287 244 10 11 0.024661385 
157 708 10 14 0.024637897 
465 391 8 10 0.024567967 
872 581 10 13 0.024566973 
326 312 9 10 0.02455925 
376 365 9 12 0.024552261 
208 421 11 12 0.024535943 
113 688 8 10 0.024524199 
454 375 8 10 0.024460303 
424 278 7 10 0.024457255 
966 532 9 12 0.024411522 
210 347 18 22 0.024383401 
486 343 10 11 0.02433885 
185 173 8 11 0.024335466 
295 198 8 9 0.024307804 
545 397 9 10 0.024285773 
285 176 8 10 0.024282372 
905 563 10 12 0.024248315 
224 145 7 9 0.024240723 
359 159 8 9 0.024198353 
612 614 9 11 0.024193387 
328 135 8 10 0.024177521 
518 235 12 13 0.024118016 
648 189 10 12 0.024109552 
168 662 11 15 0.024035962 
416 389 10 10 0.024030292 
192 325 9 10 0.023913994 
256 175 8 10 0.02388827 
393 286 7 9 0.023812085 
550 408 8 10 0.023810545 
247 431 9 11 0.02380301 
350 621 10 12 0.023801224 
544 384 7 9 0.023776323 
280 287 10 12 0.023763817 
302 190 8 10 0.023761969 
174 254 10 12 0.023717245 
108 150 13 18 0.023696026 
807 678 10 12 0.023687074 
504 400 10 11 0.023619732 
296 119 7 9 0.02357304 
303 287 9 12 0.023561094 
503 340 8 11 0.02353197 
188 175 9 11 0.023495654 
401 261 8 10 0.023477618 
350 224 8 10 0.023472462 
1009 527 9 10 0.023440128 
370 430 9 12 0.023373963 
349 303 9 11 0.023328912 
238 406 8 10 0.023297241 
359 349 8 11 0.023280391 
945 661 9 12 0.023276212 
577 429 7 10 0.023233872 
516 621 11 13 0.023232661 
343 285 8 10 0.023181226 
326 262 9 12 0.023161318 
863 628 11 13 0.023119831 
263 135 7 9 0.023104535 
628 630 8 11 0.023103034 
399 382 9 12 0.02309794 
440 414 8 11 0.02308492 
377 255 7 9 0.023082253 
670 95 9 11 0.023077518 
1013 612 11 15 0.023036651 
430 443 10 15 0.023010977 
295 279 8 11 0.023008144 
645 498 11 14 0.0230039 
567 414 7 9 0.022992877 
278 310 10 12 0.02297249 
304 86 8 10 0.022961767 
318 624 7 10 0.022949615 
878 663 8 10 0.022934332 
623 467 9 12 0.02291912 
550 358 9 11 0.022904245 
956 564 9 13 0.022902632 
975 512 9 11 0.022897288 
549 430 9 11 0.022886075 
203 695 12 15 0.022872228 
114 747 12 15 0.022849211 
440 335 9 11 0.02282111 
827 653 8 11 0.022814158 
239 324 8 11 0.022758015 
311 199 8 10 0.022756474 
154 694 8 11 0.02269774 
348 478 9 12 0.022661135 
320 183 9 11 0.022644835 
420 374 11 12 0.022609044 
898 687 22 30 0.02258649 
1015 651 10 14 0.022574373 
974 693 11 16 0.022562247 
241 141 8 10 0.022558343 
107 739 23 28 0.022533184 
248 192 8 11 0.022518603 
61 437 15 17 0.022497758 
510 285 8 11 0.022493469 
905 518 8 11 0.022468295 
57 441 22 27 0.022431538 
831 610 13 17 0.022382332 
155 620 11 15 0.022335947 
239 119 7 9 0.022325637 
448 375 8 10 0.022319354 
430 247 8 10 0.022299979 
1012 642 11 15 0.022282638 
503 261 11 12 0.022261327 
902 529 13 17 0.022261305 
490 259 10 13 0.022237046 
230 172 9 12 0.022186888 
951 650 13 16 0.02218579 
482 405 9 12 0.022113176 
286 464 10 12 0.022062888 
192 716 12 16 0.022046808 
824 671 7 9 0.022046058 
636 332 11 13 0.022044085 
511 430 10 12 0.022008274 
498 277 9 11 0.022006942 
103 148 23 30 0.022003956 
518 271 10 11 0.022002934 
157 376 9 11 0.021967266 
351 239 7 9 0.021957798 
342 200 7 9 0.021926114 
965 582 12 15 0.021867463 
525 350 8 11 0.021804169 
439 312 18 23 0.021800866 
421 624 8 11 0.021707652 
245 324 9 11 0.021685082 
246 141 7 9 0.021683607 
924 701 14 15 0.021681175 
432 344 8 10 0.0216561 
599 525 9 11 0.021654272 
297 191 8 10 0.021652717 
414 311 9 11 0.021593245 
622 437 8 10 0.021580528 
831 619 12 16 0.021552619 
575 440 8 11 0.021542786 
263 204 9 11 0.021535631 
1004 472 10 13 0.02153508 
493 247 10 14 0.021508599 
257 135 7 9 0.021491725 
280 136 7 8 0.021482842 
583 530 11 14 0.021475386 
303 143 8 9 0.021466881 
976 533 9 11 0.021451851 
839 624 14 17 0.021427572 
297 182 8 10 0.021405067 
490 212 10 12 0.021390127 
989 615 8 11 0.021349879 
272 255 9 12 0.02132844 
262 127 7 8 0.021312004 
173 657 14 17 0.021311805 
496 380 217 230 0.021297794 
809 662 9 11 0.02119437 
886 623 9 11 0.021160137 
258 111 7 10 0.02114585 
157 127 10 12 0.021143045 
314 159 8 10 0.021125203 
998 544 10 12 0.021108506 
151 434 10 14 0.021095548 
560 398 7 10 0.021062491 
601 357 9 10 0.021039126 
742 562 18 24 0.021017723 
447 253 9 10 0.02100232 
312 341 9 11 0.020998375 
334 213 9 10 0.020995317 
975 663 10 12 0.020993385 
361 485 11 14 0.020992396 
956 622 11 13 0.020983653 
151 599 8 10 0.02095818 
919 629 10 13 0.020946229 
296 176 8 10 0.020932335 
634 477 10 14 0.020925375 
144 597 8 11 0.020918155 
318 153 18 23 0.020918095 
254 208 8 10 0.02088272 
904 295 11 14 0.020829732 
321 199 7 9 0.020819332 
535 377 8 10 0.02081925 
68 436 13 16 0.02077412 
1009 559 18 26 0.020749426 
9 117 9 12 0.020744458 
230 127 7 9 0.020726234 
437 432 23 32 0.020722188 
632 371 9 11 0.020657273 
754 389 25 30 0.020651689 
878 509 10 13 0.020646153 
447 391 8 11 0.020637622 
908 698 12 18 0.020631667 
142 630 10 12 0.020619394 
207 159 9 10 0.020615723 
288 213 8 9 0.020582192 
216 143 7 9 0.020559615 
136 631 9 12 0.020556552 
835 597 12 15 0.020541772 
183 168 8 10 0.020505728 
358 459 11 13 0.020492442 
286 351 10 12 0.020459695 
304 291 11 14 0.020452088 
360 287 8 11 0.02044949 
401 325 9 11 0.020443073 
230 262 10 12 0.020417517 
967 562 11 14 0.02038223 
305 81 7 9 0.020357862 
290 150 7 9 0.020354837 
271 119 7 9 0.020341748 
42 521 26 31 0.02033711 
220 356 10 13 0.020312749 
888 646 18 24 0.020295676 
481 304 8 9 0.02029275 
303 111 6 9 0.02027099 
1004 551 12 15 0.020262053 
635 181 12 15 0.02024437 
415 269 9 11 0.020238224 
16 94 11 15 0.020226832 
617 436 9 11 0.020222878 
544 367 8 10 0.02019367 
369 310 8 11 0.020187533 
297 262 9 12 0.02018405 
641 424 19 23 0.020178832 
461 253 9 12 0.020156018 
424 298 18 23 0.020133615 
303 152 8 9 0.020127678 
190 340 9 11 0.020108614 
439 303 8 10 0.020095635 
829 592 14 17 0.020080766 
534 359 8 10 0.020051433 
285 263 9 12 0.020022504 
127 746 11 14 0.020017585 
