14_Traffic_Traffic_14_644
64
523 159 15 19 0.9938846 
652 97 15 20 0.990299 
642 164 17 21 0.97848105 
587 387 21 25 0.9779573 
336 105 16 19 0.94785076 
406 155 17 21 0.9327585 
439 32 16 18 0.69954044 
804 151 16 18 0.6666848 
353 26 13 17 0.59479105 
472 84 15 16 0.42257422 
787 146 11 15 0.3361916 
482 198 12 14 0.0975485 
483 157 14 16 0.09599042 
494 174 11 12 0.085132234 
505 155 14 16 0.07946137 
364 175 9 12 0.070664346 
452 73 12 16 0.06701402 
237 513 36 41 0.0639117 
684 161 11 15 0.061203323 
783 142 20 24 0.0597117 
95 269 9 10 0.055268448 
485 148 14 16 0.050380614 
813 143 11 13 0.04793492 
381 71 10 15 0.040510777 
806 145 13 16 0.03942623 
319 139 22 30 0.038531695 
462 85 12 16 0.03821571 
448 93 8 11 0.037715234 
447 157 12 15 0.03699304 
783 152 13 17 0.03432178 
448 67 20 26 0.034179673 
123 304 11 13 0.033971462 
412 69 11 15 0.03267872 
462 157 14 17 0.03154597 
189 143 25 31 0.030568179 
452 155 13 16 0.02986277 
625 238 9 11 0.029013764 
408 27 9 12 0.028972244 
448 84 10 13 0.028852537 
459 75 13 17 0.027955124 
475 178 14 17 0.027093444 
276 44 11 15 0.02661698 
502 162 12 14 0.026602017 
86 24 13 17 0.026115183 
389 223 7 10 0.025350409 
358 0 13 18 0.02530001 
398 238 8 10 0.02514529 
322 172 10 13 0.024607638 
319 139 13 19 0.02439384 
266 116 10 13 0.024058804 
243 443 27 33 0.023637831 
372 102 10 13 0.02271426 
344 75 28 31 0.022041632 
441 161 11 15 0.0220057 
335 76 23 29 0.021796431 
333 81 13 18 0.021717435 
276 38 10 14 0.02169941 
365 17 10 14 0.021635985 
358 99 13 14 0.021494841 
542 237 9 11 0.021434758 
270 36 12 15 0.020847108 
349 40 13 15 0.020833613 
454 83 12 15 0.02061372 
818 148 12 15 0.02036801 
