14_Traffic_Traffic_14_380
146
651 199 32 37 0.9910261 
299 241 85 79 0.98470056 
718 224 48 60 0.98389477 
45 165 27 31 0.96992415 
541 191 33 43 0.9626292 
923 274 84 105 0.8449373 
765 117 19 25 0.7812327 
190 162 21 24 0.73986095 
1 154 16 19 0.69681334 
995 147 17 19 0.6124934 
495 187 23 29 0.40333143 
224 163 24 28 0.33796728 
799 209 46 73 0.32532942 
606 449 29 32 0.22800723 
408 181 24 29 0.18784866 
457 176 23 29 0.1788677 
451 154 20 27 0.1782032 
116 166 23 28 0.15362407 
441 185 17 23 0.12131078 
628 347 16 20 0.11745853 
899 295 59 81 0.11556738 
923 126 23 28 0.10577309 
127 144 12 15 0.10115387 
401 187 25 33 0.1009311 
890 211 38 39 0.09821022 
398 169 25 35 0.0843519 
173 181 14 16 0.07981004 
0 179 10 16 0.07763223 
445 160 16 22 0.06818635 
391 147 12 13 0.06797585 
385 199 28 43 0.06671712 
379 161 15 18 0.060912017 
988 122 11 14 0.060715258 
884 269 59 85 0.059719317 
985 119 11 13 0.057932034 
20 261 15 21 0.057719007 
763 148 12 16 0.057319745 
1012 98 11 17 0.05503772 
598 405 11 12 0.054857627 
424 183 25 29 0.053008072 
382 164 24 36 0.05254664 
258 124 9 12 0.050698765 
775 119 16 20 0.04923881 
988 222 38 63 0.048487928 
894 221 54 59 0.046725385 
420 140 12 14 0.04597317 
734 140 12 16 0.045503683 
37 352 12 15 0.044542406 
793 173 27 37 0.043650724 
471 213 13 18 0.043364413 
438 179 15 21 0.042809162 
0 224 16 20 0.042512044 
724 117 9 13 0.04167209 
829 214 60 74 0.0398631 
740 123 11 14 0.039167523 
691 158 24 30 0.038998958 
484 161 13 16 0.038270082 
387 162 12 16 0.037823804 
190 175 13 17 0.037432864 
652 449 14 16 0.036275014 
442 166 22 32 0.03617201 
378 306 15 20 0.035023294 
533 167 16 21 0.034879018 
821 191 54 75 0.033909097 
228 159 14 17 0.033249713 
260 163 12 15 0.032853197 
126 136 13 15 0.03253705 
878 242 54 66 0.03252655 
497 180 18 23 0.032229435 
244 169 14 19 0.032182314 
191 186 11 15 0.031994812 
178 186 12 15 0.03155777 
1009 147 13 19 0.031538606 
397 208 16 24 0.030950421 
1002 143 16 21 0.030783815 
108 142 20 27 0.030672193 
556 153 15 19 0.030508697 
388 155 14 18 0.03024421 
901 251 63 77 0.030043941 
288 142 9 11 0.028575314 
257 142 8 10 0.028512908 
640 171 12 13 0.028471032 
117 138 14 19 0.02798244 
418 189 18 21 0.027743766 
171 180 24 27 0.026723854 
460 217 21 34 0.026638558 
280 136 7 10 0.026554605 
487 253 13 17 0.025760513 
810 224 53 74 0.025722519 
447 182 23 30 0.025476463 
725 124 9 12 0.025449153 
451 225 26 38 0.025312869 
337 141 9 12 0.025160497 
510 216 27 40 0.025109887 
211 162 25 31 0.02504011 
110 141 12 18 0.024887314 
279 159 10 13 0.024859952 
125 154 13 16 0.024705548 
642 348 12 15 0.02466065 
536 179 27 41 0.024624847 
468 232 12 18 0.024564415 
922 117 46 57 0.024555082 
402 197 29 39 0.024529707 
218 176 27 29 0.024518376 
479 163 12 16 0.024372688 
783 223 38 56 0.0243597 
617 453 35 32 0.024297837 
759 141 21 28 0.024202812 
429 148 9 13 0.023915207 
439 148 12 15 0.023875268 
370 162 28 32 0.023603294 
491 222 12 15 0.023576232 
622 466 36 39 0.023555603 
109 158 24 30 0.023302173 
184 209 24 34 0.023285387 
13 317 12 14 0.023209598 
801 248 33 49 0.023083176 
438 170 15 21 0.022945855 
644 167 12 15 0.02291433 
413 145 16 17 0.022889499 
395 143 13 14 0.02288226 
502 181 26 32 0.022347724 
777 164 28 34 0.021885287 
104 194 27 32 0.021805312 
338 247 62 59 0.021736644 
540 201 20 28 0.0216375 
630 448 30 29 0.021527553 
656 154 12 16 0.021516306 
475 180 12 17 0.021446288 
734 205 53 74 0.021266775 
803 176 30 42 0.02118518 
384 150 11 13 0.021162523 
194 168 24 27 0.021100096 
459 159 21 30 0.02107682 
807 194 31 46 0.021020815 
123 141 21 24 0.020905381 
486 232 13 16 0.02087115 
939 131 13 16 0.020619096 
904 266 31 44 0.02061061 
405 161 15 21 0.020455386 
266 237 57 72 0.020448588 
432 219 48 56 0.02038407 
469 221 21 28 0.020349039 
278 118 8 10 0.020261044 
787 160 29 35 0.02017121 
111 184 26 31 0.020066798 
