14_Traffic_Traffic_14_834
435
831 429 20 29 0.45865133 
709 455 9 13 0.45003438 
597 124 8 11 0.4012488 
70 357 7 10 0.3649812 
157 422 9 14 0.33257684 
146 353 6 8 0.30713013 
53 365 7 11 0.28660968 
686 426 14 17 0.24989851 
780 412 11 15 0.23735075 
852 391 10 12 0.21092136 
714 351 7 9 0.2100193 
865 343 8 10 0.1665409 
744 443 10 12 0.16333391 
113 351 7 8 0.16278557 
812 374 8 11 0.16109505 
711 411 10 13 0.15181212 
54 362 7 9 0.14573437 
815 349 7 9 0.14393792 
797 352 8 10 0.14222592 
848 379 10 12 0.1415464 
261 384 10 13 0.14025725 
650 366 9 12 0.13851598 
729 358 9 11 0.13204345 
705 411 10 14 0.12920904 
117 343 8 11 0.12547076 
150 352 6 9 0.12534371 
145 356 8 10 0.1161961 
824 345 8 9 0.11576252 
776 366 8 10 0.11420326 
311 342 7 9 0.112974554 
192 334 8 9 0.11033169 
748 439 10 12 0.10833997 
295 351 7 9 0.10649953 
830 420 15 25 0.10299471 
129 351 6 9 0.10038319 
41 375 7 10 0.09977946 
806 365 11 13 0.0922362 
593 350 6 8 0.09180383 
193 328 8 11 0.090396926 
806 396 12 15 0.08836908 
103 359 7 9 0.087937765 
183 220 9 12 0.08676393 
258 388 10 13 0.08625953 
468 390 14 16 0.08455077 
587 374 7 10 0.08441872 
799 384 10 12 0.08422631 
581 422 10 12 0.083362184 
66 353 8 10 0.08293524 
837 335 8 11 0.07873374 
270 285 10 12 0.0780783 
848 395 11 12 0.07720197 
469 334 10 14 0.075855434 
90 360 7 9 0.07490966 
864 347 9 11 0.07455014 
90 366 8 10 0.07449649 
692 422 10 16 0.07212663 
704 374 8 10 0.07173561 
695 351 6 8 0.071640946 
618 311 8 11 0.06855339 
797 356 9 11 0.06762755 
364 156 394 486 0.06677007 
281 367 8 9 0.06654985 
680 336 7 10 0.065223806 
529 342 8 10 0.064718515 
4 341 10 12 0.063919544 
606 343 7 9 0.063871056 
788 395 11 13 0.06381767 
153 417 10 13 0.06371357 
160 390 9 13 0.06366492 
290 353 7 9 0.0631362 
94 366 7 9 0.06297873 
697 359 9 11 0.06278026 
120 360 7 9 0.06267587 
199 277 8 10 0.061809313 
800 398 11 14 0.061268844 
218 351 7 9 0.060898934 
80 327 8 11 0.060282636 
791 468 26 27 0.060254887 
800 404 11 15 0.059859436 
464 340 10 12 0.059745256 
120 390 8 11 0.059514184 
839 375 10 12 0.058756955 
830 343 8 9 0.05865439 
807 360 9 12 0.05848253 
951 341 9 10 0.058294408 
88 352 7 10 0.05774609 
348 254 8 12 0.05668331 
777 373 10 11 0.056346714 
142 341 8 10 0.056112967 
96 353 7 9 0.05594783 
569 344 7 9 0.054804325 
81 351 7 10 0.054778665 
809 344 8 11 0.05471865 
577 349 7 9 0.05452162 
331 336 7 9 0.05389412 
809 349 9 10 0.05370203 
682 319 8 11 0.053630818 
686 402 12 14 0.05345355 
21 350 8 9 0.052984893 
543 343 7 9 0.052888233 
812 379 10 12 0.052130535 
576 345 6 10 0.051577263 
95 359 7 10 0.05090503 
585 344 7 9 0.050847918 
556 395 10 12 0.050455287 
659 24 48 60 0.05037896 
662 419 9 14 0.050289303 
22 344 7 9 0.050219815 
264 365 7 10 0.050132733 
702 422 18 28 0.049449503 
600 351 7 9 0.04925048 
801 365 11 13 0.049129877 
118 349 7 9 0.04812242 
114 375 7 9 0.0475447 
104 353 7 8 0.04720207 
177 359 8 9 0.046734884 
512 318 6 10 0.04639027 
657 327 7 10 0.04634566 
390 321 11 14 0.04628266 
709 419 12 19 0.046259034 
822 359 9 11 0.04610255 
153 272 7 10 0.04575268 
87 390 8 10 0.045675404 
823 348 8 10 0.04547752 
661 452 21 32 0.04535225 
590 345 7 9 0.045025 
334 320 7 10 0.044531148 
127 358 8 9 0.04423583 
103 343 7 9 0.043788396 
158 381 8 11 0.04366232 
135 351 7 9 0.043596838 
720 346 7 9 0.043570124 
697 365 9 11 0.043087337 
384 344 8 9 0.04307527 
702 476 10 13 0.042481054 
17 350 8 10 0.041671768 
590 369 7 10 0.04156265 
37 351 7 9 0.041420735 
47 373 8 10 0.041417357 
520 326 7 9 0.04138226 
1004 259 13 18 0.041239757 
285 366 8 10 0.040875167 
186 311 8 11 0.04070159 
833 375 8 11 0.04066894 
603 345 7 8 0.040197358 
486 267 11 14 0.040092222 
642 459 13 16 0.03988566 
638 142 11 15 0.039733175 
138 334 9 11 0.03956054 
865 338 8 9 0.038963713 
255 350 6 8 0.038747605 
738 304 9 12 0.038618054 
943 388 12 16 0.03848759 
422 328 14 19 0.038438234 
759 447 9 11 0.038377624 
151 357 8 11 0.038032316 
33 351 8 9 0.03793476 
502 408 11 13 0.037813436 
175 350 7 9 0.03765385 
729 352 7 9 0.03735959 
377 344 6 9 0.03709482 
713 356 9 12 0.03702583 
167 223 8 11 0.03621577 
498 341 8 10 0.036118656 
186 334 7 9 0.035876095 
775 361 8 10 0.035653017 
609 129 11 17 0.035392396 
821 435 23 31 0.03538654 
612 150 13 16 0.03405955 
103 328 8 9 0.03394865 
811 390 11 13 0.03392187 
175 345 7 9 0.033674985 
652 370 11 14 0.033601224 
325 261 8 12 0.033399127 
23 333 9 11 0.033246793 
694 456 14 20 0.033184644 
801 409 16 18 0.033061184 
890 361 7 10 0.033054646 
210 311 7 10 0.032899875 
287 407 9 11 0.03270188 
605 238 10 13 0.03261354 
696 238 8 11 0.032542735 
63 382 7 8 0.03251952 
37 343 7 10 0.032252956 
656 334 7 10 0.032229938 
688 367 7 11 0.032112163 
592 405 10 11 0.03200715 
602 271 8 10 0.031998016 
337 364 8 10 0.031912908 
640 65 12 16 0.031576645 
249 344 8 9 0.031437222 
808 380 10 12 0.031190515 
623 344 7 9 0.031124871 
816 491 14 18 0.031059368 
687 374 7 9 0.030971803 
852 375 8 11 0.030952852 
667 453 12 19 0.030829972 
307 342 7 9 0.030732026 
20 358 9 12 0.03061768 
679 380 9 12 0.030611506 
209 344 6 8 0.030497247 
117 376 8 10 0.030478701 
353 383 8 12 0.030316424 
368 384 10 12 0.03029142 
82 319 7 10 0.029842112 
475 395 11 13 0.029834712 
696 215 11 13 0.029778808 
118 366 8 10 0.029673422 
407 231 10 14 0.029600414 
326 367 8 10 0.029566599 
832 380 10 12 0.029523095 
104 334 8 10 0.029441752 
687 391 8 11 0.029437473 
343 366 7 10 0.029365975 
701 270 8 11 0.029348785 
383 127 13 13 0.029307958 
801 442 28 31 0.02922338 
384 224 10 13 0.029199008 
808 481 26 31 0.02919152 
154 380 8 12 0.029168772 
153 375 8 11 0.029146757 
743 462 11 14 0.029070456 
345 259 10 13 0.029029198 
38 358 7 10 0.028983813 
55 374 7 9 0.028830394 
586 139 9 12 0.02859333 
72 328 8 11 0.028465569 
760 367 9 11 0.028327223 
287 358 8 9 0.028299024 
575 327 8 10 0.028208189 
536 336 7 9 0.028094176 
785 349 8 10 0.028015621 
870 350 8 10 0.027986122 
640 167 8 11 0.027985383 
639 356 8 10 0.027804594 
649 240 8 10 0.027803611 
684 410 14 18 0.027798278 
86 382 8 10 0.027706496 
113 368 7 9 0.027632633 
280 343 7 9 0.027617993 
716 452 11 14 0.027608527 
376 351 8 9 0.027608138 
640 352 9 11 0.02757825 
367 351 7 9 0.02741027 
280 312 7 9 0.027321262 
702 465 13 17 0.027312417 
390 342 7 9 0.027278807 
830 349 8 10 0.027274432 
673 263 8 10 0.02720949 
63 376 8 9 0.027170109 
728 345 6 9 0.027146833 
478 343 7 10 0.027145712 
168 345 7 8 0.027088145 
709 374 8 11 0.026931055 
697 373 8 10 0.026761623 
649 246 8 10 0.026736842 
118 381 7 10 0.026620546 
535 342 7 10 0.026614094 
624 329 8 9 0.026592936 
201 350 7 9 0.02654722 
253 344 7 9 0.026529279 
234 271 8 10 0.026517252 
778 407 9 13 0.026493493 
793 332 10 12 0.026457116 
185 328 7 10 0.026291374 
85 327 7 10 0.02625101 
543 336 7 10 0.026233872 
416 24 8 10 0.026068952 
379 530 12 16 0.026004804 
103 365 7 10 0.02599538 
777 417 11 14 0.025910573 
31 328 7 9 0.025899833 
701 452 18 25 0.02582356 
713 346 8 10 0.02581087 
16 328 8 10 0.025809696 
692 398 10 13 0.02567946 
199 345 7 8 0.025658473 
330 341 7 10 0.025658302 
95 373 7 10 0.025616769 
24 329 7 9 0.025561448 
849 360 8 9 0.025430748 
607 374 7 9 0.025394509 
166 359 8 9 0.025226545 
191 391 9 11 0.0252261 
362 350 7 9 0.025185334 
361 344 7 9 0.024998464 
755 472 14 18 0.024992047 
319 335 6 9 0.024991114 
871 337 7 9 0.024955025 
250 365 7 10 0.02489323 
33 344 7 10 0.024868624 
337 352 6 7 0.024852706 
369 365 7 10 0.024770882 
617 343 7 10 0.024663515 
261 397 9 12 0.024641791 
648 334 7 9 0.024562337 
673 335 8 10 0.024453944 
352 344 8 9 0.02445135 
63 391 7 10 0.0243413 
569 348 7 10 0.02432453 
702 306 11 14 0.02423759 
221 286 8 10 0.024168877 
695 413 10 15 0.024097953 
789 435 12 15 0.024083212 
653 437 13 17 0.024057617 
545 350 7 9 0.024021596 
144 422 11 14 0.024017593 
624 374 7 10 0.023936188 
531 396 8 11 0.023837581 
641 329 8 9 0.02383443 
153 318 8 10 0.02383221 
266 344 7 9 0.023773553 
57 381 8 10 0.023738245 
457 341 9 12 0.023730984 
864 356 8 10 0.023728235 
248 350 7 9 0.023682024 
479 349 8 10 0.023638282 
681 403 11 15 0.023592846 
154 417 16 23 0.023518216 
437 407 10 13 0.023518004 
472 289 12 16 0.023451624 
6 347 10 13 0.023395821 
712 365 8 10 0.023381041 
686 311 8 10 0.023282293 
605 399 8 9 0.023151448 
118 180 8 12 0.02314505 
193 342 7 8 0.023104304 
707 461 14 19 0.023094513 
128 345 7 9 0.023083253 
514 325 6 9 0.0230709 
253 467 11 14 0.023054034 
125 189 12 16 0.023034057 
334 341 7 9 0.023024667 
537 327 7 9 0.023010563 
384 183 11 14 0.022986503 
196 332 8 10 0.022981724 
136 327 10 12 0.022928454 
657 414 9 14 0.022872442 
55 342 8 10 0.022845086 
222 368 7 10 0.022766279 
488 397 9 12 0.022752082 
553 343 7 9 0.022666447 
159 360 8 10 0.02265464 
733 453 12 14 0.022653362 
760 326 8 11 0.022619933 
681 326 8 10 0.022590948 
168 351 7 9 0.022569532 
849 365 9 11 0.022527255 
497 327 7 10 0.02248743 
788 474 18 19 0.022473317 
304 328 7 9 0.02247101 
702 388 12 13 0.02246942 
287 327 8 10 0.022458564 
463 386 23 27 0.022450346 
303 464 8 10 0.022388613 
744 464 25 29 0.022349698 
213 311 8 10 0.022335663 
325 256 9 12 0.022308337 
646 351 8 9 0.022261452 
486 351 8 10 0.02225205 
653 360 9 12 0.022216057 
748 431 11 13 0.022162843 
655 149 11 13 0.022152385 
160 351 8 9 0.022139536 
89 398 8 10 0.022075854 
80 345 7 9 0.022071393 
742 453 11 14 0.022038272 
792 455 29 31 0.022023745 
115 388 9 13 0.021977592 
822 382 10 12 0.021945793 
326 374 7 9 0.021876758 
409 326 9 11 0.021870548 
917 366 9 12 0.021869944 
408 31 7 10 0.021858888 
0 359 7 12 0.021839008 
680 375 9 11 0.02182149 
649 360 9 11 0.021820351 
812 401 13 16 0.02178174 
745 376 7 10 0.021745346 
800 470 27 32 0.021709194 
528 337 8 10 0.02170562 
310 303 7 9 0.02169573 
295 462 9 11 0.021583198 
415 325 24 30 0.021562355 
249 360 7 10 0.021556772 
222 350 7 10 0.021496449 
602 357 7 10 0.021469997 
543 311 7 10 0.021446424 
529 347 8 10 0.021353636 
684 32 31 42 0.021337736 
838 388 12 15 0.021335144 
758 441 10 12 0.021332312 
852 418 13 20 0.021332134 
336 360 8 10 0.021319363 
73 415 8 10 0.021317469 
351 367 7 10 0.021292338 
182 365 8 10 0.021218773 
625 350 7 9 0.021158872 
158 430 12 18 0.021130564 
271 361 6 9 0.021031782 
719 358 9 11 0.021031562 
417 38 8 10 0.021031495 
848 340 8 10 0.02100414 
593 117 18 25 0.02097058 
551 321 8 9 0.02095808 
80 358 7 9 0.020956706 
343 351 7 8 0.020939562 
654 309 8 10 0.020865161 
498 336 8 10 0.020819798 
840 396 11 12 0.02080283 
445 365 11 14 0.02079138 
5 335 10 13 0.020745898 
879 335 8 10 0.020721367 
814 358 9 12 0.02070909 
648 254 10 12 0.020700904 
143 364 9 12 0.020676991 
696 301 10 15 0.0206079 
700 506 25 32 0.02056655 
760 373 9 10 0.020543825 
282 351 8 9 0.020516362 
778 406 17 24 0.020487377 
65 344 7 9 0.020469384 
393 351 7 10 0.020437581 
294 302 8 9 0.020431366 
118 336 9 11 0.020418251 
343 327 8 10 0.020374473 
511 313 7 10 0.020255882 
716 280 380 434 0.020136474 
701 366 8 10 0.020133171 
460 269 9 13 0.02011917 
777 378 11 14 0.020108428 
98 334 8 9 0.020047605 
893 360 8 10 0.02004058 
532 392 10 12 0.020023433 
640 27 47 62 0.02000972 
