14_Traffic_Traffic_14_677
51
605 207 192 269 0.99967027 
729 466 179 249 0.9995548 
412 77 185 287 0.99934477 
244 37 191 256 0.9991333 
110 212 113 175 0.5647211 
505 152 166 260 0.37598035 
168 186 510 595 0.37340236 
575 781 11 14 0.116115324 
198 109 183 228 0.11352862 
133 169 155 236 0.082523264 
554 805 12 14 0.0610675 
344 787 11 12 0.045613315 
657 801 14 17 0.044210862 
711 800 18 20 0.042347036 
330 802 14 17 0.04213699 
683 802 14 18 0.04030723 
319 789 9 11 0.03841944 
348 783 12 14 0.033520028 
592 790 10 13 0.03224275 
324 798 22 28 0.03070532 
278 790 8 10 0.030574728 
560 749 9 11 0.030111225 
326 788 9 11 0.029579462 
490 637 24 27 0.029365327 
35 420 14 17 0.029294837 
302 807 9 11 0.02928787 
67 613 23 34 0.02891914 
599 798 24 28 0.02864155 
216 724 10 15 0.028148826 
581 743 9 13 0.02746119 
256 791 9 13 0.026139598 
554 719 8 12 0.026081098 
288 789 12 13 0.02542921 
288 798 10 13 0.025397709 
555 735 38 55 0.025156846 
518 718 8 10 0.024948336 
286 803 10 12 0.024537174 
615 788 11 12 0.023687279 
575 746 11 14 0.022691274 
273 790 9 10 0.022459315 
604 803 15 16 0.022458091 
548 764 12 16 0.022349136 
288 781 12 14 0.021715682 
540 768 13 17 0.021695849 
624 798 9 11 0.021549147 
536 719 8 11 0.021103244 
653 777 11 15 0.02074297 
571 722 13 18 0.020553 
514 718 8 11 0.020326 
678 413 188 239 0.02020541 
566 769 12 16 0.02009878 
