38_Tennis_Tennis_38_501
43
565 93 116 143 0.9998882 
219 409 61 82 0.9939911 
158 592 68 91 0.98689806 
888 460 76 106 0.97983813 
959 709 20 23 0.19732606 
54 122 385 509 0.1953193 
298 788 15 18 0.06867103 
4 409 31 49 0.062166896 
281 756 42 54 0.061816048 
83 404 27 32 0.055250704 
198 781 24 29 0.04938359 
3 437 34 53 0.047989737 
102 412 45 54 0.04798391 
118 -26 376 460 0.047469344 
588 -83 368 469 0.042463522 
342 414 15 15 0.04165214 
36 550 18 22 0.041345637 
161 519 62 61 0.040947538 
282 771 17 21 0.03962534 
202 326 19 20 0.03951997 
174 501 60 57 0.038348995 
283 767 27 31 0.03752272 
133 324 14 18 0.036444813 
926 748 13 15 0.03455158 
405 327 17 21 0.032948278 
629 -16 227 300 0.032212317 
982 419 16 18 0.031194171 
367 344 26 33 0.029077286 
75 340 25 34 0.028752625 
292 777 25 29 0.028743904 
348 372 15 16 0.028688656 
667 2 125 154 0.027826404 
943 773 13 15 0.0260212 
118 451 95 116 0.025334274 
499 221 365 505 0.024452103 
221 395 14 17 0.023664724 
147 532 91 98 0.023529531 
194 595 41 52 0.023309236 
18 406 48 76 0.022893487 
302 764 11 14 0.022662604 
374 745 29 40 0.021940881 
100 402 97 121 0.0210329 
956 589 57 74 0.020768616 
