38_Tennis_Tennis_38_580
30
452 237 28 36 0.99956006 
406 245 30 38 0.9990017 
558 228 30 37 0.9988721 
673 247 29 39 0.99863285 
600 252 28 36 0.9984958 
520 250 30 35 0.9982844 
285 235 32 39 0.9980416 
344 247 28 34 0.9978842 
495 248 24 33 0.9945569 
318 240 24 34 0.9773885 
624 244 28 36 0.84597373 
612 250 27 36 0.5970971 
30 371 24 38 0.33044168 
638 237 28 36 0.16881447 
300 238 28 35 0.1381233 
548 21 121 146 0.04602465 
322 226 17 19 0.04116493 
916 499 13 17 0.040957466 
72 353 25 32 0.039456714 
9 495 92 123 0.034004875 
88 463 28 39 0.028168516 
42 525 55 63 0.027877498 
894 485 15 19 0.027857495 
638 581 10 12 0.0268933 
627 236 19 22 0.02629906 
142 276 21 29 0.025500255 
931 485 14 16 0.024810098 
88 368 45 66 0.021731101 
254 9 135 200 0.020663235 
45 667 13 13 0.020119047 
