38_Tennis_Tennis_38_535
210
505 471 23 29 0.9904749 
514 422 22 29 0.9888995 
862 324 22 27 0.9865182 
431 446 24 33 0.9862368 
579 304 22 29 0.97589284 
243 287 18 23 0.97097987 
134 456 21 26 0.9571118 
206 433 21 26 0.9552089 
356 308 22 29 0.9516655 
173 277 18 23 0.9481156 
713 318 20 26 0.94765127 
762 426 22 28 0.94118404 
460 421 23 31 0.9370585 
397 321 19 22 0.9367938 
480 316 19 23 0.92739844 
641 312 21 26 0.9222339 
778 308 22 27 0.92194873 
465 265 21 25 0.9215353 
657 463 19 26 0.91863316 
232 319 20 26 0.9158981 
46 448 23 31 0.915226 
369 407 21 25 0.9112427 
322 383 20 26 0.88431716 
193 341 19 23 0.8812647 
707 418 17 22 0.8784867 
596 424 21 25 0.87486196 
375 450 23 27 0.8522857 
142 413 21 27 0.85198635 
289 291 15 22 0.8369101 
421 315 20 28 0.83432716 
146 306 18 24 0.8160488 
551 469 20 25 0.80683345 
613 395 15 17 0.8027981 
508 307 21 27 0.7958057 
897 490 21 25 0.7284053 
434 415 20 27 0.72628427 
647 423 19 25 0.7257872 
288 455 23 30 0.72158897 
163 252 12 14 0.6612062 
677 411 11 14 0.59862924 
330 452 16 21 0.5527731 
408 317 22 28 0.5203636 
230 275 11 14 0.49496752 
170 455 15 18 0.34659928 
790 251 14 16 0.32567853 
256 316 17 22 0.3243329 
906 268 13 18 0.30319533 
344 430 11 15 0.25801706 
197 278 12 18 0.25513637 
820 479 17 20 0.23382764 
304 304 13 18 0.23171577 
71 217 13 20 0.21582483 
132 269 11 13 0.20977655 
532 396 14 18 0.20915557 
363 294 10 13 0.19244936 
184 310 13 16 0.16580333 
453 416 21 27 0.1648188 
160 248 11 15 0.16071989 
650 414 13 16 0.15675367 
109 221 11 17 0.15289849 
551 242 11 15 0.15248327 
336 358 12 15 0.14569712 
565 415 20 25 0.13641177 
75 212 13 18 0.13498521 
640 257 13 16 0.13271953 
650 388 13 16 0.12405653 
812 465 28 31 0.120160304 
271 581 27 29 0.116815634 
549 369 13 17 0.11673654 
896 477 29 32 0.10581273 
301 408 14 18 0.10485608 
665 259 11 13 0.10249551 
594 411 16 19 0.10093107 
272 240 11 13 0.09681461 
96 159 9 11 0.090934046 
709 408 15 19 0.08995698 
379 292 12 15 0.088316746 
374 501 13 17 0.086301625 
273 387 23 31 0.08575302 
527 399 16 21 0.08480081 
686 468 14 20 0.07662117 
244 411 22 29 0.07518779 
449 282 13 16 0.07441155 
600 284 14 16 0.07437284 
415 201 10 12 0.070036136 
591 417 21 26 0.06951028 
366 514 24 29 0.06790816 
506 200 9 11 0.066155806 
357 299 15 19 0.06246444 
647 536 12 18 0.062138755 
196 324 15 19 0.06168536 
764 247 12 16 0.058325004 
838 263 12 17 0.0582227 
133 414 19 24 0.058124226 
237 276 12 15 0.057918273 
630 249 11 14 0.05351682 
54 127 9 11 0.052789636 
351 307 16 23 0.051372275 
680 276 15 18 0.051271815 
265 388 18 23 0.050838597 
294 273 13 16 0.050574355 
443 301 12 16 0.05046873 
245 279 12 15 0.0497032 
191 325 25 31 0.04943805 
839 570 32 31 0.045867577 
184 411 13 16 0.045286484 
363 504 15 21 0.045153525 
469 380 14 18 0.043700665 
330 249 13 16 0.043418214 
671 165 10 13 0.042005245 
368 311 17 25 0.04143129 
319 434 13 19 0.040917214 
338 449 15 20 0.04091536 
862 510 11 14 0.04056848 
334 435 14 18 0.040367868 
577 412 21 26 0.040171795 
235 312 15 19 0.03931911 
699 529 29 29 0.03824162 
601 548 16 18 0.03812881 
164 314 14 19 0.03779462 
324 443 14 17 0.03708805 
296 296 19 25 0.036897656 
152 249 13 17 0.036574923 
373 398 13 16 0.036252394 
77 397 12 14 0.035782397 
869 311 12 13 0.035565965 
680 366 13 17 0.035024077 
496 419 14 19 0.03455544 
290 446 18 21 0.03455483 
677 448 14 17 0.034208853 
63 159 8 10 0.034083933 
360 290 21 27 0.033634283 
374 444 15 19 0.033106126 
57 158 8 10 0.032770947 
453 561 26 32 0.03248352 
128 164 9 11 0.031768017 
373 289 22 30 0.031450815 
392 308 35 44 0.031361375 
601 288 17 22 0.031125594 
420 310 16 19 0.030881075 
33 149 9 12 0.030576626 
279 293 16 22 0.030461954 
645 404 15 18 0.030227013 
773 403 30 32 0.030055432 
184 278 17 24 0.029992208 
205 292 12 17 0.029899828 
317 247 8 11 0.029231362 
658 425 13 19 0.028910855 
515 415 15 18 0.028626973 
763 410 29 36 0.028578684 
589 548 30 29 0.028064242 
666 426 15 18 0.027988048 
170 253 10 13 0.027897712 
252 417 24 30 0.027806133 
557 417 16 21 0.027642237 
155 302 13 16 0.02755358 
211 293 13 17 0.027241934 
142 406 12 17 0.027155647 
48 141 8 10 0.02706825 
894 582 36 37 0.026763817 
289 395 20 28 0.026553676 
772 294 35 44 0.02649513 
281 506 27 29 0.026350534 
662 269 21 29 0.026307832 
602 410 16 20 0.025952907 
380 322 14 20 0.025935952 
334 358 20 25 0.025466131 
700 292 39 48 0.025446057 
34 142 9 12 0.025362657 
604 400 20 24 0.02535171 
50 133 8 11 0.025313094 
589 296 21 28 0.025274523 
812 460 18 19 0.024999337 
62 143 9 11 0.02499694 
269 426 13 16 0.024547087 
227 272 19 25 0.024225963 
216 387 12 16 0.024159921 
415 128 9 10 0.023862027 
455 245 11 14 0.023793591 
536 400 16 21 0.023701 
893 483 17 22 0.023597747 
372 505 22 28 0.023558488 
56 143 8 10 0.02350085 
470 423 18 25 0.023372352 
125 417 23 30 0.023148568 
714 530 16 19 0.022956213 
626 428 14 20 0.022755275 
265 321 14 19 0.022232385 
466 414 16 19 0.022071647 
788 493 11 13 0.021978617 
131 443 17 20 0.021647904 
903 264 11 16 0.021570113 
550 461 16 22 0.021558465 
112 244 10 15 0.021489209 
646 151 8 10 0.021352839 
501 418 23 29 0.02122324 
454 431 16 21 0.02112179 
792 255 16 19 0.021119965 
434 301 20 26 0.021107044 
113 164 9 10 0.020958873 
739 263 15 22 0.020833788 
519 399 12 16 0.020826658 
159 282 13 17 0.020725943 
624 251 14 19 0.020549266 
431 319 16 23 0.020548657 
758 246 20 25 0.020306183 
548 424 14 20 0.020301089 
407 379 13 19 0.020268587 
203 421 14 17 0.020121623 
325 581 35 34 0.020094793 
