0_Parade_Parade_0_194
45
115 422 116 133 0.9997899 
364 253 92 132 0.9992937 
703 237 89 146 0.99888295 
207 346 74 106 0.9921532 
561 280 80 101 0.8736748 
1005 885 17 22 0.2297204 
173 372 90 125 0.2087405 
781 246 110 161 0.17095383 
591 752 14 19 0.06443876 
903 765 10 14 0.057469424 
1009 1047 10 13 0.045766287 
561 751 27 29 0.044536687 
573 748 23 28 0.042364597 
993 1043 11 14 0.04078181 
586 740 21 28 0.04065881 
906 1036 16 21 0.03678423 
1000 885 14 19 0.035155993 
1005 764 8 11 0.034454755 
979 1068 12 16 0.033580296 
927 755 14 16 0.033084676 
1006 966 13 17 0.03146619 
859 948 15 20 0.030448247 
621 740 11 16 0.030316021 
997 1054 9 11 0.029563371 
144 1188 191 262 0.027957417 
1001 759 9 11 0.027878914 
499 278 200 227 0.02684719 
200 348 422 543 0.025828803 
546 902 32 48 0.02532019 
53 671 10 13 0.024967903 
936 782 10 14 0.024601758 
125 672 17 20 0.024600143 
998 681 19 30 0.024354463 
939 884 15 18 0.023278898 
584 740 13 17 0.023147868 
1011 1050 11 16 0.022816958 
994 1038 12 14 0.02254266 
1012 1020 9 12 0.022179212 
445 634 398 476 0.02212939 
975 913 14 20 0.021971937 
-13 589 398 459 0.02166008 
12 42 26 35 0.021159869 
998 1062 9 10 0.021147016 
993 1061 8 11 0.0209263 
654 758 47 58 0.020510158 
