0_Parade_marchingband_1_869
77
70 194 60 77 0.999696 
302 200 59 81 0.99881184 
519 200 52 73 0.996768 
704 326 45 56 0.9955136 
176 468 67 68 0.9084242 
2 339 54 57 0.83674145 
888 336 46 58 0.6878169 
166 452 34 47 0.3169096 
451 278 28 38 0.25733843 
746 382 18 26 0.24045676 
140 231 48 59 0.17913564 
805 427 31 38 0.166647 
667 495 26 39 0.1611663 
549 272 22 35 0.114696346 
854 538 14 18 0.102742575 
10 316 55 56 0.09663854 
862 333 47 54 0.08708022 
252 186 46 68 0.07154564 
460 268 41 48 0.065101445 
248 183 30 49 0.057679605 
1006 591 9 12 0.056286488 
770 351 36 47 0.05526984 
160 442 27 43 0.052005067 
832 542 11 15 0.048897926 
248 275 50 72 0.04797838 
734 583 43 36 0.047574 
169 477 44 51 0.04668952 
0 359 39 48 0.04469626 
821 559 11 13 0.042497568 
755 361 38 49 0.042368334 
1000 611 12 17 0.042321082 
49 217 31 40 0.042092405 
1006 574 9 13 0.04156726 
1001 581 8 10 0.041381795 
652 465 41 52 0.039140254 
483 259 26 35 0.038621385 
873 523 16 20 0.03845154 
822 442 13 19 0.03815606 
1013 564 10 14 0.037815593 
860 351 28 36 0.037781537 
755 403 23 30 0.03742991 
860 414 27 33 0.03596629 
858 530 19 26 0.034390204 
653 502 29 37 0.03374997 
602 253 42 52 0.03353477 
754 552 17 22 0.033075172 
637 462 22 28 0.031925924 
538 253 36 51 0.030119566 
646 461 32 35 0.029765097 
974 509 8 10 0.02935271 
82 376 27 38 0.028916566 
884 521 16 19 0.028502688 
676 459 30 35 0.02810746 
419 375 16 19 0.027621903 
961 472 9 11 0.027092583 
810 518 17 20 0.027037587 
615 347 44 57 0.026454259 
960 478 9 12 0.025982462 
1002 589 10 12 0.025760284 
691 462 17 21 0.02570607 
960 485 9 11 0.025699835 
204 588 22 26 0.025145542 
769 582 35 40 0.02449882 
261 257 48 71 0.024363961 
1005 617 10 15 0.02431109 
128 251 53 66 0.02363634 
453 648 30 33 0.022656308 
971 489 13 15 0.021751352 
993 510 9 12 0.02171955 
132 371 25 29 0.021538174 
747 375 37 50 0.021294 
1014 621 9 14 0.020766716 
699 247 16 21 0.020498283 
958 532 10 13 0.020352786 
891 529 13 17 0.020247906 
861 520 22 29 0.020027151 
990 610 12 16 0.020010477 
