0_Parade_Parade_0_120
374
523 332 34 37 0.9971762 
950 305 42 50 0.99628675 
106 302 47 54 0.992427 
45 324 23 30 0.98416764 
444 326 15 19 0.96682 
327 314 16 20 0.93352985 
27 376 23 28 0.8416047 
488 311 23 28 0.7772281 
748 314 11 14 0.74333405 
992 230 20 30 0.7393169 
664 324 19 22 0.69729364 
627 319 14 17 0.57073367 
562 320 14 18 0.5686007 
391 333 15 17 0.53843915 
851 306 14 17 0.5296475 
699 319 14 16 0.5108811 
285 340 15 18 0.50132 
813 302 11 14 0.46147305 
809 331 12 16 0.38410243 
13 359 16 23 0.3296286 
726 319 9 11 0.32881227 
231 336 15 21 0.31411844 
796 316 9 13 0.29624575 
209 352 21 23 0.27094537 
765 318 10 12 0.25492194 
602 395 32 33 0.22317868 
377 343 10 14 0.21593606 
836 341 16 21 0.21450764 
219 346 14 21 0.20553713 
270 337 11 15 0.20205323 
301 333 12 15 0.1957802 
977 141 12 14 0.18426844 
262 356 12 16 0.17592075 
720 317 9 11 0.17060986 
483 358 27 30 0.16603447 
600 326 11 14 0.16296372 
317 346 13 17 0.155878 
316 291 10 12 0.15315694 
235 342 14 21 0.15137917 
859 355 13 17 0.15019928 
404 384 16 21 0.1435742 
365 358 10 13 0.14073798 
836 352 16 21 0.13872023 
824 319 12 14 0.13705222 
327 299 14 15 0.12937221 
807 337 13 18 0.12672265 
364 403 10 13 0.12511493 
914 321 18 24 0.12362332 
367 296 9 11 0.120974846 
14 364 22 28 0.120541185 
287 430 15 19 0.116190515 
225 354 14 19 0.11491089 
407 341 11 13 0.11342618 
861 302 12 15 0.11225024 
65 621 18 24 0.10246389 
0 300 8 13 0.10164631 
423 307 11 14 0.1004189 
436 303 10 11 0.09770115 
777 358 10 12 0.09767425 
794 313 9 11 0.09758452 
224 340 18 25 0.09709015 
5 300 11 13 0.09511532 
392 349 12 15 0.09382795 
733 325 9 10 0.09312987 
761 322 10 13 0.09267375 
0 337 13 18 0.09096731 
367 332 10 13 0.086523086 
908 302 14 18 0.083987206 
804 262 8 11 0.08238947 
829 276 8 11 0.08235102 
202 350 19 21 0.08038582 
830 272 8 10 0.07915073 
0 378 10 18 0.07776879 
279 338 13 17 0.07713638 
361 346 11 15 0.076899715 
1004 347 19 26 0.07675578 
1000 237 18 25 0.07654505 
255 352 13 19 0.07650445 
474 303 29 36 0.0758161 
729 322 9 12 0.074312545 
429 306 11 14 0.07365081 
2 354 17 22 0.07342097 
20 357 15 21 0.072867595 
636 298 11 15 0.07170689 
892 320 13 18 0.07093577 
310 366 11 14 0.07063597 
28 356 13 17 0.07054862 
993 339 24 34 0.0704285 
272 276 9 12 0.06938376 
364 341 11 15 0.06868208 
847 310 16 20 0.0685638 
863 297 9 11 0.06715554 
277 272 8 11 0.06620986 
780 119 13 18 0.066027455 
909 311 21 28 0.065785676 
553 476 9 13 0.064928845 
961 158 9 11 0.06490482 
903 305 13 19 0.063117385 
616 325 12 14 0.062866986 
886 323 14 18 0.06284889 
463 294 24 38 0.062293507 
945 134 7 10 0.06183303 
884 330 13 19 0.06167297 
439 425 24 29 0.060548145 
264 288 9 11 0.06026166 
805 255 8 10 0.05973095 
964 232 16 21 0.05873297 
596 501 12 15 0.058361035 
367 286 8 9 0.05766068 
372 334 10 13 0.057547446 
973 283 17 19 0.057145473 
836 333 15 19 0.056582287 
798 348 10 12 0.055461146 
235 326 14 17 0.055056814 
352 302 9 12 0.054752357 
801 256 10 11 0.05435129 
829 345 15 20 0.05434974 
781 254 8 10 0.054211173 
366 280 8 11 0.05396929 
818 150 13 15 0.053489417 
12 297 14 16 0.052155387 
718 312 10 13 0.052137498 
412 348 12 14 0.05195441 
808 248 8 10 0.05122855 
332 295 9 12 0.050611526 
896 299 9 13 0.05057582 
766 312 9 12 0.050437957 
799 239 8 9 0.050093018 
693 354 14 16 0.049903538 
265 339 10 15 0.048675712 
901 321 13 19 0.047981814 
406 333 12 15 0.047387715 
865 340 19 26 0.04732434 
343 347 12 15 0.047206953 
428 338 13 16 0.046993732 
760 395 16 18 0.046893224 
357 388 11 14 0.046039417 
793 301 8 11 0.04545784 
294 388 15 18 0.044775188 
826 327 22 27 0.044591848 
880 173 7 9 0.043760657 
557 324 16 20 0.043682735 
850 6 13 13 0.04354726 
268 286 9 11 0.042890243 
877 331 14 18 0.042619996 
713 312 9 13 0.042004343 
374 296 9 11 0.041809723 
902 215 7 9 0.041740056 
874 337 17 22 0.04158753 
818 326 20 26 0.041290745 
598 320 11 14 0.041253068 
476 341 14 17 0.041223012 
784 327 8 11 0.041146908 
267 361 13 17 0.040866174 
629 310 13 18 0.040373094 
415 309 13 16 0.040120292 
922 224 7 9 0.039791908 
346 248 8 10 0.039714627 
772 362 14 16 0.039628774 
908 326 18 25 0.03938681 
2 380 20 34 0.039194696 
1001 226 19 25 0.038938258 
701 313 11 13 0.03851955 
981 320 28 42 0.03821112 
621 324 21 25 0.03759853 
774 318 8 11 0.03756686 
815 297 10 13 0.03740881 
928 208 8 10 0.036936335 
864 222 10 11 0.036935635 
823 346 12 16 0.036777895 
988 220 17 26 0.0365327 
633 295 11 14 0.036168188 
295 332 20 25 0.03611141 
0 110 11 16 0.036047705 
898 310 20 26 0.03589326 
242 346 14 20 0.035510864 
372 300 10 12 0.035488583 
2 347 14 19 0.03544929 
720 365 12 13 0.035237335 
279 348 21 26 0.035193127 
863 336 13 20 0.035005137 
937 224 9 11 0.034991413 
797 323 11 15 0.034865096 
336 272 8 10 0.034674454 
327 286 8 11 0.03451184 
766 365 15 16 0.034400385 
198 314 11 14 0.034266636 
367 305 11 14 0.034239803 
617 285 9 12 0.03418532 
655 311 37 44 0.034032878 
826 272 9 11 0.033932537 
868 332 13 18 0.033913933 
285 288 9 10 0.033794764 
352 285 8 11 0.03377184 
791 153 9 11 0.03363774 
843 331 15 21 0.033634316 
869 223 9 10 0.033548623 
350 333 10 12 0.033477012 
336 285 9 11 0.03344942 
711 317 9 12 0.033436723 
286 399 12 13 0.03290496 
277 360 16 19 0.032871094 
6 368 15 23 0.03283029 
700 329 14 16 0.032705136 
793 296 9 11 0.03259306 
370 394 12 15 0.032551866 
967 279 29 31 0.032524787 
351 280 7 10 0.032428686 
605 296 9 11 0.032266103 
727 338 9 13 0.03216703 
817 337 20 28 0.032085508 
377 268 9 11 0.031931266 
733 334 9 13 0.03148254 
406 354 12 15 0.03136702 
19 299 15 20 0.031302627 
350 246 8 11 0.030753452 
504 562 90 130 0.030438699 
840 286 10 12 0.030382987 
792 324 9 13 0.030283952 
814 272 9 11 0.030080324 
388 50 58 59 0.029882034 
397 390 15 18 0.029697044 
726 313 9 12 0.029629948 
303 370 13 18 0.029558202 
381 295 8 11 0.029392255 
383 279 9 11 0.029196925 
934 135 8 10 0.028927984 
572 324 10 15 0.028899524 
551 321 13 19 0.028876163 
406 325 12 16 0.028860983 
867 301 12 16 0.02879172 
532 452 16 20 0.028756658 
851 327 15 22 0.028729541 
36 297 15 17 0.028605105 
842 360 14 18 0.028476717 
281 286 8 12 0.02845269 
199 358 15 19 0.028442793 
337 278 9 10 0.028084522 
304 366 11 14 0.02789107 
869 318 10 13 0.02773762 
913 304 18 23 0.027693892 
966 151 9 11 0.027572015 
839 308 10 13 0.027514704 
792 350 10 12 0.02731343 
816 315 11 13 0.027115094 
937 230 8 10 0.027096178 
2 293 18 25 0.02699202 
863 324 11 15 0.026948366 
396 355 11 13 0.02693299 
721 323 9 11 0.02678909 
813 343 13 18 0.026642129 
932 316 23 31 0.026520196 
677 279 8 10 0.026359612 
929 136 8 10 0.02634217 
470 339 24 31 0.026001338 
374 404 13 17 0.025820987 
358 316 10 13 0.025809756 
962 153 8 10 0.025803482 
891 329 13 19 0.025657363 
382 284 9 11 0.02558236 
493 296 24 36 0.025521293 
373 363 10 12 0.025417468 
774 325 8 10 0.02539068 
418 335 22 25 0.025359713 
213 341 17 20 0.025313454 
624 310 11 14 0.025299625 
927 225 7 9 0.025263026 
846 322 15 20 0.025240034 
383 334 13 15 0.02516643 
41 504 29 37 0.025132488 
941 223 8 10 0.02510618 
951 141 7 9 0.025058085 
905 285 9 12 0.025041688 
839 293 10 13 0.025029711 
693 342 22 27 0.025017237 
406 370 13 17 0.02497136 
937 237 8 10 0.02470403 
22 382 18 24 0.02469343 
373 342 18 23 0.024687435 
810 307 10 12 0.024661208 
801 331 10 14 0.024587324 
801 247 8 10 0.024567407 
736 294 9 11 0.024530178 
986 220 34 51 0.02448118 
389 284 10 12 0.024377923 
888 191 9 11 0.02429551 
852 347 14 21 0.024243621 
315 360 13 17 0.024221547 
1011 223 14 23 0.024089871 
389 279 9 11 0.023997603 
895 309 13 18 0.023983514 
293 375 22 25 0.023926005 
893 188 9 11 0.02389424 
974 213 9 13 0.023867069 
358 300 11 13 0.023850106 
949 136 7 10 0.02384841 
360 285 9 10 0.023827085 
777 304 9 10 0.023755634 
702 302 9 11 0.023676086 
326 280 8 10 0.023646554 
789 354 13 16 0.023637265 
777 352 9 12 0.023612536 
381 317 10 13 0.02358833 
701 336 12 16 0.023516294 
750 286 8 10 0.023515701 
806 287 9 11 0.023469029 
388 405 13 16 0.023468895 
321 279 10 11 0.02341567 
428 324 14 17 0.02340222 
685 355 16 18 0.023304505 
856 295 10 12 0.023244763 
352 306 11 16 0.023204204 
751 302 9 12 0.023155484 
532 466 16 18 0.023117546 
382 367 9 11 0.023021117 
864 287 7 9 0.022968762 
422 324 13 15 0.022958586 
702 286 8 10 0.022953885 
76 314 12 16 0.022896878 
720 304 8 9 0.022774706 
623 336 23 30 0.022718605 
830 311 12 14 0.02266807 
403 439 38 38 0.022659339 
0 383 13 27 0.022507863 
330 305 20 26 0.022468735 
708 334 10 12 0.02241872 
352 382 12 16 0.02241305 
399 293 12 14 0.022330157 
352 296 9 12 0.022262823 
453 315 11 18 0.022150524 
412 277 10 12 0.021979557 
264 272 9 10 0.021946605 
750 320 11 14 0.021872753 
872 176 8 10 0.02186556 
412 322 13 18 0.021836437 
463 354 14 18 0.02182036 
376 285 9 10 0.02180781 
797 149 10 12 0.021750309 
719 341 11 13 0.021699723 
766 304 8 10 0.02165081 
540 467 12 15 0.021566318 
838 301 10 12 0.021464098 
0 424 23 35 0.021450223 
942 238 8 10 0.021419963 
871 215 9 11 0.021403747 
402 349 22 26 0.02137792 
108 262 12 15 0.021373933 
399 372 11 15 0.021363312 
349 263 8 9 0.021355093 
620 479 11 12 0.021297496 
635 305 14 20 0.021247005 
864 176 9 11 0.021224681 
776 311 9 11 0.021173634 
407 336 21 25 0.021102047 
362 461 12 15 0.021040518 
280 294 10 12 0.020981131 
615 402 18 20 0.02096639 
630 293 19 26 0.020959647 
333 356 12 16 0.020906275 
623 301 9 13 0.020784477 
520 478 11 13 0.020602668 
846 285 9 11 0.020529943 
896 223 10 11 0.0204637 
852 358 16 20 0.020412302 
474 322 28 33 0.020403452 
960 232 12 15 0.02037491 
389 343 20 24 0.020357957 
278 241 9 10 0.020293016 
395 326 14 18 0.020288017 
361 280 9 10 0.020248214 
863 216 10 12 0.02022621 
213 317 11 13 0.020171205 
407 376 25 32 0.020145427 
895 184 8 10 0.020037098 
