0_Parade_Parade_0_757
84
241 66 198 276 0.9998294 
768 241 18 21 0.4214539 
605 269 12 15 0.36810964 
660 238 17 21 0.3652749 
717 259 15 23 0.32272896 
705 262 21 25 0.18175808 
586 268 12 15 0.1793893 
655 238 14 18 0.12026267 
915 572 33 36 0.08379508 
829 260 9 14 0.07687981 
842 260 14 17 0.07542004 
919 537 37 40 0.073738955 
512 250 11 14 0.07364506 
556 259 16 18 0.06702794 
854 259 15 19 0.066151716 
573 255 12 16 0.06609654 
914 551 32 34 0.060652107 
840 255 12 14 0.056428507 
539 267 12 18 0.055780105 
554 252 16 17 0.055581093 
755 268 16 19 0.054370444 
887 568 14 18 0.052134957 
564 253 14 16 0.04541784 
858 250 16 19 0.040883757 
413 491 15 16 0.039822746 
904 576 30 37 0.03582108 
504 246 11 13 0.03558803 
930 529 33 37 0.035467304 
700 259 18 20 0.034548946 
868 251 13 17 0.034274593 
551 257 14 17 0.033158623 
838 264 15 18 0.033027183 
410 499 16 17 0.032309357 
444 568 24 24 0.032201793 
542 254 40 49 0.031758312 
549 264 16 21 0.03130453 
420 554 16 20 0.030856332 
787 585 12 15 0.030543849 
568 252 21 26 0.029676551 
723 271 15 20 0.029550172 
588 597 13 15 0.029345633 
414 529 30 33 0.029176524 
501 232 331 406 0.028732402 
542 262 11 15 0.028559372 
840 558 12 15 0.02816147 
694 266 25 28 0.02808312 
391 530 15 21 0.027999628 
761 248 23 29 0.027594645 
800 637 12 13 0.027493527 
792 568 9 11 0.026741596 
546 238 8 11 0.026518557 
599 262 14 17 0.026381118 
796 581 11 12 0.025835076 
890 531 47 57 0.025715422 
427 562 15 18 0.025578326 
838 259 29 32 0.025363509 
916 568 16 20 0.025305472 
389 497 15 17 0.025207873 
762 266 17 23 0.024482548 
396 495 12 14 0.024472428 
654 286 28 33 0.024376394 
419 487 13 14 0.024198005 
831 256 9 13 0.024197575 
761 241 14 20 0.023941051 
1006 556 20 36 0.023566177 
807 580 10 13 0.02336823 
845 253 37 45 0.022980258 
947 537 17 20 0.022893338 
21 128 34 49 0.022690315 
795 597 11 14 0.02251582 
813 571 13 17 0.02218574 
921 562 19 21 0.021865582 
775 597 10 12 0.021511192 
910 562 27 32 0.021484869 
856 246 12 16 0.021406313 
537 261 22 31 0.020930657 
973 415 36 42 0.020893661 
578 256 19 26 0.020892648 
396 527 24 28 0.02068181 
544 246 22 30 0.020659825 
410 544 17 20 0.02043008 
767 546 10 16 0.020152492 
245 630 37 51 0.020113884 
645 292 42 50 0.020046875 
