0_Parade_marchingband_1_556
59
638 256 31 36 0.99906474 
348 255 27 34 0.9990048 
969 255 30 38 0.9981401 
497 284 27 33 0.9939161 
746 239 29 33 0.99020517 
148 285 33 47 0.9847621 
450 280 21 26 0.98322046 
565 303 41 53 0.97338235 
282 263 22 27 0.940647 
557 254 20 25 0.9001109 
721 233 22 28 0.84810007 
83 262 26 34 0.8372127 
588 413 35 37 0.3018663 
284 252 21 27 0.21644019 
78 244 53 63 0.14965953 
199 298 23 29 0.14563788 
206 294 12 15 0.12841171 
760 248 17 21 0.090005174 
434 277 22 30 0.080623366 
934 353 17 19 0.07339978 
104 259 55 62 0.069180354 
427 288 16 23 0.06795893 
770 251 13 17 0.061534088 
52 387 13 19 0.054996785 
177 319 17 22 0.05356594 
731 264 16 22 0.05354644 
715 287 26 35 0.053435467 
737 256 24 31 0.042987186 
337 294 15 20 0.04217342 
793 278 11 14 0.040375203 
489 526 10 12 0.038844686 
658 348 18 20 0.038270064 
983 440 11 14 0.036479916 
42 -2 57 60 0.03576637 
553 253 36 45 0.034562934 
527 257 13 18 0.03256843 
748 260 16 23 0.032376755 
596 283 17 20 0.030910043 
771 264 15 18 0.030907927 
757 250 26 33 0.02951628 
462 575 11 15 0.028838182 
568 257 16 19 0.028433286 
729 246 17 20 0.028167488 
287 247 15 19 0.028051209 
792 283 12 18 0.026988517 
414 228 20 26 0.026699258 
53 431 14 18 0.02665878 
200 294 13 17 0.024097571 
229 283 23 28 0.023938138 
187 292 26 34 0.023889398 
82 208 56 70 0.023748724 
164 294 32 40 0.023577701 
209 292 21 32 0.022830138 
739 203 14 17 0.022801554 
167 313 26 34 0.022512864 
601 409 44 52 0.02208075 
476 384 33 38 0.020645391 
124 273 53 61 0.020642731 
179 312 27 33 0.020298311 
