0_Parade_marchingband_1_606
121
841 156 30 33 0.9994106 
258 137 32 39 0.99882 
614 191 29 33 0.99815565 
486 134 36 41 0.99679464 
783 155 40 44 0.9961041 
43 156 35 39 0.9958335 
131 209 25 30 0.9939422 
703 175 27 32 0.99183804 
429 179 25 34 0.75504863 
901 316 27 33 0.5148389 
587 192 27 33 0.39254552 
16 211 18 22 0.37722522 
602 138 17 22 0.3692253 
795 104 24 33 0.34747428 
174 207 24 29 0.25843966 
599 192 27 34 0.24757543 
174 346 13 17 0.2281873 
214 394 14 16 0.22014488 
535 116 438 440 0.15441687 
603 163 17 22 0.1464492 
943 250 13 14 0.120017424 
974 272 7 8 0.09071593 
1014 308 9 12 0.08946322 
420 144 17 22 0.08536716 
968 270 8 10 0.08220028 
188 205 25 31 0.080343425 
407 275 10 13 0.07885771 
850 111 18 24 0.07831908 
981 329 13 16 0.0753067 
168 211 14 20 0.07374542 
1014 253 8 12 0.07084962 
1 153 16 22 0.069099784 
633 139 15 18 0.0688532 
374 231 11 15 0.06654232 
5 219 13 18 0.061785534 
912 325 17 22 0.061107896 
956 328 15 20 0.060196538 
360 332 11 14 0.060006287 
22 144 10 13 0.059274193 
984 261 9 11 0.057585668 
392 294 9 13 0.054779544 
239 397 9 11 0.050407752 
975 278 8 10 0.04991914 
399 237 11 14 0.04901657 
982 304 9 11 0.048734855 
996 317 10 13 0.046322342 
439 184 17 22 0.04597479 
192 358 10 15 0.045406394 
32 123 12 15 0.04517275 
583 186 21 24 0.04509852 
933 237 10 12 0.044877037 
359 341 10 13 0.044820745 
197 420 13 16 0.043103553 
179 343 13 18 0.042861123 
310 392 9 11 0.041484047 
392 212 10 13 0.04065379 
983 310 8 10 0.040645402 
1 139 13 18 0.040372863 
5 142 21 29 0.038265746 
977 309 8 10 0.038054544 
960 270 8 11 0.037942626 
941 243 21 24 0.036844913 
977 285 8 11 0.035807412 
12 112 11 13 0.034756232 
487 88 26 31 0.03301816 
999 311 9 11 0.03294849 
977 303 10 12 0.032576684 
365 413 12 17 0.032352913 
1001 301 7 9 0.03228205 
398 242 10 14 0.031342395 
52 122 16 19 0.031009011 
394 318 9 12 0.030904768 
1008 303 9 11 0.030874029 
381 325 9 13 0.030390648 
398 213 9 12 0.029400434 
991 271 8 10 0.028955817 
1014 287 8 11 0.028310953 
973 350 12 14 0.028171023 
1008 309 9 11 0.028107908 
1014 270 9 13 0.027899541 
400 231 12 15 0.027753828 
984 270 8 10 0.027659047 
167 191 30 34 0.027251806 
976 329 12 18 0.027105318 
1000 295 8 11 0.027024783 
991 301 9 11 0.026931621 
985 318 10 14 0.026696488 
1008 289 8 10 0.026520984 
991 317 11 15 0.026129263 
966 348 10 15 0.026001832 
902 334 15 18 0.025954604 
964 324 13 19 0.025753567 
346 314 15 17 0.02562096 
329 366 9 12 0.025296604 
219 392 10 13 0.024572358 
126 187 40 49 0.024446284 
815 360 13 14 0.0243836 
46 122 11 16 0.02418255 
991 312 9 10 0.024097944 
17 141 23 27 0.02391257 
293 172 15 19 0.023624733 
966 318 10 13 0.022929493 
166 235 12 14 0.022784038 
163 202 26 33 0.022708096 
110 352 9 11 0.022432929 
709 153 16 19 0.022428902 
363 210 13 16 0.022424217 
561 176 16 20 0.022333844 
969 276 8 10 0.022321975 
927 235 11 14 0.021890553 
427 151 14 18 0.021814955 
1004 338 12 15 0.021063194 
239 157 22 30 0.020909583 
58 129 16 17 0.020887911 
103 191 25 29 0.020868061 
272 326 11 13 0.020656599 
958 276 9 11 0.020584753 
991 278 7 9 0.020543756 
954 269 8 12 0.020321624 
180 351 13 17 0.020308506 
570 212 14 17 0.020059196 
