0_Parade_Parade_0_317
426
308 78 14 18 0.9670989 
245 88 16 19 0.9334771 
605 106 16 19 0.91537607 
381 84 13 16 0.8967027 
223 98 13 17 0.8890579 
302 102 13 15 0.8434867 
331 75 13 16 0.81887007 
451 342 76 65 0.7139151 
540 94 14 18 0.7124346 
566 85 13 15 0.7001097 
103 69 13 15 0.6778971 
430 86 13 15 0.65569144 
566 125 14 17 0.6198468 
271 71 11 14 0.60044616 
999 82 22 29 0.5940593 
836 71 14 18 0.5935488 
486 93 13 15 0.5748106 
308 343 44 48 0.5534389 
178 103 13 16 0.54721236 
697 100 13 16 0.5386819 
389 119 13 18 0.52568895 
784 101 11 14 0.52245444 
903 89 15 18 0.48495105 
171 198 24 29 0.48480982 
159 92 14 16 0.47143215 
852 90 12 15 0.470595 
542 78 13 15 0.46308288 
869 92 14 16 0.4536983 
947 91 14 18 0.43408212 
123 76 21 26 0.43042654 
355 120 14 17 0.42367294 
658 75 12 16 0.4096344 
838 120 12 15 0.359764 
642 77 13 16 0.35215977 
276 100 12 16 0.34309077 
743 115 11 14 0.33599967 
574 67 13 15 0.32702667 
644 131 16 19 0.31566137 
522 105 13 16 0.31094065 
653 102 13 16 0.29006776 
759 127 9 11 0.2787735 
624 84 14 17 0.26815063 
819 102 13 15 0.25361142 
491 69 11 12 0.25238225 
927 74 15 17 0.22843386 
32 96 12 15 0.22657137 
390 322 13 15 0.22382174 
182 68 14 16 0.22049654 
7 74 14 18 0.21892987 
708 116 14 16 0.2170695 
201 107 12 16 0.21520685 
685 81 15 17 0.20784092 
799 111 10 12 0.2054174 
279 94 12 16 0.2046292 
479 87 11 14 0.20237035 
660 155 16 18 0.2018103 
452 73 13 16 0.2008578 
771 85 13 16 0.1994149 
837 98 11 15 0.1982508 
406 345 136 94 0.19709674 
413 73 14 15 0.19501026 
263 106 11 14 0.18896824 
510 91 13 16 0.18877493 
742 76 11 13 0.1802174 
641 108 13 16 0.17843889 
808 90 13 18 0.17470708 
659 107 12 15 0.17004599 
76 71 11 14 0.15676333 
261 90 11 16 0.14611976 
815 99 12 15 0.1437002 
410 91 12 15 0.14178099 
272 104 11 14 0.14073993 
792 76 11 13 0.13079329 
349 84 11 14 0.12908022 
352 100 12 15 0.12708011 
294 93 11 15 0.11709908 
854 70 11 13 0.11670231 
607 69 13 15 0.115134634 
549 71 11 13 0.112261295 
384 103 13 16 0.111734726 
930 83 17 21 0.111542545 
445 94 11 14 0.10789204 
128 88 16 18 0.10648169 
236 69 10 12 0.10344849 
430 66 13 15 0.10227957 
347 64 13 16 0.100680254 
639 70 11 13 0.098071985 
231 78 13 16 0.09806107 
502 88 11 16 0.09639284 
908 70 11 12 0.09631197 
547 98 14 17 0.09467375 
743 100 12 15 0.09291094 
50 90 16 19 0.09219276 
446 117 12 17 0.09041765 
831 93 13 16 0.09030935 
894 84 15 18 0.089754544 
647 101 13 16 0.088683546 
296 98 12 16 0.088308826 
794 100 11 13 0.08716988 
612 130 14 17 0.0866395 
187 74 13 16 0.0857458 
606 131 13 16 0.08552725 
853 76 13 16 0.08528638 
297 157 11 13 0.08471171 
491 85 17 19 0.084694974 
811 86 13 16 0.084069766 
197 81 14 18 0.08069563 
898 75 16 19 0.080478296 
863 91 13 17 0.07968544 
351 91 13 16 0.077934094 
859 203 45 54 0.07735162 
969 89 16 20 0.07609633 
781 94 12 17 0.07543647 
288 70 11 13 0.07494148 
386 108 15 19 0.07486117 
371 66 12 14 0.07425588 
700 93 14 18 0.07393774 
567 73 19 23 0.071771935 
95 91 11 14 0.071639135 
302 126 11 14 0.07088077 
284 97 14 17 0.07075008 
490 75 15 16 0.07061952 
921 102 16 21 0.07054394 
775 110 9 12 0.07041164 
700 85 12 14 0.07023241 
436 91 12 14 0.06909849 
470 70 12 14 0.0690366 
604 185 14 16 0.068398334 
515 85 12 14 0.068342395 
788 94 15 17 0.06823249 
719 77 13 15 0.065007836 
702 113 15 18 0.06475213 
347 78 13 14 0.063075274 
757 73 13 16 0.06303017 
164 88 13 16 0.06280316 
341 77 12 16 0.062094484 
97 69 12 14 0.061923843 
791 83 11 13 0.06187993 
959 107 14 17 0.061817307 
55 67 12 15 0.061726272 
452 98 13 16 0.061055783 
430 79 13 16 0.060624015 
2 107 13 17 0.060390085 
112 101 10 14 0.060120024 
507 123 11 14 0.058622863 
316 71 11 14 0.05848303 
104 69 21 26 0.058386944 
589 91 16 18 0.058353987 
406 87 13 16 0.05762508 
141 116 16 20 0.056823354 
855 186 24 35 0.05635007 
239 82 17 22 0.056047775 
924 80 16 20 0.05597418 
455 83 12 14 0.05571492 
355 109 12 16 0.05489193 
589 77 11 14 0.054621592 
487 65 11 13 0.05397451 
267 69 9 12 0.05316491 
613 82 14 17 0.05316145 
13 90 11 16 0.05307631 
888 89 12 16 0.05299228 
512 141 11 13 0.05277395 
607 138 13 15 0.052698687 
147 155 11 14 0.052404527 
622 70 12 14 0.051937725 
833 121 12 17 0.05192851 
899 210 15 20 0.05189456 
797 93 13 16 0.051754866 
620 130 13 17 0.051479783 
911 87 21 26 0.051212005 
860 69 10 12 0.051061597 
397 152 13 15 0.05044387 
237 119 11 14 0.050423864 
172 93 13 16 0.049491536 
806 70 10 11 0.04935903 
414 101 11 15 0.049194247 
419 69 13 15 0.049066648 
735 75 13 15 0.048768207 
446 86 10 14 0.047580525 
611 76 13 15 0.047265004 
858 85 13 17 0.04723878 
481 116 11 14 0.047010038 
939 86 16 21 0.04682813 
860 78 11 15 0.04665034 
791 250 12 14 0.046626866 
568 69 13 15 0.04629936 
925 90 21 27 0.04544152 
901 70 13 15 0.045181293 
2 117 13 16 0.045078117 
638 136 16 17 0.044916872 
622 76 16 18 0.044681 
789 105 12 13 0.04448456 
863 155 13 15 0.044249933 
212 161 13 16 0.043821994 
703 71 11 12 0.04365623 
802 115 13 14 0.04339752 
737 109 13 15 0.04287721 
768 109 11 13 0.041851446 
393 115 13 18 0.04148775 
171 85 12 14 0.041247346 
115 69 24 27 0.040805865 
192 127 10 13 0.040707894 
172 211 18 22 0.040312693 
225 81 19 22 0.03988185 
906 74 14 18 0.039853718 
723 82 14 16 0.039719123 
629 68 12 14 0.039710533 
798 70 9 11 0.039612755 
956 99 14 15 0.039591923 
687 71 13 15 0.039584547 
752 125 10 12 0.039378643 
340 107 13 17 0.039325476 
598 126 13 17 0.039321896 
389 137 13 16 0.03929796 
569 64 21 24 0.038880564 
419 101 11 14 0.038182955 
338 129 14 17 0.038047675 
693 71 12 14 0.038005598 
477 68 12 14 0.03779317 
670 77 11 14 0.03756964 
1011 78 11 17 0.037541404 
917 86 13 16 0.03722659 
677 84 14 17 0.03719171 
519 77 11 14 0.03704473 
15 98 11 16 0.036845285 
683 88 15 17 0.036843788 
1012 249 11 15 0.036607195 
452 106 13 16 0.036514647 
510 69 10 12 0.036447752 
710 75 12 14 0.036374692 
173 74 13 17 0.036028605 
797 85 12 14 0.03594723 
670 100 12 17 0.0358903 
374 137 14 18 0.035888597 
767 101 12 14 0.035561994 
847 84 14 18 0.03519016 
539 155 11 14 0.03494323 
548 199 9 11 0.034621973 
581 83 13 16 0.03450994 
819 94 13 16 0.03450506 
759 81 13 16 0.03434264 
141 78 12 15 0.03434084 
1008 94 15 21 0.034340154 
342 114 12 15 0.034061894 
701 75 13 16 0.033793837 
389 68 12 14 0.033769034 
388 126 14 20 0.0334578 
706 98 14 17 0.033269946 
5 90 14 17 0.03317948 
964 95 16 19 0.03315846 
555 105 13 16 0.033155203 
777 99 12 15 0.032699134 
591 160 12 15 0.032615002 
190 81 14 17 0.032474387 
357 83 11 15 0.032436125 
806 77 12 14 0.03241084 
560 123 13 17 0.032041114 
844 98 13 15 0.03201587 
202 78 15 17 0.031989023 
790 345 57 61 0.03188286 
214 66 11 13 0.031820346 
519 68 11 14 0.03180338 
822 117 11 14 0.031605404 
2 98 15 19 0.031273883 
843 70 13 15 0.030888936 
748 74 13 16 0.03083915 
176 116 13 16 0.030833747 
887 211 26 33 0.030815065 
30 88 19 22 0.030788425 
765 79 13 15 0.030655311 
21 76 11 15 0.03060358 
223 76 13 17 0.030530903 
347 203 13 16 0.030528435 
597 97 19 23 0.03050453 
228 154 11 14 0.030480912 
685 104 15 18 0.030365726 
473 84 12 15 0.030305756 
870 79 11 14 0.03020346 
198 89 14 17 0.030197293 
191 108 11 15 0.030136686 
762 132 11 14 0.02996055 
773 114 10 13 0.029883092 
605 148 10 13 0.029745335 
857 198 26 37 0.029640023 
677 99 15 18 0.02948028 
579 76 14 16 0.029461415 
292 85 13 17 0.029191356 
747 94 12 15 0.029162724 
621 105 11 16 0.029158644 
447 64 10 11 0.028967887 
868 218 49 59 0.02893003 
342 102 13 16 0.028770287 
423 294 26 35 0.028597731 
715 122 11 13 0.028586386 
291 75 13 16 0.028565805 
503 68 10 12 0.028555963 
758 110 10 13 0.028328877 
519 127 11 14 0.028280944 
279 88 11 14 0.028137337 
179 123 13 16 0.027844204 
217 98 12 16 0.027620098 
587 84 15 18 0.027445834 
0 105 20 29 0.027366728 
470 138 12 13 0.027290206 
528 161 23 29 0.027242655 
53 74 14 16 0.027234297 
301 114 12 14 0.027147751 
141 109 14 16 0.026954494 
235 135 12 15 0.02683346 
425 84 12 16 0.026824445 
354 68 12 14 0.026773192 
596 157 12 15 0.026682409 
747 109 11 15 0.02668086 
906 98 23 26 0.026680509 
671 84 11 16 0.026636098 
375 76 18 21 0.026477091 
537 81 14 18 0.026408056 
852 172 26 30 0.026308116 
977 95 17 21 0.026255168 
423 92 11 14 0.026242077 
570 88 14 16 0.026210599 
831 82 14 17 0.026193919 
888 151 11 12 0.02615882 
525 113 11 14 0.025865097 
859 163 14 16 0.025737822 
302 162 10 13 0.025641413 
460 74 13 15 0.0256285 
465 180 11 15 0.025623841 
71 71 19 23 0.025576964 
254 157 10 12 0.025485903 
252 95 14 18 0.025443938 
553 124 11 15 0.025435274 
231 118 11 14 0.025373459 
207 158 12 16 0.025357189 
476 76 12 14 0.025194628 
952 85 18 20 0.025044456 
651 112 15 18 0.024953 
470 160 13 16 0.024858339 
779 87 11 14 0.024840303 
363 123 11 15 0.024811685 
354 307 214 167 0.024739016 
535 169 14 17 0.024673328 
318 99 12 15 0.024658073 
268 66 18 23 0.024521282 
400 92 11 13 0.024479428 
351 128 15 17 0.024385521 
338 62 20 22 0.024248699 
815 118 11 13 0.02415441 
222 68 12 14 0.024134245 
32 71 11 13 0.02409164 
885 209 14 17 0.023891587 
501 148 12 15 0.023848407 
15 118 10 13 0.023805792 
605 155 11 14 0.023788994 
84 75 12 16 0.023715094 
902 103 13 17 0.023671888 
773 274 15 17 0.023614472 
464 164 10 14 0.023590583 
670 89 14 19 0.02342539 
628 131 15 20 0.02341522 
873 85 14 17 0.023288794 
758 120 10 12 0.023267714 
785 69 10 12 0.02325651 
256 109 11 13 0.02318742 
313 349 23 26 0.02301417 
649 92 21 25 0.022998702 
251 238 15 16 0.022959458 
607 66 21 24 0.022882607 
323 340 15 21 0.02279536 
188 138 13 14 0.02263975 
265 394 28 36 0.022635773 
972 103 15 18 0.022591118 
460 109 11 13 0.0225719 
263 98 19 24 0.022507124 
526 169 12 16 0.022396535 
384 318 22 25 0.022391826 
582 90 15 17 0.022379097 
263 75 12 16 0.022365246 
941 70 11 13 0.022351695 
441 242 16 17 0.022322612 
900 65 22 25 0.022303488 
335 330 58 50 0.022242693 
639 88 13 17 0.022207534 
300 152 11 13 0.022072967 
407 98 13 15 0.022061102 
677 76 13 16 0.022058181 
502 141 11 14 0.022042356 
97 76 21 25 0.021993605 
363 82 13 16 0.021971626 
181 167 15 17 0.021887528 
441 100 10 12 0.02182838 
613 157 10 13 0.021810157 
599 179 14 18 0.021759227 
0 93 10 15 0.021686368 
219 132 11 13 0.021558514 
908 250 14 18 0.021464076 
758 91 12 14 0.021442693 
20 84 13 17 0.021395564 
603 192 16 20 0.021370023 
285 85 13 16 0.021353038 
638 65 10 13 0.021238187 
166 108 11 14 0.021183832 
896 238 28 37 0.021157365 
732 157 11 14 0.02113342 
434 325 73 65 0.021083834 
447 108 11 15 0.0210168 
382 69 12 14 0.021012908 
317 139 12 14 0.020957272 
866 162 13 15 0.02083228 
644 93 13 17 0.02083046 
269 93 14 18 0.02066562 
167 78 13 15 0.020654805 
724 88 15 17 0.02062104 
29 75 13 15 0.020565849 
823 124 10 12 0.020522717 
940 75 13 17 0.020488707 
891 156 10 13 0.020401394 
648 124 16 20 0.020390363 
222 155 13 15 0.020189703 
192 116 10 13 0.020161996 
231 64 12 14 0.020157672 
556 68 12 14 0.020151565 
775 133 10 13 0.020145554 
396 110 13 17 0.02013841 
425 116 11 17 0.02008766 
571 115 15 19 0.020019736 
