0_Parade_marchingband_1_932
75
851 356 31 37 0.999368 
434 336 32 37 0.99924433 
47 331 31 40 0.99913895 
721 344 32 35 0.99790406 
482 339 23 28 0.4208676 
642 375 18 22 0.40607953 
541 344 17 20 0.32014334 
712 299 12 16 0.20357189 
114 358 13 16 0.111479186 
727 222 12 15 0.11045403 
106 354 23 27 0.08990123 
498 347 13 16 0.08043833 
847 274 10 13 0.07953399 
485 87 9 10 0.07824116 
855 276 10 12 0.07726661 
163 364 11 13 0.07646719 
78 365 14 18 0.071631305 
648 366 11 14 0.06377529 
83 433 13 16 0.061668057 
679 368 11 14 0.06053831 
745 282 22 32 0.057523984 
729 226 13 17 0.055746708 
692 371 14 18 0.04860058 
410 96 8 10 0.046826523 
566 135 8 9 0.042516835 
541 333 16 19 0.041921943 
641 302 10 11 0.04153818 
684 366 12 16 0.04137863 
875 505 13 14 0.041064717 
455 121 8 10 0.039769832 
499 355 13 18 0.039188936 
122 379 16 19 0.039164387 
84 357 15 18 0.03732455 
661 329 10 14 0.03599186 
517 359 11 13 0.035239715 
526 351 11 14 0.034877837 
106 367 16 21 0.034075994 
88 431 25 29 0.03398843 
653 364 12 14 0.033407845 
406 115 10 12 0.03246319 
509 356 11 15 0.032400396 
705 279 15 19 0.032360915 
757 286 11 15 0.03187285 
437 245 10 12 0.031384517 
82 370 15 17 0.031366795 
859 270 11 14 0.03128428 
660 378 12 16 0.030688167 
160 371 12 14 0.03063085 
859 276 12 14 0.0305468 
732 198 10 13 0.0305302 
110 352 13 16 0.030473767 
659 369 14 18 0.02791864 
648 383 15 19 0.027236398 
852 222 11 12 0.027107097 
85 378 13 16 0.02670187 
170 417 14 18 0.026663482 
161 359 11 13 0.025792593 
893 437 15 17 0.025678698 
819 304 14 19 0.02518859 
991 350 11 14 0.02494508 
422 111 9 11 0.024899514 
1008 332 10 14 0.023923919 
95 440 14 17 0.023469774 
542 337 27 33 0.023260254 
436 250 14 15 0.02272892 
518 364 13 15 0.022643633 
808 306 10 14 0.02260184 
679 377 22 27 0.021861488 
446 142 9 11 0.021761298 
869 276 11 14 0.021632032 
471 354 12 17 0.02154911 
500 85 10 14 0.021273762 
460 276 12 16 0.02105724 
528 313 11 13 0.020572016 
91 364 12 15 0.020274444 
