0_Parade_Parade_0_559
41
436 334 64 84 0.9637513 
536 357 27 35 0.9164708 
760 348 53 70 0.71291304 
318 302 45 59 0.33525583 
591 174 9 11 0.150882 
996 433 28 40 0.1508421 
755 332 84 118 0.10133914 
25 313 215 291 0.08852373 
742 319 50 69 0.08012565 
296 291 51 64 0.076256834 
575 318 29 38 0.060865577 
526 344 41 59 0.054709 
624 186 9 11 0.054248467 
209 316 43 63 0.047272213 
763 232 31 41 0.04720596 
642 364 49 62 0.04683582 
499 347 47 65 0.04043789 
795 287 55 76 0.03752888 
780 310 64 88 0.037406284 
542 164 13 17 0.03486824 
754 358 34 50 0.033998296 
340 301 46 67 0.03375846 
587 323 14 22 0.03371539 
145 617 29 31 0.033239145 
477 152 8 11 0.03239578 
367 298 47 65 0.030430993 
219 298 26 32 0.030321091 
424 306 51 82 0.030081145 
320 89 10 12 0.026890304 
926 285 43 62 0.025526635 
211 331 24 36 0.024808615 
781 318 12 13 0.024071291 
433 337 16 20 0.023450764 
598 194 10 13 0.023433307 
652 377 33 35 0.023122221 
296 58 27 31 0.023027588 
381 287 44 57 0.022538975 
771 317 28 29 0.02101949 
628 183 9 13 0.02086563 
666 380 15 18 0.02072696 
815 320 56 77 0.020702187 
