0_Parade_Parade_0_461
68
505 195 113 161 0.9875358 
29 503 141 111 0.15982409 
83 226 46 72 0.14159629 
147 115 14 18 0.13385709 
146 138 52 56 0.11882395 
860 72 87 127 0.108758435 
133 156 11 15 0.097541064 
531 162 76 65 0.08068725 
11 718 17 20 0.080059096 
276 403 121 135 0.0696659 
36 742 12 15 0.067510575 
28 694 10 12 0.06478785 
509 147 125 107 0.061450902 
215 0 26 26 0.055233613 
132 175 22 31 0.05498387 
249 237 11 14 0.052746482 
462 119 186 222 0.052660108 
125 121 84 99 0.05244736 
229 167 10 14 0.04606474 
142 121 14 18 0.04451834 
602 351 397 483 0.04344994 
114 141 25 33 0.04310268 
105 138 46 53 0.04048375 
415 135 13 15 0.039360184 
104 216 45 67 0.03905031 
156 234 27 36 0.03876326 
134 217 43 62 0.038115133 
32 718 12 14 0.035423994 
59 222 88 114 0.035289135 
256 69 34 42 0.03507488 
132 77 26 37 0.033719677 
173 240 15 21 0.033657797 
383 338 59 74 0.0334912 
117 52 23 33 0.03106137 
67 116 15 18 0.030989874 
252 188 17 21 0.030543242 
879 0 33 33 0.030160714 
8 105 16 23 0.029819092 
113 46 46 67 0.029427541 
311 145 46 50 0.028846547 
0 206 11 16 0.028612977 
98 218 26 32 0.028546354 
137 155 14 17 0.028315071 
565 155 44 37 0.027852025 
285 269 10 14 0.027413556 
356 148 12 14 0.026722984 
125 151 15 21 0.026283832 
888 93 118 121 0.025620142 
247 58 59 63 0.02549776 
333 329 96 111 0.025340075 
366 286 14 16 0.025101515 
134 129 14 18 0.024524651 
107 151 18 22 0.024368297 
110 189 48 63 0.023460593 
66 204 25 32 0.023406941 
191 81 28 30 0.023300484 
102 0 14 13 0.02322209 
20 189 14 16 0.023032166 
155 134 28 33 0.02296058 
416 126 28 32 0.022891961 
132 149 24 33 0.02185212 
144 147 30 39 0.021653786 
141 79 16 22 0.021647554 
891 1 21 19 0.021198522 
222 192 26 33 0.02089071 
403 -2 93 120 0.020669866 
432 95 47 70 0.020573925 
102 17 46 69 0.020483043 
