0_Parade_Parade_0_472
237
57 136 33 36 0.99940073 
321 113 41 50 0.9852469 
513 131 34 40 0.9732361 
645 120 16 24 0.94671404 
629 162 18 21 0.8951622 
953 152 19 21 0.88462186 
747 123 14 22 0.88220227 
562 136 16 26 0.8124989 
830 115 20 27 0.71238124 
979 215 16 20 0.6911595 
975 146 18 19 0.6345413 
657 168 17 22 0.6086817 
836 77 14 17 0.5867776 
707 111 21 24 0.57274395 
933 225 17 24 0.5442983 
734 122 13 19 0.49516594 
252 157 14 18 0.4840758 
996 219 13 17 0.37618685 
174 182 16 20 0.3036654 
922 149 14 17 0.27789882 
797 127 16 23 0.27073577 
988 218 13 18 0.26171714 
602 264 43 51 0.256869 
738 145 17 22 0.22922677 
222 184 9 12 0.2138145 
841 117 24 27 0.20181133 
511 54 27 37 0.19598597 
309 291 17 20 0.193034 
250 204 13 18 0.18029067 
0 190 9 15 0.1758439 
820 120 15 21 0.1713715 
1002 156 12 15 0.1632465 
804 184 17 18 0.16288231 
942 154 12 15 0.15860343 
844 167 25 32 0.14745398 
692 136 21 27 0.14721468 
258 291 12 17 0.14670411 
831 82 14 18 0.1349428 
610 176 14 18 0.12970954 
401 130 26 29 0.12892427 
500 480 32 37 0.12467713 
245 180 11 15 0.10784803 
968 295 10 13 0.1069471 
235 281 14 18 0.104008384 
890 472 35 41 0.10339529 
846 480 22 27 0.09637141 
741 118 13 23 0.09534506 
820 151 17 22 0.09512021 
679 126 12 15 0.0946749 
202 233 13 18 0.09382859 
937 155 10 13 0.092219785 
216 188 11 13 0.09127558 
215 242 12 15 0.089009084 
810 119 21 25 0.08776787 
962 140 26 28 0.087633654 
248 327 28 34 0.086801685 
602 145 23 26 0.08567266 
723 115 14 19 0.08503493 
668 145 16 21 0.07921321 
726 122 14 20 0.078789525 
687 203 15 23 0.07866963 
448 483 30 35 0.07817054 
220 307 13 18 0.076822646 
996 150 14 17 0.07420055 
602 226 14 18 0.07345467 
700 126 22 28 0.071699396 
661 187 22 28 0.07136047 
239 187 10 15 0.0680465 
804 114 14 18 0.06779178 
968 217 12 16 0.06537141 
213 300 16 21 0.064838044 
684 136 19 27 0.06340209 
31 288 9 12 0.06334609 
827 146 16 21 0.06321396 
587 227 12 17 0.062976055 
87 187 12 15 0.06269816 
273 370 16 17 0.060937624 
987 146 15 18 0.060792092 
969 245 11 16 0.06055722 
655 123 17 20 0.060193513 
23 178 13 17 0.059803862 
108 180 13 15 0.058926664 
933 150 11 15 0.058424596 
597 221 14 19 0.05566161 
263 276 10 13 0.054906774 
847 157 37 46 0.054701358 
195 311 21 25 0.053727485 
353 280 42 52 0.053496886 
626 192 14 18 0.05271518 
855 120 18 21 0.051056765 
994 152 21 26 0.050339658 
216 277 10 13 0.050160162 
740 133 20 28 0.048635542 
801 121 18 24 0.048146233 
674 138 19 26 0.047555808 
232 280 11 13 0.047498878 
250 147 25 31 0.04740019 
0 302 8 13 0.047094062 
115 277 15 17 0.047079697 
244 279 13 16 0.0455559 
226 307 14 17 0.045365423 
892 163 24 35 0.044812568 
397 130 15 20 0.04462063 
221 271 10 12 0.044455994 
703 138 17 20 0.043999292 
978 139 25 29 0.04395142 
250 284 17 23 0.043924138 
901 157 11 15 0.042519234 
950 253 14 18 0.0422422 
681 131 14 18 0.041245162 
74 344 10 12 0.040240612 
624 161 15 21 0.04021719 
190 404 28 34 0.040180694 
496 58 33 50 0.040019132 
791 133 24 30 0.039710194 
944 150 22 25 0.03866564 
690 197 15 19 0.03776963 
829 67 20 26 0.03776627 
249 197 10 15 0.037564177 
393 132 11 15 0.037390962 
249 228 9 13 0.037329838 
786 168 15 22 0.03683224 
432 184 13 17 0.036672547 
691 118 22 30 0.03528531 
517 65 27 35 0.035225872 
230 288 12 18 0.034392815 
809 189 16 20 0.034068663 
627 175 15 20 0.033855174 
-1 326 7 13 0.033445913 
611 227 15 18 0.033085886 
206 293 10 12 0.033075772 
0 245 9 14 0.03229182 
825 91 11 15 0.031669177 
670 197 22 29 0.031260792 
923 159 14 18 0.031067692 
596 151 16 20 0.031038726 
830 125 26 33 0.03099059 
828 110 15 22 0.030598909 
229 204 10 12 0.030457627 
232 187 10 13 0.030373644 
539 230 17 18 0.030300956 
205 285 10 13 0.030191498 
972 221 17 20 0.03006251 
798 180 16 20 0.029969076 
962 140 41 48 0.029940035 
70 287 9 12 0.029908227 
134 197 12 16 0.029904338 
895 170 14 22 0.029450977 
167 178 14 19 0.029355528 
833 87 17 18 0.02913759 
743 201 21 31 0.029080793 
465 63 33 49 0.02907343 
971 237 12 16 0.02895882 
733 110 12 16 0.028956782 
764 123 14 20 0.02867269 
230 261 8 10 0.028646538 
831 252 10 12 0.028536007 
57 293 9 11 0.028454278 
77 346 11 14 0.028449658 
788 146 15 20 0.028034952 
62 291 10 12 0.027939346 
484 70 10 14 0.02785033 
1012 153 11 16 0.027695175 
229 182 10 13 0.027660143 
465 91 29 38 0.027646463 
140 196 12 15 0.027614104 
114 182 13 15 0.027430769 
6 301 10 12 0.027223133 
86 323 9 13 0.027113669 
520 153 21 25 0.027110789 
840 81 16 17 0.026867466 
655 219 14 18 0.026864922 
789 137 14 19 0.026628433 
821 109 13 16 0.026441384 
660 152 22 26 0.026428057 
224 261 10 13 0.026066149 
663 175 19 22 0.025823127 
204 240 14 19 0.025783643 
171 393 28 34 0.025596807 
569 132 17 21 0.02550779 
268 274 11 15 0.02502983 
930 150 21 26 0.02494136 
235 182 20 26 0.024713332 
80 326 9 11 0.024657717 
172 174 16 20 0.024263931 
515 55 15 19 0.024252255 
613 209 14 18 0.024241706 
857 163 20 23 0.024151187 
684 118 12 16 0.024149181 
806 163 25 30 0.024114406 
234 308 12 15 0.023984887 
237 193 12 16 0.023919754 
644 177 15 20 0.023831302 
899 157 24 32 0.02360901 
212 220 10 12 0.023523917 
479 74 24 34 0.023418844 
246 172 13 18 0.023260076 
884 153 25 36 0.023174657 
240 175 20 26 0.023172908 
914 242 16 20 0.023074342 
824 134 23 30 0.023061458 
216 270 10 14 0.022988452 
499 118 30 38 0.02298598 
741 213 14 21 0.022984238 
255 254 10 12 0.022944476 
181 283 15 19 0.022911318 
915 152 22 30 0.022864865 
252 166 15 19 0.022864036 
256 324 18 23 0.022805786 
891 180 23 35 0.022687048 
971 202 25 31 0.022503862 
294 288 16 21 0.022452196 
458 265 17 19 0.022370521 
841 69 16 19 0.022352831 
651 175 22 28 0.022295605 
142 227 16 21 0.02228084 
625 224 16 19 0.02219258 
1014 308 8 13 0.022176255 
249 196 22 30 0.022128401 
805 130 22 28 0.022112504 
269 315 10 12 0.021963071 
621 178 14 19 0.021886887 
884 172 23 37 0.02187544 
645 169 14 19 0.021507535 
521 85 17 23 0.021333009 
772 162 23 32 0.021285469 
239 164 11 13 0.021250177 
834 57 17 20 0.021113826 
856 481 18 23 0.020988703 
592 152 26 31 0.020945704 
661 201 15 19 0.020853514 
825 157 16 21 0.020811409 
756 199 13 17 0.020608978 
846 243 28 30 0.020503545 
14 301 8 12 0.020374795 
944 226 14 20 0.02028923 
815 160 14 21 0.020230792 
