0_Parade_Parade_0_382
85
791 213 28 39 0.99933165 
446 231 49 56 0.99706894 
595 136 33 45 0.9944148 
909 301 24 28 0.993751 
118 183 44 63 0.9775978 
84 92 28 39 0.65402794 
839 275 24 36 0.21136886 
732 217 16 23 0.15742695 
703 218 18 25 0.14182049 
663 398 41 65 0.128042 
317 335 8 11 0.1204448 
402 94 16 19 0.11836199 
82 223 16 19 0.10578444 
110 69 14 14 0.09652833 
934 63 9 12 0.08852231 
990 311 14 19 0.08208613 
927 62 11 13 0.0808535 
320 621 29 30 0.07412543 
968 126 9 12 0.07323858 
969 307 11 15 0.057348717 
714 226 16 19 0.05546318 
87 102 16 23 0.054145604 
327 379 9 12 0.047478527 
978 142 9 11 0.04591539 
961 125 9 11 0.043578334 
94 239 17 23 0.042100206 
188 325 16 25 0.039745737 
509 403 23 27 0.039693378 
724 225 15 20 0.038694885 
78 87 48 58 0.038382366 
304 400 9 10 0.037450932 
402 199 34 48 0.037118696 
845 292 17 22 0.03685097 
245 326 14 18 0.03677156 
921 61 10 15 0.0336945 
286 273 11 14 0.032572214 
304 374 9 11 0.032466806 
963 288 14 18 0.03243361 
254 349 7 10 0.031756584 
922 46 9 12 0.030122856 
364 446 17 20 0.030089438 
514 416 17 19 0.03001328 
393 210 47 66 0.029784335 
652 112 36 49 0.029528549 
534 428 12 15 0.028579809 
79 228 24 29 0.028234066 
148 256 16 20 0.028039739 
364 476 15 20 0.027974127 
251 325 10 13 0.027800146 
305 405 8 9 0.027778594 
918 67 11 13 0.027310811 
668 138 13 20 0.026989019 
926 53 10 12 0.02693178 
75 231 18 21 0.026889274 
99 267 15 19 0.026636034 
105 65 26 25 0.026614547 
995 531 31 42 0.02624337 
337 343 8 11 0.025934087 
379 414 22 29 0.025867475 
901 75 12 16 0.025648957 
701 211 15 22 0.025042946 
106 101 29 35 0.02495524 
941 66 10 14 0.024523672 
912 72 10 13 0.024462411 
712 211 18 21 0.024309518 
698 285 26 33 0.02372074 
309 374 8 11 0.023264598 
424 219 46 62 0.022967746 
771 302 36 41 0.022953885 
539 408 17 25 0.022478292 
67 305 30 34 0.02220508 
972 292 14 18 0.02207592 
394 424 16 20 0.021829732 
404 550 13 14 0.021513628 
237 342 8 12 0.021512598 
137 303 24 33 0.021384358 
722 233 16 19 0.02102688 
313 339 10 12 0.020927064 
720 241 19 21 0.020803656 
379 244 47 62 0.020728245 
68 224 38 46 0.020654235 
124 292 15 21 0.0206422 
555 356 12 16 0.02053267 
725 622 14 18 0.020418314 
90 226 16 21 0.020207414 
