0_Parade_Parade_0_478
194
837 474 16 22 0.94692534 
909 478 12 14 0.799549 
215 375 13 18 0.7776028 
117 348 10 13 0.65636724 
308 415 16 27 0.6548893 
654 450 10 12 0.29575923 
206 357 12 14 0.20107934 
201 423 18 25 0.17453945 
634 453 10 13 0.1709069 
46 374 8 11 0.16692996 
152 379 14 19 0.16448581 
691 461 11 16 0.13861075 
205 392 13 18 0.13721168 
353 377 24 31 0.12240208 
775 481 14 18 0.11983553 
93 376 10 13 0.115464635 
47 389 10 13 0.10743151 
850 480 14 19 0.1024626 
572 427 11 13 0.100557595 
612 447 9 11 0.09968272 
635 469 11 15 0.09518614 
622 463 9 12 0.0949229 
81 396 9 12 0.09035665 
734 471 10 14 0.089379236 
751 482 13 23 0.0888477 
191 381 11 15 0.08618007 
25 373 9 12 0.080144525 
78 391 9 11 0.07961114 
726 456 7 9 0.07956158 
801 459 8 12 0.07882976 
671 486 8 11 0.07506814 
703 454 10 13 0.073920704 
775 459 9 13 0.073134266 
569 429 10 12 0.07083386 
220 392 15 19 0.07029943 
631 459 11 15 0.069667645 
157 376 11 15 0.06466603 
607 487 10 11 0.06379741 
226 379 12 15 0.06204272 
538 419 12 16 0.061583478 
575 479 9 11 0.060411766 
617 468 9 12 0.060210943 
912 482 14 15 0.059397664 
524 432 10 12 0.05656378 
597 470 9 12 0.0551607 
258 388 15 18 0.054749712 
191 236 13 18 0.05472551 
679 453 8 11 0.053754613 
761 464 9 10 0.053632244 
686 494 11 13 0.05323069 
768 455 8 10 0.052201033 
821 461 8 11 0.0520434 
197 381 9 14 0.051423423 
752 497 11 16 0.05085002 
674 452 8 10 0.05060653 
731 502 13 16 0.050498143 
89 379 11 13 0.05044814 
536 427 11 13 0.048474014 
214 365 13 19 0.048186433 
8 375 11 13 0.04699534 
165 378 12 17 0.044916775 
686 474 12 16 0.044600498 
765 483 14 18 0.044305515 
680 502 9 13 0.044084873 
722 461 9 12 0.04398688 
53 389 10 14 0.04368947 
200 388 11 16 0.043677557 
262 381 24 31 0.043610174 
219 367 14 19 0.043368075 
673 447 9 10 0.04308172 
358 419 16 19 0.041932326 
445 405 10 13 0.04173693 
551 498 11 13 0.041361142 
677 447 8 10 0.041349225 
47 381 10 13 0.039112404 
273 381 27 36 0.039000653 
766 460 10 12 0.038827278 
108 372 12 14 0.037768293 
650 446 11 13 0.03755208 
302 412 17 23 0.037164297 
678 485 10 13 0.03578898 
178 372 15 18 0.035725504 
566 436 10 12 0.03571093 
708 454 10 12 0.03559541 
608 451 9 12 0.035570726 
508 484 12 16 0.034524113 
183 378 13 15 0.034473944 
837 431 10 13 0.034338858 
114 344 17 21 0.034173314 
570 423 11 13 0.033793725 
123 88 389 493 0.03361543 
709 461 9 11 0.033505082 
764 465 13 15 0.032955445 
488 421 10 12 0.032919373 
694 454 11 14 0.032853104 
356 408 17 21 0.032621704 
623 479 8 10 0.0323963 
28 414 17 19 0.032196857 
200 350 11 14 0.03182393 
781 438 8 10 0.03171358 
71 368 11 13 0.031539783 
775 467 11 15 0.03131377 
23 368 9 11 0.03131274 
626 454 9 13 0.031201985 
313 410 22 30 0.030754616 
680 493 10 13 0.030699218 
553 438 9 11 0.030673573 
208 379 12 17 0.030335063 
104 396 12 15 0.03015529 
674 502 8 11 0.03011131 
261 368 13 17 0.029842595 
267 393 14 19 0.029804109 
40 390 12 14 0.029653436 
188 393 13 17 0.029498758 
276 401 23 30 0.029398112 
735 463 9 12 0.029317705 
680 459 11 15 0.029194111 
551 429 10 12 0.0289873 
780 468 11 14 0.028649526 
794 454 8 11 0.02864098 
219 384 16 19 0.028464044 
729 474 11 15 0.028266236 
825 493 10 14 0.02789363 
237 281 591 387 0.027714187 
788 492 10 15 0.027687754 
808 471 8 11 0.027474437 
851 517 11 12 0.027124899 
576 483 9 12 0.026911631 
1 363 9 12 0.02684209 
680 467 11 15 0.026801413 
803 514 11 15 0.026620043 
686 482 11 14 0.026451485 
734 484 12 15 0.026361125 
137 348 11 14 0.026285527 
472 423 10 12 0.026227316 
138 340 13 15 0.026179338 
173 377 12 16 0.02616998 
226 386 14 18 0.026155345 
84 389 12 14 0.026118593 
749 489 21 27 0.02604926 
5 359 9 12 0.025639769 
672 492 9 12 0.025599226 
742 484 13 18 0.025379563 
59 390 11 12 0.025374224 
761 489 16 19 0.025312636 
829 497 12 15 0.025304286 
39 463 9 12 0.025304142 
111 354 13 16 0.025135562 
760 498 17 18 0.02512668 
559 438 9 12 0.025006019 
74 389 10 12 0.024943108 
833 471 11 16 0.024934238 
101 379 14 16 0.024044992 
600 445 8 10 0.024029354 
256 391 23 27 0.023934934 
276 387 15 21 0.023925941 
597 463 9 12 0.023841087 
94 369 10 11 0.02358684 
686 455 12 14 0.023364952 
337 418 15 19 0.023227932 
212 385 15 20 0.02299697 
104 355 10 13 0.022813328 
782 455 9 11 0.022400621 
659 446 10 12 0.022287168 
144 387 13 16 0.02222903 
814 470 9 11 0.022136502 
608 469 9 12 0.021939127 
786 482 12 17 0.021844894 
329 390 11 13 0.021821624 
779 460 11 13 0.021728383 
727 446 8 11 0.021710703 
535 435 11 12 0.021699809 
734 492 12 16 0.021474391 
53 383 10 12 0.021417875 
103 374 11 14 0.021323025 
258 366 23 30 0.021200689 
636 448 10 13 0.021173282 
672 439 9 12 0.021103323 
135 354 12 16 0.02109695 
350 393 26 31 0.020929633 
796 508 16 19 0.020893209 
557 444 10 11 0.020829624 
28 366 10 12 0.02077936 
757 282 29 35 0.02077159 
526 413 9 12 0.020769704 
7 387 12 15 0.020758718 
42 384 19 24 0.020640375 
628 448 19 23 0.0205845 
317 319 11 15 0.020462608 
807 475 10 13 0.020443873 
792 448 9 11 0.020366078 
598 440 8 10 0.020322695 
735 456 7 10 0.02031866 
121 354 13 17 0.020015728 
