0_Parade_marchingband_1_227
362
461 135 30 40 0.99848664 
289 139 23 32 0.989061 
413 112 24 31 0.97955656 
511 106 23 30 0.97125757 
912 137 43 51 0.9658856 
840 123 32 40 0.9642067 
597 131 22 30 0.9636387 
291 100 22 29 0.9519357 
177 108 23 29 0.94419533 
558 85 19 26 0.84747976 
713 32 97 119 0.76307386 
348 104 15 19 0.7219507 
489 95 21 27 0.6643929 
4 106 16 22 0.64817625 
250 83 15 19 0.56732106 
429 98 16 22 0.50585455 
69 96 16 20 0.4644732 
328 89 14 18 0.46092972 
252 96 18 22 0.45135075 
212 73 13 16 0.43909004 
733 78 65 67 0.43029037 
151 103 15 20 0.4269607 
132 92 12 15 0.4022672 
36 93 14 18 0.36299372 
22 61 14 17 0.3401644 
380 98 13 16 0.3359068 
57 67 14 17 0.33421156 
223 115 20 27 0.31410316 
498 86 22 27 0.29767397 
363 91 13 17 0.27430424 
779 90 49 62 0.27127504 
166 78 12 13 0.26309946 
0 83 11 18 0.26205328 
607 106 14 18 0.2510304 
191 85 12 16 0.230371 
507 95 24 31 0.20268318 
389 99 14 18 0.19176711 
587 92 10 13 0.18101768 
599 82 11 14 0.1791991 
99 107 16 21 0.17499878 
123 104 16 20 0.17144972 
470 113 17 21 0.1696941 
605 137 22 29 0.16772245 
615 93 11 13 0.16176608 
525 91 14 19 0.15850693 
309 92 13 17 0.156145 
237 118 16 21 0.15370454 
33 96 20 26 0.15208259 
101 83 13 17 0.15146695 
174 78 10 13 0.14198428 
101 99 15 19 0.14184365 
390 163 25 36 0.13244732 
165 71 10 12 0.13161917 
507 82 23 28 0.13136713 
127 87 12 15 0.12520555 
615 143 22 30 0.12448482 
294 94 15 19 0.12269806 
988 155 16 20 0.12143499 
197 77 9 12 0.11977879 
148 92 13 16 0.11926921 
422 89 20 27 0.118327186 
393 105 16 21 0.117923886 
879 115 48 58 0.11761045 
635 94 11 14 0.11583374 
531 92 13 19 0.112151526 
380 141 15 19 0.1110765 
118 150 15 22 0.11092305 
300 137 23 32 0.11042803 
292 77 9 12 0.10998683 
868 6 87 98 0.108616725 
226 107 17 21 0.107038125 
578 163 17 20 0.104440495 
339 148 19 27 0.10373038 
712 98 47 47 0.10033973 
638 103 13 17 0.09740863 
270 77 11 15 0.096474566 
181 77 8 11 0.095881954 
145 76 10 13 0.09531722 
619 125 20 31 0.09423104 
612 102 13 18 0.09301466 
210 70 11 14 0.09236419 
832 105 51 66 0.08683617 
365 114 15 17 0.0846044 
100 133 19 27 0.084080614 
787 84 26 32 0.08343503 
31 106 22 30 0.08237905 
3 67 11 14 0.08153675 
130 96 15 19 0.08133796 
223 132 24 32 0.08108446 
193 80 10 12 0.08045603 
278 170 16 21 0.07954278 
300 99 20 26 0.07857808 
931 106 31 36 0.078311525 
358 124 16 20 0.07677154 
258 84 14 17 0.076753244 
143 163 14 18 0.075050026 
68 75 12 16 0.07399454 
36 157 17 24 0.07308822 
199 70 9 11 0.07113773 
375 54 13 16 0.06845075 
422 86 14 18 0.0680167 
67 84 14 18 0.06757853 
84 55 12 14 0.06693856 
518 98 21 29 0.064912245 
528 109 21 28 0.0639281 
324 152 15 21 0.06389256 
455 93 12 16 0.06280913 
141 92 12 16 0.06213902 
605 123 16 22 0.06182927 
332 189 14 23 0.061625153 
158 137 15 19 0.060944907 
949 194 47 60 0.060685817 
104 109 21 26 0.06039991 
107 92 12 15 0.060252767 
191 60 9 11 0.059908673 
621 116 11 16 0.05967549 
288 72 10 13 0.058466602 
106 106 14 19 0.058258656 
311 167 20 22 0.058236115 
372 106 14 17 0.05816155 
466 118 25 28 0.057799272 
374 91 14 18 0.057769056 
163 146 15 20 0.057437003 
663 92 9 11 0.057399888 
580 106 10 15 0.056913458 
221 144 17 23 0.056791227 
278 132 14 18 0.056258496 
245 99 19 25 0.056240495 
590 88 10 12 0.053686447 
143 72 10 12 0.053000893 
309 113 12 16 0.05299498 
575 100 11 13 0.05277113 
355 99 14 18 0.05267306 
612 112 14 20 0.052190416 
324 187 17 25 0.05216712 
378 84 14 17 0.051925417 
30 147 14 17 0.05186707 
620 121 14 22 0.050796263 
198 64 8 10 0.050424505 
620 88 9 11 0.050370965 
654 92 11 14 0.04987553 
547 107 12 16 0.049538955 
11 102 20 27 0.04949737 
96 79 13 17 0.048638675 
759 62 81 104 0.04789815 
266 99 14 18 0.04687669 
801 103 30 39 0.04676603 
104 69 11 13 0.046083663 
854 10 64 61 0.046077076 
414 88 16 19 0.045976896 
373 142 19 26 0.0459182 
171 161 15 20 0.045648336 
116 112 15 22 0.045599367 
331 159 16 22 0.045357443 
177 199 18 21 0.04527769 
493 79 39 49 0.044881802 
506 78 15 21 0.044522837 
599 105 13 17 0.044495087 
86 108 12 15 0.04437822 
537 113 15 20 0.044207428 
36 60 14 17 0.043968733 
533 124 22 29 0.04391875 
954 1 62 74 0.043905288 
135 70 9 11 0.043852087 
473 104 22 27 0.043691203 
315 91 15 19 0.043417633 
150 73 10 12 0.04338387 
0 81 18 28 0.04324269 
366 153 16 22 0.04322882 
230 56 11 13 0.042647067 
491 55 16 19 0.04252582 
164 62 10 12 0.04158888 
651 100 13 17 0.04143182 
317 69 10 13 0.041152135 
155 92 13 17 0.04055322 
2 77 14 19 0.04039133 
314 107 13 17 0.040368684 
316 151 15 19 0.039679717 
643 98 19 26 0.039642237 
135 53 11 14 0.039465792 
648 92 10 15 0.0394601 
648 86 9 12 0.039436035 
662 106 11 15 0.039181396 
29 104 16 21 0.038987037 
262 54 11 13 0.038800716 
110 150 16 23 0.038542543 
581 100 10 14 0.038340982 
400 161 27 39 0.038296428 
556 129 23 32 0.038020346 
354 77 21 27 0.0372129 
585 89 9 13 0.03707625 
537 40 16 20 0.037064813 
402 104 24 30 0.037018873 
211 204 12 16 0.03698984 
180 101 17 20 0.03695498 
33 127 16 19 0.036811966 
234 108 16 21 0.036607556 
854 127 31 44 0.036601476 
42 104 16 21 0.03643714 
106 142 17 23 0.036209837 
220 76 11 15 0.03592416 
388 172 17 23 0.03592359 
340 187 17 23 0.035871882 
317 116 10 13 0.035773516 
161 75 10 14 0.035401136 
108 54 10 11 0.03510032 
125 53 9 12 0.034637745 
319 158 21 27 0.03364563 
61 132 15 19 0.033471186 
184 84 11 16 0.032715272 
550 101 10 14 0.032506194 
277 62 10 12 0.032477796 
529 45 11 14 0.032415483 
223 62 11 13 0.032312185 
543 100 10 13 0.032254852 
926 118 35 44 0.032187022 
559 140 23 33 0.032157283 
313 64 9 12 0.032109477 
92 134 16 22 0.031960804 
533 139 25 35 0.0319055 
770 105 31 40 0.03179265 
348 72 17 20 0.031674746 
608 128 17 26 0.031617645 
668 106 11 14 0.03152531 
262 158 15 22 0.03150245 
76 116 12 14 0.031234251 
16 60 13 17 0.031187411 
472 90 12 17 0.031080067 
632 90 19 24 0.031053212 
493 47 14 17 0.030875947 
175 73 10 11 0.030803269 
519 116 24 32 0.030792082 
159 56 10 11 0.030671546 
590 135 18 24 0.030599117 
618 13 196 237 0.030526321 
542 128 24 33 0.030504746 
60 177 15 20 0.030256826 
619 109 12 15 0.03013831 
86 130 14 18 0.030096576 
590 100 11 14 0.03001409 
165 202 17 21 0.029987408 
178 163 14 19 0.029723426 
273 71 11 14 0.029684741 
971 156 26 29 0.029587533 
442 99 14 18 0.029474678 
238 125 22 27 0.02939082 
774 108 15 20 0.029333226 
371 122 13 16 0.029227886 
435 94 15 20 0.028883623 
167 55 9 12 0.028855542 
42 118 17 21 0.028836887 
84 99 12 16 0.028692385 
380 113 13 17 0.028513476 
618 98 13 18 0.02843376 
216 65 9 11 0.02843295 
194 119 13 20 0.028406603 
337 81 15 19 0.028169483 
248 69 11 14 0.02812778 
207 65 9 11 0.028082434 
425 106 21 28 0.027989853 
334 145 16 24 0.027955988 
345 91 23 27 0.027777677 
8 161 20 30 0.027743338 
169 148 16 22 0.027131157 
358 115 12 16 0.027003448 
104 242 17 19 0.026589874 
37 55 22 26 0.02656835 
753 103 38 39 0.026484333 
378 133 16 19 0.026465038 
382 148 23 34 0.02635317 
188 195 15 20 0.026341556 
104 62 11 13 0.026311012 
413 97 24 29 0.026258219 
317 74 11 14 0.026251521 
234 144 17 24 0.026199136 
680 104 100 110 0.02616035 
548 121 15 22 0.026051978 
69 115 14 17 0.02595178 
195 89 12 16 0.025950106 
293 85 12 16 0.025457948 
249 62 10 13 0.025412815 
456 62 11 13 0.025222162 
507 64 16 19 0.025160449 
75 73 13 17 0.02513753 
98 86 20 24 0.025094388 
219 70 11 13 0.024997845 
862 123 47 58 0.024966551 
810 110 18 24 0.024953568 
243 135 19 25 0.024724558 
125 119 15 22 0.024596082 
654 86 10 14 0.024548879 
143 86 11 14 0.024426738 
172 89 13 16 0.024347685 
958 154 12 17 0.024262836 
107 76 12 14 0.024090063 
277 106 12 17 0.024069296 
270 54 8 10 0.023660822 
884 60 85 114 0.02357667 
120 49 9 10 0.023571534 
939 107 19 22 0.023290172 
337 90 15 19 0.023098769 
290 175 16 21 0.022981333 
481 147 26 35 0.022953425 
287 81 13 16 0.022947673 
340 138 15 22 0.02282983 
623 79 9 11 0.022762053 
489 -67 397 435 0.022722444 
256 55 11 14 0.022695383 
164 88 15 18 0.022605479 
540 154 17 25 0.022580616 
591 106 11 15 0.022545094 
302 86 12 14 0.02252713 
271 78 20 27 0.022404617 
358 129 21 27 0.022371246 
183 54 11 13 0.022246147 
173 53 11 13 0.022243023 
326 124 12 15 0.022116343 
189 187 15 20 0.022088526 
134 76 12 13 0.022010047 
854 88 83 99 0.021992857 
43 65 14 17 0.021934183 
210 10 103 119 0.021910151 
94 101 14 16 0.021613134 
33 138 15 19 0.021503713 
85 110 22 26 0.02146755 
17 117 20 28 0.02140535 
637 123 13 17 0.021396484 
622 67 10 12 0.021388466 
613 87 20 24 0.021367269 
408 85 11 14 0.021303888 
31 86 12 15 0.021301769 
333 121 12 16 0.021167897 
655 101 20 25 0.020985777 
263 79 12 15 0.020972341 
961 145 28 34 0.020969614 
98 65 22 27 0.0209694 
307 173 16 23 0.020957293 
94 62 9 11 0.020939274 
539 92 11 17 0.020909037 
130 126 15 21 0.020902604 
531 38 25 32 0.020827549 
602 53 343 458 0.020817518 
670 88 9 11 0.020807613 
571 152 21 29 0.020794138 
119 101 13 18 0.02076607 
279 56 8 10 0.020746198 
163 102 23 29 0.020656366 
368 126 19 26 0.020639746 
605 80 9 12 0.020625578 
378 106 21 28 0.020608937 
352 149 21 28 0.020578284 
52 137 14 19 0.020513896 
75 84 13 17 0.020513171 
678 94 10 13 0.020463878 
390 112 15 20 0.020401731 
53 -46 229 217 0.020398356 
-1 63 18 27 0.02039012 
183 91 12 16 0.020388206 
476 97 17 21 0.02032617 
49 106 14 19 0.020127915 
583 87 18 24 0.020037673 
142 100 19 26 0.020001497 
