0_Parade_marchingband_1_517
66
202 162 50 62 0.998632 
911 267 38 46 0.9953766 
455 217 44 54 0.99072343 
51 130 50 59 0.9845048 
702 217 42 46 0.97212785 
398 237 22 28 0.9039673 
986 295 29 33 0.6655083 
341 257 15 22 0.43920392 
204 325 25 27 0.40368688 
579 291 12 16 0.388118 
376 249 22 30 0.26328787 
862 291 23 30 0.17583862 
374 263 15 20 0.14307442 
833 294 31 38 0.11958795 
389 241 23 30 0.11296086 
555 302 14 19 0.07857883 
929 480 82 113 0.07699154 
589 276 13 15 0.073343374 
381 247 13 18 0.07158736 
836 274 30 37 0.069802724 
309 455 43 40 0.06284417 
369 266 12 17 0.061868377 
42 310 369 463 0.05421461 
562 286 21 29 0.052616343 
377 263 23 27 0.051923614 
576 283 20 25 0.049848907 
277 266 25 32 0.046745263 
997 279 26 48 0.04553042 
414 245 23 29 0.04480416 
564 284 10 14 0.04401528 
350 325 28 29 0.04223094 
970 277 33 39 0.040113147 
805 308 14 17 0.039193265 
35 105 35 38 0.039030567 
962 428 17 21 0.03727723 
204 438 57 70 0.036594447 
552 290 22 33 0.03477702 
1006 345 15 22 0.032144323 
396 247 28 35 0.03209999 
583 278 20 27 0.03182609 
916 436 10 14 0.031449907 
865 276 28 36 0.03006728 
362 222 8 11 0.029244578 
544 299 25 32 0.029241093 
557 291 14 19 0.028879464 
703 503 10 13 0.028452914 
66 370 12 16 0.028225584 
368 459 19 25 0.027454257 
428 254 17 20 0.026985476 
165 436 9 12 0.026664497 
828 306 17 21 0.026519615 
948 282 27 34 0.026401866 
339 268 17 22 0.026270436 
842 272 20 23 0.025575371 
791 141 11 13 0.023666862 
554 252 20 27 0.02334555 
718 466 67 75 0.02328778 
15 373 10 11 0.022366533 
386 252 28 34 0.02233794 
848 309 19 24 0.022076 
328 252 24 31 0.021955963 
402 231 17 21 0.021916598 
280 249 42 48 0.02115823 
594 282 14 17 0.02069288 
31 102 23 30 0.020201033 
932 284 30 35 0.020158328 
