0_Parade_Parade_0_288
254
507 210 14 17 0.9236094 
500 171 11 14 0.8438069 
462 198 13 16 0.6669298 
522 229 11 13 0.44173148 
424 218 11 13 0.38916513 
478 339 15 18 0.37091836 
592 340 14 17 0.36725518 
703 407 11 13 0.34840363 
298 390 12 15 0.343053 
709 338 12 15 0.32658094 
452 343 14 17 0.3250212 
406 184 16 20 0.28502303 
747 328 17 20 0.28398636 
380 360 14 17 0.27334207 
184 499 14 19 0.2459849 
352 250 11 13 0.24004045 
475 218 12 16 0.23770525 
481 273 15 19 0.22469117 
411 205 14 16 0.2240281 
503 277 14 19 0.22401498 
535 326 10 14 0.22171503 
388 255 15 20 0.22025615 
388 338 13 17 0.19189125 
427 214 13 14 0.18646708 
575 330 10 12 0.17616391 
656 359 10 11 0.17007333 
513 212 13 16 0.16796479 
334 338 16 21 0.16720763 
579 332 10 12 0.14183483 
697 348 10 12 0.13796972 
792 406 11 14 0.13446222 
509 342 9 12 0.12971815 
470 215 13 16 0.12441073 
374 214 9 13 0.12197633 
429 348 14 18 0.11614336 
463 217 11 14 0.11297099 
523 222 12 14 0.11183315 
488 221 11 15 0.11009231 
526 342 11 13 0.10892691 
523 293 13 16 0.10708398 
421 199 11 13 0.10501892 
367 284 15 18 0.10054669 
445 367 15 18 0.09870118 
503 189 12 17 0.09832372 
408 222 12 13 0.09756751 
413 195 13 16 0.09326394 
286 412 9 12 0.08924551 
413 220 11 14 0.087211005 
349 379 13 15 0.08524568 
655 364 11 13 0.08333555 
873 419 13 16 0.08265587 
506 360 17 20 0.08260226 
425 321 9 11 0.08132941 
593 367 12 14 0.07933262 
352 197 9 12 0.07910016 
629 363 10 12 0.07627685 
704 342 12 14 0.07601702 
695 363 15 19 0.073502526 
417 366 11 15 0.07338487 
357 367 11 13 0.07276787 
472 338 13 16 0.0706742 
784 385 13 17 0.069446065 
712 396 10 13 0.068870254 
655 347 10 12 0.06715094 
506 173 10 13 0.06254369 
317 340 10 12 0.06080403 
343 378 11 14 0.060662962 
671 345 9 11 0.060527436 
428 207 12 14 0.058850117 
319 334 10 13 0.057212617 
532 338 12 14 0.056804962 
324 301 12 16 0.055553805 
352 191 9 13 0.054534 
701 359 10 12 0.054377466 
536 395 13 16 0.053324394 
350 332 12 16 0.052751772 
435 212 10 13 0.051508818 
201 490 11 14 0.05099958 
663 347 9 12 0.050959487 
689 391 10 12 0.050930195 
347 386 14 17 0.050907817 
536 388 12 15 0.05061226 
401 378 15 20 0.050299857 
366 323 12 15 0.049175564 
529 333 12 14 0.04867688 
427 323 12 14 0.048667077 
324 324 11 14 0.04821132 
411 227 11 13 0.048023198 
423 389 17 19 0.047347046 
482 368 21 26 0.046860885 
735 365 9 12 0.046744462 
523 213 12 16 0.04626374 
504 347 11 12 0.046038363 
780 405 11 14 0.045613527 
407 325 9 10 0.04528619 
345 198 10 13 0.04496771 
558 293 12 17 0.044600178 
357 331 11 13 0.044444337 
755 369 39 49 0.04421534 
458 339 13 17 0.04417532 
456 200 13 17 0.042960424 
729 381 10 14 0.042265933 
563 298 11 15 0.041915387 
116 356 13 14 0.041635115 
389 276 13 16 0.04120331 
776 413 11 13 0.04112437 
507 244 11 14 0.04091257 
520 341 10 13 0.04071131 
679 361 12 16 0.04065048 
350 372 14 17 0.039448954 
636 323 11 13 0.039352268 
648 341 11 15 0.03897001 
485 362 16 20 0.038433615 
506 192 16 19 0.038357586 
495 175 13 17 0.037916474 
743 315 12 15 0.037908137 
467 192 12 15 0.037098866 
677 350 10 11 0.036646634 
415 274 13 17 0.036001094 
517 335 10 12 0.035839267 
743 314 23 31 0.03580522 
222 339 11 12 0.03571823 
687 424 11 14 0.035663165 
648 359 9 10 0.035547443 
579 260 11 14 0.035289705 
462 334 14 16 0.035167895 
388 265 15 19 0.035137556 
153 349 10 13 0.034966532 
653 369 12 15 0.03491309 
544 363 13 17 0.034802884 
222 356 13 14 0.034744248 
764 381 24 30 0.03461769 
350 201 10 13 0.034559533 
542 372 11 13 0.03439791 
156 340 14 16 0.034390785 
293 399 13 17 0.033640932 
364 341 15 19 0.033497732 
326 226 11 17 0.033061583 
580 366 10 13 0.033033133 
688 396 11 14 0.03288119 
535 347 12 16 0.032720488 
324 332 12 15 0.03225613 
140 216 422 441 0.032170113 
683 358 10 14 0.03212772 
519 346 12 15 0.0319239 
647 366 12 13 0.03170901 
489 248 16 19 0.031312704 
407 372 21 26 0.031129038 
697 327 9 11 0.031128077 
175 319 10 12 0.031126492 
383 251 16 19 0.03098114 
438 335 11 13 0.030796617 
517 217 19 24 0.030761704 
878 340 11 12 0.030459102 
708 344 13 16 0.03021206 
541 349 10 15 0.030040951 
761 387 17 20 0.029969174 
262 429 11 14 0.029730216 
417 418 15 19 0.029320827 
511 336 11 13 0.029044483 
491 226 12 14 0.028743366 
703 333 11 14 0.028555302 
487 272 19 25 0.028072663 
279 414 13 14 0.027992744 
524 287 13 15 0.027801136 
502 231 10 13 0.027685458 
423 226 12 15 0.027425133 
335 379 12 15 0.027416926 
332 221 12 17 0.027350802 
546 304 18 21 0.02704681 
395 338 11 15 0.026718972 
225 408 9 10 0.026356125 
509 180 10 14 0.026263263 
251 322 15 19 0.026197203 
337 380 22 28 0.026144328 
575 345 11 16 0.0260045 
256 350 11 13 0.025869546 
215 352 11 13 0.02571847 
371 316 15 19 0.025291631 
709 365 10 13 0.025096718 
672 363 11 14 0.025095925 
577 284 12 16 0.024657795 
581 255 8 11 0.024477912 
540 314 15 19 0.02435583 
182 353 11 12 0.02430773 
327 340 13 17 0.024215799 
568 465 10 13 0.024128774 
535 373 11 11 0.024112929 
361 312 20 25 0.023942083 
576 266 13 16 0.023895286 
426 198 12 14 0.023841497 
429 372 11 14 0.023812288 
351 184 9 12 0.023776334 
711 358 10 13 0.023682306 
508 238 10 13 0.023655495 
574 310 12 16 0.023611307 
483 335 15 18 0.023608014 
781 395 11 15 0.023559773 
276 420 15 16 0.023489734 
811 309 14 18 0.023307633 
175 352 9 11 0.023301452 
542 356 12 17 0.023272092 
415 327 9 10 0.02321418 
781 435 18 19 0.023209622 
649 348 10 12 0.023208283 
383 247 11 14 0.023198172 
714 334 11 14 0.023187557 
503 322 10 14 0.02314716 
714 389 13 16 0.02305279 
341 235 14 17 0.023021761 
688 349 9 12 0.022942105 
249 439 10 12 0.02292567 
332 246 16 19 0.02287681 
518 288 21 25 0.022836216 
575 227 12 14 0.022672968 
561 204 9 12 0.022626057 
691 422 14 18 0.022526354 
582 372 9 12 0.02248836 
920 364 11 15 0.022432968 
312 339 11 15 0.022428174 
348 338 12 17 0.022329 
775 378 12 15 0.022308506 
517 276 12 15 0.022304693 
582 337 20 24 0.02216757 
748 365 29 35 0.021761205 
532 228 13 16 0.021577489 
239 479 9 12 0.021481344 
504 279 24 28 0.021444174 
798 210 117 123 0.021427369 
328 251 12 16 0.021398734 
684 362 12 17 0.02139848 
350 356 12 15 0.021323958 
488 171 11 14 0.021109577 
515 195 15 19 0.02106555 
495 187 13 18 0.021059295 
525 354 12 16 0.020965729 
774 396 12 16 0.02091303 
487 238 14 17 0.020830432 
326 382 11 14 0.020623248 
324 327 20 24 0.020566788 
371 279 12 15 0.02049674 
374 362 22 27 0.020482484 
408 382 22 28 0.02047728 
200 359 11 12 0.020466413 
214 340 12 13 0.020449221 
775 387 22 28 0.020403259 
867 422 16 20 0.020395897 
335 239 21 25 0.02037104 
789 397 12 15 0.020370217 
660 370 11 14 0.020328127 
538 366 21 26 0.020244004 
962 333 11 14 0.020177167 
177 499 13 17 0.020081779 
316 294 17 19 0.02001912 
