0_Parade_Parade_0_502
128
467 404 28 37 0.9959145 
-1 332 36 43 0.9903375 
857 364 23 32 0.9888276 
281 383 25 30 0.9663471 
711 363 30 40 0.9438796 
530 363 19 25 0.9280516 
402 365 18 22 0.8474072 
90 494 26 30 0.843758 
936 384 22 34 0.8343155 
568 369 17 21 0.8005166 
348 393 11 15 0.39417806 
428 393 27 33 0.37312496 
175 397 27 34 0.3370609 
942 393 25 35 0.28972346 
631 337 12 15 0.28686303 
1001 385 20 29 0.22135231 
326 406 13 16 0.16872549 
152 337 48 57 0.13754937 
181 363 33 31 0.1163907 
241 342 18 23 0.1044234 
844 369 19 25 0.09971216 
154 359 28 37 0.09192155 
156 366 46 56 0.087097034 
392 399 23 30 0.0855487 
166 380 49 59 0.08193659 
243 407 55 60 0.07640301 
811 461 25 31 0.0752312 
360 381 11 14 0.0715696 
404 479 15 22 0.0703003 
780 202 54 57 0.06837713 
1010 392 12 20 0.06542608 
838 370 15 21 0.062625356 
274 371 45 52 0.059840865 
163 328 31 46 0.05621681 
95 521 23 29 0.056202717 
862 357 14 18 0.05485456 
997 576 13 18 0.054043554 
194 338 47 56 0.05359304 
577 369 14 19 0.053199552 
572 421 10 12 0.052190788 
957 348 11 16 0.05074688 
100 485 27 33 0.05057604 
94 505 30 33 0.050535303 
931 392 18 27 0.050514124 
827 357 13 16 0.048144553 
175 402 16 21 0.047398943 
829 370 15 19 0.046630807 
621 378 14 18 0.04548454 
722 371 33 36 0.045436 
622 371 15 17 0.043968882 
256 378 49 57 0.04380995 
326 433 15 18 0.042944383 
161 391 32 39 0.041040186 
94 529 14 18 0.040985838 
90 574 12 14 0.040901348 
386 440 14 17 0.040428508 
297 384 15 21 0.038876355 
990 386 17 23 0.038438693 
852 371 18 25 0.038223825 
877 338 14 15 0.037617996 
830 352 10 12 0.037020266 
440 388 17 21 0.036961067 
46 300 42 57 0.03633769 
950 348 13 17 0.03602233 
209 322 43 58 0.03600478 
116 545 16 19 0.03599461 
436 408 25 33 0.03592551 
166 316 53 64 0.03532638 
43 310 27 38 0.03425255 
104 528 26 29 0.03418477 
784 532 10 13 0.033541616 
950 401 26 31 0.033521466 
184 404 17 20 0.033337515 
143 354 28 35 0.033091392 
938 370 16 22 0.032981962 
447 403 25 34 0.032286376 
44 311 18 22 0.032159667 
829 610 20 28 0.03126152 
678 298 29 34 0.031142248 
54 677 8 11 0.030689789 
392 249 10 13 0.030595738 
195 300 13 15 0.03044842 
394 395 17 21 0.029770495 
5 308 44 58 0.029264385 
407 361 25 30 0.029143706 
45 559 10 11 0.02902854 
795 443 13 15 0.028927648 
73 73 31 39 0.028621977 
188 371 18 19 0.028295746 
237 368 48 64 0.028283965 
268 378 27 36 0.028119635 
924 396 17 24 0.028051592 
773 370 14 20 0.027407829 
568 425 12 14 0.027293252 
292 374 13 17 0.027051741 
988 377 14 19 0.026601844 
424 395 16 22 0.02609863 
247 378 26 34 0.025550507 
330 428 16 18 0.02548191 
561 370 15 19 0.025398245 
189 448 33 41 0.025083154 
1014 573 10 18 0.024957689 
233 559 64 61 0.024347119 
866 349 16 19 0.024273241 
612 371 14 16 0.024175053 
934 378 16 24 0.024101688 
796 421 14 19 0.023898117 
396 464 28 35 0.023581203 
151 366 80 94 0.023490712 
49 630 9 12 0.02324407 
230 336 24 35 0.023234133 
868 338 16 17 0.023129491 
501 398 16 22 0.023060786 
306 380 15 20 0.022951359 
828 384 17 19 0.02246011 
981 376 15 22 0.022434996 
823 355 21 26 0.022200964 
85 496 20 23 0.022090256 
36 654 8 11 0.021932345 
86 646 8 11 0.021555705 
252 380 14 20 0.021234388 
136 369 30 36 0.021101944 
846 154 11 13 0.020658517 
997 586 12 16 0.020497035 
338 432 16 17 0.020480653 
248 338 16 24 0.020200597 
943 354 14 19 0.02008045 
139 352 18 24 0.020066246 
