0_Parade_Parade_0_901
25
281 676 177 213 0.9977076 
0 396 223 356 0.99608326 
682 317 334 412 0.99483514 
537 346 338 424 0.35496187 
126 461 218 308 0.21824203 
615 241 16 19 0.21405482 
159 463 362 473 0.1470639 
515 275 12 14 0.10349873 
299 483 396 485 0.086061284 
683 245 12 16 0.08205023 
131 245 15 19 0.066612065 
195 531 203 300 0.050263464 
263 244 13 19 0.04640793 
735 246 13 17 0.037290946 
627 243 15 21 0.03619803 
715 272 14 17 0.032265775 
520 245 11 15 0.029536154 
726 245 13 16 0.028823277 
525 244 11 14 0.026358616 
731 244 23 28 0.025734765 
534 242 13 16 0.022863394 
268 247 15 18 0.022264017 
512 265 21 26 0.022201207 
215 273 24 31 0.022072688 
183 230 11 12 0.021445785 
