0_Parade_marchingband_1_765
1077
316 305 16 19 0.9964045 
606 243 13 17 0.9962374 
452 341 17 22 0.9951173 
501 314 16 20 0.9929806 
492 367 18 22 0.99146616 
458 291 13 17 0.99002284 
307 371 19 23 0.9899949 
194 373 17 20 0.98888564 
845 372 17 22 0.9858644 
405 310 15 19 0.98520154 
248 370 18 22 0.9849311 
893 268 13 18 0.9837894 
340 266 13 17 0.983442 
611 382 17 21 0.98277676 
397 245 12 15 0.9827235 
806 324 15 18 0.9814355 
368 369 18 22 0.9802776 
650 316 15 19 0.9797188 
538 348 16 20 0.9778234 
553 376 18 23 0.97724515 
905 382 18 23 0.9768593 
420 270 14 16 0.9753661 
113 299 17 21 0.9737394 
833 298 14 17 0.97301865 
664 210 12 16 0.9727853 
350 343 16 20 0.9727524 
428 373 17 22 0.97261715 
858 355 13 17 0.97062373 
615 295 13 18 0.9667113 
253 269 12 16 0.96640855 
286 290 13 17 0.9657814 
691 352 15 19 0.9637946 
500 264 13 17 0.96330595 
368 291 14 18 0.96147686 
226 319 14 18 0.9609382 
503 233 13 16 0.9608323 
648 267 13 17 0.9602893 
726 381 17 22 0.9594116 
802 253 11 15 0.95917666 
704 230 12 16 0.9576643 
621 348 15 18 0.9555083 
727 313 14 17 0.9530044 
639 234 13 16 0.9512252 
311 248 13 17 0.9508768 
583 314 14 17 0.94418424 
88 323 19 24 0.9390151 
662 377 19 21 0.93779993 
767 353 13 17 0.9366395 
769 293 15 18 0.933716 
152 381 17 19 0.93197656 
569 235 12 15 0.91871977 
783 382 17 20 0.91389096 
688 296 13 17 0.9127069 
542 297 13 16 0.9062753 
487 190 11 13 0.9032275 
285 234 10 13 0.9027482 
541 209 12 15 0.8979438 
441 233 13 17 0.89692044 
413 214 12 14 0.8960943 
536 253 13 17 0.8899428 
655 189 10 13 0.8899034 
714 272 13 17 0.88527375 
567 201 10 14 0.8839262 
244 185 12 16 0.88351274 
630 200 11 14 0.879699 
510 169 12 15 0.87227404 
464 249 13 16 0.8719946 
351 184 12 14 0.8688939 
759 190 8 11 0.8683778 
913 289 14 19 0.86743283 
786 274 13 16 0.8660852 
763 231 11 14 0.8626958 
549 165 9 12 0.86165076 
598 165 9 11 0.85566837 
256 344 16 19 0.8531677 
397 172 12 14 0.85033214 
203 222 12 15 0.8462077 
505 204 10 14 0.8442629 
457 173 11 14 0.83991104 
576 269 12 16 0.82993174 
780 222 10 13 0.8245735 
448 202 11 14 0.8213683 
384 204 10 14 0.818864 
140 276 13 17 0.8164941 
362 229 12 16 0.8158532 
476 215 11 13 0.8131588 
521 117 19 21 0.8100899 
746 204 9 11 0.8076231 
746 252 11 15 0.79850745 
420 191 9 12 0.7956217 
848 225 11 15 0.7774441 
674 246 12 16 0.7670812 
845 259 14 16 0.76314324 
331 217 11 15 0.7614714 
705 167 9 11 0.75775844 
311 204 9 12 0.7489285 
232 199 13 17 0.7478027 
259 174 11 14 0.73927426 
488 161 11 14 0.73536205 
329 173 9 12 0.732379 
628 177 11 15 0.72535545 
601 188 11 14 0.6999462 
433 161 11 14 0.6779044 
568 172 11 14 0.66876775 
717 154 9 12 0.6612336 
345 151 9 12 0.65863144 
283 149 10 14 0.64886135 
824 181 10 14 0.6231284 
691 199 11 14 0.60518795 
173 258 13 16 0.6025949 
834 205 11 13 0.58595777 
578 132 17 19 0.5859221 
873 248 11 15 0.56512123 
541 186 12 15 0.5642876 
271 160 11 15 0.5574214 
628 150 13 15 0.53834105 
658 166 8 10 0.5360995 
681 128 16 18 0.5264286 
606 209 11 15 0.52202195 
464 146 9 12 0.5153619 
589 294 11 15 0.5074299 
725 215 10 13 0.49975255 
624 129 18 20 0.49652976 
309 129 11 14 0.47070977 
733 182 9 12 0.4650689 
528 293 13 16 0.44111124 
681 182 9 12 0.43021902 
679 154 10 13 0.3821369 
237 275 11 14 0.34346408 
187 244 11 14 0.34188718 
738 160 10 12 0.34012017 
688 233 11 14 0.3392005 
482 338 14 18 0.33510736 
596 129 11 15 0.3315929 
438 189 10 13 0.30700812 
712 192 10 12 0.3002457 
367 162 10 13 0.29613778 
349 297 13 16 0.29020786 
135 308 15 19 0.27945575 
492 217 13 16 0.27939296 
409 151 8 11 0.27712634 
463 114 13 15 0.2724695 
639 167 9 11 0.27233258 
464 200 11 14 0.26494643 
478 285 13 18 0.26366842 
727 252 11 14 0.263045 
782 318 12 15 0.260512 
472 179 9 12 0.25794494 
721 217 11 15 0.25532594 
763 270 14 17 0.25207993 
717 192 9 11 0.24524635 
739 341 13 18 0.24154514 
749 314 15 17 0.23482227 
360 167 10 12 0.22745438 
437 309 14 18 0.22394064 
804 158 10 13 0.22128849 
818 353 13 19 0.22092931 
613 214 11 13 0.21978968 
433 197 11 13 0.21579613 
811 359 13 19 0.21519688 
677 197 10 14 0.21349539 
428 135 11 13 0.21315096 
523 146 13 16 0.2127519 
790 150 9 11 0.2073769 
931 348 11 15 0.20701413 
804 361 16 21 0.20416853 
772 126 11 13 0.20259844 
834 210 12 15 0.20003113 
372 159 10 13 0.19824624 
300 143 9 12 0.19566734 
623 324 13 17 0.18959056 
487 250 13 15 0.18916382 
388 290 14 18 0.18842188 
616 192 11 12 0.18461281 
469 199 11 14 0.18203074 
781 141 9 10 0.1804582 
469 148 12 15 0.17852406 
572 149 12 15 0.1785012 
121 379 12 17 0.17836109 
452 199 11 15 0.17728022 
588 129 14 18 0.167596 
526 226 11 14 0.16351753 
150 334 12 14 0.16272755 
863 229 10 13 0.15763195 
415 250 12 14 0.15691991 
581 167 11 13 0.15431146 
749 236 11 13 0.15395924 
587 227 12 15 0.15244436 
525 204 11 15 0.14994104 
573 297 13 18 0.14973661 
367 190 9 13 0.14883874 
864 293 11 14 0.14523685 
281 231 10 14 0.14453222 
597 291 13 17 0.14413965 
461 176 11 14 0.14328268 
320 231 12 13 0.14244027 
164 348 14 17 0.14143896 
204 272 12 14 0.14047731 
778 209 8 9 0.13959788 
255 221 10 13 0.13709615 
693 137 13 15 0.13636827 
545 211 13 16 0.13626635 
831 235 10 12 0.13572185 
398 204 10 14 0.1338427 
168 326 11 15 0.13377038 
584 202 12 15 0.13214572 
683 134 18 19 0.13188227 
733 269 12 15 0.13173565 
323 235 11 13 0.13010156 
200 255 10 12 0.12999326 
571 197 11 15 0.12919971 
477 126 12 15 0.1291248 
389 330 15 19 0.12510946 
689 173 11 13 0.12459036 
719 260 12 15 0.124571 
594 165 9 12 0.12430122 
775 133 10 12 0.12287514 
635 199 11 13 0.12128494 
933 313 17 20 0.1206711 
633 131 15 18 0.1206077 
233 271 9 13 0.11996445 
416 196 10 12 0.11988042 
455 235 10 14 0.11857393 
295 220 10 13 0.11774728 
217 301 9 12 0.11757911 
878 270 10 13 0.114081904 
257 245 9 12 0.11395279 
286 205 8 11 0.11363119 
477 175 11 15 0.112900935 
367 269 12 16 0.11106887 
283 333 12 16 0.11090726 
822 256 10 13 0.10979204 
733 288 16 18 0.10915899 
263 240 8 12 0.10876386 
462 229 12 14 0.10874098 
375 268 12 16 0.106146015 
760 145 9 11 0.10564115 
703 200 8 10 0.10558346 
389 187 11 13 0.1055495 
286 276 11 14 0.105028644 
365 181 9 11 0.10443322 
853 361 15 18 0.10359704 
423 174 10 12 0.10329309 
334 180 10 12 0.10311819 
796 306 13 15 0.10307817 
568 331 13 17 0.1028957 
717 251 13 16 0.10242518 
421 157 10 13 0.10222193 
318 151 10 12 0.102164395 
703 205 9 11 0.10181503 
173 282 12 14 0.10155859 
303 189 9 13 0.100805186 
740 182 10 13 0.1002183 
481 190 10 13 0.0996767 
829 253 11 14 0.09918078 
222 267 10 13 0.099007525 
446 268 12 16 0.09839622 
837 348 15 21 0.0980912 
415 157 11 11 0.09609873 
677 188 11 14 0.095254816 
174 316 12 15 0.094804816 
807 182 9 12 0.09448186 
769 158 10 12 0.094371036 
530 128 17 19 0.09415676 
536 206 13 15 0.09343003 
817 258 11 14 0.092966415 
781 215 9 12 0.092930794 
414 124 13 15 0.09261889 
366 137 11 15 0.092609785 
304 164 8 11 0.09260064 
270 275 11 14 0.092159644 
301 452 13 17 0.091985255 
645 213 11 14 0.091350116 
534 158 10 12 0.09088064 
472 158 10 11 0.09022622 
422 316 13 16 0.08951999 
302 159 9 12 0.088997796 
262 165 12 15 0.088733524 
610 206 13 15 0.08859403 
443 187 12 14 0.08797386 
537 181 11 14 0.087671146 
487 214 11 13 0.08695937 
637 173 11 14 0.08687079 
704 191 9 11 0.08657152 
468 289 13 19 0.08642906 
412 152 11 13 0.08639026 
407 202 11 13 0.086342864 
347 110 13 15 0.08576936 
655 349 13 16 0.085066855 
279 188 9 11 0.0846834 
356 132 14 17 0.08467987 
718 173 10 13 0.08421138 
695 283 13 14 0.083203435 
383 187 11 13 0.08308201 
302 290 13 16 0.082868345 
477 207 11 13 0.082812205 
455 168 10 13 0.0826964 
588 232 12 18 0.0825592 
380 260 15 19 0.08213948 
205 260 10 12 0.08180311 
476 149 13 15 0.08118403 
196 294 10 13 0.081108354 
863 325 11 16 0.080220535 
732 216 10 11 0.079861306 
726 208 9 11 0.07942647 
438 270 11 15 0.07935896 
839 251 14 19 0.07775723 
455 141 10 13 0.07702429 
431 292 12 15 0.07702118 
364 222 12 15 0.07666588 
533 296 13 16 0.07528667 
725 230 9 12 0.07516012 
831 247 10 13 0.075143024 
745 235 10 14 0.07493752 
392 182 10 13 0.07485051 
398 158 9 12 0.074781954 
751 290 12 15 0.074759945 
720 209 8 10 0.0745712 
294 215 9 12 0.074472085 
382 253 13 15 0.07395711 
523 236 12 17 0.07386184 
261 198 9 13 0.07330056 
272 221 9 13 0.07320402 
429 179 11 14 0.07315887 
294 174 8 11 0.072994046 
694 277 12 14 0.07285048 
804 300 13 16 0.07239563 
696 180 11 14 0.07209204 
305 199 9 11 0.07163666 
838 247 11 14 0.07135623 
735 199 8 11 0.07082966 
735 187 8 11 0.07056104 
430 299 12 15 0.06925439 
279 274 12 14 0.06906279 
334 167 9 11 0.068911016 
599 207 12 14 0.06890807 
735 175 10 12 0.06884039 
532 226 12 15 0.06863094 
750 299 12 15 0.06828766 
372 329 14 19 0.068185404 
642 130 13 18 0.0678449 
786 148 9 12 0.06753868 
271 245 9 13 0.067337394 
715 324 12 14 0.067319304 
621 215 9 12 0.06724363 
628 286 11 14 0.066960536 
755 285 13 17 0.06637695 
791 154 10 12 0.06611452 
811 317 14 19 0.06563124 
318 183 8 11 0.06551136 
355 126 12 15 0.06542306 
431 214 11 13 0.0651793 
342 168 9 11 0.06494753 
622 266 12 15 0.064866714 
421 182 11 12 0.06473629 
291 230 11 14 0.064281434 
535 174 11 14 0.06407776 
506 209 13 16 0.06361023 
544 159 11 13 0.06330428 
887 300 9 13 0.06293952 
582 295 13 18 0.062933035 
713 214 9 12 0.06266322 
375 190 10 13 0.062616944 
467 109 14 16 0.062322702 
713 331 15 16 0.06204758 
391 168 11 13 0.061749637 
318 188 9 12 0.061297823 
633 233 11 16 0.06129061 
706 336 16 19 0.061276395 
222 245 10 12 0.061263256 
475 104 16 18 0.06122999 
462 120 14 18 0.06096669 
636 156 13 15 0.060858756 
673 151 9 12 0.060854398 
427 453 13 16 0.060686033 
869 277 11 14 0.060675222 
443 273 13 17 0.06056546 
279 199 10 12 0.060440544 
406 283 13 16 0.06041257 
413 118 11 13 0.06041122 
413 206 12 14 0.060218565 
334 362 14 19 0.059703078 
774 330 13 17 0.05948043 
831 377 12 17 0.05908699 
766 288 14 17 0.05870616 
249 222 9 12 0.058687706 
590 200 11 14 0.05859346 
217 245 10 11 0.05821943 
345 183 10 13 0.058165517 
814 310 12 15 0.058116205 
689 168 9 12 0.058086082 
351 311 13 18 0.05718986 
787 315 13 17 0.057068344 
731 246 11 14 0.057028998 
236 341 13 18 0.05698055 
574 167 12 15 0.056937158 
420 151 11 13 0.056805417 
557 290 13 17 0.056553833 
240 230 10 12 0.056469567 
354 296 16 18 0.056400415 
646 206 9 11 0.056180123 
420 218 11 13 0.055869903 
472 163 10 13 0.05572679 
589 259 13 17 0.055640105 
815 207 9 11 0.055530407 
180 316 12 15 0.055489015 
591 361 12 17 0.055387896 
510 356 14 19 0.055276986 
150 349 12 17 0.055246927 
300 221 10 13 0.054664135 
384 167 10 12 0.05442944 
209 347 12 18 0.05430371 
276 223 9 11 0.054272816 
167 318 11 14 0.05416865 
431 191 11 13 0.054139484 
652 253 13 14 0.0539957 
408 356 13 18 0.053959798 
781 252 12 16 0.05390602 
687 269 12 16 0.053896695 
647 181 11 13 0.05388807 
795 460 12 14 0.0534436 
437 215 10 13 0.053143345 
662 263 11 14 0.053069647 
239 222 8 10 0.053005416 
732 374 14 18 0.052908458 
593 255 10 13 0.052833512 
485 124 13 15 0.05277318 
157 347 15 19 0.0527152 
246 238 8 11 0.0526744 
446 164 9 13 0.05256769 
606 291 14 18 0.05254353 
624 197 12 15 0.052516453 
831 276 11 14 0.052413788 
510 301 11 14 0.052284982 
342 213 10 13 0.052014567 
774 237 10 12 0.051937524 
760 224 11 12 0.051614415 
556 284 12 15 0.051445358 
697 348 14 20 0.051388472 
381 291 13 17 0.05126228 
162 466 16 18 0.051249992 
423 137 13 16 0.051136944 
374 249 13 15 0.05102475 
148 445 16 17 0.05100565 
462 221 11 13 0.0509224 
485 235 12 15 0.050836906 
774 269 10 15 0.0508368 
692 267 14 17 0.05082586 
678 215 10 12 0.05079732 
614 171 13 15 0.050761674 
798 222 8 10 0.05066996 
430 173 10 13 0.05057693 
255 251 10 13 0.05056007 
383 173 10 12 0.050527483 
448 138 12 15 0.050519243 
542 173 11 13 0.049989495 
493 300 12 16 0.04994045 
540 194 14 17 0.049873043 
191 269 10 14 0.049665622 
792 237 10 12 0.049164373 
700 318 11 14 0.04903469 
289 214 9 12 0.048717324 
344 298 12 18 0.04862956 
311 183 8 11 0.048522156 
364 474 15 19 0.04847571 
615 328 14 17 0.04846664 
517 315 11 15 0.048441928 
735 204 8 11 0.048228577 
372 218 11 14 0.048204046 
685 245 11 14 0.048199996 
469 121 14 18 0.048188888 
384 234 12 16 0.04801954 
532 150 12 14 0.04799174 
661 172 10 12 0.047943763 
342 205 10 13 0.047900192 
334 198 11 14 0.047595765 
582 178 10 13 0.04740809 
487 228 11 14 0.047399923 
708 223 11 14 0.04728267 
182 322 11 14 0.047261424 
597 226 12 17 0.04725901 
864 276 11 15 0.04705682 
597 357 11 16 0.047046207 
914 381 14 18 0.04703699 
515 251 13 16 0.04702648 
635 390 12 15 0.04692102 
360 160 10 11 0.046428826 
621 230 13 16 0.04642279 
406 178 10 13 0.046331983 
798 214 8 10 0.046236906 
286 200 9 11 0.0462084 
363 172 11 15 0.04619773 
388 199 11 14 0.046046034 
240 236 9 11 0.04604513 
777 227 11 13 0.04600788 
749 200 9 11 0.04557826 
237 282 12 14 0.04556758 
491 193 12 15 0.04544513 
726 270 11 15 0.045371488 
213 389 14 18 0.045356803 
703 213 11 13 0.045353822 
790 300 13 16 0.0452268 
719 236 11 13 0.045192655 
492 183 13 15 0.0451802 
710 171 10 14 0.045152012 
263 302 11 14 0.04509332 
603 183 12 14 0.045049205 
695 230 11 14 0.044980064 
189 249 12 16 0.044903677 
222 287 9 12 0.04478294 
683 156 12 14 0.044754565 
864 286 12 14 0.044630505 
528 155 11 13 0.044581287 
533 164 10 12 0.0444148 
271 238 9 13 0.044377577 
217 295 9 12 0.04415031 
308 286 13 17 0.044103127 
509 477 11 16 0.044057854 
487 464 12 17 0.043948457 
725 258 11 14 0.04387576 
528 165 11 13 0.04383062 
775 193 9 10 0.043818567 
602 363 15 18 0.04369222 
398 477 10 14 0.043669697 
774 165 8 11 0.04348957 
790 307 12 16 0.043307383 
424 235 11 13 0.043250874 
230 247 9 12 0.043180306 
690 302 14 18 0.04313701 
767 150 10 12 0.043067485 
413 261 15 18 0.042973645 
180 310 11 14 0.042929787 
367 453 13 16 0.04282014 
572 242 12 16 0.04279864 
741 188 9 11 0.042737182 
653 229 11 15 0.042281378 
328 198 11 15 0.04223093 
417 186 16 21 0.042220127 
326 155 10 12 0.042155787 
677 229 13 15 0.04212838 
769 358 15 19 0.042072333 
430 247 11 14 0.04196472 
765 191 8 11 0.041947827 
533 196 13 16 0.041763205 
289 220 11 14 0.041666742 
679 176 11 13 0.04150581 
450 266 14 16 0.04145896 
662 183 10 12 0.04110802 
259 273 12 17 0.040955745 
546 185 14 17 0.04069318 
565 292 14 20 0.04065684 
309 165 9 11 0.040294223 
712 250 12 15 0.03999493 
490 121 15 17 0.03998101 
739 284 14 18 0.03997679 
-27 268 421 420 0.03994598 
368 214 11 14 0.03989892 
215 286 10 12 0.039740123 
431 202 12 14 0.039535828 
575 191 10 13 0.039509185 
245 229 9 11 0.039505158 
211 352 15 18 0.03948316 
630 388 12 16 0.039447088 
315 198 11 14 0.03931804 
777 175 8 11 0.0392281 
420 119 11 11 0.03922415 
575 125 16 18 0.03915945 
783 175 8 10 0.03911953 
207 340 12 15 0.039097335 
595 159 17 23 0.039090052 
309 138 11 14 0.03901413 
629 250 12 15 0.03870233 
300 330 15 18 0.03863076 
239 245 9 12 0.038623273 
821 485 16 15 0.038518135 
192 260 10 13 0.038399566 
818 316 13 17 0.038345616 
519 222 11 14 0.03814495 
479 244 10 14 0.03812302 
716 244 13 17 0.037932497 
272 229 9 12 0.037924428 
337 188 10 13 0.03784976 
428 313 14 19 0.037664507 
548 218 13 15 0.037616093 
320 350 10 14 0.037467215 
408 116 10 11 0.037456565 
273 205 9 11 0.03745233 
417 165 10 12 0.037421666 
180 251 12 17 0.037397612 
287 353 13 16 0.037387755 
256 168 18 23 0.037383955 
822 224 9 11 0.037331846 
276 156 11 15 0.037293833 
734 154 19 23 0.03728148 
669 173 12 14 0.037218835 
676 236 12 15 0.037166454 
813 234 12 15 0.037158325 
271 251 12 15 0.037137058 
423 298 12 17 0.03703276 
645 174 10 13 0.03674776 
905 332 9 12 0.036677692 
326 169 18 22 0.03660368 
700 277 11 14 0.036373254 
613 376 14 17 0.036357563 
265 158 13 15 0.036272526 
716 164 12 14 0.03608729 
790 176 9 10 0.036054395 
278 214 9 12 0.036052343 
609 239 14 17 0.036014628 
143 332 13 17 0.035802152 
388 208 11 15 0.035677772 
692 245 12 13 0.03565233 
580 246 12 15 0.03564208 
653 184 17 22 0.03559204 
566 168 18 23 0.035533156 
527 172 11 14 0.035524443 
349 247 13 14 0.035486095 
311 174 8 10 0.035406664 
293 444 15 20 0.03537472 
696 189 9 13 0.03535811 
823 195 9 11 0.03531216 
717 182 10 11 0.035262506 
905 357 11 14 0.035249952 
797 367 15 21 0.035123814 
808 235 11 13 0.035118572 
458 147 9 11 0.035097435 
305 455 14 19 0.03499169 
221 292 11 14 0.034885358 
302 236 11 13 0.034825422 
862 270 11 14 0.034823053 
493 308 15 19 0.034802012 
207 303 9 11 0.034723356 
816 224 10 11 0.034440007 
165 72 25 29 0.034207914 
891 298 12 15 0.034204327 
366 323 15 20 0.03420351 
687 252 10 14 0.034190726 
324 354 13 17 0.034190122 
261 214 11 14 0.034180213 
711 208 9 10 0.034179207 
675 315 14 17 0.034160152 
669 166 11 13 0.034108907 
232 284 10 13 0.03407766 
868 331 11 16 0.03403743 
728 176 9 12 0.03402268 
501 460 14 18 0.033916567 
645 219 12 14 0.03385918 
219 299 12 16 0.033761945 
656 170 10 13 0.033595007 
844 298 11 15 0.033313867 
790 221 9 11 0.03321821 
545 159 17 23 0.03320683 
714 338 16 20 0.033188336 
518 242 13 16 0.033174146 
374 149 9 12 0.033164557 
327 253 11 15 0.033140145 
570 346 16 21 0.03312408 
786 376 17 19 0.033050317 
258 335 14 18 0.033041455 
728 199 9 10 0.033028368 
183 239 18 23 0.033004474 
627 317 13 18 0.032947015 
773 151 10 12 0.032924637 
730 319 14 18 0.032889955 
599 298 12 17 0.03276614 
816 229 11 14 0.032744087 
174 355 12 15 0.032622926 
399 199 9 13 0.032614693 
171 349 11 15 0.032584965 
515 461 18 21 0.032568913 
335 158 9 11 0.032567482 
332 251 13 16 0.03254879 
815 274 11 14 0.032500822 
506 198 13 16 0.032476895 
574 177 11 14 0.032257006 
341 197 10 13 0.03222154 
278 144 18 23 0.032188028 
248 453 11 13 0.032151043 
517 156 11 13 0.032032598 
579 264 15 18 0.03201149 
542 322 13 18 0.031997822 
192 339 12 15 0.031961128 
783 168 7 9 0.03193507 
326 268 13 15 0.0319099 
207 308 10 13 0.031899367 
772 336 14 20 0.031845443 
614 227 14 17 0.031737257 
566 275 11 14 0.031718347 
918 334 9 11 0.031669527 
357 480 16 18 0.03165288 
673 193 9 11 0.03164422 
925 373 9 12 0.03163854 
908 376 14 18 0.031486094 
205 282 11 14 0.03139201 
342 304 13 19 0.03137353 
190 322 11 15 0.031186938 
738 363 14 19 0.03118435 
486 206 11 13 0.031140162 
454 160 9 11 0.031125149 
838 235 9 11 0.031091522 
629 330 13 16 0.031007834 
215 262 10 12 0.031003982 
518 268 12 14 0.030930761 
756 386 16 22 0.030790914 
291 275 12 17 0.030758712 
838 221 10 13 0.030746687 
567 153 11 15 0.03071021 
347 154 11 13 0.03064402 
620 283 15 18 0.03062146 
775 259 12 15 0.03060285 
298 156 9 13 0.030597817 
701 266 14 18 0.030559765 
437 285 12 16 0.030476008 
492 246 12 15 0.030468905 
268 138 15 16 0.03039154 
286 187 10 12 0.030356811 
456 108 11 14 0.030323446 
636 338 12 16 0.030292027 
743 199 17 22 0.030235665 
294 268 11 15 0.030220438 
460 523 12 15 0.030187815 
662 233 12 17 0.030182667 
343 235 11 13 0.03013555 
345 261 13 17 0.030108148 
768 119 22 24 0.030080909 
603 164 12 14 0.03005706 
510 160 11 13 0.030042509 
415 174 10 12 0.02999816 
658 315 13 18 0.02983053 
877 333 12 15 0.02982179 
851 265 12 16 0.029819954 
647 371 14 19 0.029815014 
523 313 15 18 0.029736407 
837 340 13 17 0.029655913 
854 309 10 14 0.0295614 
670 231 11 14 0.029553141 
878 293 12 16 0.029538628 
847 317 13 16 0.029344987 
191 226 11 15 0.029056009 
686 330 13 17 0.029037539 
374 196 10 13 0.02900627 
825 245 10 12 0.028939838 
629 264 13 17 0.028925236 
852 320 13 17 0.028875453 
886 319 10 13 0.028865788 
580 190 10 12 0.028852418 
262 226 10 13 0.028799195 
815 200 8 10 0.028724873 
426 262 14 18 0.028611893 
672 180 11 13 0.028576395 
799 197 8 10 0.028547801 
557 186 13 16 0.028523505 
401 150 8 11 0.028469436 
350 379 12 16 0.028377824 
864 262 9 12 0.02837472 
879 340 11 13 0.028252082 
461 214 11 13 0.02821907 
703 332 13 18 0.028186604 
661 161 10 11 0.028183235 
728 187 9 12 0.02807881 
199 285 10 13 0.027977997 
662 196 10 13 0.027922764 
455 251 12 15 0.027914403 
764 341 15 19 0.027814778 
487 306 14 18 0.027800769 
656 211 12 16 0.027800154 
381 330 14 19 0.027790949 
413 426 24 27 0.02774483 
398 229 12 14 0.0276736 
257 203 11 13 0.027668467 
352 175 11 13 0.027660772 
929 330 11 14 0.02761441 
310 188 10 13 0.027601443 
694 322 13 16 0.027599068 
419 354 15 18 0.027598485 
196 323 10 14 0.027592255 
465 156 9 12 0.027554313 
394 336 16 20 0.027545022 
222 239 8 11 0.02753707 
222 250 10 14 0.027520519 
806 388 12 16 0.02751712 
652 361 14 19 0.027505886 
559 228 12 16 0.02749824 
645 395 14 17 0.027459763 
542 330 13 19 0.027455702 
599 221 11 14 0.027379546 
518 210 12 15 0.0273642 
273 188 11 13 0.027343936 
416 182 9 12 0.027327003 
783 311 12 15 0.02731777 
266 398 17 19 0.02727734 
801 192 8 9 0.027247222 
357 196 11 14 0.027247213 
295 330 12 17 0.027240582 
654 291 12 14 0.027214807 
543 226 232 226 0.027204419 
695 167 9 11 0.027152851 
808 206 10 12 0.027141908 
691 125 13 17 0.027113989 
753 148 9 12 0.027028095 
836 284 13 16 0.026971826 
461 167 11 15 0.02694319 
779 123 14 16 0.026942166 
571 362 15 20 0.026922058 
775 244 11 13 0.026898466 
216 253 9 12 0.026885057 
916 308 11 14 0.02685892 
234 317 14 17 0.026841763 
551 226 12 15 0.026738647 
402 250 13 16 0.026697371 
409 125 11 13 0.026687136 
171 331 11 14 0.026684081 
527 179 11 14 0.026678808 
477 195 11 14 0.0266123 
908 362 13 15 0.026594365 
228 353 14 18 0.026583144 
698 135 10 13 0.026578601 
148 446 25 27 0.02652917 
475 115 15 17 0.02642528 
699 290 13 17 0.026380131 
352 168 10 11 0.02631674 
517 339 14 17 0.026296316 
234 220 9 11 0.02613331 
806 152 9 11 0.026127385 
559 277 12 15 0.026078992 
231 298 12 15 0.026034435 
759 261 12 15 0.026027884 
754 318 15 19 0.025978958 
780 236 12 13 0.025965411 
939 452 14 14 0.025896683 
154 451 27 31 0.025873242 
231 346 14 17 0.025848057 
807 230 10 13 0.025805311 
710 317 13 16 0.025718234 
599 308 11 15 0.025709989 
391 535 11 14 0.025680328 
844 248 11 13 0.02559912 
667 290 14 17 0.025589848 
420 246 13 15 0.025585748 
676 339 14 18 0.025581755 
634 149 12 15 0.025580456 
431 29 57 66 0.02548696 
749 211 10 13 0.025470793 
461 142 18 23 0.025468793 
782 279 13 17 0.025463663 
468 324 12 17 0.025439896 
261 189 10 14 0.02542765 
248 256 8 10 0.025426459 
429 228 12 16 0.025411112 
659 352 13 18 0.025410369 
477 342 17 23 0.025402965 
733 235 13 15 0.02536833 
295 207 9 11 0.025308834 
548 331 14 18 0.025263583 
445 221 11 14 0.025254795 
270 182 11 13 0.025153708 
479 237 11 15 0.025079923 
478 162 12 16 0.02507941 
499 188 13 15 0.025063155 
389 237 12 15 0.025025208 
446 207 13 16 0.024996033 
849 254 14 16 0.02498169 
194 431 19 21 0.02497027 
307 199 19 23 0.02492879 
819 323 12 16 0.024902895 
234 271 20 23 0.024848023 
227 312 14 17 0.02484464 
272 214 9 12 0.02484047 
865 252 10 13 0.024838068 
777 217 16 22 0.024829764 
417 151 19 23 0.02481371 
392 157 11 14 0.024808437 
756 183 18 25 0.024756888 
699 299 12 16 0.024747916 
296 197 8 12 0.024724163 
422 309 12 16 0.024701286 
795 276 11 13 0.024695324 
486 157 19 22 0.024603566 
467 227 13 16 0.024577558 
216 206 10 12 0.024566174 
368 154 18 22 0.024560574 
178 292 12 15 0.0245543 
480 146 21 23 0.024551986 
269 259 10 13 0.024478795 
254 307 12 15 0.024477337 
134 331 12 15 0.024448952 
341 252 14 16 0.024408054 
605 285 13 17 0.024405012 
591 210 11 14 0.024381706 
455 221 12 14 0.02429205 
576 250 12 14 0.024269639 
404 229 12 15 0.024250133 
580 362 14 18 0.024226734 
323 274 14 15 0.02419172 
519 199 11 13 0.024181949 
257 167 11 14 0.024170727 
828 347 14 20 0.024166657 
405 166 11 14 0.024142435 
507 459 15 19 0.024109405 
774 133 22 24 0.024103524 
538 247 15 18 0.02408063 
312 101 13 16 0.024065774 
791 261 12 15 0.024055583 
399 117 10 12 0.02400798 
477 266 12 14 0.023930518 
870 258 11 14 0.023921134 
719 316 12 16 0.02391483 
670 339 13 17 0.023874344 
194 299 10 13 0.023858227 
926 301 12 15 0.02382734 
578 144 15 18 0.023824846 
768 195 8 11 0.023824282 
435 301 14 17 0.023777328 
606 216 13 15 0.023776721 
684 121 13 14 0.02376856 
768 460 12 14 0.023758233 
342 144 18 23 0.023743942 
590 181 10 12 0.023742566 
387 260 12 16 0.023740642 
837 278 11 12 0.023709625 
410 122 23 24 0.023636572 
735 458 14 18 0.023552138 
821 269 13 15 0.023547225 
669 316 12 16 0.02352004 
159 326 10 14 0.023495736 
301 315 12 15 0.023478352 
303 213 9 12 0.023425026 
305 126 19 23 0.023404142 
433 184 19 23 0.02338481 
615 180 12 14 0.023384223 
405 45 94 113 0.023363678 
821 228 12 15 0.023354424 
285 79 30 31 0.023300681 
175 235 11 15 0.023285607 
358 204 12 14 0.023276657 
248 263 10 13 0.023270989 
391 251 11 14 0.023237208 
550 236 12 16 0.023173405 
708 344 16 20 0.023154879 
168 277 13 17 0.023152016 
562 203 11 15 0.023140846 
683 148 13 15 0.023091791 
348 62 119 145 0.023086185 
858 224 19 24 0.02307856 
549 276 13 15 0.023074066 
824 235 11 15 0.023071542 
471 128 14 17 0.023069192 
479 226 11 16 0.023066496 
174 362 14 18 0.022990558 
736 321 212 233 0.022980265 
871 270 10 13 0.022934237 
747 385 15 22 0.022902 
186 419 23 27 0.022899907 
596 261 11 14 0.022894906 
691 250 13 16 0.022839317 
490 459 17 21 0.022784304 
346 539 11 14 0.022782048 
563 284 12 16 0.0227709 
829 330 13 15 0.02276813 
334 108 13 15 0.022763988 
743 314 13 17 0.022726566 
683 337 15 20 0.022704482 
765 143 10 11 0.022645937 
396 284 14 18 0.022641564 
251 188 12 16 0.022632623 
516 346 15 19 0.02254032 
325 364 15 20 0.022524009 
454 189 11 13 0.022511326 
627 342 14 18 0.02247122 
676 342 20 25 0.022470033 
216 269 9 12 0.022454804 
534 342 16 21 0.022428745 
380 314 13 16 0.022407437 
822 207 9 13 0.02237483 
928 338 18 25 0.02233766 
797 151 11 13 0.022302853 
895 310 10 12 0.022267014 
686 261 12 15 0.022263931 
340 219 11 14 0.022154922 
599 237 13 17 0.022151507 
947 384 17 18 0.022098074 
828 270 10 14 0.022089895 
313 157 10 13 0.022087922 
821 176 17 24 0.022027569 
248 272 12 17 0.021967968 
782 197 8 10 0.021943208 
752 268 13 16 0.021932801 
744 210 10 13 0.021932641 
558 167 10 13 0.021872902 
470 277 14 17 0.021869697 
143 435 25 29 0.021816099 
493 292 12 15 0.021754356 
661 290 14 16 0.021730896 
247 244 9 12 0.021716965 
403 289 16 19 0.021699827 
172 341 10 14 0.02167933 
94 412 13 16 0.021656252 
879 348 10 13 0.021612678 
527 188 10 13 0.021586087 
167 79 14 18 0.021571314 
371 139 10 15 0.021565303 
972 364 29 31 0.021559883 
221 354 13 18 0.021498369 
742 220 10 12 0.021483343 
437 459 15 19 0.021472279 
342 244 13 17 0.021455966 
571 337 13 18 0.02145103 
533 315 12 17 0.021450428 
166 291 14 18 0.021422202 
678 285 12 15 0.021406874 
797 293 14 16 0.021354029 
559 156 12 15 0.021349713 
764 261 14 16 0.02131649 
317 130 11 14 0.02131046 
316 212 11 13 0.021268709 
441 107 15 17 0.021264702 
244 340 15 18 0.02124983 
379 204 10 14 0.021235395 
653 299 15 18 0.021231493 
411 369 23 25 0.021195939 
797 356 17 22 0.021195285 
740 174 9 12 0.021187475 
546 340 15 20 0.021183651 
212 276 11 14 0.021162512 
461 128 14 18 0.021149551 
365 203 12 15 0.021132333 
728 139 13 16 0.02112247 
589 171 12 15 0.021108003 
604 194 14 15 0.021100068 
493 227 13 17 0.021083297 
796 316 14 18 0.021058919 
595 314 13 17 0.021039242 
499 219 13 16 0.021022111 
451 409 17 20 0.020984666 
469 234 12 16 0.020930478 
917 342 11 14 0.020921119 
510 219 12 16 0.020879956 
738 380 13 20 0.020879682 
796 268 11 14 0.020813128 
768 175 9 11 0.020776939 
675 150 19 22 0.020743163 
364 534 14 16 0.020694368 
834 431 19 21 0.020690601 
304 183 9 13 0.020678332 
380 242 15 18 0.020656038 
915 355 11 15 0.020641515 
784 141 21 25 0.02064102 
197 247 10 12 0.020575695 
473 190 10 14 0.020508531 
349 139 13 16 0.020495513 
694 340 13 18 0.020485163 
654 160 18 23 0.020479904 
255 177 12 16 0.02047673 
273 198 9 13 0.020444704 
349 204 11 14 0.02037609 
155 339 14 18 0.020353576 
581 120 13 16 0.020333545 
726 291 14 16 0.020318395 
561 171 10 13 0.020313043 
180 299 11 14 0.020292003 
844 353 15 18 0.02027619 
174 377 12 16 0.020262856 
250 458 13 18 0.020245273 
654 285 11 14 0.020197969 
732 298 16 19 0.020174831 
409 217 12 15 0.020165568 
654 369 19 25 0.02015125 
684 190 12 14 0.020149512 
246 474 13 20 0.0201495 
484 278 13 16 0.020140087 
532 232 13 17 0.020138565 
482 101 13 16 0.020115955 
313 124 13 17 0.0200985 
918 374 12 16 0.020088855 
297 166 9 11 0.020065028 
878 323 12 14 0.020049848 
248 215 9 12 0.020036101 
