0_Parade_Parade_0_164
1195
998 358 12 17 0.9025107 
654 281 12 17 0.8382459 
85 419 15 19 0.82844967 
909 362 13 15 0.7801374 
283 324 11 13 0.7588558 
388 467 24 30 0.72188985 
679 269 11 14 0.7197494 
688 326 13 16 0.71920246 
795 427 12 17 0.69675815 
943 388 12 16 0.6636888 
513 340 11 13 0.61410195 
250 304 8 10 0.60326916 
108 402 13 15 0.53998476 
943 421 10 12 0.5344305 
141 387 13 16 0.4970759 
551 306 12 15 0.48519126 
621 270 13 16 0.47106573 
893 318 10 12 0.46378633 
44 396 12 16 0.45122027 
694 259 9 12 0.43500215 
644 260 9 13 0.42862347 
60 427 12 15 0.42513403 
942 349 12 15 0.4223931 
903 336 11 12 0.40873915 
940 326 10 13 0.39242938 
847 365 10 12 0.38484427 
655 248 8 11 0.38303402 
974 515 15 19 0.3731455 
841 271 8 10 0.3619843 
637 302 9 12 0.34439358 
259 282 375 494 0.34071717 
996 300 10 13 0.33825397 
648 316 10 13 0.3365734 
296 244 11 14 0.33041677 
285 304 9 11 0.329102 
899 500 15 17 0.32050386 
985 324 9 12 0.30350298 
988 422 11 14 0.30348867 
899 562 13 15 0.29822627 
952 272 8 10 0.29167157 
841 348 11 13 0.28879523 
913 309 9 11 0.2853469 
172 354 18 21 0.28248236 
713 300 12 16 0.2799031 
839 387 11 14 0.27940822 
930 537 14 18 0.27769256 
913 286 10 12 0.27317876 
712 246 10 12 0.27271274 
845 269 8 11 0.27072215 
966 311 9 12 0.26882148 
314 311 8 10 0.2668671 
998 558 13 18 0.2631879 
742 255 11 15 0.2577271 
830 518 14 22 0.2507361 
856 264 9 11 0.24919277 
886 630 15 19 0.24788892 
972 337 10 11 0.24760851 
995 647 23 30 0.24590567 
396 268 10 12 0.2458767 
926 339 11 14 0.24549584 
719 277 9 12 0.24431907 
947 302 10 12 0.24325015 
365 303 11 12 0.24084783 
996 640 18 21 0.23828496 
670 247 8 11 0.23351449 
226 342 11 13 0.22924621 
926 406 12 13 0.22729161 
388 300 9 13 0.2221906 
864 396 10 12 0.22211203 
964 386 12 15 0.22182404 
978 456 14 18 0.21428323 
864 292 9 11 0.21123028 
888 333 8 11 0.20767319 
934 291 9 12 0.20718737 
958 319 9 11 0.19841051 
1013 342 9 13 0.19791369 
834 589 13 16 0.196385 
338 294 8 10 0.19490534 
134 369 12 14 0.19437054 
1008 334 9 11 0.19204748 
895 389 11 14 0.19192098 
973 294 8 10 0.18945445 
193 372 11 13 0.18804272 
235 317 12 15 0.18616368 
312 331 11 13 0.18529756 
680 231 9 11 0.18185028 
886 255 7 10 0.18164395 
622 231 8 10 0.18114845 
592 294 9 12 0.18027513 
917 316 10 12 0.1777925 
997 440 10 12 0.17569612 
606 327 11 15 0.17414519 
731 270 10 13 0.17300908 
123 348 13 16 0.1729616 
860 478 13 16 0.17286977 
821 375 8 10 0.17266294 
968 609 18 21 0.17222114 
575 358 12 14 0.17208493 
996 596 27 34 0.17155479 
1004 191 11 12 0.17075393 
360 296 8 10 0.1677166 
806 382 9 13 0.16538538 
834 412 14 17 0.16450995 
471 264 8 10 0.16347407 
880 453 13 18 0.16291401 
860 318 10 12 0.1608121 
395 495 24 28 0.16047509 
924 410 12 14 0.15563 
881 301 9 11 0.15533479 
973 366 9 12 0.15350516 
876 349 11 13 0.15218635 
1006 326 8 11 0.14897619 
1014 301 8 11 0.14817746 
873 270 8 10 0.14815913 
856 269 9 12 0.14774355 
301 376 10 13 0.14770842 
308 525 15 20 0.14678511 
223 357 10 13 0.14666562 
432 246 7 10 0.14539494 
327 308 8 10 0.14527707 
872 351 10 12 0.1450564 
944 295 8 11 0.14389291 
953 319 9 11 0.14338423 
446 270 8 11 0.14169793 
931 394 12 16 0.14105052 
832 437 12 14 0.13968645 
19 435 12 17 0.13844699 
862 324 10 13 0.13804166 
767 230 9 12 0.13523807 
856 277 8 11 0.13477029 
823 398 12 14 0.13462229 
639 200 7 10 0.1341907 
726 262 9 11 0.13155384 
925 272 8 10 0.13103959 
665 245 8 11 0.13077056 
895 422 10 13 0.13017958 
125 411 10 12 0.129049 
855 476 12 16 0.12646002 
996 591 17 21 0.12561017 
830 383 12 13 0.12521224 
887 398 10 13 0.12503922 
298 379 10 12 0.124568485 
894 324 9 11 0.123890154 
897 270 8 10 0.12252329 
990 538 12 15 0.122091234 
921 271 8 9 0.121998 
618 208 6 9 0.12198179 
455 378 12 16 0.12196112 
936 333 10 13 0.12172811 
941 447 10 13 0.12114823 
362 332 24 28 0.12017869 
690 254 10 13 0.120009266 
863 468 12 15 0.11979812 
918 246 7 9 0.11937165 
796 338 14 19 0.11922833 
894 452 11 15 0.11850716 
273 399 11 13 0.11766304 
847 265 8 10 0.11754612 
532 333 15 17 0.116162226 
903 279 7 10 0.11455949 
952 341 10 13 0.113699615 
726 235 10 12 0.11358715 
844 344 10 11 0.112925485 
180 374 12 14 0.11055431 
469 421 11 14 0.11046747 
987 507 16 19 0.1104098 
933 309 9 11 0.109951176 
865 374 9 12 0.10852755 
983 276 9 12 0.1082774 
330 437 24 31 0.10822328 
894 396 11 13 0.107068755 
1005 320 9 11 0.1059285 
408 322 253 334 0.10583797 
461 421 15 17 0.105193056 
957 333 11 13 0.10492918 
54 421 14 19 0.10469667 
727 257 9 10 0.10453837 
384 294 12 15 0.10423131 
637 297 9 11 0.10411059 
908 334 9 12 0.10389715 
686 277 10 13 0.10380642 
487 356 12 16 0.103582256 
841 355 11 14 0.10332633 
717 271 10 12 0.10332409 
948 349 10 13 0.102770045 
491 353 12 15 0.102457955 
704 271 8 10 0.10175455 
675 348 12 14 0.101107724 
985 484 23 27 0.10071778 
986 496 17 20 0.100309104 
45 407 15 19 0.10025981 
881 254 8 11 0.10024764 
496 237 8 10 0.100200705 
671 251 9 11 0.09997035 
406 251 8 11 0.09992418 
950 308 8 11 0.0996705 
239 387 11 13 0.09873142 
943 279 8 10 0.09825612 
973 664 15 17 0.097657956 
109 409 10 12 0.09579573 
450 254 7 10 0.09566491 
983 348 11 14 0.09566419 
934 389 12 15 0.09564606 
598 295 10 13 0.09529342 
622 208 7 9 0.09494659 
836 556 15 17 0.09494214 
895 295 7 10 0.09458025 
925 471 12 16 0.09452305 
426 244 8 11 0.09346801 
251 307 11 13 0.09346713 
688 284 9 11 0.09325613 
902 264 7 10 0.09323516 
930 402 12 15 0.092751816 
424 288 10 12 0.09233918 
919 453 12 16 0.09146104 
981 510 14 19 0.091183424 
926 348 10 13 0.09100734 
335 343 8 10 0.08958556 
929 390 11 13 0.0891604 
802 422 13 17 0.08912153 
857 313 8 11 0.088418536 
936 246 8 10 0.08831789 
840 295 8 10 0.08825291 
919 435 11 14 0.087890595 
959 605 23 27 0.08774605 
887 295 8 10 0.0870935 
831 406 12 15 0.087040044 
452 424 15 18 0.08619647 
913 316 9 11 0.08616888 
897 196 7 10 0.08550307 
821 380 10 12 0.08547614 
862 450 13 15 0.0854189 
449 422 10 15 0.08520933 
918 222 8 9 0.08519064 
992 295 10 13 0.084912166 
224 336 11 14 0.08475042 
278 357 13 18 0.08455529 
974 358 8 10 0.08454223 
360 319 10 12 0.08433287 
959 325 10 11 0.08431128 
464 271 8 10 0.084287405 
486 390 12 16 0.08428046 
408 337 10 12 0.08382075 
947 393 12 15 0.08359116 
869 287 9 13 0.083452776 
538 240 8 10 0.08286686 
285 357 13 17 0.082682654 
118 405 10 14 0.08258557 
271 218 11 13 0.08238107 
649 322 11 14 0.08224729 
881 296 8 10 0.082187615 
958 348 10 13 0.08157011 
623 265 11 13 0.08128942 
888 327 9 12 0.08126347 
844 358 12 15 0.081098564 
108 392 16 19 0.08064195 
665 240 8 11 0.080229856 
712 271 9 11 0.08018796 
448 249 6 8 0.07998337 
733 276 9 11 0.07979895 
686 230 8 11 0.07936544 
979 560 16 20 0.07848925 
897 264 8 10 0.07848032 
415 288 9 10 0.07836277 
401 251 10 12 0.07796579 
867 392 11 14 0.07769337 
721 236 9 12 0.07762524 
925 207 8 9 0.07696043 
854 332 10 12 0.076773286 
285 259 9 11 0.07672297 
896 413 11 14 0.07666784 
896 256 7 9 0.07628391 
256 374 11 14 0.076160215 
897 278 8 10 0.07607587 
511 346 13 17 0.07605967 
809 456 15 19 0.075815 
944 425 11 14 0.07574137 
670 301 10 12 0.07537203 
284 332 11 13 0.07530895 
894 405 11 13 0.07525444 
417 270 8 10 0.0751524 
855 256 9 9 0.07513154 
334 318 8 11 0.07469048 
864 301 9 11 0.07449789 
872 264 8 9 0.07431343 
861 311 10 12 0.074059196 
398 473 17 21 0.07399225 
673 357 12 15 0.07378517 
881 308 9 12 0.07360378 
815 381 10 13 0.07331738 
604 296 11 12 0.07227694 
898 569 16 18 0.07205434 
912 263 7 9 0.07193289 
832 279 8 10 0.07193077 
472 239 8 10 0.07178972 
793 388 10 13 0.07164332 
280 279 8 13 0.07144154 
470 268 7 10 0.07099497 
989 321 8 10 0.07065382 
721 262 9 11 0.07056749 
989 459 11 15 0.06997069 
947 383 12 15 0.06983397 
968 358 9 11 0.06938933 
417 264 7 10 0.0686561 
896 374 9 12 0.06861391 
937 272 8 9 0.06828802 
845 566 13 15 0.06813412 
841 301 8 10 0.06793114 
861 264 8 10 0.06788107 
893 312 10 12 0.067853704 
895 238 9 11 0.06767348 
234 476 25 33 0.06757982 
973 371 10 13 0.06726891 
807 387 11 13 0.06670464 
937 224 7 9 0.06656226 
856 326 10 13 0.0664439 
652 166 7 11 0.06608832 
988 348 11 14 0.06549279 
897 340 10 13 0.065223075 
916 290 10 12 0.06499075 
919 216 8 10 0.06498855 
921 349 10 12 0.064945936 
696 216 8 10 0.064510494 
645 256 10 12 0.06432008 
942 321 10 12 0.06390196 
734 287 9 10 0.063671984 
989 556 18 24 0.063663006 
641 256 9 13 0.06360629 
479 238 8 11 0.06336963 
985 333 9 11 0.06301991 
961 382 11 13 0.062901296 
335 348 9 11 0.06284215 
966 392 12 15 0.062498324 
877 342 9 11 0.062316615 
904 209 7 9 0.062048234 
641 241 8 10 0.061439097 
633 215 7 9 0.061173704 
555 342 11 15 0.061123572 
831 374 9 11 0.061039977 
950 614 10 14 0.061013624 
949 296 9 11 0.060950886 
737 253 11 14 0.060713954 
577 216 7 10 0.06066211 
974 436 11 13 0.0604727 
918 324 10 12 0.060382023 
797 387 11 14 0.059855167 
754 246 9 11 0.059703596 
924 435 11 13 0.05953942 
803 339 13 18 0.05944688 
940 343 12 14 0.059416022 
839 276 8 10 0.059324414 
742 249 9 11 0.059265155 
360 307 13 14 0.059095237 
997 721 18 21 0.058587432 
431 208 7 10 0.05830429 
957 594 14 17 0.05770768 
875 567 11 13 0.057535928 
941 287 8 10 0.05743473 
337 477 26 35 0.05721609 
812 407 13 15 0.0570869 
806 409 14 18 0.05695168 
463 255 8 10 0.056689173 
902 225 7 9 0.05641748 
41 392 11 14 0.056236167 
606 338 14 18 0.056206413 
470 247 8 10 0.05605254 
958 271 8 11 0.055941306 
215 390 12 14 0.055920336 
505 247 7 10 0.055915195 
424 239 9 12 0.05561892 
896 382 11 13 0.055434436 
272 357 12 16 0.055428647 
831 286 8 10 0.05541039 
825 287 7 10 0.05496376 
947 415 11 13 0.054870978 
633 185 7 8 0.054604344 
334 397 15 19 0.05437228 
432 263 8 11 0.05436082 
812 388 10 12 0.053849578 
984 343 9 11 0.053812 
994 362 10 14 0.05367156 
998 308 9 10 0.053461928 
628 275 11 15 0.053304106 
913 215 7 9 0.053142227 
841 362 11 14 0.052972183 
65 398 10 12 0.052864436 
728 277 9 11 0.052818604 
121 343 11 14 0.05267487 
887 261 7 10 0.05220671 
887 279 8 10 0.052086383 
845 302 8 10 0.052056745 
511 336 18 23 0.051994745 
363 316 12 14 0.051953632 
719 283 10 12 0.051921066 
922 164 8 10 0.051893212 
501 214 7 10 0.05162883 
519 190 8 11 0.05153539 
902 294 9 11 0.051499043 
455 256 8 10 0.051456157 
903 285 8 11 0.05121973 
916 442 12 15 0.051047523 
898 224 7 9 0.050688677 
403 488 19 24 0.050675258 
44 417 14 17 0.050526872 
928 303 9 11 0.050510872 
678 249 8 10 0.050493248 
687 319 11 15 0.050414003 
878 271 8 11 0.050405145 
975 351 10 12 0.050308913 
848 327 9 12 0.05023986 
915 303 11 12 0.050104067 
728 286 8 10 0.050044898 
681 225 8 10 0.049973257 
974 397 9 12 0.049811646 
887 413 11 14 0.049690347 
774 227 9 13 0.049662363 
382 309 11 12 0.049659915 
687 190 7 10 0.049402382 
713 295 10 13 0.049320374 
898 510 17 20 0.04923626 
526 336 13 16 0.049208682 
221 452 13 17 0.049170233 
968 515 13 16 0.049140874 
593 200 8 11 0.04901748 
441 271 8 10 0.049017258 
568 223 8 11 0.048994534 
930 264 7 9 0.048843134 
568 228 9 12 0.048830718 
397 286 9 11 0.04882083 
217 357 9 12 0.048742633 
287 339 9 11 0.04872701 
958 604 14 18 0.04871679 
874 256 7 9 0.04865913 
822 294 8 11 0.04858915 
581 214 8 10 0.04856779 
990 333 9 12 0.048467826 
833 273 9 10 0.04831866 
377 315 10 13 0.04802039 
915 358 12 14 0.04784755 
487 254 7 9 0.047753174 
967 268 8 10 0.04760789 
282 307 10 13 0.04756759 
822 469 11 13 0.047565218 
692 279 10 11 0.047556225 
600 261 8 10 0.047286797 
617 237 9 10 0.04723937 
993 287 8 10 0.04721165 
637 278 10 14 0.047207925 
895 459 12 16 0.047202855 
671 294 9 12 0.04713932 
898 592 18 22 0.046976864 
994 239 7 10 0.046956886 
206 432 13 16 0.046875793 
935 340 10 14 0.04684468 
902 238 8 10 0.046781275 
836 167 8 10 0.046772152 
934 264 7 8 0.04677069 
688 224 7 9 0.04659373 
854 494 10 13 0.04648199 
897 232 8 10 0.04634279 
904 256 7 9 0.046323597 
734 261 11 13 0.04624528 
830 150 7 10 0.045891967 
937 231 8 8 0.04568883 
421 270 8 10 0.045653906 
488 264 7 9 0.045385603 
390 499 16 20 0.045380376 
830 580 14 17 0.04530949 
926 544 15 20 0.04526491 
912 239 8 9 0.045211703 
1014 429 9 14 0.04504272 
879 380 11 14 0.044962898 
673 343 11 14 0.044961773 
1005 181 11 13 0.04495776 
294 334 9 12 0.04491082 
494 232 9 11 0.044820324 
911 256 8 9 0.044703387 
898 450 13 15 0.044689275 
270 349 10 13 0.044536024 
812 464 14 16 0.044516094 
611 326 10 13 0.04437848 
695 248 8 11 0.04431628 
988 343 11 12 0.04430821 
720 255 8 10 0.044236716 
879 373 12 14 0.04409315 
88 396 11 13 0.04339872 
411 386 12 17 0.043331448 
472 233 8 9 0.043328814 
950 467 14 17 0.043299463 
976 263 8 10 0.043193225 
973 430 11 14 0.04316749 
942 224 7 8 0.04307539 
888 174 8 10 0.043048635 
959 547 14 17 0.04302658 
518 35 37 46 0.043009717 
480 254 8 10 0.04289796 
441 294 8 11 0.04273021 
520 197 8 10 0.0427151 
861 534 11 14 0.042613816 
591 289 8 11 0.04258141 
695 231 8 10 0.042554494 
974 289 8 11 0.04255321 
885 374 10 13 0.042533804 
818 295 8 10 0.042443365 
796 395 12 16 0.04231595 
519 238 7 9 0.04230554 
662 185 7 9 0.042291593 
896 245 7 10 0.042257573 
831 303 8 10 0.042169027 
921 407 11 14 0.042029016 
510 390 11 12 0.042016614 
912 281 8 10 0.04198796 
738 248 7 9 0.041973032 
861 330 11 13 0.041964978 
639 368 8 10 0.041928202 
969 288 8 11 0.041925535 
417 292 8 10 0.041865077 
888 271 7 10 0.041801296 
466 246 8 10 0.041752066 
814 348 11 15 0.041727364 
568 272 9 12 0.041705694 
908 565 10 13 0.041656926 
985 301 9 11 0.041641977 
888 337 10 13 0.04157477 
953 336 9 10 0.041558724 
990 279 7 10 0.041544028 
638 222 8 10 0.041505445 
857 286 9 12 0.041466866 
982 271 9 12 0.04138923 
887 310 9 12 0.041375183 
269 342 9 12 0.041216213 
823 368 9 11 0.041204292 
629 332 12 13 0.041163974 
902 348 10 13 0.041097805 
251 315 14 16 0.041022077 
622 236 8 10 0.040921837 
870 429 11 13 0.04083774 
1013 190 8 11 0.040794447 
868 476 12 15 0.040771633 
569 201 7 10 0.040722817 
1015 435 9 12 0.04063813 
768 224 10 14 0.040484745 
658 184 7 10 0.040250134 
862 279 9 10 0.04020969 
616 212 8 10 0.04006142 
696 222 7 10 0.039894957 
902 231 8 10 0.039876092 
880 278 8 10 0.039796755 
472 33 42 56 0.03979209 
817 302 10 12 0.0397838 
944 273 7 9 0.03973126 
903 193 7 9 0.03969955 
864 510 10 13 0.03965596 
979 656 21 28 0.039636012 
432 461 11 15 0.039153088 
247 359 10 12 0.039127544 
848 332 10 12 0.039007906 
311 526 26 34 0.038896505 
1000 194 11 13 0.038843744 
495 263 8 9 0.03878054 
1015 355 9 13 0.038683675 
264 348 10 13 0.038668927 
464 263 8 10 0.038648367 
951 323 9 12 0.03864617 
246 314 12 16 0.03863451 
537 245 8 10 0.038370285 
656 273 9 12 0.038304385 
448 263 9 10 0.03830337 
131 363 21 24 0.038250394 
310 518 14 17 0.038184606 
919 278 9 11 0.038169973 
997 262 9 11 0.038073458 
266 419 22 29 0.038049325 
373 309 11 14 0.037995372 
898 150 8 10 0.037946217 
868 459 13 18 0.03782915 
926 354 10 13 0.03769847 
409 305 8 10 0.037691806 
593 222 8 9 0.037648454 
394 264 9 12 0.037382085 
480 393 14 17 0.03734082 
721 142 9 12 0.037237275 
939 277 9 10 0.03721288 
930 475 13 16 0.0372044 
433 268 8 10 0.037130143 
933 303 10 11 0.03712022 
903 213 7 9 0.03705867 
447 294 8 11 0.03691568 
617 365 10 11 0.036873236 
914 270 8 9 0.036872067 
991 648 17 23 0.03685645 
968 373 10 12 0.03682397 
539 346 11 15 0.03661389 
481 302 7 10 0.036582522 
208 416 10 11 0.036577396 
801 376 10 12 0.03657214 
703 222 8 10 0.036529914 
937 217 7 9 0.03652308 
600 256 8 10 0.036487613 
365 297 10 12 0.03644263 
880 327 9 11 0.036369197 
647 331 11 12 0.036369152 
389 480 27 32 0.036336757 
327 342 10 11 0.036269456 
344 489 24 31 0.036268625 
408 279 8 10 0.036170103 
102 445 8 10 0.036076926 
960 232 8 8 0.036025606 
872 334 9 11 0.036011748 
614 299 10 12 0.035953805 
830 342 9 11 0.03588711 
742 617 23 29 0.035881117 
649 191 6 9 0.035872053 
606 320 11 14 0.035824195 
1013 347 11 14 0.03581644 
948 585 15 20 0.03577068 
245 473 27 34 0.035690192 
614 252 10 12 0.03566305 
837 569 13 16 0.03560799 
904 328 9 11 0.03560198 
837 372 10 13 0.035435043 
598 200 8 10 0.035421908 
935 383 10 13 0.035416596 
966 254 8 9 0.03540647 
878 474 12 15 0.03527073 
1005 551 13 17 0.03524011 
961 311 10 12 0.035220046 
422 264 8 10 0.03519245 
568 248 8 10 0.035176408 
688 259 10 13 0.035173625 
560 231 8 10 0.035128698 
423 231 9 11 0.035123654 
826 279 9 11 0.035022005 
913 159 7 8 0.035008326 
364 499 13 17 0.034871224 
156 467 12 16 0.034859285 
981 527 11 17 0.034840457 
244 381 11 15 0.03476652 
474 280 7 10 0.034756087 
474 191 8 10 0.034740318 
832 546 13 17 0.034500062 
865 403 10 13 0.034465693 
583 206 8 10 0.034395885 
687 197 8 10 0.03436589 
861 269 9 11 0.03435384 
991 589 15 19 0.034343325 
583 191 7 9 0.034307323 
503 238 6 9 0.03426124 
879 399 10 12 0.034105953 
328 246 10 12 0.034019478 
79 413 16 21 0.034016892 
861 547 11 15 0.03397062 
830 367 8 10 0.033948015 
971 389 11 14 0.03394243 
903 148 8 11 0.033912644 
486 248 8 10 0.03377827 
933 372 10 13 0.03374134 
618 231 8 11 0.033696234 
119 421 10 11 0.03368793 
966 509 12 16 0.03361993 
294 317 7 11 0.033595093 
316 315 10 12 0.033555515 
902 372 10 13 0.03352559 
853 341 10 12 0.033511348 
950 207 8 10 0.033505358 
858 291 9 12 0.03342762 
488 236 8 11 0.033283494 
510 248 7 9 0.033198696 
917 370 11 14 0.03308628 
749 253 12 14 0.03305926 
491 379 13 17 0.033058263 
889 390 10 13 0.033020187 
985 716 25 29 0.033007856 
897 286 7 10 0.033001576 
864 430 11 13 0.032995366 
264 335 8 11 0.03299518 
132 479 11 13 0.032963023 
321 305 8 11 0.032794733 
886 357 9 11 0.032783695 
921 335 9 12 0.032722935 
985 639 38 53 0.03270106 
490 386 15 18 0.032686308 
481 319 8 11 0.03264634 
945 200 8 10 0.032582395 
747 258 12 14 0.03253975 
404 474 21 31 0.03250831 
681 190 7 9 0.032496374 
910 232 8 9 0.032491267 
359 271 8 10 0.032422896 
102 455 9 12 0.032364365 
478 190 8 10 0.03236179 
630 230 7 10 0.032314356 
581 352 10 12 0.03225707 
639 184 7 8 0.032246437 
456 262 8 9 0.032244865 
623 330 12 15 0.032158524 
598 157 9 11 0.03214161 
655 207 7 9 0.03209785 
520 459 14 18 0.032069728 
423 279 8 10 0.032034315 
464 240 8 9 0.032019988 
927 232 7 8 0.031943507 
946 205 9 10 0.031855244 
92 347 399 409 0.031851467 
918 240 9 10 0.031843152 
460 412 15 18 0.031819258 
453 522 16 21 0.03170369 
397 294 9 11 0.031666923 
994 514 12 14 0.031657528 
899 395 12 13 0.03163614 
554 305 19 26 0.031577643 
183 478 13 14 0.03157635 
746 612 17 20 0.031572238 
879 367 11 12 0.031539813 
584 238 7 9 0.031509206 
116 390 12 15 0.03147177 
914 222 7 10 0.03140415 
1 399 9 14 0.0313825 
410 339 11 15 0.03134782 
713 275 9 12 0.031340767 
910 326 9 12 0.031312827 
884 446 14 19 0.03129016 
661 272 10 12 0.03125946 
871 277 9 10 0.031239036 
318 340 11 14 0.03121513 
948 355 10 13 0.031211168 
976 406 10 13 0.031189453 
592 191 7 9 0.031159882 
973 312 9 12 0.031139068 
651 310 10 13 0.031112265 
440 277 8 10 0.031104159 
941 245 8 11 0.0310001 
411 413 22 27 0.030962909 
439 206 7 9 0.030934354 
899 407 11 14 0.03087509 
742 287 9 10 0.030841067 
633 167 7 10 0.030833602 
236 328 13 16 0.030821495 
854 372 10 13 0.030814672 
666 232 8 10 0.030810049 
735 248 19 24 0.03075945 
847 495 12 14 0.030699925 
494 314 12 14 0.030670155 
584 248 7 9 0.03066997 
824 389 12 15 0.030628063 
599 216 8 10 0.030627744 
672 185 7 9 0.030526599 
489 232 9 11 0.030321594 
988 476 14 19 0.03031134 
875 429 12 14 0.030272577 
553 232 7 9 0.030223463 
363 324 12 14 0.03019643 
497 208 7 10 0.03017786 
983 286 9 10 0.030145431 
656 189 8 11 0.030032417 
638 374 8 10 0.030029716 
633 222 8 10 0.029903067 
1009 336 18 25 0.029884238 
712 288 9 11 0.02977195 
211 421 11 13 0.029762076 
878 389 10 12 0.02973399 
830 540 12 15 0.029720245 
712 263 8 10 0.029716147 
415 277 8 10 0.029684449 
488 181 10 12 0.029679146 
927 381 11 15 0.029660422 
887 286 8 10 0.02964738 
700 35 11 14 0.029541291 
438 247 8 11 0.029525597 
607 216 8 10 0.029494442 
913 437 11 14 0.029472724 
615 246 10 12 0.029416751 
816 367 9 13 0.029416576 
1009 301 9 12 0.029350644 
514 239 7 9 0.029309222 
870 326 9 11 0.029201832 
921 473 12 17 0.029196871 
204 453 10 13 0.02916566 
256 482 18 22 0.029147295 
851 565 12 14 0.029125568 
927 239 7 9 0.029102793 
574 230 7 9 0.029084545 
552 157 24 29 0.02906725 
737 224 8 9 0.0290307 
377 338 14 17 0.02902295 
472 255 8 10 0.028988943 
865 350 10 13 0.02897007 
372 301 9 12 0.02886072 
1007 348 12 14 0.028838597 
975 244 9 11 0.0288115 
459 385 12 16 0.028782228 
488 310 9 12 0.028762914 
927 161 7 10 0.028725743 
583 200 9 11 0.028717266 
705 276 8 10 0.028696988 
848 276 8 11 0.028592423 
613 345 12 16 0.02858104 
950 365 9 12 0.028464237 
568 217 8 10 0.02839813 
567 319 13 18 0.028330294 
512 345 23 28 0.02831494 
879 334 9 12 0.028232552 
669 239 8 10 0.028105589 
541 239 7 9 0.028070448 
881 191 8 11 0.028035918 
116 404 21 25 0.027964713 
478 183 8 11 0.02794081 
585 263 8 9 0.0279395 
379 456 42 52 0.027912451 
967 301 9 11 0.027908232 
703 294 9 11 0.027903406 
870 167 8 10 0.027844602 
937 240 9 10 0.02780163 
746 161 6 8 0.02777464 
198 467 10 13 0.027771356 
414 247 8 11 0.027745768 
1013 388 10 17 0.027626107 
967 350 10 14 0.027598025 
848 254 9 12 0.027580926 
481 362 12 15 0.02756705 
480 324 10 12 0.027560083 
593 215 8 11 0.027545083 
937 421 10 13 0.02746997 
958 293 8 11 0.02743944 
1000 379 10 13 0.027418813 
805 498 14 18 0.02740338 
380 253 11 13 0.027400546 
426 209 8 10 0.027250392 
393 276 9 11 0.027235352 
804 595 14 16 0.027230866 
255 322 10 13 0.027203446 
895 334 9 12 0.027157187 
664 252 8 11 0.027134635 
656 223 8 10 0.027132744 
610 331 12 16 0.02703504 
360 277 9 10 0.026986266 
587 294 10 13 0.0269613 
618 274 11 14 0.026877359 
841 265 10 11 0.026859472 
223 343 19 22 0.02684996 
248 458 25 33 0.026837057 
967 502 10 14 0.026835252 
576 200 8 10 0.026812758 
607 255 9 11 0.02678802 
495 429 12 14 0.026753 
935 318 10 11 0.026734158 
885 366 10 13 0.026659831 
743 229 8 11 0.02664578 
674 190 6 8 0.026640892 
911 197 8 11 0.02659836 
985 295 8 10 0.026575081 
436 334 10 13 0.026566563 
649 215 7 9 0.026555907 
514 191 8 10 0.026505416 
390 333 9 11 0.026500383 
818 453 12 15 0.026494687 
926 214 8 9 0.026450483 
924 459 11 14 0.026439458 
1008 429 11 12 0.026418515 
871 365 9 13 0.026405543 
1015 306 9 12 0.026376506 
481 223 7 9 0.026366895 
537 338 14 17 0.026332611 
111 455 9 11 0.026325038 
974 445 12 15 0.026266325 
974 526 14 19 0.026242102 
430 231 8 10 0.026234923 
824 595 10 14 0.026219092 
280 294 8 11 0.02621531 
608 201 7 9 0.026167534 
479 279 7 10 0.026166819 
-1 426 8 15 0.026140062 
95 372 11 16 0.026122553 
943 230 7 8 0.026067173 
102 439 8 11 0.026052639 
930 247 7 10 0.026035972 
482 271 7 9 0.026020728 
711 230 8 10 0.025998766 
358 343 23 29 0.025981106 
519 362 14 18 0.025966678 
863 379 11 15 0.02596547 
868 378 12 14 0.025929932 
464 295 8 10 0.025918756 
821 301 9 11 0.025893873 
945 612 11 15 0.025892848 
409 286 9 10 0.02584024 
634 200 8 9 0.025824035 
284 279 9 12 0.025786843 
880 249 8 10 0.025753284 
582 182 7 10 0.025738908 
574 271 9 12 0.025723733 
919 264 7 9 0.025697406 
822 424 13 17 0.025689999 
856 388 10 13 0.02568989 
564 308 15 20 0.025629802 
176 473 124 190 0.025598222 
903 302 9 11 0.025587503 
870 435 11 14 0.02557392 
888 419 12 14 0.025550952 
367 278 9 11 0.025519025 
965 327 9 11 0.025492948 
588 376 17 23 0.025491882 
993 245 8 11 0.02545021 
689 249 7 10 0.0254041 
936 367 10 12 0.025341146 
633 208 7 9 0.025326509 
927 372 11 14 0.025313376 
930 288 8 10 0.025299406 
662 189 7 10 0.025235372 
941 239 9 11 0.025221353 
736 230 9 11 0.0252118 
990 599 14 19 0.025207505 
247 352 9 11 0.025203703 
1009 248 8 10 0.025201617 
326 441 15 23 0.02518795 
506 340 10 13 0.025134722 
456 335 11 13 0.025036694 
474 197 7 10 0.0250296 
909 208 7 9 0.025022216 
936 538 15 19 0.025019968 
672 232 8 10 0.025002345 
813 397 13 15 0.024988038 
440 300 8 10 0.024975253 
392 286 9 11 0.024970222 
946 451 12 17 0.024937442 
878 615 26 33 0.024901412 
894 300 9 11 0.02487341 
665 303 9 11 0.024861235 
943 437 10 14 0.024853026 
830 308 8 11 0.024803622 
375 294 10 13 0.024795786 
888 192 7 10 0.024749877 
721 161 7 8 0.024730042 
242 473 105 134 0.024690218 
439 397 10 13 0.024685735 
881 287 8 10 0.024670942 
123 388 12 15 0.024666812 
337 289 8 11 0.024628261 
410 504 14 20 0.024580635 
938 349 10 14 0.02453807 
198 394 9 12 0.024532063 
872 571 12 15 0.024521926 
697 238 8 9 0.024517948 
632 247 9 11 0.0244946 
997 352 11 15 0.024492241 
639 216 7 10 0.024472674 
827 469 11 14 0.024451625 
981 247 8 10 0.02444322 
585 253 7 10 0.024440968 
495 304 9 10 0.024411574 
526 256 8 10 0.024371222 
1010 253 8 11 0.024361912 
358 522 12 16 0.024294637 
513 232 7 9 0.024245294 
246 297 18 24 0.024206353 
951 265 7 9 0.024194594 
46 427 13 16 0.024177993 
616 201 6 8 0.02414695 
448 200 7 8 0.024131928 
834 563 11 15 0.024091113 
885 350 10 12 0.02409022 
1006 327 20 24 0.02406689 
898 579 17 20 0.024053846 
126 336 10 13 0.024026288 
430 213 8 10 0.02400518 
998 341 9 11 0.023989419 
199 413 8 10 0.023981532 
433 253 8 10 0.023978775 
416 224 8 10 0.023972554 
752 241 9 11 0.023889676 
819 348 12 16 0.023873772 
631 262 9 12 0.023863435 
533 387 12 13 0.023817088 
907 358 11 14 0.023816856 
569 357 12 15 0.023771197 
440 215 8 10 0.023737222 
455 206 7 10 0.023709275 
129 347 15 17 0.02370217 
982 354 11 13 0.02368558 
985 518 16 20 0.023684863 
857 539 11 16 0.023658182 
624 201 7 8 0.023655292 
81 424 15 17 0.023641117 
356 496 15 20 0.0236296 
690 216 8 10 0.02361532 
1009 287 8 11 0.023608284 
995 460 12 15 0.023573851 
879 317 10 12 0.023559486 
457 199 7 9 0.023555456 
811 340 11 16 0.023484092 
976 269 9 11 0.023447035 
872 249 8 10 0.023406312 
347 467 16 21 0.023379028 
485 270 9 10 0.023345355 
969 183 8 10 0.023343887 
473 168 8 10 0.02334137 
553 224 7 9 0.023340954 
1010 606 15 22 0.023320233 
50 397 12 17 0.023317736 
704 230 7 9 0.02331591 
971 380 11 14 0.023285076 
101 499 11 13 0.02323885 
928 327 9 11 0.023225877 
502 278 8 10 0.023197463 
958 288 8 10 0.023195505 
972 568 16 19 0.023165157 
981 413 11 15 0.02314266 
446 318 9 12 0.023105886 
499 310 12 14 0.023102777 
941 416 18 22 0.023087313 
862 555 10 13 0.023083495 
260 237 9 11 0.023040775 
657 242 8 9 0.022992276 
933 254 9 9 0.022980377 
231 481 15 21 0.022911288 
639 245 9 10 0.02289943 
962 593 18 22 0.022869725 
484 421 11 15 0.022859722 
632 306 11 13 0.022839349 
806 365 11 12 0.022819424 
480 247 8 10 0.022810671 
483 396 16 20 0.022810139 
991 489 26 31 0.022707587 
398 450 13 17 0.022693114 
136 393 12 15 0.022691611 
742 224 8 10 0.022688884 
458 270 8 10 0.022659672 
447 278 8 10 0.022642836 
959 396 11 14 0.02263939 
526 231 7 10 0.022586139 
37 426 13 16 0.022583501 
649 247 10 11 0.022582348 
253 457 16 21 0.02254963 
607 230 7 10 0.022516934 
353 271 9 10 0.022508025 
29 428 11 16 0.02247588 
929 286 20 23 0.022472585 
607 222 8 10 0.022422932 
849 177 7 9 0.022422487 
1012 548 13 18 0.02241918 
843 419 13 16 0.022411585 
704 159 7 9 0.022410039 
521 205 7 9 0.022393335 
844 295 9 11 0.02238511 
585 299 10 13 0.022382697 
39 400 15 19 0.02238068 
729 225 7 8 0.02236836 
68 420 12 17 0.022367341 
577 183 8 10 0.022361346 
476 420 12 16 0.02233532 
450 286 8 11 0.022326171 
943 580 13 18 0.022316305 
637 166 7 10 0.022295738 
583 176 8 10 0.022288669 
896 505 14 19 0.022282694 
898 207 8 10 0.022270985 
908 570 13 16 0.02226495 
600 245 7 10 0.022254528 
798 402 12 15 0.022236276 
312 305 8 12 0.022214973 
814 418 12 17 0.022207502 
862 527 11 14 0.022206802 
120 335 10 12 0.022174051 
187 367 19 23 0.022141298 
791 342 13 19 0.02214028 
342 288 9 11 0.022132168 
488 207 7 10 0.022130696 
445 222 9 10 0.022060167 
602 330 12 17 0.022048 
374 218 12 14 0.022046437 
898 418 12 15 0.021992106 
624 225 7 9 0.021972485 
736 293 8 10 0.02189825 
601 318 9 12 0.021883879 
887 621 15 19 0.021875488 
989 390 10 14 0.021848306 
945 306 11 13 0.021834305 
263 353 12 16 0.021808906 
437 340 11 13 0.02180316 
517 352 24 30 0.021800842 
968 248 8 10 0.021792281 
459 403 14 16 0.021781243 
233 313 9 11 0.021729276 
461 473 14 19 0.021727659 
759 284 11 14 0.021698076 
322 294 8 11 0.021690983 
457 191 7 9 0.02168021 
868 451 13 16 0.021674199 
127 365 15 18 0.021673778 
454 285 9 11 0.02167049 
646 240 8 10 0.021647798 
480 297 7 10 0.021646626 
486 372 13 17 0.021637045 
952 287 8 9 0.021604879 
407 317 10 12 0.021600476 
924 419 13 16 0.021565663 
511 324 13 16 0.021559225 
521 271 8 10 0.021550743 
589 350 10 12 0.021525634 
457 239 7 10 0.021502228 
575 247 7 11 0.021487286 
982 254 7 9 0.021469211 
785 388 10 13 0.021439617 
471 213 8 10 0.02143154 
501 387 13 17 0.021421064 
921 200 8 10 0.021410026 
831 359 10 12 0.021406922 
733 236 9 11 0.021406049 
397 276 10 12 0.021405196 
361 298 19 22 0.02139281 
877 434 12 16 0.021357005 
515 436 13 18 0.021351648 
926 479 15 19 0.021333832 
290 362 13 16 0.021314962 
724 249 21 25 0.021307845 
481 355 21 24 0.021291424 
326 249 14 16 0.021280343 
701 262 9 12 0.021272046 
884 466 14 18 0.021264287 
551 298 10 11 0.021258939 
416 229 9 12 0.021233855 
358 333 16 19 0.021226635 
519 233 9 10 0.021188403 
637 333 10 13 0.021187667 
238 372 13 16 0.02115775 
538 351 126 165 0.021147206 
993 191 9 11 0.021142129 
847 484 12 14 0.021139776 
623 213 7 9 0.021135826 
735 617 15 21 0.021114614 
429 240 8 11 0.021090334 
498 270 8 10 0.021086318 
835 427 14 18 0.021074375 
891 239 8 10 0.021063484 
838 286 8 11 0.021050416 
656 198 7 9 0.021016028 
791 335 12 17 0.021014106 
446 347 10 13 0.021012986 
253 334 11 13 0.020961257 
868 445 12 15 0.020958887 
1000 332 10 12 0.020945659 
334 336 9 12 0.020897951 
890 197 8 10 0.020888556 
887 248 8 10 0.020870423 
405 393 13 18 0.020860365 
881 183 7 10 0.02083084 
933 413 11 13 0.020822896 
578 190 9 10 0.020822342 
234 384 19 24 0.02081311 
590 270 8 11 0.020808095 
974 419 11 15 0.020801825 
633 366 10 12 0.020795556 
176 366 20 24 0.020788789 
103 492 12 14 0.02075965 
669 286 10 13 0.020727588 
827 484 12 16 0.020712573 
413 304 9 11 0.020702118 
458 515 15 20 0.020699712 
953 596 43 51 0.020646894 
703 239 9 11 0.020644708 
682 176 7 8 0.020638542 
553 181 10 12 0.020619314 
168 327 8 10 0.020586537 
760 237 10 12 0.020585524 
862 256 7 9 0.020576693 
542 213 8 10 0.020559855 
943 456 12 16 0.020515237 
429 287 9 11 0.020508273 
902 246 8 9 0.02049669 
135 376 19 23 0.020418147 
965 573 15 18 0.02040686 
961 254 7 10 0.020398559 
768 153 6 9 0.020375406 
254 385 11 16 0.020356594 
988 659 17 24 0.020338934 
454 393 13 16 0.020334091 
1002 632 21 31 0.020298254 
922 609 15 17 0.020296771 
467 415 22 27 0.020291252 
101 420 10 12 0.02029108 
911 151 6 8 0.02025074 
527 338 21 27 0.020245817 
936 158 7 10 0.020242235 
127 293 221 234 0.020228408 
987 532 20 25 0.020223629 
930 254 8 10 0.020207139 
879 261 9 11 0.02019974 
502 271 8 10 0.020132145 
385 500 12 16 0.020126268 
4 409 13 19 0.020096386 
727 160 8 9 0.020088166 
382 471 16 22 0.020047575 
696 267 9 12 0.020034363 
793 136 7 10 0.02001714 
900 331 19 22 0.02000778 
