0_Parade_marchingband_1_488
143
445 267 22 31 0.9786431 
41 267 20 26 0.97783047 
270 332 14 17 0.93134874 
323 314 14 19 0.80955803 
610 323 13 19 0.6826841 
895 391 9 12 0.49577653 
684 330 11 15 0.36412075 
86 114 13 17 0.33351627 
763 372 12 15 0.25369003 
910 383 9 12 0.25140432 
698 383 14 16 0.22395948 
854 364 9 12 0.21252918 
678 327 12 17 0.20934829 
760 367 10 13 0.17313692 
938 376 8 10 0.1724341 
973 390 7 11 0.16864976 
728 360 9 12 0.16261804 
59 120 14 16 0.15202206 
605 319 14 19 0.13656242 
79 267 22 27 0.13102643 
912 386 10 13 0.1282414 
906 383 8 11 0.10424899 
372 344 10 13 0.10369527 
860 213 11 13 0.09773676 
645 350 10 14 0.09331129 
784 395 12 13 0.08269454 
850 365 10 13 0.08192699 
919 421 13 18 0.07602101 
948 407 11 12 0.07330077 
725 338 13 16 0.06878731 
95 70 11 13 0.06089158 
939 380 11 14 0.060662284 
985 406 8 10 0.05805121 
215 124 8 10 0.05689455 
809 383 8 10 0.055098943 
851 357 10 14 0.054746777 
872 405 10 12 0.053445797 
617 322 14 20 0.052255202 
968 406 9 11 0.051808868 
673 329 13 18 0.05123298 
601 320 12 14 0.050483897 
600 327 13 18 0.049159206 
900 388 10 13 0.047374543 
689 330 13 17 0.046096046 
81 115 12 17 0.045829836 
823 402 13 16 0.04472952 
848 370 10 12 0.043179795 
915 383 13 14 0.04163895 
889 396 10 13 0.0409555 
940 385 13 16 0.040771876 
870 378 12 15 0.04046255 
853 369 10 12 0.040122565 
737 326 10 12 0.038752463 
856 207 10 12 0.03851356 
760 122 12 14 0.03782431 
512 352 10 11 0.03703256 
758 387 12 14 0.03690061 
721 364 9 13 0.036071975 
985 401 9 11 0.03577003 
93 367 10 12 0.034331977 
844 396 9 12 0.033881333 
66 120 14 15 0.033820808 
984 414 9 12 0.0332694 
430 275 12 18 0.032929 
448 195 9 11 0.03231928 
253 290 16 20 0.03211071 
736 388 10 11 0.03179911 
805 398 9 12 0.031773604 
392 302 11 13 0.03165296 
758 373 19 23 0.031094592 
741 384 9 11 0.031018952 
849 200 8 9 0.031012008 
649 1 87 112 0.030626336 
1 243 11 16 0.030331487 
865 380 11 14 0.029957404 
725 369 12 15 0.029662397 
1002 210 21 36 0.02964738 
721 358 8 11 0.029148849 
503 312 11 14 0.028902207 
77 102 10 14 0.028697709 
646 349 22 28 0.028043643 
104 296 15 20 0.028042316 
860 365 8 11 0.02795973 
399 318 22 31 0.027815733 
752 347 10 13 0.027811537 
941 397 12 13 0.027620994 
605 333 15 20 0.027456999 
845 391 8 12 0.027328225 
1013 309 9 15 0.027224917 
949 364 9 11 0.027221901 
307 347 42 44 0.026548646 
756 328 215 191 0.026447706 
75 229 21 28 0.026429703 
398 298 12 14 0.025909139 
983 435 9 12 0.025882434 
807 388 10 11 0.025697703 
764 387 12 13 0.025168778 
899 396 11 13 0.025020683 
122 60 13 18 0.024943085 
837 423 9 11 0.024891136 
969 395 9 12 0.024891011 
944 368 8 9 0.024871882 
639 343 11 15 0.024803132 
836 221 11 13 0.024495216 
907 378 17 22 0.024483997 
753 366 10 14 0.024468793 
463 308 11 13 0.024202678 
757 347 10 12 0.023985755 
326 340 14 16 0.023967102 
734 333 10 13 0.023837624 
86 263 13 16 0.023574855 
911 414 10 12 0.023461608 
425 277 12 18 0.023414832 
730 362 12 14 0.02332159 
876 376 11 12 0.02331047 
989 420 9 11 0.023218846 
639 352 13 17 0.023116175 
837 429 9 12 0.023060134 
54 124 24 27 0.02305109 
591 330 11 16 0.02280678 
685 389 10 13 0.022584684 
854 206 20 24 0.02204604 
849 212 10 12 0.021932935 
890 364 8 11 0.021722343 
428 339 31 32 0.021504093 
969 411 9 11 0.021493249 
494 333 13 16 0.021365028 
688 302 10 12 0.02121506 
59 112 21 25 0.021210093 
863 396 9 12 0.02116181 
855 200 8 10 0.021010298 
68 108 13 17 0.02100609 
720 238 9 10 0.020756 
71 103 10 13 0.02070418 
766 395 10 12 0.020700293 
772 373 10 13 0.020693382 
757 395 11 13 0.020512877 
677 333 15 21 0.020479245 
329 319 15 19 0.020422934 
833 223 8 11 0.020336866 
657 325 24 30 0.020190997 
742 330 10 13 0.020083161 
719 348 11 14 0.02005037 
