0_Parade_marchingband_1_382
91
337 99 34 42 0.99948466 
801 121 38 45 0.9992204 
145 168 36 47 0.99813074 
448 39 32 37 0.9973349 
204 69 23 33 0.9438522 
932 73 18 25 0.9256196 
979 92 21 30 0.86050093 
955 69 16 27 0.85638314 
998 25 11 16 0.4891765 
926 136 22 26 0.4888908 
903 62 19 30 0.41931722 
1001 100 16 25 0.40249676 
911 30 14 21 0.35838446 
992 97 19 27 0.3335084 
194 17 61 81 0.27553937 
989 5 12 14 0.16464792 
941 1 11 11 0.13863337 
932 0 14 13 0.12815183 
213 58 27 40 0.09309786 
982 77 24 30 0.08058332 
767 0 28 22 0.071144134 
910 22 14 18 0.06009041 
950 202 46 61 0.05777641 
985 73 18 21 0.055096403 
743 46 28 32 0.053919706 
739 11 28 30 0.05182086 
990 19 15 19 0.05061437 
984 68 14 18 0.048327945 
265 2 46 65 0.04555614 
527 46 189 204 0.045330886 
895 131 14 18 0.04275978 
991 54 10 13 0.04075595 
955 181 15 21 0.038594395 
740 143 18 23 0.038162358 
185 3 47 56 0.0380667 
726 98 22 33 0.038038027 
915 36 15 20 0.037577856 
996 21 18 24 0.037079807 
738 21 31 38 0.036506742 
911 9 26 30 0.035958465 
193 49 44 61 0.03456753 
89 60 19 19 0.033880554 
929 -1 20 24 0.03311499 
1007 103 16 25 0.03207598 
959 110 23 30 0.03122718 
903 29 14 18 0.031097533 
902 85 22 29 0.03068433 
986 6 21 26 0.030414863 
901 17 22 31 0.029685985 
936 139 15 20 0.029161237 
997 3 12 15 0.028661668 
822 255 10 13 0.028517097 
1005 4 10 13 0.027999759 
944 193 30 46 0.027923515 
912 71 25 30 0.027883133 
554 116 27 40 0.027875269 
692 84 50 65 0.027478509 
946 3 12 13 0.027444543 
911 65 18 24 0.027170267 
939 19 12 16 0.027164407 
923 12 16 20 0.026653435 
914 24 21 26 0.026542006 
659 61 14 18 0.026267543 
948 139 11 15 0.025884327 
901 50 14 21 0.025867965 
916 144 16 20 0.02574063 
908 12 16 18 0.02565108 
760 4 33 34 0.025608107 
519 30 43 60 0.025578469 
37 33 55 81 0.025451519 
888 237 11 13 0.024834232 
942 59 13 18 0.024628581 
120 247 12 14 0.024528164 
1008 182 12 14 0.023516832 
997 11 14 19 0.023506433 
16 12 90 126 0.022949114 
221 51 32 42 0.022704856 
901 11 14 17 0.022636073 
529 43 95 126 0.022292119 
903 41 13 18 0.02206425 
931 12 14 17 0.021876676 
902 34 21 30 0.021856034 
1006 187 14 18 0.021743516 
346 -1 31 31 0.02168733 
982 19 13 16 0.021528553 
115 238 26 32 0.021512825 
713 93 42 63 0.021328898 
319 32 48 63 0.021134892 
896 142 23 27 0.020871088 
218 -2 70 102 0.020625487 
899 159 16 20 0.020189984 
