0_Parade_Parade_0_519
65
417 256 115 129 0.9998258 
863 251 93 111 0.99935156 
88 249 31 40 0.9963431 
755 264 29 32 0.9831548 
172 266 72 87 0.9792438 
666 309 38 53 0.84644437 
116 266 38 50 0.75687784 
708 269 19 29 0.2846281 
739 313 28 43 0.16507974 
100 257 36 47 0.159449 
658 253 15 17 0.10173381 
655 258 12 14 0.08985967 
289 282 32 44 0.08733919 
979 227 11 14 0.07726686 
590 281 32 48 0.069284655 
996 253 22 30 0.068729825 
731 275 14 19 0.060551453 
922 342 45 60 0.05747307 
725 269 13 18 0.055504467 
235 278 20 31 0.051329695 
717 270 20 27 0.05058482 
276 300 29 37 0.049404703 
702 272 16 21 0.04879407 
293 285 47 58 0.045793064 
797 235 10 12 0.045687012 
17 638 41 48 0.03951635 
220 382 46 54 0.03869633 
979 235 12 15 0.034197655 
813 277 21 28 0.033560604 
65 740 28 29 0.03197836 
642 299 46 58 0.028562725 
654 265 12 14 0.028450495 
738 276 13 17 0.028314402 
1015 198 8 13 0.028143218 
924 70 10 13 0.028047336 
283 274 30 36 0.027816156 
333 427 40 53 0.026783803 
700 253 24 33 0.026741358 
271 313 14 18 0.026259264 
60 715 28 41 0.026190246 
678 266 15 18 0.026075928 
275 283 91 100 0.025878586 
348 387 48 60 0.025103256 
21 697 30 41 0.024821592 
1003 212 12 15 0.02461223 
337 361 31 38 0.024203202 
594 266 25 39 0.023943724 
930 192 17 19 0.023572056 
14 629 24 32 0.023269476 
604 274 37 53 0.022959992 
9 688 52 66 0.022944145 
623 287 28 37 0.022901503 
154 265 55 68 0.02237997 
733 269 22 29 0.022339268 
742 260 12 17 0.022184074 
956 330 29 37 0.022132486 
136 268 33 47 0.022048844 
326 490 35 51 0.021954136 
204 270 43 46 0.021627119 
257 308 27 37 0.02101621 
923 181 13 15 0.020796385 
695 274 14 17 0.020660784 
646 287 68 94 0.020623706 
919 187 30 34 0.020481562 
614 259 12 17 0.020446833 
