0_Parade_Parade_0_266
516
954 338 26 32 0.99578935 
28 418 14 17 0.96387833 
861 570 24 40 0.7250349 
908 439 22 27 0.69860494 
636 380 91 109 0.57382464 
451 410 17 21 0.5531508 
366 357 21 28 0.543626 
957 310 10 12 0.36419907 
213 382 9 14 0.36149538 
995 322 18 23 0.35915178 
207 331 11 13 0.33277398 
265 436 9 11 0.31971174 
225 316 11 15 0.31480104 
128 331 10 14 0.2916972 
164 332 11 14 0.27072895 
153 316 9 11 0.24539383 
68 443 12 15 0.23423146 
48 335 10 13 0.23214245 
171 416 12 16 0.23041865 
27 449 16 18 0.22692616 
929 296 9 12 0.21117963 
128 406 11 14 0.2069428 
502 311 10 12 0.20625162 
929 426 20 30 0.20332661 
68 330 12 15 0.20012501 
79 428 12 14 0.19598794 
887 320 7 10 0.19499306 
703 354 44 79 0.18989493 
6 331 9 12 0.18943469 
815 318 8 9 0.18679784 
126 327 10 13 0.1832897 
148 415 11 14 0.17807499 
111 318 9 11 0.17555295 
25 334 10 12 0.17047475 
873 344 7 9 0.16885263 
912 317 8 10 0.1663236 
217 442 14 16 0.16592501 
356 522 16 18 0.16557048 
762 318 8 11 0.16095541 
921 440 17 24 0.15997934 
810 318 6 9 0.15796097 
792 349 7 10 0.15559855 
831 311 7 9 0.14011726 
934 413 22 38 0.1358924 
125 373 12 15 0.13580695 
225 339 11 13 0.13411292 
91 338 11 14 0.12904906 
871 311 8 10 0.1257126 
5 437 10 14 0.12358773 
95 445 13 16 0.12348357 
71 361 12 14 0.122989915 
6 428 9 13 0.12288866 
864 312 8 9 0.12016949 
133 333 9 12 0.119954005 
199 175 9 11 0.11986196 
933 362 11 13 0.116778575 
894 373 8 11 0.11633137 
142 341 9 12 0.11535028 
159 342 10 12 0.114820965 
175 327 10 13 0.1137726 
192 350 10 12 0.112490505 
93 451 12 14 0.1115169 
0 423 9 14 0.1075491 
999 411 18 35 0.10491454 
340 372 25 29 0.103730336 
229 423 9 11 0.103408396 
864 318 8 9 0.10228163 
119 371 14 15 0.10193943 
933 300 9 11 0.10111234 
95 395 10 12 0.10093445 
188 356 10 12 0.09987848 
225 427 9 11 0.09818196 
398 421 27 26 0.096406884 
938 395 25 40 0.09303664 
520 340 8 11 0.09257383 
911 311 8 11 0.091618806 
525 311 9 11 0.091280974 
1002 337 15 20 0.090482555 
991 307 13 15 0.088885844 
542 308 8 10 0.08851365 
1 325 11 16 0.08561651 
151 341 9 12 0.08531715 
842 319 7 8 0.083040155 
956 333 16 21 0.08277728 
216 459 10 13 0.082564004 
197 342 10 13 0.081455015 
773 357 7 9 0.08090111 
88 411 13 15 0.080312975 
902 329 7 9 0.080084614 
857 313 6 8 0.079748906 
207 452 10 13 0.079176635 
956 327 14 17 0.079080135 
837 366 8 10 0.079007134 
959 305 10 12 0.07821109 
782 310 8 11 0.07798931 
236 456 11 12 0.07630198 
913 303 7 10 0.0758473 
120 334 10 13 0.07582013 
838 359 7 9 0.07524797 
232 460 11 13 0.074799694 
560 325 7 10 0.07395947 
829 328 9 11 0.072909765 
117 339 12 15 0.07258897 
44 419 11 16 0.07248659 
133 374 12 16 0.07226913 
31 310 10 13 0.07216319 
996 304 11 14 0.07124518 
118 437 10 13 0.07100082 
76 434 14 17 0.07043068 
793 343 8 10 0.07038681 
350 364 24 30 0.070160866 
304 334 9 11 0.07014164 
136 341 9 12 0.06898757 
769 358 7 9 0.06830711 
239 439 9 11 0.06782937 
240 389 9 10 0.067737855 
896 311 7 8 0.06773547 
1002 315 20 30 0.066466376 
87 325 9 11 0.06644985 
831 334 8 9 0.0651859 
215 453 11 13 0.06517736 
182 446 11 15 0.06517462 
210 112 189 244 0.06488688 
121 325 9 11 0.06484085 
269 445 10 12 0.06472831 
873 349 7 9 0.06448136 
864 325 8 9 0.06439829 
106 318 9 12 0.06387833 
456 290 11 15 0.06356584 
257 424 8 10 0.061660513 
545 356 13 15 0.061289553 
117 319 9 11 0.061052218 
561 321 8 11 0.060841136 
904 312 7 9 0.060509082 
863 352 7 9 0.060445644 
92 458 13 15 0.060412347 
286 366 7 10 0.059500784 
307 225 13 17 0.059473306 
212 325 11 13 0.05945084 
192 344 10 12 0.05888544 
896 368 8 11 0.05884196 
334 129 26 30 0.0582021 
521 316 9 11 0.056849945 
180 333 9 12 0.05606809 
142 334 9 12 0.05604674 
852 510 12 16 0.055568695 
438 310 12 16 0.05523324 
817 336 7 9 0.055168647 
794 326 8 10 0.05484712 
106 325 9 11 0.05468909 
982 313 11 15 0.05442196 
230 439 10 13 0.054375835 
46 472 10 14 0.054174803 
605 283 13 15 0.05412081 
117 402 12 15 0.05403107 
251 477 10 13 0.053836793 
1008 309 12 15 0.05374767 
904 397 11 14 0.053623155 
468 346 14 17 0.053231485 
896 718 37 49 0.05314354 
214 254 10 13 0.052818127 
888 392 9 10 0.052597325 
29 338 10 13 0.052518375 
238 399 10 13 0.051227983 
553 334 8 11 0.0510717 
902 359 7 9 0.051061388 
228 312 11 14 0.05102634 
143 317 10 11 0.05077038 
34 414 15 18 0.0504308 
245 431 9 11 0.050299615 
72 339 11 13 0.050261255 
878 360 7 9 0.05017708 
924 428 15 23 0.0498648 
35 357 11 15 0.04980483 
88 320 9 11 0.04962933 
52 338 9 14 0.04942964 
499 310 9 11 0.048754994 
12 427 10 13 0.04854506 
950 326 11 14 0.04814881 
798 335 9 11 0.048108377 
141 327 10 11 0.047860403 
538 364 15 16 0.047805756 
159 327 12 14 0.04775983 
117 431 9 11 0.047345694 
153 278 8 11 0.04724422 
863 366 6 9 0.04712361 
878 492 27 34 0.046957664 
919 303 8 9 0.045928918 
963 309 11 14 0.045620933 
457 179 27 34 0.045446627 
849 353 7 9 0.04507867 
937 349 10 14 0.044823922 
52 366 11 14 0.04479561 
376 360 16 22 0.04476307 
221 462 9 11 0.044498798 
445 316 12 15 0.04444617 
778 319 9 11 0.04439536 
14 334 8 12 0.044317774 
526 305 8 10 0.044292342 
429 299 11 15 0.044058073 
234 399 9 12 0.044052552 
257 429 10 13 0.043872394 
937 342 10 12 0.04376901 
250 155 124 143 0.043532297 
176 319 10 11 0.043391228 
945 324 10 12 0.043112975 
125 338 12 15 0.042184908 
335 374 13 16 0.041952416 
76 359 10 13 0.04176888 
511 340 11 12 0.04152663 
4 317 12 14 0.041216046 
207 337 11 14 0.04101161 
882 319 8 9 0.040446687 
870 581 21 26 0.040391687 
149 335 10 12 0.040342107 
887 324 7 11 0.040341165 
913 357 7 9 0.040333018 
877 343 8 10 0.040266164 
917 318 8 10 0.040252768 
830 304 7 9 0.040006418 
589 317 12 14 0.03983583 
879 366 7 9 0.039821614 
265 478 11 13 0.03978438 
538 304 8 10 0.039690733 
447 396 26 31 0.03966965 
245 446 9 12 0.039375756 
100 439 12 15 0.03913969 
561 303 7 9 0.03887224 
903 444 17 22 0.038870476 
902 367 7 10 0.03864191 
41 340 9 12 0.03793391 
74 441 12 16 0.037841193 
93 436 22 29 0.037836254 
463 299 9 11 0.03783227 
845 573 27 37 0.037703726 
0 485 7 13 0.037628606 
104 311 9 11 0.037627388 
222 469 9 12 0.03752575 
826 327 7 9 0.037398525 
120 262 8 11 0.037215453 
246 146 14 15 0.0369644 
777 375 9 10 0.036913585 
127 321 9 11 0.036890857 
898 426 37 47 0.036767684 
525 350 10 11 0.036739264 
274 334 9 11 0.03656941 
157 348 10 11 0.03650646 
846 318 7 9 0.03638964 
264 444 10 12 0.0362699 
527 385 13 16 0.036124855 
856 357 8 10 0.03606857 
667 356 77 107 0.03605889 
870 317 8 10 0.03605063 
765 313 9 10 0.03596024 
889 313 7 9 0.03574601 
144 311 10 12 0.035664 
24 315 10 13 0.035619464 
128 420 10 14 0.035617333 
63 450 13 15 0.03546739 
254 462 9 12 0.03543996 
270 482 11 14 0.03521254 
848 313 7 9 0.035191767 
858 318 7 8 0.035093717 
865 305 7 9 0.03508305 
861 357 8 10 0.034947447 
157 413 10 14 0.034818273 
50 303 16 19 0.034803834 
918 358 7 9 0.034666616 
898 327 8 10 0.03460485 
0 454 10 17 0.034533028 
1 285 9 13 0.034493294 
33 302 9 12 0.034492496 
244 437 9 12 0.034380555 
110 334 10 12 0.034344763 
91 406 13 16 0.034203276 
268 433 9 11 0.034193676 
809 314 7 9 0.03415917 
470 294 11 15 0.034049008 
674 419 32 44 0.033959642 
188 446 10 13 0.03394063 
898 334 7 8 0.03377044 
873 336 9 11 0.033739932 
130 410 11 15 0.033690035 
104 333 9 12 0.033607353 
552 297 7 9 0.03353279 
202 469 13 16 0.033450413 
798 340 8 11 0.03327799 
778 304 7 9 0.03318661 
503 306 8 10 0.03316627 
871 305 7 9 0.032971654 
113 435 11 15 0.032959115 
278 445 11 12 0.032879964 
722 372 28 56 0.03277213 
553 329 7 9 0.032703802 
923 524 12 13 0.032643564 
832 340 8 10 0.032632943 
538 309 8 10 0.032585684 
930 360 9 12 0.03256841 
835 361 7 9 0.03255154 
888 335 7 9 0.03253847 
799 320 8 9 0.03249908 
847 327 7 10 0.03230713 
461 320 14 20 0.03226174 
881 325 8 10 0.032208666 
894 380 8 11 0.03216341 
204 174 12 13 0.032151967 
216 403 9 12 0.032063533 
935 380 11 15 0.03187958 
123 439 10 12 0.031667467 
134 328 10 13 0.031628575 
944 318 9 13 0.031628318 
94 319 8 10 0.031471487 
212 206 16 20 0.031426284 
47 345 10 15 0.031304482 
141 378 10 14 0.031245643 
240 444 9 11 0.030772593 
12 315 12 14 0.030715747 
774 353 7 9 0.030456102 
888 342 7 10 0.030336129 
508 310 9 12 0.030255333 
542 350 12 13 0.030070623 
411 369 17 20 0.02996945 
878 312 7 9 0.029918484 
809 352 8 9 0.029892199 
5 451 11 17 0.029700356 
502 340 11 14 0.029656827 
991 306 21 26 0.02959444 
913 352 7 10 0.029213242 
827 303 6 9 0.02911259 
188 365 11 13 0.029106276 
256 452 9 11 0.029095836 
843 606 11 16 0.029087324 
898 360 7 9 0.029061696 
176 365 12 15 0.029035658 
43 361 20 26 0.02901224 
928 325 9 12 0.028948026 
204 285 10 12 0.028942438 
896 305 7 9 0.028866591 
341 141 16 20 0.02878689 
600 277 23 29 0.028728161 
264 385 8 11 0.028679444 
510 304 8 9 0.028667517 
182 339 10 13 0.028384848 
982 726 36 44 0.028345553 
78 326 9 12 0.028288785 
933 391 21 29 0.028038777 
36 308 10 14 0.028022172 
158 279 8 11 0.028007701 
454 317 26 33 0.027997069 
777 324 8 10 0.027867345 
386 347 12 16 0.0277025 
497 315 11 15 0.027660055 
136 347 11 12 0.02751577 
794 334 8 11 0.02751246 
585 315 11 15 0.027477922 
186 474 12 16 0.027419526 
237 465 12 15 0.027380286 
920 280 8 10 0.027343458 
150 406 10 13 0.027300121 
991 491 35 59 0.027217532 
934 386 11 17 0.027159404 
477 362 13 17 0.02713975 
947 478 30 40 0.026836293 
724 128 51 68 0.026791783 
281 359 8 11 0.026719615 
246 469 11 14 0.026711306 
110 374 13 15 0.026662605 
134 362 11 15 0.026643762 
525 342 9 11 0.026520085 
439 330 25 32 0.026506793 
0 443 10 17 0.026506646 
538 341 12 14 0.026492875 
495 325 10 13 0.026429126 
897 562 28 39 0.026412629 
277 454 13 15 0.026359275 
358 360 16 21 0.02632108 
991 328 23 31 0.026316782 
826 311 7 10 0.026312102 
159 419 11 15 0.026307296 
47 329 10 12 0.026261467 
943 312 8 10 0.02615082 
216 317 12 15 0.025907421 
954 309 20 24 0.025873112 
458 334 24 31 0.025847258 
941 296 10 11 0.02580641 
550 302 7 9 0.02568216 
777 380 9 11 0.025679082 
842 326 8 10 0.025678508 
371 348 17 21 0.025670828 
246 452 10 12 0.025588933 
784 360 8 9 0.025505248 
7 313 11 12 0.025499867 
246 462 10 14 0.025490282 
209 379 18 24 0.025487004 
143 405 10 12 0.025357231 
435 300 13 17 0.025337161 
88 347 11 13 0.025220096 
921 285 9 11 0.025207147 
894 390 9 11 0.025188372 
157 414 18 25 0.025128473 
149 398 9 12 0.025104556 
824 334 8 10 0.02504936 
245 390 8 10 0.024994237 
119 424 9 11 0.024985412 
89 396 10 12 0.024960661 
477 293 10 13 0.024923116 
65 439 12 14 0.024869513 
565 319 8 10 0.024854496 
180 326 9 13 0.024777345 
326 362 37 46 0.024676025 
831 316 8 10 0.024596334 
422 293 20 26 0.024497204 
167 425 14 17 0.02440895 
144 398 10 12 0.024336254 
934 373 11 15 0.02430391 
202 332 9 13 0.024052147 
602 285 10 13 0.024020946 
191 318 9 12 0.024008406 
890 368 8 10 0.023998313 
512 409 17 19 0.023929292 
100 396 11 14 0.023856249 
201 326 10 13 0.023839688 
793 320 8 10 0.023838736 
109 411 12 14 0.023798123 
891 583 31 37 0.023768663 
490 369 24 29 0.023754917 
926 288 9 10 0.023752522 
105 436 20 26 0.023655847 
116 312 9 11 0.023598855 
35 356 20 27 0.023578405 
245 471 19 25 0.023561198 
933 487 28 39 0.023403382 
77 341 10 13 0.023324402 
888 360 7 9 0.023263302 
910 390 11 13 0.02309056 
52 312 13 16 0.02307646 
7 402 14 17 0.023040147 
273 462 10 12 0.023033906 
895 343 8 10 0.023000514 
474 346 24 29 0.022921326 
45 284 11 12 0.022816217 
124 367 11 13 0.022777101 
89 444 10 14 0.022770338 
83 419 15 18 0.022734871 
110 423 10 11 0.022608107 
127 5 367 447 0.022602223 
285 439 11 12 0.022587165 
216 310 11 13 0.022571847 
496 332 9 13 0.022535885 
126 400 18 24 0.022516735 
757 335 9 11 0.022454163 
84 436 11 14 0.022386009 
271 451 11 13 0.022285063 
157 312 10 13 0.02227793 
976 311 9 12 0.022231163 
929 357 20 24 0.022191135 
460 381 14 16 0.022152515 
37 294 10 12 0.022139238 
231 452 21 24 0.022119632 
382 377 115 121 0.022104993 
878 335 8 10 0.022078378 
231 225 11 14 0.021948537 
5 378 12 14 0.021933813 
126 427 10 12 0.02193038 
39 350 9 13 0.021855336 
466 185 15 20 0.021844212 
258 435 9 12 0.021828953 
261 425 8 10 0.021804467 
101 339 10 14 0.02178297 
692 480 17 20 0.021775676 
566 310 8 10 0.021767167 
309 213 10 14 0.021755079 
454 297 12 14 0.021680182 
547 156 13 15 0.021625837 
219 396 11 13 0.021582603 
987 416 25 34 0.021572674 
104 404 10 15 0.021528127 
198 315 11 13 0.021286944 
12 446 19 26 0.021273036 
230 252 10 14 0.021231376 
110 398 14 17 0.021165846 
815 360 8 9 0.02112989 
231 417 9 10 0.021124464 
767 336 8 10 0.021091443 
565 304 8 10 0.021089735 
222 251 12 16 0.020971239 
185 351 11 13 0.020956805 
157 363 13 15 0.020922247 
521 364 21 26 0.020914195 
213 174 11 13 0.020896556 
879 374 9 11 0.020889418 
262 451 9 11 0.020873733 
103 430 10 13 0.020870442 
496 305 9 11 0.020770043 
464 310 9 11 0.0207673 
470 309 10 12 0.020621052 
989 318 36 55 0.020567998 
93 325 9 12 0.020561948 
544 328 8 9 0.020528985 
233 467 10 13 0.020507358 
53 426 12 14 0.020492312 
1010 337 12 19 0.020483369 
143 412 18 23 0.020387871 
157 358 10 12 0.020373538 
191 286 8 11 0.02033713 
823 319 7 9 0.02025818 
439 213 11 13 0.020235414 
928 389 10 14 0.020232225 
135 319 9 11 0.02022618 
119 449 12 15 0.020225782 
236 155 15 21 0.020161014 
935 335 9 12 0.020103823 
176 449 14 16 0.02009015 
937 354 13 18 0.020076264 
218 116 13 14 0.020035638 
142 363 11 13 0.020034047 
