0_Parade_Parade_0_205
279
264 301 73 98 0.99447834 
660 328 44 53 0.8613325 
592 328 23 31 0.8374649 
812 320 25 30 0.6729951 
523 464 14 17 0.42799366 
163 32 15 19 0.31433997 
708 337 27 36 0.28607208 
670 0 28 28 0.24089582 
474 220 12 15 0.23997045 
832 287 9 12 0.2331756 
386 290 26 34 0.21950455 
626 543 23 30 0.19898488 
711 305 36 39 0.17917016 
495 210 11 14 0.17049144 
348 194 24 28 0.1687595 
543 469 13 17 0.12878947 
477 340 11 16 0.12644559 
497 542 10 13 0.12592556 
149 300 9 10 0.10865746 
730 355 15 20 0.10480165 
830 292 10 12 0.103079215 
664 266 12 15 0.10101957 
674 552 15 19 0.099327 
370 450 13 15 0.09906017 
644 335 27 35 0.0986715 
176 48 26 29 0.09548349 
358 164 11 14 0.09541774 
177 301 10 14 0.0943711 
146 295 9 11 0.09244693 
718 346 26 33 0.0880103 
995 198 23 30 0.08349392 
736 567 13 16 0.07967421 
417 231 27 30 0.079308175 
630 475 13 18 0.07899128 
762 291 26 37 0.07792844 
142 312 10 12 0.073130205 
679 271 10 12 0.069316536 
700 324 48 55 0.06699563 
855 325 9 12 0.06667309 
998 83 12 15 0.064606264 
575 321 37 44 0.06397523 
534 403 13 18 0.06312205 
623 245 10 13 0.06066796 
728 582 9 12 0.060418017 
838 281 9 10 0.060214024 
185 43 18 21 0.059826743 
392 176 9 11 0.05807684 
862 558 7 10 0.056698684 
853 300 9 11 0.05617288 
1006 77 19 27 0.054542754 
696 275 13 16 0.05386064 
849 567 9 11 0.052600533 
533 219 11 14 0.05218041 
802 308 41 48 0.05171871 
415 237 15 22 0.05070887 
1011 131 13 22 0.050705545 
303 332 37 58 0.050377727 
707 282 44 52 0.050165515 
136 316 9 11 0.050005347 
511 451 10 14 0.049782258 
872 421 11 13 0.04967668 
687 524 12 15 0.049508303 
770 339 14 16 0.04920395 
591 262 13 15 0.04782908 
519 529 12 17 0.04762521 
257 113 14 17 0.047362365 
528 211 12 16 0.04723409 
693 271 25 29 0.0469695 
896 412 10 14 0.045419894 
641 270 9 13 0.044889845 
389 275 27 33 0.04331815 
168 37 24 29 0.043052357 
397 268 22 27 0.04276731 
172 41 14 18 0.042329345 
773 289 15 22 0.042031113 
520 171 9 12 0.04179068 
891 445 14 18 0.041676875 
596 251 12 14 0.041385967 
475 371 16 22 0.04123165 
833 281 10 12 0.041023105 
725 277 13 16 0.0409104 
795 323 16 18 0.040769603 
848 296 9 11 0.04073594 
973 204 17 18 0.040469393 
1012 510 10 13 0.040325712 
489 211 11 14 0.040208545 
886 317 9 12 0.039920285 
447 355 14 17 0.03965718 
596 518 15 20 0.039479837 
870 354 12 14 0.03940097 
683 267 11 16 0.0392096 
644 277 10 12 0.038938027 
373 382 10 13 0.038933493 
582 245 14 16 0.03848811 
628 261 11 14 0.03846843 
148 27 13 17 0.03782331 
732 583 10 12 0.037762802 
428 227 26 30 0.037734307 
179 303 14 18 0.037173852 
896 473 10 15 0.036954317 
162 560 92 145 0.036820732 
486 161 8 10 0.036490846 
784 430 9 11 0.036432885 
509 435 11 14 0.03642344 
806 322 17 23 0.036403887 
727 548 11 15 0.0363094 
493 600 15 21 0.036265343 
630 558 14 18 0.03612782 
573 253 10 15 0.036117915 
722 299 19 23 0.036041394 
392 180 11 14 0.035949446 
801 441 8 10 0.03570448 
614 373 47 56 0.035022404 
597 563 11 12 0.034788366 
710 565 9 12 0.03440748 
711 558 10 13 0.03438523 
824 329 15 19 0.034345053 
946 398 15 18 0.03430706 
493 471 9 13 0.03400633 
373 532 36 44 0.033878997 
471 217 21 26 0.033836987 
814 440 10 12 0.03369542 
462 325 22 30 0.033536345 
574 445 14 19 0.033316847 
148 34 15 18 0.033250626 
512 158 8 11 0.03324527 
882 357 12 14 0.033040427 
776 439 9 11 0.0329859 
677 543 12 16 0.032948155 
352 187 18 21 0.03292023 
441 233 18 22 0.03250395 
543 536 10 13 0.03197891 
589 438 13 17 0.031871524 
718 557 10 12 0.031051561 
715 461 21 28 0.030940512 
686 260 9 13 0.030897869 
733 546 15 18 0.03083547 
800 446 7 9 0.030797908 
329 469 11 13 0.030564146 
738 542 17 20 0.030093461 
750 371 15 16 0.030071992 
621 238 11 14 0.029984076 
465 367 21 26 0.029786047 
159 351 10 12 0.02972977 
589 252 14 16 0.029586438 
721 328 19 23 0.02943923 
436 256 16 18 0.029345756 
349 179 14 18 0.029298749 
169 302 10 14 0.029187778 
710 278 29 35 0.02916938 
824 439 10 12 0.029165693 
462 357 13 16 0.029143205 
166 357 14 16 0.029098097 
761 726 12 13 0.02896405 
733 589 10 13 0.028963502 
746 522 13 14 0.028851459 
459 367 17 21 0.028476814 
513 447 20 27 0.027934175 
563 325 27 34 0.027560772 
149 383 36 38 0.027331164 
782 535 11 13 0.02728315 
149 309 9 12 0.027185222 
996 336 25 40 0.027108407 
374 401 16 21 0.027080344 
159 343 10 12 0.027035259 
718 534 11 14 0.026751708 
532 467 13 17 0.026599878 
487 450 12 16 0.02655501 
729 306 15 21 0.026495911 
117 317 10 12 0.026355544 
768 533 11 13 0.02626658 
622 250 12 15 0.02622722 
824 286 11 12 0.026164003 
208 327 8 12 0.026137292 
389 459 14 15 0.02612861 
166 46 43 52 0.025979308 
760 339 10 16 0.025959592 
471 334 20 26 0.025800297 
759 309 25 34 0.025796497 
482 163 9 11 0.02578394 
304 194 28 36 0.0257362 
604 246 10 13 0.025732392 
761 305 13 20 0.025537616 
363 169 12 15 0.025454802 
726 566 11 15 0.025267597 
629 265 12 17 0.025265105 
858 372 12 17 0.02520179 
882 373 13 16 0.025149092 
397 402 12 14 0.024729008 
808 441 8 10 0.024489598 
597 448 14 20 0.024466747 
605 426 14 17 0.024462016 
165 348 12 15 0.024263034 
139 478 13 16 0.02406866 
533 393 23 34 0.024060747 
436 438 16 18 0.02406035 
652 251 13 17 0.024027966 
758 501 13 16 0.02388923 
686 276 11 15 0.023706619 
683 581 15 19 0.023572115 
194 32 16 20 0.023481809 
723 291 16 19 0.02346847 
792 330 13 16 0.023395393 
1013 482 10 16 0.023257466 
766 331 22 27 0.02325734 
821 311 11 15 0.023148946 
829 437 10 14 0.023119735 
733 730 10 14 0.023084601 
712 532 11 13 0.023016002 
692 550 9 12 0.02301373 
517 484 14 18 0.022918997 
789 430 9 11 0.022860276 
529 461 12 16 0.02285673 
836 334 10 14 0.02284657 
166 308 10 13 0.022819092 
157 38 16 22 0.022803975 
470 159 7 10 0.022775441 
651 333 15 20 0.022673171 
580 245 22 26 0.022661325 
846 334 11 13 0.022449749 
492 207 18 23 0.022262597 
783 398 10 12 0.022244707 
717 273 15 18 0.022221383 
141 42 25 29 0.022186698 
761 315 41 49 0.0221419 
753 607 9 11 0.022123175 
629 533 13 16 0.02196007 
500 411 15 18 0.021950932 
1001 493 10 15 0.021863699 
1013 125 10 17 0.021786772 
760 312 12 22 0.021773279 
485 363 14 17 0.021768572 
987 108 12 15 0.02175111 
814 418 10 14 0.021689152 
681 532 9 12 0.021608626 
356 379 11 13 0.021603405 
586 259 22 28 0.02147785 
749 583 10 12 0.021455603 
519 192 9 12 0.021353425 
637 337 15 19 0.021293193 
301 539 12 16 0.021275122 
594 558 10 13 0.021269875 
576 509 10 14 0.021224596 
766 506 11 15 0.021218734 
742 580 13 15 0.021215148 
759 494 10 12 0.02119493 
551 535 10 13 0.021186167 
434 242 23 30 0.021173341 
717 588 16 18 0.021128299 
326 179 14 17 0.021035826 
720 540 12 14 0.020968381 
815 286 10 12 0.020923795 
774 346 12 14 0.020919815 
445 238 22 31 0.020873591 
863 295 9 10 0.020793827 
798 557 7 10 0.020789612 
685 549 12 15 0.020760957 
497 274 29 32 0.020710155 
670 273 13 15 0.020588411 
893 338 12 16 0.020555187 
903 536 10 13 0.020533781 
127 316 11 13 0.020532075 
741 344 24 32 0.020453932 
589 429 11 13 0.020391012 
528 402 14 19 0.02034343 
630 345 29 32 0.0203174 
156 48 15 19 0.020308781 
740 533 15 17 0.020275054 
500 482 13 17 0.020238318 
838 339 11 15 0.02021354 
1013 434 10 14 0.020180563 
704 565 12 14 0.020179892 
902 518 8 12 0.020125741 
845 444 11 14 0.020099906 
721 467 13 17 0.020089082 
725 586 13 17 0.02008535 
607 543 11 15 0.02008026 
671 445 41 52 0.02004908 
523 455 15 17 0.020005446 
