0_Parade_marchingband_1_710
21
465 124 60 79 0.9972868 
112 296 72 99 0.9947574 
-1 0 38 61 0.9693933 
828 27 43 56 0.9651519 
387 16 26 34 0.06576279 
1011 372 14 28 0.05983123 
977 242 11 17 0.047830142 
620 327 13 14 0.040857133 
381 71 28 34 0.036417186 
389 1 15 17 0.03419653 
197 541 28 31 0.03100335 
348 3 13 15 0.030066777 
605 319 12 15 0.026780179 
299 317 29 32 0.026593557 
151 501 11 16 0.02574813 
845 9 33 45 0.025100298 
614 323 23 26 0.023994561 
391 20 13 18 0.022601828 
224 406 11 14 0.021966564 
928 139 12 15 0.02092418 
385 -1 26 29 0.02025212 
