0_Parade_Parade_0_490
403
593 280 50 65 0.999257 
770 556 110 147 0.99901557 
385 350 58 77 0.9987827 
241 322 54 66 0.998623 
768 319 62 78 0.9982827 
501 152 33 42 0.99802065 
104 185 45 54 0.9978198 
524 222 37 45 0.99781847 
910 84 29 33 0.997678 
347 124 32 37 0.9976453 
967 54 26 34 0.9975949 
744 151 36 47 0.9966813 
472 329 51 67 0.9966504 
176 133 30 37 0.99660933 
759 85 33 39 0.9963999 
174 201 48 59 0.9957682 
876 51 22 30 0.9954608 
121 442 81 92 0.9948454 
241 162 29 36 0.9947619 
594 172 40 48 0.9939883 
716 89 32 36 0.9933426 
13 490 67 73 0.9932417 
661 641 47 62 0.99297297 
897 361 75 104 0.992857 
730 240 41 47 0.99242616 
545 115 28 35 0.9919057 
73 161 30 34 0.9910541 
17 295 42 48 0.9905346 
434 113 23 30 0.989785 
936 189 51 54 0.9880485 
827 154 40 42 0.9868701 
636 78 23 29 0.9819505 
930 6 21 27 0.98192316 
571 59 22 28 0.97853905 
59 111 17 21 0.97770894 
28 170 25 30 0.9752113 
274 82 22 25 0.97136575 
448 69 20 27 0.9649764 
671 135 37 49 0.9620645 
594 111 25 32 0.9574407 
279 178 38 47 0.95664877 
673 81 24 29 0.95316523 
535 77 21 28 0.9315405 
134 75 16 21 0.9284514 
10 140 18 24 0.9219383 
851 32 19 24 0.9135517 
537 21 16 21 0.8801589 
354 58 22 26 0.8799571 
382 185 40 43 0.8777585 
435 215 43 44 0.8684334 
231 455 50 55 0.86580443 
387 98 19 25 0.86135215 
493 675 49 70 0.8611917 
232 92 20 24 0.85944325 
441 41 16 20 0.8450469 
372 239 33 49 0.8442879 
950 22 25 32 0.83589387 
322 342 51 65 0.82716453 
701 24 16 20 0.815356 
721 42 22 27 0.796586 
674 10 14 17 0.79179144 
398 282 41 51 0.7904919 
643 20 14 19 0.744724 
113 145 20 25 0.7068683 
246 57 14 16 0.6954836 
85 62 16 22 0.6917523 
-2 220 19 40 0.6680012 
993 27 16 22 0.6364279 
807 2 16 18 0.5981126 
900 13 21 26 0.59409666 
10 92 14 18 0.58939046 
769 249 29 44 0.5291937 
785 16 15 19 0.521707 
450 800 30 34 0.50858307 
32 386 24 36 0.49200207 
474 66 18 23 0.48818883 
614 6 16 17 0.47450116 
244 128 18 23 0.42317197 
819 31 17 21 0.42301396 
502 94 15 24 0.4161809 
782 49 15 20 0.4040116 
882 0 16 18 0.39600137 
403 238 30 39 0.38033316 
799 56 24 27 0.37331864 
822 93 26 29 0.36420494 
21 384 25 38 0.35402727 
871 229 48 58 0.3436198 
868 220 33 47 0.3195624 
713 148 24 35 0.3155731 
517 22 14 21 0.29856533 
8 192 26 35 0.28456345 
567 110 24 33 0.27559215 
597 100 23 29 0.27222 
916 62 22 27 0.23707159 
123 346 27 40 0.22156551 
383 125 14 19 0.19474348 
993 170 31 44 0.19409738 
479 55 22 27 0.1936158 
924 292 50 64 0.19184701 
509 28 14 18 0.19030611 
755 50 18 21 0.1873789 
607 31 11 15 0.18153813 
656 83 21 29 0.18094234 
404 129 23 29 0.16718617 
206 18 11 14 0.16578227 
734 0 15 17 0.16484174 
613 587 26 36 0.16429926 
546 23 15 19 0.15287149 
0 115 9 18 0.15282586 
792 49 22 28 0.15007131 
814 27 16 20 0.1499993 
381 142 20 28 0.14525753 
16 179 25 30 0.14274064 
534 70 15 20 0.13464369 
843 1 14 14 0.13406274 
3 405 26 40 0.122776814 
823 101 34 36 0.11999865 
772 6 16 19 0.118736304 
278 427 46 71 0.11692633 
313 157 29 36 0.11610628 
622 150 26 33 0.11444365 
547 688 54 54 0.1140235 
815 83 24 29 0.11232171 
464 120 27 33 0.106547296 
270 60 12 16 0.09983588 
765 23 15 19 0.0995034 
612 29 12 16 0.097010836 
336 118 29 35 0.094424024 
811 35 23 29 0.08781367 
363 126 24 31 0.08503702 
903 6 15 18 0.08423702 
762 43 15 18 0.08255505 
462 774 27 37 0.08161272 
455 785 30 38 0.07896319 
43 390 18 28 0.07802306 
6 649 48 95 0.07684514 
723 10 13 16 0.075909905 
3 369 25 39 0.075849935 
903 151 35 42 0.07369552 
726 4 13 15 0.07346835 
134 34 13 16 0.07283976 
403 15 14 19 0.072570875 
910 5 22 28 0.07196516 
772 12 20 25 0.07189188 
375 198 44 54 0.07177489 
521 18 19 25 0.0716416 
166 184 45 57 0.0711584 
185 45 10 15 0.07009696 
912 286 33 54 0.06930451 
135 333 27 40 0.06847985 
85 162 32 42 0.06835911 
380 287 49 61 0.06797204 
881 251 46 70 0.06606608 
414 99 14 19 0.065013714 
384 258 45 55 0.06434936 
544 75 22 28 0.063025445 
662 49 16 19 0.062307294 
420 227 41 51 0.062274795 
603 58 16 19 0.060920477 
650 80 17 25 0.060720537 
13 185 16 22 0.060485885 
676 123 29 34 0.059931155 
62 92 16 19 0.059845142 
702 0 11 11 0.05953655 
503 34 15 17 0.05796514 
573 0 12 11 0.056899432 
83 441 27 42 0.05599474 
510 686 58 64 0.05498384 
151 192 30 43 0.053463794 
496 -1 18 18 0.053156696 
963 0 14 12 0.0531161 
720 151 29 39 0.053071395 
754 57 23 27 0.05277544 
341 62 23 29 0.052636918 
392 304 55 70 0.051897004 
196 379 35 49 0.051211808 
197 15 14 19 0.0508223 
241 135 22 31 0.050196473 
168 146 32 40 0.04910084 
642 60 15 18 0.04899466 
10 487 44 50 0.04831837 
608 3 12 15 0.048247885 
282 10 15 18 0.04783189 
770 54 21 24 0.047822855 
380 38 14 19 0.047728248 
567 -1 13 11 0.047456175 
17 392 39 50 0.047151476 
338 116 16 19 0.046688445 
273 157 25 32 0.045762032 
968 108 23 29 0.04550364 
613 15 15 19 0.045321222 
237 134 18 22 0.043925248 
952 284 45 64 0.043521136 
685 50 16 20 0.043486957 
573 44 14 17 0.043419536 
475 277 43 52 0.04215371 
577 107 17 23 0.04174466 
425 825 67 59 0.04167021 
258 463 31 46 0.041603804 
942 32 16 21 0.04153488 
875 38 21 26 0.041396394 
461 269 36 48 0.041138366 
697 661 53 66 0.040573888 
306 65 17 21 0.040555913 
767 9 15 20 0.04034684 
802 43 24 31 0.039124694 
211 15 11 14 0.038759816 
705 12 21 25 0.038679082 
301 434 47 69 0.038610443 
752 73 26 34 0.03851202 
461 752 43 57 0.038396552 
274 151 19 24 0.038296673 
705 29 16 20 0.037983377 
802 73 21 30 0.037951857 
970 126 28 35 0.03695103 
344 217 30 39 0.03692626 
715 26 15 18 0.036783047 
906 -3 21 23 0.036674738 
959 149 28 34 0.036607586 
790 10 19 23 0.03642932 
830 0 11 11 0.036067743 
60 100 20 25 0.035983827 
860 33 20 26 0.035964806 
809 70 18 22 0.035846338 
853 22 17 20 0.035783913 
525 81 17 22 0.03570093 
300 59 16 19 0.035692956 
689 137 31 43 0.03563125 
260 432 44 68 0.03527455 
370 136 24 30 0.03515262 
60 455 49 62 0.03509332 
158 55 16 19 0.035069868 
19 98 11 17 0.035040345 
219 42 17 22 0.03503592 
355 349 52 72 0.034566622 
0 183 23 36 0.034512985 
324 23 18 21 0.03439064 
387 239 33 40 0.034336563 
758 37 14 18 0.033247992 
191 107 13 16 0.033187296 
730 43 22 29 0.032977395 
988 36 19 26 0.03290502 
938 17 25 32 0.032775357 
420 199 33 43 0.032577224 
955 12 16 20 0.032415178 
448 778 49 60 0.03235916 
861 242 35 45 0.032154623 
673 612 55 70 0.03210203 
986 2 15 16 0.03208483 
959 19 19 23 0.031976163 
357 292 46 61 0.031765975 
812 21 16 18 0.031712655 
853 0 13 13 0.03149807 
598 29 13 17 0.03132893 
506 38 16 20 0.03129406 
418 92 16 21 0.030898519 
398 0 10 10 0.030644866 
291 163 45 56 0.030249273 
488 51 16 21 0.030124193 
957 63 17 22 0.030091984 
861 0 12 11 0.029994788 
749 53 17 24 0.029841581 
764 64 17 21 0.029601652 
262 50 15 19 0.029474039 
678 69 23 31 0.02947005 
1009 177 15 25 0.029372139 
144 326 29 39 0.029303394 
619 1 14 15 0.029240435 
790 0 11 12 0.029129907 
683 55 21 28 0.029079925 
580 43 15 19 0.02906624 
417 133 17 24 0.028943544 
400 206 42 52 0.028900286 
717 6 15 17 0.02889371 
408 255 47 60 0.028854335 
508 137 39 50 0.028699752 
575 115 26 33 0.028607542 
710 50 14 18 0.028544083 
599 4 12 14 0.028456803 
319 285 26 36 0.028399281 
411 16 14 18 0.028241979 
741 7 15 18 0.028225573 
466 115 20 24 0.02822544 
871 1 15 17 0.028179144 
902 132 34 40 0.028158996 
409 193 31 40 0.028058777 
478 771 28 37 0.02801246 
382 150 27 32 0.027973147 
171 165 32 36 0.02781468 
701 14 15 19 0.027433619 
299 72 15 21 0.027323175 
978 281 30 45 0.027252862 
445 245 40 51 0.027139448 
413 281 50 58 0.027135162 
113 340 28 39 0.027080413 
60 430 41 52 0.026921496 
457 48 22 27 0.02683421 
445 44 21 24 0.026775954 
279 4 14 16 0.026635753 
632 139 24 34 0.02657819 
878 28 15 18 0.026360579 
911 18 17 22 0.02634323 
420 116 25 31 0.026333386 
663 54 24 29 0.026222503 
162 177 33 40 0.026201464 
588 113 19 26 0.02617224 
310 145 28 33 0.02594999 
466 70 22 27 0.02577102 
952 43 25 35 0.025731703 
290 123 16 19 0.025712952 
817 2 16 17 0.025660738 
695 20 16 21 0.025650272 
291 34 14 16 0.025637096 
-1 409 43 57 0.025528984 
767 32 21 26 0.025358003 
0 374 15 26 0.025317691 
241 115 22 27 0.025259867 
477 26 14 17 0.02516361 
349 0 14 13 0.025055353 
992 69 23 27 0.024962086 
986 49 17 24 0.024896123 
190 136 18 25 0.024791796 
204 23 17 22 0.024787974 
915 204 55 64 0.024752788 
793 91 22 29 0.024711316 
621 33 13 18 0.02454001 
293 115 15 20 0.024529545 
957 0 17 19 0.024464251 
534 15 15 19 0.024459407 
681 643 59 67 0.024415752 
708 57 17 22 0.024392713 
469 59 16 23 0.02427887 
308 69 23 27 0.024227759 
454 58 22 27 0.02411183 
541 0 11 10 0.023988279 
683 88 26 30 0.023719985 
144 683 27 38 0.023700535 
747 86 25 33 0.023696223 
648 174 27 37 0.023501385 
55 268 26 37 0.023283454 
862 274 15 22 0.023275182 
586 136 26 33 0.023266612 
371 3 15 17 0.023265071 
3 113 14 20 0.023257973 
190 0 15 13 0.023206564 
703 138 28 38 0.023189945 
456 807 37 44 0.023120826 
358 225 28 43 0.023062466 
177 334 40 59 0.0228904 
11 111 14 20 0.022887815 
275 169 29 41 0.022871094 
809 5 23 24 0.02282376 
368 58 16 21 0.0227822 
554 21 13 19 0.022704719 
398 4 12 14 0.022685073 
437 269 38 45 0.022649739 
-1 326 21 39 0.022635402 
187 126 15 19 0.022599248 
946 167 50 62 0.022502907 
813 368 42 48 0.022500712 
601 93 20 23 0.022390395 
293 66 15 20 0.022339476 
893 210 49 59 0.022313945 
563 98 24 30 0.022198724 
957 59 27 34 0.022181 
275 69 15 17 0.022162724 
441 28 16 18 0.022161376 
236 106 23 28 0.022160074 
0 98 12 17 0.022142757 
478 51 16 20 0.022130806 
977 111 38 50 0.02203504 
495 43 22 27 0.022017566 
845 248 40 60 0.021963654 
205 40 14 18 0.021739515 
212 195 28 41 0.021728458 
367 293 27 42 0.02168557 
540 39 14 19 0.021525975 
783 0 11 11 0.021442734 
908 156 46 53 0.02141081 
437 23 13 17 0.021398429 
607 109 25 32 0.021342646 
294 59 14 18 0.021339197 
416 802 52 54 0.02133112 
375 29 11 14 0.02131517 
982 0 13 11 0.021187438 
65 199 28 41 0.02116886 
382 171 32 40 0.021122377 
317 420 46 69 0.020926185 
716 35 21 25 0.020872036 
681 10 14 18 0.02072562 
722 18 15 18 0.020681076 
493 97 21 28 0.020642595 
1013 115 11 18 0.020616151 
237 0 17 19 0.020606034 
362 211 39 52 0.020462083 
469 45 13 16 0.02045697 
780 160 16 21 0.020436445 
712 46 21 26 0.020411003 
844 6 16 20 0.020358661 
206 29 22 26 0.020353572 
894 289 37 51 0.020300407 
824 36 18 23 0.020255316 
416 602 12 16 0.020213757 
