0_Parade_marchingband_1_234
152
434 312 16 21 0.99179584 
306 313 17 20 0.9917902 
507 255 16 19 0.99097145 
612 321 17 21 0.9909276 
667 321 18 23 0.9901928 
745 273 17 18 0.9898544 
582 414 16 22 0.9887948 
672 211 14 17 0.98800594 
843 251 16 20 0.98641217 
555 312 17 21 0.9799478 
785 320 17 21 0.97869945 
317 260 16 19 0.97719395 
333 410 18 23 0.9731488 
863 302 15 19 0.9674268 
468 235 14 17 0.9657209 
404 411 17 22 0.9647868 
254 255 15 18 0.9620728 
642 249 17 18 0.9611725 
366 307 17 23 0.95623493 
402 290 15 17 0.95323616 
469 402 19 24 0.9520577 
570 268 15 18 0.9490312 
836 329 14 17 0.94362307 
437 262 13 15 0.94303834 
282 420 14 19 0.9406104 
702 255 15 17 0.9384642 
207 420 15 19 0.93706274 
539 292 16 19 0.9286825 
482 177 15 18 0.92834735 
401 220 13 16 0.92239094 
284 296 15 18 0.9180937 
758 419 17 21 0.9179455 
775 255 15 18 0.91780365 
805 283 18 19 0.9175115 
227 222 14 17 0.9163711 
375 266 14 16 0.9140152 
703 419 16 21 0.91355777 
291 230 14 17 0.91198283 
526 415 14 19 0.9012291 
186 331 17 20 0.8994547 
646 411 17 21 0.88748544 
737 230 14 18 0.8832532 
488 307 16 20 0.8781776 
727 318 17 20 0.8776087 
242 330 17 21 0.8740812 
344 281 13 17 0.87120044 
531 224 14 17 0.85538906 
606 303 17 20 0.85387474 
677 291 15 19 0.84842837 
355 230 13 17 0.83314764 
604 208 13 16 0.8201341 
555 168 15 17 0.7728181 
469 310 14 17 0.72452503 
216 292 15 20 0.7058299 
460 271 10 13 0.3277048 
562 132 29 33 0.31380948 
776 224 12 17 0.19461694 
703 226 10 14 0.14469571 
476 140 32 37 0.1320588 
352 204 10 14 0.12711243 
401 189 10 14 0.11544658 
343 287 16 20 0.11542473 
596 260 14 18 0.11368727 
288 202 11 15 0.10202587 
531 269 13 17 0.10119906 
612 268 13 17 0.092648625 
675 252 11 14 0.0913441 
204 293 14 18 0.08898674 
735 201 11 15 0.08872578 
679 284 15 17 0.08158631 
344 251 12 16 0.07780237 
607 310 19 23 0.0721343 
542 258 13 16 0.064514846 
671 183 10 12 0.06410327 
645 217 11 15 0.06387917 
455 252 11 15 0.05994978 
612 262 12 15 0.05727937 
319 229 10 13 0.056179482 
250 325 15 20 0.05370326 
296 259 12 17 0.053371493 
726 258 13 17 0.050953295 
603 258 16 19 0.050858814 
433 228 11 15 0.050169468 
808 252 11 15 0.047945336 
635 425 14 19 0.04657803 
640 308 12 16 0.045618176 
608 204 13 17 0.041639283 
142 429 9 11 0.041626625 
426 284 12 14 0.0402516 
453 260 13 15 0.039419945 
788 311 15 18 0.037362956 
725 310 17 21 0.036867116 
696 227 12 15 0.03569496 
655 236 13 16 0.035194684 
497 307 14 19 0.0343039 
673 283 14 17 0.03359234 
407 267 12 14 0.033034913 
298 233 13 16 0.03287041 
356 201 9 12 0.0320783 
716 299 14 17 0.031059895 
157 461 9 10 0.030555936 
483 137 16 19 0.030474992 
499 461 9 12 0.030231623 
203 283 24 28 0.030114546 
462 283 12 16 0.029549582 
716 282 14 17 0.029398754 
836 288 13 18 0.029336514 
649 245 15 19 0.028611723 
552 150 25 29 0.028286984 
691 282 13 16 0.027782496 
1004 558 21 31 0.027585259 
236 191 10 13 0.0275364 
191 325 17 20 0.02720414 
792 314 16 22 0.027186688 
278 258 13 17 0.027024005 
471 204 12 15 0.026820388 
720 259 10 14 0.026735313 
481 130 29 31 0.026436435 
827 282 16 20 0.026407339 
662 276 13 16 0.026056752 
582 295 15 20 0.02596182 
461 263 10 14 0.02595751 
866 294 16 20 0.025923045 
233 194 10 14 0.025909161 
391 245 13 16 0.02553959 
727 486 10 12 0.024558121 
265 479 8 11 0.024530526 
232 224 15 19 0.024519878 
805 291 16 21 0.023691434 
733 267 12 17 0.0236733 
533 261 13 17 0.023387946 
581 202 14 17 0.023318093 
877 291 12 17 0.023107577 
356 238 14 17 0.023026891 
638 415 17 22 0.023019828 
475 229 13 17 0.022915283 
494 465 10 13 0.022717621 
224 216 12 17 0.02270292 
736 273 12 17 0.022602994 
455 271 18 23 0.022456164 
747 236 12 15 0.021994565 
919 318 9 12 0.021773431 
253 318 12 16 0.021669207 
326 306 15 19 0.02148521 
483 146 19 22 0.02084267 
724 283 12 16 0.020620177 
590 263 14 19 0.02052542 
643 312 15 19 0.020327477 
671 247 12 15 0.020302642 
741 460 11 14 0.02024294 
737 453 9 13 0.02001837 
557 123 25 31 0.020006616 
