0_Parade_Parade_0_72
128
132 333 32 43 0.96853536 
665 347 25 36 0.96802473 
459 389 24 28 0.92979944 
774 344 14 19 0.85486716 
206 365 22 26 0.80431366 
413 382 15 20 0.7721927 
625 344 18 21 0.7562993 
347 466 25 31 0.7510231 
256 384 18 22 0.7388079 
627 368 20 27 0.7163755 
496 339 17 20 0.67727286 
736 366 22 26 0.6594969 
546 378 18 23 0.59629273 
790 266 17 19 0.30820376 
86 294 37 39 0.29335466 
2 475 18 21 0.2808426 
567 593 47 46 0.27270156 
349 376 15 18 0.23770617 
56 526 9 12 0.19758825 
23 543 12 15 0.18460755 
66 558 22 25 0.1533664 
541 372 15 24 0.15230258 
73 533 10 11 0.12567833 
347 498 13 15 0.0932891 
159 446 11 13 0.08705021 
136 460 11 15 0.08583698 
451 401 26 32 0.08152586 
539 381 26 35 0.06845513 
347 366 12 14 0.0673468 
580 356 14 18 0.06456125 
642 562 25 33 0.06398589 
550 351 11 13 0.0633825 
578 362 14 19 0.06023018 
343 370 13 17 0.05759587 
159 515 8 11 0.054728985 
81 516 9 11 0.054244272 
572 376 16 22 0.050553795 
556 376 21 27 0.050026234 
699 351 18 26 0.048575144 
168 479 9 11 0.047994345 
23 516 10 13 0.04770052 
454 370 15 21 0.047683913 
778 447 10 13 0.04566588 
541 364 14 19 0.04447168 
104 477 10 13 0.04318968 
565 343 11 13 0.042647243 
831 340 9 12 0.042096697 
632 352 18 21 0.04098847 
790 329 15 19 0.040541407 
619 399 13 17 0.039675068 
808 407 7 9 0.039354093 
543 356 11 15 0.03888545 
154 512 8 11 0.038796827 
684 355 23 29 0.037564114 
583 351 12 14 0.03660504 
204 375 24 28 0.03607933 
85 511 9 11 0.03589866 
344 494 12 15 0.03528431 
567 382 23 31 0.03509636 
805 379 10 14 0.03429683 
669 361 29 37 0.034026437 
205 359 16 20 0.03396776 
245 394 14 17 0.033778843 
342 465 41 49 0.03236168 
61 550 10 13 0.032228876 
453 374 23 32 0.03202656 
94 499 9 12 0.03199992 
532 403 33 36 0.031875335 
167 512 7 10 0.031863544 
186 447 13 16 0.030417906 
738 378 18 23 0.030231647 
602 628 18 22 0.029061329 
268 381 11 17 0.028829264 
766 374 11 14 0.028102126 
139 413 11 14 0.027933598 
83 563 14 17 0.027490228 
784 268 12 15 0.027349697 
559 602 35 43 0.026936691 
12 469 13 17 0.026933366 
777 349 15 19 0.026804745 
185 431 10 13 0.026476894 
104 310 18 22 0.02636862 
800 373 11 14 0.026131192 
494 326 23 26 0.025807584 
173 469 9 13 0.025717365 
356 364 12 15 0.025623579 
558 348 13 15 0.02541743 
666 342 16 21 0.025333008 
784 237 9 11 0.025316482 
76 528 10 12 0.025312206 
126 492 10 12 0.025021905 
200 509 9 11 0.02495657 
590 614 32 36 0.02493036 
592 609 18 20 0.02488941 
554 386 41 49 0.024852028 
96 477 9 11 0.024849076 
390 485 11 14 0.02474775 
31 510 10 13 0.024743956 
69 443 12 14 0.024712259 
80 493 10 14 0.02445011 
108 483 9 12 0.024300687 
341 361 22 25 0.024225617 
56 549 10 13 0.02416706 
343 477 24 30 0.023993816 
64 558 12 15 0.023967529 
540 410 40 42 0.023487324 
22 521 13 16 0.02322683 
347 460 19 21 0.023074523 
411 442 24 36 0.022970576 
88 499 10 13 0.022751214 
622 362 16 22 0.022195894 
532 404 13 20 0.022173556 
111 508 10 11 0.021976478 
803 266 13 17 0.02189957 
247 388 24 27 0.021818224 
3 486 17 22 0.021774366 
1012 364 10 14 0.021407593 
448 419 13 17 0.021374442 
219 387 16 20 0.021089137 
335 365 12 16 0.021082435 
108 369 13 17 0.020991005 
157 412 15 20 0.020977208 
799 461 10 12 0.02088367 
-1 538 21 30 0.02079171 
247 381 13 17 0.02058225 
320 533 10 13 0.020426488 
458 363 17 20 0.02015033 
61 519 9 13 0.020045096 
