0_Parade_Parade_0_829
60
488 162 278 415 0.9940826 
415 283 386 546 0.43734327 
-17 3 418 539 0.18836951 
649 1228 103 134 0.15858242 
439 1148 33 46 0.1211328 
407 1202 22 29 0.08272382 
610 63 437 552 0.07047959 
297 241 364 462 0.06858974 
516 1217 16 19 0.057536677 
535 1243 13 19 0.053608388 
750 1106 55 80 0.052748155 
487 1221 12 14 0.050913878 
451 1241 13 17 0.0506151 
427 1248 15 17 0.05007499 
551 1185 18 21 0.044001758 
445 1219 16 19 0.042478297 
-51 319 347 540 0.041748863 
538 1237 18 22 0.041502144 
806 582 32 44 0.039492775 
453 1222 24 31 0.03804902 
354 1154 28 30 0.037583895 
597 523 490 524 0.03718024 
630 1021 54 54 0.0363127 
502 965 29 34 0.033774156 
147 208 364 517 0.03325968 
709 1083 97 127 0.033050187 
73 1033 197 241 0.032436557 
451 1218 18 22 0.032121524 
16 1279 56 78 0.03165128 
826 1096 48 70 0.03157646 
464 1149 43 54 0.03157423 
442 1160 45 51 0.030839974 
357 1025 383 464 0.030092152 
476 1180 23 31 0.029737916 
483 1191 14 18 0.029408779 
600 316 417 489 0.028809417 
756 1039 17 19 0.028237142 
508 1212 14 20 0.026852904 
226 969 409 404 0.026801553 
771 1092 55 82 0.025773112 
463 1176 27 34 0.02532225 
547 1080 41 52 0.025090722 
39 1011 137 158 0.024907656 
444 1229 23 30 0.024822507 
412 1282 31 38 0.024276279 
738 1032 14 18 0.024118992 
772 1095 32 41 0.024020063 
572 293 241 328 0.023377264 
696 1004 120 163 0.023063663 
527 1241 14 19 0.02279148 
487 1290 29 39 0.022614097 
776 1055 13 15 0.022566536 
540 1173 27 37 0.022299979 
518 1193 13 17 0.022285106 
498 1197 15 17 0.021108909 
463 616 194 175 0.02094359 
547 1283 14 18 0.02077838 
762 1145 35 48 0.020694546 
433 1244 15 18 0.020232873 
731 1028 25 28 0.020178927 
