0_Parade_Parade_0_275
3830
758 666 12 15 0.8566814 
928 385 11 14 0.84371793 
628 493 11 15 0.78050584 
529 620 9 12 0.76147735 
45 667 13 18 0.6494463 
871 732 11 14 0.62671494 
964 621 11 14 0.6220969 
397 462 9 11 0.6091504 
855 583 10 13 0.59364766 
776 206 8 11 0.5835643 
645 723 14 18 0.570583 
471 579 8 11 0.5376299 
284 662 10 12 0.5221935 
577 663 10 13 0.5035601 
720 516 8 11 0.4990519 
217 764 12 14 0.48455882 
976 669 12 16 0.47386992 
688 629 10 14 0.47180933 
468 524 11 14 0.4679229 
601 630 10 13 0.46191368 
149 378 12 15 0.455603 
796 437 11 14 0.4510892 
447 561 8 10 0.44275686 
39 601 14 18 0.44177815 
360 476 8 11 0.44055 
569 612 12 15 0.4316625 
109 566 10 13 0.42885292 
1001 422 10 13 0.42305434 
707 763 12 17 0.41173095 
124 580 13 17 0.4096411 
269 717 12 17 0.40798473 
10 500 12 14 0.4032866 
928 645 10 12 0.40003604 
813 135 8 11 0.39851964 
247 720 14 18 0.39490265 
608 390 9 11 0.3922341 
884 429 11 14 0.38259837 
36 541 9 12 0.3789033 
379 742 10 13 0.37706462 
823 710 15 20 0.37504444 
830 465 12 15 0.3736535 
577 304 7 10 0.36674613 
917 85 8 10 0.36542132 
632 461 9 11 0.36295384 
520 452 9 12 0.3622368 
708 701 14 17 0.3512388 
822 572 11 14 0.35083702 
891 491 12 15 0.3461319 
283 668 11 13 0.3416679 
848 108 8 10 0.340927 
828 640 15 18 0.33988205 
712 438 8 11 0.33543742 
662 260 8 10 0.33306274 
795 624 14 18 0.3230565 
799 96 6 9 0.31732127 
703 320 9 11 0.31695956 
884 424 10 12 0.31515053 
383 494 7 10 0.31430346 
887 606 12 16 0.31364146 
744 519 9 12 0.3131835 
846 78 8 11 0.3122299 
871 397 10 12 0.30958003 
620 517 13 17 0.3091194 
668 536 11 13 0.30735484 
813 102 9 11 0.30139387 
390 435 10 13 0.2948515 
248 708 10 11 0.29410473 
469 519 9 12 0.29286504 
641 572 9 12 0.2916952 
49 368 10 12 0.29127344 
858 176 9 11 0.28851986 
528 397 8 10 0.28453094 
512 70 8 10 0.28417286 
551 347 10 12 0.28359684 
997 133 8 11 0.28132215 
239 695 9 11 0.27953205 
960 524 10 15 0.278744 
785 140 9 10 0.2778508 
668 688 13 18 0.27782857 
855 411 11 14 0.27766776 
8 495 10 13 0.27687353 
791 483 12 16 0.27397212 
520 565 10 12 0.2671419 
727 571 12 14 0.26710954 
415 542 8 11 0.26401466 
999 556 9 12 0.2638699 
766 143 7 9 0.26327017 
510 671 8 11 0.26282832 
446 509 10 13 0.26281777 
551 638 9 13 0.26172766 
561 535 9 11 0.2606114 
749 414 9 10 0.2572119 
632 342 9 12 0.25598177 
559 327 8 10 0.25428465 
650 781 10 11 0.25334996 
108 499 10 13 0.2530974 
834 47 7 9 0.2526721 
397 467 10 13 0.25124663 
166 774 15 18 0.24905866 
504 607 9 12 0.24623139 
437 87 8 11 0.24372855 
653 595 8 11 0.24362107 
180 790 12 17 0.24317135 
639 644 10 12 0.24308285 
864 21 8 11 0.2416903 
319 423 9 10 0.24067116 
707 694 9 11 0.24028312 
591 484 8 11 0.23862426 
452 620 9 12 0.23823062 
613 438 9 10 0.23467802 
658 462 8 11 0.23386444 
776 317 9 11 0.23173997 
63 741 13 16 0.23138776 
805 158 8 11 0.23066823 
332 454 10 12 0.22894184 
586 374 9 11 0.22862649 
763 110 9 11 0.22822152 
534 513 8 10 0.22804211 
437 686 9 12 0.2252117 
542 316 9 12 0.22358839 
692 634 11 14 0.22272584 
806 442 9 13 0.22136523 
719 436 9 11 0.22135933 
999 156 8 11 0.22090404 
382 453 9 11 0.22050707 
919 15 10 12 0.21735834 
233 740 13 15 0.21677275 
472 646 9 12 0.21569695 
506 359 8 9 0.21336776 
283 675 11 13 0.21253702 
918 176 7 10 0.21229166 
47 488 12 13 0.21016194 
788 136 8 10 0.21000619 
149 783 9 14 0.2099062 
61 514 12 15 0.20833722 
962 263 8 11 0.20791736 
585 729 9 11 0.20506525 
529 755 10 12 0.2045348 
749 421 9 12 0.20397836 
550 588 11 14 0.2039735 
464 151 8 10 0.20394501 
334 447 8 11 0.20265873 
296 414 8 9 0.20146161 
609 739 11 14 0.20075709 
626 486 9 14 0.20024547 
550 408 7 9 0.2001548 
463 460 8 10 0.19827071 
343 389 9 11 0.19776514 
592 564 9 12 0.1971461 
57 509 10 14 0.19598906 
495 109 8 10 0.19590765 
617 696 9 11 0.19484352 
688 487 8 11 0.19464011 
870 87 7 9 0.1941789 
414 487 9 12 0.19308074 
799 442 10 13 0.19302183 
935 505 13 16 0.19286434 
719 406 8 10 0.19221164 
591 478 9 12 0.19213803 
718 375 8 11 0.19043308 
518 492 9 12 0.189069 
703 105 8 10 0.18869051 
731 349 11 12 0.18821862 
904 136 7 9 0.1878813 
736 96 8 9 0.18760087 
754 310 8 10 0.18704909 
533 518 9 11 0.186288 
621 703 10 13 0.18601792 
778 537 8 11 0.18508512 
608 384 8 10 0.18306655 
757 360 9 11 0.18247715 
737 432 8 11 0.18191119 
871 652 12 17 0.18170425 
713 62 7 10 0.1812237 
552 254 9 12 0.18050082 
70 436 8 11 0.17914632 
569 607 10 12 0.17785962 
574 360 10 12 0.17768756 
592 496 9 11 0.17699009 
925 693 12 13 0.17680666 
1014 96 7 11 0.17613733 
446 503 9 11 0.17525776 
644 485 10 12 0.17516461 
826 566 11 14 0.17483777 
548 644 12 15 0.17481434 
661 467 10 12 0.17470624 
457 359 8 11 0.17409335 
389 580 10 13 0.174046 
510 359 8 10 0.17374122 
424 607 10 12 0.17336045 
103 456 9 12 0.17229095 
351 420 9 11 0.17095861 
197 719 11 13 0.17029835 
574 586 10 14 0.16810761 
569 341 8 11 0.16693945 
823 700 12 16 0.16636787 
589 470 10 13 0.16612548 
136 678 10 13 0.16580856 
360 400 8 10 0.16454284 
496 104 8 11 0.1640901 
760 531 10 12 0.16145067 
749 445 10 13 0.16127613 
333 501 10 12 0.16030791 
214 623 7 10 0.16027273 
78 433 9 11 0.15918122 
998 97 8 10 0.15827256 
664 415 7 9 0.15819502 
495 350 7 10 0.15788098 
409 117 9 11 0.15721337 
802 294 8 10 0.15683669 
765 593 16 22 0.15401304 
518 409 8 10 0.15364341 
927 126 9 11 0.15187624 
689 544 9 12 0.15140273 
806 415 11 12 0.15042181 
639 344 7 10 0.14938538 
692 278 8 11 0.14936759 
369 603 9 12 0.14919904 
738 71 7 9 0.14885728 
509 611 9 12 0.14834575 
998 221 8 10 0.14808665 
521 372 9 11 0.14737701 
67 407 10 12 0.14722745 
865 109 8 10 0.14716697 
770 160 7 9 0.14710909 
744 532 9 11 0.1470742 
366 141 8 10 0.14666887 
876 400 9 11 0.14648278 
512 504 8 9 0.14629094 
577 533 10 12 0.14626358 
951 460 14 17 0.14615896 
827 632 13 16 0.14445156 
879 685 11 13 0.14428663 
706 759 10 13 0.141303 
42 455 9 11 0.14058937 
559 644 9 13 0.14015839 
486 446 8 11 0.13952927 
5 431 8 11 0.13924012 
129 645 10 13 0.13877301 
634 127 8 10 0.13835715 
689 430 8 10 0.1381609 
818 189 7 9 0.13810508 
920 233 9 11 0.13791408 
990 80 9 13 0.13789554 
869 442 11 13 0.13770458 
864 79 7 8 0.13685212 
774 165 8 10 0.13672152 
649 359 7 9 0.13625373 
920 436 10 12 0.13587895 
938 239 8 9 0.13548224 
548 700 9 11 0.13505404 
401 375 7 10 0.13492218 
529 524 9 10 0.13466468 
894 551 11 14 0.13447554 
713 184 8 10 0.13435219 
678 660 10 14 0.13422605 
633 457 8 11 0.13396193 
744 525 10 12 0.13387914 
505 601 8 10 0.13346091 
500 423 9 11 0.13328905 
834 93 7 10 0.13071266 
270 377 8 9 0.13062586 
606 623 8 11 0.130367 
218 646 7 10 0.13033941 
774 161 7 9 0.13003044 
648 591 11 13 0.12916358 
928 198 7 9 0.1287238 
566 484 9 12 0.1285116 
439 590 9 11 0.12837708 
776 429 11 13 0.1282215 
479 302 9 10 0.127883 
870 126 8 10 0.1271126 
687 492 10 13 0.12670696 
526 372 7 10 0.12645924 
737 21 6 9 0.12642485 
830 412 11 13 0.12621616 
558 517 8 10 0.12577643 
225 471 10 13 0.12537862 
665 423 9 11 0.12522274 
503 493 8 10 0.12508222 
550 414 8 11 0.12501879 
689 255 8 10 0.12488956 
471 639 9 11 0.124404974 
550 584 9 12 0.124117225 
782 545 11 14 0.12390099 
624 117 8 9 0.1237651 
925 120 8 10 0.12372091 
433 573 9 11 0.12371255 
658 405 8 10 0.123536326 
295 455 9 12 0.12302671 
679 366 6 9 0.12264172 
143 684 10 12 0.122617744 
726 643 10 12 0.12250563 
757 200 7 9 0.12244412 
901 216 9 11 0.12240434 
376 390 8 10 0.12186932 
608 395 9 11 0.12183368 
189 664 8 11 0.12156534 
189 470 11 15 0.121166885 
802 63 8 9 0.120849766 
445 447 8 10 0.12071467 
781 428 9 12 0.1204825 
732 567 12 16 0.120066285 
105 496 10 12 0.11998464 
745 451 9 12 0.11989098 
684 669 12 15 0.11986532 
272 382 7 9 0.11976716 
927 649 13 17 0.119463414 
488 229 9 11 0.119270526 
915 175 7 10 0.11898397 
372 600 10 12 0.11867035 
468 586 12 15 0.118133746 
673 311 7 9 0.118111946 
257 747 13 16 0.118001975 
947 216 8 10 0.1179539 
567 478 9 12 0.11765916 
493 634 9 13 0.11751308 
689 424 8 9 0.11735557 
645 480 9 11 0.117303856 
841 103 8 10 0.117272526 
808 140 10 10 0.11713349 
774 184 8 10 0.117104895 
488 540 9 10 0.116854355 
268 442 11 14 0.116801046 
613 231 8 10 0.11664863 
534 523 9 11 0.116614066 
13 525 10 12 0.11644852 
336 400 7 9 0.11609854 
32 470 9 13 0.11586062 
45 350 8 11 0.11554614 
480 295 8 10 0.11547315 
744 118 8 9 0.11544601 
557 464 9 12 0.114334166 
762 724 13 15 0.11400913 
327 469 8 10 0.11397014 
558 638 9 13 0.11368737 
398 397 7 10 0.113332495 
961 245 8 10 0.1131916 
950 580 9 12 0.11221314 
295 446 8 9 0.1118713 
616 296 8 11 0.11155189 
150 695 10 13 0.11122517 
757 573 11 15 0.11103665 
823 508 11 15 0.111028515 
897 166 7 9 0.111017235 
290 444 8 10 0.11092145 
833 119 8 10 0.110889465 
911 574 11 13 0.11082222 
906 159 6 8 0.11047721 
928 95 8 10 0.11034422 
452 566 9 12 0.11032361 
0 516 8 13 0.110215195 
320 390 8 10 0.109448396 
512 95 8 10 0.10928787 
728 659 10 13 0.10872459 
583 349 9 11 0.10859568 
575 421 8 10 0.10833592 
58 421 8 11 0.10812387 
64 411 10 13 0.107612915 
753 305 7 10 0.10755644 
968 47 8 11 0.10751446 
1001 239 8 10 0.10734917 
937 113 7 9 0.10717653 
992 493 13 15 0.10704591 
393 392 8 10 0.1067082 
501 428 9 10 0.1065084 
561 189 7 9 0.10645557 
266 439 9 12 0.106018305 
869 470 10 12 0.1058991 
438 185 7 9 0.10584767 
759 62 7 9 0.10555242 
620 758 9 12 0.105552144 
441 438 8 9 0.10508384 
520 560 9 11 0.104827166 
550 382 8 10 0.10440784 
664 428 10 12 0.10436702 
617 246 7 10 0.10431442 
867 129 7 9 0.10415267 
590 397 9 11 0.104142904 
383 449 8 10 0.10407823 
517 352 9 10 0.10403 
311 416 7 10 0.10398324 
35 562 12 14 0.103634685 
386 433 8 12 0.10352526 
303 664 8 11 0.10349028 
638 167 7 9 0.10340789 
562 295 7 8 0.103026 
549 573 8 11 0.10295056 
546 389 8 11 0.102886476 
616 271 8 9 0.1023034 
893 180 9 12 0.10218913 
951 409 12 15 0.10181488 
708 288 9 10 0.10168864 
689 247 7 10 0.10156882 
229 637 8 11 0.101174094 
880 143 8 9 0.10113756 
472 399 9 11 0.10113054 
159 476 8 12 0.10099697 
301 696 9 11 0.10070936 
792 430 11 14 0.100247204 
830 516 9 12 0.10020235 
590 669 8 10 0.10005469 
644 414 9 11 0.100029275 
7 463 10 14 0.09973659 
581 319 9 12 0.09918925 
816 220 9 11 0.09918619 
344 724 10 12 0.09911508 
567 294 7 10 0.09911466 
689 437 9 12 0.099090554 
377 415 9 12 0.09904007 
400 380 8 10 0.09866377 
450 615 10 13 0.09850676 
226 631 8 10 0.09841888 
837 94 8 10 0.098107405 
186 474 10 13 0.098061524 
92 682 18 21 0.09802298 
816 185 8 10 0.097942956 
968 179 9 11 0.09787936 
761 138 8 9 0.09779682 
962 319 9 11 0.09773997 
705 64 6 8 0.09773235 
741 71 7 10 0.0976927 
901 486 11 14 0.09752583 
985 240 7 9 0.09722745 
601 625 8 10 0.09717794 
551 287 6 9 0.097059056 
705 46 7 10 0.09688597 
775 128 7 9 0.09681767 
791 598 9 13 0.096752666 
215 662 10 12 0.09655012 
481 78 8 10 0.09643895 
712 381 9 12 0.0964115 
94 523 11 13 0.09621942 
425 375 8 10 0.096034884 
877 404 10 12 0.09598808 
850 582 10 14 0.09536145 
423 359 8 11 0.09530827 
261 393 8 10 0.09530595 
632 249 9 10 0.09523881 
538 317 8 11 0.094872214 
969 599 8 11 0.09481854 
563 541 10 11 0.09479987 
617 373 8 11 0.09444767 
741 96 7 9 0.09424726 
791 445 9 12 0.0941475 
783 47 6 8 0.09411829 
870 483 12 15 0.09410252 
703 88 8 10 0.094095685 
249 662 10 12 0.09382616 
669 680 11 14 0.09380666 
633 145 6 9 0.09377275 
919 95 7 9 0.09376738 
590 548 9 11 0.09360813 
208 375 8 9 0.093516074 
577 710 11 13 0.09320048 
870 476 10 13 0.09319771 
800 391 10 12 0.0931204 
692 493 9 12 0.09309208 
815 153 7 9 0.09296807 
398 392 7 10 0.09292064 
550 710 11 13 0.09289737 
736 502 9 11 0.092868716 
984 595 12 14 0.09257107 
631 337 8 11 0.09211334 
501 415 8 10 0.09193464 
837 461 11 14 0.09177618 
737 114 7 8 0.091649264 
581 666 9 13 0.09149587 
561 30 8 10 0.09144836 
422 335 7 10 0.091229826 
479 13 8 10 0.091169566 
941 183 8 11 0.09109546 
487 631 12 15 0.09097196 
718 133 8 10 0.09089468 
546 286 7 10 0.09065963 
783 464 11 12 0.09039467 
478 513 10 14 0.090256885 
910 111 8 10 0.08996288 
680 470 8 12 0.08991893 
743 6 7 8 0.089906536 
735 493 8 10 0.089836404 
526 64 7 9 0.08982826 
389 727 8 12 0.08979524 
638 626 12 16 0.089697495 
862 150 9 11 0.08963984 
867 540 11 15 0.08941882 
463 565 9 12 0.089412704 
501 397 10 13 0.0893406 
744 113 7 9 0.08925487 
845 467 12 14 0.08861905 
906 192 7 9 0.08853998 
440 433 8 10 0.08847005 
661 406 8 11 0.088267975 
504 57 6 9 0.088263 
148 687 10 11 0.08817014 
130 587 11 14 0.08809567 
245 765 9 12 0.08776938 
847 84 8 10 0.087746575 
321 382 9 12 0.087669544 
853 349 10 12 0.08764674 
548 695 10 12 0.08755523 
888 485 13 16 0.08720415 
775 17 7 9 0.08712913 
152 715 11 15 0.08699819 
255 373 8 10 0.08674431 
382 471 8 10 0.08663606 
288 360 7 8 0.08658697 
758 382 9 11 0.08656177 
542 231 8 10 0.08645564 
704 124 8 10 0.08639869 
406 517 7 10 0.08620786 
632 165 8 10 0.08616662 
985 247 7 9 0.08613653 
887 45 9 11 0.08597683 
670 168 8 10 0.085875206 
829 382 9 12 0.08582007 
584 368 8 10 0.08572056 
745 421 9 11 0.08529047 
436 690 12 15 0.08518357 
695 13 7 9 0.08509437 
727 14 8 9 0.08479807 
92 421 10 12 0.084621556 
472 336 8 9 0.084521346 
339 390 7 10 0.08432994 
520 182 9 12 0.08432376 
743 150 7 9 0.08425714 
860 374 9 11 0.084238596 
673 318 7 10 0.0837444 
872 253 10 11 0.08373819 
481 56 6 9 0.08373455 
748 531 10 13 0.08352859 
609 279 8 10 0.08343481 
926 624 9 12 0.08336042 
732 356 10 12 0.08311028 
553 464 9 11 0.08307932 
985 173 8 11 0.08297186 
519 382 9 10 0.08296493 
446 495 8 11 0.08296444 
667 544 12 14 0.08294194 
726 432 8 11 0.0824153 
488 159 9 12 0.08237178 
500 223 9 11 0.08210792 
622 374 9 12 0.08183391 
521 176 8 10 0.08159765 
511 64 8 11 0.08154941 
729 344 9 11 0.08132443 
425 601 8 10 0.0813153 
262 655 9 11 0.08122922 
463 328 8 10 0.08120045 
680 302 7 10 0.08117473 
325 381 9 11 0.08094744 
312 749 10 12 0.08081455 
736 88 7 9 0.08072142 
545 383 8 10 0.080598444 
242 645 8 10 0.080338225 
287 391 7 9 0.08030959 
464 199 8 10 0.080235414 
753 88 7 9 0.07984386 
766 498 10 12 0.07972783 
470 30 9 12 0.07949475 
713 611 10 13 0.079216816 
590 368 8 11 0.0791384 
64 487 10 12 0.079067744 
702 143 9 11 0.07896324 
536 105 6 9 0.07895104 
713 548 10 13 0.07887022 
866 87 8 10 0.07879556 
726 8 7 10 0.07846115 
633 98 7 8 0.07833092 
989 295 9 12 0.07806991 
39 419 11 13 0.07801424 
558 248 9 11 0.07796435 
360 404 9 11 0.07781849 
535 496 7 10 0.07778488 
340 660 11 13 0.0777317 
264 720 12 16 0.077629164 
880 71 9 10 0.077615395 
848 636 14 18 0.077451944 
391 619 9 11 0.0773792 
703 385 9 11 0.07731549 
462 470 8 10 0.077292465 
717 607 12 14 0.0772807 
511 673 11 15 0.07712679 
743 398 9 12 0.076914184 
476 614 10 12 0.07690852 
420 672 10 11 0.076758206 
860 178 10 13 0.076736145 
558 512 8 11 0.07672804 
448 278 8 10 0.07661678 
488 379 11 14 0.07639548 
870 110 7 9 0.076380566 
929 131 9 11 0.07636541 
400 342 7 9 0.07628088 
309 722 11 13 0.07623688 
656 455 8 11 0.0762296 
709 318 9 11 0.07622339 
620 764 12 16 0.07620086 
833 262 11 13 0.07608312 
417 415 7 9 0.07586579 
581 304 8 11 0.075838305 
473 343 7 9 0.07575703 
910 191 7 9 0.07567464 
728 55 7 8 0.07533868 
745 237 8 11 0.07529355 
743 1 7 9 0.0752499 
409 447 9 12 0.075068496 
718 62 7 10 0.074975185 
897 327 8 9 0.07492398 
455 389 8 10 0.07492121 
448 484 10 12 0.074824125 
776 375 9 12 0.074798845 
725 437 9 10 0.074687555 
689 8 8 10 0.074681684 
887 657 13 17 0.07466979 
718 184 8 10 0.074563175 
327 399 8 9 0.074539214 
609 119 7 9 0.07448653 
621 468 8 11 0.07440228 
864 599 11 13 0.07424517 
752 348 9 11 0.074127235 
769 184 9 12 0.07397425 
534 336 8 10 0.073914565 
217 392 7 10 0.07381704 
829 510 10 13 0.073787495 
696 455 8 10 0.07376943 
714 56 7 9 0.07374547 
943 350 10 13 0.073728405 
456 344 7 9 0.073677234 
518 227 10 12 0.073650844 
366 398 8 10 0.07365071 
838 88 8 10 0.07351107 
993 488 9 12 0.07350153 
206 670 11 13 0.07331011 
254 296 7 9 0.07330994 
985 78 10 12 0.07325292 
512 100 8 10 0.07314577 
830 126 8 10 0.07309568 
80 405 10 12 0.07306889 
661 399 9 12 0.07278062 
529 341 8 10 0.07269923 
643 523 12 14 0.07264933 
465 205 8 10 0.07255159 
689 381 8 10 0.072237924 
409 550 9 11 0.07220199 
375 385 8 9 0.07214818 
753 364 10 13 0.07210036 
686 157 9 10 0.072083294 
504 61 7 10 0.07190142 
675 366 7 10 0.0718599 
45 460 9 11 0.07176003 
500 405 9 11 0.07174542 
232 763 11 13 0.07173376 
720 335 9 11 0.071629465 
691 548 11 13 0.07149733 
289 49 8 10 0.07141925 
583 103 7 8 0.07129669 
550 686 10 11 0.071288615 
569 336 9 11 0.07121853 
30 463 9 11 0.07094912 
448 453 8 11 0.07084303 
878 554 12 14 0.070823185 
713 500 9 12 0.07075034 
858 95 8 9 0.07045653 
932 639 10 12 0.07034783 
505 39 8 10 0.07033679 
711 496 10 12 0.07032852 
607 547 10 12 0.07025288 
897 219 11 13 0.07024456 
888 127 8 10 0.07021346 
720 412 9 11 0.07018011 
688 175 6 9 0.07015181 
375 691 11 13 0.070131786 
414 447 8 10 0.06992953 
155 502 9 12 0.06992582 
560 494 9 12 0.069864966 
837 118 8 10 0.06985544 
175 653 9 13 0.06983285 
567 699 9 12 0.06965105 
215 640 8 10 0.06962269 
727 383 10 12 0.069575414 
210 623 8 10 0.06941161 
569 438 8 12 0.06932147 
584 344 8 10 0.06931445 
471 286 8 10 0.06922276 
757 729 16 18 0.069175445 
71 659 11 15 0.06915325 
532 557 10 13 0.06915325 
286 658 9 11 0.06911023 
432 469 10 12 0.0691018 
937 525 11 13 0.06890821 
865 134 8 10 0.068834044 
252 704 9 11 0.068822056 
639 144 7 9 0.068581566 
359 16 7 8 0.06851105 
454 383 9 11 0.06841589 
364 477 8 11 0.06838846 
799 100 7 9 0.06828511 
217 272 7 9 0.068273015 
398 7 9 11 0.0682464 
182 495 11 13 0.06819772 
576 223 7 10 0.06812289 
790 72 8 10 0.06809389 
543 246 8 11 0.06799886 
493 548 10 13 0.067938164 
920 492 11 14 0.067861035 
632 161 8 9 0.067547716 
406 229 8 11 0.06748713 
694 72 7 9 0.067387484 
905 40 9 11 0.06738661 
502 337 9 10 0.067315646 
635 493 11 15 0.06729049 
596 496 10 11 0.06725867 
825 380 9 12 0.06725729 
1008 232 8 10 0.06725424 
616 653 10 12 0.067207985 
878 531 9 11 0.06692286 
519 571 11 14 0.06683987 
300 494 11 15 0.066755556 
272 302 6 9 0.06657879 
669 696 11 14 0.06654248 
685 471 9 11 0.06633975 
418 382 8 10 0.06623088 
893 497 11 14 0.066221654 
358 751 10 13 0.06605636 
321 399 7 9 0.066053644 
590 37 8 10 0.06604725 
911 566 11 13 0.06571878 
753 94 7 9 0.06571244 
879 209 9 11 0.06562916 
517 327 9 10 0.06554386 
845 455 11 14 0.065493554 
572 503 10 11 0.06537779 
16 383 9 12 0.065242365 
290 623 8 11 0.065226264 
495 344 8 11 0.06499914 
767 7 7 8 0.06499231 
688 102 8 8 0.0649269 
367 383 8 11 0.0649197 
392 455 9 12 0.06490713 
23 516 11 13 0.06487601 
207 607 8 11 0.06485428 
864 429 10 11 0.06485167 
572 676 12 15 0.064845085 
581 588 10 14 0.06478268 
921 623 9 13 0.06476864 
289 336 7 10 0.064656645 
519 644 11 14 0.06455984 
775 659 10 14 0.06454582 
721 452 9 11 0.06453468 
827 580 12 15 0.06450402 
774 380 10 12 0.0644928 
733 653 11 14 0.06442485 
421 184 8 10 0.064336784 
312 440 8 10 0.06427295 
414 208 7 9 0.064243115 
221 655 9 11 0.0642116 
753 203 8 11 0.06418798 
639 294 9 10 0.06416182 
807 183 8 10 0.06406097 
609 432 9 10 0.06377091 
153 580 8 11 0.0637089 
603 633 12 15 0.0635737 
333 461 9 10 0.06350494 
864 438 11 14 0.06347686 
808 80 7 9 0.06342155 
713 367 8 11 0.063400455 
415 292 7 10 0.06322643 
272 408 9 11 0.063201964 
30 637 14 16 0.063153744 
267 20 7 10 0.063135765 
732 645 10 12 0.06309145 
222 609 7 9 0.06302809 
607 678 11 15 0.06300807 
565 647 9 11 0.062950425 
129 469 9 12 0.06292768 
574 390 8 11 0.06287495 
608 112 7 9 0.062874034 
631 479 10 11 0.06283637 
656 636 10 13 0.062826075 
391 502 8 10 0.06277464 
288 365 8 10 0.062756084 
784 231 9 12 0.062752016 
813 438 10 13 0.062689945 
489 224 8 11 0.062669605 
545 185 7 10 0.06262405 
742 16 7 9 0.06262349 
427 609 12 15 0.062620215 
647 407 8 10 0.062613145 
749 120 7 9 0.06254913 
280 351 8 10 0.06250447 
406 376 7 9 0.062485624 
774 150 7 9 0.06244312 
981 62 10 12 0.06242742 
719 112 7 9 0.06239991 
536 366 9 11 0.062335134 
968 87 8 10 0.0622916 
449 383 9 11 0.06227084 
855 344 9 11 0.062258866 
703 431 8 10 0.062215846 
960 615 13 15 0.062163282 
541 239 9 10 0.06210562 
550 567 9 12 0.06209151 
525 663 10 13 0.0620357 
336 404 9 11 0.062022638 
652 788 12 13 0.0619759 
465 30 9 11 0.061891932 
746 231 8 11 0.06177244 
749 398 10 13 0.061733063 
869 727 19 23 0.06162809 
800 152 7 10 0.06159219 
521 581 9 11 0.061565325 
925 237 8 11 0.061563652 
763 715 14 18 0.06149283 
646 391 9 11 0.061455682 
860 407 9 12 0.06141432 
1002 425 12 16 0.06137174 
69 487 11 12 0.061361782 
228 475 10 14 0.061281275 
345 470 9 10 0.061248627 
942 437 10 13 0.061208814 
538 238 8 10 0.06110798 
401 232 8 10 0.061019894 
623 133 7 10 0.06101426 
456 456 7 10 0.060997114 
734 48 8 9 0.060944907 
770 165 8 10 0.060812604 
422 381 8 10 0.060800973 
791 763 13 18 0.060737703 
414 480 8 10 0.060705703 
397 474 10 12 0.06070557 
521 343 8 9 0.060612746 
578 323 8 11 0.06060441 
549 453 9 10 0.06054257 
631 102 8 8 0.060421824 
807 152 9 11 0.060334694 
97 580 9 12 0.060286783 
89 520 9 11 0.06025003 
438 682 9 10 0.060141314 
615 238 7 10 0.060101066 
621 512 10 13 0.06004418 
818 87 8 9 0.06004387 
716 764 9 13 0.060042217 
842 73 8 9 0.05989291 
714 697 100 115 0.05984248 
549 631 10 13 0.059816573 
463 53 6 9 0.0596826 
615 328 8 11 0.05962565 
816 79 7 9 0.059527665 
554 554 10 14 0.059524897 
594 231 7 9 0.059492968 
510 510 8 10 0.05948315 
576 416 9 11 0.059471175 
775 145 7 9 0.059459344 
798 119 9 11 0.059319433 
748 554 11 14 0.05924288 
666 167 8 10 0.05921807 
862 143 8 10 0.059196196 
757 661 19 24 0.059069548 
46 543 11 14 0.059026923 
533 341 9 10 0.059016332 
882 24 8 10 0.05901102 
61 504 10 12 0.05900738 
214 628 7 11 0.058979984 
520 534 9 12 0.05887434 
918 180 8 10 0.058868475 
751 56 8 9 0.058805622 
470 328 7 9 0.05868229 
338 7 8 8 0.058672782 
271 464 9 11 0.05865082 
761 476 10 12 0.058641873 
704 304 7 10 0.058636837 
775 675 11 15 0.05856377 
486 295 8 10 0.05840059 
254 5 8 9 0.058391202 
889 86 8 10 0.058289777 
745 405 9 12 0.058266304 
965 126 8 11 0.05822874 
301 461 10 11 0.058040466 
512 257 7 10 0.058025192 
574 342 8 11 0.05800877 
714 511 8 11 0.057997793 
561 477 9 12 0.057877917 
927 223 8 9 0.05787329 
406 511 9 13 0.0578629 
383 488 10 13 0.057766795 
650 135 7 8 0.05773143 
488 367 8 10 0.05772653 
462 103 7 9 0.05768551 
719 38 8 10 0.05759307 
768 127 9 10 0.057577766 
489 343 8 10 0.057508044 
962 241 8 10 0.057426523 
470 280 8 10 0.0574123 
686 24 7 10 0.05734414 
456 652 10 14 0.057318524 
473 38 9 11 0.057227835 
777 396 9 11 0.05706126 
44 345 8 10 0.057020817 
705 192 7 9 0.056883786 
394 8 8 9 0.056867916 
134 510 8 11 0.056854952 
528 496 8 11 0.056800388 
834 240 8 10 0.056731835 
431 542 8 10 0.05665644 
813 676 11 15 0.056646578 
294 616 7 10 0.056641087 
934 599 9 11 0.056514516 
326 672 9 11 0.056463342 
697 150 7 9 0.05645777 
70 502 10 12 0.05644612 
736 77 7 10 0.056433313 
439 699 11 14 0.05642166 
712 48 7 9 0.05638899 
697 38 7 9 0.056326345 
765 470 10 14 0.056288227 
550 447 9 11 0.05622393 
511 168 7 9 0.05622258 
775 390 9 11 0.05621109 
783 446 12 14 0.056158766 
687 311 8 9 0.05613833 
638 254 7 9 0.05613074 
272 7 7 9 0.05611047 
536 31 8 10 0.056035563 
840 152 7 8 0.055930022 
470 431 7 10 0.055897456 
876 483 11 15 0.05580967 
801 196 8 10 0.05575025 
808 97 7 9 0.055632167 
594 119 8 9 0.055626456 
544 280 7 9 0.05561209 
361 383 9 10 0.055596825 
722 256 8 10 0.055587392 
478 38 8 9 0.055495515 
492 543 9 10 0.055491045 
517 357 8 11 0.055461437 
15 374 9 11 0.055433355 
320 14 7 9 0.055412408 
534 358 9 11 0.055385545 
1005 463 15 21 0.055323012 
658 167 6 8 0.055256087 
640 579 9 12 0.055193443 
544 85 7 10 0.055056613 
841 31 7 9 0.0550216 
775 62 7 10 0.055015992 
596 559 9 12 0.054920383 
983 68 9 12 0.054832995 
325 423 7 9 0.05481785 
474 651 13 17 0.05475561 
512 239 7 10 0.05466651 
279 383 7 10 0.054637227 
216 750 12 13 0.054619487 
510 31 7 9 0.054601982 
297 374 8 10 0.054596204 
231 745 13 17 0.0545901 
808 70 7 9 0.054561824 
877 625 15 19 0.05454984 
888 413 9 11 0.054539155 
689 377 7 9 0.054480243 
696 33 7 9 0.054461453 
788 667 11 14 0.05439574 
593 357 8 10 0.054302715 
574 337 8 9 0.05427803 
793 374 9 11 0.054269478 
317 427 10 12 0.05424069 
493 700 11 15 0.05421753 
736 300 8 10 0.054013543 
802 289 8 10 0.053965215 
633 468 9 11 0.053954285 
750 576 13 16 0.053930968 
466 255 8 10 0.053914282 
41 375 8 10 0.053893298 
302 675 11 14 0.05383138 
72 376 8 11 0.05382866 
825 32 7 8 0.053732626 
527 557 10 12 0.053695362 
657 111 8 10 0.053572968 
591 570 9 12 0.0535197 
55 503 11 14 0.053501226 
721 149 9 10 0.053421754 
318 360 8 11 0.053320903 
754 73 7 9 0.053209137 
718 541 11 14 0.053174324 
423 92 10 11 0.05313808 
985 104 8 10 0.053127117 
53 566 11 13 0.053116564 
680 96 6 9 0.053115793 
312 743 10 12 0.05308472 
568 390 8 11 0.053080767 
631 433 8 10 0.052820485 
246 685 9 11 0.052771173 
518 670 10 13 0.052762132 
96 575 10 12 0.052751113 
569 507 10 13 0.052745815 
556 550 10 12 0.05271159 
407 224 9 11 0.05267784 
889 110 7 9 0.052593503 
930 79 8 10 0.05258697 
720 87 7 9 0.052582268 
357 5 8 10 0.052560877 
801 56 7 9 0.052514676 
672 658 12 15 0.05247528 
418 741 8 10 0.052350115 
681 590 9 13 0.052311134 
882 605 10 13 0.052252173 
565 471 10 13 0.0522513 
585 379 10 12 0.052220616 
231 483 11 13 0.052209098 
503 488 8 10 0.052180037 
449 344 8 9 0.05208556 
614 749 10 14 0.052081242 
775 55 8 10 0.05203933 
986 84 9 12 0.052013095 
784 251 9 10 0.05196892 
758 374 9 11 0.051949028 
329 447 10 12 0.051895805 
952 343 9 11 0.051841717 
562 320 8 10 0.051840555 
633 303 8 9 0.051821582 
534 296 8 10 0.051821258 
222 176 7 9 0.051682636 
614 287 7 8 0.051663313 
614 406 8 9 0.05165916 
525 564 10 13 0.05163862 
562 486 8 11 0.051637787 
709 104 8 10 0.05161414 
823 110 8 10 0.051598467 
185 668 11 11 0.051578436 
368 486 9 12 0.05157645 
430 597 9 11 0.051505983 
321 468 9 11 0.0514475 
601 327 8 11 0.05131701 
577 26 7 9 0.051242437 
95 494 9 11 0.051237177 
408 420 8 11 0.05122949 
127 510 9 12 0.051151834 
648 455 9 10 0.051145114 
504 239 8 10 0.051122736 
855 64 8 10 0.051110875 
894 333 10 12 0.05110077 
704 94 7 9 0.051085074 
569 600 9 11 0.05104541 
787 739 14 16 0.050992887 
543 119 8 10 0.050967913 
80 550 10 12 0.050936796 
375 359 7 10 0.05092747 
198 598 8 9 0.05092516 
519 500 8 11 0.05088382 
239 358 7 10 0.05084464 
882 365 9 12 0.050819512 
641 111 6 9 0.050766703 
341 406 9 10 0.0507632 
448 628 11 14 0.050755605 
994 222 7 10 0.050746072 
479 191 7 10 0.050715744 
511 44 7 10 0.05066354 
449 460 9 11 0.050526384 
412 757 11 13 0.05052613 
382 392 7 9 0.050471302 
216 607 8 10 0.050463974 
857 71 8 9 0.050437946 
872 671 10 12 0.050353725 
777 79 7 9 0.050327506 
764 533 10 12 0.050322007 
839 110 8 10 0.050205816 
896 299 12 14 0.05018706 
925 231 8 11 0.050183978 
936 55 8 10 0.050150074 
833 112 8 10 0.050145976 
917 451 12 16 0.050106723 
544 621 9 12 0.050042395 
422 168 8 10 0.050031185 
591 392 8 10 0.050019417 
377 14 8 10 0.050009836 
508 663 10 13 0.04996538 
717 503 8 10 0.04989924 
646 638 9 13 0.049877614 
490 351 8 9 0.049857836 
641 389 9 12 0.049730547 
350 470 8 10 0.049689822 
535 352 7 10 0.049667466 
822 398 10 11 0.049662765 
725 452 10 12 0.049636602 
433 464 8 10 0.04961374 
656 428 9 12 0.049565107 
800 164 9 10 0.049536165 
903 140 8 10 0.04949229 
314 647 8 10 0.04946913 
280 400 7 8 0.049456708 
448 207 8 10 0.049447425 
208 408 10 13 0.04940513 
760 493 12 16 0.049400344 
65 433 9 11 0.04928528 
328 438 10 11 0.049232367 
255 656 10 12 0.049207903 
437 463 8 10 0.049207456 
365 407 9 11 0.0492042 
806 526 9 11 0.049164392 
712 543 10 12 0.049159206 
301 445 9 10 0.049157407 
142 529 8 10 0.04907853 
660 644 10 14 0.049020562 
607 328 8 10 0.049000904 
246 641 9 11 0.04898613 
796 596 10 13 0.04898168 
233 287 6 9 0.048923254 
565 31 8 10 0.048894998 
608 462 9 11 0.04889418 
856 7 9 10 0.048871946 
559 289 7 8 0.04884557 
702 39 7 10 0.048844565 
544 454 10 11 0.048832305 
616 127 8 9 0.04881685 
598 357 10 12 0.04880292 
495 309 7 9 0.048790637 
726 256 7 9 0.048770905 
221 647 9 10 0.048741706 
786 753 23 31 0.048699908 
768 407 8 11 0.04869956 
449 669 10 12 0.048678007 
984 307 10 13 0.04866871 
296 655 8 11 0.048631787 
409 490 11 14 0.04862579 
967 110 7 10 0.0486005 
753 78 7 9 0.04859108 
392 476 10 13 0.048575275 
537 373 8 11 0.04854517 
573 263 8 9 0.048500534 
463 398 8 11 0.048337825 
32 382 8 10 0.048326377 
278 407 8 10 0.048308466 
916 597 11 13 0.048295338 
772 579 15 17 0.048268516 
929 142 8 11 0.04824701 
167 743 9 11 0.0482439 
993 685 10 13 0.048207086 
967 603 11 13 0.048198007 
232 432 9 12 0.048178785 
933 85 8 10 0.04815508 
607 332 9 11 0.04815362 
801 191 9 11 0.04810534 
465 647 10 12 0.048042983 
830 65 8 9 0.048020057 
128 536 9 11 0.048011623 
685 596 10 13 0.04800594 
326 376 9 11 0.047959667 
496 223 9 12 0.0479439 
536 109 7 10 0.047942787 
440 327 7 10 0.04793479 
272 341 6 9 0.047932833 
15 421 8 10 0.047892835 
860 587 10 13 0.047875453 
237 567 10 11 0.047871854 
54 391 8 10 0.04784363 
821 189 8 10 0.047837377 
864 475 10 13 0.047824662 
527 645 11 13 0.04775071 
831 144 7 8 0.047711752 
708 686 11 13 0.0477073 
662 342 7 9 0.047695708 
271 781 9 12 0.04764843 
422 503 8 10 0.04759347 
693 431 9 10 0.047582038 
422 341 8 10 0.047462683 
585 495 9 11 0.04740759 
830 70 8 10 0.047397535 
922 427 13 16 0.047390945 
809 327 8 10 0.047350246 
457 287 7 10 0.04734331 
895 507 10 13 0.047321893 
87 387 10 12 0.047311954 
937 233 8 9 0.047295306 
333 440 9 10 0.04726324 
400 369 7 9 0.04724454 
575 142 7 9 0.047210816 
909 671 14 18 0.047188833 
640 518 12 15 0.047130287 
832 229 7 9 0.04712817 
783 104 7 9 0.04712391 
313 421 9 12 0.04712329 
189 606 9 11 0.04712189 
768 359 8 11 0.047121238 
527 424 7 10 0.047108218 
528 16 7 9 0.047079492 
831 267 11 12 0.047057077 
565 326 7 9 0.047033872 
417 168 8 10 0.046924483 
357 614 9 11 0.04692207 
89 416 8 11 0.046910215 
399 199 7 9 0.04690383 
698 320 7 9 0.046902414 
127 516 9 11 0.046882063 
456 374 7 9 0.046868745 
490 111 8 10 0.046868507 
743 438 9 12 0.046848357 
570 264 8 9 0.04683417 
582 136 7 9 0.046814352 
825 128 7 9 0.046813637 
709 444 10 13 0.04681251 
630 686 8 11 0.04671952 
561 222 7 9 0.04671626 
639 103 7 8 0.046697546 
112 518 9 12 0.04668094 
990 263 8 10 0.0466518 
613 444 9 11 0.04663907 
16 444 11 14 0.046632763 
361 367 8 9 0.04660982 
945 574 9 12 0.046602234 
904 197 9 10 0.046506863 
556 711 11 13 0.046470154 
345 422 8 10 0.04645047 
392 335 8 9 0.04644274 
910 103 8 10 0.046420507 
1002 255 8 11 0.046410065 
833 101 8 10 0.04639833 
577 197 9 11 0.046386696 
870 546 13 17 0.046309665 
494 566 8 10 0.04626587 
509 599 8 11 0.0462612 
956 580 9 11 0.046252444 
591 89 7 8 0.04621524 
781 667 13 17 0.046077874 
520 31 8 9 0.04604563 
32 376 8 10 0.04598346 
302 391 7 9 0.04597562 
359 415 9 11 0.04596619 
36 545 12 14 0.04593477 
960 255 9 11 0.045931354 
513 412 10 12 0.04589366 
806 190 7 10 0.045843598 
416 408 7 10 0.045813497 
592 114 7 8 0.0457448 
544 189 8 11 0.045722276 
720 260 8 10 0.045692928 
669 158 9 11 0.04567107 
294 368 8 9 0.045644257 
833 41 7 9 0.04564297 
460 501 11 13 0.045639634 
422 544 8 9 0.045635145 
22 432 9 11 0.04562245 
237 663 10 12 0.045613807 
957 437 11 13 0.045591477 
618 134 8 10 0.045548923 
552 327 8 11 0.045541096 
463 334 7 10 0.04550611 
616 464 9 11 0.045489516 
920 63 7 10 0.045484148 
854 110 7 10 0.045405526 
673 103 8 10 0.045379788 
592 167 7 9 0.045283098 
5 515 12 14 0.04523019 
13 518 11 14 0.045200177 
780 374 10 11 0.045164313 
582 704 9 11 0.04513179 
517 692 10 12 0.045123752 
830 685 10 14 0.045123626 
794 167 7 9 0.04504674 
726 589 11 14 0.045010414 
839 0 10 8 0.044999078 
287 385 7 9 0.044960093 
905 120 8 9 0.0449035 
560 217 7 9 0.044893622 
821 216 8 11 0.044843122 
703 487 8 11 0.044839732 
876 657 11 15 0.04478339 
728 128 7 9 0.044762775 
72 597 12 14 0.044753034 
471 199 8 10 0.044750776 
677 390 8 10 0.044735856 
734 333 10 12 0.044725873 
897 230 9 11 0.04471194 
197 272 8 9 0.044702824 
77 487 9 11 0.044700924 
634 295 8 10 0.04469974 
909 158 7 9 0.044683162 
569 359 9 11 0.044612512 
527 551 9 12 0.044608425 
790 407 9 11 0.04458314 
503 207 7 10 0.044573605 
766 135 8 10 0.044553753 
280 327 8 9 0.04450482 
815 157 8 10 0.044492304 
518 333 9 11 0.044484485 
478 581 8 11 0.04446205 
303 722 11 14 0.044457354 
880 110 8 10 0.044454277 
641 287 8 11 0.04441162 
734 581 9 12 0.044344235 
513 352 8 10 0.04433384 
528 625 10 13 0.044320412 
152 496 9 11 0.04430717 
452 635 10 13 0.044270642 
546 581 9 11 0.04425888 
496 190 6 8 0.044248447 
225 305 7 8 0.044233717 
889 178 9 11 0.044226132 
936 161 7 9 0.04419337 
471 350 8 9 0.044169795 
984 299 12 15 0.04416526 
608 375 9 10 0.04416162 
432 391 7 9 0.044153947 
673 325 8 10 0.044134676 
551 501 9 11 0.044126555 
558 134 7 9 0.04412528 
279 429 9 11 0.044054784 
704 493 9 11 0.044053357 
769 213 8 11 0.04401183 
440 583 9 12 0.043952182 
993 152 9 10 0.043928344 
905 129 6 8 0.043887664 
448 73 8 9 0.04386676 
653 102 8 10 0.043852504 
649 303 7 9 0.043832377 
321 676 9 12 0.043772224 
849 135 7 9 0.04375498 
758 72 7 9 0.043743346 
449 376 7 8 0.043725464 
750 166 7 9 0.04371581 
254 434 9 13 0.04368873 
458 328 7 9 0.043632362 
535 742 9 12 0.04362216 
358 420 8 11 0.0436193 
265 701 9 10 0.04359 
254 668 8 11 0.04358692 
865 395 10 14 0.043538604 
821 239 10 12 0.04351859 
211 669 12 15 0.04350016 
374 487 9 12 0.043466866 
296 352 8 9 0.043430727 
367 611 10 13 0.04337214 
880 78 8 10 0.04326381 
417 736 9 10 0.04325893 
894 411 10 14 0.043255445 
135 535 8 10 0.043225113 
441 312 8 9 0.043204054 
310 695 9 11 0.043202147 
438 65 7 10 0.043153286 
773 411 10 12 0.043152656 
693 255 8 9 0.04314932 
546 707 10 14 0.043148644 
727 414 9 11 0.043134432 
908 134 8 10 0.043128427 
600 319 9 11 0.04307256 
863 169 9 10 0.043049026 
39 448 9 11 0.04303297 
433 64 9 12 0.04300963 
286 430 9 11 0.04299458 
847 31 7 9 0.042918175 
542 494 9 11 0.042904668 
688 628 19 25 0.042888697 
501 352 9 10 0.04288628 
554 517 9 11 0.0428813 
44 415 10 12 0.042879045 
479 366 8 10 0.04287257 
881 360 9 12 0.04285024 
752 61 8 10 0.042839084 
784 79 8 9 0.04279912 
238 669 10 11 0.042776328 
687 97 7 9 0.042774048 
957 30 10 12 0.0427426 
120 455 8 9 0.042707436 
408 543 10 12 0.042700853 
660 724 10 14 0.04269011 
624 465 8 10 0.042669516 
535 17 8 10 0.042623475 
460 359 8 10 0.0426175 
353 6 9 10 0.042597935 
719 400 9 11 0.042588525 
376 8 8 9 0.04258794 
597 565 8 11 0.042550433 
475 14 8 10 0.04246777 
961 70 8 12 0.042467337 
1000 619 10 13 0.042459626 
65 468 10 12 0.04244931 
1005 550 9 11 0.042401236 
665 143 7 8 0.042392172 
897 143 7 9 0.04238486 
496 184 7 10 0.042364053 
487 215 8 10 0.042359114 
514 224 9 11 0.042354465 
503 392 9 11 0.04234412 
481 255 7 9 0.042304352 
894 119 8 10 0.04229107 
363 471 10 13 0.04228688 
783 110 7 10 0.042282585 
271 432 8 11 0.042280365 
688 260 8 10 0.04225663 
293 467 11 13 0.042253755 
573 7 8 10 0.04223616 
381 460 10 12 0.04221537 
1010 100 8 11 0.042193703 
671 470 8 11 0.042191796 
521 64 7 9 0.042176887 
624 151 7 9 0.042170662 
528 223 9 10 0.04216612 
28 495 10 11 0.04215262 
732 638 11 14 0.04214567 
751 103 8 9 0.042139895 
347 389 9 11 0.042134624 
743 214 7 10 0.042103883 
738 151 8 9 0.04209936 
335 23 7 9 0.04207529 
63 536 9 13 0.042064212 
300 455 10 12 0.042010073 
1008 261 8 11 0.042006917 
841 165 8 10 0.04200562 
280 366 8 10 0.041998856 
663 606 8 11 0.04193016 
465 247 8 9 0.041925292 
464 280 9 10 0.041918345 
802 80 7 9 0.041887112 
479 289 7 9 0.041881837 
514 487 9 12 0.04187819 
807 176 7 9 0.04186601 
694 376 7 9 0.04184043 
510 192 7 9 0.041834064 
799 383 8 11 0.041821774 
624 97 7 10 0.04179433 
488 264 7 10 0.04173963 
544 325 8 11 0.041727465 
263 351 8 10 0.041721832 
487 72 7 9 0.041721117 
911 151 7 10 0.041709032 
272 335 7 9 0.04169638 
569 270 8 10 0.04166901 
644 660 11 14 0.04164369 
912 95 9 10 0.041617356 
431 397 8 11 0.041603003 
487 441 8 11 0.041598935 
863 29 8 10 0.041564576 
985 264 9 10 0.041561574 
624 406 9 10 0.04155192 
800 47 7 8 0.041542802 
487 555 10 13 0.04153106 
0 646 9 15 0.041528005 
972 597 11 13 0.041479938 
311 57 8 9 0.04147588 
571 477 10 13 0.041472413 
553 511 9 11 0.041465767 
557 344 8 11 0.04146464 
391 443 9 11 0.041448765 
769 428 10 13 0.041446507 
433 591 9 12 0.041441776 
473 95 8 10 0.041406725 
849 246 8 10 0.041370492 
750 176 8 10 0.04136178 
464 560 10 12 0.041336846 
727 540 10 13 0.04133307 
733 587 10 14 0.041325454 
30 446 10 12 0.041299243 
755 726 25 30 0.041282054 
328 429 8 12 0.04127189 
574 271 7 9 0.041264206 
352 616 9 12 0.041258782 
254 335 8 9 0.04124828 
775 367 8 10 0.041246336 
446 312 7 9 0.041242532 
410 207 7 10 0.04123686 
606 152 7 8 0.04123321 
886 549 12 15 0.041162625 
479 60 8 9 0.04113124 
872 200 8 9 0.04112663 
518 319 7 9 0.041126087 
926 176 8 9 0.041098844 
670 143 7 10 0.04108673 
981 707 20 25 0.04107944 
7 506 13 16 0.041046284 
854 104 8 10 0.04102211 
790 230 8 11 0.04100752 
134 612 10 12 0.041003555 
968 159 8 11 0.040978458 
914 181 8 10 0.040971965 
888 104 8 9 0.040969156 
271 272 7 8 0.04096753 
892 436 11 14 0.04094511 
822 86 7 10 0.040913425 
954 206 8 10 0.04090417 
836 708 16 20 0.040831856 
630 375 10 11 0.040814064 
478 342 7 9 0.04077225 
936 166 8 9 0.040764935 
446 431 8 10 0.040733904 
839 14 6 8 0.040719498 
495 304 8 10 0.040706553 
525 582 9 10 0.040701836 
465 430 9 10 0.040654607 
759 78 8 9 0.04060603 
325 390 8 10 0.040597577 
296 305 7 9 0.04059559 
532 564 10 12 0.04058979 
328 463 9 11 0.04058615 
448 244 8 10 0.040582873 
505 518 10 12 0.040571008 
479 414 7 9 0.040567067 
429 375 8 10 0.040561594 
356 699 12 15 0.040555764 
648 364 8 10 0.04055451 
825 648 12 16 0.040545397 
413 546 10 13 0.04054065 
893 95 8 10 0.04051037 
216 278 7 8 0.040500827 
585 487 10 11 0.040497225 
912 556 10 13 0.040473577 
878 96 9 10 0.04045934 
870 532 10 13 0.04040393 
527 288 8 10 0.040398773 
680 110 6 9 0.04035375 
998 140 9 11 0.040347677 
790 128 8 10 0.040324137 
741 23 7 9 0.040289722 
629 398 8 11 0.040271934 
112 590 10 12 0.040257208 
363 142 7 10 0.040248316 
417 184 8 10 0.040241845 
341 485 9 11 0.040222626 
954 452 13 17 0.040200338 
545 630 10 13 0.04011909 
799 125 8 10 0.040108465 
519 312 9 10 0.040106628 
280 319 8 10 0.04008523 
153 476 9 12 0.040083285 
249 295 8 10 0.04004045 
389 495 7 10 0.040024705 
1013 238 8 11 0.04001902 
688 79 7 9 0.040013533 
471 437 8 9 0.040009696 
458 334 8 9 0.03998012 
838 53 9 11 0.03988515 
658 128 6 8 0.039865706 
507 31 7 9 0.0398515 
207 327 8 10 0.03982712 
157 713 13 17 0.0398053 
425 223 8 10 0.039773747 
646 582 9 11 0.039761666 
637 649 14 17 0.03974402 
336 655 11 14 0.039706003 
235 485 11 13 0.03969884 
514 134 8 10 0.039644886 
86 438 9 10 0.039628405 
532 751 11 14 0.039624065 
841 159 7 9 0.03960812 
248 110 7 8 0.03959867 
431 271 9 10 0.039592236 
489 337 6 9 0.03958047 
639 479 11 13 0.03952882 
504 524 10 13 0.039523482 
720 446 10 13 0.039518178 
929 166 7 9 0.039496355 
447 350 8 9 0.039491866 
568 349 8 10 0.039474037 
903 776 13 16 0.039456546 
40 355 9 11 0.039454952 
624 47 8 10 0.03941588 
646 295 7 9 0.039413236 
574 773 10 12 0.039384205 
513 319 8 9 0.039382406 
600 310 9 11 0.03937813 
647 326 8 9 0.03936403 
545 272 7 9 0.03934196 
742 100 8 10 0.039334152 
270 693 8 11 0.039330665 
87 508 9 11 0.039295387 
1014 558 10 12 0.039275084 
972 605 9 13 0.03927411 
424 365 8 10 0.039270587 
193 278 7 10 0.039245244 
568 583 11 14 0.03922999 
984 652 11 13 0.039198205 
814 332 8 11 0.03919251 
640 64 7 8 0.039188463 
831 418 11 13 0.039165325 
21 445 10 13 0.03916451 
957 343 9 12 0.03913511 
713 432 8 11 0.039121788 
608 168 7 9 0.03911014 
560 24 7 10 0.039069515 
636 462 9 11 0.039061733 
472 512 9 12 0.039053768 
793 150 7 10 0.039041586 
405 526 8 10 0.03904155 
970 623 11 13 0.03904083 
0 479 8 12 0.03902747 
638 248 7 9 0.039017145 
920 7 9 11 0.03896286 
793 381 9 11 0.038958896 
1000 244 8 10 0.038950734 
551 375 9 12 0.03894604 
750 112 7 9 0.038941305 
770 208 7 10 0.038911697 
628 703 10 13 0.038909968 
713 160 8 9 0.038906064 
752 150 7 9 0.03889948 
99 461 9 12 0.03889214 
335 734 10 13 0.03888164 
760 57 6 9 0.03885472 
750 427 11 13 0.03883274 
576 350 8 10 0.038831227 
153 509 10 11 0.038801607 
815 129 8 10 0.038791437 
349 779 11 14 0.038784362 
382 500 9 11 0.03876149 
910 118 8 10 0.03873468 
733 365 9 11 0.03865427 
806 56 7 9 0.03864971 
566 493 9 11 0.03864346 
591 508 9 11 0.038639564 
786 31 7 9 0.03863758 
314 391 7 9 0.03862712 
661 128 7 9 0.038602434 
1013 319 12 18 0.03859345 
610 285 8 10 0.03857215 
769 587 16 20 0.038571954 
950 349 8 12 0.038558077 
145 698 12 16 0.038557336 
732 381 9 12 0.038551576 
769 412 9 11 0.038547102 
826 602 13 14 0.03854593 
273 296 7 9 0.03853994 
66 382 9 11 0.038462404 
870 463 9 12 0.038423806 
47 358 10 11 0.038418494 
721 104 7 8 0.038407966 
646 398 8 10 0.03839466 
488 549 10 13 0.03837292 
921 30 9 12 0.038333606 
461 650 12 16 0.038321342 
585 287 8 9 0.03828783 
869 21 8 11 0.038283736 
602 104 7 8 0.038280614 
446 420 9 12 0.038279314 
237 653 9 11 0.03825363 
914 81 8 11 0.03821662 
37 475 9 11 0.038192417 
638 97 7 8 0.03818211 
782 397 8 10 0.038177572 
360 95 7 9 0.038165335 
614 278 8 10 0.03815914 
685 603 12 14 0.038131483 
825 65 7 9 0.03810313 
617 310 8 9 0.038092587 
687 119 9 10 0.038091976 
103 485 10 13 0.038091164 
293 621 8 11 0.038081624 
367 742 9 11 0.03807646 
98 676 18 23 0.038060486 
896 161 6 9 0.038057625 
974 191 8 11 0.038048193 
590 621 9 12 0.03803852 
607 654 9 10 0.038036823 
895 340 10 13 0.037990578 
333 469 9 10 0.037989166 
280 424 8 10 0.037965037 
100 637 10 13 0.037952416 
929 377 9 11 0.037947007 
749 236 9 11 0.037942246 
795 95 7 10 0.037922014 
989 592 11 13 0.03792008 
456 398 9 10 0.03791617 
801 183 8 9 0.03790896 
101 333 10 13 0.03790724 
955 444 12 15 0.037893616 
705 700 23 29 0.037842322 
918 143 8 11 0.037834603 
784 41 7 9 0.037833244 
718 47 8 9 0.037814155 
100 520 9 11 0.037812993 
651 775 12 15 0.037771005 
440 287 8 9 0.03774483 
28 512 10 11 0.037732095 
265 408 8 10 0.037730984 
542 375 8 11 0.03770324 
720 80 6 9 0.03768252 
841 455 9 13 0.03764996 
487 590 9 12 0.037635468 
424 303 7 9 0.037586957 
829 522 11 14 0.037572127 
1013 263 8 11 0.03756151 
433 343 8 10 0.037517875 
230 263 9 10 0.037510764 
647 423 9 10 0.037510175 
494 229 8 10 0.03750023 
778 48 7 8 0.03748113 
934 128 8 10 0.037474297 
414 451 9 12 0.037471756 
447 285 8 10 0.03745877 
313 359 8 11 0.037447065 
265 694 9 10 0.037441153 
265 711 11 14 0.037435476 
144 600 10 11 0.03743445 
127 567 10 12 0.0374268 
511 681 12 16 0.037413184 
695 383 8 10 0.037393086 
647 606 11 14 0.037372526 
802 414 10 12 0.03735935 
494 365 9 11 0.037349522 
994 129 9 11 0.03733006 
712 406 8 10 0.037322037 
610 237 8 10 0.037262563 
376 447 8 10 0.037256043 
544 334 7 10 0.037229054 
505 95 8 10 0.03721923 
768 334 9 12 0.037214205 
865 328 9 9 0.03721287 
734 540 10 13 0.03720766 
374 396 9 11 0.03719171 
709 93 8 10 0.037182678 
641 71 7 8 0.037171744 
590 351 8 11 0.03716615 
375 736 12 15 0.0371619 
434 159 7 9 0.037153795 
451 508 11 14 0.037147198 
631 359 8 10 0.03714346 
384 606 10 13 0.03710495 
489 358 8 10 0.037091456 
469 151 8 10 0.037090875 
817 175 7 10 0.037078377 
829 558 12 16 0.03707147 
733 375 9 11 0.037068065 
197 422 9 11 0.03705224 
311 469 9 10 0.036979675 
505 301 8 10 0.036977656 
520 216 7 9 0.036973134 
470 374 8 10 0.036970135 
480 308 7 9 0.036953263 
287 8 8 9 0.03689871 
281 390 7 10 0.036893964 
576 228 8 11 0.036864996 
401 359 7 9 0.03686022 
887 81 8 9 0.03683527 
921 224 7 9 0.03680322 
782 662 12 14 0.036765482 
608 423 9 11 0.03675927 
574 256 7 9 0.036741003 
654 143 7 10 0.036729094 
873 121 7 9 0.0367185 
545 343 8 10 0.036709577 
477 399 9 11 0.036632523 
822 104 8 10 0.03662409 
871 270 11 15 0.036583368 
269 15 9 12 0.036579356 
814 108 9 10 0.03657549 
14 574 11 13 0.03656904 
861 421 12 13 0.0365429 
311 365 9 11 0.036526125 
902 60 9 11 0.036513302 
510 56 7 9 0.0365029 
417 377 8 10 0.036500234 
544 685 9 12 0.03649553 
70 509 11 14 0.036493547 
582 357 8 11 0.036471784 
609 468 8 11 0.036448155 
419 486 10 12 0.036419448 
93 511 10 11 0.03641418 
520 293 8 10 0.036398184 
726 578 12 14 0.03639618 
743 89 7 9 0.036384918 
718 556 11 13 0.036364943 
318 735 10 13 0.03635576 
694 413 9 11 0.036352646 
334 367 9 10 0.036276657 
359 431 8 9 0.036244567 
707 292 9 11 0.0362279 
759 205 7 9 0.036225136 
776 87 7 10 0.03621676 
632 318 9 10 0.03619952 
425 766 9 12 0.036182653 
678 675 12 15 0.03616314 
929 597 9 12 0.036156457 
649 428 8 11 0.0361499 
752 145 7 10 0.03614772 
229 376 8 10 0.03614026 
976 30 10 12 0.03613506 
741 569 13 17 0.0361291 
745 56 8 10 0.03611381 
823 81 8 9 0.036106337 
337 517 10 13 0.036094308 
422 742 9 11 0.03607625 
602 152 7 8 0.036076076 
783 176 7 9 0.036068022 
997 518 10 11 0.0360344 
135 692 11 14 0.03602821 
986 223 7 9 0.03601593 
647 352 7 9 0.03601361 
770 55 7 9 0.036005627 
651 718 14 19 0.03599784 
680 464 8 10 0.035997633 
759 215 8 10 0.035935204 
534 223 7 9 0.0359324 
595 19 8 11 0.035932235 
544 294 8 10 0.03590857 
687 445 8 9 0.035905555 
896 151 7 9 0.035865273 
365 749 10 12 0.035854947 
152 515 9 11 0.03585197 
303 414 8 10 0.03582039 
736 453 9 12 0.03580478 
272 605 9 11 0.03576868 
643 567 11 14 0.035766512 
984 287 8 10 0.03575804 
681 191 7 9 0.035747733 
448 367 8 10 0.035719853 
401 526 7 10 0.035685983 
399 237 9 11 0.035665017 
793 38 7 9 0.03566274 
648 271 8 9 0.035637658 
534 580 9 10 0.035634544 
809 108 8 10 0.035633888 
948 586 12 14 0.03557517 
889 94 8 11 0.035515804 
303 440 10 11 0.03545592 
891 653 14 16 0.035443883 
648 320 7 8 0.035433244 
221 222 8 10 0.03542855 
265 319 7 10 0.035423994 
776 95 7 8 0.03539642 
344 465 8 9 0.03535737 
586 475 9 12 0.03534972 
631 120 8 9 0.035344444 
502 436 10 13 0.035343785 
134 671 11 14 0.03531268 
649 88 6 8 0.03531224 
929 149 8 10 0.035292905 
901 555 9 12 0.035288356 
289 407 8 10 0.035277124 
616 702 19 22 0.03525483 
824 269 9 11 0.03521636 
722 654 10 13 0.035206147 
198 592 9 11 0.035202194 
465 636 10 13 0.035178963 
486 79 7 9 0.035114463 
463 285 8 11 0.035091463 
119 462 8 11 0.035076544 
800 419 12 15 0.035059024 
398 337 8 9 0.035057716 
192 591 9 11 0.035038553 
383 189 7 9 0.035029497 
794 103 7 9 0.035003897 
461 7 8 9 0.035001665 
860 379 10 13 0.034999017 
568 5 7 10 0.03499871 
919 498 11 14 0.034994088 
730 48 7 10 0.03498834 
885 618 13 17 0.034987677 
165 715 10 15 0.034982633 
968 165 8 10 0.03497188 
498 56 7 9 0.034959566 
997 508 11 13 0.03491386 
992 101 9 12 0.034910724 
720 565 12 15 0.034894623 
616 511 10 11 0.03488851 
954 199 8 10 0.03486366 
497 336 7 9 0.03482114 
872 207 9 10 0.034820445 
783 602 12 15 0.034815133 
735 129 8 9 0.03481007 
470 246 7 10 0.034788128 
238 431 10 13 0.03475735 
949 367 10 12 0.03474967 
504 295 9 12 0.03474587 
520 88 7 9 0.034744732 
815 96 8 9 0.034738574 
958 206 8 10 0.034727573 
335 667 10 12 0.03470169 
637 455 8 11 0.034700453 
216 309 7 10 0.03466983 
240 688 10 12 0.03466617 
153 471 9 11 0.03466055 
526 428 9 11 0.034657683 
360 374 8 9 0.034636836 
20 614 12 15 0.034635946 
710 566 10 12 0.034634046 
709 726 13 16 0.034631193 
430 536 8 11 0.034630187 
174 687 11 13 0.034611616 
862 72 7 10 0.034600083 
625 102 7 8 0.034580123 
837 661 10 13 0.034548156 
438 103 8 11 0.03453351 
487 48 7 8 0.034529977 
526 573 10 12 0.034522634 
729 96 7 9 0.03452136 
910 453 12 16 0.034507006 
967 64 8 10 0.03450371 
696 304 8 11 0.034444895 
537 199 7 9 0.03443464 
592 161 7 8 0.034417037 
879 150 9 11 0.034396205 
345 415 8 10 0.03436091 
975 254 8 10 0.034359355 
638 373 8 11 0.034358792 
797 492 10 13 0.03435562 
662 191 8 11 0.034344602 
495 88 7 8 0.034316856 
573 597 11 12 0.034314323 
769 71 8 9 0.03430707 
698 143 8 11 0.034296397 
752 39 6 9 0.03427958 
320 695 9 12 0.034274206 
857 78 8 10 0.034273818 
392 367 8 10 0.034264777 
457 460 8 11 0.034252886 
768 381 9 12 0.034242455 
934 428 12 16 0.034239125 
295 337 8 9 0.034221962 
65 390 9 11 0.03421526 
838 39 7 9 0.03421063 
824 150 7 10 0.034205355 
728 232 7 8 0.034188148 
761 105 9 10 0.034173615 
736 461 9 11 0.034169674 
213 428 9 12 0.034166414 
550 310 9 11 0.034165993 
765 104 9 11 0.034148626 
268 727 14 18 0.034147006 
32 536 11 14 0.0341394 
976 68 8 11 0.034137975 
959 144 8 9 0.034124855 
192 597 9 11 0.034122925 
537 246 9 11 0.03410786 
695 360 8 11 0.03409955 
680 476 8 12 0.034097616 
479 391 8 9 0.034088355 
486 451 8 11 0.034071844 
299 486 11 13 0.03405589 
69 388 10 12 0.034043957 
792 32 8 10 0.034033455 
837 510 10 14 0.034012064 
638 311 8 9 0.034010515 
469 206 8 10 0.034005642 
33 640 16 19 0.034005404 
686 135 7 10 0.03398201 
776 231 10 13 0.033981454 
949 620 14 17 0.033974156 
448 271 7 10 0.033966523 
552 248 8 11 0.033959262 
511 548 9 12 0.033959232 
1007 237 8 11 0.03390641 
860 343 9 11 0.03390635 
695 685 9 12 0.033874236 
856 119 7 9 0.033868685 
910 335 8 12 0.03386778 
500 650 12 15 0.033856172 
319 8 7 9 0.033856064 
600 135 8 10 0.03382302 
49 565 10 12 0.03380822 
691 565 11 13 0.033803616 
463 192 7 9 0.03379656 
80 412 10 13 0.0337965 
1 484 8 12 0.033791374 
207 589 9 10 0.033786528 
823 444 13 17 0.033777576 
719 56 7 8 0.033712413 
576 406 9 11 0.03368918 
804 395 10 12 0.033688214 
800 33 7 9 0.033684455 
536 685 10 13 0.03367604 
441 350 8 10 0.033661835 
250 334 7 10 0.03364788 
38 381 9 11 0.03362565 
439 246 10 12 0.033612154 
472 392 8 9 0.03361101 
848 182 8 10 0.033582095 
297 582 10 11 0.03357538 
321 376 8 10 0.033569872 
945 406 10 14 0.03356664 
271 328 8 10 0.03356204 
422 548 9 11 0.03354985 
688 64 7 9 0.03354122 
95 559 8 11 0.033504028 
880 434 13 16 0.0334591 
334 430 9 11 0.033454653 
243 693 10 11 0.033402637 
706 438 9 11 0.03339302 
886 442 11 14 0.033390738 
184 287 8 11 0.03337897 
830 400 10 12 0.033378202 
232 311 8 9 0.03337076 
964 519 10 14 0.033364933 
473 44 8 10 0.03335908 
84 462 10 11 0.0333426 
417 359 8 11 0.033323515 
990 168 8 11 0.033314794 
346 358 7 9 0.033309653 
376 341 8 10 0.033309635 
607 247 8 10 0.033294577 
617 44 8 10 0.033281416 
319 236 8 10 0.033246 
391 526 9 11 0.033231236 
504 88 7 9 0.033226725 
692 658 13 16 0.03322421 
133 639 9 11 0.03322304 
836 255 9 12 0.033215996 
638 303 7 9 0.033187177 
830 31 7 8 0.033184648 
654 604 10 13 0.033163354 
621 295 8 10 0.03314684 
827 144 6 9 0.033119164 
513 75 9 11 0.033118814 
663 335 7 10 0.03309013 
612 620 10 13 0.033082295 
512 446 9 11 0.0330594 
359 439 8 10 0.033057336 
545 103 7 9 0.03304229 
200 655 8 10 0.033039723 
1000 231 8 9 0.033023432 
880 155 9 11 0.033016104 
400 349 7 9 0.033010423 
925 35 10 12 0.03299794 
248 105 7 9 0.03299102 
665 159 8 9 0.032985926 
813 419 10 14 0.032979183 
582 527 9 12 0.032970615 
647 462 10 10 0.032947656 
895 41 8 10 0.032925338 
903 239 8 9 0.032921135 
702 32 7 9 0.032893907 
893 102 8 10 0.032890864 
967 485 11 14 0.032875042 
687 479 9 12 0.032859374 
959 620 19 23 0.03284553 
645 679 10 12 0.032816656 
144 605 9 11 0.03279073 
599 573 9 10 0.032777842 
109 456 8 9 0.03276482 
828 453 12 14 0.032743722 
431 382 7 10 0.03273236 
673 390 8 10 0.032719493 
240 389 8 10 0.032678258 
99 524 10 13 0.032667227 
718 368 8 11 0.03266627 
909 128 8 10 0.032653823 
271 359 7 9 0.032644585 
692 284 9 11 0.032625496 
1012 460 11 18 0.03262373 
662 118 7 10 0.032610063 
556 582 11 14 0.03260473 
542 470 10 12 0.03260114 
263 120 8 10 0.03259296 
742 512 11 13 0.03259169 
360 739 11 13 0.03259084 
878 119 8 10 0.03257387 
663 135 7 8 0.03256693 
558 573 10 12 0.03256556 
448 532 8 11 0.032537483 
623 480 9 12 0.03250803 
719 159 8 10 0.032499924 
690 12 7 10 0.03249427 
656 532 9 11 0.03248863 
647 5 9 10 0.03248854 
670 351 9 10 0.032474127 
753 47 7 8 0.03246218 
622 270 7 10 0.03244892 
824 174 8 10 0.0324484 
740 430 10 12 0.032442655 
777 103 8 10 0.032437634 
924 571 15 17 0.032429837 
822 686 11 14 0.03242971 
296 480 10 12 0.032412373 
504 364 8 11 0.03240908 
852 631 14 18 0.032390762 
575 278 7 9 0.032387543 
547 622 11 13 0.032351356 
710 421 10 13 0.032340307 
288 399 7 9 0.032325353 
914 231 8 11 0.032304864 
264 343 8 10 0.032263137 
972 493 9 10 0.032254733 
185 607 8 11 0.03223564 
569 364 9 12 0.032224603 
687 29 7 10 0.032193746 
269 201 9 10 0.03218889 
664 530 19 23 0.032182813 
720 659 11 14 0.03217072 
623 311 7 9 0.032149 
965 254 10 12 0.032130707 
463 311 8 9 0.032113954 
567 223 8 9 0.03211031 
734 269 7 10 0.032101672 
625 144 8 11 0.032100767 
762 116 8 10 0.032069962 
944 646 10 12 0.032068662 
727 374 9 11 0.03201065 
318 167 9 11 0.032004632 
625 53 8 10 0.03197441 
502 531 10 12 0.03196413 
797 500 11 13 0.03196167 
582 414 8 11 0.031950675 
602 247 8 9 0.031915545 
519 612 10 12 0.031855147 
613 685 10 13 0.03185366 
870 104 8 10 0.031830616 
824 37 7 10 0.03178666 
313 15 6 9 0.031775683 
693 487 8 10 0.031764247 
710 413 9 12 0.03176128 
737 534 9 13 0.031759348 
234 320 7 9 0.03175303 
215 743 11 12 0.031720556 
558 415 7 10 0.0317205 
416 526 7 10 0.031719137 
409 407 7 9 0.031703915 
247 680 10 12 0.031699702 
743 392 9 11 0.03169671 
295 358 9 10 0.03165484 
392 421 8 11 0.031652104 
359 483 10 11 0.03164563 
546 254 8 11 0.03164472 
294 48 7 10 0.031643104 
406 381 8 10 0.03162935 
697 324 9 10 0.031622883 
647 118 8 10 0.031615924 
915 572 12 16 0.031611662 
711 312 9 11 0.03160985 
742 319 10 11 0.03160314 
484 514 11 13 0.031597532 
224 343 8 10 0.031581506 
674 95 8 9 0.031547565 
369 6 8 9 0.031496327 
607 302 9 11 0.031490188 
785 130 7 9 0.03148866 
4 539 12 15 0.031484935 
735 389 9 12 0.031474613 
385 610 11 16 0.031471003 
297 698 11 13 0.031453837 
471 619 11 12 0.031438354 
600 334 9 10 0.031429444 
52 360 9 12 0.03141046 
617 142 7 10 0.031396143 
591 342 8 11 0.0313814 
352 751 11 14 0.031362537 
744 145 8 10 0.031350143 
295 309 7 8 0.031348545 
514 407 9 11 0.031340014 
8 588 10 12 0.0313357 
408 479 8 10 0.031333093 
664 529 9 11 0.031321757 
750 126 7 10 0.03131513 
497 608 9 11 0.031303197 
134 607 10 12 0.031289864 
264 95 8 9 0.03128686 
671 81 7 8 0.031285077 
881 46 8 11 0.03127118 
567 288 8 10 0.031262983 
296 398 8 10 0.031257156 
86 659 13 15 0.03124371 
263 125 8 9 0.031235803 
121 511 9 11 0.031231306 
439 630 10 13 0.031222615 
712 556 10 12 0.031219393 
902 54 10 12 0.031211784 
937 244 9 12 0.031208392 
21 383 9 12 0.031203873 
550 356 9 10 0.031191926 
479 630 11 14 0.031171374 
453 485 9 11 0.031162513 
489 701 10 13 0.03116159 
633 310 8 10 0.031154113 
87 685 27 31 0.031138407 
54 596 10 14 0.031106284 
488 269 8 11 0.031091284 
439 333 9 11 0.031090913 
927 501 12 16 0.031081421 
650 95 7 9 0.031076822 
850 46 7 10 0.031064132 
501 470 9 10 0.031057402 
591 286 7 9 0.03102519 
847 24 6 9 0.031022491 
747 407 12 13 0.031002605 
521 287 9 11 0.030986454 
1001 261 8 11 0.03098409 
512 454 9 11 0.030975865 
645 343 7 10 0.030966498 
506 255 8 11 0.030962048 
679 102 6 8 0.030958276 
902 341 10 12 0.03095698 
960 135 7 9 0.030920371 
752 134 7 10 0.030917404 
822 228 10 12 0.030901076 
989 247 8 10 0.03089164 
608 455 9 12 0.030876867 
822 168 8 9 0.030875998 
678 412 10 12 0.030875225 
663 659 10 14 0.030863544 
472 176 8 10 0.030852633 
127 455 8 10 0.030843789 
422 173 8 10 0.030842083 
567 565 10 12 0.030819368 
280 71 6 9 0.03081891 
407 174 8 9 0.030806942 
448 606 10 12 0.030796805 
918 590 10 11 0.03078172 
518 607 9 12 0.03077464 
444 438 8 11 0.030760393 
417 440 8 11 0.030756563 
911 340 10 12 0.030754186 
822 184 8 9 0.030726885 
286 327 7 9 0.03070109 
705 184 7 9 0.030691301 
440 416 9 11 0.030683 
281 133 7 9 0.030680325 
575 454 10 13 0.030674484 
577 191 7 10 0.030658053 
486 32 8 10 0.030655015 
433 166 8 10 0.030643191 
233 661 10 12 0.030640084 
697 65 7 8 0.030639933 
350 465 8 10 0.030633088 
901 500 11 14 0.030620594 
409 555 10 12 0.030615853 
872 708 11 15 0.030598445 
607 746 12 14 0.03057645 
546 649 11 14 0.030571302 
992 539 10 13 0.03051271 
493 375 9 12 0.030489776 
574 429 9 11 0.030487752 
295 660 10 13 0.030474005 
16 437 9 12 0.030470343 
168 598 9 11 0.03044915 
502 228 8 11 0.03043931 
400 486 9 11 0.030438056 
719 23 6 8 0.030434033 
822 422 10 12 0.030420545 
281 358 8 9 0.030418813 
554 526 8 11 0.030414652 
249 599 9 11 0.030393803 
753 15 7 9 0.030361062 
679 168 8 10 0.030360755 
888 159 7 9 0.030357346 
900 507 11 13 0.030345209 
405 501 10 12 0.03033965 
989 440 12 18 0.030319778 
8 565 10 13 0.030304419 
998 457 13 19 0.03030397 
383 336 7 9 0.030303547 
886 396 10 13 0.030297244 
442 776 8 11 0.030295016 
294 440 9 11 0.03029045 
600 295 8 9 0.030287573 
197 764 11 13 0.030283848 
800 14 7 8 0.030271871 
990 109 9 12 0.030270582 
565 1 9 10 0.030270435 
329 494 11 14 0.030257825 
382 475 10 13 0.03025354 
573 645 11 13 0.030248418 
560 128 8 9 0.03024583 
500 702 11 14 0.030241188 
558 528 10 12 0.030235 
658 119 8 10 0.03022549 
746 37 8 10 0.030218933 
5 487 10 12 0.030214531 
510 364 9 12 0.03020872 
57 740 22 28 0.030193578 
966 70 8 10 0.03019048 
383 185 8 9 0.03016925 
641 173 7 10 0.030162726 
518 94 7 10 0.030157382 
463 630 10 13 0.03015228 
126 558 9 10 0.030141419 
777 133 6 9 0.030138852 
494 358 8 10 0.030134212 
536 23 8 10 0.030125657 
686 498 10 12 0.030124847 
972 86 9 12 0.030120466 
94 428 10 11 0.030119678 
86 478 9 12 0.030117402 
128 463 9 11 0.030113216 
301 383 8 9 0.030100835 
768 64 7 9 0.030095242 
109 509 11 12 0.03008788 
769 95 7 9 0.030042702 
351 494 10 13 0.030012636 
836 429 11 12 0.030006709 
168 517 10 14 0.030003123 
257 396 10 12 0.029988378 
848 439 9 12 0.029969607 
359 168 7 9 0.029951083 
768 654 11 15 0.029940093 
750 461 10 12 0.029927984 
872 525 11 14 0.029925125 
718 351 9 12 0.029924188 
233 126 8 10 0.02991524 
655 320 7 8 0.02990128 
0 433 11 16 0.029899497 
864 649 13 18 0.029890344 
290 287 7 9 0.029880485 
455 502 9 12 0.029870426 
304 319 6 9 0.02986393 
906 490 13 16 0.02985976 
174 716 13 15 0.029850397 
985 252 8 9 0.029839324 
831 430 11 13 0.029826986 
566 517 9 11 0.029825978 
121 448 7 10 0.029820982 
710 89 9 10 0.029814197 
473 7 9 11 0.029781353 
872 92 8 10 0.029755227 
750 180 8 11 0.029740293 
613 455 9 10 0.029736634 
785 483 12 16 0.029734923 
660 717 11 16 0.029733462 
534 575 8 11 0.029726166 
207 295 7 9 0.02972539 
584 631 9 10 0.029716548 
192 711 10 13 0.029711612 
376 760 11 12 0.029705372 
794 119 7 9 0.02970204 
960 104 8 10 0.029697932 
574 296 7 9 0.029653238 
32 357 8 11 0.02963891 
508 635 12 14 0.029637389 
421 492 9 12 0.029621758 
911 143 8 10 0.029620484 
653 95 9 11 0.029613262 
791 367 10 12 0.029611692 
519 272 8 11 0.029609336 
712 188 8 11 0.029549582 
698 87 8 10 0.029545708 
880 420 18 23 0.029530428 
85 470 9 10 0.029524751 
966 468 11 14 0.02949177 
662 112 7 9 0.02948694 
594 225 7 10 0.029452981 
912 550 9 12 0.029452408 
949 614 11 13 0.029441258 
744 209 7 9 0.02943411 
829 176 8 9 0.029429477 
637 469 9 12 0.029425671 
945 220 8 9 0.029422102 
248 246 7 9 0.029418305 
467 581 10 12 0.029402079 
784 224 9 11 0.029399551 
551 157 7 9 0.029392317 
709 387 11 12 0.029387722 
895 444 10 12 0.029385049 
296 391 7 10 0.029352497 
223 335 7 9 0.029342433 
360 341 9 10 0.029342318 
584 279 7 9 0.029332727 
541 757 10 12 0.0293295 
806 644 11 14 0.02931523 
520 389 8 12 0.02931192 
831 150 8 9 0.029296447 
775 573 12 15 0.029292233 
23 498 10 13 0.02926139 
480 487 8 10 0.029260054 
134 463 9 11 0.029258043 
352 398 8 10 0.029244397 
239 621 9 10 0.029240709 
310 463 9 11 0.029238556 
41 486 9 12 0.029214257 
326 415 8 10 0.029207665 
912 168 8 10 0.029198129 
777 175 7 9 0.029193748 
1015 149 8 12 0.029185906 
401 175 7 9 0.029162006 
470 495 9 11 0.029156938 
560 231 8 10 0.029149186 
475 303 8 10 0.029128937 
368 391 8 11 0.029126279 
544 80 8 11 0.029116452 
504 176 8 10 0.02911276 
354 477 9 12 0.029108232 
454 658 12 15 0.029104799 
655 287 9 11 0.029103516 
791 56 6 8 0.02909233 
543 207 7 9 0.029079234 
672 87 7 8 0.029058168 
783 733 11 14 0.029045727 
780 348 10 13 0.029036732 
758 316 9 11 0.029025363 
216 305 7 9 0.029024953 
577 137 7 10 0.029016297 
926 47 8 10 0.02901615 
655 581 9 11 0.029015647 
859 599 20 24 0.028990012 
919 100 8 11 0.028978001 
446 526 8 11 0.028967256 
890 334 8 11 0.02896063 
733 415 10 11 0.028957171 
262 430 8 10 0.028954528 
746 223 8 10 0.02894418 
607 509 8 10 0.028944127 
405 470 9 11 0.028935522 
590 463 12 15 0.028929776 
278 296 7 10 0.028927421 
264 687 9 11 0.028915005 
462 391 8 10 0.02889705 
711 400 9 10 0.028887795 
98 455 10 12 0.028868055 
528 326 8 9 0.028864358 
702 550 9 11 0.028861389 
815 73 7 8 0.028853955 
737 65 6 9 0.028848575 
408 416 8 10 0.028830182 
632 264 8 11 0.028820321 
248 343 7 9 0.028819226 
582 614 10 12 0.028818311 
280 257 7 8 0.028811473 
942 166 8 10 0.028808156 
193 467 14 17 0.028806856 
333 506 11 13 0.02880288 
838 244 8 10 0.028798705 
670 437 8 9 0.028798683 
908 458 11 15 0.028797591 
382 7 8 10 0.0287953 
415 470 8 11 0.028790066 
433 328 8 10 0.028788932 
69 445 9 11 0.028762992 
1002 415 12 17 0.028759439 
455 527 9 11 0.028729208 
693 273 8 9 0.028719338 
343 783 10 14 0.028695216 
69 535 9 13 0.028664863 
764 706 16 19 0.028643653 
727 461 9 11 0.028633554 
791 111 8 9 0.028628381 
375 723 12 15 0.02860871 
974 153 7 9 0.028603192 
574 383 9 11 0.02860231 
664 351 7 10 0.028598018 
735 239 8 10 0.02858104 
742 76 8 10 0.028577546 
696 389 8 10 0.028570324 
38 571 11 13 0.028562803 
956 483 12 14 0.028557004 
658 257 9 11 0.028553309 
655 215 9 9 0.028539406 
686 553 13 16 0.028539231 
207 656 8 11 0.028538719 
318 365 9 10 0.0285083 
806 299 9 12 0.028505424 
995 157 8 10 0.028504945 
390 165 7 10 0.028494813 
84 549 10 12 0.028483206 
829 364 13 16 0.028477233 
677 319 9 10 0.028477233 
729 88 7 9 0.028459564 
125 629 10 12 0.028458161 
69 464 8 10 0.028450092 
105 448 8 10 0.02843584 
464 520 19 22 0.028424297 
353 541 9 12 0.02841314 
788 449 11 14 0.028412778 
679 517 10 13 0.028407749 
421 735 8 10 0.028407471 
536 455 9 10 0.028406749 
910 376 8 10 0.02838681 
964 630 15 17 0.02838441 
881 63 8 11 0.028377753 
302 741 9 13 0.028371684 
519 511 8 10 0.028366176 
271 311 8 9 0.028360397 
505 152 7 9 0.028340233 
425 397 8 10 0.02832351 
703 612 11 13 0.028322821 
447 295 7 9 0.028318984 
966 119 8 10 0.028299963 
464 319 7 9 0.028293196 
877 540 12 16 0.02827333 
919 443 11 14 0.028267737 
702 80 7 9 0.028265351 
433 90 9 12 0.028247599 
326 718 9 12 0.028247204 
816 261 8 10 0.02824087 
254 454 9 11 0.028224114 
406 391 8 10 0.028218895 
655 87 7 8 0.028216265 
183 293 9 11 0.028211625 
580 446 10 12 0.0282105 
261 423 9 11 0.0282099 
302 71 8 10 0.028206779 
393 374 8 10 0.028199462 
545 447 9 10 0.028194243 
497 176 7 9 0.028191892 
649 103 7 9 0.028177142 
519 245 8 11 0.028151859 
576 110 8 10 0.02814687 
287 31 7 9 0.02814027 
931 681 16 18 0.028132007 
214 761 19 22 0.028121158 
463 620 10 13 0.028110672 
720 589 10 13 0.02810589 
729 79 7 10 0.028095622 
934 494 12 16 0.028074168 
750 468 10 14 0.028064616 
266 375 7 9 0.028064206 
528 272 7 9 0.028061755 
477 575 9 12 0.028039008 
631 627 13 18 0.028035808 
910 207 7 10 0.028024731 
249 605 9 10 0.028015958 
641 396 9 11 0.027996056 
206 152 7 10 0.02799479 
680 119 8 10 0.027986694 
664 474 10 13 0.027945772 
509 650 12 15 0.027922545 
120 587 10 13 0.027920417 
721 637 13 16 0.027915787 
558 439 10 12 0.027905723 
440 270 9 11 0.02789282 
649 144 7 9 0.027872965 
478 337 7 9 0.027867984 
681 152 8 9 0.027866594 
658 343 7 10 0.027860407 
477 635 12 14 0.02785381 
681 127 7 9 0.027850129 
86 503 9 12 0.027846644 
134 313 8 10 0.02784273 
570 143 7 9 0.027835313 
162 23 7 10 0.027833104 
479 33 9 11 0.027824353 
281 128 6 9 0.027816802 
288 340 9 11 0.027815603 
736 704 13 18 0.02780908 
552 333 8 10 0.027808666 
933 94 9 11 0.027804386 
569 431 9 10 0.027788227 
264 470 8 11 0.027780041 
761 175 7 10 0.027776754 
255 343 8 10 0.02776519 
1000 198 8 10 0.027755616 
448 214 8 9 0.027722951 
118 598 10 12 0.02772107 
86 636 12 15 0.027719693 
541 125 8 10 0.02771968 
561 239 8 9 0.027702825 
457 294 7 9 0.027701996 
479 534 9 11 0.027688468 
71 559 8 12 0.0276823 
863 535 12 15 0.027678594 
455 167 8 9 0.027676204 
868 422 11 13 0.027672766 
47 478 11 12 0.027664414 
584 541 9 12 0.027660271 
668 454 10 12 0.02765144 
774 71 7 9 0.027638936 
276 781 9 13 0.027636806 
264 358 7 10 0.027616208 
521 550 8 11 0.027599394 
736 422 8 11 0.027589746 
557 272 9 9 0.027586099 
614 543 10 13 0.027581869 
893 111 8 10 0.027570361 
550 419 9 11 0.02756389 
634 645 10 12 0.027526315 
724 511 10 12 0.02752431 
625 431 8 12 0.027522014 
478 198 8 10 0.027516162 
986 108 8 11 0.027498195 
744 63 7 10 0.027484171 
1006 150 9 11 0.027479496 
795 789 15 19 0.027477989 
407 607 9 11 0.027474264 
809 253 8 11 0.02747073 
784 55 7 9 0.02747017 
758 88 7 9 0.027448623 
1005 621 9 12 0.027447956 
423 254 9 10 0.027440364 
118 495 9 10 0.027438805 
289 454 10 12 0.027438475 
430 619 11 13 0.027434193 
807 119 8 10 0.02743217 
632 287 8 11 0.027400749 
950 483 12 13 0.027392022 
188 360 10 11 0.027377617 
79 399 10 13 0.02737677 
232 232 7 8 0.027373862 
320 405 8 10 0.02736225 
44 365 19 24 0.027341831 
582 594 10 13 0.02734153 
545 420 9 11 0.0273321 
906 153 7 10 0.027324785 
366 422 9 11 0.027321186 
688 741 11 14 0.0272951 
639 531 11 13 0.02728703 
94 639 10 13 0.027286598 
486 387 9 12 0.027281176 
142 479 9 11 0.027280653 
624 264 8 11 0.027273955 
962 87 8 10 0.027273353 
916 674 12 17 0.027270518 
598 375 9 12 0.027268443 
247 434 11 14 0.02725225 
728 33 7 9 0.027243499 
512 152 7 10 0.027237093 
230 645 9 11 0.027235935 
824 388 9 13 0.027213087 
575 217 7 9 0.02721045 
632 48 8 10 0.027207814 
431 421 9 11 0.027205313 
768 88 7 9 0.027195971 
671 151 8 10 0.027189324 
744 159 8 9 0.027184756 
508 670 21 26 0.027162313 
684 544 19 23 0.027156457 
442 502 9 11 0.027150467 
905 103 9 10 0.027144516 
81 454 9 12 0.027139377 
615 265 8 10 0.027126811 
608 159 6 8 0.027103087 
291 413 8 10 0.027082162 
545 112 7 10 0.027067877 
264 462 9 12 0.027064193 
800 39 6 8 0.027049707 
417 341 9 10 0.027048754 
199 302 9 11 0.027043471 
126 661 11 14 0.02703632 
997 85 9 11 0.027034719 
390 351 8 9 0.027032098 
763 526 11 14 0.027027544 
481 74 7 9 0.027024118 
944 344 9 12 0.02701829 
303 352 7 10 0.027006947 
370 264 7 10 0.026995711 
869 168 9 11 0.026993297 
600 508 8 11 0.026972858 
526 615 17 23 0.026960848 
592 237 9 11 0.026949191 
230 304 7 9 0.02694706 
265 312 7 9 0.026944516 
585 565 11 14 0.02693559 
64 399 10 11 0.026930034 
499 493 8 11 0.026917495 
933 142 9 11 0.02690809 
973 174 9 12 0.026906354 
993 216 9 11 0.026905347 
577 105 7 8 0.026904508 
462 406 9 12 0.026901387 
429 773 9 11 0.026889725 
537 231 8 11 0.026889576 
655 351 7 9 0.026883606 
640 383 8 12 0.026879717 
889 120 7 9 0.026870938 
456 320 7 9 0.026846692 
827 692 13 17 0.026842076 
613 397 8 11 0.026841069 
55 535 10 12 0.026838223 
95 565 10 13 0.026826652 
280 263 7 9 0.026824044 
932 411 12 14 0.02679892 
551 366 9 11 0.02678193 
416 389 9 10 0.026779922 
816 694 20 27 0.026776623 
592 126 9 10 0.026769128 
912 758 9 11 0.026764374 
620 527 13 16 0.026762484 
448 262 9 11 0.026751881 
924 420 13 16 0.026748164 
360 88 8 10 0.02673807 
392 134 7 9 0.026722936 
103 571 9 13 0.026710952 
606 646 10 11 0.026707835 
366 366 8 10 0.02670512 
784 62 7 9 0.026702164 
249 2 9 9 0.026690582 
280 279 7 9 0.026674008 
560 390 8 11 0.026651505 
814 618 13 17 0.026647374 
958 349 9 11 0.026644329 
455 208 7 10 0.02664354 
97 326 10 12 0.026633685 
159 582 9 12 0.026632423 
296 720 11 13 0.026630064 
630 693 9 12 0.026629461 
488 132 7 10 0.026616396 
469 631 11 14 0.026616238 
265 413 9 12 0.026600001 
678 325 8 10 0.026583988 
574 398 8 10 0.026583107 
687 182 7 9 0.0265775 
615 382 8 11 0.02657328 
878 573 11 13 0.026557669 
962 127 8 10 0.026551332 
53 480 9 10 0.02654415 
297 383 8 9 0.026536426 
771 712 15 18 0.026533369 
288 627 9 12 0.026518269 
255 469 11 13 0.026501935 
456 350 7 9 0.026485704 
240 288 6 8 0.026485696 
912 62 7 10 0.026483424 
849 39 7 10 0.026477069 
967 435 12 16 0.026471656 
358 446 8 11 0.026471091 
529 740 9 12 0.026457952 
800 549 11 13 0.026449183 
924 444 12 14 0.02644902 
288 373 8 10 0.026448727 
438 166 7 10 0.026442926 
478 95 7 10 0.026433777 
876 669 11 14 0.02643184 
825 404 11 14 0.02642895 
610 125 6 9 0.026424164 
248 216 8 10 0.026419627 
910 32 9 10 0.026417518 
622 247 7 9 0.026416332 
740 502 10 12 0.026416143 
558 694 10 12 0.026412923 
703 453 8 11 0.026410893 
566 239 8 9 0.02640085 
381 145 8 9 0.026400615 
654 710 11 14 0.026395958 
585 500 10 13 0.026382128 
768 319 9 10 0.02637667 
848 128 8 10 0.026372135 
735 627 10 14 0.026361559 
276 462 9 12 0.026354522 
589 614 10 12 0.026332324 
302 408 8 10 0.026311165 
301 654 8 10 0.026310217 
797 645 12 15 0.026307039 
461 365 9 11 0.02630063 
746 165 7 10 0.026291039 
325 695 9 11 0.026284026 
759 149 8 10 0.026280584 
245 704 19 23 0.026278874 
647 174 7 9 0.026277993 
714 79 7 9 0.026273863 
297 740 10 13 0.026271168 
717 511 18 23 0.026265277 
870 590 10 12 0.02625929 
14 588 11 14 0.026259005 
598 415 9 10 0.026250865 
568 396 9 11 0.026244158 
1014 232 7 10 0.026238639 
880 103 8 10 0.02623529 
952 104 8 10 0.026229724 
769 150 8 9 0.026226778 
142 485 8 11 0.026225748 
455 240 7 11 0.026219774 
486 254 7 10 0.026218737 
240 15 8 9 0.026217714 
944 614 9 11 0.026213078 
921 689 20 24 0.026209526 
191 536 11 12 0.02620426 
752 215 8 10 0.02618438 
257 350 9 10 0.026178602 
528 319 8 10 0.026162434 
870 580 10 14 0.026161755 
942 95 8 11 0.026159141 
887 391 10 12 0.026151767 
661 455 10 13 0.02614537 
934 223 8 10 0.026144352 
624 686 10 12 0.026131533 
668 557 11 13 0.02612885 
632 87 8 9 0.026116125 
833 51 9 11 0.026113125 
961 606 9 11 0.026102426 
933 629 10 13 0.026096793 
329 319 7 9 0.026096158 
329 23 8 10 0.026089117 
527 734 9 13 0.026088707 
821 620 11 14 0.026081001 
627 341 8 11 0.026075492 
886 468 11 13 0.02607216 
680 296 8 11 0.02606379 
512 89 8 10 0.026058145 
493 534 10 13 0.026057286 
590 271 8 10 0.02605106 
527 302 9 11 0.026041202 
407 367 8 10 0.02604057 
339 701 11 14 0.026036901 
520 23 8 9 0.026030868 
565 558 10 12 0.026025478 
861 6 8 10 0.026015246 
49 573 11 14 0.026002722 
439 343 7 10 0.025994046 
649 190 7 10 0.025988316 
352 678 9 11 0.025985138 
216 333 8 10 0.02598359 
755 342 11 12 0.025978258 
680 262 8 10 0.025953256 
453 480 9 10 0.025948003 
317 719 9 11 0.025946418 
1014 550 9 12 0.02594458 
728 262 8 9 0.025938876 
531 398 9 11 0.025936708 
16 369 8 10 0.025926758 
102 607 10 12 0.025926583 
537 311 10 13 0.025919879 
446 336 8 10 0.025904639 
902 454 13 16 0.025893297 
649 184 7 10 0.025890587 
647 309 9 11 0.025889196 
431 262 8 10 0.025877966 
478 359 8 10 0.025856743 
613 502 11 12 0.025843315 
506 167 6 9 0.025836239 
121 605 10 12 0.025834855 
679 335 8 9 0.02583324 
99 739 15 18 0.025822727 
727 422 9 11 0.025815163 
774 493 9 12 0.025809845 
529 293 8 9 0.025809515 
336 424 8 9 0.025785293 
363 699 13 15 0.025784852 
48 392 10 11 0.025781378 
618 159 6 9 0.025781162 
249 656 9 12 0.025773332 
478 587 9 13 0.02576993 
965 324 10 11 0.025759317 
238 470 11 12 0.02575835 
78 507 10 13 0.025750788 
46 469 10 12 0.025743624 
807 248 9 11 0.025738753 
695 78 7 9 0.02573488 
773 357 10 12 0.02573462 
263 248 7 9 0.025729151 
423 201 8 9 0.025728645 
463 373 9 11 0.025720846 
223 287 7 10 0.025706822 
752 316 9 11 0.025703562 
469 557 10 14 0.02568637 
14 580 12 14 0.025685726 
466 576 19 26 0.025666868 
704 407 8 10 0.025649464 
125 639 18 24 0.025648654 
1015 208 8 11 0.025646647 
345 367 7 9 0.025645277 
87 572 11 12 0.025620267 
780 212 8 10 0.025615657 
945 366 9 12 0.025589278 
215 614 9 10 0.02555158 
126 606 10 12 0.025525857 
947 508 12 14 0.025507895 
750 160 8 10 0.025501965 
520 662 11 13 0.025480963 
248 320 7 9 0.025463883 
967 476 10 14 0.02545626 
807 33 8 9 0.025428893 
854 46 8 10 0.025427671 
896 199 9 11 0.025411954 
823 134 7 9 0.02540402 
121 535 8 11 0.025399342 
497 324 8 9 0.025381522 
399 192 7 9 0.025373105 
974 53 9 12 0.025353866 
818 166 9 11 0.025352087 
916 565 11 15 0.025350768 
382 733 12 15 0.02532531 
925 468 10 12 0.025324596 
525 448 9 11 0.025321504 
884 370 11 14 0.025319306 
381 418 9 11 0.025302285 
830 491 11 14 0.025302073 
422 508 9 11 0.025290422 
814 55 8 9 0.025288425 
789 423 9 13 0.025287695 
253 639 9 11 0.025287403 
887 478 11 15 0.025281968 
1009 296 9 12 0.025276707 
70 565 9 12 0.025269262 
904 375 8 10 0.025246097 
240 677 10 12 0.025237715 
730 486 9 13 0.025232086 
424 568 8 11 0.025229188 
451 516 11 13 0.025226379 
296 64 7 9 0.025210848 
208 583 9 11 0.02521031 
791 613 22 28 0.025209466 
289 305 7 9 0.025203198 
256 222 8 11 0.025198814 
689 414 8 11 0.02518441 
584 96 8 9 0.025176618 
834 14 7 10 0.025163807 
625 167 7 10 0.025162416 
67 657 21 28 0.025161164 
966 240 8 10 0.02515509 
527 143 8 10 0.025135797 
600 271 7 9 0.025135318 
480 541 8 10 0.025132794 
535 216 8 10 0.025129631 
680 555 11 15 0.025125025 
569 151 7 9 0.025124751 
811 643 12 16 0.025120411 
519 479 8 10 0.025119279 
719 328 9 11 0.0251181 
53 429 10 12 0.025115145 
217 180 8 10 0.025113573 
586 37 8 10 0.025102703 
726 763 11 14 0.025099367 
767 422 11 13 0.025092449 
902 333 10 13 0.025090396 
290 311 7 8 0.025089215 
886 453 11 13 0.025071036 
767 38 8 9 0.025067143 
407 169 8 9 0.025044795 
311 335 7 9 0.025037602 
72 419 9 12 0.025035923 
987 602 12 14 0.025032027 
872 709 23 29 0.025028082 
232 654 9 11 0.025026506 
767 32 7 10 0.02501811 
617 168 7 9 0.025016434 
551 272 9 9 0.02500789 
424 391 7 9 0.025004415 
446 94 8 9 0.024999693 
421 439 9 11 0.024998084 
554 533 9 12 0.024997856 
836 491 12 15 0.024979036 
769 222 9 11 0.02497802 
295 677 10 13 0.02497442 
238 312 7 9 0.02495386 
713 351 8 10 0.024951985 
457 302 7 9 0.024951266 
923 125 9 11 0.024941113 
726 144 8 10 0.02493687 
87 566 10 12 0.024920814 
585 398 8 10 0.02490719 
855 128 8 9 0.02490556 
422 414 8 10 0.02490378 
823 560 12 16 0.024902005 
684 661 13 16 0.024896208 
815 294 9 11 0.02488888 
377 528 9 12 0.024884995 
655 190 8 11 0.02488241 
864 733 20 26 0.024871446 
543 142 9 11 0.02486748 
535 445 8 11 0.024864847 
893 429 11 14 0.02485942 
497 391 8 11 0.024827225 
774 501 9 11 0.024819687 
645 469 11 13 0.024816018 
145 502 8 11 0.024803817 
958 278 9 11 0.024798127 
656 575 8 12 0.024796132 
798 328 8 10 0.024792688 
136 505 8 9 0.024778401 
518 700 10 13 0.024769105 
520 470 8 11 0.024766726 
551 102 7 9 0.024763983 
977 248 7 9 0.02476383 
929 602 12 17 0.024761047 
336 320 7 8 0.024752904 
365 374 8 10 0.024748774 
959 537 12 15 0.024724618 
31 401 7 10 0.024724571 
909 196 8 10 0.024721673 
551 184 8 10 0.024717297 
533 762 13 15 0.024716055 
661 649 12 18 0.024713999 
782 437 9 12 0.02470861 
552 97 7 8 0.02470402 
657 208 7 8 0.024703914 
994 550 11 14 0.02470201 
550 337 17 24 0.024682894 
695 408 9 12 0.02468127 
520 169 7 9 0.024681203 
615 351 8 10 0.024675583 
583 31 8 10 0.024669508 
797 614 12 16 0.024668612 
454 532 10 13 0.024665985 
940 117 8 11 0.024663234 
767 79 8 9 0.024657074 
968 79 8 10 0.024644567 
231 686 9 11 0.024634466 
957 518 19 24 0.024622837 
630 192 8 10 0.024617324 
726 335 8 11 0.024616523 
926 676 13 17 0.024612779 
473 79 7 9 0.024607789 
174 312 8 9 0.024603045 
520 113 7 9 0.024586234 
575 297 17 24 0.024586143 
793 427 18 22 0.024580406 
729 296 8 10 0.024576029 
665 173 8 9 0.024575638 
488 86 7 9 0.02456915 
200 287 7 10 0.024566928 
902 628 9 12 0.024565842 
87 445 8 11 0.02456046 
808 128 8 9 0.02455623 
785 517 10 12 0.024556166 
929 161 7 9 0.024555739 
306 56 7 9 0.024546059 
741 512 18 24 0.024543695 
633 131 7 10 0.024542477 
727 167 8 9 0.024535084 
632 326 8 10 0.024529522 
279 702 9 11 0.02452599 
606 310 8 11 0.024525268 
527 278 8 9 0.024518263 
351 627 10 13 0.024516154 
549 117 7 10 0.024487833 
208 288 8 9 0.024486292 
526 471 9 10 0.02448477 
912 238 8 10 0.024475737 
415 764 10 13 0.024467748 
998 563 10 12 0.024464924 
532 652 10 12 0.024454957 
885 600 13 16 0.024444629 
965 28 11 13 0.024443358 
125 486 9 11 0.024438696 
441 215 7 9 0.024412185 
830 40 18 25 0.024388535 
542 439 9 10 0.024384439 
624 437 8 11 0.02436918 
817 24 7 9 0.024344044 
401 510 10 14 0.024335403 
754 193 7 9 0.024330642 
433 286 7 10 0.024326194 
518 134 7 11 0.024326002 
944 589 11 13 0.024321003 
797 291 117 135 0.024303941 
671 397 10 12 0.024296748 
432 335 8 10 0.024289344 
759 192 7 9 0.024289249 
797 506 12 15 0.024277199 
782 501 9 11 0.02425058 
884 27 9 11 0.024243884 
835 550 12 14 0.02423596 
800 175 7 9 0.024233913 
542 198 8 9 0.024232138 
585 264 6 8 0.024215853 
489 235 8 10 0.024210852 
504 444 9 11 0.024204908 
569 278 8 10 0.02419582 
431 701 10 13 0.02419162 
841 62 7 10 0.024186483 
585 271 7 9 0.024184735 
599 544 9 11 0.024181645 
234 295 6 8 0.024180396 
730 301 8 10 0.02417581 
943 621 12 15 0.024175337 
816 227 10 13 0.024173224 
646 776 19 25 0.024169495 
233 255 7 8 0.024165746 
829 501 12 14 0.024164611 
185 463 19 24 0.024159696 
967 143 7 9 0.0241561 
653 302 9 10 0.024155356 
694 747 9 13 0.02415184 
453 607 11 13 0.024092 
893 373 10 12 0.024084965 
687 319 8 10 0.024079273 
176 342 9 10 0.024078421 
202 661 8 11 0.024077721 
730 493 9 12 0.024060283 
789 651 13 16 0.024039557 
47 535 10 12 0.024036286 
551 239 7 9 0.024033569 
506 192 8 10 0.024033453 
207 321 7 9 0.024030885 
431 230 8 10 0.024030145 
953 149 8 10 0.024025965 
422 247 8 10 0.02401473 
529 357 9 10 0.024011433 
972 646 11 14 0.024007602 
681 174 7 9 0.023999095 
423 573 10 11 0.023993827 
296 667 11 14 0.02398956 
281 191 8 9 0.023988826 
807 319 8 11 0.02398669 
453 213 8 10 0.02398406 
736 506 10 13 0.02397955 
532 616 11 14 0.023977 
545 158 8 9 0.023972744 
932 656 14 16 0.023966987 
768 364 8 11 0.023966 
144 580 9 12 0.023962853 
905 31 8 10 0.02395768 
66 734 15 19 0.023957632 
472 367 8 9 0.023955267 
247 23 8 10 0.023954272 
468 563 10 13 0.023954079 
273 399 7 9 0.023950737 
944 482 10 14 0.02394735 
511 312 8 10 0.023937736 
381 764 10 12 0.023933586 
433 438 8 11 0.02392713 
803 428 14 16 0.02392248 
415 247 8 11 0.023904046 
526 534 9 11 0.023898724 
997 443 10 14 0.023895497 
713 357 9 12 0.023887819 
233 246 8 10 0.023887208 
143 630 11 12 0.023874503 
423 287 7 10 0.023864703 
440 359 7 10 0.023854693 
736 398 10 12 0.023846846 
423 590 9 12 0.023838134 
584 462 10 14 0.02382442 
562 119 8 10 0.023821274 
374 559 9 11 0.023819845 
616 25 9 10 0.02381795 
521 423 8 10 0.023815133 
478 405 8 10 0.023813803 
266 326 8 10 0.023811605 
925 460 11 14 0.023804097 
776 118 7 9 0.023784885 
385 351 8 9 0.023779567 
432 254 9 11 0.023773398 
719 423 9 12 0.02376373 
780 312 10 12 0.023760445 
866 604 11 14 0.023759028 
792 390 8 10 0.023748236 
892 479 13 16 0.02374796 
777 540 19 24 0.023742942 
425 470 8 11 0.023740428 
149 600 10 11 0.023740346 
487 248 7 10 0.02373384 
398 774 10 11 0.023732755 
687 534 11 14 0.02373179 
902 270 9 12 0.02371973 
670 476 10 12 0.023719067 
48 397 9 10 0.023716155 
296 419 9 11 0.023712134 
898 62 8 10 0.023706375 
352 536 10 12 0.02369428 
574 658 17 22 0.023693753 
409 247 8 10 0.023687597 
477 668 9 12 0.023685535 
455 646 11 14 0.023684984 
727 38 8 9 0.02368111 
915 15 9 11 0.023653086 
686 191 7 9 0.023646897 
569 175 7 9 0.023642426 
503 214 8 10 0.023639848 
688 48 8 9 0.023631552 
654 661 10 12 0.02362927 
597 484 10 12 0.023626488 
104 439 8 9 0.023625987 
764 608 14 16 0.02362371 
583 118 7 9 0.023617502 
947 404 19 24 0.023615671 
552 32 7 9 0.023614902 
551 495 9 11 0.023609035 
440 383 7 10 0.023602756 
672 684 14 17 0.023599042 
814 256 9 11 0.023582917 
772 474 12 16 0.02358025 
783 96 7 8 0.023576181 
945 773 9 13 0.023574794 
46 448 9 11 0.023566565 
303 467 9 12 0.023563666 
470 423 9 11 0.023559421 
522 16 7 9 0.02355437 
275 438 11 14 0.023552818 
642 707 23 32 0.023552457 
590 746 11 15 0.023551146 
79 556 10 12 0.023545066 
799 231 9 12 0.023542617 
815 565 12 15 0.023538357 
901 409 14 17 0.023538208 
464 351 7 9 0.02351728 
95 487 9 11 0.023515305 
526 637 11 14 0.023509342 
805 556 11 12 0.023507213 
232 120 8 9 0.02350543 
605 582 8 10 0.023505291 
727 501 10 11 0.02349363 
158 564 9 11 0.023480592 
344 351 8 10 0.023476537 
982 126 9 11 0.023472864 
558 366 8 11 0.023465643 
821 437 12 15 0.02346341 
295 646 9 10 0.02346263 
464 97 6 8 0.023458999 
210 638 8 10 0.023448156 
921 197 8 10 0.02344453 
702 135 9 11 0.023441188 
920 68 7 10 0.023433078 
904 95 8 10 0.023428045 
497 287 8 10 0.023427472 
375 430 10 11 0.02342281 
431 277 8 10 0.023403157 
521 429 9 11 0.023393266 
573 438 9 12 0.023366604 
712 144 8 11 0.023365358 
817 577 12 16 0.023365019 
757 444 11 14 0.023360113 
445 87 8 10 0.02335511 
557 331 9 11 0.023355093 
118 642 14 17 0.023347732 
447 317 7 10 0.02334616 
294 103 7 9 0.023331573 
624 521 13 17 0.02332694 
838 421 10 12 0.023325989 
444 701 10 13 0.02331882 
734 175 8 10 0.02331861 
792 182 7 10 0.02330843 
108 485 9 12 0.0233071 
624 558 11 12 0.023292946 
472 72 7 9 0.023292096 
865 729 13 17 0.023280906 
912 381 7 10 0.02327376 
25 463 9 12 0.023269728 
527 265 7 9 0.023258416 
856 399 9 12 0.023250673 
207 662 10 13 0.023249818 
518 262 7 9 0.023241503 
928 62 8 10 0.023234434 
493 555 10 13 0.023233138 
687 216 8 9 0.023226677 
376 22 8 9 0.02322458 
440 567 9 11 0.023217743 
510 439 9 11 0.023206284 
417 364 8 11 0.023205461 
390 415 8 10 0.023202846 
862 93 8 10 0.02319092 
800 527 9 11 0.02318405 
617 103 7 9 0.023175348 
848 630 12 16 0.023163244 
272 477 8 10 0.02314901 
813 638 11 13 0.023146272 
547 634 17 22 0.02313886 
351 427 10 13 0.02313814 
761 600 14 18 0.023136161 
281 96 8 10 0.02313077 
705 399 8 10 0.023111653 
689 272 8 10 0.023108987 
153 700 12 15 0.023107726 
664 80 8 9 0.023103897 
721 167 7 9 0.023101926 
941 302 10 13 0.02310097 
524 182 8 11 0.02309901 
550 722 12 14 0.02309791 
560 301 9 10 0.023090012 
438 620 10 12 0.023074817 
526 589 9 11 0.023074055 
918 458 12 15 0.023073277 
895 481 20 25 0.023072008 
637 161 8 9 0.02307068 
296 24 7 8 0.023069976 
823 263 10 12 0.023066968 
681 215 7 9 0.023060588 
439 198 8 10 0.023059106 
768 376 9 11 0.02304504 
575 703 9 12 0.023044616 
266 335 7 10 0.023034507 
871 81 8 9 0.023028376 
178 454 11 12 0.023018587 
799 213 8 10 0.023016011 
885 571 11 14 0.0230086 
853 474 12 15 0.023007851 
586 549 9 11 0.023006022 
545 261 8 10 0.022997504 
751 390 10 11 0.022995958 
489 421 9 12 0.022991838 
782 392 9 11 0.022985281 
870 62 8 10 0.022984855 
462 613 10 13 0.022982826 
585 175 8 9 0.022981051 
476 525 11 14 0.022975473 
362 137 7 9 0.022965716 
656 325 7 10 0.022955447 
813 604 13 17 0.022945615 
895 127 7 9 0.022942541 
254 23 8 10 0.022938931 
592 134 8 10 0.022924539 
720 32 8 9 0.022917274 
529 505 19 24 0.02291268 
369 360 7 9 0.02291215 
773 201 18 23 0.022911552 
722 14 7 10 0.02290947 
655 293 9 10 0.022907993 
549 112 8 10 0.022904415 
902 665 15 19 0.022897983 
377 104 8 10 0.022884639 
463 14 8 10 0.022872375 
537 463 8 10 0.02287211 
263 253 8 9 0.022868797 
609 404 9 10 0.022862723 
127 505 8 9 0.022857478 
601 303 9 11 0.022854598 
383 309 8 10 0.022849848 
216 366 7 10 0.022848932 
517 650 11 14 0.022831716 
15 431 9 11 0.022824045 
639 87 8 9 0.022823045 
942 380 12 14 0.022807067 
365 735 11 13 0.022802046 
862 156 9 10 0.022795068 
542 462 9 10 0.02279479 
471 214 8 10 0.022792991 
183 360 11 12 0.022790546 
416 0 7 8 0.022787955 
533 391 8 11 0.022787426 
831 80 7 8 0.022787098 
470 551 9 11 0.022783296 
336 372 9 12 0.02277926 
825 626 23 29 0.022777246 
453 256 8 10 0.022775145 
993 421 12 15 0.022772098 
480 216 7 9 0.022771068 
135 516 8 10 0.022767844 
727 102 7 9 0.022766432 
902 347 9 13 0.02275694 
759 239 9 10 0.022751676 
558 383 8 10 0.022742014 
682 135 7 9 0.022730501 
496 462 8 12 0.022723317 
576 639 8 10 0.022720806 
463 495 9 12 0.022720626 
591 279 7 9 0.02271475 
423 408 9 10 0.022709789 
663 221 9 11 0.022707628 
69 397 11 13 0.022705026 
417 675 10 12 0.022700286 
716 496 9 12 0.02270017 
606 142 8 10 0.022698931 
281 30 7 9 0.022683207 
502 636 11 12 0.022681748 
864 208 8 9 0.02267227 
845 0 9 9 0.022655675 
86 431 9 11 0.022625942 
681 184 8 9 0.022623718 
509 295 9 11 0.022612069 
638 367 8 10 0.022602059 
782 367 9 11 0.02258634 
713 516 9 12 0.022585222 
19 523 12 14 0.022576226 
87 665 24 29 0.02256583 
934 251 10 12 0.022552518 
630 447 9 11 0.022551673 
102 550 9 10 0.022549514 
268 653 10 12 0.02254883 
473 63 7 9 0.022547595 
975 215 7 9 0.022546895 
545 713 11 16 0.022545667 
976 239 7 9 0.022545556 
543 302 8 10 0.02254407 
360 318 8 10 0.022535183 
472 383 8 10 0.022533733 
968 91 8 12 0.022531703 
373 263 9 11 0.022525873 
863 334 10 11 0.022510376 
106 745 14 17 0.022498574 
737 208 8 10 0.022483747 
838 582 10 12 0.022479549 
693 677 11 14 0.022475211 
505 198 9 10 0.022463221 
311 621 8 9 0.022453954 
169 522 11 16 0.02245091 
848 63 7 9 0.022446107 
343 14 7 8 0.022441503 
529 199 7 9 0.02243517 
852 637 20 26 0.02243218 
876 706 14 17 0.022431515 
272 230 8 10 0.022425389 
415 518 8 10 0.022419441 
642 408 8 10 0.022405453 
568 217 7 9 0.022401076 
545 150 8 11 0.02239714 
607 703 9 11 0.022393653 
120 559 8 10 0.022386765 
615 477 11 14 0.0223843 
719 269 8 11 0.02236817 
640 683 10 12 0.022365412 
881 137 7 9 0.022362659 
138 679 19 24 0.022362532 
704 310 9 11 0.022360157 
725 558 11 13 0.022356782 
487 152 7 9 0.022352435 
866 53 7 11 0.022349967 
392 531 8 11 0.022349184 
892 663 14 18 0.022316566 
153 776 20 24 0.022314172 
541 750 11 15 0.022312613 
285 597 9 11 0.022307143 
463 24 9 11 0.022304388 
593 255 8 9 0.022301767 
49 431 10 12 0.02230175 
225 375 8 11 0.02229633 
609 263 8 11 0.022289429 
585 621 10 12 0.022287712 
440 263 8 11 0.022283515 
575 184 7 10 0.022275966 
705 423 8 11 0.02227341 
678 383 8 10 0.022273056 
696 167 8 10 0.022250904 
856 15 8 10 0.022246541 
838 541 9 11 0.022245448 
783 492 10 13 0.022244923 
712 167 8 9 0.022240477 
559 565 9 11 0.022239866 
901 327 8 10 0.02223953 
441 277 8 10 0.022233345 
462 509 10 12 0.022233253 
934 149 8 11 0.02222885 
249 302 7 9 0.022228617 
415 420 9 11 0.022223888 
343 374 8 10 0.02221566 
949 637 11 13 0.022201696 
655 448 9 11 0.022194626 
234 184 7 9 0.022192577 
471 240 8 10 0.022186514 
569 422 9 11 0.022185387 
366 413 9 11 0.022182927 
709 432 19 24 0.0221821 
442 293 7 9 0.022181643 
646 765 10 13 0.022171121 
1004 192 9 11 0.022169147 
560 699 10 13 0.02216574 
671 734 11 13 0.022165546 
632 572 9 13 0.022163665 
200 614 8 9 0.022155827 
286 150 8 10 0.022148717 
94 439 8 10 0.022138804 
520 527 8 11 0.022126494 
0 469 9 12 0.022123577 
657 412 9 11 0.022123577 
558 310 9 11 0.022119293 
465 574 10 13 0.022116013 
368 445 8 11 0.022111835 
461 603 11 14 0.022101805 
859 22 7 10 0.022101304 
979 681 14 17 0.02209418 
287 352 7 9 0.022091161 
93 618 11 14 0.0220724 
919 191 7 9 0.022064414 
247 326 8 9 0.022061775 
814 308 9 12 0.022060515 
532 772 14 16 0.022058355 
962 267 11 13 0.022055827 
217 287 7 10 0.022053173 
415 158 8 10 0.022050576 
352 2 9 9 0.022044973 
519 141 8 10 0.022041723 
895 213 20 24 0.022040332 
575 515 9 12 0.022039829 
387 428 18 23 0.022036806 
974 590 11 14 0.022025814 
771 665 19 25 0.022020344 
301 375 9 10 0.022017384 
406 399 8 10 0.022014733 
329 343 7 9 0.02201173 
618 151 7 9 0.022004655 
447 568 10 14 0.022002315 
892 453 11 14 0.022001084 
582 430 9 10 0.02199627 
849 343 10 13 0.02199578 
173 698 13 14 0.021978494 
962 46 9 11 0.021971133 
940 650 12 16 0.021959089 
321 287 7 9 0.021949738 
423 239 8 11 0.02194697 
953 269 8 10 0.02193744 
13 549 10 13 0.021931548 
375 477 10 12 0.021930533 
910 627 12 13 0.02192859 
231 623 7 9 0.021910485 
848 593 12 15 0.021902816 
567 650 9 12 0.021901248 
376 336 9 10 0.02190112 
503 288 8 9 0.021900928 
441 318 7 9 0.021900414 
120 485 10 12 0.021898072 
557 407 8 10 0.021895828 
518 238 9 10 0.021893023 
806 207 9 11 0.02188247 
855 39 7 9 0.021864777 
472 1 8 9 0.021864455 
280 222 9 10 0.021862557 
337 2 8 9 0.021858683 
897 136 7 10 0.021858528 
370 667 121 147 0.021857226 
239 120 7 9 0.02185633 
416 200 7 10 0.02185532 
970 651 13 16 0.021840107 
456 191 8 10 0.021839768 
212 412 11 13 0.02183728 
533 500 9 11 0.021824809 
147 694 20 25 0.021817712 
149 646 11 13 0.021804733 
497 468 9 12 0.021800017 
687 111 8 10 0.021798735 
262 222 8 11 0.021798508 
745 126 9 10 0.021792503 
816 197 9 10 0.021787087 
806 502 10 13 0.021783173 
991 679 10 13 0.02177909 
781 652 12 16 0.02177627 
512 566 10 12 0.021765538 
871 677 21 26 0.021762278 
694 309 8 11 0.021751387 
877 467 11 15 0.021746218 
575 539 10 12 0.021745406 
856 88 8 10 0.021732945 
104 509 10 11 0.021728773 
639 239 7 10 0.021728104 
608 366 9 13 0.021725914 
535 272 8 9 0.021714745 
313 398 7 9 0.021689111 
951 110 9 10 0.02168896 
520 541 9 13 0.021683395 
912 79 18 23 0.02167905 
375 408 8 10 0.021676578 
383 304 7 10 0.02167502 
1007 143 9 11 0.021672802 
681 221 8 10 0.021662643 
417 501 8 11 0.021658294 
607 104 7 9 0.021656407 
696 95 8 9 0.021639347 
50 602 13 17 0.021629255 
557 734 10 13 0.021625742 
845 366 10 13 0.02162371 
487 709 10 12 0.021611763 
342 428 10 13 0.02159996 
263 142 8 10 0.0215986 
406 199 8 10 0.021577105 
869 54 8 11 0.021574777 
702 679 11 14 0.0215729 
536 263 8 10 0.02157123 
857 32 7 9 0.02156014 
32 414 9 12 0.021540776 
761 39 7 9 0.021538904 
546 350 9 11 0.0215165 
565 638 8 12 0.021508457 
407 534 9 12 0.021508377 
349 383 9 11 0.021504512 
543 616 9 11 0.021499176 
214 421 11 15 0.02149393 
494 71 8 10 0.021490872 
916 341 9 12 0.021487763 
760 168 8 9 0.021482531 
287 423 10 11 0.021482483 
560 421 7 10 0.021480095 
702 572 11 13 0.021478994 
886 665 13 16 0.021476047 
474 193 7 9 0.021471985 
918 150 8 10 0.021471536 
601 382 8 10 0.021471027 
671 48 7 9 0.021466244 
566 461 10 13 0.021458888 
553 475 10 13 0.021431599 
823 492 11 14 0.021410838 
446 598 11 13 0.0213982 
600 342 8 10 0.021396467 
224 263 7 10 0.021395927 
832 158 7 10 0.021394072 
682 158 8 10 0.021391276 
681 64 7 10 0.021375675 
897 347 9 12 0.021369865 
846 151 7 10 0.02136251 
991 533 22 28 0.021360064 
473 446 8 11 0.02135871 
192 585 8 10 0.021358075 
471 268 9 11 0.021355957 
254 645 9 11 0.02135375 
133 650 9 12 0.021351853 
182 543 9 12 0.021350587 
857 1 9 9 0.02134941 
879 127 8 9 0.021341389 
209 332 7 10 0.021324651 
329 309 7 10 0.021323856 
424 351 7 8 0.021320509 
480 232 8 10 0.021319076 
938 189 9 10 0.021309482 
456 62 7 9 0.02130896 
694 692 10 12 0.021308815 
319 446 8 10 0.021304207 
502 480 9 11 0.021303624 
795 476 13 17 0.02129396 
535 176 7 9 0.02128672 
848 413 12 14 0.02128465 
762 8 7 9 0.021278806 
788 247 10 12 0.021271998 
353 406 8 10 0.021271473 
8 570 12 14 0.021248166 
430 360 8 10 0.021247918 
159 366 11 14 0.02124643 
711 224 8 10 0.021242797 
783 738 23 29 0.021242583 
878 598 11 15 0.021242518 
415 509 9 12 0.021237599 
200 296 7 9 0.021233601 
868 428 11 13 0.02122261 
687 359 8 10 0.021220852 
940 515 12 15 0.021218067 
175 682 105 120 0.021214366 
319 510 9 11 0.02121007 
489 95 7 9 0.021204915 
341 479 10 12 0.021200944 
645 554 14 16 0.021194236 
352 166 8 10 0.021192435 
672 120 8 9 0.021179222 
663 383 9 11 0.021174941 
432 455 8 10 0.02116731 
104 479 10 13 0.021163374 
617 96 7 10 0.021160157 
912 437 11 13 0.021156617 
862 676 11 14 0.021155149 
845 191 8 11 0.021143684 
49 670 15 20 0.021132639 
341 693 10 13 0.021129688 
285 682 11 13 0.021123936 
884 707 13 17 0.021115813 
904 23 7 9 0.021112971 
735 405 9 11 0.021110184 
640 148 7 9 0.021109022 
548 708 19 24 0.021100605 
353 694 12 15 0.021098727 
432 248 9 11 0.021094298 
680 197 7 10 0.02109375 
672 359 8 11 0.021080265 
878 565 11 12 0.021078132 
942 199 8 10 0.021077845 
101 589 10 11 0.021076152 
543 224 7 8 0.02107508 
198 278 7 9 0.021070942 
400 160 7 9 0.021065619 
832 458 18 23 0.021062318 
673 53 7 9 0.0210621 
39 390 9 11 0.021059306 
170 653 10 14 0.021056255 
465 259 10 11 0.021052003 
687 1 9 8 0.02104304 
721 96 8 9 0.021033399 
902 444 10 12 0.021028647 
74 666 23 29 0.021025712 
807 308 9 13 0.021021143 
444 740 10 12 0.021020498 
87 486 9 11 0.021017164 
265 754 14 17 0.021001836 
373 612 13 15 0.020997763 
486 37 7 9 0.020983089 
625 335 8 10 0.020981276 
261 677 10 12 0.020977888 
927 217 8 9 0.020976957 
935 726 12 14 0.020974584 
399 502 9 11 0.02096882 
873 152 7 9 0.020967107 
245 589 9 11 0.02096704 
506 509 8 11 0.020964202 
575 495 9 11 0.020951232 
463 224 9 9 0.020931596 
766 484 11 14 0.020930504 
184 612 8 11 0.020930346 
606 518 10 12 0.020924103 
911 445 11 13 0.02092365 
587 477 20 24 0.02092238 
528 216 7 10 0.0209167 
831 135 7 8 0.020909114 
511 24 8 10 0.020904057 
342 398 8 10 0.020898573 
805 197 8 10 0.020898242 
726 630 13 16 0.020897176 
80 478 9 12 0.020896759 
609 296 8 11 0.020896504 
852 578 17 22 0.020892125 
950 438 11 13 0.020885825 
80 388 10 13 0.020877803 
493 160 7 10 0.020871088 
665 152 8 9 0.02087062 
486 207 7 10 0.020863565 
415 588 11 14 0.020858472 
340 493 11 14 0.020857448 
678 309 8 10 0.020853233 
441 207 7 9 0.020851225 
53 540 12 13 0.020848954 
494 165 7 9 0.020823158 
663 327 7 9 0.020814741 
470 24 9 11 0.020810997 
537 183 7 10 0.020808998 
272 88 7 8 0.020799458 
581 142 7 9 0.020789362 
710 452 8 11 0.020781275 
312 31 7 9 0.020778675 
414 152 8 9 0.02076772 
672 208 7 9 0.020767357 
224 308 8 10 0.020760462 
615 319 8 10 0.020759605 
702 479 8 10 0.020753315 
409 293 8 10 0.020750027 
800 89 7 9 0.020747554 
366 509 13 15 0.02074164 
463 595 12 14 0.02072303 
45 486 19 22 0.020722343 
588 481 113 146 0.020721437 
958 431 10 12 0.020719267 
606 319 8 9 0.020716878 
644 667 11 13 0.020711597 
869 699 42 54 0.020693952 
578 160 7 10 0.020690192 
582 637 9 11 0.020687819 
631 149 7 9 0.020686349 
745 175 9 11 0.02068377 
733 255 8 10 0.020679772 
240 296 7 9 0.020671735 
487 288 8 10 0.02066669 
908 560 20 25 0.020662501 
880 15 7 9 0.020658577 
485 399 10 11 0.020657115 
357 470 19 25 0.020653602 
60 565 11 14 0.020649895 
806 637 11 14 0.020649374 
655 457 17 23 0.020638524 
615 119 8 9 0.020631276 
110 561 10 13 0.02062736 
673 304 7 10 0.020618934 
621 239 9 11 0.02061866 
537 191 7 9 0.020616353 
361 335 8 9 0.02060984 
288 278 7 9 0.02060974 
256 216 7 9 0.02060537 
497 61 8 9 0.020598514 
382 600 10 12 0.020598501 
240 723 12 14 0.020598492 
472 358 9 10 0.020597173 
454 412 12 13 0.020595226 
652 677 10 13 0.020593654 
960 109 8 10 0.020587413 
877 248 9 11 0.02058426 
388 518 10 13 0.020584125 
453 261 9 11 0.020582855 
463 240 9 12 0.020580452 
899 294 11 14 0.020565031 
409 287 8 10 0.020554982 
177 286 8 10 0.02054978 
414 749 10 14 0.020548807 
584 128 7 8 0.02054757 
488 595 10 13 0.020545717 
948 645 11 14 0.020535441 
79 487 110 138 0.020521712 
727 134 8 10 0.02052034 
872 381 10 14 0.020516565 
660 630 10 13 0.020508097 
238 581 10 12 0.020506607 
798 469 11 13 0.020503335 
422 658 13 16 0.02050252 
447 304 7 9 0.02050138 
1015 564 10 13 0.02049961 
813 327 8 11 0.020498728 
798 9 8 8 0.020492833 
484 628 20 24 0.020489722 
430 509 10 12 0.020487463 
498 207 7 9 0.02048354 
305 326 7 10 0.020481797 
281 656 17 23 0.020481348 
893 87 8 10 0.02047241 
52 578 13 14 0.02047208 
393 191 6 9 0.020465357 
783 182 7 9 0.020461624 
545 568 10 12 0.020460907 
342 2 9 8 0.020451372 
750 487 11 11 0.020451248 
233 240 7 9 0.0204512 
858 144 7 9 0.020445937 
256 311 7 9 0.020443263 
687 702 9 11 0.020437507 
974 232 8 9 0.02043605 
424 534 9 12 0.020434821 
722 247 8 11 0.020419385 
821 567 18 22 0.020410076 
694 446 8 10 0.020408802 
878 443 11 14 0.020399852 
816 205 8 11 0.020396154 
518 128 8 9 0.020395821 
353 183 8 10 0.020395154 
609 271 7 9 0.020391624 
921 217 7 9 0.020388305 
590 92 8 10 0.020386552 
694 1 9 8 0.020381793 
202 152 8 10 0.020380193 
847 55 7 10 0.020376619 
904 246 8 10 0.020376053 
794 159 7 11 0.020373054 
503 246 9 10 0.020368079 
756 349 9 12 0.020363087 
942 596 10 13 0.020356778 
47 579 12 15 0.020352723 
757 397 11 14 0.02035141 
773 681 12 15 0.020349985 
589 311 8 10 0.020342434 
248 288 8 10 0.020342195 
966 460 10 15 0.020337777 
496 200 8 9 0.020325448 
434 188 8 10 0.020320183 
824 25 7 8 0.020316191 
415 253 8 10 0.020314295 
215 113 7 9 0.020312905 
352 446 9 11 0.02029227 
455 22 8 10 0.020287523 
513 374 7 10 0.020284899 
504 503 8 10 0.020271158 
461 412 8 12 0.020269798 
158 608 9 11 0.020267108 
449 23 8 9 0.020256924 
122 575 10 13 0.020251213 
919 56 8 9 0.020250486 
119 651 13 15 0.020249426 
630 566 9 13 0.020244975 
527 246 8 10 0.020242743 
872 374 9 12 0.020240976 
841 24 7 9 0.02023215 
222 119 8 9 0.020223593 
489 116 7 9 0.020221783 
495 294 8 10 0.02021157 
911 399 9 11 0.020208547 
327 735 9 12 0.020202428 
996 522 13 16 0.020194331 
569 111 7 9 0.020188982 
822 158 8 10 0.020185597 
487 318 9 12 0.020179227 
156 694 10 12 0.02017473 
536 136 8 11 0.020173304 
521 303 8 10 0.020171838 
645 287 8 10 0.020166706 
1004 556 10 13 0.020165943 
871 0 8 9 0.020158939 
376 351 8 10 0.020156741 
948 512 20 24 0.020153854 
716 693 13 17 0.020153103 
6 547 11 15 0.020151138 
845 167 8 10 0.02014965 
792 591 10 13 0.02013923 
184 110 8 9 0.020134158 
773 510 10 12 0.020133752 
241 587 9 12 0.020128863 
630 222 8 9 0.02012798 
436 253 9 11 0.020123566 
312 616 8 11 0.020121152 
245 399 9 11 0.020120598 
997 636 12 13 0.020108795 
33 352 8 10 0.020098882 
430 685 101 142 0.020097332 
401 542 9 11 0.020093286 
55 505 17 23 0.020076564 
606 136 7 9 0.02007427 
783 87 9 10 0.02007236 
304 358 8 10 0.02007025 
309 663 9 12 0.020067427 
279 615 7 9 0.020049289 
686 454 9 10 0.02004501 
216 716 9 11 0.020040872 
758 519 11 13 0.02003061 
281 334 7 10 0.02002009 
280 312 7 9 0.020011216 
670 463 8 10 0.020001074 
