0_Parade_marchingband_1_465
930
677 184 12 15 0.5268933 
592 236 12 14 0.51408094 
81 303 9 12 0.45061165 
900 143 8 11 0.44832188 
997 198 10 12 0.44506842 
662 246 9 11 0.41941527 
320 166 11 13 0.39136142 
430 149 12 14 0.38582462 
877 174 9 12 0.3742507 
503 70 9 12 0.37296987 
232 158 9 12 0.36714765 
110 171 11 14 0.36418173 
72 181 11 13 0.36355013 
543 118 10 12 0.35793456 
129 167 8 11 0.3498408 
72 236 9 13 0.33372033 
977 173 9 12 0.32927436 
46 301 8 11 0.32896137 
127 236 8 10 0.31149557 
89 229 10 14 0.3000554 
626 237 9 12 0.29480347 
520 256 10 12 0.28233266 
1009 255 9 11 0.27578396 
608 208 9 12 0.25736552 
990 294 10 13 0.25240108 
1004 159 11 13 0.25013146 
534 165 8 10 0.24653393 
173 157 8 10 0.2436302 
327 157 11 13 0.23954229 
945 175 9 11 0.2337878 
848 159 8 10 0.23061717 
624 281 9 10 0.2302814 
169 224 8 11 0.22721097 
608 254 9 11 0.22294956 
707 91 13 15 0.22022854 
214 179 10 13 0.2194088 
877 222 12 16 0.21939163 
106 602 18 17 0.21414857 
656 143 8 11 0.214057 
550 96 8 9 0.20866339 
792 166 8 10 0.20574759 
734 240 7 9 0.2034481 
285 134 10 12 0.1958001 
920 180 9 10 0.19357257 
957 139 11 13 0.19247617 
502 143 11 13 0.19186918 
528 166 9 11 0.18905246 
918 175 9 12 0.18893127 
722 201 10 12 0.18875724 
252 112 12 15 0.18285288 
7 263 8 10 0.18044938 
918 150 8 10 0.17807652 
989 156 9 11 0.17715058 
195 159 8 10 0.1761526 
928 235 9 12 0.176054 
178 189 8 12 0.17245878 
920 144 8 9 0.16677177 
504 182 10 13 0.16600049 
508 115 9 12 0.16240838 
839 141 8 10 0.16170675 
525 254 8 11 0.16151446 
69 205 12 14 0.16107666 
568 149 9 10 0.15977088 
765 198 12 14 0.15890677 
615 119 10 11 0.15682815 
552 103 9 11 0.15569396 
925 231 10 12 0.1549559 
625 251 9 12 0.15452366 
873 143 9 11 0.15299454 
873 166 9 10 0.14570548 
548 173 10 13 0.14519747 
894 166 11 14 0.14163443 
697 237 9 11 0.14113769 
816 206 9 12 0.13961023 
982 248 11 14 0.13727269 
663 240 8 11 0.13635652 
637 142 14 16 0.13606822 
615 246 9 12 0.13517906 
580 94 9 11 0.1338966 
831 175 9 11 0.13166486 
669 256 7 10 0.12955378 
479 101 8 10 0.12856841 
599 179 9 12 0.1283819 
949 149 11 15 0.12796974 
237 180 9 11 0.12781769 
678 168 10 12 0.12777992 
630 245 9 13 0.12669113 
535 101 8 10 0.12653689 
913 174 8 11 0.12571728 
116 191 11 13 0.12531944 
231 181 9 12 0.12507439 
487 143 8 11 0.123207204 
465 94 8 11 0.1217598 
814 169 7 9 0.12130423 
869 199 10 12 0.12129773 
552 109 9 11 0.11983677 
509 111 10 11 0.11920173 
1 270 9 13 0.1180612 
314 210 12 15 0.11754512 
913 168 8 10 0.1171148 
374 47 8 10 0.116072536 
639 247 8 10 0.11367131 
800 205 8 11 0.1134122 
830 182 8 12 0.113094345 
469 207 9 13 0.11298033 
471 95 9 11 0.112679526 
520 165 9 11 0.10866568 
983 193 8 11 0.10795856 
158 165 8 11 0.10793733 
790 199 7 10 0.10746986 
676 272 8 11 0.10737944 
498 217 15 17 0.10635217 
312 183 11 15 0.10544586 
972 294 9 12 0.10522827 
207 159 9 10 0.10522464 
656 246 9 11 0.10510711 
585 209 16 17 0.10430029 
902 173 9 11 0.10389605 
831 158 9 11 0.10316866 
665 254 9 10 0.10302954 
520 128 10 12 0.10227417 
288 115 13 14 0.102074325 
5 270 9 12 0.10185143 
663 160 8 10 0.101698734 
1009 207 10 13 0.10163616 
880 216 9 11 0.1015304 
853 134 8 10 0.099946134 
576 247 10 14 0.0994562 
664 262 8 11 0.09828959 
974 158 9 12 0.09816162 
876 168 8 11 0.097938314 
549 144 8 11 0.09792701 
427 205 11 13 0.09773739 
47 278 8 10 0.09728268 
577 158 8 10 0.096977524 
485 173 8 11 0.096904 
936 175 8 10 0.09680309 
506 47 9 11 0.09617253 
876 148 9 10 0.096157 
768 272 9 11 0.09602248 
134 257 12 13 0.09534753 
894 159 8 10 0.09515388 
827 222 9 11 0.09503921 
29 236 12 16 0.09496929 
594 167 7 9 0.094860554 
496 148 11 14 0.09459711 
348 241 11 16 0.09413669 
683 132 10 11 0.09402279 
796 134 9 10 0.09380574 
86 256 9 12 0.093688555 
224 182 9 12 0.09343168 
955 146 13 16 0.092167586 
524 126 10 12 0.0917268 
595 232 10 13 0.09169396 
874 228 11 12 0.09080698 
837 206 10 13 0.08980229 
841 183 9 11 0.08792924 
520 247 10 12 0.08790212 
261 166 8 12 0.08776646 
990 310 13 16 0.08729721 
911 240 8 10 0.08698559 
550 168 9 10 0.08697036 
558 232 7 9 0.08691277 
582 157 8 11 0.086708695 
704 265 8 10 0.086668566 
672 276 11 13 0.08643563 
81 255 8 11 0.08630797 
544 113 10 12 0.0860249 
838 151 7 9 0.08513917 
32 198 9 11 0.08449945 
217 115 11 14 0.08447738 
518 205 9 11 0.08444426 
832 214 9 11 0.08388871 
702 246 8 11 0.08386934 
581 245 9 14 0.08363395 
427 212 11 13 0.08358837 
1 287 9 13 0.08346525 
902 224 9 11 0.08304417 
137 221 9 12 0.08295669 
567 144 9 11 0.082380325 
232 272 10 12 0.08220624 
560 124 9 11 0.08199696 
606 221 9 11 0.0814977 
468 175 11 14 0.08044648 
101 246 9 11 0.079992644 
794 173 8 10 0.079345785 
534 136 8 10 0.07923379 
855 149 8 10 0.0791556 
512 103 8 10 0.07901037 
349 218 11 13 0.07899177 
192 192 8 10 0.07838533 
1003 295 10 12 0.07822526 
237 272 9 11 0.07768811 
559 237 8 10 0.07747362 
487 236 9 12 0.07744049 
70 198 11 14 0.07732046 
965 182 9 12 0.076959416 
473 159 9 11 0.07690581 
229 249 9 10 0.07674361 
95 255 10 13 0.07611128 
913 157 9 11 0.07606362 
870 160 10 10 0.07579094 
479 120 8 10 0.07555069 
641 261 8 10 0.07554149 
88 224 9 12 0.07409975 
814 186 10 13 0.07399147 
177 185 8 10 0.073887594 
934 236 9 12 0.073867284 
463 262 11 13 0.0735288 
600 220 10 12 0.07344071 
330 149 12 15 0.07340743 
669 261 9 10 0.0729887 
702 231 8 11 0.07276388 
504 52 7 10 0.072541654 
527 248 8 11 0.0725149 
606 199 8 10 0.0722605 
824 183 9 13 0.072122164 
583 152 10 12 0.07180638 
60 201 14 17 0.071590446 
521 143 9 11 0.070928596 
198 220 9 11 0.070699915 
575 151 8 11 0.07043855 
55 319 8 9 0.06982326 
519 238 9 11 0.06954516 
945 151 9 13 0.0694902 
464 178 11 13 0.0693441 
657 147 9 11 0.06878764 
254 132 9 11 0.068552226 
974 167 11 13 0.067709655 
222 135 9 10 0.06752736 
617 263 8 10 0.067183 
392 95 10 13 0.06707177 
583 142 9 11 0.06664301 
661 269 9 13 0.06663437 
455 112 10 14 0.06644766 
519 229 9 12 0.06635952 
632 160 9 12 0.066130154 
427 221 10 13 0.06606531 
209 152 7 9 0.06585318 
952 141 11 13 0.06537441 
647 253 10 12 0.065341234 
600 167 7 9 0.06520784 
695 245 10 12 0.06517593 
558 199 7 9 0.06510537 
227 252 12 16 0.06499385 
567 166 8 10 0.064983204 
127 195 11 15 0.06495284 
599 255 8 10 0.06491175 
855 143 10 12 0.064773895 
878 192 8 11 0.06476621 
928 280 8 10 0.064246915 
545 95 8 10 0.06408426 
878 135 7 9 0.06402918 
897 222 9 12 0.06387092 
84 284 11 13 0.06359836 
221 141 9 13 0.06339878 
956 156 10 11 0.06326793 
942 230 8 11 0.06314367 
157 161 7 9 0.06296035 
628 232 8 11 0.06292572 
961 190 9 12 0.062606364 
664 276 9 12 0.06253951 
680 146 10 12 0.06252514 
546 148 9 12 0.06222831 
985 141 8 10 0.06197802 
582 135 10 12 0.06160702 
174 237 8 11 0.061414964 
984 155 10 13 0.061302535 
160 263 7 9 0.060007073 
901 147 8 11 0.05986556 
793 213 8 10 0.05945611 
527 180 10 13 0.059200127 
77 230 9 13 0.05914558 
129 311 6 8 0.059020344 
101 232 9 10 0.05900184 
101 239 8 11 0.05880521 
697 189 8 12 0.05859856 
431 176 10 12 0.05843983 
477 97 9 10 0.05833949 
866 165 7 9 0.057866983 
424 118 9 12 0.057820294 
865 200 9 12 0.057781305 
425 102 9 11 0.05775116 
960 173 10 13 0.057671826 
696 169 7 10 0.057521764 
696 253 8 9 0.057396073 
22 320 9 11 0.05721861 
492 110 10 11 0.05715616 
654 193 10 11 0.05710153 
118 303 9 11 0.05686628 
616 141 9 11 0.05668008 
492 125 10 13 0.056393437 
493 93 11 13 0.05614682 
478 246 8 11 0.056045927 
684 142 9 12 0.05551668 
833 153 9 10 0.05494145 
810 187 9 11 0.05489116 
103 260 9 11 0.05474057 
197 192 8 10 0.05455334 
998 180 10 11 0.054400753 
465 210 9 12 0.054032378 
95 236 10 12 0.05398028 
581 100 9 11 0.05381773 
983 239 8 11 0.053553704 
567 245 9 14 0.053336523 
111 254 8 11 0.053074006 
833 164 10 13 0.052993726 
792 206 8 10 0.052757993 
598 189 10 13 0.05268305 
644 142 10 12 0.05255842 
850 127 9 11 0.052482985 
669 247 9 10 0.052225284 
649 160 9 11 0.051922232 
165 197 8 11 0.051878177 
486 148 10 12 0.05182925 
590 124 13 15 0.05174357 
487 110 9 11 0.05167733 
977 251 11 15 0.051410746 
225 159 9 11 0.051220965 
466 257 8 10 0.050744697 
974 206 10 11 0.050731223 
513 255 9 11 0.05065525 
689 247 8 10 0.050576586 
493 101 10 12 0.05052322 
936 151 9 12 0.050406203 
112 286 8 9 0.050395112 
372 114 12 14 0.05035974 
35 237 12 14 0.050302163 
536 85 7 9 0.050214384 
890 164 10 12 0.050190695 
814 173 8 10 0.05016865 
589 151 8 11 0.049868613 
502 155 9 12 0.04983868 
882 220 12 16 0.04983519 
924 224 10 12 0.049738653 
993 316 15 16 0.049715925 
525 118 10 13 0.049709346 
565 263 10 11 0.049697723 
550 252 8 11 0.049599577 
25 221 10 14 0.049477752 
622 175 7 9 0.049164016 
33 202 11 14 0.04915032 
518 110 8 10 0.04909171 
704 168 8 10 0.04888983 
112 177 11 14 0.048811443 
826 158 8 11 0.04880219 
484 508 17 20 0.048791084 
0 329 9 15 0.048776664 
732 146 11 14 0.04834852 
62 210 14 17 0.04827745 
505 64 7 11 0.048109446 
328 215 12 14 0.047977507 
235 152 13 16 0.04781594 
167 240 9 11 0.047806367 
769 180 8 10 0.047617946 
1010 143 7 9 0.04761106 
294 254 11 13 0.047493607 
673 167 9 11 0.04733945 
966 172 10 14 0.04728941 
689 253 8 11 0.047130167 
839 201 9 11 0.047129553 
770 159 7 9 0.047088873 
991 174 10 13 0.047037095 
373 64 10 12 0.04703169 
216 149 8 10 0.046824478 
607 160 8 9 0.046763893 
184 280 7 9 0.046587445 
601 77 9 12 0.046223097 
911 180 10 11 0.046191733 
224 269 9 13 0.045940686 
567 187 11 13 0.045917574 
601 160 7 9 0.045909688 
122 237 9 12 0.045814507 
53 277 8 10 0.045796663 
978 237 8 12 0.04574741 
175 279 8 11 0.04566655 
721 261 8 11 0.045596525 
558 119 10 12 0.045373138 
936 232 9 12 0.045328863 
528 161 9 11 0.045206297 
0 276 10 15 0.04503372 
988 250 11 14 0.044929203 
513 96 8 9 0.044829298 
528 96 9 11 0.044724815 
861 222 9 11 0.044366006 
806 206 10 12 0.044246294 
600 195 10 12 0.044219874 
481 142 9 12 0.044147387 
661 197 9 12 0.044140834 
896 147 10 12 0.044101994 
1012 213 10 13 0.044084847 
325 68 15 17 0.043954823 
947 178 10 13 0.043834787 
623 141 8 12 0.043812446 
606 165 7 9 0.043781452 
534 271 8 11 0.043634053 
593 256 10 11 0.043592367 
810 175 9 10 0.043589268 
41 297 9 12 0.043535326 
552 160 8 10 0.04347559 
559 191 8 11 0.04340819 
993 180 9 12 0.04332568 
526 149 8 10 0.04332538 
969 166 10 13 0.042908173 
5 576 40 55 0.042900033 
577 135 8 10 0.04270811 
565 95 9 10 0.042688124 
703 159 7 8 0.042662077 
937 179 9 12 0.04250882 
548 117 9 12 0.042321842 
825 177 9 11 0.04225442 
532 247 9 11 0.042226724 
710 264 7 8 0.04206557 
486 244 10 13 0.042049978 
661 144 8 11 0.0420495 
734 244 8 10 0.04197104 
966 205 11 13 0.04176355 
258 157 9 11 0.04176244 
993 290 20 23 0.041703008 
488 120 9 11 0.04170131 
546 253 8 10 0.04157593 
13 270 9 11 0.041537743 
745 198 8 10 0.0414337 
88 349 8 10 0.041344125 
559 174 8 10 0.04123187 
663 232 8 11 0.041039243 
365 248 8 9 0.040920716 
958 205 11 14 0.0408569 
936 142 9 10 0.040824793 
498 72 8 11 0.04070012 
975 178 10 13 0.040443234 
937 136 7 9 0.040344555 
1013 247 9 14 0.040200926 
936 199 10 13 0.040119078 
727 268 9 11 0.040059496 
116 181 11 13 0.039956436 
112 596 18 20 0.039850123 
1005 152 10 11 0.03982215 
552 192 8 10 0.039763056 
940 203 10 13 0.0396614 
783 175 7 9 0.03963545 
553 198 8 10 0.03913868 
785 203 9 11 0.03908019 
836 166 11 12 0.03882093 
161 239 9 13 0.038810536 
207 143 9 11 0.038788967 
166 192 8 10 0.038788773 
921 236 9 12 0.038753048 
119 308 8 10 0.03874172 
436 155 10 13 0.03861993 
80 320 8 10 0.038618084 
1006 199 9 11 0.038552776 
998 245 9 12 0.038508933 
975 152 9 12 0.0384723 
925 142 8 10 0.038051244 
872 178 12 14 0.037842065 
1000 212 10 13 0.037714176 
529 101 10 11 0.03771307 
597 132 9 12 0.037680082 
1000 253 10 13 0.03764481 
196 162 11 13 0.037585948 
632 142 12 15 0.037578445 
621 264 9 10 0.037529655 
1003 234 15 17 0.037403345 
966 198 9 11 0.037366025 
1005 268 10 12 0.037320394 
574 142 9 11 0.037248336 
960 197 9 11 0.037239414 
873 137 9 9 0.037086256 
1014 220 10 14 0.037076097 
512 247 8 11 0.03702081 
377 150 10 12 0.037010808 
951 228 10 12 0.03684048 
864 182 9 13 0.036751214 
508 68 9 13 0.03669801 
411 134 15 18 0.03648342 
111 295 9 11 0.036483344 
664 286 8 10 0.0364822 
198 153 8 10 0.03638056 
52 350 10 11 0.036346395 
-1 243 8 14 0.03632527 
720 256 7 10 0.03624042 
237 255 11 14 0.036212195 
749 198 8 11 0.036190156 
959 240 8 11 0.03612184 
161 192 9 11 0.036037117 
592 260 9 11 0.03596854 
175 285 9 10 0.035793167 
575 165 8 10 0.03577409 
84 270 12 13 0.035757408 
625 159 8 11 0.03559848 
479 125 9 11 0.03556482 
620 116 10 13 0.035560776 
521 175 8 11 0.035452534 
527 174 9 12 0.03542785 
515 260 8 10 0.03538313 
423 123 9 13 0.03529512 
793 182 8 10 0.035269145 
886 173 9 13 0.035266366 
152 286 8 10 0.035254568 
704 223 8 11 0.03507859 
927 151 9 12 0.035070896 
92 225 9 11 0.03505489 
898 137 8 10 0.035012458 
656 122 12 15 0.034971297 
497 156 9 11 0.03496096 
849 152 8 10 0.034911532 
1014 309 10 14 0.03486866 
286 127 12 14 0.034787465 
14 278 9 12 0.034781467 
569 158 10 11 0.034752633 
710 239 8 11 0.034743648 
1000 152 9 10 0.034639213 
46 307 9 11 0.034639116 
221 149 9 10 0.034638748 
751 205 8 11 0.034522556 
608 259 9 11 0.034428492 
94 283 9 13 0.034407847 
553 238 8 10 0.03434918 
499 180 9 13 0.034313343 
567 206 9 11 0.03430725 
873 190 10 12 0.03430189 
588 86 10 11 0.03429357 
1006 173 11 13 0.034264382 
708 229 9 11 0.034212016 
502 35 10 12 0.034201298 
750 271 10 11 0.034093704 
28 227 13 16 0.034071837 
974 269 9 13 0.033880763 
1014 142 7 10 0.03384484 
871 261 10 14 0.03381383 
497 176 8 11 0.033768408 
977 245 20 25 0.033722006 
525 133 9 11 0.03371685 
193 153 8 9 0.033687484 
708 207 9 11 0.03363102 
177 194 10 13 0.033526644 
2 262 9 13 0.033367146 
535 141 9 11 0.033323467 
208 163 9 11 0.033290263 
376 105 10 12 0.033274893 
345 77 9 13 0.033167068 
121 230 10 12 0.033059932 
239 188 10 12 0.0330361 
773 166 8 10 0.033035513 
623 126 10 12 0.0330246 
917 156 9 11 0.032995123 
607 126 8 11 0.03296855 
501 204 10 12 0.03294153 
641 255 8 11 0.032852814 
669 160 9 11 0.032790676 
930 264 8 11 0.032760628 
23 260 10 13 0.032743175 
502 235 10 12 0.032687124 
567 125 9 10 0.032683026 
246 139 11 14 0.032674808 
118 169 11 12 0.032673948 
1006 258 10 13 0.032653134 
654 252 9 11 0.03260373 
733 191 9 11 0.03253779 
614 149 9 11 0.03241226 
39 282 10 13 0.032410797 
102 254 10 13 0.032388017 
221 125 9 12 0.03238689 
1007 247 11 13 0.03237721 
502 247 9 12 0.0323179 
511 176 8 11 0.032312736 
611 212 9 12 0.032154903 
345 165 8 11 0.032118507 
1014 283 10 15 0.032109287 
461 112 9 12 0.032037705 
169 253 8 11 0.032023992 
585 236 10 14 0.031973213 
84 277 12 15 0.031923853 
593 275 9 12 0.031834424 
132 196 11 14 0.03179365 
709 109 11 13 0.031773463 
641 204 9 12 0.031589683 
951 238 8 11 0.031558145 
977 191 8 10 0.031427015 
866 160 8 10 0.031404108 
75 203 12 15 0.031343915 
609 142 8 10 0.031262662 
634 606 45 63 0.031253323 
208 189 9 12 0.031182373 
172 228 9 12 0.031165177 
526 111 9 10 0.031091573 
734 167 7 9 0.031071335 
943 223 10 13 0.031022165 
930 270 8 9 0.030955803 
561 143 8 11 0.030940197 
709 246 8 11 0.030925602 
953 136 10 12 0.030763388 
217 134 10 11 0.030654509 
929 198 9 12 0.03056514 
671 127 12 14 0.030533332 
328 182 10 13 0.030481476 
246 183 8 10 0.030412953 
5 327 11 13 0.030360643 
173 244 10 12 0.0303098 
600 212 10 14 0.030301124 
85 294 10 13 0.03025843 
103 269 9 10 0.030103551 
255 151 10 13 0.030026289 
837 158 9 10 0.029912809 
863 143 9 11 0.029893726 
128 162 9 11 0.029839572 
423 110 10 12 0.029833296 
996 202 13 15 0.029833099 
561 149 8 10 0.029816115 
685 166 8 11 0.02968766 
685 188 9 12 0.029684776 
419 139 12 17 0.029524207 
137 295 8 11 0.029479783 
477 157 9 12 0.029478256 
762 264 7 8 0.029417692 
603 181 9 11 0.029410655 
538 118 10 12 0.029375969 
790 192 8 9 0.029347202 
170 279 8 11 0.02933821 
991 192 10 13 0.029326875 
511 132 9 11 0.02932105 
959 168 10 13 0.029276812 
464 274 12 14 0.029270282 
639 271 8 10 0.029262332 
648 199 8 10 0.029255765 
127 244 9 12 0.029223647 
648 248 10 12 0.029222013 
613 158 9 10 0.029169872 
729 136 10 12 0.029163463 
85 307 9 11 0.029160382 
560 245 11 14 0.029158592 
624 133 10 13 0.029132405 
509 51 9 11 0.02908211 
504 252 8 11 0.029075732 
430 247 13 16 0.029060613 
957 227 9 11 0.029035416 
543 159 8 11 0.028903626 
704 117 11 13 0.028878523 
889 160 9 10 0.028849294 
388 211 9 12 0.028837692 
654 159 9 11 0.028789572 
703 252 8 9 0.028773963 
54 294 9 11 0.028589623 
87 320 8 9 0.028560994 
754 651 12 14 0.028546626 
704 96 13 16 0.028439254 
25 543 8 10 0.028424073 
847 141 10 11 0.028417543 
927 156 10 12 0.028353233 
565 101 10 12 0.02830955 
127 183 10 12 0.02828773 
674 171 9 12 0.028275687 
551 89 8 10 0.02817618 
334 245 9 12 0.028139113 
382 157 9 12 0.028125338 
432 263 9 11 0.028118057 
159 170 10 13 0.0281177 
751 94 8 11 0.028097903 
521 179 10 13 0.028070664 
783 182 8 9 0.028034579 
739 115 12 14 0.027926734 
942 135 8 10 0.027901208 
989 240 11 13 0.027845819 
871 254 9 12 0.0277903 
606 227 10 12 0.027776584 
470 141 9 13 0.027729537 
1007 179 9 12 0.027709631 
120 246 9 11 0.027674498 
844 187 10 12 0.027602958 
478 205 10 13 0.027582077 
977 199 9 11 0.027481407 
480 167 9 12 0.027413938 
424 95 10 11 0.027387628 
0 308 7 13 0.027387487 
535 125 9 11 0.027339526 
470 254 8 10 0.027321046 
473 100 9 10 0.027255535 
704 199 8 9 0.027232839 
838 173 10 12 0.02721393 
562 265 9 11 0.027144603 
729 156 10 11 0.02713535 
385 174 10 13 0.027112436 
972 211 12 15 0.027097216 
1013 175 10 14 0.027054146 
645 260 9 11 0.02701287 
784 191 9 11 0.026992867 
981 202 11 14 0.026952278 
182 215 10 12 0.026859164 
581 88 10 11 0.02675414 
157 285 10 11 0.02672964 
369 82 11 15 0.02669077 
446 115 12 15 0.026660128 
597 243 9 12 0.026561886 
213 165 9 11 0.0265504 
558 134 9 11 0.026527006 
495 246 10 12 0.026489403 
295 249 7 10 0.026439091 
982 178 10 13 0.026438871 
351 133 12 12 0.026432844 
470 196 8 11 0.026377104 
999 238 12 15 0.026377058 
989 140 10 12 0.026374063 
498 198 9 13 0.026338667 
128 338 9 10 0.026326787 
416 84 10 13 0.026228808 
140 216 9 11 0.026151562 
877 262 10 12 0.026092378 
169 152 10 12 0.026078604 
45 238 10 15 0.026076 
55 313 8 9 0.026051113 
624 110 10 12 0.026028939 
773 160 8 9 0.026011616 
500 226 15 17 0.026005566 
4 275 11 14 0.025972726 
57 220 12 15 0.025929824 
607 135 8 11 0.025922982 
74 186 11 14 0.025921699 
38 365 14 16 0.02588016 
936 223 10 12 0.025850004 
942 168 17 23 0.025833445 
671 140 12 14 0.02581532 
594 173 9 12 0.02580538 
517 103 8 10 0.025720105 
463 88 8 10 0.0257198 
507 187 10 12 0.025685348 
314 175 10 11 0.025636716 
942 235 10 13 0.025601849 
1006 246 18 26 0.02557469 
760 272 11 12 0.025564639 
78 245 8 11 0.025531221 
512 87 8 10 0.025477963 
589 71 9 11 0.025398375 
367 53 9 11 0.025359437 
329 133 11 14 0.025327662 
481 149 9 13 0.025312195 
70 320 8 10 0.025247663 
347 230 12 15 0.025197158 
367 255 8 11 0.02517829 
359 117 11 14 0.025156744 
566 279 9 11 0.02511245 
494 87 10 12 0.024986515 
404 99 12 13 0.024983099 
599 94 10 13 0.024957178 
0 299 8 14 0.02489866 
361 254 9 11 0.02488605 
980 167 11 14 0.024864927 
368 260 10 13 0.024856066 
474 629 12 15 0.02480929 
606 86 9 11 0.024759635 
145 287 8 9 0.024735048 
-1 548 23 28 0.024730781 
606 192 9 12 0.02471734 
37 241 12 16 0.024704354 
215 184 11 14 0.024675671 
808 212 8 11 0.024670063 
330 138 13 16 0.024609994 
736 255 8 10 0.024556821 
973 288 10 12 0.024480144 
126 304 8 10 0.024476985 
40 309 9 12 0.024466792 
981 231 10 13 0.024410915 
664 164 8 10 0.024378639 
719 167 7 10 0.024356216 
560 167 7 10 0.02421162 
513 159 7 10 0.024195945 
750 175 8 11 0.02414095 
589 218 13 15 0.024138357 
509 64 8 11 0.024121942 
593 295 7 8 0.024115374 
966 245 10 11 0.02410154 
657 109 11 14 0.024100201 
1013 200 9 13 0.024078215 
132 237 9 11 0.024073083 
75 211 12 15 0.0240682 
728 232 9 11 0.02399881 
511 228 9 13 0.02397612 
566 108 9 11 0.023965025 
584 119 9 11 0.023898583 
566 240 9 11 0.023799952 
354 213 10 12 0.023770772 
680 252 9 11 0.023757735 
409 212 14 16 0.023743605 
425 68 9 12 0.02371495 
945 168 10 13 0.023704559 
641 278 9 11 0.023692748 
558 204 9 11 0.023689713 
976 260 10 14 0.023628818 
109 187 19 23 0.023595184 
47 203 12 16 0.02356054 
398 93 12 14 0.023543587 
989 166 9 12 0.023468515 
797 129 8 10 0.023415403 
535 80 8 10 0.023331722 
742 255 7 10 0.023317039 
698 264 8 10 0.023272483 
616 190 9 11 0.023247901 
729 183 8 10 0.023244543 
181 185 9 10 0.023164103 
590 158 8 10 0.02316259 
469 190 9 13 0.023151198 
480 239 9 12 0.023145437 
863 213 10 13 0.023129923 
461 126 10 14 0.02311465 
429 118 8 11 0.023023007 
992 192 19 23 0.023015073 
487 105 9 11 0.022988506 
504 102 8 9 0.022986783 
173 311 9 12 0.022986483 
345 220 11 14 0.022934739 
695 151 8 11 0.022920812 
736 215 9 11 0.022860158 
488 252 8 11 0.022726728 
257 170 10 12 0.022677802 
679 234 11 13 0.022675792 
423 64 8 11 0.022653744 
533 254 8 10 0.022551853 
574 125 10 12 0.022515316 
583 287 7 9 0.02246302 
927 167 9 10 0.022451503 
623 198 9 11 0.02243959 
616 112 10 13 0.022379762 
657 100 11 12 0.022372097 
532 173 10 13 0.022304334 
48 272 9 13 0.022293253 
390 179 8 11 0.022258824 
702 188 9 12 0.022232601 
741 150 10 12 0.022223748 
137 288 7 9 0.0222161 
152 231 9 11 0.022188822 
631 271 8 9 0.02215305 
825 216 9 11 0.022138711 
31 372 11 13 0.022117022 
468 491 14 17 0.022116944 
617 240 8 11 0.022076843 
361 245 9 13 0.021972332 
750 180 9 10 0.021970252 
909 221 11 14 0.021848679 
561 95 8 10 0.021839514 
113 300 10 14 0.021754233 
88 325 7 9 0.021688705 
560 181 9 12 0.021681894 
544 167 8 10 0.021663263 
864 173 10 12 0.02165169 
730 166 8 11 0.021632027 
874 128 7 9 0.021630432 
1006 220 13 14 0.0216299 
588 140 11 13 0.021624602 
478 279 8 10 0.021605633 
614 100 9 11 0.021594882 
750 168 8 10 0.021591427 
890 150 9 10 0.021584414 
517 95 8 10 0.02158304 
483 189 12 14 0.021541255 
62 227 14 18 0.021524346 
515 165 8 10 0.02149969 
656 240 9 12 0.021495504 
469 277 10 12 0.021485444 
624 148 8 11 0.021447115 
545 198 9 12 0.021440873 
500 175 18 25 0.021421246 
678 247 10 11 0.021393554 
926 175 9 11 0.02138906 
585 261 9 10 0.021381097 
878 129 8 9 0.021374376 
745 175 9 11 0.021368109 
876 159 9 11 0.021349195 
598 260 9 10 0.021299604 
167 183 8 11 0.021273762 
654 134 11 13 0.021263514 
126 221 10 12 0.021245735 
344 93 10 12 0.021236906 
381 103 8 11 0.021223845 
876 231 13 17 0.021211883 
755 286 13 14 0.021120835 
184 172 9 11 0.021095928 
324 150 20 23 0.021088291 
534 198 9 12 0.021057848 
624 190 8 10 0.021038158 
681 159 9 11 0.021027233 
773 174 9 10 0.021027068 
855 227 10 12 0.021009728 
675 126 20 23 0.020995688 
617 285 9 10 0.020957993 
623 270 9 10 0.020888165 
735 286 9 11 0.02086175 
661 95 10 11 0.02082554 
744 140 10 14 0.02081994 
294 157 9 10 0.020817157 
121 221 10 13 0.020803733 
510 126 10 12 0.020783199 
954 197 9 11 0.020764418 
966 149 9 12 0.020755598 
623 203 8 11 0.020739136 
843 206 10 12 0.020725323 
576 229 10 13 0.020720614 
330 125 9 11 0.020694481 
696 157 8 10 0.020638041 
886 198 10 12 0.020577895 
457 94 8 11 0.020567875 
1008 282 22 28 0.020553516 
517 211 11 14 0.020543164 
261 187 10 14 0.0205416 
567 309 9 11 0.02054085 
533 239 9 12 0.020535873 
589 76 11 13 0.020516822 
114 308 10 11 0.02048056 
729 190 9 10 0.020446524 
582 229 11 14 0.020435512 
102 301 9 12 0.020355998 
142 197 8 12 0.02031708 
894 215 11 14 0.02031544 
906 180 8 11 0.020313175 
486 154 12 14 0.02025173 
193 221 10 11 0.020242142 
651 191 8 11 0.020229131 
481 109 9 12 0.020216923 
997 287 14 16 0.02021085 
177 293 8 10 0.020199522 
70 325 7 11 0.020169972 
1011 234 13 17 0.020167612 
567 212 11 14 0.02016207 
646 272 9 10 0.02015768 
1005 261 23 30 0.02014963 
438 118 13 14 0.020137979 
190 280 7 10 0.020134112 
637 173 10 12 0.020126184 
420 132 11 14 0.020078547 
910 191 10 11 0.02006995 
557 103 10 13 0.020015312 
