0_Parade_Parade_0_459
31
124 639 123 143 0.99574715 
425 783 114 152 0.9945951 
394 751 106 149 0.98633796 
278 629 128 173 0.9813665 
169 802 102 168 0.91572434 
314 788 65 83 0.35135242 
296 699 107 163 0.20030902 
380 920 48 71 0.14254811 
919 478 46 58 0.13516004 
194 603 146 205 0.11642168 
-3 445 71 139 0.1101619 
690 1101 38 45 0.071292765 
840 728 58 76 0.059156697 
364 720 110 136 0.057618983 
290 488 389 477 0.054922137 
36 926 59 72 0.05401748 
337 886 95 125 0.050527174 
200 785 169 217 0.046045188 
325 764 95 112 0.043383155 
438 607 53 61 0.034829702 
620 1085 13 17 0.032739095 
904 462 75 101 0.031531077 
482 837 108 144 0.030951563 
617 843 369 494 0.030040188 
-2 429 36 71 0.02740592 
148 1003 17 18 0.024448361 
984 772 33 51 0.023019828 
153 202 40 48 0.021799808 
226 788 109 133 0.021715382 
311 71 260 263 0.021609172 
249 569 203 275 0.020886235 
