0_Parade_marchingband_1_104
137
316 252 32 40 0.99894613 
451 262 26 31 0.9899711 
238 246 14 16 0.9042499 
738 230 16 21 0.8181212 
1003 216 17 26 0.712108 
127 253 13 17 0.69199795 
150 243 11 14 0.53514194 
579 255 13 18 0.30748534 
835 229 12 15 0.30530253 
37 254 11 14 0.30325514 
602 229 8 10 0.27267614 
549 244 10 13 0.21079601 
502 226 10 13 0.20928499 
84 280 10 13 0.19402348 
968 232 9 11 0.1911653 
214 246 7 11 0.14740565 
25 240 7 10 0.12864304 
451 220 11 16 0.12728272 
103 240 10 12 0.11142033 
605 225 8 11 0.09928966 
57 260 9 11 0.090275474 
168 263 10 12 0.08636068 
23 244 8 10 0.08559974 
283 235 10 14 0.08285302 
197 246 8 10 0.077365816 
912 238 11 13 0.07620056 
830 226 19 25 0.07020648 
691 380 60 77 0.06762768 
407 241 12 13 0.06282134 
402 252 25 32 0.06138628 
480 230 12 14 0.06030675 
725 237 14 16 0.05970487 
38 296 7 10 0.05816548 
264 237 8 10 0.056421053 
173 262 11 14 0.05622549 
70 246 9 12 0.0541362 
894 236 9 11 0.053405095 
240 287 9 11 0.052989833 
750 196 11 13 0.051995665 
62 255 8 11 0.051055375 
4 268 11 13 0.050038084 
581 247 12 18 0.04917839 
890 236 9 11 0.047286786 
718 238 11 13 0.046815798 
587 286 9 12 0.0429432 
352 234 13 17 0.0423232 
532 253 13 17 0.04201151 
167 243 9 11 0.041875828 
98 244 10 13 0.040997587 
110 255 9 11 0.040274017 
543 238 12 15 0.04016979 
228 277 9 12 0.040105175 
53 280 8 10 0.039079275 
112 261 9 11 0.038468573 
412 254 12 15 0.03761162 
190 277 8 10 0.036994092 
509 229 9 13 0.036745768 
215 241 7 10 0.03569644 
541 250 12 16 0.035101347 
66 247 8 11 0.03433302 
25 277 9 12 0.034298386 
146 240 11 13 0.0340878 
599 234 10 12 0.03394254 
296 236 11 15 0.03307067 
549 269 10 13 0.03276463 
541 260 11 15 0.03244973 
234 246 12 14 0.032250576 
73 277 7 9 0.032063127 
158 238 10 13 0.031521764 
829 212 9 10 0.0313232 
114 269 10 12 0.031166982 
544 267 11 14 0.030947817 
614 223 9 12 0.030446757 
461 244 12 15 0.030362468 
476 255 15 21 0.030154578 
588 252 12 17 0.029769924 
586 291 9 12 0.029285163 
855 260 9 14 0.02927138 
974 194 16 19 0.029115105 
141 278 10 12 0.028698012 
833 234 25 30 0.028498024 
73 271 8 11 0.028215678 
39 301 7 10 0.028022407 
645 222 8 10 0.02794274 
85 272 9 11 0.02781519 
616 228 9 11 0.027791064 
29 238 8 10 0.027410561 
775 223 11 13 0.026939346 
232 240 9 10 0.026689673 
904 237 10 12 0.026297955 
120 296 8 10 0.026255764 
245 240 10 12 0.02599302 
208 239 10 12 0.025717655 
24 272 10 12 0.025699072 
31 310 8 10 0.025518086 
152 262 10 12 0.025396502 
180 263 10 13 0.024952883 
32 249 19 23 0.024936432 
193 241 8 10 0.024387095 
104 253 9 11 0.024258295 
108 239 9 11 0.02423361 
716 288 36 43 0.023705876 
34 302 9 10 0.02338971 
972 235 10 13 0.023366196 
449 206 10 12 0.023146963 
249 233 8 10 0.023132768 
163 230 11 13 0.023077322 
797 238 10 11 0.02292215 
43 254 10 13 0.022802453 
132 248 12 15 0.022746446 
463 251 23 31 0.022723194 
158 269 9 11 0.022543872 
239 292 8 11 0.022530472 
754 196 15 17 0.022498328 
383 261 13 16 0.02245641 
190 271 9 12 0.02210344 
842 205 8 10 0.02192922 
747 200 24 28 0.021802934 
512 235 9 12 0.021792356 
542 232 9 11 0.02178098 
716 238 21 25 0.02171838 
598 245 9 13 0.021589266 
397 238 12 14 0.021442328 
554 243 14 17 0.021433428 
233 294 9 11 0.021286042 
18 245 8 11 0.02107182 
228 270 11 14 0.020936728 
641 238 9 12 0.020799138 
223 245 9 12 0.020725818 
80 271 8 10 0.020655036 
546 239 18 23 0.020654636 
386 257 25 31 0.020620933 
23 252 8 12 0.02056001 
853 253 10 15 0.020446604 
164 262 20 25 0.020402934 
176 241 8 9 0.020011162 
588 302 9 13 0.020001069 
