0_Parade_Parade_0_850
196
623 288 29 38 0.99926645 
485 296 23 33 0.995974 
940 282 27 40 0.9888974 
837 293 29 39 0.9863783 
749 304 24 29 0.98131174 
249 315 21 25 0.9705255 
364 310 22 28 0.96763784 
189 318 14 16 0.956264 
73 318 17 22 0.94291186 
51 325 11 14 0.7743993 
543 334 14 17 0.74697554 
856 333 19 21 0.7206805 
128 318 14 18 0.64644414 
155 316 14 19 0.62470025 
34 319 14 19 0.61714673 
994 330 13 17 0.48503646 
271 314 13 19 0.3415123 
544 302 9 12 0.30753806 
164 314 14 19 0.17805624 
225 322 16 19 0.17308064 
157 310 15 18 0.13688372 
410 271 27 32 0.12149362 
1 316 10 14 0.118024856 
524 363 11 14 0.115038455 
391 329 13 15 0.11313525 
538 303 9 12 0.092169285 
164 309 11 16 0.085645735 
81 316 14 19 0.07937155 
894 157 15 18 0.0792193 
107 339 13 16 0.07747005 
422 333 14 18 0.07738133 
40 311 11 15 0.07515594 
172 320 11 15 0.07403001 
45 309 9 14 0.074007675 
437 277 11 16 0.07300654 
849 301 25 30 0.07008553 
565 294 9 12 0.06857238 
53 342 15 19 0.06836643 
234 312 24 28 0.06797429 
596 296 26 31 0.06747587 
5 326 10 13 0.06122075 
374 297 15 21 0.061171047 
377 238 9 11 0.061144512 
84 308 12 14 0.060899515 
46 318 11 16 0.06050222 
264 299 11 14 0.060167965 
60 324 14 16 0.058493134 
526 350 11 13 0.055937037 
548 273 12 15 0.054979183 
598 300 15 20 0.054795284 
7 331 10 12 0.054604277 
866 336 14 18 0.05446536 
182 285 11 13 0.05379968 
907 311 18 19 0.05309099 
880 155 17 21 0.051012374 
760 310 15 22 0.050476518 
113 283 11 13 0.05016514 
158 302 12 16 0.047383893 
823 295 29 37 0.04675313 
761 256 18 21 0.045511913 
53 293 10 12 0.045304485 
875 324 17 20 0.045267824 
749 263 15 19 0.04463337 
512 330 11 14 0.04346959 
549 347 11 14 0.04311267 
864 322 25 29 0.04263848 
735 303 26 30 0.041969888 
79 311 13 17 0.04152499 
955 234 16 22 0.04120858 
725 334 12 14 0.03821201 
1010 312 14 22 0.03776734 
654 279 24 33 0.037398215 
903 306 29 35 0.037309673 
352 14 12 14 0.0359086 
526 332 10 13 0.035710048 
377 232 9 11 0.034988694 
333 336 23 27 0.034722228 
697 159 10 13 0.034629725 
190 306 19 25 0.034223624 
220 307 22 27 0.03421485 
166 304 10 13 0.034061432 
109 333 13 16 0.03388967 
544 329 22 26 0.03372032 
410 3 15 16 0.033667374 
134 341 12 14 0.033476796 
321 223 9 11 0.033464346 
205 331 13 16 0.033406157 
11 354 13 16 0.03327848 
846 337 13 15 0.032879613 
87 313 20 25 0.03283792 
457 336 22 27 0.032769106 
140 252 11 15 0.03253979 
977 148 11 14 0.03236701 
866 303 23 29 0.032327365 
160 285 10 13 0.032268766 
208 322 25 29 0.032211684 
11 299 11 14 0.032027222 
702 159 11 13 0.03201285 
117 280 9 11 0.0319857 
551 158 10 13 0.03195605 
623 238 22 27 0.031833746 
888 562 33 44 0.03169735 
506 422 8 11 0.030922258 
12 341 14 17 0.030913759 
405 327 10 12 0.030439628 
530 410 15 18 0.030120002 
862 273 13 17 0.02989741 
1001 312 19 31 0.029890358 
295 301 11 12 0.029844679 
390 324 20 24 0.029595222 
640 235 24 29 0.029540192 
93 300 11 14 0.02904389 
12 333 13 15 0.028965985 
158 294 10 13 0.028470807 
542 345 13 17 0.02842612 
131 313 12 16 0.028295806 
358 315 19 21 0.028207285 
219 328 27 31 0.028089223 
405 349 10 12 0.027906038 
45 290 13 16 0.027745163 
39 289 12 16 0.027544271 
428 327 11 15 0.027539453 
228 338 14 18 0.027492763 
204 297 14 19 0.027069204 
79 300 14 16 0.026837122 
661 288 15 20 0.026681036 
912 294 25 31 0.026579954 
722 333 26 34 0.026432844 
824 142 9 11 0.026417147 
1014 341 9 15 0.026346179 
92 307 12 16 0.02632827 
412 276 17 20 0.026202105 
376 243 10 12 0.026185125 
20 347 13 15 0.026057044 
698 358 25 33 0.025593631 
798 340 12 15 0.0253597 
59 344 15 18 0.025055297 
352 270 11 14 0.025014944 
381 231 9 11 0.024634974 
378 320 14 20 0.024596984 
637 193 12 15 0.024233317 
43 278 11 14 0.024224505 
533 356 12 15 0.024024853 
198 293 12 16 0.023838412 
753 257 19 26 0.023787513 
468 334 13 16 0.023703305 
194 294 21 27 0.023628727 
334 325 13 15 0.023565268 
537 339 12 15 0.023554483 
564 299 12 14 0.02351207 
157 252 9 11 0.023456989 
460 314 15 18 0.023456212 
95 202 108 131 0.023332873 
518 331 11 13 0.023331499 
99 309 12 14 0.023078889 
260 274 17 19 0.023063745 
636 279 24 38 0.023038186 
325 224 9 11 0.022940282 
112 325 10 13 0.022878233 
876 335 14 17 0.022684136 
275 187 10 15 0.022662016 
693 260 16 18 0.022371648 
301 349 11 13 0.022126483 
580 300 10 14 0.022109453 
120 382 10 13 0.02206389 
435 329 14 18 0.02199805 
881 330 14 18 0.021974996 
770 333 14 17 0.021971595 
338 333 14 16 0.021959806 
709 163 10 12 0.021800332 
98 316 14 16 0.02179594 
3 309 13 16 0.021771263 
340 324 13 16 0.021688048 
567 305 13 16 0.021669138 
141 275 11 14 0.021468984 
284 395 11 15 0.0214169 
668 263 14 17 0.02140921 
124 299 12 15 0.021306353 
926 294 15 22 0.021304067 
235 346 16 21 0.02116299 
730 311 39 47 0.021136904 
29 365 9 12 0.021069681 
22 355 11 14 0.0209839 
533 348 11 15 0.020800186 
678 334 10 13 0.020774903 
285 312 15 19 0.020735128 
847 279 25 39 0.020731434 
135 271 12 15 0.020666882 
348 363 12 16 0.02054017 
190 300 13 16 0.020460268 
542 356 10 13 0.020421615 
151 301 13 15 0.020412184 
78 297 21 27 0.020363985 
67 345 14 17 0.020313371 
100 301 10 13 0.020195294 
326 325 11 14 0.020182502 
