0_Parade_marchingband_1_552
135
183 381 11 14 0.77501047 
533 372 14 18 0.74332726 
738 380 13 16 0.62802744 
970 385 14 16 0.62261343 
349 373 11 13 0.50356275 
852 396 11 15 0.3716815 
110 398 10 12 0.19146465 
397 387 14 18 0.18188147 
405 381 15 17 0.18064106 
582 380 13 16 0.17339008 
982 388 9 11 0.1727235 
363 397 15 20 0.15932363 
563 322 11 14 0.1453298 
942 389 11 14 0.11734483 
959 386 11 13 0.09203055 
355 375 11 13 0.08798083 
835 399 15 18 0.08578885 
43 361 13 16 0.08454039 
559 365 10 13 0.07617222 
758 385 13 14 0.06373818 
367 477 10 14 0.060482297 
300 393 30 36 0.06032026 
143 365 12 13 0.05934448 
208 402 10 13 0.05648711 
344 369 12 14 0.055089798 
411 382 15 19 0.054906208 
308 373 11 13 0.050840955 
990 387 10 12 0.050738655 
609 358 26 33 0.050327994 
468 360 15 17 0.050245892 
79 387 9 11 0.050049912 
928 387 12 15 0.049853258 
875 428 10 13 0.049686696 
187 383 13 16 0.049504254 
397 384 23 26 0.04898533 
909 423 8 11 0.047896497 
747 379 13 17 0.047751658 
574 380 16 18 0.04707 
946 413 9 11 0.047035456 
929 397 10 12 0.045736004 
860 395 11 14 0.045347434 
441 396 11 13 0.045033637 
870 397 11 14 0.042441834 
871 424 11 14 0.041653227 
491 371 12 14 0.041645944 
993 493 11 13 0.04146062 
373 279 9 12 0.041027218 
420 381 11 14 0.040342543 
371 284 11 13 0.039275818 
351 355 12 14 0.038230292 
932 383 11 15 0.038108796 
928 405 8 11 0.036227215 
494 394 12 15 0.035724573 
847 392 12 15 0.03540533 
437 428 11 12 0.03508146 
845 399 15 18 0.03402553 
429 365 10 13 0.03402065 
174 388 12 14 0.03387731 
445 372 11 13 0.03356789 
368 472 11 13 0.033486787 
364 364 12 14 0.03297307 
589 375 11 15 0.03273654 
904 382 8 10 0.032622 
487 367 10 13 0.03229225 
580 380 21 26 0.031902708 
1008 391 12 13 0.031754922 
1013 395 9 13 0.03154698 
870 388 12 15 0.030927576 
912 389 10 12 0.030331114 
439 389 12 15 0.030040298 
548 380 10 13 0.029917762 
927 373 9 11 0.029770223 
949 389 9 13 0.029356329 
613 367 14 19 0.028719062 
917 388 11 13 0.028713396 
688 360 27 33 0.028358351 
864 487 14 18 0.028093584 
373 399 11 15 0.028089764 
212 400 9 11 0.027742177 
911 384 8 11 0.027447289 
480 388 12 15 0.027286505 
777 294 25 29 0.027132362 
176 375 12 15 0.026182197 
895 383 8 10 0.026099298 
921 408 9 10 0.026004093 
734 382 20 23 0.025916712 
926 366 10 11 0.025524769 
392 394 12 15 0.025235351 
596 379 11 15 0.02520741 
539 383 14 16 0.025057852 
476 357 12 15 0.024865113 
138 362 23 27 0.024862263 
876 398 9 13 0.024505284 
924 382 20 25 0.024479836 
274 331 25 26 0.024351887 
959 381 21 25 0.024287263 
888 428 8 11 0.024264026 
147 370 12 16 0.02395058 
73 381 12 15 0.023674307 
564 364 10 13 0.023592398 
159 405 9 10 0.023239478 
344 376 14 17 0.023186246 
500 388 12 16 0.023034077 
115 397 11 13 0.022821732 
177 376 18 23 0.022611778 
38 366 15 19 0.022456856 
484 369 23 25 0.022420203 
365 391 11 15 0.022351895 
967 387 21 23 0.022249073 
359 365 11 14 0.022062303 
552 363 12 14 0.021850267 
167 421 10 13 0.021844752 
619 362 16 20 0.021837499 
488 386 22 27 0.021777611 
33 357 12 14 0.02173407 
301 379 27 34 0.021633575 
672 373 10 13 0.02149222 
398 374 11 13 0.021478683 
839 391 10 14 0.02145915 
959 376 10 12 0.021371875 
197 398 12 15 0.021340989 
429 382 10 13 0.021237398 
948 407 10 12 0.021127945 
16 472 7 10 0.021056721 
454 382 11 13 0.021037132 
759 300 37 45 0.020832157 
823 390 10 12 0.020774407 
477 364 11 14 0.020744948 
43 448 18 23 0.020388128 
453 387 13 16 0.0203105 
973 378 11 13 0.020246724 
920 433 8 11 0.020152546 
446 368 10 11 0.020136474 
568 387 12 16 0.020120127 
167 379 9 12 0.020080747 
