0_Parade_marchingband_1_629
258
109 373 12 16 0.97819406 
326 358 9 11 0.9473533 
610 371 12 16 0.93046725 
53 334 10 13 0.9250701 
956 395 16 21 0.91645443 
235 364 11 16 0.9038089 
463 359 9 12 0.8870358 
508 366 13 17 0.83570623 
577 322 11 13 0.8131635 
562 370 12 15 0.8095954 
636 327 9 11 0.80770236 
429 321 8 11 0.79943067 
34 377 12 16 0.77558047 
394 363 9 12 0.7035835 
294 353 8 10 0.6552551 
496 331 11 12 0.6466842 
426 362 10 14 0.57877845 
862 388 12 16 0.57209706 
793 351 10 14 0.5280078 
287 387 9 11 0.49703696 
2 348 9 13 0.49228057 
361 361 9 11 0.49170595 
141 359 9 12 0.4735877 
405 325 9 11 0.46827272 
270 387 9 13 0.44724095 
747 373 14 18 0.40099868 
795 410 15 19 0.3872914 
537 335 9 12 0.3772212 
413 339 15 19 0.3522762 
861 352 11 16 0.22966763 
714 335 8 10 0.20220809 
567 345 15 17 0.17117886 
636 356 14 17 0.16441326 
722 351 9 12 0.1571204 
509 392 10 13 0.15706795 
648 373 12 16 0.15664625 
718 386 16 20 0.14702334 
562 327 8 10 0.13977318 
567 397 10 12 0.1331431 
331 359 8 11 0.13093722 
505 395 10 12 0.12628247 
253 408 8 10 0.12428655 
477 341 12 14 0.120469324 
535 325 8 11 0.1193499 
801 403 17 21 0.11451918 
741 335 7 9 0.1104884 
138 363 9 11 0.11025504 
789 405 15 21 0.10906198 
791 373 10 16 0.10780173 
587 364 10 14 0.10508731 
630 447 10 12 0.10419422 
486 353 14 16 0.103564054 
421 333 12 15 0.10146556 
293 389 8 12 0.09928607 
582 339 11 14 0.096652865 
281 382 9 12 0.09284613 
304 398 9 9 0.08972569 
530 324 9 12 0.08376028 
469 404 8 11 0.082867905 
814 350 23 33 0.08219351 
406 330 13 19 0.08181193 
728 345 8 10 0.07968223 
271 392 10 13 0.07758434 
440 400 8 9 0.07614886 
824 343 9 13 0.07427262 
929 417 24 27 0.07206715 
775 340 8 10 0.07193323 
481 335 9 12 0.071443915 
710 396 13 17 0.06908774 
345 435 10 12 0.06859217 
867 382 14 20 0.06790498 
207 341 8 10 0.06685848 
127 367 7 9 0.06598906 
571 351 16 19 0.06554498 
128 374 7 9 0.06498527 
280 387 10 13 0.064478114 
78 396 9 10 0.062873274 
795 342 40 50 0.06122844 
309 408 10 12 0.059547827 
336 399 8 9 0.059525296 
319 397 8 10 0.058820076 
343 397 8 9 0.05822839 
839 745 16 18 0.05523344 
152 368 7 9 0.054711524 
753 378 11 14 0.054397047 
565 332 10 13 0.054395135 
329 380 9 12 0.054204494 
312 367 8 10 0.053223245 
546 415 8 10 0.053209238 
226 384 8 10 0.053007092 
69 383 7 9 0.052705437 
466 383 8 10 0.04964965 
311 398 8 10 0.049486943 
736 341 9 10 0.049473334 
734 350 8 12 0.049297526 
333 363 8 11 0.049175967 
968 394 16 19 0.048799973 
481 408 8 10 0.048785944 
493 339 13 16 0.048687678 
480 356 11 14 0.04847144 
642 363 14 18 0.048327945 
483 413 8 10 0.048020344 
594 414 9 11 0.047470357 
292 382 8 14 0.045830064 
433 383 8 11 0.04423637 
488 460 13 14 0.043241978 
578 344 14 18 0.042933956 
429 340 9 13 0.04264299 
587 340 10 13 0.0426241 
429 407 8 10 0.04152814 
779 403 22 28 0.04152721 
428 332 10 13 0.041255668 
295 396 9 11 0.040519636 
438 357 9 13 0.04044592 
290 355 10 12 0.040125284 
713 339 10 12 0.03854244 
102 389 8 11 0.03831029 
856 379 13 18 0.038275793 
162 399 7 9 0.0381615 
696 311 9 12 0.037889622 
398 371 8 10 0.03771633 
360 372 9 12 0.037456553 
418 345 12 17 0.037279624 
821 347 15 20 0.03710607 
812 340 43 52 0.036874335 
461 354 17 23 0.036696747 
431 348 10 14 0.036206845 
575 331 12 15 0.03615031 
706 383 24 27 0.035965554 
842 393 15 17 0.035916 
485 408 9 11 0.035840895 
238 422 9 12 0.035808057 
266 384 9 12 0.035663668 
597 407 8 11 0.03512477 
366 400 8 9 0.0344871 
826 354 13 19 0.034309495 
302 393 9 11 0.034255974 
323 353 17 21 0.034232266 
792 354 22 32 0.03400973 
239 417 9 10 0.033845346 
501 348 10 14 0.033431597 
326 428 8 11 0.03335656 
286 406 9 11 0.03289106 
73 397 8 12 0.032707196 
86 410 10 12 0.03260484 
549 350 10 14 0.03245621 
515 390 11 13 0.03242182 
716 399 14 17 0.031828217 
246 390 7 11 0.03172515 
485 342 11 13 0.03150325 
294 372 9 12 0.030949164 
695 391 24 27 0.030676767 
423 383 7 10 0.030568708 
121 399 7 9 0.030318545 
320 375 8 10 0.030046718 
424 406 9 11 0.030018117 
73 390 8 11 0.029813604 
409 451 11 13 0.029808016 
570 355 20 26 0.029796258 
295 366 9 11 0.029742075 
512 342 9 13 0.029492352 
313 360 8 11 0.02946739 
566 415 9 11 0.029388595 
853 345 19 28 0.029325897 
873 523 34 34 0.029247407 
542 348 13 17 0.029111072 
791 346 18 24 0.029095566 
159 368 8 10 0.029024333 
153 372 7 10 0.028878732 
392 383 10 12 0.028771646 
846 409 12 16 0.028626392 
486 334 9 12 0.028584601 
191 415 9 10 0.02839701 
789 366 20 28 0.028233385 
312 372 8 11 0.027873332 
478 349 21 26 0.027618386 
467 362 10 13 0.02761164 
414 326 10 14 0.027499966 
474 343 10 14 0.027459495 
562 396 11 14 0.027224194 
693 387 15 17 0.027168285 
121 360 9 11 0.02713487 
637 367 15 18 0.026919736 
741 340 9 11 0.026888695 
151 406 8 10 0.026628532 
319 363 9 12 0.026391095 
286 375 10 13 0.026303584 
581 358 19 25 0.02624513 
501 316 12 15 0.026221054 
228 388 9 11 0.025845094 
671 400 9 11 0.025458675 
359 381 7 10 0.025341816 
167 368 7 9 0.024888914 
183 282 13 17 0.024675557 
852 411 13 15 0.02466558 
561 391 10 11 0.024655325 
566 402 9 12 0.024584537 
735 356 9 11 0.024493184 
365 373 9 10 0.02429992 
873 386 12 17 0.024021503 
407 406 8 9 0.024006942 
744 368 12 15 0.02380717 
45 423 8 10 0.023727838 
795 397 18 23 0.023697352 
806 340 9 13 0.023489898 
736 372 12 15 0.023486115 
573 390 10 13 0.023273777 
50 330 17 21 0.023240184 
833 338 41 52 0.023179343 
494 326 17 22 0.023122301 
800 414 17 19 0.023080155 
541 321 8 10 0.023061875 
769 405 23 30 0.022954216 
391 405 9 10 0.022934103 
0 316 8 12 0.022877173 
160 383 8 11 0.022828173 
143 354 8 10 0.02282177 
320 381 8 11 0.02271584 
107 370 8 11 0.022657407 
651 366 14 18 0.022587752 
479 391 8 10 0.022423035 
282 382 19 24 0.02238079 
437 351 9 12 0.022360949 
738 329 7 10 0.022297878 
49 338 12 13 0.022128845 
333 376 8 10 0.022110526 
630 359 17 19 0.021992702 
369 436 22 28 0.02198176 
534 366 13 16 0.021965714 
637 371 22 27 0.021956097 
698 378 17 18 0.021804836 
517 342 9 13 0.021610403 
830 343 25 34 0.021482373 
319 405 9 12 0.021448378 
836 352 15 19 0.02129159 
564 376 12 14 0.02127627 
761 303 7 9 0.021205131 
152 401 7 9 0.021184435 
561 415 10 11 0.021178722 
792 345 10 13 0.021117492 
770 342 8 10 0.021102792 
837 396 22 29 0.0210233 
636 388 14 17 0.020978 
550 341 10 14 0.020951482 
115 378 10 13 0.020926055 
696 335 8 10 0.020818133 
494 315 12 15 0.020729832 
853 373 14 18 0.02061799 
553 430 10 13 0.02057681 
545 420 8 10 0.020480035 
742 327 8 11 0.020474626 
562 404 9 11 0.020433994 
444 363 11 14 0.020431561 
367 405 9 10 0.0204303 
713 348 10 13 0.020336619 
167 373 8 11 0.020225706 
144 372 9 10 0.020152068 
135 372 8 10 0.020059813 
