0_Parade_marchingband_1_149
99
441 374 30 38 0.99955696 
712 389 29 34 0.99917716 
279 386 28 34 0.9989254 
808 240 24 31 0.9988489 
664 236 24 31 0.9985166 
526 384 27 35 0.99834037 
211 233 24 31 0.9978782 
371 381 26 35 0.9974444 
631 379 26 31 0.99740833 
226 314 22 29 0.9971004 
534 223 23 30 0.9970204 
352 238 24 30 0.9967319 
673 318 23 29 0.9959175 
600 242 23 27 0.9958391 
309 315 24 29 0.9950858 
474 234 22 26 0.994493 
601 323 23 30 0.9944112 
536 301 24 29 0.9937926 
281 231 23 28 0.99187684 
465 305 22 27 0.98910284 
728 240 25 29 0.98885226 
391 309 23 29 0.98431104 
406 225 21 27 0.9820587 
783 315 24 27 0.95647115 
310 264 25 25 0.85566986 
241 261 27 30 0.70276874 
703 270 23 26 0.60397625 
437 265 22 26 0.4649705 
565 412 15 18 0.36999983 
561 285 26 33 0.22085795 
624 269 23 28 0.08724067 
666 409 25 28 0.076341726 
269 290 24 29 0.06789381 
449 298 24 31 0.06779902 
351 312 28 33 0.060684483 
333 306 13 17 0.06027122 
336 342 21 26 0.05951882 
199 346 25 30 0.05812507 
737 358 18 21 0.055423476 
576 217 16 21 0.05381988 
624 476 17 17 0.051423367 
289 348 21 26 0.050518222 
499 263 23 26 0.0487265 
382 272 24 31 0.046784446 
271 343 21 25 0.04676413 
556 262 21 27 0.046372607 
560 402 22 29 0.04495694 
566 264 25 32 0.040510643 
601 397 23 29 0.0380484 
237 443 29 32 0.037716247 
426 252 13 18 0.037663452 
313 376 23 26 0.037576687 
919 108 16 18 0.03628366 
630 363 24 30 0.0350898 
552 293 25 29 0.034988195 
603 410 18 23 0.03479017 
532 238 421 472 0.034436088 
280 345 22 26 0.033756867 
462 292 23 28 0.033011924 
209 351 23 29 0.032773003 
414 326 20 28 0.03272242 
469 398 23 31 0.0322551 
279 300 27 31 0.032176696 
220 354 16 23 0.031916328 
635 358 14 18 0.030713763 
185 308 15 18 0.030504392 
440 363 25 32 0.030400451 
439 296 24 29 0.02993795 
495 321 22 32 0.029863885 
264 274 25 32 0.029201904 
315 388 24 28 0.029001385 
311 276 27 31 0.028796861 
315 307 26 30 0.027951004 
829 325 10 13 0.027754271 
549 255 15 20 0.02761675 
342 336 25 29 0.027486244 
188 289 14 17 0.02687882 
388 285 22 26 0.026123185 
252 316 14 18 0.026106836 
384 351 21 26 0.025862731 
165 233 16 20 0.025264295 
555 277 25 32 0.025135469 
385 297 25 31 0.025000194 
440 353 22 28 0.024220984 
190 338 27 32 0.02380518 
392 264 21 30 0.02366195 
405 267 14 18 0.023518289 
319 266 26 30 0.023273554 
355 326 20 22 0.022690088 
458 282 23 29 0.022152055 
829 319 11 13 0.022122443 
579 268 18 23 0.021758921 
179 330 15 19 0.021538867 
241 273 20 26 0.021472191 
447 276 25 32 0.021317791 
772 276 24 29 0.021296961 
621 278 17 23 0.021113439 
182 322 27 29 0.020197578 
870 32 34 41 0.020144055 
