0_Parade_Parade_0_286
142
958 552 65 83 0.9937576 
531 546 19 23 0.9438048 
460 527 15 22 0.6850301 
617 596 105 115 0.6568666 
584 561 23 29 0.6051318 
900 528 18 21 0.5106466 
344 504 23 28 0.48998928 
511 537 14 18 0.33666992 
582 526 12 14 0.29493034 
507 421 9 12 0.21879466 
903 518 15 17 0.19554314 
82 522 17 19 0.19073562 
959 498 14 18 0.17168505 
0 510 44 66 0.17029555 
453 524 16 23 0.14628512 
285 578 29 39 0.13297085 
59 501 14 17 0.13031031 
943 504 13 15 0.12940447 
523 537 20 27 0.12267924 
576 342 7 10 0.11797414 
623 501 11 15 0.11557051 
309 466 37 39 0.099383116 
453 491 10 12 0.0988682 
564 522 10 13 0.09601493 
898 524 29 33 0.08842676 
447 526 15 20 0.08591037 
79 548 22 35 0.08443339 
520 508 11 14 0.08255066 
501 337 9 12 0.080285184 
541 573 28 41 0.078980014 
611 514 11 14 0.07894779 
972 508 15 17 0.06938114 
822 566 56 80 0.0636606 
52 493 13 16 0.06300074 
898 527 52 65 0.06266682 
651 510 9 12 0.062049206 
468 533 13 19 0.061958496 
596 516 10 13 0.0582948 
486 493 9 12 0.055328023 
512 535 23 29 0.053332437 
49 496 21 26 0.0517353 
964 503 16 20 0.051214557 
474 467 11 14 0.04866347 
598 524 10 13 0.047973957 
462 480 8 10 0.04594735 
549 537 15 19 0.04497488 
464 486 7 10 0.044886094 
596 559 12 15 0.044450857 
517 339 10 14 0.04262525 
618 500 10 12 0.04188865 
668 525 32 34 0.041881725 
576 561 15 19 0.039858513 
488 488 8 11 0.039858483 
536 514 11 14 0.03968528 
558 511 12 15 0.038857274 
578 531 11 15 0.038250435 
586 529 13 15 0.037850276 
341 360 12 15 0.037485976 
552 585 24 35 0.037439227 
458 477 8 10 0.03583462 
579 537 14 16 0.03570527 
-3 535 49 77 0.035687968 
540 512 9 12 0.035437915 
897 532 12 16 0.034907963 
542 534 11 14 0.034680516 
938 513 19 22 0.03371688 
571 558 38 45 0.03370508 
0 501 36 43 0.03295897 
476 530 13 19 0.032601226 
963 183 12 13 0.032385316 
842 557 82 107 0.03161315 
454 520 12 15 0.031352308 
585 333 7 9 0.031142827 
695 168 9 10 0.030653747 
557 516 20 25 0.030438298 
934 539 55 72 0.02996629 
525 469 10 13 0.029892134 
276 548 30 46 0.02946389 
936 464 10 13 0.029463826 
473 556 12 16 0.029462764 
853 507 27 36 0.029460652 
232 544 30 38 0.029450392 
504 538 15 18 0.029266266 
308 480 47 55 0.028831955 
1 580 44 63 0.028718708 
951 468 12 13 0.028552497 
133 -9 233 207 0.027714225 
973 448 10 14 0.027583469 
941 502 20 25 0.02723429 
467 512 15 22 0.026973847 
576 358 8 12 0.026923861 
0 574 26 40 0.026688766 
731 442 46 57 0.026648661 
72 560 45 59 0.026577 
512 463 8 11 0.02640075 
470 486 9 11 0.025708476 
752 327 9 12 0.025631016 
329 499 33 40 0.02533448 
462 516 14 20 0.025010007 
454 471 8 10 0.025004692 
588 352 12 16 0.024393296 
489 477 9 12 0.02433271 
575 502 11 13 0.02432916 
437 519 10 14 0.023964792 
879 465 34 42 0.023961794 
21 476 47 56 0.023855127 
606 509 20 27 0.023725474 
959 187 15 16 0.023552421 
577 520 19 25 0.023456605 
541 160 9 11 0.023288121 
470 502 10 14 0.023225402 
593 341 9 11 0.023199983 
511 529 13 16 0.023111664 
16 503 49 64 0.022842364 
469 519 22 33 0.022681717 
900 528 77 102 0.022452533 
617 497 21 27 0.022347543 
549 599 13 19 0.022288438 
704 440 25 31 0.022190498 
524 503 9 12 0.022049485 
512 335 10 13 0.022039847 
550 560 27 39 0.022019818 
606 524 10 13 0.021875931 
896 504 48 58 0.021679768 
829 177 9 11 0.021565387 
445 477 9 12 0.021400986 
968 505 24 30 0.021329563 
620 526 12 17 0.021320976 
950 503 27 32 0.0212874 
517 503 19 24 0.021208659 
926 513 31 38 0.021179045 
10 543 29 44 0.021103982 
622 493 13 17 0.020789497 
479 487 10 12 0.020570131 
591 513 12 14 0.020482525 
340 350 12 17 0.020340124 
505 426 11 13 0.020314718 
511 468 9 12 0.020251742 
905 508 26 30 0.020186322 
537 531 20 27 0.020178633 
607 499 9 11 0.020043684 
854 168 9 10 0.020039879 
