0_Parade_marchingband_1_1045
221
660 267 31 41 0.99844295 
88 260 34 49 0.9936904 
942 259 41 56 0.99275076 
282 295 24 33 0.9671853 
586 254 29 42 0.967003 
356 293 21 26 0.914143 
181 316 21 26 0.8873403 
503 305 18 21 0.8720143 
438 304 15 20 0.808688 
384 299 16 19 0.7533397 
149 320 14 20 0.73900026 
202 322 13 19 0.73230845 
468 293 13 16 0.651726 
756 307 15 18 0.63832915 
420 308 11 13 0.61194265 
776 298 12 15 0.58037645 
693 257 21 29 0.54021496 
0 312 14 23 0.46484736 
212 307 12 17 0.42239404 
332 308 10 13 0.4026871 
484 310 13 16 0.33357587 
238 316 12 16 0.32894793 
465 317 10 14 0.2963121 
395 268 11 15 0.23126991 
314 287 10 13 0.21633643 
943 193 27 32 0.20480563 
463 296 13 17 0.20234384 
140 325 17 21 0.19826442 
244 315 11 16 0.19653091 
777 326 10 13 0.1615628 
57 290 15 20 0.15662229 
596 307 15 17 0.15170059 
233 285 10 15 0.14846137 
844 308 12 16 0.1480127 
307 300 13 19 0.12847184 
446 261 16 21 0.1282877 
292 298 19 26 0.12552285 
271 300 26 30 0.11291621 
220 245 9 12 0.11090632 
407 279 10 13 0.10718578 
791 301 10 14 0.1029059 
213 311 15 21 0.10202402 
236 291 12 17 0.09488706 
328 302 12 15 0.09417931 
680 258 25 32 0.093171075 
138 306 15 18 0.08813756 
245 299 12 17 0.08541406 
884 318 10 13 0.08220274 
173 237 14 17 0.07789666 
883 323 12 17 0.07564198 
533 296 12 15 0.073624626 
144 398 10 13 0.073177084 
269 306 17 21 0.06985746 
512 307 13 16 0.069673605 
437 351 10 12 0.068392456 
229 259 9 13 0.06621186 
584 290 30 35 0.065000065 
365 259 10 13 0.06357277 
880 317 10 12 0.06334846 
300 276 10 14 0.063099675 
12 296 11 13 0.06173794 
813 279 8 11 0.06133967 
865 326 8 12 0.060223576 
484 279 13 15 0.060097024 
462 308 12 15 0.059003912 
780 324 11 12 0.058586244 
634 33 14 18 0.057313137 
415 280 9 11 0.057143286 
348 257 13 16 0.056540966 
329 294 10 14 0.055201627 
494 307 16 18 0.05512076 
115 312 17 22 0.054211408 
990 0 11 10 0.053692903 
503 267 13 16 0.052529734 
433 306 13 17 0.05150188 
245 320 14 18 0.05129039 
759 298 18 24 0.050401088 
326 313 13 17 0.050303273 
872 318 9 12 0.050262917 
790 325 9 11 0.04850528 
405 317 13 16 0.047718145 
840 303 11 14 0.04763518 
284 243 14 20 0.04759547 
188 217 14 16 0.0459196 
762 311 12 15 0.04589193 
529 292 12 16 0.045147486 
406 268 11 13 0.045061637 
372 298 13 18 0.043266762 
741 353 12 14 0.042786088 
364 346 11 14 0.04188308 
193 317 18 24 0.041565772 
414 315 11 14 0.041302126 
802 254 8 11 0.041227013 
264 359 25 29 0.04110548 
570 263 31 37 0.04013408 
753 238 11 14 0.040124282 
548 300 26 28 0.038715106 
444 310 12 17 0.03869497 
391 261 13 18 0.038268674 
415 302 12 16 0.03824672 
172 370 15 20 0.0380358 
420 284 10 13 0.037941203 
148 396 11 14 0.037551176 
412 293 11 15 0.03684011 
276 344 17 19 0.036801603 
34 178 39 67 0.036625125 
135 314 16 21 0.036196947 
295 269 11 14 0.035326574 
431 334 11 13 0.035270356 
276 246 17 22 0.03522941 
389 342 10 13 0.035110664 
185 281 12 16 0.034944877 
360 258 11 14 0.034673765 
215 241 11 14 0.034597594 
457 380 9 12 0.034562677 
778 331 12 14 0.034008007 
815 303 9 11 0.03370646 
505 348 11 14 0.033270597 
599 260 29 40 0.03298454 
197 258 14 18 0.03282784 
222 420 16 18 0.03282576 
497 268 10 14 0.032356463 
206 316 18 25 0.0323544 
157 397 11 14 0.032334797 
352 299 15 19 0.03204092 
416 303 19 23 0.031654995 
276 258 14 17 0.03159678 
246 294 19 27 0.031247556 
398 274 11 14 0.031232497 
764 274 12 15 0.031072801 
400 318 11 15 0.031053273 
488 359 10 11 0.030769652 
789 276 10 13 0.03048188 
411 322 11 14 0.030395925 
311 265 13 18 0.030385781 
392 272 11 14 0.030276071 
364 287 15 21 0.030098096 
734 299 9 11 0.029479455 
174 354 15 19 0.029380048 
334 284 12 17 0.029332943 
784 277 10 12 0.029087713 
480 283 10 13 0.028906176 
408 300 10 14 0.028682414 
205 244 12 15 0.028658312 
455 298 13 18 0.028653115 
504 340 12 15 0.028612899 
725 284 8 11 0.028530842 
473 299 14 18 0.02847415 
798 319 9 11 0.02835993 
224 253 10 13 0.028140582 
467 325 11 13 0.028060285 
407 309 10 13 0.027660618 
293 260 11 15 0.027481306 
448 237 8 11 0.02737673 
276 354 17 21 0.026746133 
704 264 15 20 0.026737845 
231 280 19 25 0.026530411 
452 270 14 19 0.02590515 
850 314 12 15 0.02588515 
644 271 30 32 0.025816083 
767 332 9 12 0.025707562 
275 364 16 20 0.02568582 
814 284 8 11 0.025551 
446 248 8 10 0.025499364 
374 269 9 11 0.025034014 
724 320 14 19 0.024934607 
242 302 19 26 0.024917312 
178 374 15 18 0.024862854 
184 277 21 27 0.024577053 
816 325 8 10 0.024520418 
246 328 16 19 0.024465706 
59 282 23 30 0.024448236 
846 324 10 13 0.024300462 
775 320 12 14 0.024242723 
470 334 10 14 0.024124535 
335 239 9 10 0.024022767 
270 345 14 19 0.023999214 
840 334 10 13 0.023887282 
268 248 16 21 0.023799451 
864 319 9 12 0.02341217 
122 307 15 20 0.023052393 
285 255 13 19 0.023049202 
748 264 10 12 0.02304903 
197 415 10 12 0.023035794 
544 259 12 18 0.022968156 
309 286 19 23 0.02288894 
330 289 17 25 0.022801565 
766 325 12 15 0.022675492 
680 203 10 12 0.022191243 
195 219 13 15 0.022131719 
97 210 22 32 0.022058968 
218 317 14 20 0.02202185 
290 249 13 19 0.021910863 
998 308 24 41 0.021827376 
359 269 12 14 0.021763114 
841 313 12 16 0.021741346 
663 339 40 50 0.021739198 
876 320 21 27 0.021687644 
399 284 11 13 0.021544142 
365 363 12 15 0.021481745 
230 318 15 19 0.021264385 
46 293 12 16 0.02126111 
379 312 16 19 0.021109136 
453 315 12 16 0.021043543 
817 319 8 10 0.021015164 
790 319 10 12 0.020919293 
809 272 8 10 0.020908402 
262 310 18 20 0.02086015 
982 231 36 43 0.0208266 
148 308 13 19 0.020777008 
525 238 26 34 0.020696029 
781 304 13 16 0.020625401 
462 338 13 16 0.020610077 
3 301 14 18 0.020605197 
527 287 19 25 0.020341482 
249 314 15 18 0.020306012 
449 340 8 12 0.020292245 
783 286 10 11 0.02028106 
296 271 19 25 0.020280275 
214 239 20 23 0.020109741 
493 277 11 13 0.020084914 
