0_Parade_Parade_0_29
100
543 166 59 68 0.9992545 
316 231 32 40 0.9990965 
980 186 34 40 0.9990361 
239 235 22 27 0.99181443 
802 166 40 49 0.9895131 
161 249 17 20 0.984906 
141 251 13 16 0.96418285 
193 241 21 22 0.9506555 
421 249 21 24 0.89781666 
486 234 17 20 0.8348442 
706 245 16 19 0.7979537 
747 244 15 20 0.761221 
293 243 14 17 0.6791343 
509 243 14 16 0.676681 
120 245 12 14 0.6213831 
670 239 9 11 0.5910229 
689 253 10 12 0.40863824 
358 242 13 18 0.33700514 
-57 283 514 337 0.24984017 
864 230 45 47 0.2402802 
461 252 10 11 0.18986724 
717 222 11 14 0.17784797 
406 242 13 16 0.1758636 
421 223 11 13 0.15482703 
375 252 10 13 0.14098856 
677 238 8 11 0.13206913 
220 252 12 14 0.13106735 
859 231 30 31 0.12568429 
725 219 12 14 0.11485598 
349 237 24 30 0.112059735 
80 229 9 12 0.11077251 
104 253 9 10 0.08804385 
68 240 10 12 0.08254129 
756 239 10 14 0.081263036 
150 229 9 12 0.08112897 
64 244 9 11 0.070682324 
1012 12 10 16 0.070228696 
124 248 10 15 0.069104776 
472 251 9 12 0.06369376 
181 258 11 14 0.063568346 
693 247 11 15 0.06145585 
380 251 9 11 0.06140674 
146 247 12 15 0.05739734 
131 229 10 12 0.052875407 
170 252 11 16 0.051679507 
507 251 18 22 0.050204914 
54 232 8 10 0.046395693 
590 371 153 186 0.046264134 
458 248 9 11 0.04566549 
81 235 9 12 0.045346536 
714 244 10 14 0.045001246 
34 222 17 21 0.044987634 
415 255 24 31 0.043795157 
512 246 17 21 0.039344266 
725 267 8 11 0.03614307 
406 248 14 20 0.035813738 
214 227 13 17 0.03514279 
365 248 13 18 0.035036355 
110 252 10 11 0.034960084 
652 246 10 12 0.03416038 
697 223 8 10 0.03407702 
57 238 8 11 0.03406711 
326 289 23 30 0.0334121 
120 190 9 10 0.03300518 
431 250 14 18 0.032062802 
113 246 9 12 0.03140998 
149 235 12 15 0.031076046 
501 237 18 24 0.030316947 
117 286 11 12 0.029490335 
476 250 11 15 0.02907795 
731 220 10 12 0.029070212 
149 295 12 13 0.027805867 
86 238 10 12 0.027418254 
789 175 30 36 0.026385436 
128 221 9 13 0.026231661 
648 239 9 11 0.025855195 
97 246 9 11 0.025646402 
926 435 93 163 0.02560894 
71 251 9 11 0.025451105 
16 244 9 13 0.025407463 
91 228 13 15 0.025176022 
30 219 15 20 0.024286162 
46 228 9 14 0.024241144 
736 250 13 17 0.023936244 
445 237 10 12 0.023924828 
679 243 11 14 0.023701927 
78 255 8 10 0.023657035 
126 215 9 11 0.023317777 
736 245 23 27 0.023083854 
718 237 10 14 0.022733219 
104 260 10 13 0.022676358 
595 242 18 20 0.022445245 
263 252 12 16 0.021940866 
417 227 11 13 0.021891786 
587 238 31 33 0.021737427 
402 244 11 14 0.02169083 
96 252 9 11 0.021611849 
288 250 12 17 0.021422187 
730 240 48 52 0.020846331 
64 232 8 10 0.020481072 
