0_Parade_Parade_0_639
251
711 78 29 32 0.9978218 
637 579 46 63 0.99755174 
339 206 33 43 0.98647505 
515 162 24 30 0.98515654 
980 537 47 99 0.9697556 
593 103 24 28 0.96109235 
435 271 29 34 0.8897069 
270 200 36 43 0.86997914 
950 421 15 20 0.8566507 
939 408 11 14 0.6010411 
900 565 41 69 0.589049 
289 229 24 29 0.5604797 
840 474 12 14 0.47546443 
968 405 10 13 0.36119255 
578 153 18 20 0.35585707 
882 428 12 14 0.31206897 
421 280 35 39 0.28201786 
512 148 16 18 0.26416996 
867 462 11 15 0.24985512 
929 437 10 13 0.24314226 
762 19 17 21 0.21978645 
936 431 11 13 0.20187525 
981 419 10 13 0.19841655 
1007 421 12 15 0.19375348 
962 481 29 42 0.1898421 
345 590 13 15 0.17290685 
909 413 8 10 0.15363394 
878 555 48 72 0.1521157 
826 434 14 16 0.13799512 
1007 414 10 13 0.1359248 
1013 308 9 13 0.13533759 
1002 399 9 11 0.1331849 
255 179 26 29 0.13052554 
881 424 10 12 0.12816873 
989 398 8 10 0.123531215 
805 437 12 16 0.12183625 
270 268 25 28 0.11826963 
852 252 18 20 0.1180488 
670 453 13 14 0.115766115 
469 131 12 15 0.11559526 
966 400 9 11 0.1115654 
989 406 9 12 0.11113923 
893 511 13 16 0.10836713 
1001 404 9 11 0.10694112 
756 409 13 16 0.10685161 
905 413 8 11 0.106703706 
919 436 9 13 0.100929454 
285 171 12 14 0.09533207 
961 469 24 35 0.09070365 
1005 406 9 11 0.09060098 
1001 382 9 11 0.088047296 
514 153 20 25 0.08801194 
999 420 11 14 0.08730484 
932 442 12 16 0.08460406 
949 458 23 32 0.080749705 
959 537 44 85 0.07868138 
913 435 10 14 0.07788994 
810 55 40 50 0.07427024 
828 467 11 15 0.07380344 
926 415 8 10 0.07232423 
794 74 13 17 0.07106353 
540 245 33 41 0.06938634 
1012 414 9 13 0.06536825 
943 428 11 15 0.06516838 
579 288 18 22 0.06500204 
903 479 12 15 0.06398365 
956 415 13 16 0.063946046 
839 424 8 11 0.063708164 
496 670 11 13 0.06275277 
1002 389 10 12 0.06256194 
1010 426 12 17 0.06250108 
1015 406 8 13 0.06117789 
925 420 10 12 0.061097696 
964 390 8 11 0.06056042 
977 414 9 13 0.060351085 
643 298 14 16 0.057930745 
290 301 19 22 0.05682663 
666 1 29 22 0.05682171 
893 429 10 13 0.05536408 
805 431 10 14 0.05468551 
963 396 9 11 0.05340073 
233 233 13 17 0.05330756 
970 497 28 39 0.050688453 
587 174 15 19 0.05065863 
744 9 34 33 0.049078334 
827 443 12 15 0.048016332 
504 287 26 40 0.047471173 
893 422 10 13 0.04620087 
962 426 13 17 0.04604745 
523 276 25 31 0.04596398 
251 303 32 38 0.045474984 
924 551 48 84 0.044803392 
814 436 11 16 0.043746244 
654 71 38 37 0.04369857 
326 249 15 20 0.043416467 
318 203 12 16 0.04337938 
820 505 16 20 0.0433476 
952 417 10 13 0.043238264 
351 615 17 20 0.042862166 
988 420 12 15 0.04250104 
715 22 12 14 0.04203728 
479 166 9 13 0.041006003 
904 391 7 10 0.040233064 
446 267 28 33 0.040042453 
434 154 17 19 0.039851677 
873 415 8 11 0.039059743 
995 515 13 18 0.03870423 
344 485 9 13 0.038608912 
934 448 13 16 0.03829842 
922 415 7 10 0.03823785 
479 261 25 30 0.03805593 
910 472 11 14 0.037804022 
983 427 11 16 0.03768935 
884 510 21 24 0.037656732 
988 412 10 12 0.03713254 
790 67 23 27 0.03684336 
547 218 15 20 0.03669415 
631 193 13 16 0.03647733 
920 505 12 16 0.03645155 
678 0 23 17 0.03641538 
988 435 11 15 0.035548262 
990 393 8 10 0.0354572 
687 455 11 12 0.035074532 
571 247 13 18 0.034700684 
526 258 34 38 0.034600377 
822 461 13 16 0.034062248 
869 433 12 16 0.03311796 
828 448 15 19 0.03299044 
831 423 10 12 0.032977838 
271 171 26 28 0.032895718 
835 468 19 24 0.032872066 
518 666 10 12 0.032536104 
985 505 25 34 0.032386135 
838 451 10 14 0.032131284 
413 606 18 20 0.03208557 
274 203 22 26 0.031688463 
990 443 11 12 0.03131459 
985 393 9 10 0.031159636 
804 444 15 20 0.031081963 
273 349 38 39 0.031036846 
921 384 9 10 0.030808238 
815 577 54 57 0.030618403 
527 164 16 24 0.03053464 
877 428 20 22 0.030473053 
1016 400 8 11 0.030188762 
704 36 31 36 0.030180821 
578 236 14 17 0.030134587 
612 444 15 19 0.030126344 
960 367 8 10 0.030070212 
941 451 12 16 0.02983731 
730 4 33 32 0.02970266 
333 192 32 35 0.029529696 
270 299 26 30 0.029442834 
783 422 11 15 0.029268889 
878 442 14 17 0.02921525 
895 415 9 11 0.029179292 
817 445 23 28 0.029033538 
724 115 18 23 0.028940428 
537 661 8 12 0.02890472 
81 642 12 15 0.028895905 
715 62 30 39 0.028754003 
926 398 9 12 0.028283263 
648 28 43 52 0.0280002 
811 443 11 16 0.027982634 
586 283 16 22 0.027696999 
789 52 27 32 0.027621355 
617 212 11 13 0.027562728 
526 200 14 18 0.027499622 
512 278 28 38 0.027476262 
621 447 13 17 0.027125785 
836 276 12 13 0.027016366 
964 401 19 23 0.02697769 
583 290 24 32 0.02695917 
781 52 10 13 0.0266336 
936 422 11 13 0.026617533 
754 21 24 31 0.026525157 
273 604 10 12 0.026375577 
808 503 13 17 0.026289256 
510 169 19 22 0.026284277 
916 472 10 12 0.026282001 
962 406 10 12 0.026072623 
540 419 10 12 0.02603649 
667 66 44 49 0.025940482 
964 460 13 18 0.025593393 
1007 408 18 25 0.025135968 
977 381 8 10 0.025134383 
307 235 14 19 0.025095709 
1006 446 12 14 0.02456014 
718 42 34 39 0.024456128 
942 380 9 12 0.024208575 
975 435 10 13 0.023985343 
824 422 10 13 0.023856813 
642 455 10 12 0.023756498 
864 483 11 15 0.023711044 
878 406 9 10 0.023655586 
698 405 23 34 0.023587706 
292 510 21 28 0.023581903 
1010 303 9 13 0.023546413 
651 308 12 15 0.023323221 
887 417 9 11 0.023223085 
924 77 10 13 0.023105968 
898 544 33 59 0.023092227 
974 401 8 10 0.022998381 
608 147 16 20 0.022962335 
866 431 9 13 0.022836715 
961 383 10 11 0.022768361 
263 162 47 58 0.022672066 
269 280 27 31 0.022556158 
587 91 38 46 0.022490941 
927 437 20 25 0.022468874 
964 500 17 25 0.022387454 
636 293 16 19 0.022256449 
725 24 33 35 0.022186168 
580 304 15 21 0.022104703 
999 446 10 13 0.02207987 
369 536 9 12 0.021978963 
1003 480 19 34 0.021935884 
274 184 28 34 0.021843415 
575 229 14 16 0.021829067 
282 166 22 28 0.021809464 
837 491 13 18 0.021690335 
603 432 27 31 0.021653544 
281 265 18 25 0.021548094 
960 359 8 10 0.021498283 
878 416 10 11 0.021446897 
826 461 18 24 0.021400975 
474 130 14 17 0.02132422 
1001 414 11 13 0.021314966 
522 296 16 21 0.021145066 
837 481 13 17 0.021098772 
-50 229 178 261 0.02103958 
344 595 23 29 0.021024428 
756 116 12 16 0.020985343 
307 200 25 30 0.020821042 
474 212 21 29 0.020807942 
916 579 36 61 0.020788264 
707 3 14 15 0.020678066 
712 25 30 36 0.020608373 
365 240 15 22 0.020603985 
663 85 34 33 0.020509701 
844 246 17 18 0.020478098 
943 459 14 20 0.020423258 
449 281 19 26 0.020363929 
457 499 11 16 0.020287836 
636 349 11 15 0.020244913 
873 420 9 12 0.020198332 
942 375 9 12 0.020195268 
296 348 40 38 0.020190474 
808 431 20 28 0.020137541 
929 407 8 11 0.020044062 
764 406 10 14 0.020034036 
