0_Parade_Parade_0_611
70
153 161 30 54 0.99709535 
70 196 26 32 0.9947508 
414 142 37 48 0.9934087 
588 154 37 49 0.99110013 
301 174 40 47 0.99064016 
498 200 23 35 0.9844393 
918 224 13 17 0.95362496 
658 199 14 22 0.77572316 
757 209 13 20 0.6077246 
258 197 24 34 0.42369545 
686 214 11 14 0.40566194 
722 229 11 14 0.39641005 
531 211 15 21 0.35524595 
620 191 15 21 0.33553636 
750 218 14 19 0.18665777 
241 171 15 18 0.17878433 
170 219 17 22 0.13721938 
785 248 9 12 0.114364274 
724 206 12 15 0.114177376 
510 207 25 31 0.10919885 
224 237 24 28 0.07833231 
524 240 17 22 0.06750766 
722 221 13 15 0.06399241 
649 201 19 26 0.05433742 
782 263 8 10 0.053636767 
731 205 13 14 0.04873636 
975 217 8 9 0.048309416 
763 206 12 18 0.046111666 
743 219 15 18 0.045181505 
768 270 9 11 0.04400572 
573 193 12 16 0.04171378 
952 235 9 12 0.04060342 
380 301 29 33 0.03970171 
538 212 13 18 0.037843272 
378 136 15 23 0.036679074 
798 238 9 11 0.03641108 
383 98 38 52 0.03465694 
777 264 10 11 0.034353644 
720 208 13 18 0.034186073 
339 305 28 37 0.03392266 
902 231 9 12 0.033242777 
218 155 13 15 0.032765914 
646 209 15 19 0.031870313 
775 269 9 10 0.03126064 
788 247 9 11 0.029171586 
422 382 48 68 0.028926682 
717 226 19 22 0.027808795 
332 176 29 38 0.027610032 
734 218 13 17 0.027112542 
374 134 12 19 0.025344199 
749 205 16 22 0.025203155 
523 218 22 28 0.025018098 
677 221 25 26 0.024815738 
245 201 26 33 0.024274923 
937 224 8 11 0.023937559 
531 267 13 16 0.023919716 
507 197 14 21 0.02359157 
740 203 13 17 0.023228744 
346 170 29 37 0.022844575 
912 214 10 12 0.022482924 
767 285 11 14 0.022163339 
288 168 16 21 0.021998959 
403 116 15 19 0.021753026 
549 213 12 16 0.021537751 
683 210 18 22 0.021288034 
576 177 13 18 0.020911627 
532 237 22 33 0.02042602 
830 238 7 11 0.020252632 
235 172 23 28 0.0202032 
528 205 13 18 0.02013643 
