0_Parade_marchingband_1_593
741
358 383 9 11 0.7336569 
802 302 7 10 0.7138986 
624 377 8 10 0.675368 
445 347 10 12 0.6593474 
863 335 9 12 0.6569135 
648 302 9 12 0.6383751 
181 331 9 12 0.61045325 
533 292 9 11 0.6044021 
908 349 10 14 0.58638686 
392 377 9 12 0.5769566 
239 307 9 12 0.5687227 
697 347 9 11 0.55121404 
468 380 9 11 0.5412007 
437 287 9 11 0.53379124 
629 311 10 11 0.51440686 
487 308 8 10 0.49868563 
597 347 9 11 0.4922457 
542 376 7 9 0.4900795 
580 303 10 12 0.47666347 
753 328 8 11 0.4667644 
77 343 8 11 0.46073982 
475 341 9 11 0.45636964 
430 376 7 9 0.44231468 
502 293 9 11 0.43403077 
351 359 9 11 0.42396188 
273 303 8 11 0.41305348 
614 301 9 11 0.41078976 
471 312 8 10 0.40997517 
103 332 9 11 0.40185243 
624 337 8 11 0.39944777 
253 320 10 12 0.39443013 
229 359 8 10 0.3942767 
176 303 8 11 0.38442096 
318 321 8 10 0.3815631 
584 378 8 9 0.37820324 
592 285 10 12 0.37249583 
561 288 9 11 0.3724337 
153 336 9 11 0.36994255 
599 364 11 14 0.35297975 
222 321 9 10 0.3512921 
110 310 6 9 0.34750175 
542 326 8 10 0.34102213 
310 352 9 12 0.33826444 
477 336 9 11 0.33528754 
137 308 8 10 0.33271253 
196 351 9 12 0.32851395 
782 326 7 10 0.31897002 
455 302 8 11 0.29851002 
506 376 7 9 0.28449494 
726 352 7 9 0.27790034 
305 304 9 11 0.27207327 
503 288 9 11 0.27021936 
801 325 8 10 0.26740044 
599 317 9 11 0.2624494 
206 304 8 11 0.26197875 
695 310 7 10 0.26151 
373 323 8 11 0.26117358 
653 341 8 10 0.25853825 
405 391 7 10 0.2500138 
761 345 8 10 0.24912594 
438 321 8 10 0.24714842 
405 320 8 11 0.23995858 
504 326 8 11 0.2370623 
125 329 8 10 0.23693673 
533 343 8 10 0.23608847 
265 359 8 10 0.2359639 
598 303 7 9 0.23588224 
269 359 7 9 0.22240375 
565 343 8 10 0.21659452 
722 294 7 9 0.21655679 
773 303 7 9 0.21086249 
593 270 8 10 0.20882066 
800 339 9 11 0.20843853 
176 308 9 11 0.2064774 
127 333 7 10 0.2060657 
535 301 8 11 0.20446223 
213 357 9 11 0.20315625 
345 318 8 10 0.19577943 
360 303 7 10 0.19289273 
632 294 7 9 0.19238131 
661 377 8 10 0.19000965 
632 342 8 10 0.18786906 
677 336 7 11 0.18151613 
402 325 9 10 0.18119073 
519 304 8 10 0.18062496 
141 309 8 11 0.18012884 
762 313 8 10 0.17660715 
141 305 8 9 0.17565838 
502 343 8 10 0.17108911 
519 309 9 10 0.16708466 
703 328 8 10 0.16661744 
157 351 8 11 0.16626197 
792 319 7 10 0.16544554 
360 309 8 10 0.16299282 
181 357 9 11 0.16062216 
376 336 9 11 0.15680036 
397 288 8 10 0.15486057 
305 287 7 9 0.15415989 
456 287 7 10 0.1453447 
271 386 8 10 0.1452186 
710 325 8 10 0.14437596 
210 333 7 10 0.13881414 
560 301 9 11 0.13850392 
230 407 9 11 0.13847752 
273 285 8 10 0.1384495 
567 302 8 10 0.13844816 
647 320 9 11 0.138103 
538 376 7 9 0.13750781 
599 311 9 12 0.13708884 
191 354 9 12 0.13645878 
565 350 8 9 0.1306283 
701 345 8 10 0.13037942 
538 326 8 10 0.12880799 
448 373 8 10 0.12817542 
765 311 9 11 0.12719393 
359 344 7 9 0.12691645 
263 335 7 10 0.12140497 
567 327 9 11 0.120678104 
737 304 7 10 0.12007955 
153 395 9 10 0.119389445 
394 422 8 10 0.11851538 
775 310 7 9 0.117406726 
680 318 8 10 0.116619125 
576 335 9 10 0.11565048 
529 376 7 9 0.11536495 
352 325 8 10 0.11448958 
415 341 7 10 0.11404942 
350 319 7 10 0.113111205 
442 343 10 12 0.11162009 
519 327 9 11 0.11075356 
286 319 10 11 0.11018064 
393 415 8 10 0.10978928 
359 296 8 10 0.10764568 
613 287 8 10 0.107506745 
383 364 9 11 0.10727205 
599 325 9 12 0.1065578 
502 319 8 10 0.105008416 
805 326 8 10 0.10374853 
649 287 8 10 0.1012193 
625 317 9 13 0.10078982 
137 356 8 11 0.099650994 
297 342 8 10 0.097793244 
138 288 7 9 0.09591068 
471 297 8 9 0.09579027 
568 364 8 11 0.09578564 
631 304 9 11 0.09555023 
277 303 8 11 0.09489253 
479 326 8 9 0.094379134 
222 303 8 10 0.094267 
569 319 8 10 0.09326016 
630 337 8 10 0.092902824 
511 352 9 11 0.09221219 
503 312 8 10 0.09203853 
399 292 7 9 0.09189604 
370 321 8 10 0.089926414 
214 352 8 10 0.08974413 
120 319 8 10 0.0892492 
489 351 8 11 0.08906719 
503 300 9 10 0.08819029 
108 327 9 11 0.08813669 
87 343 9 10 0.08811423 
654 319 8 10 0.08678696 
582 319 8 11 0.086353146 
815 333 8 10 0.08632444 
729 321 8 9 0.08629738 
543 332 9 11 0.0855565 
648 349 9 11 0.08493602 
541 321 8 10 0.084679194 
580 351 9 10 0.084523834 
447 327 8 10 0.08416031 
447 367 9 12 0.08407362 
337 327 7 9 0.083410144 
496 344 8 9 0.08285762 
153 353 9 12 0.08277782 
561 350 9 12 0.08258739 
557 356 9 12 0.08198854 
509 377 7 10 0.08198779 
564 294 8 11 0.081079446 
94 342 8 10 0.08095713 
593 302 8 11 0.08051288 
453 358 9 11 0.079650216 
214 334 7 10 0.078893304 
638 342 8 10 0.07885326 
597 295 8 11 0.078655474 
578 308 8 10 0.07842099 
594 344 10 12 0.0784092 
318 351 8 11 0.07830569 
401 303 8 10 0.078194395 
345 313 8 10 0.07802502 
695 294 8 10 0.0776124 
614 308 8 11 0.07742233 
505 271 7 10 0.07711436 
218 319 7 10 0.076906554 
560 327 8 10 0.07674 
593 291 9 12 0.07669082 
528 358 8 11 0.07525559 
406 396 9 11 0.07508967 
309 287 7 10 0.074396856 
358 327 7 9 0.07408704 
433 320 9 10 0.07389691 
800 321 8 10 0.07382748 
312 335 8 11 0.07350679 
527 327 8 11 0.07346984 
466 311 8 11 0.07346523 
632 348 9 11 0.07290886 
513 303 8 10 0.07289556 
680 351 7 9 0.0728635 
143 317 8 10 0.07260806 
726 334 8 10 0.0725995 
250 323 9 12 0.07252841 
215 303 7 10 0.07236679 
653 287 8 10 0.0723287 
437 271 8 9 0.072005615 
448 355 10 12 0.071820684 
575 319 8 11 0.07166232 
231 335 8 9 0.07132592 
430 333 9 12 0.07130446 
497 320 8 9 0.07114054 
478 319 9 11 0.07106479 
254 303 8 10 0.0710455 
283 319 7 9 0.07059689 
574 359 9 11 0.06938552 
729 326 7 9 0.06885042 
890 382 9 11 0.068577446 
326 335 7 10 0.06855472 
651 336 8 11 0.06847703 
410 358 7 9 0.06815341 
741 343 8 11 0.06805254 
225 392 9 11 0.067345984 
680 313 9 11 0.06713007 
577 340 9 12 0.067099035 
232 410 9 12 0.06709063 
321 334 9 10 0.066957824 
498 325 8 11 0.06684335 
414 357 8 10 0.06667584 
721 288 8 10 0.06602963 
208 317 9 10 0.065266 
140 350 10 13 0.06446218 
638 335 8 10 0.06438615 
607 311 9 11 0.06426082 
615 352 9 10 0.06410747 
791 342 8 10 0.06386944 
223 343 8 10 0.06353252 
534 278 7 10 0.06333869 
279 358 7 10 0.06273095 
258 359 8 10 0.062669344 
208 293 7 10 0.062660374 
648 296 9 11 0.062550895 
534 359 8 10 0.062522575 
510 328 8 11 0.062330537 
472 302 8 10 0.062260732 
343 350 7 9 0.06219127 
688 296 7 9 0.062099595 
707 320 8 10 0.061630663 
137 315 9 11 0.06121876 
478 349 9 11 0.060999077 
765 344 8 10 0.06094229 
566 334 10 11 0.06066731 
777 350 8 10 0.060299248 
223 334 9 10 0.06013073 
177 352 8 11 0.060011882 
256 344 7 10 0.059991688 
398 382 8 11 0.059909075 
234 304 9 11 0.059846666 
425 327 8 10 0.059684146 
297 336 7 9 0.05966189 
518 317 9 10 0.05935337 
568 310 7 10 0.057491828 
344 343 8 11 0.05720218 
375 350 8 10 0.057096962 
641 302 8 11 0.05630218 
177 364 9 11 0.056231193 
455 307 9 12 0.05614801 
241 408 9 11 0.05608457 
688 311 9 10 0.056049235 
431 342 8 12 0.05545462 
396 375 8 11 0.05544664 
631 289 9 11 0.055187624 
505 357 8 12 0.054650288 
611 294 10 12 0.054614853 
605 342 8 11 0.054569487 
698 327 8 11 0.054479234 
367 366 8 10 0.0543369 
856 294 8 10 0.05422707 
456 296 8 10 0.053946685 
673 339 9 12 0.05394486 
504 350 8 11 0.05391889 
533 349 9 12 0.053845305 
273 297 8 10 0.053737838 
535 335 9 12 0.053239617 
561 334 8 10 0.053217825 
671 358 8 10 0.05298028 
74 347 9 11 0.052435182 
806 320 7 9 0.052345198 
126 317 8 10 0.05199926 
135 342 8 10 0.051439006 
606 316 8 11 0.051236797 
734 321 8 9 0.051184084 
681 297 9 11 0.051178936 
208 289 8 10 0.051173795 
384 416 8 9 0.051044002 
477 366 9 10 0.050556168 
230 320 7 9 0.050515886 
518 288 8 10 0.050389264 
361 280 7 10 0.05029402 
294 319 8 10 0.050222006 
178 326 11 15 0.05015889 
123 331 8 12 0.05013982 
384 393 8 10 0.04977184 
722 279 6 9 0.04968554 
655 359 9 13 0.0496211 
623 325 8 10 0.049528345 
778 319 8 11 0.049510222 
376 398 7 9 0.049419753 
493 350 9 12 0.049323894 
437 302 9 11 0.04930144 
309 306 8 11 0.04928591 
565 272 8 10 0.049178883 
768 296 8 10 0.049002912 
409 342 8 11 0.04886243 
687 318 8 10 0.04860951 
315 323 8 11 0.047942974 
224 352 7 9 0.04777189 
431 325 9 11 0.04767795 
433 358 8 11 0.047461003 
167 318 10 11 0.04733579 
722 334 7 10 0.04721577 
624 358 9 12 0.047142286 
559 320 7 9 0.047032706 
364 423 8 11 0.046711516 
402 349 8 10 0.046637118 
225 405 11 12 0.046516083 
653 309 8 11 0.046315476 
499 295 8 10 0.04629725 
248 359 7 9 0.04628862 
327 399 9 11 0.04612089 
487 317 8 11 0.045973193 
225 396 11 13 0.045942876 
537 308 9 10 0.045886304 
238 289 8 9 0.04587536 
328 405 9 11 0.04580539 
628 375 8 11 0.045699216 
848 295 8 10 0.045658506 
581 335 8 11 0.045433857 
271 318 8 10 0.045400023 
334 391 8 11 0.04539862 
847 303 8 10 0.045378186 
528 335 9 11 0.045249652 
353 342 8 11 0.044966996 
408 351 8 10 0.044943903 
344 296 7 10 0.044864643 
176 296 9 12 0.04480695 
640 326 8 11 0.04465697 
265 385 8 10 0.044448927 
296 326 7 10 0.044356927 
238 294 8 10 0.044338763 
399 332 9 11 0.044125244 
580 342 9 12 0.044062033 
350 311 9 10 0.043857872 
510 287 8 11 0.04373993 
618 341 8 10 0.04348444 
774 286 7 9 0.043296594 
223 310 8 9 0.04303108 
577 377 8 10 0.042890586 
472 359 9 13 0.042868398 
782 320 8 11 0.04286783 
285 302 8 10 0.04270836 
289 344 7 9 0.042657793 
225 361 9 12 0.04234114 
210 340 8 10 0.042042058 
434 292 8 11 0.041953452 
594 310 9 11 0.041899096 
615 319 9 11 0.041815665 
263 351 8 10 0.04178075 
454 318 8 10 0.041675653 
158 312 8 9 0.04166734 
657 390 9 11 0.04124643 
582 357 9 11 0.040998075 
439 280 8 11 0.04082128 
367 359 8 10 0.040651575 
593 327 8 12 0.040648326 
818 342 8 11 0.040645774 
695 305 8 10 0.040460918 
398 408 9 11 0.040373124 
279 309 8 10 0.04035995 
280 352 7 8 0.04032281 
393 409 8 10 0.040250853 
480 309 8 11 0.039936382 
505 331 9 12 0.039908372 
802 306 8 12 0.039662372 
776 344 7 9 0.03904688 
713 421 7 10 0.039016686 
358 350 8 10 0.03882849 
282 325 8 10 0.038792785 
317 304 8 10 0.03877022 
560 309 8 10 0.038620774 
640 287 8 11 0.03855564 
623 351 8 10 0.038532134 
631 326 9 10 0.038291864 
472 346 11 12 0.038282394 
639 296 8 10 0.038251232 
127 339 9 11 0.038242333 
678 325 8 10 0.038239904 
438 357 10 12 0.038111463 
262 342 8 10 0.0380638 
482 303 8 11 0.038057085 
553 303 9 11 0.03802432 
487 295 8 9 0.03800571 
695 318 8 10 0.037897285 
806 309 8 10 0.037879575 
366 309 8 10 0.037874367 
215 343 8 10 0.037784856 
307 356 9 10 0.03772688 
542 369 7 9 0.037641354 
528 301 8 11 0.037582688 
674 326 8 9 0.03754727 
346 358 8 11 0.037470978 
487 288 7 10 0.037387248 
744 350 8 10 0.03731154 
175 288 7 9 0.03725588 
495 357 8 11 0.037248235 
574 326 8 11 0.037018657 
453 364 10 13 0.036926836 
653 348 9 11 0.036890615 
606 327 8 11 0.036829986 
712 304 8 11 0.036800683 
361 286 7 9 0.03679606 
464 326 8 11 0.03660414 
359 366 9 11 0.036573257 
368 350 8 11 0.036518935 
761 295 8 9 0.036403216 
606 335 8 10 0.0363836 
528 349 9 12 0.036379643 
239 316 8 10 0.036362402 
510 294 8 10 0.036304258 
401 367 8 11 0.036303014 
184 340 7 10 0.036176268 
841 304 8 9 0.036164302 
552 327 8 11 0.036044076 
665 352 8 10 0.03598592 
298 286 8 10 0.035965383 
673 320 8 10 0.0359373 
183 320 10 11 0.035929654 
793 337 8 10 0.035906766 
98 334 8 10 0.035844475 
596 279 10 12 0.035830747 
521 333 8 11 0.035829924 
521 342 7 10 0.035394095 
151 318 7 10 0.035375692 
216 326 8 11 0.035373986 
112 317 8 11 0.035341267 
745 327 8 10 0.03515232 
118 343 9 11 0.03504857 
395 292 8 10 0.03501859 
353 352 8 11 0.035012156 
311 341 8 11 0.03489497 
792 313 8 9 0.034893878 
782 350 7 10 0.034847524 
519 294 8 10 0.034718927 
311 396 8 10 0.034680516 
202 308 9 10 0.034678802 
406 405 11 13 0.034570314 
804 341 8 10 0.034479152 
597 264 9 11 0.034418005 
338 350 7 10 0.03437863 
653 294 8 11 0.033988576 
301 343 8 10 0.03380809 
735 349 8 11 0.03377053 
551 332 8 11 0.033625707 
353 303 7 9 0.033587154 
584 288 8 10 0.033440147 
559 366 8 11 0.0334266 
320 392 7 9 0.03338831 
144 325 8 10 0.03337373 
358 377 9 11 0.03334975 
146 335 8 11 0.033348046 
814 312 8 9 0.033337213 
401 395 9 10 0.03301968 
277 279 9 12 0.03286248 
525 310 8 10 0.03282329 
279 296 8 10 0.032776676 
224 412 9 11 0.032765508 
536 367 7 9 0.03276489 
589 376 8 10 0.032674175 
756 331 9 10 0.03264607 
423 359 8 10 0.032611895 
777 357 9 10 0.032472275 
461 287 8 10 0.032457236 
542 310 7 9 0.032436065 
354 387 9 12 0.032342914 
629 359 9 12 0.0320594 
480 296 7 9 0.031822357 
799 296 17 24 0.031808242 
619 336 8 10 0.031743318 
88 317 8 10 0.031653527 
817 348 8 10 0.031615462 
174 314 10 12 0.03142371 
166 324 10 12 0.031416804 
698 332 8 10 0.031264905 
824 319 8 9 0.031243175 
99 328 7 10 0.031232525 
425 333 9 11 0.031121084 
207 375 9 11 0.031051777 
864 345 11 13 0.031042373 
336 359 7 9 0.030919917 
616 356 9 12 0.030881777 
447 381 8 10 0.030863812 
455 335 9 11 0.030857848 
244 407 9 11 0.030806538 
665 358 8 11 0.030781254 
569 375 8 10 0.030764442 
191 344 7 9 0.030704988 
438 366 10 12 0.030540843 
725 286 7 10 0.030523563 
405 385 8 10 0.030509254 
494 302 8 10 0.030509008 
255 311 9 11 0.030317668 
649 391 7 10 0.030257363 
477 358 9 12 0.030215288 
566 277 7 10 0.030128846 
88 312 8 10 0.030103108 
224 277 8 10 0.030037742 
905 344 10 13 0.029970206 
454 327 8 11 0.02994337 
345 302 7 9 0.02992263 
746 358 8 10 0.029911954 
713 359 8 10 0.029786471 
394 334 7 10 0.029701153 
78 337 10 13 0.029685875 
321 397 8 10 0.02964188 
633 399 8 10 0.029585226 
454 341 9 11 0.029536873 
159 317 9 11 0.029346453 
169 407 7 10 0.029277898 
720 300 9 11 0.029202873 
463 303 7 9 0.02909481 
104 319 8 10 0.029027384 
451 302 8 11 0.029021194 
367 304 8 10 0.02896322 
390 360 8 10 0.028821774 
198 374 9 12 0.02876618 
391 396 8 10 0.02871338 
171 302 8 11 0.02858225 
405 366 9 12 0.028542249 
520 357 8 11 0.028532147 
582 324 8 11 0.028450012 
380 335 9 11 0.028355246 
326 351 7 10 0.028345406 
513 310 8 10 0.028341452 
767 327 8 9 0.028283674 
751 351 9 11 0.028276345 
551 352 9 13 0.028145917 
231 272 8 9 0.028126158 
519 351 8 11 0.02811995 
854 304 9 10 0.028072022 
387 381 8 10 0.02806173 
581 295 10 12 0.027987389 
151 328 8 10 0.0279508 
165 351 9 11 0.027866052 
327 392 8 10 0.027861755 
256 349 8 10 0.02782933 
231 262 8 9 0.02779172 
265 286 8 10 0.027787121 
129 313 7 9 0.027706299 
246 303 8 11 0.02768519 
440 332 8 11 0.02759352 
529 380 8 10 0.02755635 
280 343 8 10 0.027459018 
262 319 8 10 0.02743757 
701 391 9 11 0.027429903 
249 349 8 10 0.027422387 
134 335 8 11 0.027387563 
358 319 8 9 0.027315332 
624 295 9 10 0.027214646 
369 343 7 9 0.027166726 
441 339 18 22 0.027142163 
180 302 8 11 0.02704795 
695 289 8 10 0.026913716 
152 312 7 10 0.026890049 
831 311 7 9 0.026782937 
400 344 9 11 0.026766887 
432 350 8 11 0.026725823 
726 278 7 10 0.026605207 
230 326 8 9 0.026570888 
424 390 9 12 0.026401425 
693 414 8 11 0.026370335 
433 301 8 12 0.02620893 
671 353 7 9 0.026205553 
785 344 7 9 0.0261901 
286 312 9 10 0.026096515 
620 380 8 11 0.026060892 
533 272 9 11 0.02605378 
373 304 8 10 0.02601677 
464 295 7 10 0.025971092 
366 285 7 10 0.025953766 
463 351 8 10 0.025928821 
696 339 17 23 0.025872147 
633 405 9 10 0.025769943 
367 400 7 9 0.025762223 
495 310 7 11 0.025648497 
619 376 8 10 0.025629546 
191 344 18 24 0.02543921 
462 334 10 11 0.025431227 
454 373 9 12 0.025406135 
358 425 10 13 0.025390048 
208 240 212 247 0.02535951 
408 334 8 10 0.025358014 
258 364 8 10 0.025357554 
287 350 7 9 0.025324378 
233 288 8 10 0.025271632 
759 379 10 12 0.025112392 
599 382 8 9 0.02510616 
607 280 10 11 0.025059342 
448 320 7 10 0.025058433 
857 289 9 10 0.025034819 
792 324 8 10 0.025017887 
214 294 8 10 0.024958607 
181 310 8 10 0.024926784 
326 341 8 11 0.0248717 
285 297 9 10 0.024860645 
728 302 7 9 0.024852635 
224 272 8 10 0.024801932 
499 375 7 9 0.024794316 
207 365 9 11 0.024779014 
494 262 9 10 0.02477795 
668 413 9 11 0.024736784 
663 312 8 10 0.024724524 
392 392 8 10 0.024661995 
297 294 7 10 0.024601702 
593 365 9 12 0.024573032 
270 363 8 10 0.024496356 
720 318 7 10 0.024357215 
639 375 8 10 0.024356985 
254 279 9 10 0.02428293 
505 279 8 10 0.024269829 
344 324 8 10 0.024231195 
199 366 9 10 0.024226936 
466 316 8 11 0.024209976 
576 298 18 22 0.024207544 
88 348 9 11 0.024202745 
95 318 7 9 0.024198096 
743 333 9 12 0.024173833 
355 378 17 22 0.024164261 
234 294 8 10 0.024146339 
695 396 11 13 0.024086563 
370 334 8 11 0.023979869 
486 384 8 9 0.02395039 
711 343 8 11 0.0239498 
642 319 8 11 0.023904702 
394 272 7 11 0.023831967 
672 365 9 11 0.023818847 
702 398 9 11 0.023740752 
365 280 8 10 0.023739213 
141 405 9 13 0.023733912 
249 278 8 10 0.023730578 
562 279 7 9 0.023635762 
143 341 9 11 0.023615938 
592 333 9 11 0.023577033 
166 343 8 9 0.023517834 
200 335 8 10 0.023502382 
624 303 9 10 0.023489665 
473 329 18 23 0.023434356 
400 359 8 10 0.023417797 
199 343 7 10 0.023343125 
544 351 8 11 0.02333516 
387 374 9 13 0.023299245 
157 339 8 11 0.023286067 
640 279 9 10 0.023233386 
616 325 8 11 0.023232033 
711 310 8 10 0.023194592 
712 254 8 9 0.023059392 
344 335 8 10 0.022997595 
415 351 8 11 0.022874275 
149 329 18 24 0.022848358 
449 286 8 11 0.022840098 
529 272 9 10 0.022802696 
247 333 8 10 0.02275555 
750 322 18 23 0.022739619 
224 262 8 9 0.022727948 
486 334 8 11 0.022585947 
540 303 9 11 0.022581287 
394 279 7 10 0.022546308 
687 326 9 10 0.022487294 
719 312 8 9 0.022463111 
689 303 8 9 0.022450501 
143 293 7 9 0.02229474 
770 287 7 9 0.022271296 
593 317 9 11 0.022211788 
334 382 9 11 0.02214254 
806 334 9 11 0.022087071 
353 375 8 11 0.02208388 
368 314 18 24 0.022066973 
296 348 9 11 0.022037752 
358 358 7 10 0.021985997 
398 272 7 10 0.021890078 
166 356 9 12 0.021839537 
822 342 8 11 0.02183818 
473 325 8 10 0.02164392 
463 371 17 23 0.021637974 
362 442 9 13 0.02161018 
782 312 8 9 0.02159688 
302 327 7 10 0.021566872 
363 382 10 12 0.02153342 
672 286 8 9 0.021516839 
303 334 7 11 0.021408202 
210 353 8 10 0.021407511 
503 264 8 10 0.021393439 
216 271 8 10 0.021373384 
671 373 8 11 0.021305764 
527 319 8 10 0.021303557 
496 392 8 10 0.021267202 
166 334 9 11 0.021234743 
305 294 8 10 0.021197828 
606 373 8 11 0.021150446 
338 320 7 9 0.021069635 
295 358 8 9 0.021066386 
861 293 10 10 0.020988006 
638 348 9 12 0.020948665 
426 320 7 10 0.020877242 
214 310 8 9 0.020814257 
296 279 8 11 0.020765038 
230 277 8 10 0.020762509 
600 332 8 11 0.020747773 
511 343 7 9 0.020663757 
327 358 7 9 0.020652186 
669 391 8 11 0.020632561 
638 398 8 10 0.020604677 
577 296 9 10 0.020480795 
689 407 8 11 0.020433472 
262 326 8 11 0.020412091 
721 396 9 12 0.020388177 
248 262 8 10 0.020382512 
489 262 8 10 0.020374343 
455 281 9 11 0.020366982 
721 273 7 10 0.020327577 
499 288 7 10 0.020306783 
522 376 7 9 0.020251421 
214 287 8 10 0.020189479 
397 279 8 9 0.020113045 
589 280 18 23 0.02003216 
238 271 9 10 0.020001894 
