0_Parade_Parade_0_429
60
392 230 114 145 0.99994457 
607 240 96 124 0.99988735 
149 264 109 125 0.9998833 
79 242 17 20 0.4726039 
26 247 17 21 0.39817908 
117 52 24 30 0.398071 
174 108 16 20 0.39588705 
18 115 17 21 0.30690756 
9 51 24 29 0.2582617 
72 114 16 20 0.2079272 
25 177 16 20 0.19995843 
885 65 14 17 0.17082751 
181 134 12 15 0.15876491 
76 176 16 19 0.14886217 
113 1 24 20 0.13264401 
229 112 15 19 0.11729502 
67 44 16 21 0.10994002 
73 69 15 19 0.10313047 
122 118 23 29 0.09630438 
173 54 22 28 0.0839093 
82 300 16 20 0.07317893 
162 -1 21 18 0.06957958 
349 9 28 26 0.06725467 
129 176 16 21 0.06397112 
30 304 17 21 0.063283056 
493 131 12 14 0.05640926 
514 152 25 31 0.048984665 
66 55 22 28 0.047257002 
175 131 21 26 0.04506997 
362 0 19 18 0.0430921 
353 19 20 22 0.041361634 
879 107 15 20 0.041014977 
118 43 16 19 0.040848948 
892 141 10 15 0.038563732 
763 754 15 15 0.038449973 
230 182 22 28 0.036970727 
885 111 16 19 0.034702446 
884 101 13 17 0.033999585 
333 6 28 27 0.032377794 
341 12 27 32 0.02949958 
330 5 17 19 0.029154409 
61 61 14 17 0.027615294 
173 44 18 22 0.027491283 
721 140 9 11 0.027246963 
614 30 10 13 0.026600225 
33 187 14 18 0.026487678 
885 206 11 13 0.025707094 
54 64 12 17 0.02452909 
27 238 15 19 0.023337431 
872 94 10 13 0.023161804 
186 131 13 17 0.023037253 
878 99 14 18 0.022582917 
877 92 13 15 0.021930093 
16 44 17 21 0.021777311 
339 6 15 15 0.021011777 
377 24 45 51 0.020704845 
430 15 12 15 0.020506553 
704 31 8 11 0.020276092 
886 164 12 16 0.020255325 
225 52 17 20 0.020112323 
