0_Parade_marchingband_1_359
207
732 114 56 64 0.99954224 
165 168 36 43 0.99708897 
909 119 22 29 0.99454004 
862 149 28 30 0.99049336 
481 193 15 18 0.989945 
609 186 18 23 0.97129077 
308 192 14 20 0.97103477 
413 195 14 18 0.96841854 
504 193 12 15 0.8492351 
245 197 11 15 0.84565914 
1009 119 16 25 0.6206945 
1 215 14 19 0.55215937 
272 196 11 14 0.51716316 
453 211 10 12 0.42962593 
140 202 19 20 0.4086873 
361 198 10 14 0.35884848 
565 217 14 16 0.32330403 
53 209 16 20 0.29382518 
67 171 17 20 0.28911185 
956 161 14 19 0.28603825 
450 206 10 12 0.28018627 
124 165 22 28 0.26640698 
392 205 9 11 0.23097345 
451 198 9 12 0.21735439 
496 185 7 10 0.2083548 
689 180 11 13 0.1950629 
264 197 11 14 0.1856059 
375 212 10 13 0.18014741 
464 206 9 12 0.17590329 
432 199 9 12 0.17177384 
568 191 9 11 0.15136671 
145 206 19 22 0.14373486 
645 192 8 10 0.13803656 
585 200 8 11 0.13691302 
933 130 13 17 0.13228428 
965 134 11 15 0.13059376 
382 214 9 12 0.12898701 
558 206 9 10 0.12671047 
46 219 15 18 0.12655212 
241 192 10 13 0.11000737 
462 200 9 12 0.09826069 
12 225 13 18 0.09334603 
292 213 9 11 0.09076025 
481 264 20 22 0.09032165 
552 235 9 12 0.09011085 
527 205 8 11 0.08489481 
409 180 8 11 0.08403113 
287 212 10 12 0.08279378 
591 207 8 10 0.08265071 
391 213 9 13 0.08120399 
251 197 10 15 0.080397576 
560 200 7 10 0.07616025 
608 173 10 11 0.07268666 
690 171 14 18 0.071289115 
541 198 8 10 0.070755355 
670 197 10 12 0.07035237 
656 205 9 11 0.068333924 
1005 143 19 31 0.06743947 
469 205 9 11 0.06338939 
568 182 10 12 0.062264103 
640 196 10 12 0.061928004 
670 203 11 14 0.06050737 
48 233 12 16 0.06039444 
301 160 22 29 0.060126357 
29 346 14 16 0.060064327 
277 193 8 13 0.06001958 
491 294 17 19 0.05465157 
541 215 9 11 0.054026984 
240 193 18 22 0.053190522 
535 206 8 11 0.052825477 
32 202 13 15 0.05246331 
959 133 12 16 0.05230909 
534 230 9 12 0.051433377 
560 213 11 14 0.051348414 
538 197 7 10 0.051144153 
950 140 14 16 0.050835826 
537 193 7 10 0.049419053 
526 200 7 10 0.04909154 
592 212 9 12 0.04824307 
437 199 7 10 0.04624418 
590 200 9 12 0.045968447 
366 191 9 13 0.04592917 
351 198 9 13 0.045435645 
571 214 10 13 0.04470824 
415 182 8 10 0.04460991 
423 184 8 11 0.043223303 
473 293 14 17 0.043057293 
609 169 9 10 0.04216896 
665 197 10 12 0.039416533 
375 218 10 12 0.039171185 
454 193 9 12 0.039099015 
567 207 9 11 0.03897196 
345 198 10 14 0.03832277 
951 145 21 27 0.03800007 
78 235 12 15 0.03795256 
943 237 11 14 0.03780766 
584 192 8 10 0.03775083 
666 193 9 11 0.037491005 
693 165 14 18 0.037284642 
3 217 20 25 0.037075806 
38 213 13 15 0.036044277 
450 193 8 11 0.035910096 
613 172 10 12 0.03578963 
540 237 12 14 0.035359867 
529 228 9 12 0.034802813 
542 205 9 11 0.03479 
534 223 9 11 0.034747772 
262 192 19 24 0.03464314 
632 196 12 15 0.034398295 
970 255 18 22 0.03421713 
663 205 10 13 0.033873126 
66 210 13 18 0.033816166 
382 208 9 12 0.03344466 
606 149 10 11 0.03321797 
137 300 18 20 0.032988414 
50 217 23 28 0.03295643 
370 213 9 12 0.032895308 
58 175 24 30 0.032681894 
325 202 11 14 0.032354426 
396 211 10 13 0.032164358 
294 208 10 12 0.03190837 
1008 126 20 34 0.03167151 
573 228 11 14 0.03163207 
30 333 16 19 0.031159058 
360 191 10 14 0.030593747 
10 231 16 21 0.030532794 
49 193 24 31 0.03043275 
558 237 10 13 0.030343147 
398 198 9 12 0.030190028 
473 199 8 12 0.030121785 
604 142 10 12 0.029976314 
553 206 9 11 0.029835539 
574 197 8 10 0.02938213 
664 211 9 13 0.029166315 
995 313 14 17 0.02899307 
469 213 9 10 0.028650098 
676 198 9 13 0.028274836 
278 201 10 14 0.028121747 
607 155 10 12 0.028100394 
364 204 10 13 0.027524354 
383 192 8 10 0.027227473 
304 172 22 30 0.027188221 
410 136 8 10 0.027114587 
521 205 9 11 0.027113343 
314 198 15 18 0.026884481 
419 190 12 16 0.026650373 
922 127 15 21 0.026424255 
574 206 9 11 0.026357133 
497 188 10 13 0.026286917 
313 169 14 17 0.026046135 
596 213 10 12 0.026032176 
270 214 12 14 0.025928903 
383 219 9 11 0.025700461 
76 216 15 19 0.025582954 
391 219 10 11 0.025570912 
333 205 11 12 0.025520755 
125 206 10 14 0.025351522 
694 155 13 17 0.025345879 
272 221 10 12 0.025232714 
63 165 16 18 0.025108702 
495 228 12 13 0.025101552 
517 230 10 12 0.024490887 
471 236 10 12 0.02440735 
542 193 7 10 0.02435805 
409 142 9 11 0.024342803 
536 235 10 13 0.024287608 
676 203 11 14 0.02385071 
384 198 9 11 0.023686213 
358 192 17 23 0.023657432 
393 151 8 11 0.023597037 
39 218 15 18 0.023551337 
414 177 7 10 0.023497142 
393 231 9 12 0.02312862 
553 211 9 12 0.023046013 
598 165 9 11 0.02299834 
537 213 9 11 0.022975177 
975 323 42 62 0.022968857 
31 327 13 13 0.02287807 
520 199 9 10 0.022849478 
607 183 14 19 0.022827638 
377 175 8 9 0.022440651 
469 294 23 28 0.022340154 
373 190 10 12 0.022210745 
72 236 12 14 0.022153677 
393 174 9 11 0.022117162 
669 209 11 14 0.0220581 
114 161 37 43 0.022055726 
541 232 10 12 0.021896495 
1011 159 12 20 0.021578778 
573 176 9 11 0.021520825 
543 173 9 12 0.021302907 
134 207 17 19 0.021205159 
494 221 12 14 0.021143313 
995 153 24 32 0.021077117 
392 167 9 11 0.020975983 
106 311 9 11 0.020970255 
400 191 8 10 0.02094486 
76 197 23 28 0.020780286 
500 235 15 19 0.0207317 
515 236 12 15 0.020654373 
529 165 7 10 0.02057337 
967 343 30 38 0.020468611 
506 160 8 10 0.020334497 
596 205 9 12 0.020268284 
601 136 8 10 0.02005498 
19 221 12 16 0.020023827 
133 196 16 21 0.02002362 
