0_Parade_Parade_0_814
503
768 514 22 27 0.9714254 
471 371 14 18 0.9436337 
365 338 14 17 0.78520095 
776 383 10 13 0.7296052 
751 374 12 15 0.6784626 
927 527 15 24 0.67013824 
897 555 13 16 0.6524156 
338 399 9 12 0.62228656 
412 448 17 21 0.59678286 
498 374 13 17 0.4659625 
264 429 9 11 0.4468035 
135 415 8 11 0.39512762 
679 394 11 13 0.3909748 
183 343 12 14 0.3730029 
337 583 27 45 0.3425606 
318 396 10 12 0.3204306 
309 440 9 12 0.30686712 
102 393 8 11 0.29616338 
112 414 7 9 0.28970492 
407 397 11 14 0.2586041 
53 502 12 15 0.25068888 
382 427 13 20 0.23802225 
957 557 16 20 0.22170965 
390 390 9 13 0.21880509 
95 414 9 11 0.21228682 
725 383 10 13 0.21076305 
325 428 15 19 0.19995618 
136 439 10 11 0.19174731 
886 602 15 19 0.18875171 
665 541 30 42 0.17787091 
127 386 7 9 0.17463908 
461 399 11 13 0.17241205 
928 531 22 33 0.16701172 
701 536 14 19 0.16615199 
342 374 11 16 0.16092661 
294 389 10 11 0.15883452 
974 424 10 13 0.15028968 
982 413 9 11 0.14907868 
815 336 10 12 0.14310698 
317 391 9 11 0.1430429 
895 315 13 18 0.14242639 
120 400 9 11 0.14128652 
2 370 39 56 0.13836929 
238 366 13 16 0.13610879 
86 444 9 10 0.13439631 
279 358 11 14 0.12931524 
49 500 10 13 0.12551004 
88 383 7 9 0.12393368 
442 513 15 19 0.121940754 
484 390 11 15 0.12191883 
5 482 15 21 0.120104305 
191 572 25 40 0.11573271 
97 431 8 10 0.11070889 
932 509 14 16 0.10998525 
112 409 7 10 0.10705227 
125 400 9 11 0.10243734 
816 548 12 15 0.10132745 
678 538 36 51 0.0999545 
1009 413 9 11 0.09993289 
72 416 8 10 0.09764056 
30 495 11 14 0.097294874 
604 540 16 20 0.097068645 
287 429 10 10 0.09446687 
618 557 26 36 0.09268824 
86 407 8 11 0.09135366 
38 431 8 10 0.08794204 
328 413 8 11 0.087767154 
758 396 7 10 0.08709043 
321 404 9 10 0.08698369 
751 370 9 12 0.08690196 
296 414 9 10 0.08453476 
813 586 13 18 0.08254029 
137 458 9 10 0.08199459 
112 439 7 9 0.080482334 
1012 418 11 20 0.07987069 
924 515 15 19 0.07781433 
121 448 8 9 0.077488884 
326 407 8 10 0.077152774 
464 392 9 12 0.077126056 
351 489 24 26 0.07669703 
752 385 12 15 0.07635423 
409 538 23 24 0.07627319 
301 391 9 11 0.07541783 
424 397 10 12 0.07460185 
39 496 10 13 0.07328317 
361 488 23 24 0.07312674 
985 409 8 10 0.07097454 
131 415 8 10 0.06969719 
316 383 10 12 0.069485426 
529 395 11 14 0.06918813 
735 360 10 11 0.06837684 
82 407 9 11 0.068085454 
91 648 29 34 0.068053514 
120 385 8 9 0.06802842 
119 423 8 9 0.06752677 
95 456 8 11 0.06708709 
346 494 17 21 0.06698934 
464 490 13 15 0.066789106 
268 422 9 12 0.06666284 
527 389 11 14 0.0657878 
157 639 17 21 0.065657526 
526 381 10 13 0.06557795 
290 389 9 12 0.06426617 
88 462 11 12 0.063313864 
424 384 9 12 0.06289073 
1000 560 12 14 0.062441714 
120 439 8 9 0.061903324 
154 438 9 11 0.059402507 
72 437 9 10 0.059366174 
312 374 9 11 0.05899731 
478 411 10 11 0.058925904 
416 444 24 27 0.057530653 
508 396 14 17 0.057197113 
382 383 10 14 0.057191595 
56 438 9 11 0.056748804 
102 415 7 10 0.056300525 
166 400 8 10 0.056112494 
95 409 8 10 0.056021728 
79 421 9 11 0.05578527 
117 623 16 26 0.05536851 
127 440 8 10 0.055246152 
279 302 9 12 0.055157643 
137 374 8 10 0.055138055 
256 400 10 11 0.055086344 
126 447 8 9 0.054691058 
79 389 7 10 0.05433511 
648 406 8 9 0.053847045 
150 407 7 10 0.053828947 
113 433 7 10 0.05347892 
665 482 12 14 0.053468402 
305 307 10 12 0.052286014 
746 374 10 14 0.05227226 
104 455 8 11 0.052191276 
70 420 9 11 0.052028995 
78 415 9 10 0.051911704 
119 432 8 9 0.051857848 
756 390 9 12 0.05178301 
89 412 8 11 0.05067256 
231 366 12 16 0.05060342 
893 622 11 13 0.0505055 
71 381 8 10 0.050410327 
56 397 9 11 0.04986176 
69 376 7 9 0.04968441 
853 604 11 13 0.04949365 
820 553 12 14 0.04855074 
12 500 10 13 0.047850136 
950 396 10 12 0.047777724 
398 428 12 16 0.046797384 
96 420 9 11 0.04679532 
314 396 9 11 0.046750728 
49 441 8 10 0.046635605 
691 532 25 32 0.046583645 
969 422 10 14 0.046088003 
661 388 10 13 0.045893595 
722 389 9 12 0.045624506 
428 398 10 13 0.045444645 
303 396 8 11 0.045347482 
776 378 9 12 0.045268785 
153 332 9 11 0.04495268 
710 438 8 10 0.044714954 
632 492 13 17 0.044641215 
652 516 28 31 0.044013176 
302 408 7 10 0.043954484 
483 402 13 16 0.04333473 
909 573 13 17 0.04317462 
1000 445 9 13 0.04304447 
746 380 11 14 0.042834062 
141 444 9 11 0.04270553 
744 436 9 12 0.042552624 
213 391 8 11 0.04250789 
404 429 12 16 0.042245075 
999 382 8 10 0.04210189 
331 574 24 41 0.041997053 
66 422 9 11 0.0417546 
106 629 28 34 0.041216023 
469 356 10 13 0.040936828 
498 384 16 20 0.040435206 
372 553 13 15 0.040389493 
990 407 7 9 0.040346883 
941 406 9 12 0.04025336 
960 558 24 29 0.040237013 
274 357 10 13 0.040215485 
117 374 8 9 0.03993448 
470 405 11 14 0.039888445 
281 424 9 11 0.03985005 
518 381 12 15 0.039720166 
759 421 8 10 0.039675046 
297 408 9 11 0.039413176 
279 406 10 12 0.03934265 
695 517 12 16 0.039262548 
693 407 10 12 0.03918761 
968 401 8 11 0.038964823 
25 491 11 16 0.03883907 
950 413 12 16 0.038475305 
516 386 13 16 0.038041674 
114 376 7 9 0.0379436 
8 391 12 16 0.037878577 
733 371 11 14 0.03784109 
818 332 12 15 0.037726298 
727 395 9 11 0.037721083 
735 526 11 14 0.03759033 
740 359 9 10 0.0375797 
295 396 9 11 0.037496306 
670 414 9 11 0.037363257 
120 453 8 9 0.037085664 
743 430 9 11 0.036982972 
600 538 13 18 0.036961544 
291 437 12 15 0.03644971 
113 383 7 10 0.03643022 
13 479 12 17 0.036188558 
301 414 8 10 0.036084954 
673 408 9 11 0.036010467 
160 392 8 10 0.03598319 
102 421 7 10 0.035979733 
0 657 31 35 0.035813108 
764 495 11 13 0.035729215 
6 500 12 16 0.03533676 
761 498 10 14 0.035163347 
609 539 26 35 0.035148874 
372 487 26 26 0.03513455 
333 423 11 14 0.0350723 
411 548 25 26 0.03497862 
414 389 10 13 0.034842167 
136 391 7 9 0.03483816 
97 437 8 11 0.0348358 
46 423 9 10 0.03475811 
277 379 9 13 0.03471482 
79 430 9 11 0.034607545 
537 347 16 18 0.03451445 
399 392 9 12 0.03450938 
272 375 9 12 0.03432272 
128 455 8 10 0.03429851 
146 406 8 10 0.034119703 
337 482 15 19 0.033982843 
980 419 10 13 0.033947174 
326 439 13 16 0.03366833 
883 331 12 15 0.033544768 
303 431 9 11 0.033533618 
407 447 14 17 0.03345423 
514 393 12 16 0.033442814 
113 420 8 10 0.033431295 
750 421 10 12 0.033430345 
336 392 11 15 0.03338272 
775 327 10 12 0.03328356 
289 383 10 12 0.033100273 
767 422 9 11 0.033000942 
319 413 10 12 0.03296404 
476 469 11 15 0.032918245 
386 421 13 20 0.032918163 
899 311 11 14 0.03280192 
277 351 11 15 0.032743763 
501 395 14 17 0.032713864 
662 367 8 11 0.032684855 
166 405 9 10 0.032382343 
815 517 12 16 0.032379065 
999 426 12 17 0.03211139 
21 484 12 16 0.0320583 
59 507 12 14 0.031965703 
950 406 11 13 0.031867903 
726 376 10 13 0.03159207 
673 391 9 12 0.03157171 
527 404 9 12 0.031548563 
72 455 8 11 0.031468198 
908 583 16 24 0.031441815 
151 432 9 11 0.031396348 
32 369 14 17 0.03126652 
400 395 11 13 0.031055901 
921 517 11 16 0.030880563 
318 295 9 11 0.03073031 
728 349 9 10 0.030690037 
173 610 24 27 0.03061178 
177 391 9 10 0.030602103 
711 366 8 9 0.030574605 
106 447 7 9 0.03053729 
734 399 9 10 0.030331817 
932 548 15 20 0.030256981 
347 375 14 19 0.030237395 
879 588 13 19 0.030067006 
302 545 29 34 0.030050125 
159 548 11 14 0.029976245 
688 406 10 12 0.02990109 
943 400 9 11 0.029834604 
446 495 22 27 0.029775023 
98 397 8 10 0.029755846 
88 455 10 12 0.02972821 
721 396 8 11 0.029696675 
178 341 11 15 0.02966314 
168 415 8 10 0.02960359 
1000 396 7 10 0.029579395 
453 491 13 16 0.029531382 
334 394 17 22 0.02944032 
508 380 12 16 0.029399645 
848 504 10 12 0.0293807 
851 597 15 17 0.02937253 
99 392 8 11 0.029357642 
311 415 9 11 0.029346822 
904 577 14 19 0.029346501 
949 593 14 20 0.029282559 
729 359 10 11 0.029183723 
444 458 16 21 0.02912134 
921 525 12 17 0.02910637 
732 381 10 13 0.029099796 
416 383 9 12 0.028969716 
136 630 44 45 0.028962482 
993 400 7 9 0.028837655 
161 398 8 10 0.028820746 
31 439 8 10 0.028698346 
136 433 10 10 0.02866864 
303 355 9 11 0.028621802 
161 624 18 24 0.028611315 
309 564 31 44 0.028595949 
321 434 13 16 0.028377378 
104 438 7 10 0.028377062 
57 432 9 11 0.02836214 
646 401 8 10 0.028354758 
443 499 15 19 0.02834188 
38 437 8 10 0.028306842 
261 405 8 10 0.028290262 
87 422 8 10 0.028233241 
104 407 7 10 0.028173367 
61 392 8 10 0.028008629 
288 396 10 12 0.027972883 
513 492 13 16 0.0279315 
778 444 9 12 0.027780736 
690 513 24 31 0.027639044 
226 370 10 15 0.02747705 
1014 391 9 12 0.027447438 
310 432 9 11 0.027385265 
74 447 7 9 0.027264945 
433 452 24 30 0.027215412 
326 308 10 12 0.02717426 
542 341 13 16 0.027134607 
1000 391 9 12 0.027080959 
881 586 21 29 0.026998464 
135 397 8 10 0.026946414 
851 508 11 14 0.02691708 
1006 423 13 19 0.026865628 
196 341 10 14 0.026839443 
994 381 8 11 0.026713455 
773 379 17 22 0.026703415 
981 391 8 10 0.026678031 
160 406 7 9 0.026666168 
493 393 13 17 0.026649574 
633 542 23 39 0.026620215 
642 399 8 11 0.026564892 
119 368 8 10 0.026562503 
160 415 7 10 0.026540287 
664 520 46 51 0.026453719 
422 350 9 12 0.026417758 
263 367 10 12 0.026345901 
700 524 13 19 0.026341071 
744 387 10 12 0.026230467 
780 395 10 12 0.026213022 
627 494 20 26 0.026198583 
168 381 7 10 0.026192848 
1006 407 17 26 0.026167894 
478 387 13 16 0.026114762 
292 431 10 11 0.026036598 
955 416 13 17 0.025964519 
295 348 11 15 0.025919758 
80 446 9 10 0.025902184 
402 488 24 28 0.02586898 
247 341 12 15 0.02565105 
767 398 8 10 0.025576763 
758 416 8 11 0.025536517 
160 351 8 11 0.02539805 
898 315 22 27 0.025388645 
635 516 13 16 0.025362812 
144 399 9 11 0.025320342 
619 517 18 19 0.025314223 
274 299 10 13 0.025307765 
392 423 19 26 0.025141826 
382 392 12 16 0.025072869 
695 432 8 11 0.025057187 
383 416 11 15 0.024980964 
22 485 18 27 0.024952492 
444 445 12 16 0.024934052 
270 340 11 13 0.024926592 
61 438 8 11 0.024851553 
810 327 23 26 0.024838194 
109 634 15 20 0.024796853 
926 513 22 29 0.024712943 
981 612 15 20 0.024701597 
401 356 9 12 0.0245753 
509 386 15 19 0.024516305 
256 446 9 12 0.024486056 
743 422 11 13 0.024466906 
678 402 11 14 0.024454976 
960 580 26 32 0.024407236 
666 519 17 22 0.024397204 
411 401 13 15 0.024339888 
661 395 9 12 0.024230905 
80 438 9 10 0.024149857 
646 546 29 36 0.024143435 
325 398 10 12 0.024110645 
323 310 9 11 0.024099592 
189 336 12 15 0.023995044 
679 368 8 10 0.023990707 
181 366 11 13 0.023978245 
738 431 8 10 0.02397059 
434 496 25 30 0.02389069 
19 479 11 15 0.023870355 
272 364 10 13 0.023801468 
201 546 38 49 0.023769934 
1000 407 7 9 0.023756785 
718 360 9 11 0.023675647 
222 620 57 57 0.02358005 
112 390 8 11 0.023566019 
221 346 11 14 0.02352372 
633 488 10 13 0.023521224 
428 386 9 13 0.023452593 
12 507 10 13 0.023451338 
350 318 12 14 0.023391562 
886 314 15 19 0.02334504 
143 559 11 12 0.023301667 
990 553 13 16 0.023236219 
62 430 9 11 0.023232548 
338 373 10 15 0.023231361 
841 503 9 12 0.023212045 
339 572 15 23 0.0232038 
400 373 9 11 0.023127543 
156 317 11 13 0.023068538 
445 494 11 14 0.023055935 
677 391 18 22 0.023051053 
438 444 12 15 0.023006665 
27 498 10 15 0.022959314 
243 370 12 15 0.022927757 
159 461 8 10 0.022879817 
500 369 11 14 0.022851711 
478 390 20 25 0.022765854 
5 428 12 15 0.022711165 
160 422 8 9 0.022660172 
258 541 36 48 0.022546906 
657 385 8 11 0.022519564 
135 368 8 10 0.0224489 
180 607 14 16 0.0224484 
777 439 9 12 0.022439359 
302 383 11 13 0.022409948 
117 416 8 9 0.022408623 
1011 407 11 15 0.022336371 
525 445 10 12 0.022254705 
452 380 11 15 0.02225449 
299 533 27 32 0.022178583 
706 361 7 9 0.022109892 
237 359 13 15 0.022050232 
439 425 12 17 0.021985667 
661 428 10 12 0.021968203 
20 367 27 33 0.021949012 
1007 398 9 11 0.02194793 
961 550 17 21 0.021946331 
94 446 8 10 0.02193693 
464 509 11 15 0.021936854 
87 467 10 11 0.021876171 
127 366 9 10 0.021865271 
733 531 219 201 0.021853331 
285 348 12 15 0.021814888 
196 349 11 13 0.021772694 
972 586 17 21 0.021767007 
361 336 12 15 0.021734558 
525 412 9 13 0.021658568 
285 557 43 54 0.021640355 
99 386 18 24 0.021621339 
437 465 17 20 0.021569965 
500 396 21 26 0.02149198 
334 466 15 18 0.021409525 
712 361 7 10 0.021290919 
110 456 8 10 0.0212823 
159 444 8 10 0.021256465 
489 395 22 27 0.021227282 
269 438 9 11 0.021033674 
317 376 9 11 0.020968731 
471 472 14 18 0.020951001 
473 399 19 24 0.020905688 
655 526 33 41 0.02089681 
125 431 9 11 0.020760104 
155 324 11 14 0.020721402 
28 495 20 23 0.020692205 
111 446 8 10 0.020683395 
339 387 13 17 0.020595206 
629 510 24 29 0.02059101 
976 384 8 10 0.020582898 
1014 397 9 13 0.020581188 
663 477 21 24 0.02055854 
676 522 13 18 0.020549733 
225 334 9 11 0.02050913 
470 451 13 15 0.020446949 
904 320 25 29 0.020443939 
741 397 10 12 0.020438287 
212 587 28 31 0.020426417 
305 442 11 14 0.020411279 
214 429 13 17 0.020410651 
579 401 12 16 0.020398002 
766 538 11 15 0.020269463 
28 487 11 15 0.020236228 
813 508 13 15 0.020226276 
141 459 9 11 0.020195125 
86 431 8 10 0.020183116 
951 582 22 30 0.020155868 
517 374 11 14 0.020136774 
0 502 9 14 0.020135155 
997 438 12 15 0.020123107 
282 351 101 129 0.02006191 
128 359 8 9 0.020061728 
