0_Parade_marchingband_1_561
22
822 1031 60 80 0.9907464 
196 662 103 105 0.9873076 
22 493 252 364 0.1929463 
990 1046 35 71 0.1781427 
459 475 472 553 0.15610786 
1003 1060 18 41 0.09920458 
77 1193 60 79 0.068058215 
20 1156 27 34 0.05177242 
-3 747 79 148 0.04425682 
154 602 128 165 0.042300455 
251 668 99 118 0.03951925 
552 871 370 515 0.034244344 
874 1042 46 64 0.033486463 
568 205 363 491 0.03132884 
151 732 58 58 0.029829383 
847 1046 54 73 0.027059568 
405 402 130 129 0.026856162 
577 250 33 41 0.026715843 
632 906 208 327 0.02372851 
70 510 152 185 0.023539092 
137 753 33 33 0.02272601 
797 1177 123 183 0.020678086 
