0_Parade_Parade_0_43
2092
186 388 19 22 0.9915838 
489 224 18 21 0.990373 
544 289 18 20 0.98989373 
770 460 19 22 0.98477995 
886 465 16 21 0.98362976 
11 481 18 22 0.98337483 
824 518 18 21 0.977478 
755 402 19 22 0.9768869 
678 448 18 23 0.9766866 
386 340 17 22 0.97468215 
499 510 21 27 0.97373927 
265 514 20 22 0.9737337 
549 449 18 22 0.97188884 
201 452 19 22 0.9687085 
501 392 20 25 0.96767765 
306 356 19 23 0.96603876 
655 350 19 23 0.965735 
76 455 18 21 0.9651182 
810 435 18 22 0.9641787 
943 522 19 21 0.96383494 
153 508 20 22 0.9637726 
443 448 20 23 0.956612 
253 378 19 22 0.95156384 
602 509 22 27 0.9510521 
703 377 18 22 0.94220793 
599 343 19 22 0.9332505 
715 518 18 21 0.92143834 
398 512 20 23 0.9199531 
31 510 19 21 0.9187822 
310 453 19 23 0.91875774 
135 427 19 23 0.8960017 
438 284 20 27 0.8876168 
245 346 14 17 0.8242007 
900 373 10 13 0.8089901 
925 357 11 14 0.80710864 
848 293 10 13 0.77726734 
639 294 12 16 0.7161854 
978 324 11 14 0.69988596 
143 277 9 12 0.68526745 
775 317 10 13 0.6797122 
847 325 11 15 0.67564327 
701 335 12 14 0.64485043 
790 328 9 13 0.6315426 
306 323 14 16 0.61481285 
820 311 11 14 0.60700756 
173 274 10 13 0.6036899 
999 309 10 12 0.6036739 
620 297 14 16 0.60114527 
365 283 11 14 0.5979219 
905 326 10 13 0.59133255 
838 357 12 15 0.5841759 
935 331 11 13 0.56934094 
825 271 9 11 0.5650258 
702 261 8 10 0.5632163 
885 270 9 11 0.55985564 
993 254 9 12 0.5419669 
853 222 10 12 0.52969426 
919 278 8 11 0.51193595 
113 271 9 12 0.5096349 
968 256 8 10 0.50721747 
725 314 10 13 0.5028237 
301 231 8 10 0.4993913 
742 324 12 15 0.49576527 
808 262 9 11 0.4948414 
885 375 10 13 0.49070176 
839 255 10 13 0.4842657 
838 373 11 14 0.47765577 
342 273 8 11 0.46597427 
147 405 15 18 0.4653451 
895 299 10 13 0.4652585 
793 388 15 18 0.46342137 
905 255 10 12 0.4277208 
772 383 15 19 0.42646942 
820 367 11 13 0.42303926 
952 260 8 11 0.41547343 
277 253 10 12 0.4109737 
674 309 10 12 0.40795437 
154 255 9 11 0.4064644 
981 245 9 12 0.40592661 
927 264 10 11 0.40403304 
953 239 8 11 0.3986841 
872 229 9 13 0.3982057 
930 269 10 12 0.39741763 
750 263 9 12 0.39525625 
759 228 7 9 0.38473225 
583 271 10 12 0.37922806 
656 279 10 12 0.37763095 
564 263 10 13 0.37647593 
846 261 9 11 0.36865646 
158 260 10 12 0.36455712 
803 534 18 24 0.3644092 
864 263 9 11 0.35626617 
630 326 15 20 0.35363343 
659 317 13 15 0.34451184 
639 305 11 14 0.34259954 
968 488 16 20 0.338026 
816 334 12 15 0.33712408 
885 262 10 13 0.32311568 
888 208 7 10 0.32208166 
765 302 9 11 0.31796777 
1014 303 8 12 0.31749088 
104 232 9 12 0.31250158 
807 269 9 12 0.3123417 
349 238 8 10 0.3112742 
790 270 9 12 0.3090042 
337 230 8 11 0.30859917 
673 279 8 11 0.3025905 
117 220 9 11 0.30143073 
23 203 9 11 0.29512534 
237 270 11 14 0.29490083 
74 222 8 11 0.29173878 
936 213 7 10 0.28273553 
754 292 9 12 0.28249362 
215 254 8 10 0.28001904 
362 278 10 13 0.27855352 
708 301 11 13 0.2781069 
935 247 9 11 0.27755988 
936 309 9 12 0.27629906 
327 285 10 13 0.27163735 
293 284 9 12 0.26988265 
525 315 22 26 0.26629114 
309 302 11 13 0.26615745 
782 351 10 13 0.26560378 
728 244 9 10 0.26164073 
878 405 11 13 0.26098418 
878 237 10 12 0.2594644 
873 318 10 13 0.25920573 
729 263 9 11 0.258692 
103 208 8 11 0.25732547 
869 287 10 13 0.25536227 
729 231 8 10 0.2551585 
250 229 8 10 0.25367206 
928 295 9 12 0.25318775 
607 240 9 10 0.2513204 
710 278 9 11 0.25038952 
728 239 8 11 0.25011027 
744 197 8 10 0.24933238 
151 236 9 11 0.24876139 
49 191 9 12 0.24864882 
119 200 8 10 0.24860804 
343 237 9 11 0.24826635 
862 371 10 13 0.24776646 
217 275 9 12 0.24601942 
863 395 11 16 0.24458157 
367 173 9 11 0.24366298 
686 271 7 10 0.24265948 
853 305 12 14 0.24207872 
735 292 9 13 0.24196711 
134 207 9 12 0.24112709 
787 245 8 11 0.24080403 
708 296 9 11 0.2404973 
234 213 7 10 0.23985498 
888 213 9 11 0.23944394 
61 254 7 10 0.23859286 
673 284 9 11 0.23764907 
289 269 8 10 0.23739362 
112 120 8 9 0.23640674 
781 286 10 12 0.23373201 
999 261 8 11 0.23058543 
759 271 9 11 0.23038338 
815 159 9 11 0.22966544 
119 252 8 10 0.22831467 
911 404 10 12 0.22640927 
773 356 11 16 0.22537939 
712 349 11 12 0.22465874 
361 222 8 10 0.22413875 
72 214 9 12 0.22238009 
40 256 8 11 0.21927266 
183 232 8 9 0.21812414 
899 345 12 15 0.21797357 
830 293 9 12 0.21718179 
584 293 11 16 0.2171553 
933 301 9 11 0.21481335 
919 375 10 13 0.21443246 
257 256 10 12 0.21409929 
725 329 12 17 0.21192814 
151 172 8 12 0.21145317 
721 207 8 10 0.21103042 
751 222 8 11 0.21086524 
982 215 8 10 0.21062142 
558 239 8 10 0.2092383 
198 277 10 12 0.20821863 
95 214 8 11 0.20678194 
713 239 7 9 0.20581883 
110 174 9 12 0.20282222 
600 255 8 11 0.20206593 
792 264 8 11 0.20185679 
901 190 8 10 0.19995824 
801 190 8 10 0.19791771 
576 238 8 10 0.19730371 
718 256 8 10 0.19688801 
238 246 10 11 0.19652829 
193 238 9 11 0.19644716 
326 303 10 12 0.19537215 
708 308 11 14 0.19389243 
851 414 11 15 0.1929473 
889 359 8 11 0.19286016 
794 169 8 10 0.19222564 
135 238 8 11 0.19079968 
576 340 14 17 0.19077651 
352 300 11 14 0.19031703 
326 280 10 13 0.19013281 
887 255 10 11 0.18840218 
898 184 7 9 0.18604554 
670 215 8 11 0.18573669 
313 219 8 11 0.1853579 
672 301 9 12 0.18529166 
863 355 9 12 0.18401635 
208 230 8 10 0.18375446 
984 270 9 11 0.18375231 
879 191 8 10 0.18305348 
743 329 13 18 0.18303983 
870 599 10 13 0.18246704 
304 271 9 13 0.18213941 
800 362 13 15 0.18076126 
468 248 22 25 0.18061166 
872 366 10 12 0.18034719 
728 268 9 11 0.17976604 
806 275 9 12 0.17896742 
942 173 8 11 0.17798941 
812 237 9 10 0.17774639 
826 175 8 10 0.17633903 
815 286 10 13 0.17616169 
166 232 8 10 0.17547348 
165 573 12 16 0.17520717 
168 159 7 9 0.17460331 
735 208 7 9 0.17309515 
953 231 7 9 0.17222749 
158 232 9 11 0.17133455 
923 502 13 16 0.16968088 
613 284 9 11 0.16945077 
367 534 20 26 0.16848107 
903 318 10 14 0.16831659 
658 169 7 10 0.16776219 
94 223 8 11 0.16699803 
319 280 9 12 0.1653875 
908 330 10 12 0.16458651 
734 286 9 11 0.16423985 
678 238 8 10 0.1637872 
4 517 15 19 0.16358767 
871 191 8 10 0.16356827 
113 216 9 11 0.16280633 
911 273 9 10 0.16250965 
680 322 12 16 0.16205643 
2 158 7 11 0.16183127 
745 237 8 10 0.1609204 
582 239 8 11 0.16048692 
119 236 8 10 0.1599148 
737 167 7 8 0.15964662 
609 262 8 10 0.15946715 
912 239 9 10 0.15908867 
999 332 10 12 0.15896513 
601 280 8 11 0.15892366 
129 208 8 11 0.15845792 
351 296 10 12 0.15777601 
757 289 9 11 0.15731268 
271 278 9 11 0.1571163 
254 230 8 11 0.15664458 
702 316 11 13 0.15580001 
706 191 8 10 0.15559085 
810 232 8 9 0.15550223 
601 199 8 10 0.1550911 
694 246 7 9 0.15480389 
601 295 9 12 0.15373956 
857 215 8 11 0.15372455 
178 176 9 11 0.15324873 
64 237 8 10 0.15314816 
639 230 7 10 0.1526874 
917 480 10 14 0.15203916 
273 184 8 10 0.15178458 
317 525 11 13 0.15169258 
855 245 9 11 0.15157384 
303 307 10 13 0.1504279 
225 240 8 9 0.15003002 
1009 206 8 10 0.14964624 
237 214 8 9 0.14919479 
970 310 10 13 0.14901718 
137 232 7 10 0.14891891 
713 246 7 10 0.14861682 
575 215 8 11 0.14820983 
945 225 7 10 0.14811496 
238 263 10 12 0.14806238 
326 128 7 10 0.14750221 
131 502 16 19 0.14715677 
613 264 9 11 0.14697182 
711 183 7 9 0.14692442 
199 272 10 11 0.14664528 
863 213 8 11 0.14661358 
774 191 8 9 0.14655559 
1006 182 8 10 0.14618514 
798 173 7 9 0.14587206 
868 262 8 11 0.14515339 
253 278 9 12 0.14499697 
309 205 7 11 0.14497326 
662 169 7 10 0.14446071 
349 330 12 17 0.14403844 
694 206 8 11 0.14357358 
806 301 10 12 0.14342926 
129 264 8 10 0.14296736 
322 129 7 10 0.14292131 
263 191 7 9 0.14257102 
168 371 13 17 0.14236173 
849 298 12 16 0.14139262 
840 168 8 10 0.14133397 
945 153 7 9 0.14130878 
298 135 7 9 0.1400423 
211 588 16 18 0.1399936 
73 198 7 9 0.1399298 
792 173 8 10 0.13937607 
207 254 9 11 0.13907166 
585 588 14 17 0.13890572 
876 311 10 12 0.13836841 
97 142 9 12 0.138282 
846 246 8 11 0.13821656 
752 198 8 10 0.13812415 
133 212 9 11 0.13758862 
807 256 10 12 0.13737871 
311 166 8 10 0.13737628 
768 275 9 12 0.13720994 
952 191 7 9 0.13696162 
112 236 8 10 0.1363832 
807 308 9 13 0.13608393 
957 238 8 10 0.13549386 
746 215 8 10 0.13356504 
200 152 6 8 0.13339683 
554 485 17 21 0.13309182 
96 228 8 11 0.13287134 
344 310 10 12 0.13173859 
134 189 7 10 0.13158235 
214 223 8 10 0.13106276 
912 200 9 11 0.13038221 
1006 176 8 9 0.13022754 
807 325 10 13 0.13011079 
719 639 14 19 0.13005213 
286 157 7 11 0.12998839 
671 295 9 11 0.12994093 
857 208 8 10 0.129205 
1009 270 8 10 0.12832785 
712 231 7 10 0.1282881 
136 269 8 10 0.12819688 
888 219 10 12 0.12812619 
76 254 8 11 0.1279147 
807 190 9 10 0.12762795 
1007 327 9 11 0.12751341 
33 176 8 10 0.12720259 
102 143 11 12 0.1263956 
288 284 11 13 0.12624046 
1007 200 9 11 0.12589888 
205 523 14 17 0.12569918 
773 275 10 13 0.1253177 
39 239 7 10 0.12494705 
324 308 12 14 0.12451402 
328 247 9 12 0.12431003 
368 246 8 11 0.124182515 
638 269 8 11 0.12391272 
821 376 12 16 0.12324386 
697 315 10 13 0.123151116 
583 215 9 10 0.1230299 
655 240 8 10 0.12295453 
978 240 8 10 0.12246052 
310 296 11 12 0.12224867 
234 274 10 12 0.12184465 
744 232 8 10 0.12163087 
209 214 6 9 0.12154022 
887 176 7 10 0.12146375 
134 264 8 10 0.12144092 
959 166 8 9 0.12115403 
313 238 9 10 0.11946685 
761 168 7 9 0.118641436 
672 272 7 9 0.11844632 
957 261 8 10 0.118430465 
120 205 8 10 0.11823623 
904 271 10 12 0.11768923 
176 215 8 9 0.11746667 
279 285 9 11 0.1172745 
396 615 17 20 0.11716488 
697 255 7 10 0.116873376 
182 236 8 11 0.116765685 
221 166 8 9 0.1167102 
877 232 10 11 0.116512135 
920 231 8 10 0.11647725 
843 371 11 14 0.11599392 
898 230 8 11 0.11526356 
758 263 8 11 0.114356324 
720 331 11 15 0.11426033 
261 287 8 10 0.11399451 
943 363 9 12 0.11396035 
567 255 7 10 0.11395147 
951 243 9 11 0.11384941 
993 421 11 14 0.11359728 
114 125 8 10 0.11355631 
945 260 8 11 0.113294646 
813 150 8 9 0.113119416 
902 311 10 12 0.11277698 
872 225 8 10 0.11262452 
328 291 10 12 0.11259218 
852 227 10 12 0.112516165 
934 277 9 11 0.112507194 
805 295 10 12 0.112292096 
278 175 7 10 0.111856714 
953 309 10 12 0.11153609 
177 236 9 11 0.110897824 
582 192 8 10 0.11048577 
588 336 20 26 0.11026429 
797 473 16 19 0.11023867 
714 167 8 9 0.109522566 
837 484 13 16 0.10920599 
785 239 10 11 0.10898945 
353 143 7 9 0.108944744 
926 231 7 10 0.1089021 
904 277 8 10 0.108839184 
966 222 8 11 0.1085687 
980 330 11 13 0.108148746 
758 199 8 10 0.10810718 
927 318 9 11 0.10802569 
233 209 8 10 0.10776905 
962 200 7 9 0.10772674 
999 237 8 9 0.10756169 
712 198 7 9 0.10732202 
703 269 9 11 0.10731221 
777 174 7 9 0.10717049 
875 322 12 14 0.10705203 
93 247 8 10 0.10699757 
180 489 23 27 0.10687379 
966 199 7 10 0.10663791 
206 208 7 8 0.10658443 
581 262 9 12 0.10658049 
278 232 8 10 0.10648154 
245 271 10 13 0.106388316 
153 168 9 12 0.10637577 
888 532 10 13 0.10626037 
341 231 8 11 0.10618347 
318 317 11 14 0.10614707 
959 255 9 12 0.10608852 
605 297 12 15 0.10607375 
129 167 7 9 0.10589701 
870 253 9 12 0.10574319 
329 168 8 9 0.105305836 
893 208 8 9 0.10502861 
742 252 9 10 0.10478417 
581 283 11 14 0.104742 
671 220 8 10 0.10470521 
349 307 11 14 0.104640536 
946 615 17 21 0.104575686 
366 289 12 16 0.10443464 
902 222 8 10 0.104236305 
24 181 9 11 0.10386201 
903 217 8 9 0.10371285 
141 206 9 10 0.1035707 
310 269 9 11 0.10343776 
285 489 24 27 0.10333746 
767 239 8 10 0.10314845 
825 190 8 10 0.10265153 
901 185 8 10 0.102303214 
992 231 8 10 0.10226978 
785 176 7 9 0.102247775 
559 231 8 9 0.10202142 
225 244 9 11 0.10196966 
273 232 7 9 0.101887144 
262 237 8 10 0.10129337 
297 143 8 10 0.10119903 
238 209 8 10 0.101134434 
217 160 8 10 0.101105936 
781 160 8 10 0.10096509 
655 300 11 13 0.100934796 
847 159 7 8 0.10069081 
337 271 10 11 0.1004833 
860 303 10 13 0.100043565 
64 208 9 11 0.099472426 
646 264 8 10 0.09852595 
273 237 8 10 0.098503724 
993 318 9 11 0.098207206 
717 357 14 16 0.09819239 
930 332 10 13 0.09775954 
870 277 9 12 0.09739632 
641 253 8 9 0.09725384 
727 279 9 11 0.09717277 
887 276 10 11 0.09695457 
958 183 8 10 0.09692293 
573 207 7 9 0.09665188 
183 215 7 10 0.096394315 
764 308 10 14 0.09616565 
1012 324 9 12 0.09561039 
321 133 7 9 0.09556319 
141 254 9 11 0.0954915 
174 193 8 10 0.095137395 
807 207 8 9 0.094305 
605 257 9 11 0.09416362 
800 276 10 11 0.0940604 
73 229 8 10 0.09403457 
150 190 9 11 0.09393167 
524 310 14 18 0.09381785 
670 189 8 10 0.09373068 
255 285 10 12 0.093627736 
1007 366 11 15 0.09318965 
896 196 9 11 0.09302056 
719 279 9 11 0.09301926 
352 150 8 10 0.09291283 
753 182 7 9 0.09276323 
158 168 8 10 0.0922446 
135 185 7 10 0.09214735 
814 254 8 10 0.09214112 
640 265 8 10 0.0919494 
844 365 10 14 0.09165667 
238 252 9 11 0.09141664 
1005 343 10 12 0.09097346 
282 197 8 10 0.090972945 
9 144 8 10 0.09093563 
602 204 7 10 0.09081672 
708 316 10 11 0.09074694 
307 167 7 10 0.09047449 
681 262 8 10 0.090351194 
312 183 7 9 0.09029527 
279 249 9 11 0.090235375 
210 223 7 10 0.090063676 
816 207 8 9 0.09003143 
111 180 8 11 0.089964435 
872 208 9 11 0.08974394 
256 214 8 10 0.08952634 
673 160 7 9 0.08947324 
799 185 8 10 0.089430556 
328 265 9 10 0.08942258 
678 280 8 9 0.089408666 
200 191 6 8 0.08894643 
47 168 9 11 0.088869005 
726 207 8 10 0.08876238 
237 302 11 13 0.088576585 
735 230 8 10 0.08822564 
339 336 14 20 0.088112436 
654 245 8 11 0.08797043 
994 427 12 14 0.08781884 
807 215 8 10 0.08755081 
865 191 8 9 0.08747026 
686 263 8 10 0.0872072 
709 342 11 15 0.0871399 
775 205 8 11 0.087015346 
53 196 8 11 0.0870016 
192 192 6 9 0.086865634 
878 366 9 13 0.086823486 
913 181 9 10 0.086818144 
657 311 10 13 0.08653799 
785 181 7 10 0.086496815 
342 224 8 10 0.08608056 
695 241 7 9 0.085846625 
918 181 8 10 0.08579702 
164 262 8 11 0.08571249 
799 271 9 12 0.085632786 
933 296 8 11 0.08561113 
656 201 7 9 0.08556892 
576 233 8 10 0.085230134 
786 271 9 11 0.08522695 
744 176 7 9 0.08521545 
854 240 8 10 0.084975116 
733 267 8 12 0.08472785 
144 200 7 10 0.084697954 
555 207 8 11 0.08460145 
788 417 12 16 0.08454655 
160 206 9 10 0.084397934 
813 189 8 11 0.08433756 
143 232 9 11 0.08425929 
29 199 9 11 0.084236346 
912 245 9 11 0.08383789 
911 346 9 13 0.08379575 
201 206 8 9 0.083793685 
1013 268 8 12 0.083710976 
982 221 8 11 0.08321007 
842 248 9 12 0.082977265 
369 208 8 9 0.082864895 
895 246 9 11 0.082222596 
40 192 8 10 0.082162976 
879 246 10 11 0.08213044 
991 176 7 9 0.082088515 
1000 366 10 14 0.08204574 
192 198 7 10 0.08196461 
758 192 7 10 0.08187268 
169 302 9 12 0.081640884 
190 255 8 10 0.08152035 
941 285 8 11 0.081517205 
336 235 9 11 0.0815013 
833 167 7 10 0.081446685 
11 182 8 10 0.08135563 
146 175 8 10 0.08125512 
423 480 23 28 0.0809063 
129 189 8 11 0.08085068 
143 347 13 17 0.080748394 
25 134 8 10 0.08070012 
240 242 8 10 0.0806653 
922 215 7 9 0.08061545 
784 277 10 12 0.080494314 
617 213 7 9 0.080368176 
205 300 11 12 0.08020622 
672 254 8 10 0.079984725 
298 236 9 11 0.079937495 
713 254 8 11 0.07976959 
160 221 8 10 0.07972601 
982 551 12 18 0.079645835 
947 636 15 18 0.07962161 
353 136 7 9 0.07959693 
702 214 8 9 0.07948488 
913 176 9 10 0.07947107 
984 302 9 12 0.07942101 
831 159 8 10 0.07939889 
840 173 8 9 0.07922632 
281 191 8 10 0.07906587 
247 191 8 10 0.079027876 
878 252 11 12 0.07868672 
823 476 12 17 0.078576155 
679 232 8 10 0.078563645 
677 318 12 15 0.078523815 
934 316 10 12 0.07844601 
146 190 8 11 0.0782539 
673 238 8 10 0.07820876 
248 145 7 9 0.0779696 
462 548 10 13 0.07792448 
287 248 9 11 0.0777169 
152 635 14 18 0.07768221 
577 261 8 11 0.0774375 
193 285 10 12 0.07739281 
199 199 8 10 0.07734209 
789 230 9 10 0.076945156 
954 184 7 10 0.076944456 
38 216 8 10 0.076730765 
989 272 9 11 0.07634316 
823 207 8 10 0.07632379 
927 214 8 10 0.07630681 
316 324 12 16 0.07605622 
933 358 9 12 0.075921334 
946 199 7 9 0.075907685 
828 275 9 11 0.07555308 
222 207 8 9 0.075502805 
950 224 7 10 0.07549309 
769 200 8 10 0.07548247 
679 256 7 9 0.075321965 
752 254 9 10 0.07520661 
289 212 8 10 0.075048335 
160 215 9 11 0.07492953 
829 475 12 18 0.07491855 
58 611 12 16 0.074765265 
231 245 10 12 0.074752666 
366 272 9 13 0.0747385 
769 362 12 16 0.07444548 
925 286 9 11 0.07414272 
785 331 12 15 0.07414024 
976 208 7 9 0.073935755 
991 250 9 11 0.07389699 
688 231 7 8 0.073759526 
367 251 9 12 0.07372251 
40 132 8 10 0.07362815 
9 175 8 10 0.07344067 
922 262 9 11 0.07337797 
759 207 7 9 0.07333758 
922 283 8 12 0.073289685 
1011 473 12 19 0.073255114 
304 317 13 17 0.07319134 
166 255 8 10 0.07318742 
870 270 8 11 0.07289955 
1005 554 12 15 0.07287959 
49 207 8 10 0.07268139 
847 267 9 11 0.07260205 
745 221 9 11 0.0723923 
912 153 7 9 0.07227308 
656 253 7 10 0.0720881 
706 332 12 15 0.07197515 
158 268 9 12 0.07197223 
210 145 7 9 0.07190633 
88 185 9 10 0.071849644 
936 168 8 10 0.071669884 
952 270 10 12 0.07160119 
823 291 10 12 0.071322836 
558 243 9 12 0.07119332 
814 145 8 10 0.07098764 
905 287 9 11 0.070922665 
747 265 8 11 0.07081673 
688 185 7 10 0.07070368 
260 443 15 18 0.07034294 
256 237 9 10 0.07029321 
893 320 9 12 0.07020229 
822 223 8 10 0.07009946 
78 230 7 10 0.07002661 
634 270 8 10 0.06997625 
897 306 10 14 0.06983878 
373 465 15 22 0.06944352 
870 359 8 12 0.0691787 
686 276 8 10 0.06909046 
330 173 8 10 0.06900294 
863 182 8 11 0.06890629 
271 188 8 10 0.06872438 
565 297 12 15 0.06866414 
741 434 16 21 0.06865073 
993 309 10 12 0.068557896 
761 214 8 9 0.068493254 
750 238 8 10 0.06833004 
815 246 8 11 0.06829438 
263 293 8 11 0.068268806 
880 208 7 9 0.06808345 
246 183 8 10 0.06754525 
924 376 9 12 0.06751175 
218 207 7 9 0.06740705 
605 199 8 10 0.06740298 
66 212 8 11 0.06725874 
892 527 12 14 0.06709188 
2 588 13 18 0.06700792 
607 216 7 9 0.066984445 
825 265 9 10 0.06695999 
822 328 10 13 0.06676968 
918 272 9 11 0.06675772 
752 191 8 10 0.06670713 
785 144 7 9 0.066658504 
727 180 7 10 0.066585466 
696 201 7 9 0.06647136 
789 207 8 10 0.06628386 
1000 339 10 13 0.06597439 
978 215 8 9 0.06575324 
896 223 8 10 0.06557828 
917 200 9 10 0.06548047 
139 276 9 12 0.06529465 
273 207 7 10 0.06525309 
360 157 8 10 0.06524372 
343 293 9 11 0.06514713 
207 236 9 10 0.065086074 
623 269 8 10 0.06503447 
808 184 9 11 0.064982414 
224 230 8 10 0.064924896 
666 190 8 9 0.06475509 
887 167 7 8 0.06459762 
223 192 8 9 0.06455799 
151 221 8 10 0.064268015 
206 260 9 12 0.06417734 
173 294 9 12 0.064167224 
752 229 8 10 0.06405134 
94 254 8 10 0.06403522 
855 349 11 14 0.06391928 
739 355 14 17 0.06383728 
593 254 8 10 0.063768655 
191 232 7 9 0.06374951 
192 245 9 11 0.06372124 
1013 240 8 11 0.063620664 
783 213 8 10 0.06356057 
766 254 10 13 0.06354953 
710 273 9 10 0.06352975 
701 346 12 14 0.06346261 
670 315 12 16 0.06345447 
569 200 8 10 0.063327305 
277 183 7 9 0.06326584 
773 199 9 11 0.06324206 
973 379 13 14 0.063219465 
822 213 8 10 0.0632004 
224 199 6 8 0.063141175 
862 248 9 10 0.06310581 
690 416 16 18 0.06290357 
333 291 10 12 0.06283347 
184 223 8 10 0.0627219 
929 168 7 9 0.06268261 
599 166 7 9 0.06258219 
846 198 7 9 0.062544845 
143 215 8 11 0.06252352 
688 225 8 10 0.06234759 
208 248 8 10 0.062246244 
627 299 12 15 0.06223094 
720 211 10 12 0.062178284 
953 275 10 13 0.06216264 
689 240 7 9 0.06208738 
720 284 9 11 0.062067043 
919 350 11 14 0.062008746 
290 394 18 21 0.061942782 
161 184 8 11 0.061901543 
56 233 8 10 0.06184682 
361 272 9 12 0.061827045 
177 151 7 9 0.06181262 
910 293 8 11 0.061777867 
821 287 9 12 0.061661556 
705 196 8 10 0.061612032 
848 143 8 11 0.0615999 
784 208 8 10 0.061493903 
776 166 9 11 0.061377782 
760 174 7 10 0.061344396 
831 232 8 10 0.061273444 
194 279 10 12 0.061175454 
992 283 9 13 0.06113085 
78 143 9 11 0.060985763 
136 245 8 11 0.060831614 
625 174 6 9 0.06073982 
990 334 10 14 0.060558397 
944 587 11 12 0.060448505 
305 199 8 10 0.060429394 
582 257 8 10 0.060425922 
760 245 9 11 0.060375083 
419 320 16 18 0.06036171 
286 153 7 9 0.060252078 
363 544 15 20 0.060245223 
25 619 11 14 0.060238358 
333 254 9 11 0.06018596 
273 176 8 9 0.060103483 
990 278 9 11 0.060078263 
334 263 8 11 0.059961952 
991 304 9 11 0.05992303 
719 173 8 11 0.059728272 
217 192 7 9 0.059584763 
124 341 11 14 0.059574585 
615 268 8 11 0.0594675 
1001 267 9 11 0.059457093 
54 207 8 9 0.05944915 
912 412 12 16 0.059225466 
748 362 17 19 0.05919873 
695 212 8 11 0.05918824 
695 224 8 9 0.059169818 
635 231 7 9 0.059155107 
68 317 9 11 0.059077695 
607 182 7 9 0.059071433 
607 281 10 11 0.059045922 
783 224 9 11 0.058991548 
369 241 8 9 0.058922786 
214 294 8 11 0.058910947 
168 192 8 10 0.05883831 
136 133 7 10 0.05880376 
957 232 8 10 0.058787078 
270 293 10 12 0.0587812 
284 193 9 10 0.058621883 
277 260 9 11 0.05854577 
272 248 9 11 0.05849351 
697 303 8 11 0.0583814 
729 143 7 9 0.05821755 
975 260 8 10 0.05817594 
617 209 8 10 0.058141384 
892 502 11 16 0.058059163 
696 230 7 9 0.057928003 
395 412 11 13 0.057818387 
263 278 9 12 0.05781587 
366 214 9 11 0.0577564 
38 222 8 10 0.057739027 
217 198 7 9 0.057717953 
890 571 14 16 0.057654224 
952 152 8 9 0.057598848 
273 167 7 10 0.05758549 
865 498 15 17 0.057584994 
337 276 9 12 0.05758203 
697 167 7 9 0.057571426 
98 208 8 11 0.057558388 
209 150 8 9 0.05746214 
889 322 10 13 0.057416994 
183 260 9 11 0.0573602 
175 281 11 15 0.057327915 
841 191 8 10 0.05723711 
1013 213 8 12 0.05718866 
144 183 8 9 0.057180703 
740 363 15 18 0.057099834 
14 175 7 10 0.057076596 
161 200 8 10 0.057067294 
654 205 8 10 0.056973822 
138 255 8 9 0.056846783 
885 230 9 11 0.05663974 
111 168 8 10 0.056589425 
679 224 7 9 0.056514565 
1 523 13 18 0.05644896 
647 269 9 11 0.056349594 
318 268 8 11 0.056204744 
118 263 9 11 0.05613952 
384 177 7 9 0.056042675 
576 199 8 10 0.05580711 
31 179 8 11 0.055802662 
282 153 7 9 0.05579003 
192 217 8 9 0.055672765 
921 294 9 12 0.055669654 
558 212 8 10 0.055648215 
886 364 10 14 0.05556129 
819 337 14 15 0.05552484 
183 207 8 9 0.055402633 
257 208 7 9 0.055383176 
762 158 7 9 0.055313796 
314 174 7 9 0.05525432 
551 355 12 14 0.055210155 
479 539 26 30 0.055205178 
872 197 9 10 0.055156577 
569 237 8 10 0.055049695 
126 200 8 10 0.054976493 
686 291 10 13 0.054942265 
679 166 9 10 0.05485494 
957 151 8 9 0.054827787 
136 159 7 10 0.05479572 
191 222 8 10 0.054600213 
166 206 8 10 0.054559197 
698 261 9 11 0.054537207 
579 268 9 13 0.054430827 
214 145 7 9 0.054369733 
329 160 8 9 0.054341972 
735 246 9 12 0.054278824 
984 252 10 12 0.05425556 
153 160 8 9 0.054185823 
728 284 10 11 0.05407125 
381 314 13 15 0.053915787 
918 177 8 9 0.05379483 
576 221 9 11 0.053753484 
822 158 8 11 0.05374455 
175 207 8 10 0.05368342 
768 316 10 14 0.053325735 
870 212 8 10 0.05332434 
737 323 11 16 0.053256504 
40 207 8 9 0.05323038 
973 389 11 14 0.05305695 
113 265 8 10 0.0530513 
185 191 7 10 0.053037666 
167 223 9 10 0.052987758 
115 249 7 9 0.05294683 
958 245 9 11 0.0528756 
873 159 8 9 0.052831914 
117 275 8 11 0.052824423 
114 253 8 10 0.052693415 
887 181 8 10 0.052692745 
62 248 9 12 0.052678164 
71 208 9 12 0.05263029 
343 326 11 13 0.052574478 
265 185 7 9 0.05253399 
921 300 9 12 0.052520867 
917 245 8 10 0.052460484 
893 214 9 11 0.052427407 
897 165 8 10 0.052407514 
812 302 11 14 0.052402254 
202 330 13 16 0.052352007 
766 260 10 11 0.05229524 
369 586 14 18 0.052285574 
702 208 8 10 0.05228357 
440 614 17 21 0.052161064 
999 358 10 14 0.052092306 
273 285 9 11 0.051965263 
830 206 7 9 0.051950675 
829 181 8 11 0.051949147 
691 589 12 15 0.051845737 
374 440 15 19 0.051769197 
230 151 7 9 0.051713824 
9 200 8 11 0.051705405 
161 160 7 9 0.051616747 
136 223 8 10 0.051593352 
926 223 8 10 0.05158723 
758 315 11 14 0.051558796 
805 316 11 14 0.05150221 
917 238 9 11 0.05142884 
952 304 10 11 0.051410582 
568 191 7 10 0.051396582 
510 617 15 18 0.051388785 
230 199 7 9 0.05122081 
962 223 8 10 0.051199023 
102 285 8 10 0.05114235 
222 224 8 10 0.05086443 
678 207 8 10 0.050718427 
305 185 7 9 0.050632022 
782 166 8 11 0.050602943 
920 317 8 11 0.05056098 
592 183 7 9 0.05052263 
125 531 12 16 0.050515316 
624 208 7 10 0.050493296 
317 503 16 20 0.05047462 
570 214 9 11 0.0504565 
842 197 8 10 0.050444953 
977 341 11 15 0.0503817 
199 175 8 9 0.050229684 
294 247 9 11 0.05020922 
813 184 9 10 0.050180852 
760 239 9 11 0.050136257 
313 151 8 9 0.050128832 
151 216 9 11 0.050067 
711 224 8 10 0.050045934 
838 215 8 11 0.049826913 
935 252 9 12 0.04975973 
668 321 14 17 0.049744107 
159 285 9 11 0.04970656 
144 236 9 11 0.049679928 
943 207 8 10 0.04966634 
738 254 8 10 0.049557906 
705 286 9 11 0.049459323 
912 158 8 9 0.049391568 
254 291 10 12 0.049346473 
545 175 8 11 0.049313623 
978 223 7 10 0.049307343 
247 150 9 9 0.049298305 
790 310 9 13 0.049211737 
342 438 15 19 0.0491901 
838 318 12 14 0.04918594 
34 217 8 10 0.049146365 
111 159 8 10 0.049145184 
651 277 9 12 0.049063902 
165 183 9 11 0.049060147 
801 197 9 11 0.049007304 
159 279 8 10 0.04884795 
301 143 8 10 0.04880135 
324 567 14 17 0.04872019 
312 160 7 9 0.04866229 
296 129 7 8 0.048658382 
369 379 15 18 0.048602983 
114 434 14 16 0.048426222 
919 206 9 11 0.04837636 
175 221 9 11 0.048247907 
225 150 8 9 0.048198216 
117 119 8 9 0.048143778 
929 152 7 9 0.048069958 
974 304 9 11 0.048058495 
518 321 14 17 0.04805462 
581 222 9 11 0.04804649 
33 222 8 10 0.048039854 
377 253 9 12 0.047987178 
1008 211 10 13 0.047901552 
672 209 8 9 0.047877092 
263 160 7 8 0.047713563 
144 222 9 10 0.047698174 
912 373 9 12 0.047654074 
831 262 8 10 0.047589775 
356 332 12 16 0.047587126 
258 192 7 10 0.047546916 
766 333 11 14 0.04751254 
951 206 8 10 0.047446493 
706 185 7 9 0.04735917 
769 205 7 10 0.04732614 
821 359 13 17 0.04725964 
107 143 10 11 0.047233786 
902 197 9 11 0.047224876 
333 247 8 11 0.047161024 
671 248 8 10 0.04714013 
70 238 9 10 0.047103748 
136 333 9 11 0.04705957 
91 269 8 10 0.04700809 
312 265 8 10 0.0469749 
550 175 7 10 0.046971824 
159 190 8 10 0.04687079 
360 227 9 11 0.04686757 
224 145 8 9 0.04682845 
336 226 8 10 0.04665642 
673 233 8 9 0.04664551 
927 257 9 11 0.04664376 
841 323 13 15 0.046531472 
22 225 8 9 0.0464027 
360 217 9 11 0.0463404 
17 223 8 9 0.0463191 
278 214 8 10 0.046260543 
600 176 8 9 0.04624072 
737 159 7 9 0.04615239 
102 279 8 10 0.046042092 
879 197 8 10 0.046002608 
323 314 12 15 0.045908477 
863 159 7 9 0.045869093 
897 161 8 9 0.04579724 
896 237 9 12 0.045768254 
831 288 10 12 0.04576791 
807 136 7 8 0.045730095 
248 292 10 12 0.045713454 
967 227 8 11 0.045587774 
879 159 6 9 0.045586888 
215 248 7 9 0.0455865 
714 206 7 10 0.045555227 
690 245 7 10 0.04547965 
753 206 7 9 0.04547694 
167 198 10 11 0.045415577 
637 314 15 18 0.045400977 
96 136 8 9 0.045311462 
345 135 8 9 0.045273922 
233 263 9 11 0.04524541 
201 263 9 11 0.045223232 
374 269 10 12 0.045203213 
317 216 8 11 0.04501848 
277 280 10 12 0.044992886 
834 475 16 19 0.04498088 
855 262 9 11 0.044943325 
966 578 12 16 0.04493893 
38 176 8 10 0.044730682 
737 173 8 10 0.044695575 
840 184 8 9 0.044690542 
806 198 8 10 0.044687547 
766 159 7 9 0.044635616 
913 233 8 9 0.044619218 
329 239 8 9 0.044609 
873 402 12 14 0.044567235 
126 247 9 11 0.04454193 
381 253 10 11 0.04452153 
128 173 7 10 0.0444989 
960 205 8 9 0.044484533 
624 191 7 9 0.04448406 
928 340 11 13 0.04445565 
815 200 8 9 0.044426773 
864 176 8 10 0.04439558 
777 223 9 11 0.044387218 
720 272 8 10 0.044386167 
751 248 9 10 0.044373628 
713 260 9 11 0.044317003 
130 511 16 20 0.04431476 
665 253 7 10 0.04427687 
688 167 7 9 0.04418751 
229 182 9 10 0.0440943 
248 159 8 9 0.044091467 
864 198 8 10 0.044089697 
336 143 7 10 0.044052113 
360 152 8 10 0.043999434 
808 223 9 10 0.04399673 
395 310 13 15 0.04398395 
761 153 7 9 0.043965142 
824 199 8 9 0.04395691 
841 160 8 9 0.04392632 
248 168 7 9 0.043912027 
902 160 8 10 0.04377649 
785 149 7 8 0.043769166 
623 238 8 9 0.043676447 
323 489 14 18 0.043527305 
198 246 8 9 0.0435178 
829 617 14 19 0.04350609 
366 152 8 10 0.043474514 
697 174 8 9 0.043367542 
77 198 8 10 0.043349177 
991 596 32 73 0.043245606 
622 288 11 13 0.04320979 
600 182 8 9 0.043158695 
493 634 14 16 0.043134257 
808 330 11 15 0.043112226 
655 223 8 9 0.043100122 
248 198 7 10 0.043037567 
993 372 10 13 0.04300328 
278 208 8 10 0.042978946 
590 214 7 9 0.042887915 
318 232 8 9 0.042846728 
96 128 8 9 0.042686198 
983 209 8 9 0.042626403 
612 612 15 19 0.04259607 
352 165 8 10 0.042573437 
94 262 8 11 0.042556416 
139 500 20 26 0.042545497 
969 380 11 12 0.04246694 
917 598 13 16 0.04245379 
185 256 8 10 0.04244092 
1014 182 8 11 0.04241128 
328 207 8 10 0.042379033 
295 182 8 10 0.042372108 
631 253 7 10 0.042350926 
577 191 8 10 0.04234638 
61 492 16 20 0.04227323 
680 200 7 9 0.0421845 
47 213 10 12 0.042159744 
360 137 6 8 0.042125385 
286 224 8 10 0.04212181 
622 337 14 20 0.042094495 
799 507 12 16 0.042030822 
170 296 8 11 0.04202417 
113 198 8 11 0.04185693 
836 587 10 13 0.041825082 
695 160 7 9 0.041771647 
892 356 11 14 0.041751225 
318 151 7 9 0.041656528 
849 240 8 10 0.041587036 
983 230 8 10 0.04151029 
81 128 7 9 0.041438308 
253 303 9 12 0.04142592 
592 190 7 9 0.04139431 
298 190 8 10 0.041387748 
22 263 9 10 0.041381 
86 119 7 9 0.041366085 
517 238 9 13 0.04135518 
902 165 8 11 0.041311648 
779 386 13 17 0.041306943 
765 245 9 11 0.04126835 
654 231 8 10 0.041200843 
186 199 7 9 0.041197646 
225 175 8 10 0.041154977 
998 279 12 14 0.04112684 
600 192 8 10 0.04111392 
592 247 8 11 0.041102663 
181 180 9 11 0.04108265 
590 208 8 9 0.041081253 
843 255 10 12 0.041070744 
97 299 9 12 0.04106875 
237 294 11 12 0.04106545 
1007 265 9 11 0.04104699 
22 229 10 10 0.04103815 
253 541 13 16 0.041023504 
128 238 8 11 0.040841263 
703 238 8 10 0.040834077 
313 278 8 11 0.04082588 
74 272 8 9 0.040781025 
319 264 8 11 0.040774006 
302 190 8 9 0.040756702 
1014 219 9 12 0.040745955 
767 166 8 10 0.040741414 
375 247 8 11 0.040722 
606 206 7 9 0.040670507 
125 255 8 9 0.04064501 
78 278 7 9 0.040621508 
608 177 8 9 0.04058507 
331 230 7 10 0.040510293 
749 319 13 15 0.04034191 
335 160 7 9 0.040273428 
641 191 7 9 0.040264413 
846 562 15 21 0.04023229 
895 284 8 11 0.040208906 
831 298 10 13 0.040199637 
718 342 11 15 0.040144987 
916 398 11 13 0.040133882 
696 350 11 14 0.040077798 
726 213 9 10 0.040052373 
927 208 9 11 0.040037923 
361 247 8 10 0.04003177 
925 554 16 21 0.040029608 
958 160 8 9 0.040004086 
319 302 10 12 0.040001918 
767 153 6 8 0.03997529 
220 272 9 11 0.039894097 
850 287 11 13 0.039820142 
976 175 8 11 0.039737035 
704 295 18 24 0.039717775 
281 224 7 9 0.039593462 
663 240 7 9 0.039556522 
633 223 7 10 0.039476823 
445 515 13 15 0.03946894 
360 207 7 9 0.039455887 
703 167 7 8 0.039358184 
293 270 9 11 0.03935757 
254 224 7 10 0.039333474 
752 177 7 9 0.03930986 
609 269 9 11 0.03919243 
334 198 7 9 0.039168146 
910 312 10 12 0.03914485 
16 261 8 9 0.03913117 
552 403 22 29 0.039082393 
334 166 8 10 0.03904951 
792 200 7 10 0.0390274 
655 215 7 10 0.039020263 
766 216 8 9 0.039010048 
928 311 8 11 0.03899705 
776 230 9 10 0.038967676 
812 544 14 19 0.03894279 
798 597 13 15 0.038900778 
829 311 11 13 0.038887374 
32 167 7 9 0.038861476 
718 247 8 10 0.038843706 
33 240 8 10 0.038833294 
940 328 9 12 0.038811542 
143 126 8 10 0.038676273 
917 541 10 13 0.038649768 
119 182 7 10 0.038645215 
690 159 6 9 0.038596243 
329 224 8 9 0.038522996 
920 364 10 12 0.038439088 
333 191 8 10 0.038410693 
920 390 9 11 0.038387857 
928 238 8 9 0.038366407 
615 232 9 10 0.03835188 
759 182 7 10 0.038263638 
729 294 9 13 0.038259454 
181 286 8 11 0.038235255 
278 167 8 10 0.038166948 
726 256 8 11 0.03814397 
630 169 8 10 0.03812614 
646 288 9 11 0.038043555 
666 220 8 10 0.038006637 
982 294 9 12 0.037951436 
632 200 7 9 0.037915885 
704 232 7 9 0.037910823 
753 389 23 26 0.03784472 
298 307 10 15 0.03781514 
317 174 8 10 0.037779335 
919 312 8 11 0.037762377 
215 260 10 12 0.037758987 
518 307 23 30 0.037692446 
214 150 7 9 0.037676875 
855 367 11 13 0.03760604 
662 300 11 13 0.03757092 
664 206 8 9 0.03756224 
208 582 13 15 0.037560202 
977 230 8 9 0.037546966 
905 206 8 10 0.037536614 
857 159 7 9 0.037509825 
200 168 8 9 0.037447054 
536 320 18 21 0.03741074 
350 270 8 10 0.03738634 
334 206 8 10 0.037375305 
680 245 8 10 0.03734552 
134 166 8 10 0.037335835 
984 198 8 10 0.037295237 
294 208 8 10 0.03723194 
115 466 16 20 0.037230473 
721 311 20 25 0.037214614 
330 191 7 10 0.037180297 
262 199 8 10 0.03717904 
961 216 8 9 0.03717411 
723 444 12 16 0.037123937 
38 198 8 10 0.037109666 
95 239 8 11 0.037055835 
992 366 10 13 0.03704698 
742 299 10 12 0.03704052 
986 182 8 10 0.0370263 
846 289 17 22 0.036992792 
375 260 11 14 0.036964707 
913 555 11 15 0.036939517 
625 345 14 20 0.03689936 
935 152 7 10 0.036892172 
271 271 9 12 0.03679049 
946 192 8 10 0.03677217 
248 284 11 14 0.036761884 
695 184 7 10 0.036749415 
576 183 6 8 0.036723483 
117 127 8 10 0.03672339 
883 175 8 10 0.036634706 
223 214 8 9 0.036615457 
230 362 15 20 0.036606714 
553 255 9 12 0.036564685 
560 255 9 11 0.036562987 
728 199 7 10 0.03653777 
295 176 8 9 0.036535867 
233 295 8 10 0.036529314 
79 134 8 10 0.03652118 
79 236 8 11 0.03651681 
176 168 8 9 0.03646003 
319 587 14 15 0.036428068 
256 135 8 9 0.03640325 
242 184 7 9 0.03635688 
927 174 8 10 0.036313012 
200 183 7 10 0.03629727 
631 276 10 12 0.036286645 
293 263 9 11 0.036240783 
990 182 8 10 0.036202833 
719 200 8 9 0.036191985 
713 174 8 11 0.03617839 
178 621 11 14 0.03616007 
838 287 9 10 0.036138695 
932 263 10 12 0.036107905 
710 327 10 13 0.036090102 
168 249 9 10 0.035963845 
200 214 7 9 0.035943974 
12 530 12 17 0.03586699 
350 263 8 11 0.03584407 
856 355 12 14 0.03582803 
709 284 10 12 0.035815064 
579 373 17 20 0.035756767 
247 174 8 9 0.03574594 
350 243 8 11 0.03573409 
233 252 9 11 0.03572767 
865 151 6 9 0.035535328 
633 265 7 9 0.03553353 
902 293 10 12 0.035488926 
737 446 22 27 0.03548697 
807 244 10 12 0.0354747 
141 333 8 10 0.035469577 
684 319 10 13 0.035447262 
174 158 8 10 0.03532641 
193 307 9 13 0.03528886 
941 315 9 12 0.035245504 
790 317 10 12 0.03522619 
808 286 10 12 0.035177182 
175 247 9 11 0.035174333 
181 151 9 10 0.035150416 
774 238 8 11 0.03508266 
814 224 9 10 0.03507856 
854 343 10 12 0.035038333 
256 159 8 9 0.035033572 
885 238 9 11 0.035005637 
748 337 13 15 0.034975044 
863 438 14 17 0.03495983 
948 481 15 20 0.034956254 
90 214 8 11 0.03495021 
204 275 11 12 0.03494438 
113 114 7 8 0.034933012 
167 165 8 11 0.034930017 
887 199 7 9 0.034900073 
247 206 7 10 0.0348615 
167 215 8 10 0.034825277 
959 175 9 10 0.034806337 
975 181 8 10 0.034734737 
613 239 9 10 0.03471201 
478 429 23 26 0.034687113 
272 223 7 9 0.034684256 
313 285 11 13 0.03467313 
190 291 11 14 0.03465883 
902 238 9 10 0.034596317 
625 253 9 10 0.034590457 
654 182 8 11 0.034559894 
1011 369 11 16 0.034505982 
936 603 28 32 0.03450476 
647 231 7 9 0.034421828 
607 233 8 10 0.034416642 
181 504 16 19 0.034413964 
232 158 8 9 0.034399036 
265 176 7 9 0.034367315 
41 470 24 26 0.03434556 
335 120 7 9 0.034338035 
666 184 7 10 0.034335863 
781 310 9 13 0.034252264 
161 152 7 9 0.03422275 
25 158 8 11 0.03419546 
831 379 11 14 0.0341422 
206 200 8 10 0.03402317 
168 152 7 9 0.033971824 
777 214 8 10 0.033970226 
832 236 9 12 0.033961967 
823 151 8 10 0.033961516 
340 362 13 16 0.03396139 
728 136 8 9 0.033960797 
845 191 8 10 0.033958185 
262 206 8 9 0.033931244 
127 222 8 11 0.033905234 
864 255 8 11 0.033842396 
903 321 17 22 0.033823505 
831 153 8 9 0.0337665 
603 467 22 25 0.03374198 
585 209 8 10 0.033731136 
226 182 8 10 0.03368396 
230 175 8 10 0.033673473 
195 589 11 13 0.033668593 
1000 550 12 16 0.033635914 
334 308 10 13 0.033610135 
639 200 7 9 0.03359607 
937 229 8 11 0.033553652 
472 331 12 17 0.03351802 
927 277 9 12 0.033514954 
193 159 8 9 0.033506837 
786 324 18 22 0.033486605 
809 144 8 9 0.03346821 
390 285 11 15 0.033451244 
818 370 12 16 0.03344413 
263 589 13 14 0.033438977 
975 199 8 10 0.03343887 
690 212 9 11 0.03342681 
234 300 9 13 0.033415973 
665 248 8 10 0.033395085 
951 175 8 9 0.03339482 
879 224 9 11 0.03339069 
897 367 17 23 0.033278205 
5 166 9 11 0.03321543 
350 174 8 10 0.033188347 
887 247 9 11 0.03314097 
677 340 13 17 0.033135727 
672 164 9 11 0.03310966 
847 279 9 10 0.03308638 
638 225 8 9 0.033082344 
896 367 10 13 0.03308222 
625 199 8 9 0.03307891 
1008 506 14 21 0.03307805 
397 637 15 18 0.033039182 
22 246 9 9 0.032953672 
760 135 8 9 0.032807287 
288 292 8 11 0.03272397 
847 151 8 10 0.03271969 
737 458 17 21 0.032717 
330 181 8 10 0.032645844 
849 206 8 10 0.032548074 
1008 221 9 11 0.032528777 
767 324 10 13 0.032491524 
238 285 11 13 0.03248923 
200 300 11 14 0.03245202 
77 247 8 11 0.03243658 
789 384 15 18 0.032421198 
253 270 11 13 0.03234666 
829 199 8 10 0.03232898 
342 287 9 11 0.03229017 
92 184 9 10 0.032285836 
845 166 8 10 0.032265555 
796 399 16 20 0.032257617 
102 256 8 10 0.032155044 
992 598 12 16 0.032131437 
915 419 12 15 0.0320734 
222 302 8 10 0.03204728 
369 260 9 13 0.03204218 
985 190 9 11 0.03202204 
273 214 8 10 0.032006525 
762 552 24 28 0.03196322 
193 175 8 10 0.03195449 
662 200 8 9 0.031945284 
822 254 8 10 0.03193358 
17 247 8 9 0.031924564 
221 284 10 12 0.03191969 
766 296 10 12 0.031913217 
911 368 9 12 0.03191095 
142 248 9 10 0.031858876 
262 485 12 16 0.031850066 
688 256 8 10 0.03177789 
373 175 9 10 0.031760387 
676 304 9 11 0.031747866 
81 120 7 9 0.03171716 
534 191 8 10 0.031707656 
728 225 9 10 0.031686593 
968 206 8 9 0.031673666 
822 247 8 11 0.031669416 
800 246 8 11 0.031637095 
303 149 8 10 0.031628113 
747 373 22 25 0.03160946 
631 204 8 10 0.031591725 
933 336 12 15 0.031551298 
30 134 8 9 0.031535514 
383 279 9 12 0.031442646 
112 134 8 10 0.031441797 
277 384 15 20 0.03143914 
250 342 14 17 0.03143176 
171 426 16 19 0.03142793 
111 190 7 10 0.03142765 
10 523 13 17 0.031375393 
810 158 9 11 0.03131474 
674 262 8 11 0.031259228 
293 252 9 12 0.031172864 
588 424 16 17 0.031136235 
220 161 9 10 0.031126648 
798 327 10 12 0.03111649 
216 284 10 12 0.031098168 
858 182 8 10 0.031091457 
839 278 9 11 0.031090856 
1000 214 9 11 0.03107478 
782 342 13 16 0.030996403 
911 215 8 10 0.030895552 
705 162 7 8 0.030887399 
278 268 10 12 0.030882133 
722 312 9 13 0.030843921 
953 168 8 8 0.030794317 
297 147 8 11 0.030792736 
823 229 9 11 0.03073193 
18 206 8 9 0.030729812 
776 350 12 16 0.03061424 
830 362 12 15 0.030609243 
328 214 8 10 0.030608527 
351 129 7 9 0.030598363 
368 296 11 17 0.030567916 
757 323 10 12 0.03056604 
306 212 8 10 0.03056462 
942 213 8 10 0.03054094 
127 231 8 11 0.030436497 
72 247 9 12 0.030394956 
592 177 7 8 0.030360488 
970 304 9 12 0.030270709 
389 313 13 15 0.030261556 
744 182 8 10 0.030241637 
822 265 18 22 0.03020988 
8 148 8 11 0.03017489 
926 198 8 10 0.030113036 
528 482 14 17 0.03004566 
711 214 9 10 0.030012177 
159 579 12 14 0.030010018 
104 199 7 10 0.029944358 
721 360 14 18 0.0299165 
801 310 10 15 0.029916374 
790 253 8 11 0.029896345 
839 238 8 11 0.02989402 
229 230 9 10 0.029891618 
507 581 11 14 0.029887397 
342 314 12 15 0.029872997 
934 240 8 9 0.029861363 
856 200 9 10 0.029799262 
865 601 12 15 0.029788403 
735 213 8 10 0.029773494 
788 356 12 15 0.02971261 
742 279 10 11 0.029686261 
281 497 23 29 0.029660195 
896 151 8 9 0.029653793 
29 159 8 10 0.029652724 
916 343 11 13 0.029604796 
1013 317 10 15 0.029599708 
166 174 9 11 0.029539946 
982 263 7 9 0.029528068 
289 128 7 9 0.029516347 
1006 189 8 11 0.029503789 
599 221 8 10 0.029490441 
790 150 8 9 0.029453825 
920 223 8 10 0.029448047 
412 581 12 14 0.029435813 
977 168 7 10 0.029371457 
843 482 16 19 0.029340005 
943 268 9 11 0.029321935 
892 511 13 17 0.02931489 
257 199 7 9 0.029305136 
464 581 14 18 0.029296821 
578 168 7 9 0.029296685 
881 183 8 10 0.029276222 
603 238 8 11 0.029260175 
650 248 8 10 0.029209753 
980 380 10 12 0.029179944 
736 337 12 16 0.02916803 
857 176 7 9 0.029153217 
599 231 8 10 0.029103264 
912 223 7 9 0.029099688 
109 148 8 11 0.029095875 
381 333 18 23 0.028991085 
772 312 18 23 0.028987488 
119 587 16 20 0.028976284 
831 352 11 14 0.028956166 
97 110 7 9 0.028898673 
997 248 9 11 0.028877538 
295 291 10 13 0.028790936 
54 213 8 11 0.028781774 
102 136 9 10 0.028725574 
886 192 7 9 0.02871346 
710 353 14 17 0.028707875 
606 153 8 9 0.028705264 
86 127 8 9 0.02868987 
650 201 7 9 0.02868875 
404 274 11 13 0.02868471 
683 342 12 15 0.028658198 
16 280 8 12 0.028656684 
840 269 9 11 0.028656134 
391 290 13 17 0.028636549 
747 258 19 23 0.028589051 
397 380 12 17 0.028555129 
192 183 8 11 0.028522488 
323 324 12 15 0.028493872 
271 641 12 15 0.028488679 
649 183 8 10 0.02846192 
719 294 10 13 0.028423712 
247 301 11 14 0.0284056 
344 159 7 9 0.028396236 
39 230 9 10 0.028379248 
630 173 8 10 0.028358148 
629 607 27 29 0.028339038 
866 231 10 12 0.028325923 
14 168 8 10 0.028265554 
947 582 14 16 0.028262777 
670 331 13 16 0.028256431 
1008 238 9 11 0.0282536 
215 216 7 9 0.0282232 
77 192 9 10 0.028190572 
147 278 10 12 0.028171362 
138 345 21 28 0.028148394 
865 236 9 12 0.028124169 
88 230 8 11 0.02812284 
615 169 8 9 0.028098948 
384 282 11 15 0.028092397 
141 261 9 11 0.028039785 
936 363 9 12 0.02798214 
839 395 12 16 0.027931578 
619 643 10 13 0.027912002 
444 400 17 21 0.027908148 
660 329 16 17 0.02789998 
704 222 7 10 0.027878558 
119 158 8 11 0.027876906 
0 172 8 12 0.027859477 
677 329 13 16 0.027823305 
999 222 8 11 0.027820824 
895 253 10 12 0.027790293 
870 175 8 10 0.027788393 
743 206 8 10 0.02776559 
245 246 9 11 0.027748315 
901 467 11 15 0.0277423 
600 248 8 10 0.02773497 
973 256 9 11 0.027732637 
823 144 8 9 0.027729904 
817 174 9 10 0.027712721 
240 342 14 18 0.027700918 
877 286 10 12 0.027682329 
841 152 8 9 0.027651807 
118 176 9 11 0.027625762 
37 142 10 12 0.027597282 
870 304 11 13 0.027585143 
29 281 9 11 0.027572706 
239 166 8 10 0.02756043 
980 348 11 14 0.027555328 
568 221 9 10 0.027551793 
120 151 8 9 0.027507197 
6 223 8 11 0.027489282 
167 398 12 16 0.027487881 
968 217 7 8 0.0274481 
650 239 8 10 0.027447237 
353 207 7 9 0.027435806 
902 248 10 11 0.027410472 
319 394 13 19 0.027393002 
551 588 12 15 0.02738821 
873 142 7 9 0.027373398 
781 360 13 16 0.027370233 
703 174 8 10 0.027356043 
671 304 17 22 0.02734805 
289 135 7 9 0.027249215 
560 258 17 23 0.027196063 
152 248 8 10 0.027195219 
737 200 8 10 0.027191384 
648 224 7 9 0.027186923 
741 294 9 12 0.027185658 
182 169 8 9 0.027147721 
882 166 7 10 0.027138948 
397 175 8 10 0.027095273 
719 231 8 10 0.027086727 
866 390 12 14 0.027085584 
877 304 10 12 0.027079768 
566 248 8 10 0.02704835 
736 225 8 10 0.027025765 
8 205 7 11 0.027020535 
151 249 18 23 0.027008876 
67 433 16 19 0.02699206 
174 252 9 10 0.026963871 
647 254 7 9 0.02695642 
90 251 9 12 0.026859334 
707 452 11 16 0.026837885 
63 260 7 10 0.026817078 
600 161 7 10 0.02681705 
32 639 13 17 0.026814226 
206 175 9 10 0.02681394 
18 539 14 18 0.026805641 
0 207 7 11 0.026805045 
230 145 7 8 0.026693013 
1006 308 11 14 0.0266872 
170 267 18 23 0.02667668 
719 240 7 9 0.02666947 
323 595 17 21 0.02665957 
986 547 13 19 0.026652327 
863 165 8 9 0.026592758 
968 393 10 14 0.026591146 
120 192 8 9 0.026563954 
688 200 8 9 0.026552869 
1001 175 7 10 0.026547896 
1005 681 21 42 0.02654073 
582 231 8 10 0.026505228 
791 159 8 10 0.026495736 
332 175 9 10 0.026490873 
757 332 12 15 0.026481168 
88 239 9 10 0.026459659 
64 278 7 10 0.026440931 
256 248 8 10 0.026429048 
87 528 11 13 0.026409103 
613 245 9 10 0.026391875 
883 370 18 22 0.026371254 
935 190 8 9 0.02636711 
180 464 15 16 0.026365517 
198 158 8 9 0.026348965 
105 191 7 9 0.026277546 
670 174 8 10 0.026256654 
799 223 9 11 0.026169004 
912 534 12 15 0.02615823 
241 144 8 9 0.026149634 
616 174 7 9 0.026122527 
792 183 8 10 0.026082067 
927 182 7 9 0.026080228 
889 161 6 9 0.026074028 
368 178 9 12 0.026058502 
108 448 21 26 0.02604428 
396 284 14 18 0.02602908 
996 591 26 37 0.026008984 
800 538 27 34 0.025981182 
920 257 8 10 0.02598069 
76 260 9 11 0.025964098 
78 441 22 26 0.02596143 
2 280 8 11 0.025950799 
576 176 7 9 0.025906837 
854 404 13 17 0.025905307 
786 348 13 15 0.025886668 
136 201 9 10 0.02588165 
916 491 15 18 0.025874637 
206 167 8 10 0.025872184 
770 372 14 17 0.025843687 
973 504 13 18 0.02578955 
982 356 11 14 0.025781415 
625 248 7 9 0.025771134 
23 283 10 12 0.025769267 
957 304 8 11 0.025755746 
577 242 9 12 0.02568931 
207 183 8 10 0.025645303 
992 224 7 10 0.025638016 
800 144 8 9 0.025634637 
931 246 9 11 0.02562995 
5 240 8 10 0.025611678 
118 133 8 10 0.02560338 
951 199 7 10 0.025592402 
920 167 7 9 0.025562013 
240 136 8 9 0.025539853 
867 494 22 28 0.025504882 
801 298 11 14 0.025501337 
638 215 8 10 0.025501253 
766 379 15 19 0.025434118 
422 394 16 19 0.025389941 
856 254 9 11 0.02538879 
1011 555 11 16 0.02537091 
127 118 8 9 0.025326004 
727 299 9 12 0.025322083 
106 159 8 10 0.025318084 
391 300 11 14 0.0253072 
983 284 10 13 0.02523722 
290 402 22 27 0.02521108 
854 143 8 10 0.025197763 
273 248 18 23 0.025196854 
43 255 9 10 0.025185086 
247 237 9 11 0.025172396 
318 168 8 10 0.025164487 
15 199 8 10 0.025159445 
804 370 14 16 0.025153227 
150 198 9 11 0.025065815 
582 168 7 8 0.025063438 
783 303 8 11 0.02505536 
1003 559 16 19 0.025024462 
810 552 27 30 0.024959128 
134 400 14 17 0.024958871 
783 569 15 20 0.024911756 
752 276 10 12 0.024900047 
601 216 8 10 0.024899475 
192 167 8 10 0.024847208 
619 571 14 17 0.024820598 
318 292 10 12 0.024814805 
797 590 11 15 0.024797916 
606 191 7 9 0.024757294 
655 263 8 10 0.024725627 
129 113 7 9 0.024714535 
1006 230 8 10 0.024691869 
158 596 10 13 0.024675589 
167 143 8 10 0.02467084 
86 207 9 10 0.024648108 
107 119 6 9 0.024594402 
830 582 13 16 0.024591293 
904 174 7 10 0.024590101 
984 175 8 10 0.024584748 
870 226 18 23 0.024529707 
622 212 7 10 0.024504902 
967 248 7 10 0.02448841 
637 355 13 17 0.024476169 
16 257 8 9 0.024472598 
736 153 7 9 0.024459554 
63 272 7 10 0.024442175 
242 191 7 9 0.024308477 
140 273 19 23 0.02426987 
158 248 8 10 0.024260689 
830 488 13 17 0.024258062 
504 294 10 13 0.024257975 
231 407 23 25 0.024256108 
578 277 11 15 0.024245964 
126 336 10 12 0.024243997 
850 331 11 14 0.02422734 
16 216 7 9 0.024227003 
353 159 8 10 0.024202341 
804 379 15 17 0.024179421 
968 182 8 10 0.024174193 
147 595 14 15 0.024173 
239 222 8 10 0.024143474 
6 127 8 11 0.024134178 
585 540 24 30 0.024107309 
996 291 13 15 0.0240979 
765 581 12 14 0.024059739 
792 550 11 15 0.024049692 
296 167 7 8 0.02404882 
178 270 11 13 0.023994979 
982 468 16 19 0.023977317 
744 152 7 9 0.023976548 
718 300 10 13 0.023964368 
443 362 13 14 0.023941882 
455 545 13 16 0.023941737 
254 249 18 23 0.023924103 
950 215 8 9 0.023914162 
91 602 14 19 0.023878802 
286 229 9 11 0.023875333 
885 202 19 24 0.023870546 
814 270 9 11 0.023860637 
153 206 7 9 0.023856074 
184 143 8 9 0.023826925 
721 179 9 11 0.023800084 
366 191 9 10 0.02379665 
660 284 10 11 0.023795875 
953 158 9 10 0.023780415 
637 205 9 10 0.023726076 
656 190 7 9 0.023725098 
924 427 14 17 0.023719886 
233 266 18 23 0.0236813 
1012 331 11 14 0.023661062 
366 229 9 12 0.023656668 
836 450 13 16 0.02365436 
743 158 7 9 0.023611894 
840 220 8 11 0.02360049 
686 301 9 11 0.02358823 
489 306 17 20 0.023552515 
1012 200 10 13 0.023539037 
509 588 11 14 0.023516951 
174 306 11 13 0.023458358 
150 183 8 11 0.023425072 
814 327 12 14 0.023422409 
183 292 9 12 0.023412134 
600 271 9 12 0.023399157 
968 326 10 12 0.023393424 
793 481 22 28 0.023379328 
735 143 7 9 0.023368947 
903 250 17 22 0.023344604 
957 457 15 16 0.023314623 
230 191 7 9 0.023304792 
913 191 8 9 0.023261577 
271 144 7 10 0.023259182 
262 269 11 14 0.023258483 
936 223 9 10 0.023223467 
735 368 14 18 0.023214635 
639 236 8 10 0.023198534 
651 175 7 9 0.023160066 
591 230 7 10 0.023148593 
688 153 8 9 0.023128316 
14 149 8 10 0.023124337 
510 462 11 14 0.023120174 
319 159 7 9 0.023058157 
198 293 11 13 0.02304769 
918 592 11 14 0.023034796 
989 357 11 15 0.023033395 
421 612 13 17 0.023024566 
968 192 7 9 0.023010815 
835 368 19 23 0.022993198 
990 249 18 22 0.022956932 
802 253 9 12 0.022947198 
696 189 8 10 0.022918694 
935 157 7 10 0.022916676 
889 294 10 13 0.022914257 
980 388 9 13 0.022913799 
560 224 8 11 0.022887474 
228 397 22 26 0.02287848 
711 161 7 8 0.022872964 
850 481 17 20 0.022817045 
1006 277 10 12 0.02281133 
545 541 27 30 0.022760607 
744 144 8 9 0.02268402 
311 245 9 11 0.022631068 
705 248 7 9 0.022601316 
207 190 8 9 0.022592582 
591 538 14 18 0.022584232 
296 224 18 24 0.022580365 
960 580 11 15 0.022549473 
85 557 16 18 0.022523222 
928 326 10 12 0.022490324 
836 311 11 13 0.02248821 
777 144 8 10 0.022483977 
568 232 8 11 0.022472175 
819 488 14 18 0.022469262 
753 310 10 13 0.022451157 
176 265 9 11 0.022445418 
678 293 9 11 0.022412179 
133 339 12 15 0.022409286 
579 266 19 23 0.02240644 
776 292 9 12 0.022400305 
304 295 9 11 0.022397233 
958 190 8 10 0.022391262 
1006 198 19 26 0.02237355 
362 252 10 12 0.022368405 
102 261 9 11 0.022361873 
38 118 8 9 0.022358386 
677 215 8 11 0.022347806 
686 310 11 13 0.02234736 
302 226 9 10 0.0223285 
874 603 12 15 0.022240113 
935 616 14 18 0.022238374 
912 356 10 13 0.022219839 
20 466 14 18 0.022203144 
14 189 9 11 0.022189094 
263 248 8 10 0.022189058 
97 279 9 11 0.022186453 
7 214 8 10 0.022182608 
495 620 22 27 0.022152666 
821 509 18 23 0.022126816 
759 254 9 12 0.022125335 
345 262 9 11 0.022117238 
877 530 14 16 0.022116343 
134 389 11 15 0.022096425 
785 250 10 12 0.02207556 
368 142 7 9 0.022041501 
680 184 8 10 0.022040825 
103 105 8 9 0.022029962 
773 333 11 14 0.02199733 
802 135 8 10 0.021984449 
632 332 18 23 0.021950046 
584 175 7 9 0.021930857 
844 391 11 14 0.021900719 
800 149 7 10 0.021876503 
846 184 8 10 0.021860693 
143 150 8 10 0.021811835 
965 167 8 10 0.021787137 
912 479 19 23 0.021779343 
654 272 8 10 0.021754682 
345 128 8 9 0.021746868 
965 602 11 15 0.021739637 
849 216 19 24 0.021732803 
922 143 7 9 0.021732671 
419 322 23 30 0.021730687 
989 600 23 34 0.021710955 
182 484 17 21 0.021708803 
888 143 8 11 0.021698907 
664 272 8 10 0.021697577 
428 330 13 17 0.021695273 
781 527 11 14 0.021693677 
1005 586 15 19 0.021668863 
109 441 17 20 0.021648323 
199 233 8 9 0.021636933 
246 539 24 30 0.02163129 
942 624 18 22 0.021617541 
302 247 9 10 0.02158356 
719 616 16 20 0.021581639 
946 239 9 11 0.021560442 
87 112 8 9 0.021558497 
512 325 11 14 0.021551171 
153 270 9 11 0.021547059 
895 537 11 15 0.021539947 
375 316 12 15 0.021535773 
344 440 24 28 0.021526096 
336 136 7 8 0.021512542 
15 127 7 10 0.021505728 
305 160 8 9 0.021489823 
865 323 10 14 0.021450374 
607 564 24 30 0.021445666 
959 603 13 16 0.021429898 
803 411 14 16 0.021426287 
356 293 12 15 0.021423813 
937 182 8 11 0.021392973 
796 330 10 14 0.021386065 
702 560 22 27 0.021375988 
96 368 10 11 0.021358298 
797 546 14 18 0.021353567 
368 129 7 8 0.021347 
73 135 7 9 0.021311233 
335 150 8 9 0.021296363 
607 279 20 26 0.02128565 
790 225 9 11 0.021267373 
588 275 10 14 0.021262221 
592 589 23 27 0.021229401 
33 143 9 11 0.021201553 
126 277 9 12 0.021156227 
168 284 9 13 0.021150846 
742 312 10 12 0.02114246 
628 286 12 15 0.021133348 
86 199 10 12 0.021119872 
589 286 11 14 0.021104136 
330 121 7 9 0.021100122 
516 321 22 30 0.02109062 
975 278 10 12 0.021081448 
56 136 8 10 0.021066692 
284 473 24 28 0.021055067 
968 176 8 10 0.021049803 
597 250 18 23 0.021037344 
248 224 18 23 0.02100458 
880 212 10 11 0.020990055 
840 143 8 9 0.020986028 
452 586 12 16 0.020985456 
313 145 8 10 0.020948172 
189 261 9 10 0.020930909 
0 224 8 12 0.020928372 
844 576 14 18 0.020923084 
858 563 14 19 0.02092036 
179 276 9 13 0.02091382 
78 207 9 12 0.020909438 
995 415 13 16 0.020900387 
888 284 10 11 0.020889346 
725 233 19 24 0.020870468 
145 120 7 9 0.020864459 
304 252 9 12 0.020859076 
718 223 9 11 0.020849796 
214 229 8 10 0.02084859 
785 263 10 12 0.0208387 
768 184 7 9 0.02082214 
895 261 9 12 0.020820657 
916 547 12 17 0.02079968 
510 241 14 16 0.020785023 
801 386 14 17 0.020776067 
702 326 11 13 0.020772835 
238 159 9 10 0.020766513 
105 272 8 10 0.02074827 
23 239 8 11 0.020728832 
606 220 8 10 0.020726308 
46 128 8 9 0.020724976 
163 401 21 26 0.020721097 
665 233 7 9 0.020712681 
54 222 9 10 0.020671807 
343 256 9 11 0.02067152 
941 280 9 11 0.020660153 
670 421 12 15 0.020637361 
356 304 11 15 0.020634055 
977 239 18 23 0.02063235 
316 572 24 27 0.020623844 
87 505 13 18 0.02060612 
267 545 16 20 0.020604515 
428 611 12 16 0.02059273 
802 205 9 10 0.020590276 
992 324 9 12 0.020589009 
862 379 12 15 0.020546257 
292 451 15 21 0.020526946 
64 311 10 13 0.020504773 
790 302 9 12 0.02050277 
574 298 13 15 0.020499764 
289 119 7 9 0.020498414 
798 184 20 26 0.020486837 
1013 561 11 16 0.020469742 
344 216 8 10 0.020451987 
707 366 21 25 0.020444686 
696 269 9 11 0.020441087 
110 266 17 22 0.020433942 
647 189 8 9 0.02042968 
228 371 21 29 0.020409724 
119 525 13 17 0.020387527 
942 246 9 12 0.020387486 
683 347 13 19 0.02038623 
835 256 9 11 0.020375144 
162 303 9 11 0.020373696 
16 241 8 9 0.020360943 
328 143 8 10 0.020354617 
855 381 10 12 0.020340063 
579 377 23 28 0.02033117 
296 302 10 13 0.020330759 
6 280 9 12 0.020318434 
942 292 8 12 0.020274486 
62 160 7 9 0.020257872 
214 299 10 12 0.02024416 
880 391 9 12 0.020229297 
899 301 10 13 0.020194823 
212 266 19 23 0.020191766 
977 294 9 11 0.020181164 
678 161 7 9 0.020152764 
919 151 8 9 0.020132154 
853 278 10 12 0.020121302 
240 200 8 9 0.020111827 
995 305 19 23 0.020103721 
18 228 8 11 0.020060752 
305 297 19 23 0.020018393 
906 404 10 13 0.020006174 
