0_Parade_marchingband_1_139
73
695 265 169 99 0.9987286 
392 88 32 47 0.9833624 
857 90 63 73 0.9787891 
305 47 37 40 0.9096804 
459 100 28 39 0.8763341 
360 188 34 41 0.3952626 
30 67 93 120 0.33921283 
234 85 33 41 0.33872423 
728 304 149 96 0.33559307 
689 80 22 27 0.2870841 
707 129 27 33 0.20819409 
799 111 46 58 0.17615816 
778 127 27 34 0.17534979 
736 125 26 31 0.14085074 
44 69 33 43 0.13623205 
47 69 56 78 0.12420279 
835 108 57 75 0.10273108 
464 126 99 123 0.10247721 
317 99 47 57 0.101138726 
676 81 22 31 0.09092066 
712 124 40 48 0.090798154 
785 115 36 41 0.08126105 
781 82 22 28 0.07736691 
318 122 52 63 0.061208975 
396 103 34 51 0.058923654 
128 89 48 63 0.057624266 
666 245 222 204 0.056330092 
744 121 17 21 0.056057237 
259 142 32 44 0.05576789 
748 280 39 31 0.047929514 
778 338 94 76 0.045749664 
698 72 17 26 0.045022666 
406 90 31 43 0.04483405 
507 143 66 87 0.043139845 
782 77 15 19 0.04198799 
342 193 47 51 0.039311014 
225 97 34 37 0.037052996 
775 136 16 21 0.036876805 
464 94 49 63 0.0366788 
306 74 46 58 0.036098655 
800 99 34 40 0.034197696 
777 76 37 47 0.033965737 
273 133 31 42 0.032096107 
289 124 27 41 0.03207119 
70 81 60 79 0.031005686 
490 125 59 80 0.03098513 
244 59 402 449 0.028524127 
643 112 16 20 0.028509399 
805 83 32 37 0.027475996 
249 80 29 36 0.026376406 
746 129 29 38 0.026227193 
497 148 35 44 0.026080057 
170 113 30 36 0.025508033 
116 82 94 115 0.025432957 
293 115 47 61 0.02459451 
248 100 20 25 0.024533335 
259 109 45 58 0.02431401 
-8 16 143 221 0.023625547 
15 233 52 92 0.023603002 
330 89 31 39 0.023086132 
616 103 27 29 0.022936825 
449 29 395 443 0.02292553 
395 93 198 252 0.022339668 
146 98 51 59 0.022171749 
761 156 25 31 0.021965386 
0 55 23 39 0.021607878 
59 84 110 133 0.021522202 
755 138 40 50 0.020990005 
417 83 27 37 0.020903595 
187 90 15 19 0.020741712 
281 106 77 97 0.020506319 
233 92 46 57 0.020334214 
417 158 97 119 0.020220337 
