0_Parade_marchingband_1_620
348
799 411 31 40 0.99593216 
912 326 30 36 0.9950637 
768 340 24 30 0.9729891 
841 350 26 30 0.972713 
820 250 23 27 0.9452334 
120 274 19 25 0.9425585 
659 337 29 34 0.9329883 
954 236 15 17 0.92458314 
193 177 18 20 0.918524 
84 191 15 20 0.9087962 
439 243 20 22 0.89765275 
469 194 11 15 0.82870144 
905 217 15 19 0.8268951 
623 165 10 13 0.6959988 
132 229 23 30 0.68603945 
587 180 12 16 0.66572165 
858 203 18 20 0.63186914 
338 249 13 17 0.61265075 
323 244 16 19 0.5989818 
110 187 13 17 0.57761574 
292 238 12 15 0.5713612 
1005 327 18 30 0.52601933 
398 194 11 13 0.45869476 
974 216 16 20 0.40412894 
919 260 14 19 0.39245757 
328 179 11 12 0.35849142 
609 242 18 19 0.3342605 
256 202 12 15 0.3208964 
761 213 11 13 0.31013593 
515 174 11 14 0.28897557 
841 233 15 19 0.26972654 
409 174 10 12 0.25007993 
962 171 13 15 0.24141432 
944 554 64 78 0.23561431 
970 268 17 24 0.23134239 
406 194 11 14 0.21641347 
393 195 10 13 0.20959523 
310 189 13 14 0.20158753 
741 189 11 15 0.18297385 
414 180 10 12 0.18181475 
878 203 11 16 0.17796072 
851 173 12 14 0.16458693 
776 412 19 26 0.14756209 
413 195 8 11 0.14740263 
225 219 12 15 0.14405692 
478 213 9 13 0.1281031 
851 179 15 18 0.11878698 
940 175 11 15 0.11848965 
222 170 12 15 0.110256165 
266 248 7 10 0.10770914 
719 167 9 13 0.106709056 
866 206 16 20 0.10574219 
406 211 11 13 0.10232686 
172 190 12 15 0.10133841 
909 188 10 14 0.09690695 
493 221 9 12 0.09597233 
831 239 21 27 0.09532341 
741 182 10 12 0.090598166 
333 181 8 11 0.09029623 
646 190 7 10 0.089887165 
332 254 16 20 0.08902735 
869 225 15 17 0.08744189 
596 189 9 13 0.087272644 
921 172 9 12 0.0845186 
780 257 14 17 0.08443002 
147 238 14 20 0.08224682 
809 194 13 16 0.080857135 
0 137 9 15 0.080057375 
726 171 10 13 0.07982932 
560 162 13 18 0.074745424 
422 187 10 13 0.073622055 
737 179 10 13 0.071793675 
254 263 7 10 0.071185715 
139 305 17 18 0.07042559 
857 350 16 22 0.06861257 
529 187 11 13 0.067313105 
117 205 13 16 0.06633225 
628 190 9 12 0.06547146 
629 171 10 12 0.06540476 
317 166 8 12 0.064581 
113 191 14 18 0.06381258 
961 241 14 16 0.0635041 
478 286 10 14 0.06291847 
471 200 11 14 0.06207669 
66 251 15 16 0.061050627 
781 409 26 34 0.060366362 
672 173 8 10 0.059548296 
76 250 13 15 0.058571633 
979 272 13 19 0.058455247 
648 184 7 10 0.057626233 
657 197 9 11 0.0573962 
536 171 11 12 0.05551513 
782 187 10 13 0.05429075 
431 189 9 12 0.053814672 
228 214 11 15 0.053787895 
54 139 11 15 0.05329614 
542 199 9 12 0.053100016 
290 149 12 14 0.052660044 
63 188 12 16 0.052619673 
369 197 9 12 0.05216473 
222 225 13 16 0.05095659 
859 181 12 16 0.050904155 
904 172 9 11 0.050878096 
912 218 13 17 0.05027928 
342 191 8 10 0.05007376 
448 282 13 19 0.049762536 
654 282 11 14 0.04859106 
828 170 12 15 0.04828146 
331 265 13 17 0.04733939 
770 218 13 14 0.047160815 
918 234 11 15 0.04702453 
871 174 10 13 0.046858776 
435 221 14 18 0.046772942 
70 161 24 30 0.046723038 
657 176 8 10 0.046558995 
915 227 12 17 0.04462191 
224 236 11 12 0.04445848 
432 181 10 13 0.04434945 
289 165 9 13 0.044162344 
885 173 9 11 0.044093136 
852 197 17 23 0.04369377 
102 182 15 19 0.043557674 
608 143 10 13 0.043497134 
965 186 13 17 0.043207023 
714 166 10 13 0.04244658 
114 182 13 18 0.04223562 
656 180 8 11 0.041608248 
753 173 10 12 0.04160461 
991 180 10 13 0.041435525 
477 205 10 13 0.040512096 
438 213 11 14 0.040480215 
201 174 15 21 0.040061846 
744 215 9 12 0.039930232 
864 225 12 17 0.03987339 
964 260 14 18 0.0397563 
951 172 10 14 0.03965518 
319 173 10 13 0.03941886 
598 195 9 12 0.039155807 
261 186 14 16 0.039060693 
317 181 11 14 0.038912322 
471 154 13 15 0.038821124 
593 180 11 16 0.038675223 
390 237 13 17 0.038499303 
959 259 11 15 0.03833484 
601 242 14 17 0.03781512 
636 283 16 21 0.03779065 
352 197 10 13 0.037579175 
981 199 14 18 0.037396654 
230 206 10 13 0.037184812 
208 205 12 17 0.036886893 
869 295 15 20 0.036662664 
614 211 10 12 0.03649879 
662 175 8 9 0.036333643 
941 196 11 14 0.036158353 
713 172 10 12 0.035979163 
472 214 10 12 0.03585291 
340 277 16 20 0.035671726 
989 284 13 15 0.035659533 
435 189 12 14 0.035501998 
260 206 13 17 0.03550179 
812 306 18 22 0.035449106 
313 159 9 12 0.03540581 
405 204 12 15 0.035015848 
432 174 9 13 0.034974787 
395 189 19 23 0.03496176 
672 348 17 23 0.034499627 
982 190 9 13 0.03423801 
316 194 12 14 0.03410077 
78 202 12 16 0.033858415 
306 190 10 12 0.03359291 
737 195 11 14 0.033357237 
147 228 14 20 0.03299195 
910 172 10 11 0.03268343 
686 124 15 17 0.032661155 
762 314 18 24 0.032496966 
487 238 11 15 0.032462485 
175 244 14 17 0.03240744 
788 257 15 18 0.03237523 
401 180 11 14 0.03226324 
620 160 17 22 0.032023232 
692 181 9 12 0.03194266 
68 193 13 16 0.031792063 
639 181 8 11 0.031742107 
795 260 11 16 0.03150363 
362 225 13 17 0.031301867 
791 400 29 37 0.031287916 
909 232 14 18 0.031026017 
879 188 11 14 0.030978413 
656 192 9 11 0.030823568 
470 181 13 16 0.03070127 
988 227 12 16 0.030524489 
536 197 9 12 0.030490024 
903 182 12 15 0.030377774 
647 168 8 10 0.030237418 
1000 573 25 42 0.030227508 
678 380 14 19 0.030212294 
144 188 10 13 0.030125776 
112 202 12 16 0.03009208 
73 204 11 14 0.030004838 
934 174 19 24 0.029894438 
346 167 7 10 0.02978078 
73 153 18 19 0.029760465 
589 230 9 12 0.029635131 
335 204 10 12 0.029330749 
423 173 9 12 0.029285459 
716 197 10 13 0.029172925 
852 182 22 29 0.028957179 
303 172 11 15 0.028772771 
516 198 9 11 0.028759224 
229 197 10 13 0.02872333 
970 288 15 19 0.028701814 
988 197 10 15 0.02863171 
590 206 9 11 0.028499406 
123 209 12 15 0.028354445 
642 199 9 11 0.02834973 
450 278 22 28 0.028076494 
959 223 20 25 0.027961178 
197 245 11 14 0.027935917 
623 180 10 13 0.027761536 
109 210 13 16 0.027746925 
646 205 9 10 0.027714461 
487 190 10 13 0.027602881 
749 188 11 14 0.027598687 
399 201 11 15 0.027598422 
780 264 14 18 0.027466321 
628 278 19 27 0.027443418 
532 183 11 13 0.027391123 
680 191 8 11 0.027299346 
402 174 9 13 0.027228696 
718 191 9 11 0.02719728 
512 188 10 11 0.027184552 
683 385 16 21 0.027093902 
289 155 12 15 0.027083647 
462 173 11 12 0.02697908 
310 170 11 15 0.026975026 
851 275 22 27 0.0269255 
761 208 17 21 0.026786238 
918 188 11 15 0.026675658 
597 155 11 13 0.026448028 
288 171 9 11 0.026418025 
973 235 12 16 0.026375588 
751 266 11 13 0.026132455 
992 322 25 37 0.026007479 
333 276 12 16 0.025996134 
279 172 9 11 0.0258946 
591 195 10 13 0.025778098 
270 253 9 11 0.025734508 
479 232 9 11 0.025656493 
775 187 10 14 0.025643611 
336 188 9 12 0.025610026 
741 287 14 20 0.025600782 
970 575 41 53 0.025542947 
631 181 9 12 0.025469 
865 347 13 18 0.025438324 
196 191 13 17 0.025424708 
1 130 13 18 0.025380462 
505 173 10 12 0.025244223 
860 173 11 15 0.025075838 
882 198 13 16 0.02503106 
102 212 12 14 0.024888251 
212 198 11 14 0.024878701 
941 187 11 16 0.024752261 
350 216 11 12 0.024741787 
413 204 11 13 0.024740858 
249 264 9 11 0.024689985 
984 280 22 25 0.02467187 
225 95 215 223 0.024536217 
269 185 12 16 0.024457378 
688 181 9 11 0.024389213 
751 207 9 12 0.02438338 
335 198 10 13 0.024344455 
684 345 13 19 0.024025938 
897 218 14 19 0.023982856 
289 144 10 13 0.023926329 
350 166 8 11 0.023876343 
239 182 10 12 0.023707908 
932 250 14 19 0.02362182 
366 180 10 12 0.023544377 
879 182 10 13 0.023483742 
349 220 15 18 0.02348232 
64 182 21 27 0.023413258 
327 155 11 13 0.023272743 
360 174 9 11 0.023270521 
0 101 10 18 0.023238862 
436 226 25 32 0.023190625 
687 176 10 11 0.023179831 
619 282 14 20 0.02307275 
903 192 14 19 0.02302643 
60 256 16 18 0.022916095 
678 175 8 10 0.02260073 
1006 172 11 13 0.022567986 
122 219 24 32 0.022531642 
737 255 10 13 0.022511771 
413 168 9 12 0.022476008 
342 197 10 12 0.022467053 
606 208 13 15 0.022413852 
298 242 11 14 0.022324042 
973 203 15 18 0.022253262 
605 362 16 20 0.022244554 
540 167 12 14 0.022197815 
133 220 17 19 0.022188758 
923 250 16 22 0.022172058 
851 243 14 19 0.022107048 
244 172 11 13 0.022026293 
439 278 12 17 0.021958053 
846 184 16 19 0.021815712 
464 189 19 23 0.0217553 
367 311 12 15 0.021732612 
511 169 18 23 0.021705154 
766 187 12 15 0.02170253 
255 255 9 11 0.021648575 
432 195 10 12 0.02153443 
71 169 14 18 0.021527601 
860 285 20 27 0.021452002 
949 188 11 14 0.02140195 
936 204 11 15 0.021371778 
298 166 21 27 0.021282632 
663 183 8 9 0.02121772 
327 272 13 16 0.021079587 
740 259 11 14 0.02097269 
984 252 11 15 0.02096702 
149 221 11 15 0.020955443 
263 174 11 13 0.020939337 
287 311 11 13 0.020882314 
627 159 11 13 0.020779705 
148 187 12 15 0.02076928 
782 174 9 11 0.020705609 
406 169 18 23 0.020686146 
742 204 10 13 0.020654785 
983 181 10 14 0.02063895 
29 202 11 13 0.020591974 
839 292 13 18 0.020509977 
345 227 11 15 0.02045786 
986 277 13 17 0.02042516 
223 179 10 13 0.020399261 
766 175 9 10 0.020390786 
718 159 10 14 0.020385254 
926 331 19 23 0.0203765 
751 180 10 12 0.0203765 
774 289 15 19 0.020321574 
364 292 11 14 0.020298654 
485 213 12 16 0.0202369 
591 155 12 14 0.02020425 
225 196 10 13 0.020192923 
373 539 14 18 0.020157445 
237 206 10 14 0.020153632 
402 204 21 25 0.02005534 
325 187 11 13 0.020004615 
