0_Parade_Parade_0_465
55
513 122 101 125 0.99985766 
409 113 93 125 0.99965227 
1004 122 16 21 0.95835644 
106 86 21 32 0.9507009 
946 119 15 20 0.8833819 
903 101 12 13 0.4199013 
501 233 345 487 0.2018126 
678 84 12 17 0.16680597 
914 130 16 21 0.13241223 
76 97 24 30 0.10261597 
931 133 12 15 0.10160375 
925 132 13 20 0.09812303 
341 196 388 472 0.07869237 
877 77 10 12 0.07478918 
1004 143 15 20 0.068924926 
846 75 11 15 0.06759957 
863 116 15 19 0.061686214 
444 382 22 23 0.060064543 
910 126 13 18 0.04955292 
928 101 10 12 0.046891876 
848 138 17 21 0.046420507 
853 101 13 16 0.046376266 
894 99 13 16 0.04548528 
888 99 12 15 0.041420355 
1009 69 8 11 0.04000174 
899 97 20 22 0.036915764 
889 143 11 14 0.03653104 
896 107 13 15 0.035519697 
902 123 13 16 0.034638353 
847 107 12 16 0.032794807 
892 108 23 28 0.032677684 
901 111 23 28 0.030701715 
92 86 27 33 0.029128175 
269 91 61 52 0.028499272 
84 92 40 43 0.02846735 
87 435 29 43 0.027361233 
895 110 38 49 0.026175765 
906 106 13 16 0.025878003 
933 94 10 12 0.025013931 
989 93 10 11 0.024988515 
852 123 26 33 0.024578113 
-1 74 21 35 0.0242874 
715 136 22 31 0.024251247 
933 119 21 27 0.023584763 
867 112 24 33 0.022985145 
713 223 11 14 0.022932624 
766 214 8 11 0.022877121 
860 109 14 18 0.021982143 
692 157 27 43 0.021810535 
724 104 13 19 0.021709112 
717 96 22 30 0.021514101 
893 122 15 18 0.020923655 
910 115 24 30 0.020329151 
671 90 12 15 0.020166133 
895 113 14 18 0.020033734 
