34_Baseball_Baseball_34_391
31
58 261 24 28 0.9839521 
553 134 31 36 0.3577968 
749 74 41 76 0.26440978 
634 114 42 44 0.2216761 
779 73 59 84 0.16323033 
85 317 13 16 0.09690508 
85 345 9 12 0.075646706 
517 208 58 64 0.06536551 
558 110 40 54 0.06512909 
86 354 30 38 0.058841635 
569 97 40 53 0.053767614 
427 342 31 33 0.047638398 
589 62 45 54 0.047622725 
70 332 11 12 0.046591353 
370 372 27 36 0.04129741 
419 352 31 36 0.03896588 
639 74 50 67 0.037920948 
784 84 89 103 0.03499657 
584 85 45 57 0.032475322 
616 87 81 97 0.032388207 
121 131 16 19 0.032066885 
530 234 65 71 0.03140244 
395 362 44 45 0.02934661 
645 65 86 122 0.0289505 
64 327 10 12 0.02810679 
419 620 60 63 0.025933508 
53 92 11 15 0.024978457 
858 433 105 115 0.024246491 
544 209 70 71 0.023460759 
459 341 11 12 0.023042867 
719 55 69 118 0.021602282 
