34_Baseball_Baseball_34_622
32
892 204 55 90 0.99861836 
679 283 50 79 0.99533796 
127 278 61 76 0.5999476 
450 256 39 53 0.276588 
34 589 25 34 0.19746916 
494 570 15 18 0.16204542 
422 242 56 71 0.15092026 
44 586 16 22 0.12888338 
155 267 46 78 0.12209751 
1013 606 12 19 0.09770417 
914 689 32 39 0.091795176 
9 603 26 30 0.091157265 
581 586 18 20 0.073266104 
249 604 39 40 0.0689029 
20 595 27 34 0.06744553 
654 281 51 79 0.06638175 
696 275 57 79 0.05998785 
748 281 44 71 0.056304295 
461 591 10 13 0.053534683 
109 271 52 72 0.049495954 
498 565 13 17 0.047758985 
415 283 61 73 0.0469819 
443 278 40 52 0.042967394 
85 273 89 115 0.036901545 
510 591 13 16 0.03485632 
494 557 14 18 0.034506086 
308 587 15 18 0.032055523 
456 264 47 70 0.031372886 
183 272 47 75 0.02837179 
516 594 29 33 0.024390597 
47 591 19 26 0.023405481 
523 603 15 17 0.020053485 
