34_Baseball_Baseball_34_356
28
573 239 140 169 0.9993223 
541 0 39 49 0.31033778 
507 302 53 72 0.2176439 
582 30 94 148 0.13046086 
550 4 49 65 0.11037522 
13 393 191 322 0.09313464 
496 614 55 76 0.072399855 
-9 648 358 476 0.071506344 
589 21 54 83 0.063855834 
365 505 432 510 0.0574247 
376 1127 58 74 0.043488294 
522 39 210 293 0.04073771 
573 8 55 69 0.034826275 
538 19 88 116 0.027700448 
505 41 95 127 0.025732746 
595 6 34 47 0.02567769 
471 25 32 32 0.024273902 
444 23 149 244 0.022769133 
384 1203 61 62 0.022614114 
330 853 397 531 0.022355521 
60 298 183 291 0.02209377 
462 63 95 130 0.02207744 
516 86 58 71 0.021789873 
188 1245 15 18 0.021789547 
457 17 28 36 0.021462379 
835 165 159 256 0.02145954 
405 17 34 40 0.021319112 
44 42 174 294 0.0209236 
