34_Baseball_Baseball_34_350
260
605 276 14 16 0.88875395 
655 275 13 16 0.7912611 
623 263 11 14 0.48588708 
189 137 9 12 0.40790316 
585 262 12 14 0.3929872 
217 95 12 13 0.39218575 
973 101 10 13 0.3874167 
840 118 8 11 0.36452636 
907 95 10 11 0.3557168 
595 334 10 13 0.2610751 
606 287 13 16 0.2576034 
119 7 10 13 0.24885689 
801 143 10 14 0.23955989 
784 97 10 12 0.23373628 
428 493 26 25 0.21276626 
89 117 10 12 0.18722126 
896 117 8 10 0.18525924 
359 31 8 11 0.16693956 
673 262 11 14 0.16596459 
684 21 11 13 0.15253946 
400 9 9 12 0.14127046 
897 30 8 11 0.13437597 
553 112 8 11 0.13241877 
906 99 11 13 0.12985402 
909 6 10 12 0.12300808 
486 126 9 12 0.12036399 
636 312 13 16 0.118865274 
508 30 8 10 0.11840458 
526 88 9 10 0.116923325 
620 366 11 13 0.11540165 
921 89 8 10 0.10282512 
205 125 9 10 0.10071638 
962 118 8 11 0.09700252 
997 62 8 11 0.09308763 
482 94 11 12 0.0929336 
408 31 10 12 0.092213325 
15 63 8 11 0.09117388 
615 255 8 10 0.09078357 
694 284 11 13 0.09027511 
237 119 8 10 0.089213535 
649 274 12 17 0.08813048 
885 88 8 10 0.087661095 
121 142 8 10 0.08575654 
641 268 10 14 0.08353111 
542 134 9 11 0.082401566 
753 22 9 11 0.08190458 
204 120 9 11 0.08009023 
132 63 11 13 0.078744404 
666 4 10 12 0.07720881 
646 269 12 16 0.076750815 
935 110 7 9 0.07433148 
406 9 9 11 0.07270197 
9 61 9 12 0.072270796 
174 125 7 10 0.069865495 
599 35 9 11 0.06883677 
17 7 9 11 0.06830787 
329 7 9 11 0.06712952 
958 4 9 10 0.06526784 
857 151 9 12 0.06412435 
646 264 9 12 0.06316414 
864 95 7 9 0.062847726 
999 56 9 11 0.06207272 
567 105 8 12 0.0609341 
921 120 9 10 0.060743492 
556 117 9 11 0.060380332 
611 269 15 17 0.059767142 
505 24 9 12 0.059405167 
871 97 9 10 0.05929589 
96 0 9 9 0.058462586 
801 4 9 11 0.058154445 
73 96 10 13 0.05789867 
660 279 12 15 0.05771146 
998 84 9 11 0.057684697 
89 22 8 10 0.05639507 
566 31 10 11 0.056333706 
5 120 9 12 0.0553181 
602 7 9 10 0.05482748 
345 7 10 11 0.054451607 
56 53 9 11 0.053926617 
594 131 8 11 0.05314414 
453 13 9 10 0.05232817 
134 28 9 11 0.051120646 
646 317 11 14 0.049017884 
813 109 9 10 0.048996456 
71 100 10 13 0.0488771 
579 317 12 16 0.04838958 
957 29 9 10 0.04805216 
954 31 9 11 0.047679733 
608 153 9 12 0.047349993 
688 284 12 14 0.04704948 
902 109 10 12 0.046401475 
757 22 8 10 0.046346586 
553 159 8 10 0.045959055 
666 274 14 18 0.04570289 
30 28 8 10 0.0455667 
934 104 7 10 0.045365725 
495 127 9 12 0.044101335 
910 135 9 11 0.043740027 
54 26 12 13 0.04355747 
692 287 15 19 0.04354875 
899 117 10 10 0.043252353 
549 5 10 11 0.043032303 
922 125 8 10 0.042048413 
861 154 9 11 0.0418081 
913 142 10 12 0.04178346 
739 90 15 19 0.04134953 
791 181 9 10 0.041255035 
38 102 9 10 0.041088518 
994 185 7 10 0.041014306 
1008 46 9 11 0.040918 
487 121 9 11 0.039781068 
349 14 8 10 0.03919228 
926 94 9 11 0.03914325 
749 94 12 14 0.03866416 
687 278 11 14 0.038620293 
538 31 8 11 0.038587313 
615 33 8 10 0.03772176 
865 31 9 12 0.037618335 
816 176 10 12 0.037154734 
5 45 8 12 0.037069377 
929 112 8 9 0.037057452 
622 283 10 14 0.03691278 
857 95 8 9 0.036726274 
498 133 9 10 0.03671014 
839 101 9 10 0.0360374 
215 89 19 24 0.03565604 
832 112 7 10 0.035612583 
616 261 12 15 0.035405155 
653 319 14 17 0.035106678 
874 63 8 10 0.03509571 
425 111 11 13 0.03508962 
641 339 10 13 0.035066526 
846 32 9 12 0.03465384 
473 134 9 12 0.034369037 
953 0 9 10 0.03356958 
587 272 14 16 0.03325778 
440 37 8 11 0.033180784 
382 0 10 9 0.033085555 
40 111 8 10 0.032900706 
990 126 8 10 0.032894447 
135 166 11 15 0.032803494 
47 47 12 13 0.032455783 
630 32 8 10 0.0321558 
552 268 11 13 0.03190825 
108 155 12 14 0.031649105 
21 63 9 12 0.031449113 
891 117 9 11 0.030991744 
61 55 11 13 0.030715765 
675 274 13 16 0.030661171 
64 71 11 13 0.030637765 
330 12 11 14 0.030562904 
16 110 9 10 0.030405737 
649 324 11 14 0.03035103 
901 29 8 10 0.03031196 
352 56 10 13 0.030067822 
598 132 9 10 0.029935503 
558 111 8 11 0.02984735 
894 7 8 10 0.029462649 
738 12 8 11 0.029386453 
621 274 12 14 0.029341538 
509 36 10 13 0.029189913 
834 117 9 11 0.029141426 
890 111 8 11 0.028969131 
902 24 9 11 0.028921874 
864 137 8 10 0.028751655 
1007 157 7 10 0.028236225 
853 15 10 12 0.02805998 
459 224 574 374 0.027794387 
644 340 14 15 0.027518438 
679 119 8 10 0.027404804 
143 36 10 11 0.027247455 
95 13 10 12 0.027110776 
644 309 10 14 0.027045906 
600 271 11 16 0.026861714 
595 344 14 17 0.02648153 
567 97 10 12 0.026391523 
782 36 9 11 0.026298871 
7 56 7 11 0.026232399 
374 37 8 10 0.026123649 
597 330 11 14 0.026097346 
1007 52 10 12 0.026030056 
26 29 9 11 0.025979334 
391 7 10 12 0.025942625 
911 39 8 10 0.025682522 
184 128 9 10 0.02535334 
572 255 10 13 0.025344381 
422 5 9 11 0.025237076 
109 24 10 11 0.025162544 
301 57 13 16 0.025153833 
37 96 9 12 0.02497142 
637 304 14 17 0.024720961 
72 27 11 14 0.024533197 
129 29 8 11 0.024463233 
732 77 40 52 0.024459902 
630 324 11 15 0.024389463 
652 315 26 29 0.024384595 
788 100 8 11 0.024272576 
930 101 8 11 0.024261544 
903 90 17 22 0.024098543 
983 0 9 8 0.023958376 
660 317 15 18 0.023767093 
182 129 19 25 0.023637317 
541 30 9 11 0.023415472 
628 274 12 15 0.023405666 
17 104 8 10 0.023313804 
54 88 9 11 0.023227803 
700 279 9 13 0.023142979 
382 6 11 11 0.023110302 
994 85 9 11 0.02306413 
610 254 8 11 0.022990016 
48 28 10 12 0.022968668 
238 124 9 10 0.022877526 
969 96 10 13 0.022830311 
488 62 11 11 0.022786232 
954 24 9 11 0.022749295 
800 22 10 13 0.02273182 
1002 157 8 11 0.022524493 
150 32 8 9 0.022518925 
694 326 12 14 0.022402236 
953 36 9 10 0.02238236 
905 90 9 11 0.02236069 
987 127 7 10 0.022349393 
1015 136 7 11 0.022287417 
54 38 10 13 0.02225223 
666 108 9 12 0.022167137 
526 120 7 9 0.022097137 
149 86 12 13 0.022016352 
668 318 13 15 0.021902578 
606 32 8 11 0.02186165 
638 333 12 15 0.02167656 
907 106 12 13 0.021626549 
993 57 9 11 0.021505175 
605 334 10 12 0.021466123 
509 42 11 13 0.021383794 
731 84 25 33 0.021370124 
653 308 12 14 0.021217337 
896 35 9 11 0.021137131 
653 302 10 13 0.02110549 
700 328 12 14 0.021079628 
126 37 10 12 0.021034896 
214 135 10 11 0.020911021 
675 412 13 16 0.020902157 
967 107 12 15 0.02078559 
1 61 9 13 0.02078496 
23 69 8 11 0.020752233 
933 21 8 11 0.020739628 
238 112 8 11 0.020729851 
376 0 9 10 0.020647706 
538 25 8 11 0.020616854 
96 5 11 13 0.020489875 
755 94 11 13 0.02047963 
128 65 12 15 0.020472074 
791 31 10 12 0.020471146 
151 92 10 12 0.020446312 
267 234 31 41 0.020409778 
897 150 10 11 0.020366231 
999 188 8 11 0.020298783 
642 311 20 25 0.020223858 
232 123 10 11 0.020217994 
966 125 8 9 0.02017238 
