39_Ice_Skating_Ice_Skating_39_389
158
606 360 8 11 0.61034405 
544 361 8 9 0.5249641 
571 361 7 9 0.4914333 
544 364 9 13 0.48308766 
409 376 8 10 0.4649134 
570 365 9 11 0.4521161 
672 365 7 9 0.433999 
47 365 13 17 0.39532557 
460 369 9 11 0.33391073 
768 373 10 13 0.2793576 
377 391 9 12 0.25320068 
461 381 11 14 0.24908857 
236 392 9 12 0.24337336 
324 397 11 13 0.23555832 
369 382 7 10 0.22701995 
638 364 8 10 0.21862856 
460 371 12 16 0.18588531 
509 361 8 10 0.17929032 
830 375 9 11 0.1771934 
506 359 8 10 0.17404187 
590 377 9 11 0.1545161 
273 389 8 10 0.13976291 
569 371 8 11 0.11590525 
545 370 10 13 0.11577095 
326 381 8 10 0.111771695 
422 391 9 12 0.11124741 
447 389 9 10 0.1081378 
741 367 8 10 0.10763563 
623 375 9 12 0.10492037 
503 373 9 11 0.10243403 
824 373 10 13 0.10065107 
792 382 9 11 0.09712823 
402 393 8 11 0.09532363 
409 146 118 144 0.08241861 
505 364 9 11 0.08140775 
634 365 8 10 0.08043303 
238 408 10 11 0.07971962 
769 369 7 10 0.07406904 
405 395 13 17 0.07370149 
495 393 12 14 0.07266641 
457 380 9 13 0.06977909 
823 367 8 12 0.069332816 
630 375 8 11 0.06878005 
727 379 9 12 0.06790865 
378 395 11 13 0.06740343 
617 376 9 11 0.06639545 
561 384 8 9 0.065050185 
602 363 8 12 0.06181239 
374 383 9 11 0.061047573 
633 392 8 12 0.05787858 
670 398 9 11 0.057850085 
818 374 8 11 0.056652505 
799 368 7 9 0.056459486 
669 392 9 12 0.055992246 
794 375 8 11 0.055387165 
276 398 10 12 0.055184353 
673 373 9 13 0.054114684 
737 336 7 9 0.052091584 
585 380 9 12 0.051889822 
567 392 9 11 0.051587522 
476 327 11 13 0.048564903 
498 388 14 16 0.04730649 
412 395 13 17 0.047153234 
415 392 11 12 0.046949506 
363 396 11 14 0.046268854 
375 403 10 12 0.045769777 
798 380 8 11 0.044850603 
663 375 9 11 0.0441215 
737 391 10 13 0.04410215 
751 376 7 9 0.04311737 
647 375 7 9 0.042964738 
501 382 12 14 0.04112101 
561 390 8 10 0.04000533 
477 363 9 12 0.039819103 
576 382 8 11 0.039626624 
672 416 11 13 0.039487403 
785 384 9 11 0.03894711 
790 389 9 12 0.038647756 
798 375 8 11 0.038568243 
326 377 7 10 0.038209595 
157 355 18 18 0.03504633 
537 391 8 11 0.034782816 
735 373 9 11 0.034099735 
599 382 8 11 0.034035742 
320 392 10 12 0.03399659 
474 359 9 12 0.033909604 
678 375 9 12 0.03343303 
792 398 8 10 0.033022698 
742 335 7 9 0.032686505 
360 393 9 11 0.0323343 
496 375 9 11 0.03227496 
646 367 8 10 0.03160264 
455 398 9 12 0.03154924 
541 390 9 11 0.030768141 
670 403 10 12 0.030689076 
743 373 8 11 0.0306225 
495 383 11 13 0.03014716 
784 389 10 12 0.02979508 
447 395 11 14 0.029174246 
766 405 9 11 0.028982148 
640 373 9 11 0.028180711 
472 364 10 12 0.027599623 
672 379 9 11 0.027492743 
461 398 9 12 0.027272113 
637 391 9 11 0.02722199 
775 391 8 11 0.027103296 
233 382 9 11 0.02687443 
761 390 7 10 0.02661428 
543 381 9 11 0.026609734 
676 366 8 10 0.02658199 
881 66 26 29 0.026494246 
413 381 9 11 0.026406076 
824 391 8 10 0.02637486 
767 389 9 11 0.026176797 
744 381 8 11 0.026176529 
607 374 8 12 0.025960635 
733 380 10 11 0.02580428 
536 382 8 10 0.025774267 
541 397 8 10 0.025562763 
612 130 401 488 0.025470488 
238 382 9 12 0.025077317 
766 400 8 9 0.025065145 
798 351 8 10 0.024752283 
766 368 17 23 0.024373462 
366 390 9 11 0.024113389 
758 337 8 9 0.024062933 
794 368 7 10 0.023989916 
599 399 8 10 0.023948306 
541 361 18 22 0.023877611 
606 381 8 11 0.023555456 
760 383 8 10 0.02307296 
428 390 8 11 0.022996167 
566 382 9 11 0.022989275 
639 404 9 12 0.022807362 
479 322 9 11 0.022801671 
792 336 8 10 0.022744367 
772 379 8 11 0.022714725 
488 375 8 10 0.022585666 
573 389 8 12 0.022372335 
733 414 10 14 0.021978939 
453 387 10 13 0.021861661 
638 398 9 11 0.021785803 
325 327 123 126 0.02174539 
819 368 8 10 0.021732362 
647 380 8 11 0.021154497 
814 336 9 10 0.021149786 
752 351 8 10 0.021096868 
823 361 7 9 0.021083111 
528 391 8 11 0.02102846 
806 376 8 9 0.020959856 
762 397 8 10 0.020939387 
551 390 8 10 0.020641902 
561 375 8 10 0.02046975 
-12 271 403 417 0.020295653 
536 374 8 10 0.020141592 
737 361 8 9 0.02010203 
374 385 18 24 0.020051572 
274 404 13 14 0.020009685 
