39_Ice_Skating_iceskiing_39_416
29
399 267 68 88 0.9947247 
553 115 461 570 0.09050488 
844 123 12 15 0.051344454 
76 430 11 12 0.04006785 
28 327 11 12 0.03872935 
39 347 10 13 0.033585344 
168 387 8 10 0.033164844 
41 367 9 10 0.032812633 
65 319 8 8 0.032684214 
168 407 8 10 0.03254799 
531 479 36 33 0.032369602 
836 157 11 15 0.029738264 
23 327 10 12 0.028687168 
49 326 9 11 0.027256748 
686 38 9 13 0.026796019 
70 319 9 11 0.026374483 
24 366 10 12 0.025709156 
6 336 9 12 0.025154289 
159 390 8 10 0.023642005 
151 399 10 11 0.023635928 
55 349 9 12 0.023241151 
58 366 8 10 0.0226659 
652 65 16 20 0.022651004 
61 311 9 11 0.02256764 
683 44 9 12 0.022317555 
33 349 9 11 0.022162445 
55 309 10 11 0.021757621 
2 429 14 18 0.020359658 
46 319 9 11 0.020321539 
