39_Ice_Skating_Ice_Skating_39_103
18
414 187 32 42 0.99867934 
443 171 21 25 0.976647 
717 240 27 39 0.96849805 
228 213 15 19 0.9274712 
181 185 16 21 0.917241 
533 182 13 20 0.91723794 
334 169 17 19 0.9014447 
248 227 10 13 0.07187203 
559 558 37 39 0.04059399 
327 233 13 17 0.032220304 
567 256 13 14 0.02800665 
816 233 12 15 0.027793238 
696 244 29 34 0.026778514 
617 379 366 436 0.024187356 
482 234 11 15 0.024165481 
574 554 37 35 0.022819104 
548 189 10 14 0.022050837 
146 226 13 16 0.020058418 
