39_Ice_Skating_iceskiing_39_138
90
25 120 36 40 0.9564534 
295 210 60 55 0.8480502 
40 114 29 42 0.6296721 
577 170 94 123 0.51650345 
389 338 28 33 0.37185365 
349 399 29 37 0.2936844 
696 106 93 131 0.2714503 
553 103 103 107 0.21222755 
0 316 25 38 0.18852581 
817 198 51 80 0.15478738 
31 267 29 36 0.14584763 
251 238 25 30 0.1154445 
622 112 100 147 0.10885084 
274 219 60 67 0.10110088 
621 762 97 113 0.08965351 
0 127 8 14 0.085322395 
333 403 32 40 0.08038732 
319 405 29 36 0.07119848 
19 101 31 36 0.070699364 
274 250 26 41 0.06955026 
52 112 27 36 0.068566546 
252 241 57 55 0.067197464 
501 438 65 64 0.058165293 
365 738 44 46 0.054119967 
41 452 13 15 0.0519039 
811 220 32 52 0.050621588 
0 262 21 35 0.047730237 
65 452 13 17 0.04701182 
806 337 80 80 0.046313073 
50 799 43 57 0.04597663 
688 146 58 104 0.045340125 
724 446 228 285 0.044772796 
23 278 28 34 0.044561386 
406 91 204 198 0.042155005 
19 92 27 28 0.041546546 
605 280 355 434 0.04149288 
65 122 14 20 0.04011747 
791 390 41 45 0.039790284 
254 239 14 19 0.039387934 
429 432 122 121 0.037277643 
231 237 55 51 0.035853356 
784 153 81 128 0.034893565 
28 274 19 21 0.03470162 
47 165 44 58 0.03380598 
388 464 30 31 0.033235602 
631 177 65 90 0.033091564 
218 279 402 507 0.032593485 
36 437 12 14 0.031889286 
411 424 32 34 0.031529713 
762 280 36 40 0.031284884 
461 394 108 114 0.030660091 
288 206 41 45 0.030634567 
379 852 47 59 0.030126493 
211 225 25 30 0.029434364 
93 319 43 47 0.029065667 
225 284 32 32 0.029052759 
74 166 31 48 0.028965805 
316 193 62 71 0.02896379 
220 222 15 18 0.02735222 
836 709 25 32 0.027237628 
294 185 104 115 0.026954932 
24 271 42 54 0.02672951 
397 455 109 125 0.026240822 
476 403 11 13 0.026172081 
15 434 10 13 0.025659647 
233 240 30 33 0.02551038 
5 271 25 36 0.025458531 
230 306 50 53 0.0252172 
265 243 15 19 0.024918996 
405 404 47 49 0.024599435 
11 282 39 55 0.024180757 
102 241 17 21 0.024119793 
307 408 29 36 0.023585076 
0 521 40 60 0.02348051 
810 295 123 143 0.02347868 
11 260 28 36 0.02314807 
207 227 50 51 0.02302119 
44 132 30 35 0.022872835 
77 453 10 13 0.022623051 
363 137 17 18 0.022456164 
237 244 15 17 0.022151845 
32 450 13 17 0.02210026 
286 226 36 43 0.022055505 
29 229 25 32 0.021652864 
246 242 16 19 0.02123338 
353 735 35 46 0.021161541 
799 231 32 47 0.020783179 
203 245 14 17 0.020630866 
200 231 26 33 0.020421436 
420 548 13 17 0.020372258 
