39_Ice_Skating_iceskiing_39_81
18
495 141 29 37 0.9766286 
31 125 53 65 0.9249831 
475 247 39 40 0.2860966 
374 202 9 13 0.08540371 
103 177 48 56 0.06651762 
559 259 11 17 0.059145793 
347 449 75 60 0.0574385 
455 225 62 59 0.056511097 
385 227 106 106 0.056004148 
333 57 377 473 0.055981483 
458 263 43 42 0.051573873 
382 203 11 12 0.05131335 
29 106 46 50 0.04835575 
281 430 139 109 0.040369563 
387 202 12 14 0.029507577 
423 248 80 60 0.022839654 
343 343 11 12 0.021824569 
357 231 13 18 0.020639852 
