39_Ice_Skating_iceskiing_39_349
25
815 284 52 62 0.99424213 
639 302 34 52 0.9283543 
740 547 207 252 0.19724736 
225 321 42 67 0.13500102 
427 320 30 37 0.05116387 
347 278 93 120 0.047041968 
516 572 30 32 0.041492205 
599 286 31 42 0.03626539 
642 473 330 396 0.03425553 
492 305 16 21 0.032117255 
412 309 10 13 0.030457992 
426 307 27 35 0.029579055 
422 353 14 18 0.028417194 
433 305 18 22 0.028247131 
219 291 72 117 0.026743796 
765 619 137 152 0.026606701 
750 400 32 37 0.0262738 
421 324 12 15 0.025860498 
50 302 15 19 0.024578396 
-22 421 251 236 0.023546074 
596 274 25 36 0.022366423 
421 335 24 32 0.02159119 
400 308 51 72 0.021578848 
429 293 48 65 0.02035553 
2 111 396 489 0.02032681 
