39_Ice_Skating_Ice_Skating_39_388
18
239 338 96 119 0.9996101 
451 311 103 143 0.9995846 
883 341 66 86 0.998596 
779 359 66 92 0.9976053 
35 294 67 94 0.99704105 
383 313 69 89 0.9968829 
200 289 63 82 0.9155556 
648 375 56 70 0.84777635 
423 307 87 117 0.5137796 
461 344 407 474 0.22332421 
213 303 85 115 0.16812621 
986 367 30 43 0.064461246 
845 442 44 61 0.04545838 
616 336 88 122 0.028187122 
828 460 57 69 0.025642201 
1012 423 14 26 0.024986358 
986 377 36 64 0.021367941 
509 443 237 312 0.020476365 
