39_Ice_Skating_Ice_Skating_39_362
48
240 484 69 110 0.9918806 
732 560 71 114 0.98997986 
407 642 46 55 0.51861036 
741 149 29 34 0.137523 
917 15 22 25 0.10748179 
997 77 23 28 0.08927434 
992 148 23 29 0.06654486 
607 151 28 36 0.06279036 
964 15 19 22 0.056196544 
663 149 27 31 0.054718602 
1 171 23 30 0.052058622 
918 111 25 30 0.051342122 
159 1080 462 529 0.046302322 
570 41 24 31 0.04466048 
618 33 24 30 0.043678574 
634 120 17 22 0.03886804 
903 78 23 28 0.03818139 
670 112 27 31 0.03676866 
688 46 27 34 0.03523311 
622 40 29 35 0.03498473 
988 780 16 19 0.034595963 
936 151 28 33 0.030396435 
928 45 23 29 0.029262112 
825 15 18 20 0.028267814 
596 1087 142 157 0.027787236 
946 77 27 30 0.027296696 
852 77 26 31 0.026023109 
921 25 25 34 0.025211625 
677 40 23 30 0.024975056 
861 15 23 26 0.02412897 
1010 12 13 21 0.024071984 
676 126 17 21 0.02381858 
624 52 32 38 0.023707064 
466 686 24 27 0.02308667 
68 127 25 30 0.02293707 
254 71 416 480 0.022630608 
664 132 41 50 0.022490501 
1002 181 20 34 0.02201445 
615 165 29 37 0.02167225 
936 72 27 30 0.0215948 
759 208 40 54 0.02157143 
173 152 29 34 0.021012895 
561 48 39 48 0.02094099 
388 624 79 93 0.020777866 
970 33 28 33 0.020604884 
783 39 26 30 0.02057561 
21 6 31 29 0.02015305 
875 56 18 21 0.020144472 
