39_Ice_Skating_Ice_Skating_39_568
25
360 116 34 48 0.995398 
910 118 13 17 0.93193954 
105 125 24 29 0.9174202 
181 163 15 19 0.677847 
915 306 36 62 0.6278688 
701 119 14 20 0.58589154 
896 135 9 11 0.09994967 
695 115 14 22 0.08305477 
69 188 16 20 0.07317423 
543 134 13 18 0.071798526 
921 139 11 14 0.057442676 
944 117 9 12 0.04693666 
280 117 8 11 0.03990694 
616 158 10 11 0.035324566 
39 172 10 15 0.034368753 
233 126 9 11 0.03320348 
247 112 8 10 0.030715497 
183 157 23 29 0.029227376 
700 108 15 20 0.029044341 
949 116 11 13 0.02659652 
1004 140 12 15 0.025189746 
897 311 38 45 0.024622986 
899 141 11 14 0.022040023 
885 324 48 54 0.020976545 
285 181 13 16 0.020323372 
