39_Ice_Skating_Ice_Skating_39_992
181
295 844 58 73 0.9994698 
955 581 55 65 0.9994598 
9 635 58 70 0.9989379 
663 471 60 74 0.9988858 
157 807 52 64 0.99885046 
167 279 51 59 0.9988285 
728 732 61 73 0.99859947 
776 602 60 70 0.99843746 
306 256 58 78 0.9982957 
536 722 72 91 0.9981115 
834 123 54 72 0.997943 
422 19 52 71 0.99791795 
749 1 50 58 0.99778783 
115 40 54 69 0.9976915 
937 246 46 65 0.99754286 
383 383 45 57 0.9963671 
823 479 48 61 0.9945321 
328 470 59 71 0.99411076 
613 266 46 58 0.9927287 
804 254 47 55 0.99224675 
900 705 56 75 0.9911272 
728 369 49 57 0.98844624 
463 265 46 54 0.98519194 
904 28 43 53 0.97899574 
569 369 49 53 0.97866654 
25 380 48 54 0.9786428 
383 141 47 56 0.9781172 
284 425 40 60 0.9546663 
212 617 48 62 0.9111273 
274 673 77 96 0.9003068 
338 370 34 41 0.8285861 
218 171 46 57 0.7748392 
995 456 28 68 0.76041627 
857 447 31 38 0.70888555 
223 355 55 72 0.566746 
284 51 46 51 0.5207188 
478 150 50 59 0.38231638 
0 361 31 45 0.35386795 
192 494 130 131 0.34620434 
314 379 27 31 0.29134905 
892 4 31 35 0.261525 
259 206 25 39 0.23629048 
883 413 29 31 0.21214175 
71 696 58 70 0.21010205 
16 136 39 51 0.19474697 
94 166 38 43 0.19421284 
397 574 102 133 0.19080302 
199 583 86 107 0.17856388 
52 177 30 34 0.16657616 
284 481 81 110 0.16296299 
853 78 38 44 0.16278957 
680 448 35 40 0.120406464 
341 422 43 53 0.118036725 
850 728 47 60 0.11569585 
993 122 32 68 0.11176263 
730 694 53 65 0.1022424 
0 555 24 57 0.10172161 
427 350 43 59 0.099034965 
233 185 43 53 0.09628267 
911 8 49 55 0.09480375 
722 344 37 43 0.09438035 
772 831 103 135 0.090523936 
885 614 32 41 0.08523904 
222 827 46 57 0.08374586 
184 442 46 51 0.075929515 
0 61 20 46 0.07552153 
115 424 219 303 0.071959734 
521 4 50 59 0.07174723 
21 130 26 32 0.065909594 
324 374 35 43 0.06499252 
312 455 52 73 0.06488757 
578 65 59 69 0.061844412 
843 678 47 50 0.061577797 
231 220 29 35 0.061149463 
273 10 31 36 0.06042998 
69 132 24 36 0.059880216 
0 739 48 100 0.058033906 
38 156 39 51 0.057255313 
109 499 49 55 0.056430276 
925 -2 38 36 0.055711657 
349 404 30 40 0.054818425 
0 42 19 39 0.054314975 
245 212 31 39 0.051939365 
253 811 43 55 0.051587157 
282 93 51 62 0.050803322 
84 678 68 73 0.04889327 
438 245 36 45 0.04709998 
543 20 26 36 0.04701009 
341 140 46 60 0.046336826 
832 711 56 60 0.045721 
258 180 43 56 0.044564925 
810 428 18 22 0.044449527 
449 548 103 135 0.043857694 
66 706 37 52 0.04338495 
70 164 47 54 0.04325912 
50 490 31 45 0.04252961 
329 395 43 56 0.042311158 
661 -3 36 38 0.041921236 
654 816 86 106 0.041553397 
549 25 56 72 0.040823672 
355 376 43 54 0.040367614 
1 171 27 44 0.039704673 
356 401 44 56 0.039630547 
515 -2 38 39 0.039283723 
201 345 53 73 0.039242145 
510 -7 88 101 0.038748577 
217 622 87 97 0.037818443 
840 97 49 63 0.03638539 
202 761 48 57 0.036287867 
354 917 41 57 0.0359849 
904 0 39 39 0.034339253 
508 268 46 60 0.034325175 
546 34 86 110 0.033426195 
430 232 29 47 0.033039335 
114 710 36 41 0.03284057 
739 685 39 48 0.03267464 
775 125 44 62 0.032419488 
837 758 61 74 0.031981893 
12 349 383 453 0.030904338 
741 550 50 56 0.029525785 
431 443 45 56 0.029388351 
553 43 29 40 0.029215895 
332 432 32 38 0.02915171 
652 0 29 26 0.028640874 
5 155 33 45 0.028476756 
92 135 40 44 0.028351473 
136 796 53 69 0.028290031 
754 563 56 66 0.028044853 
292 510 206 284 0.027538469 
824 740 53 58 0.026494225 
773 779 54 71 0.026376968 
776 741 52 60 0.026355537 
501 146 43 55 0.026297012 
865 700 52 67 0.02617987 
251 384 50 73 0.025826389 
0 526 51 96 0.025812315 
833 716 81 93 0.025761357 
683 331 17 23 0.025569217 
882 688 50 68 0.02554764 
503 270 31 44 0.025149347 
128 485 50 60 0.024762636 
817 -1 28 23 0.024653254 
473 123 77 102 0.024575181 
55 486 48 58 0.024472404 
8 347 27 39 0.02418954 
113 378 48 63 0.024150087 
53 715 50 74 0.024126826 
360 127 49 64 0.024057722 
266 37 81 93 0.023795404 
647 4 50 69 0.023342745 
974 -2 22 20 0.02319312 
189 618 52 68 0.02312766 
94 712 62 68 0.022930807 
554 351 51 61 0.022753641 
42 359 28 36 0.022659203 
363 365 30 38 0.022543028 
18 735 53 85 0.022406068 
552 19 17 23 0.022399144 
14 135 17 23 0.022346325 
369 475 55 63 0.022344988 
486 271 37 48 0.022319717 
674 3 48 62 0.022274895 
802 733 50 55 0.022242306 
243 434 33 40 0.022172144 
92 464 90 110 0.022093168 
332 133 36 50 0.022055816 
673 419 37 43 0.021983888 
100 753 52 68 0.021810787 
557 49 17 23 0.021777073 
91 1141 57 68 0.02145079 
800 426 30 35 0.021426503 
352 111 46 59 0.021390403 
140 343 87 96 0.021198608 
107 791 53 67 0.021137431 
332 456 37 47 0.020766702 
355 424 52 60 0.020697437 
242 475 65 76 0.020650128 
178 343 50 63 0.020403119 
561 -1 20 14 0.020268688 
118 204 45 59 0.02018341 
109 467 55 69 0.02009261 
