39_Ice_Skating_Ice_Skating_39_169
84
330 830 35 46 0.8474706 
239 783 20 25 0.6832514 
911 706 52 50 0.36309698 
659 1105 23 29 0.14853024 
401 876 9 12 0.14495444 
814 849 13 15 0.13352855 
938 905 13 17 0.12888004 
380 857 11 14 0.121547826 
550 839 9 10 0.1071139 
511 845 8 10 0.088434726 
904 695 42 47 0.084478185 
497 856 8 9 0.081148446 
356 663 20 28 0.07669011 
625 853 8 11 0.07465707 
220 814 11 15 0.06965264 
578 580 412 466 0.058095317 
520 856 8 10 0.057976704 
533 840 11 12 0.05417744 
874 900 12 15 0.054007195 
387 648 16 23 0.04734675 
274 641 27 32 0.047265872 
502 855 7 10 0.046835233 
520 847 7 10 0.045887474 
217 820 11 14 0.04224137 
518 912 9 10 0.042051103 
349 671 17 22 0.041838165 
520 861 9 11 0.041710723 
666 1118 30 31 0.04157549 
388 621 12 15 0.04146235 
573 837 10 12 0.04085061 
536 877 8 10 0.040744916 
541 871 8 10 0.040381163 
654 1103 16 25 0.039908893 
406 851 9 12 0.03906168 
525 625 14 19 0.038623083 
494 840 8 10 0.038315713 
293 1227 58 81 0.037980836 
552 856 8 8 0.036703702 
734 707 13 17 0.0339884 
382 654 20 28 0.03360488 
544 839 9 11 0.03207783 
789 797 11 14 0.032075025 
926 722 41 47 0.032041054 
388 696 14 20 0.031252805 
512 872 7 10 0.031028448 
270 848 16 18 0.030803517 
505 846 8 10 0.0306934 
200 848 9 13 0.029687645 
513 856 7 10 0.029626247 
459 663 16 19 0.029330267 
363 656 23 29 0.029234212 
514 860 7 10 0.029113237 
625 849 7 10 0.02894898 
526 855 7 9 0.027791463 
405 872 9 12 0.027680865 
658 910 8 11 0.026272587 
518 839 10 12 0.02573373 
314 671 16 22 0.025171364 
776 892 9 11 0.024643924 
374 853 20 24 0.024288254 
422 856 8 10 0.024258858 
528 845 8 11 0.02407776 
684 1087 27 33 0.023735693 
632 840 7 9 0.023717418 
329 653 26 32 0.023491208 
526 904 8 11 0.02338145 
455 879 10 12 0.023299245 
43 740 14 17 0.02276832 
839 844 13 16 0.022533081 
315 661 26 34 0.022388749 
547 -3 410 490 0.022320917 
472 844 11 14 0.022319822 
263 842 30 35 0.021977657 
505 841 8 9 0.021807306 
719 706 37 44 0.021785086 
528 839 10 12 0.021672666 
541 864 8 10 0.021194056 
661 1146 51 63 0.021182815 
662 839 8 11 0.020552726 
559 847 7 10 0.020552112 
336 851 20 27 0.02048781 
441 855 7 9 0.020396346 
551 845 9 10 0.020318437 
821 896 10 13 0.020098912 
