39_Ice_Skating_iceskiing_39_495
21
456 65 57 68 0.9855297 
472 82 72 78 0.143418 
611 157 31 40 0.1345406 
511 68 57 61 0.12850544 
676 50 112 131 0.05262657 
584 203 58 61 0.043838814 
622 120 31 33 0.038672928 
661 72 60 68 0.026535261 
451 63 37 52 0.025836121 
720 78 64 84 0.02487946 
550 206 60 58 0.02478835 
622 96 36 36 0.023936225 
779 52 40 45 0.023767347 
540 174 53 56 0.022972986 
595 240 43 41 0.022933416 
607 138 34 41 0.022725621 
715 493 32 35 0.022311183 
614 86 35 36 0.022051886 
870 247 50 73 0.021561025 
642 41 103 113 0.020480998 
604 102 34 35 0.020032318 
