39_Ice_Skating_Ice_Skating_39_252
93
717 181 30 35 0.9973918 
185 183 42 47 0.98939544 
514 176 23 28 0.98203236 
819 163 26 29 0.97861403 
474 184 23 28 0.974797 
375 180 23 30 0.9589428 
322 176 23 29 0.94848627 
625 193 20 24 0.9467938 
413 168 21 26 0.85903597 
333 175 21 29 0.23902391 
898 136 17 22 0.19805698 
309 158 16 21 0.1783696 
523 181 24 30 0.15277341 
267 175 14 20 0.14918002 
301 213 22 28 0.13780026 
301 183 23 29 0.13736193 
546 163 16 19 0.112637624 
401 159 23 28 0.10906513 
394 158 17 22 0.1050269 
265 192 21 28 0.10457881 
346 178 15 23 0.10249246 
540 191 17 23 0.10145004 
584 346 11 13 0.095017456 
536 141 13 15 0.09132482 
267 186 16 22 0.08843571 
794 200 25 29 0.08722942 
423 170 16 23 0.08627171 
894 143 16 21 0.07407009 
519 150 10 13 0.072731435 
826 205 23 30 0.071230136 
295 162 14 19 0.067398004 
366 142 13 16 0.06370492 
304 164 21 27 0.06186157 
276 201 16 20 0.054612596 
315 169 21 29 0.052676164 
388 149 16 19 0.05149655 
437 170 14 20 0.050524376 
306 178 15 21 0.047488913 
853 174 12 17 0.046766307 
391 331 24 28 0.046678077 
593 301 11 14 0.044061147 
533 135 21 25 0.041003726 
404 119 15 19 0.0409197 
390 146 25 30 0.036937505 
444 166 14 18 0.034549024 
633 115 12 15 0.03440482 
546 140 11 14 0.033818334 
294 165 22 27 0.032929175 
301 196 17 21 0.03288623 
609 183 16 21 0.031430632 
682 230 17 22 0.031386428 
394 118 21 28 0.03126297 
322 229 22 26 0.030912185 
662 269 21 31 0.030117227 
386 179 20 28 0.029713454 
370 145 15 19 0.029297853 
615 187 23 29 0.028305234 
334 260 12 17 0.027702952 
125 220 11 15 0.02708022 
477 159 12 14 0.027024243 
592 294 11 14 0.02680925 
934 195 15 19 0.026685968 
586 127 9 10 0.026615337 
382 147 13 18 0.026507646 
329 263 27 38 0.025901353 
471 161 15 18 0.02584666 
526 345 9 10 0.025721818 
759 86 12 14 0.025455093 
300 446 16 19 0.024922708 
721 515 27 31 0.024784721 
400 113 9 12 0.024522379 
476 172 16 18 0.024262387 
300 157 18 20 0.024196444 
312 218 22 28 0.024030734 
692 227 17 23 0.023997726 
694 100 11 15 0.023712168 
388 134 23 27 0.02344995 
544 158 13 16 0.023234477 
365 152 18 20 0.022973344 
280 207 15 19 0.02269117 
502 149 12 13 0.022587433 
962 75 21 28 0.022470614 
647 179 14 17 0.02234231 
131 216 16 19 0.022299048 
807 165 26 31 0.022161495 
579 217 17 23 0.02196558 
550 150 11 15 0.021512715 
398 116 13 17 0.020740543 
904 133 15 20 0.020546991 
2 250 9 16 0.02046858 
342 171 15 23 0.020443913 
404 172 26 33 0.020255448 
527 161 24 32 0.020009827 
