39_Ice_Skating_iceskiing_39_541
33
451 279 124 113 0.9908909 
590 150 31 36 0.3260566 
568 161 60 63 0.23577738 
218 388 99 94 0.18256001 
595 146 20 22 0.17438027 
891 627 45 51 0.11336259 
474 97 30 38 0.11189645 
244 413 108 100 0.069777444 
547 137 92 105 0.046997927 
539 155 23 34 0.038262427 
210 315 62 50 0.03714699 
243 368 73 72 0.035005566 
846 437 42 59 0.03351623 
563 134 58 57 0.03318119 
938 673 17 18 0.03214775 
265 383 71 80 0.030776054 
177 260 120 112 0.030496625 
591 176 54 56 0.029999018 
510 68 28 36 0.028156968 
683 638 38 47 0.027966129 
437 66 50 67 0.026460702 
318 0 31 31 0.026252033 
981 23 25 30 0.025810545 
130 245 34 38 0.024517408 
210 199 26 32 0.023932494 
422 116 188 251 0.022545133 
539 318 100 118 0.021116577 
203 204 59 65 0.021057233 
843 -2 35 27 0.020947665 
765 505 53 65 0.020692155 
216 333 36 33 0.020637764 
184 198 95 109 0.020586878 
577 159 37 37 0.020184828 
