39_Ice_Skating_Ice_Skating_39_794
129
49 1038 29 42 0.99743277 
366 943 18 24 0.9331854 
933 981 39 48 0.893692 
566 939 15 19 0.8758891 
200 1146 40 51 0.76519746 
51 1167 44 53 0.75717086 
679 513 14 17 0.74559236 
620 967 21 25 0.5243117 
331 954 15 22 0.46288228 
342 1013 24 27 0.42639402 
700 951 18 22 0.37887603 
101 813 9 13 0.34734514 
992 930 17 19 0.29056913 
749 507 15 18 0.24739935 
120 814 10 13 0.24349949 
30 956 31 42 0.24172822 
120 806 8 11 0.20364462 
166 813 10 12 0.11275192 
78 814 9 12 0.11111196 
319 943 21 27 0.09836527 
177 816 9 12 0.09226078 
151 811 10 15 0.09006513 
86 816 8 10 0.087165475 
182 815 10 12 0.08559974 
859 1032 48 61 0.08278411 
597 1206 104 135 0.081446566 
168 806 9 12 0.07652965 
832 551 31 35 0.07486537 
141 808 10 12 0.06913303 
834 555 16 20 0.06101309 
189 813 10 12 0.059050556 
832 551 11 15 0.056758232 
135 812 12 15 0.05327476 
30 807 10 13 0.051292002 
499 1013 352 449 0.048922792 
50 850 17 22 0.048912868 
860 1018 99 121 0.0473563 
123 807 10 12 0.04536476 
946 984 43 57 0.045271844 
158 814 10 13 0.041175567 
120 800 9 13 0.04069087 
11 804 10 15 0.039948855 
100 845 13 16 0.039332844 
92 843 15 18 0.039166994 
594 1231 50 64 0.03853464 
61 1042 29 41 0.037648384 
40 813 9 12 0.036704734 
985 989 40 57 0.036677483 
694 951 15 19 0.03595096 
74 807 9 12 0.03545281 
110 819 11 15 0.034516316 
288 684 14 15 0.034101605 
59 982 25 31 0.033769198 
984 931 15 18 0.03344756 
113 791 7 9 0.033010416 
620 553 15 20 0.03277928 
134 819 11 13 0.03267968 
22 1062 15 21 0.03256205 
706 956 17 21 0.031909678 
633 975 14 21 0.031857587 
162 844 16 17 0.03130597 
60 1154 35 42 0.030243063 
103 826 11 13 0.030060258 
581 938 11 16 0.029749809 
753 503 13 16 0.029671231 
0 857 17 20 0.029214358 
141 817 12 14 0.029130554 
46 814 8 11 0.02850473 
886 1034 110 139 0.028207168 
82 998 17 22 0.027662588 
48 972 30 36 0.02741449 
168 800 10 12 0.027172113 
85 843 15 18 0.027141217 
812 638 12 17 0.027043905 
264 832 12 13 0.026442394 
139 851 16 19 0.02640938 
995 1071 26 36 0.026217291 
89 1180 31 42 0.02585731 
182 830 10 11 0.02574883 
307 815 393 497 0.025583485 
189 807 9 12 0.02552396 
10 799 9 13 0.025485061 
45 842 17 19 0.025425147 
69 316 476 539 0.024992643 
340 949 13 19 0.02452131 
876 1029 60 75 0.024496915 
616 969 16 19 0.02442917 
45 837 13 16 0.024340674 
126 850 23 28 0.024308488 
175 829 11 12 0.024279136 
113 812 20 24 0.024210978 
11 660 29 29 0.02410134 
125 818 11 13 0.024009166 
994 920 25 32 0.023876343 
300 955 11 17 0.023783728 
820 668 13 18 0.023740593 
80 817 10 13 0.023489898 
191 819 9 11 0.023475662 
71 984 27 31 0.023444703 
404 951 12 15 0.023378348 
138 806 19 23 0.023199977 
838 563 31 36 0.02296582 
168 818 10 12 0.022918547 
278 184 434 542 0.022887968 
23 1051 23 32 0.02263755 
135 799 9 11 0.022493143 
34 1170 90 114 0.022338543 
131 837 12 14 0.02224099 
119 859 13 15 0.022091173 
904 583 11 13 0.021848867 
97 808 19 25 0.021704987 
40 831 9 13 0.021625994 
986 932 27 30 0.021618066 
224 815 9 11 0.021525895 
76 973 14 16 0.021499658 
752 512 16 19 0.021312103 
126 799 10 12 0.02107638 
118 791 8 10 0.021001328 
574 990 9 11 0.020947991 
975 960 29 34 0.020617334 
79 844 14 18 0.020574126 
638 516 14 19 0.0205554 
173 806 8 11 0.020510232 
52 838 12 15 0.020412883 
208 822 9 11 0.020392964 
396 821 125 172 0.020183811 
399 954 14 17 0.02015656 
877 658 12 16 0.020137575 
836 567 18 22 0.020036312 
