39_Ice_Skating_iceskiing_39_819
29
287 267 75 98 0.9948454 
696 682 50 58 0.35256338 
416 257 28 31 0.13053899 
642 205 203 267 0.084047556 
718 281 47 68 0.083639994 
446 237 13 17 0.07622623 
505 289 23 36 0.06692187 
412 496 52 59 0.06499401 
264 231 363 445 0.046115573 
678 272 98 120 0.044922743 
717 680 34 42 0.042429548 
413 263 56 55 0.041272726 
362 384 202 259 0.036908202 
746 237 89 147 0.03615964 
831 839 85 108 0.035364702 
445 33 409 467 0.034624495 
440 235 24 26 0.03012478 
515 287 15 25 0.02971421 
720 274 35 43 0.027663207 
884 882 36 45 0.027468564 
407 483 129 144 0.026675843 
711 838 145 152 0.025188986 
805 884 34 37 0.025105225 
425 244 29 33 0.02440208 
422 243 59 57 0.021569995 
424 327 33 35 0.021172535 
779 159 27 37 0.021050455 
927 737 41 43 0.020379504 
716 746 96 112 0.02025678 
