39_Ice_Skating_Ice_Skating_39_793
30
516 532 271 351 0.9998969 
150 627 94 127 0.9997172 
838 983 34 39 0.6785717 
571 1068 49 41 0.5122369 
368 50 30 39 0.18100248 
387 286 356 509 0.10546828 
301 100 445 415 0.10201407 
610 1045 31 34 0.08932935 
110 504 102 120 0.08500261 
157 1050 389 525 0.06733214 
888 824 38 37 0.06711922 
164 1257 242 271 0.0537057 
697 83 31 38 0.052279837 
42 1114 18 21 0.049181104 
311 50 30 38 0.047369014 
300 1010 352 460 0.04684462 
665 83 88 114 0.039180826 
655 1098 56 56 0.035723813 
430 53 28 37 0.034070224 
88 568 99 133 0.030026617 
640 1060 65 64 0.028338237 
541 900 385 412 0.027217407 
407 382 106 137 0.027079284 
790 129 54 63 0.026939638 
784 368 18 23 0.02491574 
76 958 372 443 0.023719555 
321 655 53 70 0.02346528 
360 62 33 39 0.021535441 
111 929 45 61 0.0215121 
348 1037 219 284 0.020780236 
