39_Ice_Skating_Ice_Skating_39_486
44
457 307 159 192 0.9969127 
644 717 11 13 0.510921 
783 718 11 13 0.42420542 
792 742 10 14 0.18748935 
760 738 16 19 0.13213919 
559 717 10 12 0.108061075 
642 643 13 16 0.09046872 
757 723 13 15 0.08608368 
716 684 10 13 0.07805972 
622 715 11 14 0.06469168 
737 685 11 13 0.060909446 
307 515 474 563 0.056862984 
682 724 12 14 0.056440596 
775 734 11 15 0.05339299 
699 677 11 14 0.050683014 
827 720 13 16 0.05000584 
681 717 11 13 0.04844186 
284 744 464 564 0.045435973 
808 717 9 13 0.042856626 
660 726 11 14 0.04160729 
854 718 9 12 0.04102395 
708 718 10 15 0.040222 
548 725 11 15 0.034114234 
647 684 9 12 0.031906698 
626 651 13 16 0.0317264 
671 734 10 13 0.029329248 
748 710 14 18 0.028666899 
625 685 10 13 0.028542843 
775 722 13 17 0.028063381 
757 732 16 19 0.026446875 
783 740 11 14 0.025757514 
765 691 13 17 0.02567997 
487 171 73 85 0.025464432 
639 722 12 15 0.024974432 
640 662 11 14 0.024718944 
779 732 12 14 0.024684938 
773 697 11 15 0.023986282 
709 653 10 13 0.022843419 
761 684 10 12 0.022463407 
661 717 11 13 0.022407966 
661 685 9 11 0.021670178 
652 716 12 15 0.021168275 
647 668 10 12 0.021044193 
633 724 10 13 0.020121047 
