39_Ice_Skating_Ice_Skating_39_487
33
504 253 57 75 0.99940515 
887 47 50 59 0.2407086 
461 6 16 21 0.08532036 
451 3 21 27 0.05959339 
919 271 17 23 0.058016814 
51 83 24 36 0.046902955 
998 25 28 37 0.04371398 
447 10 14 18 0.041895404 
21 127 30 38 0.040022325 
902 246 14 18 0.03748364 
1010 327 13 24 0.037439466 
782 355 13 16 0.03143931 
886 7 63 68 0.030005889 
420 0 14 13 0.029908463 
48 243 54 75 0.02908923 
863 208 14 20 0.028956741 
535 927 47 48 0.028569285 
0 525 8 13 0.027407577 
76 353 410 452 0.02564402 
159 423 11 13 0.025555043 
812 270 9 13 0.02488189 
19 106 33 40 0.02483123 
879 39 32 45 0.023375822 
832 12 31 35 0.023364991 
25 89 26 33 0.022780472 
176 393 13 15 0.021921534 
808 314 31 45 0.021377124 
934 6 37 37 0.021171205 
395 17 13 17 0.021163998 
581 435 452 468 0.02095548 
104 477 9 12 0.020512233 
872 28 29 42 0.02035493 
986 67 42 78 0.020265978 
