39_Ice_Skating_iceskiing_39_310
31
429 227 39 41 0.9940858 
186 155 36 44 0.98582375 
122 227 42 48 0.6649137 
343 250 28 37 0.5143769 
722 365 45 50 0.18197298 
349 258 38 56 0.09367955 
694 342 67 65 0.084685236 
329 251 43 69 0.08361772 
236 228 455 508 0.08085591 
148 155 43 56 0.077865526 
138 241 34 45 0.069000304 
376 264 29 38 0.059693176 
233 274 63 79 0.050979864 
696 373 66 69 0.05024318 
439 249 34 38 0.04430391 
655 351 66 67 0.038531218 
224 242 95 93 0.03654986 
386 265 17 22 0.036298133 
437 108 13 16 0.034638397 
624 306 54 58 0.03368241 
454 272 49 54 0.031344786 
843 329 27 33 0.030123843 
434 124 17 19 0.028499646 
668 323 16 18 0.027973661 
114 244 56 60 0.025182214 
685 397 69 82 0.025043841 
436 114 16 19 0.024808632 
442 161 17 21 0.024687435 
654 368 108 135 0.024309728 
143 221 29 44 0.023423888 
113 201 57 62 0.020623863 
