31_Waiter_Waitress_Waiter_Waitress_31_162
62
468 350 221 311 0.9995315 
19 715 15 21 0.62500936 
311 716 13 17 0.3802459 
386 483 28 30 0.22895512 
373 724 12 16 0.19580938 
724 440 27 38 0.1652473 
345 784 178 246 0.15668677 
262 723 14 17 0.13342148 
278 725 11 16 0.13336003 
214 722 12 16 0.12817253 
254 734 22 29 0.10579607 
34 711 20 27 0.07675203 
337 818 94 155 0.07506873 
71 699 13 16 0.06412759 
244 715 11 15 0.063314654 
284 725 10 14 0.061918873 
209 717 12 15 0.055787735 
900 193 102 123 0.0547638 
824 141 163 248 0.05462266 
349 877 58 83 0.052347403 
259 728 16 20 0.04962164 
378 846 23 34 0.043682534 
86 723 15 19 0.043678034 
242 711 10 15 0.04345738 
420 893 129 151 0.04327581 
376 721 17 21 0.042263616 
254 722 14 18 0.03952234 
326 739 14 19 0.039457206 
270 727 12 17 0.036433473 
672 725 342 375 0.03564576 
41 98 364 488 0.035558783 
10 700 42 49 0.034746032 
9 709 23 32 0.032543454 
265 742 14 21 0.031309318 
304 1039 222 301 0.030371457 
159 724 13 17 0.030201415 
330 744 16 20 0.028934518 
314 728 16 18 0.028715614 
361 842 48 83 0.028601673 
246 721 13 16 0.027093492 
287 868 56 73 0.026916713 
341 742 12 16 0.02572241 
263 725 21 28 0.025677375 
242 736 27 34 0.0255082 
365 714 22 28 0.025470924 
14 696 27 32 0.025320088 
49 712 17 20 0.024696013 
77 724 27 32 0.024210855 
180 750 12 14 0.024090173 
776 478 30 40 0.02398795 
321 743 21 27 0.023057578 
185 871 67 62 0.022058176 
204 764 13 18 0.021967089 
268 719 13 17 0.021857204 
258 692 91 109 0.021567238 
208 712 10 14 0.021385582 
63 697 14 18 0.020946639 
359 897 34 48 0.020862585 
1001 646 19 33 0.020805538 
7 720 14 20 0.020378193 
271 762 12 15 0.020355891 
757 449 52 69 0.020095592 
