31_Waiter_Waitress_Waiter_Waitress_31_818
24
180 108 123 164 0.9997992 
723 129 67 88 0.9995863 
773 54 61 77 0.9980233 
639 83 62 82 0.99505496 
578 61 60 93 0.9909127 
434 163 76 122 0.9456399 
130 127 43 62 0.55661416 
891 94 56 62 0.2934853 
967 57 52 81 0.057747602 
191 2 49 30 0.05199752 
558 352 27 34 0.049143244 
106 92 52 70 0.035192087 
603 62 71 96 0.032752167 
516 362 26 31 0.032703888 
564 346 16 18 0.0320964 
567 364 28 33 0.028245654 
114 116 73 98 0.026336864 
615 358 43 49 0.025239328 
907 121 42 45 0.023533367 
421 155 62 94 0.022197349 
888 75 95 111 0.021781432 
886 115 39 47 0.021536887 
549 340 44 53 0.02133025 
273 276 56 58 0.020765573 
