31_Waiter_Waitress_Waiter_Waitress_31_915
39
463 195 113 164 0.9997937 
941 558 24 30 0.9638834 
619 215 219 296 0.1179343 
714 292 93 117 0.112506606 
114 513 16 18 0.10093306 
40 463 11 13 0.08905192 
37 475 14 16 0.08197092 
1001 640 21 34 0.072538495 
521 210 374 462 0.06613853 
981 554 16 20 0.05975467 
21 505 12 15 0.054012503 
56 487 9 11 0.050898008 
171 532 12 15 0.0491807 
118 494 9 10 0.044092108 
22 484 11 14 0.03874641 
20 461 11 14 0.03776119 
124 515 16 16 0.03312236 
676 337 46 52 0.033091895 
88 621 23 29 0.031411536 
581 361 26 33 0.02841325 
580 -1 190 241 0.02740459 
974 584 26 32 0.02694588 
562 609 18 20 0.026583008 
36 490 12 15 0.025413629 
971 579 16 20 0.025188534 
17 507 11 15 0.024846 
711 320 57 71 0.02447554 
630 338 48 52 0.02405591 
30 482 13 16 0.023614733 
29 501 12 15 0.022673622 
5 579 15 18 0.02266983 
96 601 13 15 0.022657212 
13 566 11 14 0.02221789 
33 468 12 14 0.021703262 
47 559 10 13 0.021274747 
10 573 14 17 0.020757005 
61 572 11 14 0.020636119 
31 462 11 14 0.02055349 
1001 104 9 12 0.020432996 
