31_Waiter_Waitress_Waiter_Waitress_31_351
64
301 161 140 192 0.99953866 
869 77 52 65 0.9965804 
147 146 35 43 0.9682533 
84 146 27 44 0.517819 
134 146 29 42 0.22782765 
785 197 16 20 0.19369194 
538 164 368 468 0.13090977 
27 91 13 17 0.09902585 
529 137 17 23 0.07616981 
632 62 43 59 0.068298064 
195 124 29 33 0.06591385 
870 373 14 21 0.06059982 
621 77 9 11 0.059491746 
675 95 15 18 0.059015535 
23 183 23 36 0.05324625 
779 202 20 24 0.050240267 
740 362 12 13 0.04966974 
725 125 14 18 0.044687185 
212 121 24 28 0.044635586 
485 170 12 15 0.04458553 
21 247 22 41 0.04324526 
658 64 18 22 0.042894624 
91 140 38 53 0.040935162 
836 157 15 18 0.038695097 
734 180 11 12 0.038261905 
725 296 120 171 0.03614997 
538 176 13 17 0.03603551 
816 328 9 11 0.035371654 
183 104 47 58 0.033422083 
788 334 11 14 0.032569364 
200 146 25 30 0.032172985 
753 377 19 20 0.031287726 
479 132 26 34 0.031272803 
78 159 25 39 0.030085394 
583 211 14 17 0.029513981 
832 158 12 14 0.028492289 
686 237 204 276 0.028345183 
532 139 23 28 0.02830197 
545 146 14 18 0.02829166 
166 152 28 34 0.02634003 
728 198 9 11 0.026157051 
448 135 26 38 0.026055977 
197 157 14 18 0.025645329 
971 73 23 33 0.024972986 
654 101 11 14 0.02436421 
501 180 10 14 0.023995448 
804 158 15 18 0.023975566 
849 202 26 30 0.023753384 
608 175 10 13 0.02362853 
51 24 15 17 0.023351967 
25 26 10 14 0.023298988 
939 96 30 37 0.022784276 
24 195 28 39 0.02196829 
956 190 40 54 0.021940632 
574 71 10 12 0.021927318 
596 19 408 466 0.021577409 
693 94 11 15 0.021054279 
94 58 15 20 0.020759232 
784 197 26 34 0.020548627 
786 190 15 18 0.020534296 
509 169 14 18 0.020471193 
733 187 11 14 0.020101823 
85 162 35 48 0.020095788 
821 216 14 17 0.020011654 
