31_Waiter_Waitress_Waiter_Waitress_31_358
51
308 279 63 74 0.99945647 
500 277 67 105 0.99611807 
804 170 80 86 0.99581736 
684 363 24 30 0.97870046 
174 309 42 62 0.9649181 
136 257 22 27 0.94968474 
359 358 53 70 0.5605484 
683 254 33 41 0.20812462 
618 418 12 15 0.15903613 
159 260 16 19 0.11032354 
660 247 48 58 0.076616876 
612 389 24 29 0.05453347 
580 365 16 20 0.049206946 
573 346 27 36 0.048522424 
148 311 58 78 0.043279633 
131 253 39 46 0.04160633 
629 400 16 21 0.040945474 
892 642 11 12 0.03950046 
365 16 448 548 0.03924275 
76 287 93 97 0.03467114 
606 376 25 31 0.031268757 
637 405 14 20 0.03118086 
412 304 48 65 0.030084193 
904 627 12 15 0.029131196 
615 407 20 26 0.028818944 
644 382 16 20 0.028010212 
674 404 18 21 0.027684662 
620 400 17 21 0.026960917 
698 344 9 12 0.026654113 
928 653 11 13 0.026414247 
154 278 50 68 0.025687434 
164 264 23 27 0.025489619 
944 618 12 13 0.025209196 
790 605 31 39 0.024927493 
902 660 11 12 0.02485297 
903 654 10 11 0.024530103 
161 279 25 36 0.024395084 
598 380 11 14 0.024082478 
631 357 11 14 0.023870401 
202 253 13 16 0.021464575 
588 349 14 17 0.021426547 
889 644 10 12 0.021303806 
956 638 10 12 0.02127435 
589 365 44 57 0.021023504 
450 302 31 51 0.020866508 
674 360 40 48 0.020575853 
691 405 13 16 0.020492498 
673 409 26 30 0.020191988 
131 -14 519 443 0.020171778 
892 654 12 13 0.020132197 
374 340 51 70 0.020002784 
