31_Waiter_Waitress_Waiter_Waitress_31_118
18
369 92 163 199 0.99718696 
390 789 9 12 0.08946552 
132 170 12 16 0.060472436 
691 17 11 16 0.04772389 
950 534 12 16 0.047317464 
820 752 25 29 0.04660292 
427 767 16 17 0.030850682 
668 18 11 14 0.029019935 
360 770 52 58 0.028842404 
14 323 429 505 0.028407965 
668 551 123 98 0.026707646 
917 254 23 30 0.026652278 
780 758 12 16 0.024212403 
809 732 44 55 0.023356838 
952 539 23 28 0.023050781 
660 343 22 27 0.02278356 
934 534 11 13 0.022323953 
663 15 12 16 0.02045784 
