31_Waiter_Waitress_Waiter_Waitress_31_788
45
458 -2 58 62 0.99886924 
711 213 51 92 0.9876413 
165 190 50 78 0.98364925 
243 188 36 73 0.43561772 
362 181 42 58 0.35285226 
207 1 34 28 0.3046036 
263 4 29 35 0.24249387 
889 243 16 21 0.15527007 
54 224 73 74 0.08355734 
869 117 23 28 0.074546315 
208 195 49 81 0.07333188 
128 355 60 63 0.05041825 
141 196 58 84 0.04499925 
878 124 25 31 0.040685266 
202 134 14 19 0.040321056 
184 202 51 80 0.038152978 
309 1 18 15 0.037328474 
236 216 35 60 0.037058167 
405 329 45 47 0.036524806 
892 121 26 34 0.036480892 
849 279 18 20 0.03596285 
509 261 238 276 0.034951586 
334 109 13 16 0.034437057 
890 253 17 22 0.03356733 
91 216 59 77 0.032253917 
299 2 27 24 0.030635232 
106 94 35 44 0.030449389 
81 3 29 34 0.02947207 
407 0 43 53 0.029160367 
684 230 63 83 0.028167551 
794 191 44 75 0.027975293 
248 0 36 30 0.027748223 
286 3 30 30 0.027144225 
506 7 47 52 0.0262398 
885 269 11 14 0.025719082 
207 75 21 30 0.024534928 
882 167 27 34 0.02447913 
303 431 14 19 0.021909257 
889 289 31 44 0.021823924 
173 184 30 57 0.021793408 
110 88 26 31 0.021790098 
930 243 28 34 0.021689195 
190 141 11 14 0.02126508 
354 0 34 33 0.02047388 
1008 214 11 13 0.020237513 
