31_Waiter_Waitress_Waiter_Waitress_31_484
30
334 176 109 146 0.99993813 
574 72 120 172 0.9998654 
126 712 11 13 0.18406464 
87 704 8 9 0.099436894 
130 681 7 9 0.09053827 
95 683 10 13 0.083010934 
112 692 9 11 0.06783929 
577 462 145 181 0.047444876 
159 696 10 12 0.044824623 
119 719 9 11 0.036562182 
28 740 9 11 0.03517741 
116 739 12 15 0.0340407 
89 727 9 11 0.033453085 
103 712 8 9 0.02750803 
100 680 9 11 0.027500102 
153 701 10 11 0.02592199 
64 691 9 11 0.025281094 
113 720 9 10 0.024334075 
118 689 7 9 0.02419671 
61 735 10 13 0.023006355 
110 711 8 9 0.02282172 
81 676 8 9 0.02248545 
117 693 9 10 0.022439046 
164 695 10 11 0.021613559 
94 704 7 9 0.021237884 
73 710 10 13 0.020945301 
61 740 11 15 0.020701464 
134 685 8 10 0.020530991 
77 716 9 12 0.020361438 
144 718 10 12 0.020059519 
