46_Jockey_Jockey_46_444
31
409 169 34 41 0.9994941 
315 149 34 41 0.99943656 
616 139 33 43 0.9994018 
712 146 36 48 0.99924785 
219 139 32 38 0.9991835 
522 154 35 41 0.99914515 
218 336 34 43 0.9986656 
98 350 37 45 0.9969579 
484 333 39 49 0.99591845 
341 330 43 55 0.9953708 
814 131 35 48 0.99306774 
858 343 41 52 0.989881 
666 362 38 47 0.9895963 
866 170 17 19 0.10950299 
997 90 12 15 0.06979023 
723 498 45 40 0.06664259 
789 494 45 32 0.06578015 
160 445 32 30 0.058339655 
155 454 31 33 0.043880727 
144 479 41 40 0.043726455 
451 189 16 18 0.035960685 
302 511 42 31 0.03277937 
601 394 28 31 0.032556195 
1005 91 10 14 0.032117344 
447 193 15 19 0.029621186 
532 354 16 22 0.029145366 
144 201 7 9 0.026465006 
966 94 10 12 0.02258627 
422 397 36 47 0.022435227 
168 432 27 33 0.021332998 
299 165 15 21 0.020791246 
