46_Jockey_Jockey_46_569
83
871 129 41 49 0.9943289 
275 155 43 54 0.9914773 
383 131 14 16 0.90431726 
316 129 13 18 0.89578956 
411 136 13 17 0.87344646 
698 12 40 55 0.86942285 
189 132 12 16 0.82038355 
150 98 36 62 0.7638754 
444 124 30 36 0.7000952 
366 135 11 14 0.68839854 
226 138 13 17 0.6607358 
320 211 19 21 0.58073467 
460 123 28 31 0.25129887 
655 24 11 14 0.2086421 
532 27 10 14 0.15634355 
682 25 12 15 0.1495075 
781 37 8 10 0.13159695 
509 7 9 11 0.107772976 
525 72 38 46 0.10537289 
472 124 20 22 0.08630519 
846 183 10 14 0.0834343 
125 108 52 59 0.08124178 
809 43 9 12 0.076192975 
360 136 12 17 0.07603316 
216 137 11 16 0.07532245 
399 178 15 19 0.07391734 
448 142 28 35 0.06551183 
519 10 11 15 0.057430282 
525 11 9 13 0.05122994 
460 5 9 11 0.05038092 
700 167 11 14 0.048863295 
523 139 51 61 0.046973515 
529 22 11 15 0.04651332 
777 52 10 13 0.043954328 
760 65 8 11 0.04372666 
778 34 8 11 0.041180722 
459 139 33 40 0.041046035 
654 21 19 26 0.040801782 
602 12 8 10 0.0406594 
162 106 42 61 0.03880714 
813 41 8 11 0.03775489 
372 132 12 17 0.03768683 
353 158 9 13 0.035485633 
780 46 11 15 0.034749433 
393 179 25 32 0.03453727 
214 132 22 27 0.033410296 
808 54 10 14 0.03324316 
786 208 24 28 0.033134792 
88 135 55 70 0.03231436 
398 140 12 16 0.031977803 
372 117 11 14 0.031675443 
765 68 9 12 0.031590857 
702 138 14 18 0.030836867 
516 6 22 28 0.030817265 
678 21 20 27 0.030798016 
711 135 29 33 0.03059703 
774 111 10 13 0.029464023 
393 216 9 12 0.02878516 
822 189 11 14 0.028334187 
717 146 33 40 0.027870843 
649 22 12 15 0.026855621 
389 148 12 15 0.02653651 
849 178 13 18 0.02559727 
844 174 21 29 0.025329908 
710 156 12 16 0.02517652 
246 211 16 18 0.025001286 
412 211 12 17 0.02467442 
524 22 20 25 0.024597082 
386 136 13 16 0.024541358 
671 59 15 20 0.02443623 
71 111 11 14 0.023283156 
515 75 26 40 0.02321786 
136 94 34 49 0.023011642 
708 144 17 20 0.022933576 
504 9 10 14 0.022751521 
605 10 9 11 0.022489626 
532 33 12 15 0.021130411 
512 155 45 57 0.02103995 
409 142 12 17 0.020787401 
43 230 114 149 0.020757817 
255 167 26 41 0.020683123 
819 181 23 30 0.020380404 
198 215 9 10 0.020143643 
