46_Jockey_Jockey_46_308
40
182 143 60 66 0.9993349 
704 57 60 67 0.99845445 
402 182 48 59 0.76471376 
924 549 32 35 0.5813767 
499 215 50 59 0.35018486 
217 264 25 39 0.28258574 
172 406 37 38 0.21375306 
539 272 48 57 0.08999268 
406 205 46 63 0.07950244 
411 241 34 42 0.0749837 
464 317 34 43 0.0727308 
191 331 42 53 0.05428351 
469 298 29 36 0.050177217 
420 311 29 39 0.046685006 
882 611 29 31 0.045274936 
513 224 55 70 0.044265285 
138 329 43 55 0.039111916 
1 155 38 59 0.03370251 
100 286 18 23 0.033677105 
111 275 25 30 0.03357112 
755 514 44 58 0.032508723 
205 273 29 35 0.03188704 
652 284 39 57 0.031683877 
409 257 45 57 0.0305183 
208 315 42 58 0.02898872 
918 541 27 35 0.028069096 
154 238 26 38 0.02780023 
479 200 354 439 0.02741899 
-6 385 53 95 0.026549043 
648 439 135 160 0.025872609 
195 279 42 50 0.02530884 
347 297 43 53 0.024396678 
440 311 47 59 0.023800727 
11 331 33 49 0.023723254 
249 82 391 486 0.023711443 
608 342 217 246 0.023215912 
224 254 31 42 0.022120591 
126 204 26 33 0.021294823 
93 287 28 39 0.020336702 
215 247 30 40 0.020263275 
