46_Jockey_Jockey_46_352
41
421 74 34 45 0.9996063 
521 73 33 42 0.99957186 
792 57 37 47 0.9995172 
610 64 37 47 0.99938166 
693 67 35 45 0.99893564 
497 182 35 46 0.99881124 
811 225 46 60 0.9979584 
89 148 44 58 0.9977623 
338 45 35 47 0.9977139 
633 144 39 54 0.9974432 
677 232 44 57 0.99713045 
221 47 37 48 0.9964426 
301 250 44 56 0.9958126 
206 138 43 55 0.9958001 
436 249 41 51 0.9950877 
558 242 43 53 0.99495006 
336 124 40 52 0.9942253 
779 135 41 55 0.99270964 
903 131 40 54 0.992195 
171 239 45 57 0.99051076 
621 417 18 21 0.07710771 
657 427 17 18 0.07344258 
647 401 17 21 0.068772234 
738 420 23 26 0.049863055 
592 448 12 15 0.0438054 
728 430 24 25 0.039103042 
612 418 18 20 0.032137424 
637 407 21 26 0.031519927 
653 431 26 28 0.02922752 
180 531 24 31 0.028689167 
666 425 16 19 0.028471848 
628 435 14 17 0.026001157 
700 395 14 17 0.023669288 
691 412 17 20 0.022325661 
851 250 25 32 0.0222961 
582 465 18 21 0.022264881 
688 417 25 26 0.021870138 
600 426 25 28 0.02079124 
851 6 32 35 0.020343972 
730 440 15 17 0.020302523 
736 408 28 28 0.020209344 
