46_Jockey_Jockey_46_202
24
484 77 58 63 0.992411 
887 118 22 32 0.121099785 
419 119 48 57 0.11192483 
377 143 402 466 0.0972718 
575 539 14 18 0.09513604 
703 463 30 36 0.08266591 
123 676 40 37 0.075447835 
789 168 53 66 0.06634342 
625 567 28 33 0.05920271 
815 157 120 166 0.056969177 
414 109 38 48 0.042035088 
508 73 47 49 0.03290415 
33 717 12 15 0.031820167 
558 212 29 34 0.026746593 
119 590 9 12 0.026264414 
786 146 110 129 0.025679452 
99 588 10 14 0.02515604 
92 682 27 34 0.024928417 
0 652 10 17 0.022542315 
122 352 209 266 0.021263177 
101 614 10 12 0.021087263 
122 637 10 13 0.02009894 
721 471 19 23 0.020094134 
572 213 29 34 0.020033587 
