48_Parachutist_Paratrooper_Parachutist_Paratrooper_48_122
109
399 165 127 154 0.99985254 
629 614 131 163 0.70029277 
255 188 105 146 0.27519712 
665 1203 15 19 0.21904944 
873 1287 18 21 0.19938646 
152 235 11 15 0.1635339 
259 1357 13 16 0.14887916 
589 70 44 78 0.13823302 
106 1052 18 24 0.13039498 
273 470 52 63 0.09676293 
102 434 59 90 0.095176324 
819 1299 13 18 0.08441806 
699 72 106 136 0.07279699 
908 1302 16 21 0.06994119 
510 679 52 70 0.059527554 
609 33 51 87 0.059261855 
96 222 10 15 0.057742484 
378 1335 7 10 0.056692947 
75 855 327 433 0.056234777 
668 1190 16 17 0.055709966 
389 1365 9 12 0.055517413 
661 1287 11 14 0.053503405 
548 76 28 38 0.05059844 
634 17 88 106 0.04756272 
763 1034 16 22 0.047313467 
56 968 30 44 0.047025796 
869 1275 27 34 0.04639688 
187 352 76 57 0.04618625 
84 200 14 17 0.045979008 
809 532 71 84 0.044592153 
162 773 40 44 0.044382602 
34 941 53 72 0.04436761 
164 190 96 122 0.044216983 
24 683 44 62 0.043713078 
111 236 14 17 0.04320009 
235 1382 11 14 0.042657252 
205 190 110 138 0.042475723 
655 39 31 40 0.041602988 
87 150 12 16 0.041433685 
697 1324 10 14 0.04019243 
657 1286 9 11 0.03902967 
344 36 53 78 0.03861028 
622 1244 15 20 0.037940282 
262 1378 27 32 0.036579758 
24 626 383 477 0.036277484 
967 1211 51 69 0.03555156 
376 1325 9 10 0.034820717 
579 54 75 119 0.03468699 
626 11 18 20 0.032744024 
655 1225 12 14 0.032709997 
269 1357 10 13 0.031870212 
70 721 16 19 0.031747956 
863 1273 47 55 0.030473415 
324 46 51 78 0.030225167 
382 1336 7 9 0.02963798 
35 969 23 35 0.029064951 
674 136 14 17 0.02897694 
144 235 12 16 0.02883132 
654 25 107 136 0.028636588 
43 228 362 431 0.028341644 
677 1383 10 13 0.02745113 
154 238 16 21 0.02675331 
104 236 11 14 0.026729403 
329 6 93 114 0.026516998 
359 1377 9 11 0.026272349 
186 544 367 502 0.02566856 
278 1359 11 12 0.0256597 
27 37 11 12 0.025505805 
512 63 15 19 0.025444033 
651 1211 14 20 0.025246356 
678 448 101 113 0.024951477 
278 1343 8 9 0.024729637 
756 1028 26 36 0.024537249 
718 97 65 85 0.024117462 
384 1342 7 9 0.024077531 
110 1367 41 56 0.023951188 
660 1226 12 15 0.023542896 
658 1216 16 19 0.023536135 
537 303 43 49 0.023459844 
26 30 10 12 0.023409065 
394 1391 9 12 0.02322287 
276 459 39 39 0.023036351 
714 1220 14 17 0.022859158 
388 1359 10 13 0.022613619 
355 1376 8 9 0.022588486 
611 3 30 33 0.022364035 
13 170 13 15 0.022360586 
118 1006 205 271 0.021812426 
85 1033 12 16 0.021708649 
346 457 39 47 0.021620458 
289 1319 9 10 0.021492528 
696 965 14 17 0.021449547 
58 224 16 19 0.021202829 
271 1352 9 11 0.021177787 
624 1240 11 14 0.021143036 
416 1372 8 11 0.021098299 
645 1217 16 19 0.021057261 
6 45 11 14 0.020722313 
642 -1 19 19 0.020714039 
140 228 14 18 0.02054703 
405 485 344 444 0.02052148 
343 1306 8 9 0.020506822 
399 492 42 45 0.020478379 
93 174 13 16 0.020351462 
586 17 26 41 0.02021425 
30 654 89 125 0.02019917 
71 174 11 13 0.020097222 
192 186 172 239 0.020071616 
262 1344 8 10 0.020002699 
