48_Parachutist_Paratrooper_Parachutist_Paratrooper_48_75
18
384 97 40 43 0.9913111 
846 149 52 69 0.97971207 
744 222 56 76 0.067091696 
814 151 55 64 0.05266648 
307 309 12 17 0.044067156 
924 262 48 74 0.04222372 
340 420 11 13 0.041710503 
818 297 46 61 0.04072521 
827 154 32 39 0.0324144 
173 658 30 29 0.03146818 
171 623 44 48 0.029081844 
706 27 86 117 0.027573567 
763 245 53 69 0.02666417 
804 326 49 63 0.024481103 
526 158 12 15 0.02417094 
500 122 11 14 0.022620238 
691 322 100 115 0.022264285 
661 312 95 95 0.020074485 
