48_Parachutist_Paratrooper_Parachutist_Paratrooper_48_656
97
557 190 43 38 0.93700963 
617 361 27 35 0.86914665 
804 278 208 283 0.84266686 
36 352 173 199 0.7203778 
69 20 107 162 0.5298724 
484 435 26 30 0.23400934 
449 137 15 20 0.22249494 
481 164 15 17 0.17316784 
721 622 8 10 0.1658655 
380 633 13 16 0.10068287 
425 392 26 32 0.09118054 
849 360 119 190 0.08382956 
317 379 32 38 0.08264975 
222 239 56 65 0.082160875 
477 168 16 20 0.07269824 
354 257 46 50 0.07207676 
603 322 16 18 0.0719351 
292 275 59 69 0.07162324 
128 678 8 10 0.07040505 
471 175 21 27 0.06740869 
606 347 45 44 0.06046709 
701 674 11 13 0.0598768 
822 598 8 10 0.059413407 
117 430 73 103 0.058359977 
517 172 15 17 0.05804766 
597 639 10 12 0.05527349 
483 653 18 23 0.0550402 
838 92 180 274 0.05194459 
475 505 14 16 0.05083564 
514 172 28 30 0.04959162 
369 272 21 21 0.045028612 
494 420 27 30 0.04071795 
376 656 10 13 0.04013818 
535 366 12 14 0.040045433 
515 395 16 19 0.039134715 
17 184 104 105 0.038239237 
624 178 33 36 0.037882507 
660 248 17 21 0.035872165 
231 218 69 59 0.035155512 
470 119 12 14 0.034449868 
560 164 52 54 0.033563204 
735 607 7 10 0.032881364 
319 277 36 40 0.032668505 
18 54 173 225 0.03258118 
377 629 11 16 0.032274567 
499 411 27 29 0.03090213 
471 439 53 46 0.030835232 
660 253 23 29 0.030302612 
598 146 48 46 0.030179033 
737 624 8 10 0.029934203 
10 -1 123 140 0.029912874 
393 363 45 46 0.029879838 
615 359 16 27 0.028645033 
710 667 14 15 0.028363166 
178 669 9 10 0.028260782 
728 629 7 9 0.028176012 
339 288 13 20 0.028111001 
405 606 13 18 0.028061325 
397 616 12 17 0.027717384 
892 50 126 200 0.027715795 
715 622 8 11 0.02768759 
199 218 27 38 0.027515901 
121 693 8 11 0.027354933 
742 624 7 9 0.02677922 
334 271 47 60 0.025699347 
89 672 7 9 0.02550657 
314 391 26 42 0.025451453 
755 55 385 455 0.0250384 
292 282 412 428 0.024920559 
857 221 148 219 0.024184482 
246 202 82 60 0.024057824 
41 205 69 59 0.024044378 
695 624 7 9 0.023992583 
728 574 9 11 0.023539849 
408 400 35 33 0.022974208 
122 688 8 11 0.02287524 
736 629 8 9 0.022662694 
628 337 58 44 0.022623952 
581 493 10 13 0.022621809 
396 589 10 13 0.022311376 
593 170 48 54 0.022253016 
373 600 10 12 0.02221999 
679 23 37 48 0.022178287 
404 471 104 102 0.0221643 
385 630 13 15 0.021612752 
720 558 7 9 0.021308146 
625 405 41 41 0.021273088 
502 690 16 18 0.021050649 
373 261 34 33 0.021021126 
72 718 9 11 0.020894049 
711 566 8 10 0.020772293 
498 437 31 33 0.020609228 
633 186 18 20 0.020597357 
824 620 9 12 0.020443901 
515 411 13 16 0.020407738 
138 712 6 8 0.020130357 
583 155 35 35 0.020069605 
