48_Parachutist_Paratrooper_Parachutist_Paratrooper_48_596
28
439 178 124 146 0.9976284 
180 947 66 79 0.49114206 
473 1064 106 104 0.29714987 
305 706 236 310 0.17822093 
264 834 187 264 0.106056705 
380 148 197 254 0.06220192 
476 675 66 71 0.05692137 
503 771 58 70 0.054110833 
423 758 136 131 0.051567227 
292 763 123 189 0.04568058 
215 927 110 142 0.045678373 
234 862 306 415 0.044332154 
381 681 223 247 0.038356844 
260 650 77 71 0.03768496 
427 947 208 234 0.034011256 
470 771 62 73 0.03304957 
340 719 400 464 0.03037936 
309 742 90 119 0.029679094 
496 810 68 75 0.026657524 
585 1015 160 233 0.025796674 
202 961 77 83 0.023659978 
517 221 33 40 0.02305681 
175 1287 49 64 0.021877421 
321 750 34 51 0.020994173 
208 923 196 254 0.020815337 
433 116 120 137 0.02025178 
363 749 24 35 0.020123752 
147 893 114 142 0.020077692 
