48_Parachutist_Paratrooper_Parachutist_Paratrooper_48_652
37
342 93 124 175 0.9996339 
616 565 101 98 0.5331596 
265 940 134 146 0.51858264 
243 459 377 482 0.16037224 
503 560 24 38 0.14535676 
352 635 36 40 0.13708274 
573 577 121 116 0.06508709 
406 445 103 106 0.051647335 
313 571 17 22 0.045997374 
580 610 68 70 0.045375273 
292 562 17 21 0.041587994 
237 309 64 49 0.04153243 
268 590 13 17 0.039107557 
371 1142 14 16 0.036758527 
585 368 32 38 0.03462606 
545 324 35 45 0.03183495 
587 640 36 39 0.029864775 
364 1144 23 29 0.02932595 
299 566 18 23 0.028597089 
275 445 34 35 0.027858276 
305 604 15 16 0.027055293 
433 335 24 29 0.027018791 
349 654 117 112 0.026826194 
570 343 42 58 0.026212994 
451 638 34 33 0.025268966 
591 389 51 61 0.024513422 
365 1170 15 20 0.02399896 
410 350 26 38 0.023658048 
421 340 29 40 0.02297298 
490 553 43 53 0.022718355 
344 683 36 47 0.022618951 
261 588 14 17 0.02255926 
221 1237 200 270 0.022488143 
496 1054 23 26 0.02203195 
388 983 16 19 0.02052058 
373 321 33 34 0.02040822 
575 376 25 34 0.020030374 
