48_Parachutist_Paratrooper_Parachutist_Paratrooper_48_439
44
625 134 140 199 0.99896514 
148 50 49 63 0.9982497 
375 193 22 27 0.3821079 
7 41 28 41 0.10350004 
141 194 37 43 0.054261416 
195 223 37 44 0.05206568 
240 242 35 40 0.05113051 
384 200 17 20 0.0486575 
471 213 11 14 0.04616156 
858 151 13 16 0.04294236 
396 204 11 15 0.04225578 
366 202 13 17 0.03674129 
462 190 11 14 0.035195347 
489 37 9 11 0.032125555 
413 205 12 14 0.030371131 
332 209 17 19 0.029500177 
55 21 409 527 0.029266503 
429 179 11 16 0.028143855 
356 204 14 18 0.028006522 
463 241 11 14 0.026790358 
218 229 42 53 0.026604343 
403 277 15 20 0.025392381 
415 267 12 15 0.025239764 
376 184 11 14 0.025162596 
444 179 14 15 0.024901172 
375 188 15 20 0.024778558 
472 45 10 13 0.024548518 
439 213 11 13 0.024428304 
453 189 12 17 0.024236936 
475 179 13 15 0.024204612 
654 528 13 18 0.02407995 
445 106 12 15 0.024026088 
469 205 14 16 0.023929847 
-1 42 45 72 0.023690036 
404 246 10 12 0.023544122 
408 207 12 14 0.022637604 
1006 139 16 23 0.022546025 
469 188 13 16 0.021905778 
411 578 26 28 0.021731874 
438 180 12 14 0.021708718 
441 274 30 34 0.021445261 
393 275 26 33 0.021351792 
19 38 28 38 0.020326765 
1006 103 18 33 0.020050734 
