48_Parachutist_Paratrooper_Parachutist_Paratrooper_48_814
38
396 194 211 293 0.99977416 
156 406 24 30 0.94541186 
253 401 24 29 0.828506 
210 409 22 24 0.73342824 
58 406 19 25 0.62199396 
305 399 23 26 0.5811519 
698 372 167 321 0.26587325 
608 278 55 83 0.25306872 
129 405 11 13 0.2457789 
467 947 230 282 0.23472968 
582 415 47 63 0.16449155 
681 268 332 478 0.12907651 
395 867 380 433 0.1032525 
438 22 239 287 0.07752144 
563 237 95 151 0.052895445 
253 67 397 476 0.04727663 
91 404 15 23 0.0469753 
274 762 123 128 0.04627374 
33 830 414 539 0.04299456 
246 394 42 50 0.04081546 
596 244 58 92 0.03953154 
130 407 14 18 0.035476267 
68 405 23 28 0.03536107 
611 245 90 141 0.03512851 
169 410 27 30 0.030536419 
335 691 382 481 0.028336411 
188 412 24 29 0.025971828 
608 455 88 98 0.024116525 
684 40 17 20 0.023784567 
110 414 10 14 0.023683622 
194 922 397 501 0.023397423 
259 402 46 59 0.02322365 
208 417 32 37 0.02262058 
153 407 43 47 0.022208812 
3 405 16 22 0.02189895 
223 674 224 254 0.021672256 
21 -24 379 447 0.020752525 
272 344 18 22 0.020187197 
