17_Ceremony_Ceremony_17_470
40
940 271 54 67 0.9982875 
481 252 48 60 0.998075 
353 172 51 71 0.99646497 
680 290 24 33 0.99463487 
78 254 43 53 0.99298406 
229 225 39 47 0.9906606 
725 211 49 59 0.9905786 
584 287 41 51 0.8852379 
642 291 24 34 0.62455827 
183 271 26 28 0.37394682 
713 268 32 45 0.24932782 
140 270 15 19 0.22905152 
209 292 41 56 0.1688708 
10 288 27 35 0.12924568 
752 211 43 49 0.11933278 
0 290 20 32 0.1010421 
989 305 16 22 0.072659664 
13 268 27 29 0.05313412 
183 327 27 34 0.047679007 
887 364 13 16 0.046903886 
15 276 32 37 0.04447255 
193 321 26 36 0.042705666 
169 324 28 39 0.039780132 
195 279 41 48 0.03606212 
800 323 60 79 0.030991035 
15 269 14 18 0.030331263 
195 273 28 31 0.028571865 
694 275 35 48 0.027961545 
768 311 107 122 0.027567202 
803 33 32 43 0.026210189 
600 277 44 52 0.024722638 
133 256 21 27 0.023638606 
6 593 112 173 0.023585686 
893 347 14 17 0.023575874 
201 305 31 41 0.022712963 
325 273 47 52 0.022627313 
49 418 58 51 0.021440322 
176 274 23 32 0.02083658 
644 306 18 23 0.020519912 
908 362 25 30 0.02010667 
