17_Ceremony_Ceremony_17_368
27
590 113 86 109 0.9962453 
715 232 67 82 0.99551624 
352 151 76 101 0.99292153 
434 159 24 29 0.9901182 
137 13 20 27 0.9631816 
290 621 9 11 0.09254578 
165 484 11 12 0.060779713 
176 64 22 30 0.052914776 
428 154 39 50 0.041467287 
185 45 11 14 0.039591063 
209 146 11 12 0.039113868 
775 229 35 42 0.03869984 
332 619 12 15 0.03553007 
195 132 10 14 0.03487845 
286 106 15 19 0.034561403 
413 103 11 14 0.03341783 
179 58 17 21 0.032250088 
418 180 15 22 0.0322134 
425 164 26 34 0.031448256 
445 97 14 18 0.028342305 
175 188 13 17 0.02509483 
915 197 17 22 0.024659626 
118 494 16 17 0.024617426 
182 51 15 19 0.024575807 
391 149 53 70 0.024052272 
247 645 11 14 0.022183577 
489 190 29 35 0.020970143 
