17_Ceremony_Ceremony_17_57
26
908 169 37 39 0.9995413 
425 117 35 42 0.99650866 
286 97 41 50 0.99630594 
129 111 37 44 0.9941029 
731 126 36 41 0.9934325 
576 153 36 39 0.9463697 
243 218 18 20 0.11310451 
553 208 18 18 0.094210215 
214 187 26 30 0.08276224 
95 275 29 30 0.05144073 
866 288 16 19 0.0509607 
637 469 31 32 0.039763357 
605 21 26 29 0.03933632 
356 83 31 38 0.035468124 
554 217 17 19 0.032355037 
93 304 14 18 0.031069718 
562 218 14 15 0.03017358 
236 223 16 19 0.028898781 
673 471 27 30 0.028048001 
590 165 21 26 0.027812973 
240 205 25 29 0.027459992 
425 98 28 37 0.025303131 
782 104 14 15 0.023353545 
546 213 11 15 0.023131216 
432 84 29 35 0.020132663 
559 203 19 21 0.020073663 
