17_Ceremony_Ceremony_17_418
432
715 169 25 29 0.9943445 
88 135 26 32 0.9904889 
659 125 17 22 0.9865737 
251 107 19 23 0.96834755 
508 114 23 27 0.954801 
586 131 16 19 0.95148426 
787 193 25 30 0.9508884 
557 178 25 34 0.9482378 
971 224 15 18 0.94489366 
627 133 16 20 0.94431204 
147 166 22 27 0.94281757 
469 124 16 21 0.94082224 
763 130 17 20 0.9245262 
170 112 17 21 0.92109567 
205 123 21 26 0.91422904 
869 141 13 17 0.83185756 
702 127 17 22 0.7954379 
28 152 29 34 0.7889829 
927 249 23 35 0.77335906 
696 154 17 21 0.7299687 
118 89 10 13 0.72577745 
278 138 15 19 0.71332973 
949 198 16 19 0.71152675 
983 154 13 15 0.69448185 
62 94 11 15 0.68558705 
684 133 15 19 0.6855124 
364 126 16 20 0.67906207 
13 120 22 28 0.67199224 
490 162 46 58 0.67101693 
983 126 12 14 0.6361576 
785 286 28 38 0.5828855 
941 132 10 13 0.57549286 
1006 152 10 12 0.5631206 
969 250 24 41 0.558356 
566 126 12 16 0.5428853 
354 152 18 22 0.5241753 
381 116 16 18 0.51562846 
860 109 11 14 0.48316595 
133 141 11 15 0.46080926 
127 68 10 13 0.45149794 
317 117 16 19 0.43353015 
299 146 18 23 0.42709488 
788 147 15 18 0.40880987 
933 169 13 17 0.40343842 
995 206 14 17 0.38353467 
747 222 27 37 0.37488487 
81 201 39 58 0.3640295 
967 127 11 12 0.317447 
956 216 13 16 0.3009426 
341 156 15 18 0.28492442 
810 150 22 30 0.27824563 
582 104 11 14 0.2512499 
67 94 13 16 0.24949643 
416 126 23 27 0.22743724 
292 105 13 16 0.22284745 
689 128 20 25 0.2084448 
260 218 16 24 0.1965874 
934 158 13 16 0.19330268 
298 81 14 17 0.1921295 
709 114 16 19 0.17672113 
304 140 19 24 0.1742494 
278 167 16 19 0.17202994 
906 132 9 12 0.16658294 
710 243 26 33 0.1665282 
238 157 13 18 0.1656753 
939 126 10 13 0.15453303 
893 129 8 10 0.15331504 
159 135 11 14 0.14597656 
455 137 26 31 0.14530212 
113 116 11 14 0.14442718 
170 144 14 18 0.14402398 
151 96 10 12 0.14185758 
480 99 11 14 0.13899116 
73 77 12 14 0.13647157 
297 152 12 16 0.13526222 
934 261 30 37 0.13223289 
207 97 15 17 0.12626404 
653 155 11 14 0.1133993 
720 239 26 35 0.110397704 
1013 205 10 16 0.101815976 
42 152 25 34 0.09834599 
276 233 364 466 0.09807164 
983 206 13 16 0.09667127 
968 151 10 12 0.09181724 
960 327 27 41 0.09118617 
312 116 14 17 0.09055635 
276 184 15 18 0.09022068 
1013 173 8 11 0.08891077 
854 163 13 17 0.08822132 
378 136 15 19 0.0855487 
117 199 16 22 0.08520653 
92 83 13 16 0.082227744 
536 82 375 455 0.081585184 
733 230 28 36 0.079079986 
943 138 9 12 0.07899989 
462 127 26 32 0.0779967 
963 174 10 13 0.077636555 
516 161 44 55 0.07741675 
456 107 11 15 0.07731539 
1001 174 10 14 0.076548055 
957 142 11 13 0.07299572 
989 120 11 14 0.07276844 
334 93 11 15 0.07183141 
407 102 12 15 0.07129748 
460 103 10 14 0.070016354 
452 144 17 18 0.068766005 
188 125 14 16 0.0682668 
301 180 12 16 0.06812628 
17 138 34 43 0.06597992 
1003 204 13 17 0.065592274 
890 132 9 11 0.065333806 
752 137 13 18 0.06505747 
184 85 11 14 0.06498902 
292 137 20 25 0.064275496 
570 128 14 18 0.06426951 
699 142 22 26 0.064164974 
808 160 14 19 0.063475974 
875 165 13 16 0.06304642 
981 172 10 12 0.06297652 
419 144 17 21 0.062121686 
307 187 15 20 0.06187034 
818 148 17 23 0.061548688 
928 171 13 17 0.061539255 
555 150 22 27 0.061355762 
509 86 10 13 0.05960616 
298 495 116 130 0.059309646 
348 158 16 20 0.05877922 
336 155 13 16 0.058250632 
565 149 15 19 0.05776137 
959 149 10 13 0.0568401 
556 139 11 15 0.056765225 
533 123 15 18 0.05617458 
140 191 21 30 0.05611128 
170 249 17 21 0.0557792 
581 154 16 20 0.05569998 
1004 179 11 14 0.055658925 
823 139 12 15 0.055162515 
392 94 11 12 0.05497132 
965 163 11 14 0.054806076 
487 157 27 36 0.054331094 
80 64 9 12 0.052766167 
205 108 17 19 0.052515626 
174 171 11 15 0.052489366 
1002 167 9 12 0.052398797 
581 77 16 20 0.052059107 
75 97 12 15 0.051639445 
979 250 17 25 0.051505238 
339 164 16 21 0.05115387 
949 210 16 19 0.05111293 
504 87 11 14 0.050566353 
850 142 15 22 0.04891793 
76 141 16 20 0.047971617 
974 126 10 13 0.0472948 
197 80 14 18 0.047018114 
336 291 226 268 0.046754148 
70 83 14 16 0.046388328 
978 259 25 34 0.046058055 
333 169 15 20 0.04581429 
497 145 34 38 0.045723714 
371 138 21 28 0.045463193 
520 91 11 13 0.045445886 
124 91 10 13 0.045086924 
702 155 23 28 0.044880006 
538 100 10 13 0.04447319 
153 194 13 18 0.044285465 
976 165 10 12 0.044215504 
277 173 20 25 0.04421103 
146 179 22 31 0.0433455 
990 198 12 15 0.042522855 
376 91 10 13 0.04242405 
582 146 14 17 0.041683752 
455 93 9 12 0.0414023 
548 159 16 23 0.04138245 
395 137 14 17 0.041271932 
780 203 29 34 0.0411511 
824 135 10 12 0.04108526 
335 87 10 12 0.040794224 
811 166 16 20 0.040691786 
104 70 9 11 0.040363334 
99 83 11 15 0.040155176 
479 147 26 35 0.03949904 
781 137 20 26 0.03933452 
484 96 11 13 0.03918358 
963 180 11 12 0.03913393 
965 203 12 15 0.039033785 
7 9 96 117 0.03900679 
62 103 14 19 0.038819633 
569 150 24 32 0.03874568 
467 138 27 34 0.038558256 
127 143 14 19 0.038170267 
649 178 15 17 0.03816496 
327 148 11 17 0.037956905 
178 248 16 22 0.037183907 
448 140 15 18 0.037088145 
52 164 16 23 0.037053376 
1002 156 10 12 0.037038237 
736 98 13 16 0.036883682 
851 134 12 16 0.036614813 
230 117 11 16 0.036547273 
67 146 16 20 0.03639591 
753 240 19 27 0.036236186 
243 130 17 20 0.03620185 
145 99 10 15 0.036168 
332 178 13 17 0.036136135 
772 204 15 20 0.03598645 
383 134 22 26 0.035803344 
57 92 19 25 0.035674334 
258 132 13 17 0.035630416 
951 156 10 12 0.03557653 
486 139 26 33 0.03553028 
213 148 11 14 0.035504706 
329 93 11 14 0.035449672 
117 112 11 14 0.035429597 
920 151 8 10 0.03530552 
473 96 9 12 0.035218786 
443 101 12 15 0.03504326 
136 86 9 11 0.034878016 
594 152 14 19 0.03486443 
813 141 11 14 0.03457258 
856 112 12 16 0.034467548 
157 142 20 25 0.034458008 
77 69 12 14 0.034454517 
265 215 22 30 0.03440556 
60 147 16 21 0.034360923 
271 131 15 20 0.034127668 
960 133 10 12 0.03383487 
798 135 10 13 0.033502717 
995 263 15 22 0.033429917 
585 159 17 21 0.03312937 
645 132 12 16 0.033071544 
318 47 9 12 0.033015765 
919 173 11 14 0.03301352 
295 178 13 17 0.03272256 
1006 186 11 13 0.03269797 
1014 125 9 12 0.03245584 
339 98 14 17 0.03236891 
1003 146 19 22 0.032321252 
491 130 14 17 0.032288652 
849 127 8 11 0.032239202 
991 174 9 11 0.032115705 
595 136 14 18 0.03210327 
963 213 14 17 0.031843662 
562 168 25 33 0.03183686 
284 157 13 17 0.03183424 
499 115 41 48 0.03181638 
1 265 34 49 0.031701863 
188 118 12 16 0.03147181 
444 144 28 30 0.031314883 
453 112 13 16 0.031297103 
84 68 9 13 0.031110562 
76 80 13 17 0.031068642 
1014 166 10 14 0.030795509 
750 145 14 19 0.030315006 
770 127 14 17 0.03027661 
122 67 11 15 0.030156212 
894 171 11 14 0.030151978 
5 121 16 22 0.030059796 
315 128 15 20 0.029883457 
950 257 27 34 0.029856626 
783 303 16 22 0.029834948 
227 198 14 16 0.029745193 
126 74 10 13 0.029722378 
571 147 15 18 0.029630944 
964 257 19 27 0.029403118 
807 136 10 13 0.029337816 
132 135 19 24 0.029322464 
312 144 16 20 0.02923798 
559 130 13 18 0.029118378 
942 121 10 12 0.029012114 
794 140 13 19 0.029009478 
151 66 15 18 0.028826414 
997 133 11 13 0.02873526 
975 157 10 13 0.028684836 
120 78 11 13 0.028533312 
362 134 18 21 0.028484019 
269 159 21 27 0.028394535 
111 63 9 13 0.028394137 
147 156 19 21 0.02817157 
214 211 23 25 0.028047493 
760 228 30 36 0.028022263 
380 92 11 14 0.027977655 
116 122 10 13 0.027976057 
784 151 14 18 0.02761521 
1010 155 12 15 0.027607378 
988 244 15 20 0.027606025 
753 128 21 26 0.027593995 
448 93 10 13 0.027527833 
579 90 17 21 0.027505297 
999 100 10 12 0.027470538 
321 109 15 19 0.027336484 
973 149 10 15 0.027284391 
278 54 10 13 0.027204733 
107 189 39 51 0.027162386 
887 189 11 15 0.026998099 
988 238 12 14 0.026972527 
788 163 13 16 0.02696731 
446 114 13 17 0.026939817 
780 132 12 16 0.026870206 
86 79 12 16 0.026775358 
742 280 28 35 0.026684063 
312 68 9 13 0.026662605 
707 122 20 24 0.026577339 
115 83 18 22 0.026573945 
938 126 18 23 0.026567547 
1010 149 11 14 0.026472673 
138 133 12 16 0.026466573 
156 70 17 20 0.02627721 
332 150 13 17 0.026231881 
178 139 14 18 0.02616394 
477 106 13 15 0.026145346 
990 248 24 35 0.025892507 
476 95 19 23 0.025836997 
348 100 14 17 0.025819054 
414 151 14 19 0.0257068 
939 149 12 15 0.025704736 
825 146 16 21 0.02569327 
101 202 29 40 0.025628444 
492 153 18 23 0.025585545 
62 123 15 19 0.025567051 
581 166 17 23 0.025561554 
794 151 14 18 0.02540198 
133 92 11 14 0.025347214 
858 167 15 19 0.025243131 
106 63 10 14 0.025231002 
820 184 15 18 0.025216369 
6 111 41 51 0.02518326 
807 147 13 18 0.02485475 
299 88 15 19 0.024809333 
298 178 22 27 0.024794564 
485 166 13 21 0.024703825 
974 191 9 11 0.02466922 
335 80 9 11 0.024606267 
141 84 11 12 0.024516586 
960 166 11 14 0.024421027 
164 170 13 17 0.024307352 
508 157 33 40 0.024278875 
770 241 17 21 0.024269147 
143 78 10 13 0.024208507 
853 98 21 26 0.02417797 
448 88 9 10 0.023943217 
739 93 11 14 0.02390162 
794 210 24 34 0.02384918 
1008 124 9 11 0.023833742 
955 223 16 18 0.023813436 
918 202 12 16 0.023783904 
981 163 12 14 0.023754505 
934 197 10 13 0.023715338 
238 97 13 17 0.023710249 
492 124 11 16 0.023638792 
955 191 12 14 0.023585021 
815 178 15 18 0.023499154 
278 59 11 15 0.02348751 
1012 178 10 13 0.023449153 
178 120 14 18 0.02340915 
313 51 11 13 0.02338238 
524 85 10 12 0.023330878 
461 114 20 25 0.023287136 
254 147 14 16 0.023279984 
251 135 17 19 0.023225086 
405 133 12 15 0.023223467 
540 107 11 13 0.023146778 
587 106 11 14 0.023016239 
157 110 11 14 0.023014026 
269 53 10 13 0.02298014 
123 154 14 19 0.022957183 
146 93 20 24 0.022857483 
301 99 12 16 0.022738295 
852 125 11 14 0.022716872 
414 136 16 19 0.022706654 
495 130 28 33 0.02258091 
676 145 16 21 0.022563905 
420 169 33 39 0.022504356 
973 216 14 16 0.02238846 
87 116 24 28 0.022359513 
474 160 25 32 0.02234734 
445 106 13 17 0.022334758 
861 218 15 17 0.022328971 
1007 119 9 12 0.022288855 
394 69 10 12 0.022257455 
749 259 28 33 0.022225218 
494 93 10 12 0.022224998 
317 69 9 12 0.022205567 
573 140 13 17 0.022144606 
24 121 15 22 0.022023661 
301 159 13 17 0.021993026 
1015 140 10 14 0.021913817 
951 141 9 12 0.021908442 
455 103 20 25 0.02186517 
634 126 15 17 0.021856528 
77 191 30 40 0.021711908 
479 87 9 11 0.02159555 
968 325 19 23 0.021580206 
611 130 14 18 0.021516478 
582 139 24 26 0.021505825 
313 178 15 21 0.021490071 
603 130 15 19 0.021345561 
216 127 16 19 0.021264758 
520 81 9 12 0.021245107 
902 187 14 15 0.021238916 
354 139 24 30 0.021177404 
294 186 14 18 0.021072924 
301 208 15 19 0.021062905 
1016 130 10 14 0.021056965 
286 55 11 14 0.021042993 
790 135 11 15 0.021029599 
476 147 74 96 0.020962361 
993 180 10 12 0.020931251 
59 137 16 22 0.020905463 
325 98 14 17 0.020816242 
911 150 9 11 0.020769497 
990 190 11 13 0.020751873 
366 429 40 50 0.020691788 
772 130 21 27 0.020683456 
1005 263 15 22 0.020599544 
70 89 21 24 0.020592114 
976 291 31 39 0.02052939 
456 88 9 11 0.02047477 
140 164 20 24 0.020378446 
964 141 13 15 0.020378182 
496 87 10 12 0.020373883 
249 169 20 27 0.020315515 
466 141 45 53 0.020315008 
307 133 16 19 0.020297296 
121 62 20 24 0.020239841 
908 184 10 12 0.02022927 
274 125 21 25 0.02021475 
496 474 39 28 0.020187005 
641 125 21 28 0.020169383 
884 168 15 18 0.020126428 
605 45 99 116 0.020108882 
937 140 10 13 0.02004236 
167 203 11 15 0.020014375 
