17_Ceremony_Ceremony_17_588
26
194 344 28 41 0.998161 
264 219 24 35 0.9960962 
748 197 28 37 0.99592125 
954 164 40 55 0.991508 
571 220 21 30 0.9822235 
92 178 41 51 0.97508824 
491 274 18 24 0.94008994 
312 360 20 30 0.67604345 
437 238 20 31 0.65968955 
297 363 22 30 0.22458415 
332 443 11 14 0.21899511 
10 596 64 64 0.16181506 
32 593 30 38 0.11097325 
925 418 102 182 0.07075152 
332 365 10 13 0.0616972 
36 606 36 41 0.050367568 
56 169 26 34 0.049408715 
290 363 19 26 0.044192705 
322 363 13 19 0.042750895 
87 326 50 52 0.037314367 
185 291 20 31 0.03479237 
309 351 8 10 0.033151373 
971 21 32 35 0.026333135 
60 137 13 15 0.024863424 
428 254 25 32 0.023627551 
205 327 40 46 0.02133147 
