17_Ceremony_Ceremony_17_271
203
731 370 21 30 0.9489127 
604 375 15 22 0.680239 
568 382 20 27 0.4289467 
513 387 22 27 0.2953839 
585 380 13 17 0.27473155 
225 604 45 52 0.1861833 
513 438 23 27 0.18392584 
100 520 45 60 0.13719068 
297 383 8 11 0.12624232 
172 548 28 39 0.120475136 
281 383 8 10 0.11576887 
377 573 32 38 0.110725254 
270 391 9 13 0.10794108 
218 421 14 18 0.10357853 
298 375 8 11 0.09601295 
577 382 16 21 0.09580515 
251 391 17 20 0.09451298 
260 392 13 19 0.09325638 
448 576 42 51 0.08361156 
163 631 107 129 0.07936026 
641 383 9 12 0.07181528 
185 599 30 56 0.068335906 
221 415 23 28 0.06804348 
297 387 9 12 0.067368664 
704 384 8 12 0.06372787 
470 566 29 39 0.06254205 
622 379 11 13 0.06182708 
597 423 17 20 0.061584257 
575 352 10 12 0.059961256 
239 327 9 12 0.05956536 
500 366 17 20 0.058853604 
751 466 24 27 0.055216048 
878 417 13 15 0.05481129 
711 383 10 12 0.054437876 
716 388 11 14 0.05424018 
433 576 37 49 0.053590726 
90 300 15 20 0.052514628 
623 389 13 16 0.051577758 
516 381 16 22 0.051329046 
692 375 9 11 0.05046982 
281 387 9 13 0.050074067 
222 335 9 11 0.0485883 
545 363 10 14 0.04858133 
246 389 15 19 0.04738563 
312 383 8 11 0.04577627 
487 243 12 16 0.045588594 
604 369 13 18 0.04542287 
218 413 13 16 0.044450067 
297 369 7 9 0.044064544 
642 373 9 11 0.043862183 
491 245 14 16 0.042513885 
282 366 7 10 0.042308416 
791 394 11 13 0.04194361 
483 377 13 17 0.04155227 
679 368 7 11 0.040524516 
742 420 15 19 0.040188152 
271 374 8 11 0.040135916 
750 473 13 15 0.039342795 
115 330 16 18 0.0391616 
302 368 7 9 0.038974553 
710 387 12 14 0.03895364 
640 388 10 12 0.038262885 
230 405 12 15 0.037916336 
719 396 12 14 0.037563358 
551 428 12 17 0.03753184 
212 349 12 15 0.037373025 
458 251 15 18 0.03729171 
680 373 7 11 0.03719369 
301 388 10 12 0.037114047 
707 403 12 15 0.03694063 
562 365 9 12 0.036666855 
696 390 9 11 0.03590627 
773 390 11 15 0.03577473 
627 373 9 13 0.03537809 
746 469 11 15 0.035030324 
245 373 11 12 0.034920927 
230 396 10 14 0.034856457 
255 383 11 14 0.034856096 
319 367 9 10 0.034743477 
712 376 8 11 0.034468826 
55 448 12 14 0.033904504 
224 389 10 13 0.0338801 
271 444 13 16 0.033696875 
675 389 353 498 0.033466984 
716 380 12 15 0.03338926 
110 317 24 28 0.032992765 
749 405 13 15 0.032841 
748 453 13 14 0.032798674 
657 368 8 9 0.032465152 
334 403 10 13 0.032085065 
119 519 29 41 0.03201802 
721 404 10 13 0.03183045 
742 335 10 12 0.031757515 
566 382 13 19 0.031743146 
119 501 10 11 0.03153904 
610 653 49 72 0.031073736 
603 393 14 18 0.030864725 
222 407 12 14 0.030860154 
561 356 11 13 0.030498797 
873 435 9 12 0.030276686 
642 368 8 11 0.03004694 
344 384 8 10 0.029685602 
498 377 16 19 0.0296457 
682 382 8 11 0.029439503 
678 391 10 12 0.029399619 
301 383 9 11 0.029225755 
237 381 13 16 0.028984603 
108 314 18 21 0.028868007 
285 367 8 9 0.02869089 
775 419 10 13 0.028671715 
608 381 17 21 0.02834584 
752 344 11 13 0.027960835 
329 391 8 10 0.02786688 
570 328 8 10 0.027799606 
462 227 16 18 0.027616547 
278 344 9 11 0.02729874 
234 325 10 13 0.027124412 
756 450 13 14 0.0271163 
500 437 27 32 0.027040094 
490 378 16 18 0.026857013 
268 441 24 27 0.026761 
245 381 13 17 0.026700435 
712 673 48 66 0.026659634 
575 374 12 17 0.0266434 
278 394 11 15 0.026595775 
245 400 16 18 0.026492681 
179 567 33 37 0.026214512 
142 613 53 72 0.026026148 
549 285 9 11 0.0259579 
891 446 13 15 0.025826797 
245 326 9 11 0.025742296 
580 374 15 19 0.0256641 
459 246 13 15 0.02542611 
766 431 12 15 0.025344113 
334 389 9 10 0.025283817 
720 344 8 9 0.025103461 
264 367 8 11 0.025078086 
69 463 12 15 0.02496575 
87 541 55 66 0.024927042 
110 712 113 121 0.024627317 
234 411 17 20 0.024518605 
185 555 28 31 0.02451825 
523 381 14 19 0.024494473 
230 389 10 14 0.024469787 
317 320 8 11 0.024406038 
567 257 9 10 0.024252636 
327 374 8 11 0.024221048 
479 243 12 17 0.024199998 
486 349 15 17 0.023975521 
485 570 13 20 0.023971718 
90 493 75 104 0.023951083 
110 382 10 12 0.023866355 
385 380 9 12 0.023770098 
209 348 10 14 0.023617886 
294 328 8 10 0.023610549 
345 390 8 10 0.023487149 
263 373 10 12 0.023449888 
563 349 13 16 0.023372302 
311 389 9 11 0.02326651 
313 367 8 10 0.02307951 
547 380 11 14 0.022981191 
334 383 9 12 0.022955485 
754 348 12 14 0.02254694 
566 343 10 11 0.022498326 
352 312 8 10 0.022440583 
788 428 14 16 0.022400627 
744 412 13 16 0.022146143 
559 271 10 12 0.02210059 
260 381 10 14 0.022045126 
209 614 69 82 0.021989604 
451 245 25 28 0.021931501 
445 252 13 14 0.021920359 
329 337 7 8 0.021915259 
791 515 11 14 0.021730145 
823 350 10 12 0.021725908 
762 469 14 17 0.021712216 
190 417 11 15 0.021698453 
560 381 12 16 0.021653172 
744 458 12 16 0.021554759 
815 390 10 12 0.02143166 
258 420 17 19 0.021343889 
487 241 22 27 0.021179369 
330 381 9 12 0.021166675 
645 389 10 13 0.021165878 
245 344 9 10 0.021069523 
712 328 9 12 0.021032952 
759 525 11 14 0.021021005 
344 398 11 12 0.020977203 
773 451 12 15 0.020925935 
401 572 35 50 0.020747619 
767 451 12 14 0.020694843 
173 51 394 501 0.020692136 
704 375 8 11 0.020684384 
827 380 11 13 0.020678554 
686 380 10 12 0.020454764 
362 574 31 38 0.02045104 
263 390 19 24 0.020449769 
231 332 9 12 0.02040616 
725 418 10 14 0.020389201 
665 381 10 13 0.020208446 
772 405 11 13 0.020202095 
603 447 18 19 0.020063894 
743 376 18 22 0.020030515 
