17_Ceremony_Ceremony_17_1037
33
471 196 171 224 0.99948066 
277 116 49 62 0.44641265 
382 1764 150 149 0.38541245 
746 801 63 87 0.1864388 
19 524 56 68 0.098037206 
797 777 15 19 0.09682594 
291 118 29 38 0.07578493 
190 303 458 547 0.07282032 
283 442 224 340 0.04969809 
773 791 56 91 0.047959387 
295 127 15 19 0.047648784 
304 125 29 37 0.042600404 
252 116 33 38 0.033883635 
276 142 32 45 0.033242766 
284 110 15 16 0.031567417 
577 1754 127 124 0.0304372 
814 812 13 17 0.029780008 
20 504 107 132 0.028595865 
-13 -64 387 489 0.02775586 
804 782 13 18 0.026631275 
246 110 52 62 0.023949906 
267 108 30 34 0.023607431 
664 823 7 10 0.022701567 
258 151 54 70 0.022671878 
277 168 14 21 0.022545073 
414 1794 98 90 0.022310907 
853 1496 169 244 0.021570586 
252 99 29 34 0.021415828 
682 160 356 483 0.02135995 
754 824 40 49 0.021093978 
526 756 27 39 0.02061852 
34 555 39 46 0.020477641 
248 177 29 34 0.020447351 
