17_Ceremony_Ceremony_17_46
69
107 122 18 23 0.903591 
266 143 16 24 0.89910644 
65 132 17 21 0.46348843 
749 243 9 12 0.1915849 
889 363 11 14 0.13047777 
817 307 10 13 0.11128384 
681 136 8 10 0.08996295 
109 199 10 13 0.080615714 
454 145 8 9 0.07894254 
703 167 8 11 0.07083656 
695 152 8 9 0.06413113 
473 144 9 11 0.06216631 
270 149 19 24 0.061667196 
462 128 9 11 0.05772104 
357 277 10 13 0.056238525 
710 128 7 9 0.052353427 
487 152 7 9 0.047044005 
73 179 17 17 0.04689395 
698 133 8 10 0.04365326 
704 135 8 9 0.042882714 
719 158 9 10 0.040525243 
225 368 8 11 0.03878238 
471 149 8 10 0.03734871 
227 373 11 13 0.036430925 
229 368 8 10 0.035595056 
701 160 8 10 0.035476867 
422 152 8 10 0.0350066 
457 128 9 11 0.034704313 
425 143 7 9 0.03401401 
477 143 8 10 0.032563183 
713 151 7 9 0.03202694 
762 269 14 17 0.032018576 
466 152 7 9 0.030817188 
72 130 15 20 0.030708363 
710 133 7 10 0.030347403 
710 169 8 10 0.02926287 
296 304 9 11 0.028736237 
776 256 9 12 0.02873394 
680 153 9 10 0.028541388 
685 173 9 11 0.028135806 
662 142 9 11 0.027078442 
687 169 7 10 0.027019955 
809 309 10 14 0.026048135 
705 128 8 10 0.026006289 
1013 477 9 15 0.02564892 
-37 -30 426 489 0.02563242 
727 158 7 11 0.024834713 
449 150 8 10 0.024800848 
433 143 8 9 0.024663998 
685 140 7 10 0.024489393 
437 143 8 10 0.024452487 
687 153 8 10 0.024209939 
448 128 8 10 0.023976794 
909 344 9 10 0.023843346 
439 135 8 10 0.023836367 
487 157 8 11 0.023699597 
718 144 8 9 0.022357907 
469 126 9 11 0.0223152 
426 137 7 10 0.021975458 
729 153 7 10 0.021804787 
53 134 29 31 0.021798208 
891 366 14 18 0.021737609 
929 334 10 12 0.021724004 
705 140 8 10 0.021601452 
438 158 8 10 0.020698754 
718 152 8 10 0.020641139 
59 125 19 21 0.020525118 
64 179 34 37 0.020421112 
217 366 8 10 0.020351166 
