17_Ceremony_Ceremony_17_490
62
885 173 102 139 0.9994072 
517 217 68 83 0.9989292 
289 264 59 77 0.9976682 
388 26 44 59 0.99727976 
48 0 52 60 0.99419725 
209 8 45 65 0.99393976 
481 18 41 63 0.9661487 
780 325 80 56 0.37893957 
791 368 57 58 0.20383494 
362 145 53 49 0.12591511 
418 -1 30 31 0.1188829 
720 40 14 18 0.11453412 
320 496 91 149 0.09790076 
279 100 44 50 0.089889005 
329 225 50 65 0.06330422 
43 274 129 224 0.058519002 
745 68 10 13 0.053707726 
430 1 20 19 0.050544184 
750 61 13 17 0.04967355 
726 56 13 16 0.049334034 
2 659 14 17 0.04509756 
285 533 91 134 0.043537114 
178 148 28 35 0.04335684 
204 143 43 43 0.04105131 
263 201 44 55 0.04005723 
499 364 14 18 0.039484363 
699 87 12 14 0.038729843 
711 55 11 14 0.03671532 
577 234 42 60 0.036316853 
731 54 11 15 0.03610996 
565 3 17 16 0.034052916 
342 161 59 50 0.033000868 
721 42 20 27 0.032785702 
555 0 30 29 0.032259222 
764 336 94 86 0.031827 
752 58 10 12 0.031074237 
398 739 25 31 0.030769859 
277 59 24 25 0.030274386 
669 3 17 16 0.029848574 
718 79 10 14 0.028938198 
715 99 13 15 0.026722195 
292 228 60 65 0.025829244 
319 171 58 49 0.025471611 
734 70 10 12 0.025032524 
714 154 119 165 0.02493516 
454 2 16 16 0.024143634 
759 285 111 107 0.024063155 
480 220 50 70 0.023980966 
666 -17 191 229 0.023842802 
27 1 31 44 0.023612889 
753 66 15 18 0.023535466 
712 94 11 16 0.023137292 
714 3 14 13 0.02303895 
751 150 11 13 0.022907374 
740 79 22 30 0.022163348 
718 47 14 20 0.022074716 
595 448 30 37 0.021954859 
532 459 12 14 0.021766547 
505 13 33 47 0.02166205 
805 308 67 61 0.020749485 
749 75 43 65 0.020264106 
754 629 93 73 0.020023543 
