17_Ceremony_Ceremony_17_444
21
314 227 364 503 0.99983644 
228 521 536 497 0.18475716 
775 1382 11 14 0.13772817 
734 1358 8 10 0.05740895 
903 23 89 115 0.046995718 
10 974 98 140 0.04460333 
46 982 114 148 0.039773956 
799 1400 7 11 0.03586084 
751 1437 12 15 0.03543924 
551 1482 52 53 0.027939303 
724 1440 11 13 0.027476648 
782 1348 9 11 0.026805451 
768 1334 8 11 0.026604168 
2 54 395 481 0.02386434 
75 662 604 492 0.022348398 
793 1406 10 11 0.022221984 
213 233 298 463 0.022118282 
791 1342 9 12 0.021692887 
470 1482 58 55 0.021550797 
784 1414 8 11 0.021462072 
461 1501 33 34 0.021172738 
