17_Ceremony_Ceremony_17_220
240
580 290 12 16 0.9540906 
447 366 10 13 0.7187573 
901 392 13 17 0.54287374 
552 377 14 17 0.51482 
349 341 8 12 0.48595476 
484 299 11 15 0.473623 
379 304 9 12 0.45495793 
400 371 11 15 0.42391968 
272 385 18 24 0.40296718 
459 389 23 28 0.39050382 
432 373 9 12 0.38537157 
383 337 8 10 0.36471814 
161 383 11 14 0.3487224 
336 367 9 11 0.32444677 
482 340 14 15 0.32136127 
526 381 11 16 0.3005947 
540 355 12 16 0.2996343 
324 337 13 18 0.25004283 
464 354 10 14 0.21090177 
213 379 9 13 0.1889433 
645 280 9 13 0.17172453 
401 333 9 11 0.16685432 
135 375 9 11 0.1352705 
271 382 13 18 0.115677744 
53 370 14 20 0.115038164 
956 396 10 12 0.112435624 
652 286 9 13 0.11115445 
460 378 14 19 0.10814467 
376 377 10 12 0.10572855 
107 389 14 16 0.10495185 
647 292 11 14 0.099787675 
41 372 22 28 0.096880294 
424 388 9 14 0.09300838 
330 401 17 21 0.09182531 
417 367 11 14 0.08930871 
428 389 10 15 0.086809225 
80 365 9 11 0.08520681 
44 385 15 21 0.08118362 
380 396 16 20 0.081092775 
28 358 11 14 0.078189 
405 333 9 11 0.0776202 
384 320 8 9 0.07686262 
301 389 15 18 0.07666376 
309 386 12 18 0.07526251 
367 386 11 17 0.07386078 
324 385 15 19 0.07356372 
340 371 12 15 0.073059395 
526 373 11 15 0.0727589 
55 367 11 14 0.069241166 
430 341 7 11 0.06901971 
104 372 12 14 0.06829534 
507 387 14 17 0.06643623 
553 384 15 17 0.064886466 
339 400 16 22 0.06475287 
60 365 10 13 0.06469592 
356 370 14 17 0.064306654 
115 387 13 17 0.06391696 
454 373 11 14 0.06302834 
92 386 11 15 0.06229373 
519 387 11 15 0.06221198 
277 374 14 18 0.06169496 
427 311 8 11 0.061158475 
636 261 9 13 0.05846102 
600 284 10 12 0.058395192 
425 317 8 11 0.05751966 
853 436 9 11 0.05684186 
917 397 11 13 0.05653967 
318 384 13 19 0.05613017 
535 352 11 14 0.056044947 
63 358 9 11 0.055913556 
629 196 12 13 0.05487017 
421 356 10 13 0.052845806 
404 379 11 15 0.05266 
95 374 10 14 0.052329205 
254 376 8 11 0.051548798 
109 402 12 14 0.051420372 
386 342 10 13 0.051095266 
392 319 8 10 0.049912825 
395 312 7 9 0.048762847 
232 380 8 12 0.048649788 
88 380 13 18 0.048614364 
126 381 10 11 0.047968045 
468 310 10 13 0.047183033 
573 384 10 14 0.047064424 
423 382 9 12 0.046989907 
348 369 15 19 0.04622166 
413 390 12 14 0.046060693 
180 372 9 12 0.044092946 
245 364 10 12 0.043982066 
326 393 14 20 0.043698944 
438 372 9 12 0.043453023 
423 349 10 13 0.04345098 
119 381 10 15 0.043297585 
280 378 16 21 0.04308455 
271 388 44 45 0.0423723 
399 360 10 12 0.042215314 
872 407 9 11 0.042119097 
600 391 10 14 0.04193554 
490 79 16 21 0.041858464 
330 385 17 22 0.041717358 
466 378 16 22 0.04169152 
430 348 9 13 0.0413822 
372 385 12 19 0.041081633 
999 336 8 10 0.039260983 
504 382 11 15 0.03886166 
416 350 9 10 0.038749535 
373 394 15 20 0.03765799 
365 372 9 14 0.037589412 
718 208 13 15 0.03749881 
204 323 11 14 0.03730694 
467 350 12 14 0.03660489 
197 380 13 15 0.036586497 
845 691 11 12 0.036447164 
469 372 13 18 0.03630315 
430 335 8 11 0.03598916 
428 315 9 12 0.034750223 
184 420 12 14 0.034618888 
59 375 14 21 0.034420952 
279 392 16 20 0.034163713 
406 387 12 15 0.033642452 
107 380 15 18 0.033114944 
424 334 10 12 0.03307617 
347 402 13 18 0.032654468 
625 197 10 12 0.03240229 
93 413 11 13 0.032313913 
390 347 8 11 0.031656414 
269 397 15 22 0.031637438 
95 366 9 11 0.031416323 
68 378 13 19 0.03138474 
197 491 15 17 0.03127955 
379 386 16 20 0.031157475 
420 372 11 14 0.030837594 
837 431 9 11 0.030714558 
165 376 12 14 0.030599505 
546 355 11 14 0.03058617 
340 360 11 12 0.030488648 
85 365 9 11 0.030465344 
481 305 10 14 0.029566847 
196 371 12 15 0.02922037 
416 344 8 10 0.028996402 
224 380 9 13 0.02897187 
379 340 10 12 0.028879598 
103 393 15 17 0.028810134 
346 337 10 12 0.028533403 
418 320 8 10 0.02840808 
568 385 11 15 0.028117947 
457 376 11 17 0.028086951 
103 414 9 11 0.027999332 
71 357 8 10 0.027995193 
645 298 13 16 0.02780329 
638 269 8 11 0.027735194 
441 367 10 13 0.027559597 
212 384 12 16 0.027536878 
463 332 8 11 0.027514063 
309 340 9 12 0.027385587 
261 397 27 35 0.027274389 
330 334 10 13 0.027243987 
365 318 8 11 0.027240196 
474 371 13 17 0.02717701 
350 346 9 12 0.027107658 
298 400 17 18 0.026857132 
210 375 10 13 0.026828054 
100 378 16 18 0.026821323 
249 374 10 13 0.026529688 
575 203 12 14 0.025969028 
780 415 10 12 0.025924765 
129 376 9 11 0.0258442 
305 335 9 12 0.02574558 
677 272 8 11 0.025645548 
132 463 11 13 0.025609346 
176 367 11 14 0.025546778 
480 336 12 14 0.025452755 
430 377 11 14 0.025268849 
564 427 12 15 0.025243469 
886 690 13 13 0.025209952 
590 302 9 11 0.025156926 
13 383 24 27 0.025113635 
463 295 7 9 0.0249041 
478 316 10 13 0.024861716 
320 333 14 17 0.024776652 
444 362 18 22 0.024626218 
3 391 14 20 0.024623698 
527 366 10 14 0.024559628 
186 497 29 33 0.024470171 
88 374 10 14 0.024410153 
391 326 9 11 0.024280546 
600 351 9 12 0.024272831 
281 275 226 207 0.024017716 
389 388 12 17 0.023866657 
41 372 13 18 0.023813494 
888 436 9 12 0.023435777 
295 394 13 15 0.023386553 
998 341 8 10 0.023263644 
415 334 8 11 0.023166459 
329 207 10 13 0.022921393 
591 307 10 13 0.022893209 
674 278 7 10 0.022776397 
653 198 9 11 0.022674954 
576 298 12 15 0.022587612 
401 352 8 9 0.022491565 
356 386 16 18 0.022478737 
224 373 9 13 0.022473644 
374 375 19 25 0.02239514 
47 368 12 16 0.022274097 
375 298 17 22 0.022146504 
76 409 24 31 0.022145065 
575 315 11 14 0.021974131 
583 325 12 14 0.021908104 
341 377 14 19 0.02187447 
367 293 10 12 0.021778828 
545 434 14 17 0.021686373 
309 629 29 34 0.021499889 
332 366 19 25 0.021489799 
72 363 9 12 0.021464098 
454 96 14 17 0.02135417 
107 368 12 13 0.021274932 
648 198 9 11 0.02117037 
573 419 10 13 0.021049606 
464 316 8 11 0.020985117 
191 493 13 15 0.020968352 
457 392 14 21 0.020911843 
487 322 10 14 0.020850487 
581 310 11 12 0.020839412 
320 344 13 15 0.020779507 
24 353 19 24 0.020752454 
26 368 52 64 0.020738268 
546 319 9 10 0.020570025 
550 391 15 18 0.020559449 
398 383 13 18 0.020541461 
544 91 12 15 0.02050298 
167 396 10 12 0.020466384 
909 401 12 14 0.020418653 
325 328 10 13 0.020354193 
189 404 13 16 0.020352688 
517 394 14 16 0.020314097 
396 371 18 24 0.020134194 
420 208 15 20 0.020078084 
408 343 7 11 0.020069866 
108 411 12 14 0.020044528 
529 276 10 14 0.020027997 
