17_Ceremony_Ceremony_17_415
19
456 68 217 306 0.99990654 
747 105 206 290 0.99988043 
66 102 191 274 0.9997727 
347 891 96 134 0.9997352 
649 929 81 103 0.993769 
669 1059 135 183 0.25124392 
247 1261 61 73 0.14237726 
631 1073 231 251 0.07178842 
531 359 482 483 0.06508771 
968 871 10 11 0.045382515 
138 892 10 14 0.037583556 
1002 886 17 22 0.030384697 
200 -2 51 38 0.03007077 
989 1137 11 13 0.02820109 
1008 1107 10 12 0.026808964 
1014 1132 9 13 0.021358179 
1005 1163 16 19 0.021168385 
954 945 15 17 0.021165082 
73 893 9 12 0.020179534 
