18_Concerts_Concerts_18_855
24
372 94 61 78 0.99302906 
94 158 73 85 0.9926037 
778 154 66 80 0.6291882 
428 118 76 103 0.6266377 
839 207 61 88 0.37545577 
797 168 63 90 0.19146997 
106 610 30 32 0.16571145 
754 142 65 81 0.1332654 
390 102 74 96 0.12780875 
798 160 42 46 0.11634549 
611 204 27 31 0.073314376 
85 527 31 36 0.07029372 
584 240 370 460 0.057171836 
155 627 53 51 0.054812804 
183 18 27 32 0.041955587 
459 94 53 77 0.0415839 
194 618 37 42 0.03974815 
173 616 48 52 0.034693882 
263 343 15 19 0.03224254 
926 215 48 76 0.031111548 
81 127 68 94 0.026897654 
861 237 54 70 0.025952982 
271 566 104 120 0.022842472 
690 216 199 230 0.022106068 
