18_Concerts_Concerts_18_554
26
561 488 29 39 0.9978466 
299 248 488 396 0.44441655 
595 99 399 496 0.0929191 
830 531 176 286 0.08722438 
267 211 14 17 0.08053105 
263 212 23 31 0.06821413 
395 81 414 427 0.056756414 
835 665 105 153 0.047400795 
956 444 37 37 0.041841757 
629 368 268 263 0.04047204 
25 400 16 23 0.040219694 
502 293 408 472 0.038073704 
95 360 10 14 0.03282528 
583 204 78 55 0.031158691 
374 376 151 147 0.030709863 
377 400 59 62 0.02856329 
373 305 255 234 0.028378915 
265 205 37 48 0.025043946 
732 -1 346 465 0.024297213 
110 189 103 135 0.023535099 
372 401 30 35 0.023390528 
517 643 14 17 0.022156734 
173 235 14 16 0.021282403 
620 188 15 19 0.020870004 
97 146 395 507 0.020588724 
272 431 11 13 0.020071695 
