18_Concerts_Concerts_18_920
231
757 565 11 15 0.9668419 
822 572 12 15 0.9463235 
280 504 17 22 0.9090542 
852 556 12 15 0.8866168 
981 587 12 14 0.75236547 
751 624 12 16 0.71134967 
904 565 8 12 0.64402324 
908 518 9 12 0.55136925 
869 575 10 13 0.524753 
950 525 9 11 0.46197823 
851 501 13 16 0.45110932 
928 563 10 13 0.35836723 
243 607 41 59 0.33430663 
232 612 31 51 0.33269063 
998 616 11 13 0.320461 
739 603 11 14 0.31419966 
943 579 11 13 0.29949442 
868 526 10 13 0.28332764 
829 555 10 13 0.26773936 
967 612 10 13 0.26212543 
800 556 9 12 0.25859264 
932 560 10 12 0.25818208 
614 600 17 19 0.24848822 
903 488 10 13 0.24779601 
875 665 13 16 0.23845114 
869 532 11 14 0.2186213 
769 623 10 12 0.21655284 
818 528 8 11 0.2164731 
855 590 10 13 0.21628816 
1005 516 8 11 0.21030533 
920 572 11 14 0.188335 
912 629 12 15 0.1793811 
344 0 26 32 0.17873268 
897 610 10 13 0.17545056 
799 575 10 13 0.16981512 
617 566 8 9 0.1201363 
831 595 13 16 0.116216764 
402 11 16 20 0.1126725 
837 551 9 13 0.10982941 
662 413 36 49 0.10889131 
791 550 8 11 0.10593132 
884 588 10 14 0.10345939 
917 535 9 12 0.103100374 
725 105 16 19 0.10253178 
896 623 10 13 0.09901954 
986 589 10 13 0.09724287 
604 588 29 32 0.0965255 
756 597 12 14 0.08710339 
928 614 8 10 0.08637759 
766 638 11 13 0.08629243 
835 590 11 15 0.08324763 
871 538 12 14 0.08121306 
868 520 11 14 0.07704795 
448 92 31 36 0.07647747 
858 557 11 14 0.07416584 
723 161 15 21 0.07180924 
762 59 16 19 0.0709275 
716 165 16 19 0.07089387 
926 580 10 12 0.06753899 
884 596 11 15 0.0667327 
710 112 15 21 0.06469043 
950 587 10 12 0.06316466 
771 627 10 13 0.062908895 
881 603 9 11 0.06072708 
957 0 24 23 0.06042976 
834 69 101 105 0.05780177 
936 580 10 12 0.057709984 
549 56 63 75 0.056700684 
590 574 8 11 0.056207802 
881 628 9 13 0.053352877 
804 556 10 12 0.05206784 
754 569 10 14 0.050314248 
798 566 10 12 0.050232813 
904 511 10 14 0.04978705 
1002 611 11 15 0.04911855 
862 541 9 13 0.04881149 
693 168 16 19 0.048230477 
737 639 10 12 0.047475033 
820 531 9 12 0.0468516 
999 477 12 15 0.0464634 
813 616 13 16 0.04604615 
757 66 15 18 0.045523066 
901 496 12 17 0.045282293 
254 43 15 15 0.045103107 
856 88 65 64 0.04457862 
904 521 11 13 0.041846186 
866 579 10 14 0.04163781 
948 575 10 13 0.04160055 
394 3 27 34 0.040064175 
714 106 19 24 0.03895077 
897 523 9 12 0.038893532 
928 552 9 12 0.03877201 
601 575 9 12 0.038615003 
879 623 9 12 0.03854057 
755 52 26 30 0.03802259 
752 602 12 14 0.037740897 
633 421 57 72 0.0374865 
898 493 11 13 0.036940962 
671 565 8 10 0.036614064 
978 582 11 14 0.036091737 
856 541 10 12 0.03571732 
756 74 13 16 0.035543628 
877 539 10 13 0.035358917 
907 493 9 13 0.03530259 
200 565 11 13 0.03431096 
908 500 10 13 0.03397234 
826 563 13 16 0.033122905 
925 608 9 12 0.032891292 
589 568 9 11 0.032827426 
187 515 13 16 0.03277633 
787 550 7 11 0.03276675 
869 585 11 14 0.03273654 
993 618 12 14 0.032306973 
852 515 11 14 0.032086857 
890 572 9 12 0.03190171 
966 541 9 10 0.031669002 
287 504 15 20 0.031635936 
766 536 7 9 0.031614352 
764 603 11 14 0.031399786 
886 627 9 12 0.031297907 
824 551 11 14 0.030956358 
803 573 11 14 0.030931303 
804 74 15 19 0.030667895 
912 538 9 12 0.030510865 
971 606 11 14 0.029840691 
839 619 9 12 0.02976866 
590 579 11 12 0.029109318 
792 555 10 12 0.028699666 
750 76 14 16 0.028664464 
877 93 13 15 0.028185219 
895 599 10 13 0.028117016 
752 596 21 24 0.028034093 
799 630 8 11 0.027785653 
683 400 39 58 0.027665826 
762 598 11 13 0.027471194 
887 604 9 13 0.027363047 
884 104 25 29 0.027354734 
967 478 8 10 0.02732277 
868 598 11 13 0.027291775 
861 587 11 13 0.026755936 
604 578 13 15 0.026696846 
701 115 21 27 0.026496526 
739 607 14 17 0.02649561 
860 613 11 14 0.026479525 
662 574 8 10 0.026459483 
814 53 25 30 0.026444985 
942 558 9 10 0.026332986 
630 566 8 10 0.02633033 
686 162 15 19 0.026279548 
751 592 11 13 0.026231796 
249 636 37 47 0.026140513 
710 84 12 15 0.026013272 
685 655 10 12 0.026006062 
713 120 16 19 0.02598204 
280 543 24 36 0.025971455 
212 625 60 76 0.025758412 
709 424 14 18 0.025712334 
756 109 15 18 0.025637982 
862 562 10 14 0.025486866 
999 597 10 13 0.025477927 
898 487 10 13 0.025464863 
823 598 10 13 0.025396857 
974 542 9 10 0.025150288 
828 579 10 13 0.024865495 
950 501 9 11 0.024837963 
988 583 10 12 0.024560645 
554 27 108 116 0.02446551 
684 106 16 21 0.024464173 
896 499 11 15 0.024459416 
902 627 11 14 0.024288524 
908 559 10 13 0.024279114 
629 152 16 21 0.02414748 
709 168 18 19 0.024121 
449 103 44 53 0.023959326 
904 511 17 23 0.023828417 
916 624 10 12 0.023778452 
876 644 10 13 0.023596877 
892 547 12 14 0.023458961 
858 620 9 12 0.023455285 
749 83 15 18 0.023214879 
853 686 9 11 0.023160132 
865 570 18 22 0.0231072 
901 560 18 23 0.023048714 
963 613 8 12 0.02294337 
675 112 21 28 0.022877727 
805 597 10 13 0.02263114 
848 552 12 15 0.022616258 
917 13 16 19 0.022593243 
402 128 41 54 0.022591306 
973 471 8 11 0.02249964 
960 551 10 12 0.022325473 
76 515 97 132 0.022322487 
893 540 13 15 0.02231643 
798 613 10 13 0.022278758 
771 635 12 15 0.02226739 
885 540 12 14 0.022239324 
584 640 8 10 0.022078669 
736 595 18 24 0.02199723 
621 570 10 12 0.021775514 
645 135 16 21 0.021720443 
783 581 8 10 0.02169916 
793 567 9 12 0.021696603 
751 608 21 24 0.02164897 
805 640 11 13 0.021618787 
982 614 9 11 0.021609882 
765 615 12 15 0.021542264 
691 120 15 19 0.02147752 
810 73 14 18 0.02135798 
908 487 9 13 0.021323035 
694 170 26 27 0.0212563 
927 588 9 11 0.021256201 
748 68 23 27 0.021155301 
870 501 9 11 0.02107106 
873 99 25 31 0.021044955 
887 567 10 12 0.020995885 
951 496 8 10 0.02099468 
657 567 7 10 0.020867141 
999 470 11 15 0.020835703 
870 494 10 12 0.020815931 
719 660 10 12 0.020787269 
688 108 21 29 0.02076646 
949 528 11 14 0.020753426 
435 101 26 29 0.020599509 
921 464 98 129 0.020440886 
991 575 9 11 0.020385144 
568 575 9 11 0.020375919 
793 573 9 13 0.02030165 
805 604 10 12 0.020294629 
151 566 8 10 0.020236947 
669 121 16 22 0.02017815 
830 542 11 13 0.020096516 
