18_Concerts_Concerts_18_665
18
522 150 240 290 0.999954 
481 1043 454 421 0.23338719 
548 1290 160 120 0.14723939 
95 1029 82 116 0.13456972 
536 588 136 161 0.1277468 
538 10 359 474 0.10189585 
457 493 426 459 0.0696271 
540 1188 271 208 0.055047628 
266 961 29 40 0.039551195 
131 966 14 18 0.0318752 
449 1152 253 270 0.028942145 
674 189 15 20 0.023862265 
585 599 26 31 0.022823183 
533 621 282 223 0.022656469 
414 242 116 163 0.021270618 
951 972 26 31 0.021061461 
664 621 249 325 0.020501709 
118 965 26 30 0.020288778 
