18_Concerts_Concerts_18_151
1197
202 90 17 21 0.994786 
852 62 16 21 0.9942074 
36 80 13 19 0.98202217 
727 317 20 29 0.9641947 
121 332 20 24 0.9612702 
505 137 18 23 0.9598313 
783 146 17 22 0.95820624 
981 270 16 26 0.95686144 
696 143 16 22 0.9530345 
331 262 19 25 0.95259243 
475 205 17 22 0.947663 
754 260 20 25 0.9397078 
102 104 16 20 0.9355009 
955 151 15 18 0.93493885 
720 58 17 21 0.93149155 
64 74 14 19 0.92334217 
464 67 18 22 0.9202622 
590 323 20 27 0.91232353 
898 203 18 24 0.90347207 
998 329 19 27 0.9021262 
871 147 19 24 0.89938223 
471 259 18 20 0.894843 
305 399 17 22 0.894068 
671 255 18 24 0.8888365 
1011 203 13 20 0.88759005 
399 150 16 21 0.866993 
986 59 16 21 0.86225975 
871 258 19 25 0.8592378 
130 88 15 20 0.85610265 
472 320 18 21 0.8318837 
852 327 17 21 0.82047737 
499 336 17 27 0.81831026 
783 201 18 22 0.8064596 
740 412 21 26 0.80508524 
344 80 16 18 0.7935125 
560 200 17 20 0.7935061 
208 264 21 26 0.7908889 
105 55 14 18 0.78833485 
359 269 14 17 0.7563051 
581 267 18 23 0.73788774 
15 79 10 14 0.72920173 
888 437 16 23 0.72206336 
588 145 15 19 0.7087768 
711 437 21 27 0.69715095 
866 410 22 27 0.68444777 
7 346 23 31 0.66132927 
364 339 15 20 0.6214535 
98 428 19 27 0.612433 
679 211 13 17 0.5842422 
149 396 22 25 0.5670449 
72 99 11 15 0.55797017 
340 206 13 17 0.5328754 
8 112 12 15 0.49642774 
88 284 16 19 0.49501356 
447 279 14 16 0.47535205 
868 174 14 19 0.47417662 
182 628 13 18 0.46875647 
447 606 10 12 0.41106227 
230 328 17 22 0.40875518 
930 148 15 22 0.4063796 
293 446 17 20 0.40593284 
262 433 16 22 0.39719477 
110 428 20 26 0.38443655 
594 71 13 17 0.3837967 
2 164 17 22 0.3803031 
517 237 12 16 0.37737975 
259 586 15 19 0.3715043 
773 178 12 17 0.3659533 
116 394 17 20 0.35758737 
786 172 12 16 0.3574038 
341 430 15 19 0.3544486 
835 444 15 18 0.34493154 
309 602 10 14 0.31106025 
995 153 13 16 0.2991426 
327 581 10 12 0.2889167 
215 142 14 20 0.27676597 
607 172 10 12 0.26311153 
380 620 12 14 0.25821224 
350 625 15 18 0.2524537 
120 425 20 26 0.25082818 
525 163 10 13 0.24390858 
737 93 11 15 0.2434793 
284 587 10 13 0.24123234 
421 221 11 13 0.24116418 
207 402 12 15 0.22286615 
186 163 11 15 0.21414904 
473 141 17 19 0.2139103 
187 591 13 17 0.20984627 
828 371 12 16 0.20060313 
1014 43 9 16 0.19943346 
48 238 23 29 0.1989317 
735 163 11 14 0.19623192 
693 175 13 15 0.1797924 
377 550 8 10 0.17895335 
886 68 9 12 0.17810354 
198 591 11 15 0.17593506 
787 299 15 19 0.17083898 
36 383 15 18 0.1696876 
160 630 9 13 0.16619715 
622 318 13 16 0.16413634 
632 221 11 13 0.16410008 
71 106 14 19 0.16337326 
593 592 8 10 0.16200736 
75 112 13 17 0.161844 
549 346 15 18 0.16062081 
949 177 12 17 0.15556158 
55 10 14 18 0.15418766 
600 171 10 13 0.15269369 
956 177 12 16 0.1507513 
117 247 23 29 0.15058887 
147 373 15 19 0.14872476 
305 597 12 15 0.14838012 
641 283 11 15 0.14611804 
992 235 12 16 0.1457821 
253 640 17 21 0.14519814 
40 424 27 28 0.14513208 
113 591 9 12 0.14484869 
15 97 14 18 0.14166355 
181 622 13 16 0.14092539 
406 294 12 15 0.1401139 
36 252 11 14 0.13913466 
495 622 10 14 0.13753079 
478 598 9 11 0.1356309 
590 597 10 13 0.1316922 
310 567 8 11 0.13136804 
861 176 15 20 0.13134673 
572 386 12 17 0.12999451 
824 135 12 14 0.1266938 
379 536 10 11 0.123469986 
647 589 9 11 0.12246229 
393 329 10 12 0.12182954 
1005 173 12 15 0.120506726 
431 598 8 11 0.120116875 
404 623 10 10 0.117818534 
163 419 16 18 0.11760275 
564 297 13 16 0.11743368 
1013 158 8 13 0.11737704 
13 366 17 20 0.116451025 
916 584 9 12 0.11543948 
132 644 10 14 0.11490572 
415 607 10 12 0.1135171 
588 605 9 12 0.11303545 
744 500 26 35 0.112936206 
932 141 15 18 0.11174461 
954 591 8 10 0.11155324 
277 551 9 10 0.110807024 
195 331 12 16 0.110790655 
1004 612 9 12 0.10973206 
442 606 8 11 0.10851987 
246 322 13 18 0.108103134 
949 615 9 11 0.10637229 
850 368 14 17 0.10528522 
520 308 12 16 0.1045897 
614 345 12 17 0.103949286 
343 557 8 11 0.10283317 
492 332 16 26 0.10273629 
430 295 12 14 0.102597214 
995 162 14 16 0.10126906 
701 177 13 16 0.10100965 
369 547 9 11 0.10096083 
422 592 8 11 0.100604124 
231 587 12 15 0.10011542 
982 604 9 11 0.10001897 
376 627 11 14 0.09967405 
252 96 13 17 0.09877837 
947 220 11 14 0.09837964 
278 597 12 15 0.097792864 
388 640 15 18 0.09762978 
948 620 11 14 0.09691617 
50 233 18 21 0.09667801 
188 620 12 15 0.09622541 
945 174 11 15 0.09467745 
206 433 12 15 0.09411881 
734 235 13 16 0.09407478 
461 592 8 9 0.093098335 
361 468 12 15 0.09303007 
472 308 20 25 0.092157386 
349 340 10 14 0.09098123 
91 276 16 21 0.09020127 
582 376 13 19 0.089659 
326 589 12 14 0.08903643 
297 559 9 11 0.08896124 
624 157 11 15 0.087679304 
1007 69 12 15 0.08730376 
354 313 16 22 0.08721636 
616 582 8 12 0.08623968 
311 558 8 11 0.08586107 
545 300 12 14 0.08576617 
270 543 8 11 0.08576525 
614 150 9 11 0.08570633 
613 606 8 10 0.08550592 
271 548 10 12 0.083688565 
303 551 8 10 0.08329396 
251 572 13 17 0.082692884 
1014 560 9 12 0.08262507 
31 428 13 16 0.08197771 
716 603 12 16 0.08176649 
678 198 11 12 0.08123718 
525 237 12 16 0.08092458 
590 185 10 13 0.08071311 
730 170 13 17 0.0805685 
534 591 9 11 0.080552116 
996 258 12 17 0.079241075 
725 573 9 11 0.07869557 
684 218 12 15 0.07815202 
190 615 12 13 0.077940755 
358 166 11 14 0.07783926 
998 574 8 10 0.07758237 
329 560 8 10 0.077563256 
414 347 24 27 0.0773647 
361 604 9 13 0.0764446 
89 425 21 27 0.07598813 
102 569 9 11 0.07571196 
328 565 11 12 0.07565556 
493 597 9 12 0.07548346 
474 598 8 11 0.075386114 
549 281 13 17 0.07495311 
939 581 8 11 0.074663945 
554 613 9 11 0.0741957 
389 206 9 11 0.07415214 
636 226 11 16 0.07388085 
98 588 9 10 0.073763564 
317 328 13 19 0.07354824 
418 591 8 11 0.07319667 
58 17 13 17 0.07295817 
104 605 8 10 0.07280247 
224 416 21 26 0.07242516 
296 92 12 15 0.07177288 
230 478 13 19 0.07166987 
855 175 13 16 0.071548104 
220 619 14 20 0.07047319 
505 331 17 23 0.07039769 
0 418 13 21 0.070391126 
638 151 10 13 0.070329696 
461 276 10 15 0.070051335 
635 215 10 13 0.069793716 
465 388 10 14 0.069759086 
327 606 10 12 0.06935774 
111 585 8 9 0.069143 
526 637 10 13 0.06898315 
565 357 10 14 0.0687683 
118 379 16 20 0.06862138 
671 209 12 17 0.06840257 
400 613 11 12 0.06832266 
888 550 8 10 0.067980096 
657 182 10 14 0.06788229 
740 127 14 18 0.06775766 
527 631 9 12 0.0675839 
920 559 8 10 0.06717783 
100 421 14 21 0.06713994 
533 637 10 13 0.06690771 
847 567 11 13 0.06669517 
309 148 9 11 0.06660547 
302 590 11 13 0.06652119 
46 140 11 15 0.066252634 
584 599 9 11 0.06604972 
126 588 10 12 0.06574083 
357 572 10 12 0.06549588 
403 222 9 12 0.06514043 
752 416 17 20 0.065038435 
493 315 12 16 0.06502287 
389 337 12 15 0.06460289 
427 235 13 17 0.06445669 
13 309 11 13 0.06426234 
53 258 12 14 0.06417686 
423 612 8 10 0.06393701 
399 587 10 12 0.06378339 
911 134 11 14 0.06374703 
934 566 9 10 0.063453496 
174 652 10 14 0.06313306 
941 331 16 18 0.062847964 
449 601 8 11 0.06275129 
344 173 8 11 0.06265091 
1000 607 9 11 0.06250939 
132 638 9 12 0.062272508 
0 309 7 12 0.06227116 
214 421 13 16 0.06224665 
536 622 9 12 0.062171403 
782 176 14 18 0.06215165 
309 572 8 11 0.06186218 
85 663 15 16 0.061820608 
388 222 12 15 0.061479498 
187 425 16 18 0.061474722 
351 485 13 15 0.061446723 
884 567 9 11 0.061417334 
12 606 9 11 0.061144575 
416 596 10 11 0.060818274 
612 659 16 17 0.060811292 
44 147 13 18 0.06032148 
910 567 8 10 0.060288027 
853 433 14 21 0.060070947 
838 64 11 16 0.059806604 
143 366 13 14 0.059419636 
373 409 11 14 0.059332956 
559 134 11 15 0.0591893 
193 464 28 29 0.05910204 
424 253 9 12 0.059092775 
692 279 17 21 0.058733888 
623 568 8 10 0.0586202 
672 171 11 15 0.05815873 
253 577 15 19 0.058092773 
243 409 14 18 0.057654567 
329 550 9 11 0.057590548 
798 290 15 19 0.057485558 
57 591 8 10 0.057264514 
583 407 11 14 0.056880683 
972 638 9 12 0.056700658 
1013 565 9 12 0.05668631 
842 439 15 21 0.056340907 
47 250 14 17 0.055896558 
696 196 13 16 0.05564715 
607 150 10 13 0.05508498 
477 594 9 10 0.054650936 
108 301 11 15 0.054630734 
582 550 8 10 0.054623898 
421 227 13 16 0.054604664 
567 566 9 11 0.054464992 
407 584 8 11 0.05419259 
439 591 8 10 0.054189198 
426 220 11 14 0.054074585 
147 376 24 28 0.05386942 
106 180 19 22 0.05384412 
345 203 12 17 0.053652905 
952 563 9 12 0.053571332 
51 189 13 17 0.053309314 
975 386 13 17 0.05327945 
44 384 14 18 0.053042453 
123 354 13 17 0.052882593 
301 581 9 11 0.05275423 
652 599 9 12 0.052659187 
427 348 16 20 0.052614298 
149 599 9 12 0.052583918 
621 151 10 12 0.052562147 
177 580 10 14 0.05254775 
828 292 18 19 0.05244546 
127 629 10 13 0.052433237 
616 576 8 9 0.05240827 
949 186 15 18 0.052158345 
700 357 12 15 0.052136518 
622 55 9 12 0.0520708 
631 583 8 10 0.05200888 
44 344 13 17 0.051941067 
138 575 10 11 0.051922474 
159 404 23 28 0.05165605 
302 627 11 15 0.051611066 
296 576 10 12 0.051533118 
494 592 9 11 0.051312957 
577 518 9 12 0.05108218 
224 290 12 16 0.050979514 
129 421 16 20 0.05095048 
51 386 13 15 0.05091268 
697 127 10 13 0.050811086 
688 599 8 9 0.050733283 
334 551 9 10 0.05073252 
1009 567 9 11 0.050643887 
249 348 13 16 0.0506077 
776 557 10 12 0.050595194 
458 592 7 9 0.05055372 
988 239 13 20 0.050407995 
915 372 28 33 0.05039584 
918 133 12 16 0.050285913 
993 274 15 19 0.050127354 
631 589 9 11 0.049990818 
977 606 8 10 0.049900122 
696 482 13 15 0.049896184 
787 510 46 47 0.049753245 
48 268 9 13 0.049667947 
597 166 11 14 0.049591023 
918 155 12 18 0.049362555 
10 252 16 17 0.049262613 
649 566 9 10 0.04918885 
526 609 8 10 0.04918176 
672 580 9 11 0.049153596 
619 297 16 20 0.049124442 
266 581 14 19 0.04905117 
416 584 7 9 0.048924033 
380 357 11 13 0.04871829 
992 599 9 11 0.04853173 
968 590 9 10 0.048517484 
627 161 12 15 0.048261 
245 559 8 11 0.04820133 
454 598 9 11 0.048188113 
557 331 12 14 0.048087675 
860 416 21 29 0.047967404 
397 533 9 10 0.04795492 
19 81 12 16 0.04795106 
112 563 12 14 0.047764283 
567 575 9 10 0.047640588 
928 559 8 10 0.047494315 
3 432 12 18 0.047322493 
116 150 11 13 0.047120344 
661 293 13 18 0.04709844 
358 160 10 12 0.04703352 
425 131 12 17 0.047020428 
301 557 8 11 0.047000308 
578 631 9 11 0.046996385 
951 583 8 10 0.046987213 
439 600 8 10 0.046664696 
1013 516 9 14 0.04633808 
14 560 11 13 0.04629003 
647 349 12 15 0.04592973 
694 133 13 15 0.045925867 
34 379 12 16 0.045899633 
389 607 9 12 0.045772377 
281 346 25 27 0.045772348 
899 584 7 10 0.045597915 
985 576 7 9 0.045563024 
596 664 11 13 0.045468695 
653 148 9 12 0.045342043 
1000 169 12 16 0.04527778 
991 257 12 19 0.045202903 
1 330 10 14 0.04503825 
55 621 9 11 0.045010183 
104 188 24 27 0.044884164 
311 627 12 15 0.044768047 
58 143 17 20 0.044697583 
56 429 17 22 0.04464443 
913 587 10 12 0.04464068 
665 591 8 10 0.044636697 
608 534 11 12 0.044565104 
522 298 15 19 0.044555478 
163 476 11 13 0.044552386 
310 656 13 17 0.044522624 
619 649 14 18 0.04429276 
600 125 12 15 0.04421787 
348 70 13 16 0.04421158 
221 479 21 28 0.044119447 
1015 590 8 12 0.044092108 
1007 629 11 14 0.043992557 
374 158 8 11 0.043847255 
372 325 11 14 0.043748006 
565 239 11 14 0.04373116 
106 62 15 19 0.043680184 
934 559 8 9 0.043671615 
581 255 14 17 0.043490294 
203 595 10 13 0.04345226 
573 258 22 28 0.043346066 
543 628 9 11 0.043184027 
644 416 9 12 0.04317596 
598 582 9 11 0.043127272 
557 258 17 20 0.04272403 
92 269 14 16 0.042703703 
321 590 11 14 0.042691067 
536 614 10 12 0.042687587 
385 294 11 14 0.042686068 
692 556 10 12 0.042662416 
921 600 7 9 0.042652227 
271 567 11 14 0.042634472 
559 352 12 17 0.04241419 
704 614 9 12 0.04238612 
659 186 11 14 0.0421661 
674 344 22 27 0.0420943 
624 588 8 10 0.042087294 
596 552 10 11 0.041999195 
997 232 12 18 0.04195984 
351 290 14 19 0.04193198 
635 269 11 15 0.041925043 
179 405 12 17 0.04191925 
357 320 21 30 0.041871507 
374 483 13 16 0.04179389 
911 560 8 9 0.04178502 
942 413 10 14 0.04178046 
837 469 12 14 0.041719105 
926 140 14 17 0.04156264 
552 576 8 11 0.041462127 
56 616 9 11 0.041382354 
166 598 8 11 0.041331116 
424 244 12 16 0.041327663 
518 591 8 11 0.041310444 
149 619 11 14 0.040974323 
1009 29 11 16 0.04094149 
595 151 15 18 0.04091843 
160 598 10 12 0.040779624 
633 560 8 10 0.040684536 
285 625 15 19 0.040588416 
942 598 8 9 0.040468957 
647 602 11 13 0.040455375 
488 342 13 21 0.04025459 
34 246 22 26 0.040187515 
489 74 11 14 0.040159356 
943 576 11 13 0.040064797 
463 597 9 11 0.040057994 
293 626 12 17 0.0400482 
232 407 21 24 0.040044334 
853 356 14 19 0.03947221 
318 642 15 18 0.039409384 
550 631 10 11 0.03938547 
38 247 11 14 0.03920766 
612 167 10 13 0.038976606 
172 408 15 20 0.038937133 
471 606 9 11 0.038897175 
898 566 8 11 0.038791403 
127 250 17 21 0.038779315 
181 412 21 26 0.038755856 
357 83 12 14 0.038707726 
824 568 8 10 0.038633574 
316 621 12 15 0.038595356 
791 297 22 27 0.03838372 
309 551 9 12 0.038371723 
168 323 13 16 0.038311675 
535 628 9 12 0.038211823 
263 550 11 12 0.038195033 
0 506 19 32 0.038115412 
334 558 9 11 0.038084254 
627 293 13 16 0.038065027 
725 149 10 13 0.038059738 
35 429 17 21 0.038010135 
412 351 16 18 0.03791058 
373 595 10 12 0.037842635 
951 608 8 9 0.037771743 
885 573 8 10 0.037766367 
631 576 8 9 0.037732404 
751 180 9 13 0.037700284 
705 597 10 13 0.03766591 
412 359 16 19 0.037655666 
358 551 9 10 0.03757603 
433 298 13 16 0.037542984 
203 372 13 18 0.03741769 
363 264 11 14 0.037385385 
705 441 15 20 0.03737172 
609 600 9 11 0.037316583 
377 614 12 14 0.037274987 
800 592 9 10 0.037131585 
118 628 11 13 0.03712671 
999 592 8 10 0.037088525 
375 583 8 10 0.03703368 
274 197 17 20 0.03690051 
977 601 7 9 0.03676386 
78 588 9 11 0.036763236 
1013 629 10 15 0.036681283 
814 273 14 17 0.036518738 
358 560 10 11 0.03647831 
344 168 9 11 0.03635671 
934 553 8 9 0.03631125 
614 238 13 15 0.036165714 
304 574 10 12 0.036123373 
158 622 10 14 0.03604683 
903 141 10 13 0.03604151 
654 559 9 11 0.03594784 
441 612 9 11 0.035931256 
97 534 8 10 0.035926305 
195 426 15 18 0.03588459 
8 80 14 19 0.035779618 
482 144 15 18 0.035733584 
472 174 10 14 0.035600904 
359 62 9 11 0.035588592 
100 148 15 18 0.03557905 
582 591 8 10 0.035538055 
576 407 10 14 0.03548792 
53 138 16 18 0.03548576 
670 283 11 16 0.035483778 
367 598 9 11 0.03543075 
904 560 8 9 0.0354275 
392 532 11 12 0.035425328 
374 591 10 11 0.03541549 
900 157 11 14 0.0353769 
210 541 11 14 0.035364952 
137 97 14 19 0.03535593 
143 616 10 13 0.03532805 
619 308 16 19 0.03527745 
79 326 22 28 0.03522769 
971 643 11 13 0.03519915 
73 598 8 10 0.035175372 
369 343 16 18 0.03506946 
125 624 9 12 0.0350091 
196 348 16 20 0.0347671 
727 157 10 13 0.03470848 
220 315 25 31 0.034695257 
47 607 8 10 0.03459114 
935 574 11 13 0.0345883 
390 599 9 11 0.034558985 
259 574 13 16 0.034556128 
362 316 14 18 0.03453885 
480 604 8 11 0.034525942 
171 316 14 17 0.03449436 
393 583 9 12 0.034492914 
696 361 12 15 0.034468766 
692 223 12 14 0.03444018 
395 339 12 16 0.034434803 
336 184 9 11 0.034419414 
428 251 10 13 0.034367587 
429 303 15 19 0.0343483 
484 435 14 17 0.034268044 
374 111 13 16 0.034255233 
899 191 17 20 0.034219533 
376 524 9 12 0.03417898 
520 217 14 17 0.034169897 
499 121 13 16 0.03412121 
324 438 14 17 0.034089588 
583 70 10 13 0.034075055 
101 411 15 20 0.0340406 
707 175 11 15 0.034035195 
249 543 9 11 0.034023836 
782 292 16 19 0.033976894 
956 559 8 10 0.033926476 
117 590 10 13 0.033921733 
543 473 10 11 0.033868115 
822 581 9 11 0.03385821 
275 449 14 17 0.033842195 
79 662 13 16 0.033821207 
55 125 13 14 0.033811733 
404 246 11 13 0.033696067 
794 608 8 10 0.033622198 
1015 606 9 13 0.033607624 
524 141 12 15 0.033593748 
961 607 8 10 0.033584103 
141 581 10 12 0.033522245 
19 253 10 13 0.033443112 
745 421 27 30 0.033434954 
631 597 8 11 0.033408675 
667 430 14 17 0.033314053 
588 535 9 10 0.03331122 
866 131 15 17 0.033306565 
575 589 9 11 0.033214435 
411 639 14 19 0.0331213 
529 592 8 9 0.03308657 
943 559 7 9 0.03306641 
647 134 9 12 0.033065483 
609 652 10 14 0.033040293 
471 613 8 10 0.0330196 
252 76 12 15 0.032962 
543 293 13 16 0.03294784 
638 288 13 18 0.032945935 
507 323 15 18 0.032939646 
404 313 15 18 0.032822937 
232 403 12 17 0.032786295 
657 549 10 11 0.032779124 
575 392 12 16 0.032757785 
913 608 9 11 0.032714196 
859 354 13 16 0.032707576 
407 589 8 10 0.03270667 
556 597 10 12 0.032641176 
961 149 14 17 0.032639474 
687 227 13 15 0.03262611 
695 250 15 21 0.032598063 
384 470 11 13 0.032595985 
488 605 8 11 0.032583974 
349 308 16 22 0.032439686 
269 71 14 18 0.032402452 
769 613 11 14 0.032368653 
568 662 11 12 0.03235222 
335 194 20 27 0.032348704 
480 614 8 10 0.032343883 
353 552 8 10 0.03229833 
14 299 12 14 0.03226331 
342 183 10 12 0.032249797 
169 557 10 12 0.032239985 
380 520 10 12 0.03223524 
95 631 9 11 0.032149695 
839 584 8 10 0.032144718 
617 54 10 13 0.03213602 
556 606 11 13 0.032070003 
314 648 17 22 0.032013476 
381 115 12 15 0.032004513 
849 561 9 11 0.032000925 
398 134 10 13 0.031931087 
606 226 14 17 0.031930283 
99 281 13 17 0.031880822 
542 338 15 19 0.031813476 
383 338 12 15 0.03177158 
771 132 12 15 0.03176308 
951 407 25 29 0.031746894 
638 233 11 16 0.0317394 
878 428 22 28 0.03161662 
22 428 13 17 0.031607047 
614 600 8 11 0.03158978 
522 613 9 11 0.031552304 
284 594 11 15 0.03145344 
504 591 8 11 0.03137571 
86 290 20 27 0.03133504 
938 492 12 16 0.031325262 
430 613 9 11 0.031318493 
278 623 15 20 0.031308938 
546 320 16 19 0.03130356 
144 362 22 25 0.031301495 
798 596 9 11 0.031263832 
678 629 8 11 0.03122015 
640 590 9 11 0.03115967 
397 347 13 17 0.03113747 
802 194 12 14 0.031066718 
647 334 10 12 0.031021249 
186 581 14 16 0.030960632 
344 606 9 12 0.030918773 
377 557 9 11 0.030814907 
540 399 14 18 0.030810192 
287 448 14 19 0.03079124 
593 550 9 11 0.030752601 
286 548 10 12 0.030731091 
269 48 14 16 0.030718641 
551 177 12 15 0.030673591 
247 641 14 21 0.030658036 
119 572 10 12 0.030649198 
152 627 12 15 0.030582855 
135 587 10 12 0.03057686 
665 211 11 15 0.030543875 
606 365 13 16 0.030478721 
882 63 10 13 0.03045357 
547 162 13 18 0.03043982 
310 581 9 11 0.030307135 
39 311 9 13 0.030272879 
355 566 9 12 0.030264892 
717 566 10 12 0.03014771 
588 405 11 15 0.03010141 
558 294 14 16 0.030059734 
765 554 11 14 0.030047232 
639 583 8 11 0.030021477 
355 164 20 25 0.03002073 
840 567 10 12 0.029985951 
630 606 9 11 0.029978324 
365 205 9 14 0.029958386 
497 45 9 12 0.029949345 
277 555 10 12 0.02992576 
505 165 11 16 0.029891988 
920 151 19 25 0.029847383 
617 73 9 10 0.029842237 
483 315 14 19 0.029838324 
666 479 17 18 0.029813068 
207 338 12 16 0.02978982 
135 581 12 14 0.029716196 
564 192 14 16 0.029671581 
283 403 12 18 0.02964364 
571 356 12 15 0.029608255 
904 598 7 10 0.029555088 
465 434 15 20 0.02949173 
709 562 14 17 0.02944263 
613 646 15 17 0.029441057 
759 598 7 10 0.029425643 
222 425 21 28 0.029412499 
653 349 14 16 0.02940678 
179 555 13 15 0.029346155 
392 215 9 11 0.029226296 
148 150 12 15 0.029180447 
1 414 21 30 0.029138595 
368 493 15 17 0.02908859 
882 347 14 17 0.029082047 
353 165 10 13 0.029029004 
566 582 11 12 0.029027618 
527 622 10 12 0.029012907 
53 267 11 14 0.028994884 
278 612 13 17 0.028982477 
597 200 13 17 0.028941661 
514 331 14 19 0.02884832 
211 327 23 29 0.028845182 
674 245 16 20 0.028832205 
678 153 12 15 0.028790914 
997 597 9 11 0.028769141 
183 431 21 24 0.028751424 
175 543 11 14 0.028702548 
189 605 10 12 0.028698118 
711 582 11 12 0.0286973 
318 605 10 12 0.028666798 
598 398 13 15 0.02866574 
153 636 11 13 0.028590959 
384 225 12 15 0.028479751 
406 607 12 13 0.028452056 
669 591 9 11 0.028424019 
625 600 8 9 0.028403755 
381 582 9 11 0.028375471 
191 418 17 19 0.028373742 
935 592 10 11 0.028362313 
485 55 9 11 0.0283118 
248 549 9 11 0.028296372 
746 407 17 20 0.028294273 
199 637 11 15 0.028290994 
791 527 12 13 0.02827316 
234 659 16 19 0.028272834 
672 557 8 10 0.028250033 
115 595 9 12 0.028249968 
184 602 11 13 0.028214233 
970 630 9 11 0.028191028 
170 416 14 19 0.028135225 
119 613 9 11 0.028112253 
948 575 9 11 0.028101427 
234 396 15 19 0.0280591 
318 566 9 11 0.028057259 
797 170 12 17 0.027986439 
406 641 13 19 0.027893567 
305 144 9 12 0.027827466 
541 364 16 21 0.027799025 
200 403 13 16 0.027786445 
967 608 8 10 0.027719507 
1006 228 11 15 0.027691286 
49 260 11 14 0.027663343 
358 454 11 15 0.027651656 
616 292 14 17 0.027644183 
512 141 16 21 0.027627574 
542 607 10 12 0.027566899 
530 164 10 14 0.027565733 
830 436 15 22 0.027539965 
237 651 15 18 0.027516179 
468 662 13 16 0.02750265 
15 589 8 10 0.027497228 
97 298 21 26 0.027481988 
370 332 14 19 0.027396899 
1015 539 9 13 0.027370501 
300 660 15 17 0.027358167 
838 573 10 12 0.027302932 
494 138 13 17 0.027286025 
263 438 25 29 0.027278254 
664 220 9 14 0.027234852 
260 556 11 12 0.027226903 
604 405 11 14 0.02722366 
390 328 18 24 0.027221886 
24 234 12 16 0.027206236 
653 165 9 12 0.027199036 
499 316 17 19 0.02716346 
293 55 11 15 0.02714602 
1008 559 11 13 0.027138006 
374 635 10 15 0.027127646 
641 439 9 11 0.027123634 
405 350 14 17 0.02712172 
573 471 9 12 0.027099686 
271 187 11 14 0.027052144 
521 608 8 9 0.027035782 
115 634 13 16 0.026956433 
632 565 8 10 0.026924862 
857 321 22 28 0.0269053 
134 139 11 15 0.026896026 
431 605 9 11 0.026867362 
710 599 12 15 0.026804745 
408 599 8 10 0.026746936 
319 595 11 14 0.026726289 
237 323 20 25 0.026715359 
582 623 11 13 0.026685921 
856 333 17 20 0.026681332 
156 197 14 16 0.026608478 
519 158 12 15 0.02659446 
540 328 17 20 0.026545407 
149 73 13 18 0.026541056 
664 230 11 13 0.026380192 
439 232 11 14 0.026379278 
148 51 12 16 0.026371257 
516 285 11 14 0.026360078 
957 123 10 13 0.026344297 
297 551 9 12 0.02634071 
991 479 10 13 0.02629564 
712 129 13 18 0.026272556 
840 590 9 11 0.026254356 
165 274 13 15 0.026237113 
927 598 9 11 0.026214499 
563 254 14 16 0.026208235 
783 582 9 11 0.026198667 
936 598 8 10 0.026192188 
507 170 12 16 0.02618918 
338 314 23 31 0.026177378 
558 622 10 12 0.026154509 
700 634 14 18 0.02612967 
698 582 8 10 0.02612241 
367 566 9 11 0.026118785 
340 186 14 17 0.02611762 
900 292 15 17 0.026113397 
382 574 8 10 0.026109226 
897 560 8 10 0.026096193 
164 634 10 13 0.026077012 
370 583 8 10 0.026076037 
272 435 15 20 0.02607256 
374 215 9 12 0.02603007 
31 387 20 27 0.026010677 
453 612 9 10 0.026009472 
526 655 12 13 0.025971396 
972 588 9 11 0.025965266 
940 342 16 19 0.025960088 
389 613 9 13 0.025955535 
957 598 8 10 0.02592149 
5 340 16 22 0.025887253 
270 346 13 16 0.025882233 
475 244 14 17 0.025844615 
718 148 12 15 0.025783481 
620 236 12 17 0.025760418 
311 444 12 16 0.025728183 
22 277 10 13 0.025691872 
480 627 10 15 0.025670195 
552 298 200 212 0.02566323 
952 551 9 9 0.025634512 
922 132 15 19 0.025605658 
597 179 12 15 0.025596507 
1 150 454 455 0.025594322 
745 590 8 12 0.025591075 
202 419 21 25 0.02558909 
549 170 13 17 0.025432482 
98 572 9 12 0.025378564 
974 583 10 12 0.0253655 
176 579 21 26 0.025341138 
648 574 9 10 0.025309501 
671 356 11 15 0.025282936 
620 507 12 15 0.02523106 
694 34 11 14 0.025195794 
488 622 11 15 0.025194436 
1013 149 10 16 0.025164176 
997 195 12 16 0.025139825 
426 293 12 14 0.025078483 
912 156 11 15 0.025022367 
973 298 13 15 0.02501546 
788 284 15 18 0.024950396 
477 150 15 18 0.024889689 
858 439 14 20 0.024866575 
608 574 8 11 0.024845887 
115 420 18 23 0.024823854 
396 216 12 13 0.02481961 
881 415 15 21 0.024806282 
365 80 9 12 0.02479989 
513 597 9 11 0.024711603 
619 344 15 20 0.024696678 
728 164 13 17 0.024664678 
554 341 14 19 0.024653703 
260 164 14 20 0.024636425 
251 409 14 19 0.024632614 
695 631 10 13 0.024629992 
857 36 10 12 0.024629338 
984 582 8 10 0.02461337 
347 333 21 26 0.024581822 
343 625 15 19 0.024574064 
112 250 14 20 0.024573442 
285 565 10 12 0.024558954 
969 559 8 10 0.02455744 
463 584 7 9 0.02455625 
374 371 11 13 0.024550002 
503 597 9 11 0.024544392 
665 583 8 10 0.024542784 
1006 164 12 17 0.024521457 
893 440 19 23 0.02450583 
993 53 13 17 0.024494262 
347 506 12 16 0.024493357 
361 463 19 25 0.024468277 
670 568 9 10 0.024456445 
616 316 14 18 0.0244538 
88 265 23 26 0.024435654 
469 275 14 16 0.024426002 
498 273 14 19 0.024423663 
531 157 10 13 0.024422737 
366 158 10 12 0.024386894 
109 571 12 14 0.024379976 
322 417 13 17 0.024354804 
627 345 13 18 0.02434561 
353 160 8 11 0.024338298 
939 134 15 18 0.02418192 
464 476 10 12 0.024169197 
143 173 14 16 0.024149437 
431 583 8 9 0.024130512 
687 147 14 18 0.024086406 
359 462 12 16 0.02408039 
117 608 9 11 0.024077665 
135 413 24 31 0.024075875 
254 147 12 13 0.024062773 
993 288 17 23 0.024042092 
403 322 16 19 0.024020016 
189 407 22 26 0.02399441 
423 583 8 9 0.023991773 
582 398 11 13 0.023990933 
647 149 10 13 0.023978189 
353 63 9 11 0.023971707 
50 623 8 10 0.023942113 
946 326 13 15 0.023925511 
919 564 8 11 0.023925455 
394 588 9 12 0.023892578 
517 596 9 11 0.023869012 
553 593 9 11 0.023849767 
904 566 9 11 0.023845516 
465 606 9 10 0.023836823 
637 565 8 11 0.023815654 
101 584 9 11 0.02379418 
275 100 13 18 0.023727013 
557 179 11 13 0.023722015 
202 402 22 25 0.023719555 
404 331 15 17 0.023706142 
84 420 16 19 0.023681263 
950 258 11 16 0.023669817 
382 598 9 11 0.023668354 
733 150 12 15 0.023644743 
431 592 8 11 0.023633968 
101 291 12 16 0.023625927 
662 237 11 16 0.023591958 
355 282 16 19 0.02358598 
345 159 7 10 0.023575004 
992 592 7 9 0.02357373 
946 627 9 12 0.023538789 
711 609 11 15 0.023535749 
987 38 10 13 0.023527138 
383 638 13 18 0.023431214 
665 86 10 12 0.023420349 
929 554 8 9 0.023352003 
164 622 11 14 0.023342025 
470 373 11 15 0.023341073 
439 282 12 17 0.02333047 
639 576 8 9 0.023317663 
611 221 13 15 0.023271563 
772 137 15 20 0.02326599 
327 348 11 13 0.023253847 
1003 621 12 15 0.023253083 
614 154 12 15 0.023239274 
647 174 9 12 0.023227142 
274 583 19 23 0.023212865 
53 574 10 12 0.023201322 
385 422 15 19 0.023194838 
997 606 19 24 0.023188476 
550 268 13 18 0.023147285 
585 610 10 13 0.023133812 
663 567 9 11 0.02310874 
549 268 22 27 0.023104504 
9 302 9 12 0.023090623 
653 583 9 11 0.023048991 
318 323 21 28 0.023044657 
62 116 12 15 0.023002444 
1010 331 12 17 0.022993734 
91 655 12 14 0.022975069 
493 267 15 20 0.02297416 
7 309 10 13 0.022966776 
237 451 13 16 0.022960078 
656 372 11 13 0.02292599 
192 338 14 16 0.022914989 
837 362 19 25 0.022901298 
760 54 10 13 0.022884125 
631 79 9 10 0.022874651 
889 599 8 11 0.022860806 
395 497 16 18 0.022852011 
41 608 9 11 0.022847898 
617 46 10 12 0.02283734 
100 401 14 19 0.022830311 
594 143 14 17 0.022826545 
157 616 9 11 0.022790447 
1008 590 8 11 0.0227904 
797 607 9 10 0.022775134 
110 149 12 15 0.02277412 
605 236 13 15 0.02276775 
752 598 8 11 0.022746708 
637 390 10 14 0.022741558 
541 354 16 18 0.022723898 
326 543 11 14 0.022715846 
862 584 9 10 0.02270444 
262 603 12 14 0.022681873 
336 174 9 11 0.022680514 
664 573 9 12 0.022670064 
1009 29 16 29 0.022660073 
455 583 7 8 0.02265592 
720 117 11 14 0.022649543 
631 151 12 14 0.022642039 
638 160 11 14 0.02258273 
869 480 16 19 0.022573946 
493 72 8 11 0.022528466 
119 582 10 12 0.022518931 
299 668 13 14 0.02250355 
929 573 9 12 0.02250317 
1006 151 10 13 0.022489952 
68 454 10 14 0.022430344 
482 325 21 27 0.022373619 
729 237 12 15 0.022365952 
630 271 14 18 0.022349942 
180 574 14 16 0.022325551 
768 592 8 10 0.02232494 
612 362 14 18 0.022312986 
572 243 11 14 0.022309102 
622 71 8 11 0.022287827 
739 157 12 17 0.022276916 
793 613 8 10 0.0222634 
191 147 11 15 0.022215988 
767 173 14 17 0.022183513 
401 226 13 15 0.022180598 
548 291 13 17 0.022176234 
558 629 10 12 0.022170374 
63 370 11 16 0.022161784 
531 258 17 20 0.02212072 
125 219 11 14 0.022103373 
885 582 7 10 0.022082368 
647 343 11 15 0.022060279 
343 501 13 17 0.02204914 
629 232 14 18 0.022025228 
391 92 10 12 0.02200727 
212 333 13 18 0.02197426 
380 590 9 11 0.021955939 
247 565 10 14 0.021933028 
780 424 15 18 0.021875259 
767 125 11 14 0.02187129 
179 500 17 20 0.021840123 
393 552 8 10 0.021839963 
376 542 9 11 0.02183656 
629 611 11 16 0.021828251 
596 65 12 13 0.021811318 
520 160 18 22 0.021802304 
929 591 8 10 0.02177432 
755 288 14 18 0.02175581 
374 620 19 24 0.021724746 
448 244 10 14 0.021721907 
134 205 13 15 0.021710055 
0 304 8 12 0.021706276 
648 166 9 12 0.021690974 
98 269 15 17 0.02167448 
149 581 9 12 0.021664433 
53 606 8 9 0.021663478 
349 293 20 28 0.021640094 
314 396 14 20 0.021631066 
412 204 10 12 0.02161609 
968 300 12 15 0.021590551 
114 630 10 12 0.021585878 
796 209 12 16 0.021582 
134 103 13 19 0.021567112 
518 291 12 16 0.021549871 
350 557 9 11 0.021536445 
835 51 13 17 0.021521593 
145 602 10 13 0.021507585 
489 312 20 26 0.021507364 
6 313 12 16 0.021483086 
189 90 13 17 0.021471798 
703 572 10 13 0.021426264 
557 590 10 11 0.021398274 
334 167 10 11 0.02138977 
277 566 10 14 0.021376511 
584 60 9 12 0.021361582 
904 574 8 10 0.021352338 
9 422 20 27 0.02135014 
350 170 12 15 0.021338645 
993 575 7 10 0.021326687 
804 590 8 10 0.021319482 
659 356 13 15 0.021313177 
448 583 8 9 0.021309746 
583 574 8 11 0.021284252 
618 567 8 11 0.021251038 
968 613 8 10 0.021197705 
375 575 8 9 0.02116322 
885 332 12 15 0.021162467 
576 595 10 12 0.0211401 
596 188 11 13 0.021057066 
935 606 7 8 0.021054652 
615 639 10 11 0.021047838 
957 316 13 15 0.021042405 
72 604 9 11 0.021004964 
222 329 17 21 0.021003513 
992 377 13 18 0.020996215 
758 592 9 11 0.020975413 
1009 583 8 9 0.020975117 
593 171 10 13 0.020965992 
558 582 10 10 0.020963242 
752 605 8 10 0.020902975 
696 607 8 10 0.020862967 
702 581 9 12 0.02086071 
122 374 14 18 0.02085036 
293 534 10 11 0.020846127 
275 288 18 20 0.020837832 
386 620 10 13 0.020835368 
0 85 9 17 0.020817151 
851 570 11 12 0.020807646 
17 103 16 20 0.020805132 
384 200 10 12 0.020779306 
284 357 17 19 0.020765757 
303 45 12 13 0.020762421 
406 470 9 11 0.020734282 
174 549 14 18 0.020648727 
679 192 11 13 0.02064514 
670 154 11 15 0.020644542 
86 646 10 11 0.020640582 
526 289 23 26 0.020639686 
194 619 12 16 0.020629687 
585 187 11 14 0.020617614 
142 588 9 11 0.020608276 
423 260 9 12 0.020586269 
679 551 8 10 0.020577323 
59 229 14 18 0.02054346 
174 310 14 17 0.020542396 
359 176 12 15 0.020538602 
614 623 9 12 0.020513862 
951 546 8 9 0.020509321 
622 77 8 11 0.020508278 
179 633 11 15 0.020504763 
503 190 10 13 0.020499917 
321 581 11 13 0.020487957 
393 341 21 28 0.020483155 
1000 359 13 17 0.020471355 
903 589 8 11 0.020435538 
141 57 14 18 0.020428648 
943 567 8 10 0.020372625 
3 325 13 17 0.020367676 
424 621 10 12 0.02036549 
652 99 10 13 0.020342872 
153 384 23 30 0.020338412 
167 652 13 15 0.02032355 
276 76 12 15 0.020314857 
750 498 41 45 0.020301856 
49 591 8 10 0.020291893 
792 591 10 11 0.020279156 
56 132 15 18 0.02026583 
604 489 12 15 0.020263465 
613 354 14 18 0.02024558 
149 487 24 31 0.020217963 
870 567 9 11 0.020200334 
50 183 23 27 0.020198263 
288 543 9 11 0.020191295 
374 231 10 12 0.02018869 
225 267 14 19 0.020180421 
958 323 15 18 0.020168992 
664 100 9 11 0.02015561 
513 591 9 11 0.020129181 
424 299 14 17 0.020103278 
563 291 21 27 0.020101683 
995 265 14 21 0.020089768 
344 263 18 24 0.020074265 
998 582 8 8 0.020061567 
80 274 13 17 0.020059519 
951 168 19 25 0.02000827 
