18_Concerts_Concerts_18_66
234
479 199 25 33 0.99909914 
626 246 37 50 0.99875796 
638 417 65 80 0.9969003 
441 363 65 92 0.9966068 
492 323 66 91 0.99445087 
808 264 39 51 0.9914727 
436 257 39 48 0.99034494 
197 246 34 43 0.9902878 
891 352 47 55 0.98628104 
925 294 39 45 0.981564 
388 220 27 34 0.9736419 
283 462 88 72 0.9693043 
220 313 52 70 0.9637584 
757 333 43 63 0.94426566 
506 179 20 28 0.9409684 
189 320 38 51 0.9263064 
71 318 53 58 0.92221117 
211 169 21 24 0.9034632 
26 266 29 45 0.8931004 
173 199 22 30 0.8066621 
578 314 45 58 0.79530996 
287 158 18 22 0.7587477 
229 202 21 26 0.7165186 
457 166 15 20 0.60229355 
471 344 65 90 0.52620256 
333 152 13 18 0.48995194 
375 153 16 23 0.40532547 
760 171 13 19 0.40039822 
408 200 17 21 0.39838904 
528 168 18 25 0.38089558 
301 201 15 20 0.38030258 
414 195 23 28 0.3536597 
736 297 30 34 0.33122948 
17 209 29 32 0.2857505 
782 177 22 26 0.26083937 
890 172 19 23 0.24059395 
728 272 42 53 0.23951234 
509 162 14 18 0.21859203 
963 475 58 71 0.21525554 
361 188 18 22 0.20577371 
660 117 12 16 0.19015661 
579 191 16 22 0.1826802 
690 222 27 37 0.17107873 
950 201 48 63 0.16617173 
379 152 11 14 0.15400279 
517 137 13 16 0.14482577 
106 255 24 29 0.13782017 
579 177 17 21 0.13420829 
395 185 15 19 0.1230715 
639 183 16 21 0.12040071 
179 176 15 19 0.11665006 
405 182 12 15 0.1108649 
608 172 10 15 0.11073264 
622 161 14 18 0.10522876 
825 219 22 29 0.102959275 
457 253 28 39 0.10079881 
422 189 24 31 0.10030772 
173 163 17 21 0.09776557 
430 127 8 9 0.09276223 
346 172 13 16 0.0925486 
511 171 21 28 0.08911762 
576 173 14 18 0.07931575 
294 198 16 21 0.07833364 
585 185 16 21 0.07174381 
55 193 30 37 0.07129868 
696 160 29 39 0.07073473 
11 273 32 40 0.069330536 
769 211 17 23 0.06929242 
346 215 16 20 0.068123735 
326 149 14 18 0.06673553 
788 163 17 20 0.06634075 
246 188 14 16 0.06547107 
987 309 38 64 0.06515986 
349 165 12 15 0.06359415 
762 169 41 53 0.06295294 
327 126 9 12 0.061733317 
771 172 23 30 0.060069073 
174 178 25 35 0.059495196 
270 215 15 21 0.05765366 
615 142 11 13 0.057285953 
395 190 20 26 0.05716049 
900 242 47 53 0.056295592 
191 147 10 13 0.054102797 
908 296 41 49 0.0539916 
67 199 30 34 0.05383326 
762 166 24 31 0.05119333 
82 199 27 31 0.050059676 
877 327 32 42 0.050004985 
566 187 23 30 0.049742516 
173 158 13 17 0.0495619 
302 293 32 39 0.049545713 
457 139 11 15 0.048050955 
692 165 15 20 0.04690414 
585 170 20 26 0.04592062 
343 178 14 18 0.0458112 
240 299 52 69 0.045753703 
750 303 19 23 0.04513898 
406 174 11 14 0.044703793 
242 195 20 25 0.044479094 
621 407 58 73 0.044364985 
7 185 49 59 0.044307534 
320 153 13 17 0.04417706 
537 322 56 69 0.043986578 
877 306 39 49 0.043813046 
984 355 43 80 0.04375574 
348 134 9 11 0.042254113 
594 168 15 19 0.041555006 
889 256 39 49 0.041296322 
253 142 10 14 0.040984463 
880 270 38 49 0.040421706 
65 330 36 41 0.0402561 
592 165 12 16 0.039966468 
525 158 17 21 0.03978935 
877 335 47 60 0.039372258 
455 118 9 11 0.039232988 
873 287 37 49 0.03891654 
460 159 15 19 0.038837157 
352 231 24 31 0.038540397 
668 330 42 54 0.038330782 
523 226 23 30 0.03794069 
98 254 40 48 0.03784826 
253 250 23 31 0.03776398 
551 114 9 11 0.037573427 
684 236 38 54 0.037312943 
732 249 49 61 0.03722901 
402 208 26 35 0.03718671 
425 133 11 13 0.03716406 
548 249 24 31 0.036718633 
928 177 82 99 0.03648079 
180 158 13 15 0.03619683 
840 173 25 34 0.03612561 
420 155 11 15 0.035636805 
294 277 91 105 0.03496442 
925 44 76 69 0.034723423 
286 110 8 10 0.03420515 
631 115 9 11 0.033517405 
900 18 119 112 0.03344729 
767 214 44 57 0.033383537 
274 292 53 64 0.03307942 
513 132 13 16 0.03245083 
553 144 24 29 0.03204179 
326 202 13 17 0.03197736 
352 186 21 29 0.03155662 
275 240 16 22 0.031536963 
251 194 15 20 0.031502023 
269 186 12 15 0.031132994 
40 174 49 59 0.03108875 
1005 189 15 21 0.0308134 
399 179 20 24 0.030585924 
443 108 11 14 0.030562831 
902 271 41 51 0.029656854 
824 165 43 53 0.029493941 
595 385 58 73 0.028518306 
422 187 16 20 0.028411739 
212 256 29 35 0.028212408 
637 191 16 23 0.027986702 
235 164 12 16 0.027805464 
828 183 15 22 0.027763095 
405 186 22 26 0.027629655 
785 254 29 39 0.027373366 
935 62 44 44 0.027205754 
554 180 23 27 0.02661971 
347 198 22 30 0.026490858 
334 215 24 29 0.026453849 
974 203 30 44 0.02632856 
206 165 17 22 0.02596605 
781 200 43 56 0.025851512 
511 155 21 26 0.025781846 
299 211 16 23 0.025714213 
251 181 14 19 0.025541225 
219 163 23 28 0.025512164 
187 68 27 37 0.025458675 
178 160 23 29 0.025103584 
314 77 138 134 0.024855664 
792 168 17 24 0.024762662 
948 173 14 16 0.024639776 
719 289 29 37 0.024558818 
460 135 13 16 0.024501733 
502 132 11 14 0.024235448 
46 85 16 20 0.024172314 
350 159 12 15 0.024075987 
100 187 27 34 0.024050392 
199 73 25 33 0.023794763 
165 129 14 17 0.023792664 
-1 501 90 118 0.023761667 
328 230 26 32 0.023502436 
125 117 10 12 0.02346338 
889 212 49 58 0.023338735 
665 165 10 13 0.023322763 
853 156 12 15 0.023223387 
465 163 14 20 0.023105433 
389 188 17 23 0.023067849 
790 172 25 34 0.023054013 
502 125 10 13 0.022991665 
301 170 13 17 0.022970228 
378 163 16 22 0.022936128 
399 224 20 25 0.022885479 
410 180 13 16 0.022858253 
195 143 11 12 0.022849035 
295 285 54 65 0.022708602 
572 220 22 31 0.022699174 
812 218 29 36 0.022625599 
332 204 11 14 0.022327775 
305 134 9 11 0.02211743 
779 151 28 33 0.022083942 
844 236 31 42 0.022030883 
593 100 9 12 0.021908503 
510 127 12 14 0.021884339 
260 186 15 19 0.021884166 
893 298 35 48 0.021809068 
261 203 21 31 0.021793235 
205 156 13 17 0.021745803 
218 179 17 22 0.021676945 
590 68 116 122 0.021621661 
524 204 21 30 0.021594431 
282 202 24 31 0.021460485 
337 309 54 67 0.021349775 
554 204 25 33 0.02124107 
304 148 11 14 0.021213673 
556 172 15 17 0.021032574 
433 186 15 19 0.021007162 
155 311 44 57 0.020934211 
307 171 20 28 0.020899374 
286 151 15 18 0.020735987 
261 240 25 32 0.020729665 
478 118 9 11 0.020640582 
683 183 16 20 0.020630535 
315 201 13 17 0.020577021 
277 230 24 32 0.020504992 
409 223 16 22 0.020503316 
698 213 44 59 0.020458557 
601 166 19 26 0.020447671 
836 178 16 22 0.020403793 
738 340 45 61 0.020376064 
