18_Concerts_Concerts_18_38
471
68 415 31 45 0.99883384 
759 393 30 43 0.99428964 
529 266 26 34 0.9792612 
294 535 39 75 0.9779133 
95 393 27 38 0.9762705 
805 275 22 30 0.9691859 
641 185 23 30 0.9553276 
279 215 30 43 0.9539336 
420 501 64 100 0.91486555 
594 301 21 30 0.85975677 
537 487 67 84 0.8529821 
561 343 23 37 0.84227943 
508 213 12 15 0.813789 
145 324 23 32 0.77012175 
726 317 15 18 0.75177515 
876 237 11 13 0.7122028 
278 188 16 20 0.6967892 
514 414 24 35 0.67463666 
568 353 25 37 0.6461254 
364 184 14 16 0.63801795 
131 328 27 31 0.60424787 
405 441 54 66 0.59490794 
540 409 23 42 0.5156321 
455 236 12 15 0.509266 
898 343 37 55 0.48581544 
218 288 18 23 0.43497896 
364 299 15 20 0.43229946 
532 215 10 12 0.41718856 
569 198 8 11 0.39503792 
526 415 28 39 0.3695789 
397 504 54 65 0.36465752 
733 287 12 15 0.35689944 
689 260 9 12 0.34240422 
679 270 12 15 0.33720922 
637 279 18 21 0.3209118 
410 476 62 89 0.31316325 
1012 226 12 21 0.26279163 
894 278 13 15 0.2502078 
528 218 12 15 0.23511009 
860 278 12 16 0.23443407 
431 228 11 14 0.23187989 
712 261 10 13 0.21129145 
771 211 12 14 0.19250746 
845 247 8 10 0.17384069 
768 278 11 13 0.17297778 
431 199 11 14 0.17166993 
730 216 8 10 0.16939189 
186 333 13 17 0.16620563 
745 242 9 13 0.15577231 
486 301 12 17 0.14971259 
798 235 9 12 0.14634906 
769 207 10 13 0.1433878 
968 229 9 12 0.14130601 
21 403 16 24 0.14077078 
9 396 19 30 0.13955894 
531 228 13 16 0.13778384 
824 252 9 11 0.13515644 
734 215 8 10 0.13091931 
877 243 10 12 0.13088702 
189 377 24 41 0.1299992 
927 256 8 9 0.1263732 
511 195 11 14 0.123697 
903 254 8 10 0.121794805 
808 271 12 18 0.12060494 
556 346 18 27 0.120159455 
309 451 42 47 0.11909018 
4 603 51 88 0.118678465 
737 291 13 16 0.11822771 
126 371 15 20 0.112093285 
353 494 32 47 0.108183734 
372 507 48 56 0.10542281 
665 236 10 13 0.104990356 
487 174 7 9 0.10491664 
341 269 14 18 0.10481933 
550 226 13 17 0.10381798 
308 206 13 15 0.10159115 
349 269 13 18 0.09922693 
572 198 10 13 0.09274357 
446 237 12 15 0.0896255 
814 231 8 11 0.08940758 
262 197 14 17 0.08913444 
895 272 10 13 0.08817106 
983 268 38 54 0.08810289 
961 224 8 12 0.088010855 
82 406 29 45 0.08734199 
296 209 24 33 0.08541864 
920 256 8 10 0.085238904 
867 303 13 20 0.08496756 
903 247 8 10 0.084858134 
453 220 11 14 0.07892781 
569 255 10 13 0.077650845 
650 181 13 21 0.07495584 
424 230 11 14 0.07382694 
529 208 9 12 0.072660066 
714 230 8 11 0.072217025 
855 199 7 9 0.070642695 
847 200 7 9 0.070458606 
727 245 10 12 0.06998348 
735 271 10 12 0.06964477 
743 223 7 10 0.06905504 
870 193 8 9 0.06899875 
75 381 12 16 0.06871705 
745 229 9 11 0.067927785 
747 238 10 12 0.06771406 
460 242 11 13 0.06742872 
190 325 13 15 0.066565216 
913 261 10 12 0.066491716 
728 240 10 11 0.066161245 
908 339 52 72 0.06412578 
420 529 39 65 0.064034075 
862 270 10 14 0.06360703 
984 264 27 31 0.06324186 
502 421 39 50 0.06291221 
454 193 9 11 0.062646426 
692 256 10 12 0.062324855 
823 213 7 9 0.062196568 
918 260 10 12 0.06208845 
898 280 13 17 0.061851133 
879 278 9 11 0.06143576 
541 226 12 17 0.060915213 
735 278 11 15 0.06090644 
238 563 56 73 0.0603817 
688 190 8 10 0.05997256 
418 430 36 50 0.059845064 
444 242 11 15 0.0596545 
555 221 10 13 0.059093513 
784 275 9 13 0.057953455 
629 349 23 37 0.057751566 
911 293 12 16 0.0577027 
584 238 10 16 0.0573107 
704 263 10 12 0.05713805 
573 365 29 32 0.056692448 
869 268 11 15 0.0560633 
736 209 7 9 0.05586036 
635 373 14 22 0.05579565 
949 181 8 10 0.05572646 
452 213 11 14 0.055512812 
814 223 7 10 0.055385236 
121 373 23 32 0.05503873 
504 206 12 15 0.055035077 
714 175 8 10 0.054665234 
694 239 9 11 0.054660283 
353 274 16 19 0.054586824 
905 224 7 9 0.053385567 
682 368 14 20 0.052512303 
971 233 12 14 0.052140653 
942 224 8 9 0.052038558 
889 190 7 8 0.051736698 
768 283 12 15 0.051609315 
990 175 8 11 0.051584173 
716 284 10 13 0.051423956 
728 219 8 11 0.050775874 
887 293 9 12 0.050764635 
808 235 9 12 0.05072225 
712 191 8 10 0.050584838 
694 359 23 29 0.050116275 
601 296 24 32 0.04986134 
3 352 13 19 0.04944336 
536 519 62 89 0.04899279 
813 264 11 14 0.048841182 
783 322 11 15 0.048777193 
317 271 17 23 0.048774954 
553 217 10 12 0.048219774 
840 217 7 9 0.048022117 
900 271 10 13 0.047924805 
112 385 24 36 0.047005814 
788 273 11 16 0.04675638 
942 271 23 26 0.04639263 
790 330 14 18 0.045941778 
440 277 12 16 0.0456407 
729 175 6 9 0.045559667 
831 240 7 9 0.045199078 
197 338 12 16 0.045035213 
684 273 11 17 0.044971053 
670 275 12 15 0.044346925 
685 323 12 17 0.04431594 
438 236 13 16 0.04368204 
720 223 8 10 0.04318829 
556 406 24 42 0.04308518 
912 256 9 11 0.041845053 
534 210 9 12 0.041647658 
591 229 11 17 0.041444693 
476 379 14 15 0.041316114 
693 286 9 13 0.041106455 
359 515 32 46 0.040810723 
485 380 11 13 0.040735897 
761 260 12 14 0.04054683 
302 208 15 19 0.039659653 
965 224 10 13 0.039335456 
269 191 20 24 0.03904215 
389 223 9 13 0.03894515 
478 283 10 13 0.038903914 
815 207 8 10 0.038682543 
843 200 7 10 0.038623873 
524 271 21 24 0.038450975 
943 192 8 10 0.038306057 
356 291 22 25 0.038297065 
501 282 12 17 0.03820142 
736 221 8 10 0.037914257 
1008 220 15 20 0.037849493 
769 206 18 23 0.037846707 
711 255 11 14 0.037766844 
475 275 12 17 0.037766755 
879 286 10 13 0.037763253 
693 266 11 14 0.037720773 
766 251 14 17 0.03767329 
878 250 10 12 0.03756415 
897 253 10 12 0.03751746 
41 398 23 27 0.037105072 
493 222 11 14 0.036535423 
753 331 9 13 0.036482483 
567 193 9 12 0.036141954 
504 400 28 38 0.0359953 
864 216 7 9 0.035637345 
716 330 12 16 0.035513442 
802 184 7 9 0.035502803 
543 335 35 46 0.035230175 
801 188 7 10 0.03490128 
911 266 11 13 0.034853656 
731 312 12 15 0.034775767 
732 245 9 12 0.034447458 
848 205 8 10 0.03399683 
721 246 9 11 0.033983786 
484 298 21 27 0.033937994 
881 323 70 102 0.033930972 
864 198 7 9 0.033679962 
983 167 8 10 0.033414096 
528 233 15 20 0.03288346 
2 393 17 29 0.0328197 
406 184 10 13 0.032791026 
515 192 10 11 0.0327768 
350 279 15 20 0.03275182 
581 196 12 16 0.032712296 
367 439 59 68 0.03251513 
986 182 8 11 0.032436945 
334 268 13 18 0.032405414 
723 320 21 28 0.032199066 
855 222 7 9 0.032083653 
137 225 8 10 0.032049812 
761 244 10 12 0.031929996 
988 261 17 22 0.03180587 
829 245 8 11 0.031629074 
58 393 16 21 0.031566046 
436 197 11 15 0.031565502 
705 191 8 10 0.031549312 
350 262 12 16 0.03154872 
889 186 7 8 0.03146357 
664 277 10 13 0.03107481 
114 640 28 33 0.03101298 
841 250 10 12 0.031009872 
319 150 9 11 0.030854346 
701 293 10 12 0.030653836 
771 217 13 14 0.030609557 
327 450 50 64 0.030353231 
417 483 35 60 0.030317219 
236 250 14 21 0.030301742 
391 245 12 16 0.030283779 
766 246 11 14 0.03011791 
711 332 11 15 0.030052153 
728 250 10 13 0.030049358 
428 222 21 23 0.029886557 
687 339 25 31 0.029881576 
458 229 12 17 0.02987504 
879 292 10 14 0.029831823 
865 193 8 9 0.029802246 
726 340 13 19 0.029795278 
727 268 10 13 0.029755011 
695 292 11 13 0.02953675 
138 338 29 35 0.029494297 
878 271 10 13 0.029493518 
641 359 15 24 0.029444473 
889 276 10 14 0.02926271 
32 404 21 28 0.029250361 
913 191 7 9 0.029248383 
533 461 55 76 0.029203769 
941 197 8 10 0.02909537 
588 243 22 29 0.029031528 
903 259 10 13 0.028993703 
43 410 22 29 0.028899077 
260 209 15 18 0.028845383 
149 298 12 15 0.02878008 
946 176 9 10 0.028777445 
588 234 14 21 0.02875096 
977 151 8 9 0.028519953 
399 198 9 13 0.028319241 
687 244 10 12 0.028286807 
697 331 16 18 0.028220084 
440 370 11 15 0.028163534 
627 266 29 33 0.028100368 
719 321 14 19 0.02802683 
422 213 10 12 0.027963419 
43 388 13 16 0.027885498 
335 523 47 72 0.027702035 
793 175 7 8 0.027602652 
857 269 9 13 0.027557204 
338 490 30 43 0.027554275 
348 231 13 18 0.027520789 
888 271 9 12 0.027453102 
232 256 13 18 0.02738299 
467 375 26 27 0.027292144 
761 191 8 10 0.02725058 
673 267 14 18 0.027129743 
197 318 11 15 0.02711836 
933 254 8 10 0.02703646 
370 292 14 20 0.026991408 
823 190 7 9 0.02698283 
688 185 8 11 0.02692738 
448 195 10 13 0.0268892 
941 228 9 11 0.02680659 
767 200 8 10 0.02678464 
356 399 18 24 0.026755795 
864 207 8 9 0.026753243 
967 266 34 43 0.02674729 
864 264 9 11 0.026713561 
968 193 8 9 0.02671131 
868 262 11 13 0.026654677 
308 200 12 13 0.026578754 
688 283 11 15 0.02653305 
887 285 12 15 0.026463382 
833 320 14 20 0.026230767 
907 284 13 17 0.026227143 
772 247 14 17 0.026125576 
18 395 16 24 0.026045384 
824 278 22 28 0.026033262 
974 207 10 13 0.025969312 
567 381 25 35 0.025946207 
680 192 7 9 0.025868544 
499 382 23 33 0.025857097 
615 303 17 23 0.025825787 
928 248 8 11 0.025814079 
476 288 22 30 0.02567583 
848 216 7 9 0.025643218 
509 337 38 45 0.025639705 
686 365 24 31 0.025584847 
85 398 17 25 0.025549805 
692 335 16 19 0.025530089 
505 200 9 12 0.02550585 
488 204 10 13 0.025497314 
999 205 12 15 0.025408883 
892 290 11 15 0.025315164 
597 295 15 19 0.02530005 
493 393 27 39 0.025231324 
693 298 13 15 0.025185786 
275 193 24 29 0.025053805 
429 396 13 15 0.02500396 
760 222 8 11 0.024992185 
680 246 10 12 0.024970815 
610 458 14 19 0.024781434 
480 300 12 17 0.0247454 
901 279 20 28 0.02472971 
514 212 12 16 0.024705777 
926 239 9 11 0.024671024 
903 241 8 10 0.024609553 
659 188 11 16 0.02453586 
1007 211 15 20 0.024472434 
855 192 7 9 0.024420148 
806 183 6 9 0.024406468 
727 262 10 13 0.024394402 
469 269 14 19 0.024355812 
722 216 8 10 0.024333192 
873 232 18 22 0.024318071 
765 270 13 16 0.024278833 
446 229 14 17 0.024216376 
599 413 24 37 0.024158483 
766 289 13 15 0.0241458 
863 220 8 10 0.024144378 
690 315 15 20 0.024075087 
575 173 7 9 0.023989128 
454 206 11 13 0.023975266 
849 191 8 9 0.023962704 
733 252 9 12 0.02393904 
392 421 48 66 0.023891943 
109 359 11 14 0.02387178 
25 411 17 23 0.023869513 
316 206 10 13 0.02385997 
76 392 16 22 0.023846386 
711 248 10 12 0.023777071 
352 452 52 67 0.023707421 
679 352 22 31 0.023604019 
563 197 8 11 0.023586828 
814 199 7 8 0.023564994 
351 290 14 19 0.023515217 
855 185 7 8 0.02351149 
187 342 17 19 0.023508828 
685 347 12 16 0.023505054 
835 276 21 29 0.023459656 
404 409 30 45 0.023421768 
1001 156 9 11 0.023402175 
678 375 14 20 0.023375109 
69 383 20 25 0.023298683 
481 398 27 39 0.023233797 
336 275 21 26 0.02317947 
292 429 83 100 0.023163203 
459 364 13 17 0.02315574 
713 225 9 11 0.023130568 
849 221 7 9 0.023129266 
582 205 9 12 0.02310109 
435 221 13 16 0.023073338 
779 343 15 19 0.02305174 
926 223 9 10 0.023025194 
952 216 8 10 0.023021728 
760 382 26 34 0.022932325 
894 189 7 9 0.022889797 
708 339 15 19 0.022880852 
864 245 8 10 0.022878397 
374 253 13 16 0.022839375 
768 176 7 9 0.022817772 
739 324 11 14 0.022814365 
713 181 8 10 0.022765564 
854 206 8 10 0.022736976 
669 284 11 14 0.022629485 
720 238 9 12 0.02262745 
566 192 17 24 0.022607733 
585 231 10 15 0.022522815 
868 274 12 16 0.022492345 
816 192 8 9 0.022464577 
557 232 12 15 0.022294842 
121 457 30 44 0.022271136 
719 197 9 11 0.022257436 
775 176 7 8 0.02222327 
711 334 21 28 0.022203445 
132 479 14 20 0.022188438 
117 650 14 20 0.022005117 
489 384 23 35 0.021944236 
775 314 12 14 0.021899344 
357 217 15 19 0.021895459 
330 586 28 49 0.021844752 
874 233 10 12 0.02179778 
119 149 10 11 0.021793628 
717 279 10 13 0.021779856 
902 182 8 9 0.021769112 
471 390 29 35 0.021726819 
424 196 13 17 0.021639008 
576 168 7 10 0.02160391 
245 234 14 18 0.021597888 
796 335 17 18 0.021591708 
171 379 35 47 0.02156655 
127 329 15 22 0.021546796 
592 376 26 29 0.021535052 
504 375 30 34 0.02141343 
784 168 7 8 0.021371188 
427 443 58 73 0.021297457 
327 197 13 14 0.021280546 
868 295 14 17 0.021252323 
603 451 22 33 0.021221407 
431 507 95 132 0.021205239 
324 268 15 21 0.02118151 
500 393 14 20 0.021171093 
612 354 23 33 0.021089995 
497 329 28 36 0.021081474 
334 166 9 11 0.021000864 
953 222 7 10 0.02097263 
742 182 7 10 0.02093744 
492 434 33 42 0.020921819 
502 225 13 16 0.020867383 
98 481 44 66 0.020745317 
81 380 15 19 0.020707466 
468 372 17 18 0.020701075 
261 202 23 29 0.020640576 
36 394 17 21 0.020571418 
552 413 17 30 0.020567289 
765 248 24 29 0.02047407 
731 337 17 22 0.0204726 
741 215 8 11 0.020309873 
739 340 12 17 0.020295866 
310 272 15 20 0.020291684 
671 190 8 11 0.02027406 
380 251 13 16 0.020271674 
589 228 22 33 0.020128643 
801 279 16 22 0.020118868 
509 192 18 23 0.020088958 
