18_Concerts_Concerts_18_853
42
914 218 45 55 0.98335785 
754 209 47 56 0.97868 
744 121 44 52 0.9768886 
177 376 24 29 0.97220516 
314 376 22 26 0.9590162 
103 376 21 26 0.8704355 
246 375 20 25 0.86493707 
599 235 42 54 0.7242073 
592 429 56 58 0.34326506 
300 418 21 27 0.09262135 
301 412 16 19 0.065919645 
97 411 15 19 0.06394629 
497 336 23 30 0.06295082 
327 467 10 12 0.057169728 
635 239 34 50 0.056784526 
830 238 33 44 0.0555437 
315 108 185 321 0.04731983 
379 398 16 20 0.04213008 
434 28 17 22 0.04088884 
0 587 11 19 0.04025791 
375 482 20 26 0.039807342 
256 377 14 20 0.039141934 
397 459 21 26 0.03177934 
84 433 17 21 0.029711625 
499 376 49 66 0.028831093 
47 444 13 16 0.028509056 
122 374 22 31 0.027307225 
114 432 26 30 0.026726587 
26 419 14 17 0.026517969 
235 102 382 459 0.025812255 
239 377 16 21 0.025401346 
275 384 14 19 0.025214572 
102 416 41 55 0.023711791 
50 409 14 17 0.02236056 
7 442 11 15 0.021567756 
672 241 32 47 0.02142553 
452 654 26 31 0.021275504 
814 249 38 52 0.021258956 
444 464 15 19 0.020836454 
644 221 30 52 0.020535119 
690 639 27 28 0.020119224 
86 422 23 28 0.020076914 
