18_Concerts_Concerts_18_402
26
255 251 437 566 0.9998778 
837 772 66 69 0.52867115 
286 141 323 408 0.43439022 
531 546 454 638 0.33612114 
414 362 456 552 0.29570496 
37 1191 55 70 0.10990957 
857 515 28 34 0.091666445 
820 730 99 120 0.08959188 
321 521 161 196 0.068993844 
817 1157 47 64 0.05544121 
691 656 238 339 0.052533373 
313 386 13 17 0.049779244 
836 594 16 19 0.045910787 
844 788 38 40 0.038536467 
786 709 34 46 0.034688182 
465 744 364 472 0.033829194 
201 471 362 396 0.031319454 
856 779 40 41 0.03106705 
755 552 229 341 0.02857282 
299 441 16 21 0.026723282 
172 766 26 34 0.025396435 
300 425 29 34 0.025348336 
845 503 47 59 0.023103101 
738 334 198 261 0.022332408 
834 791 30 36 0.02141436 
286 510 481 571 0.02112678 
