18_Concerts_Concerts_18_528
47
466 124 69 93 0.99559104 
912 359 8 12 0.07440996 
252 479 25 27 0.060836192 
961 374 10 12 0.05887141 
940 328 14 18 0.054393638 
921 373 11 14 0.05237435 
846 390 10 12 0.051024426 
855 334 11 13 0.047700964 
677 587 13 16 0.046430673 
959 368 9 11 0.034970023 
699 612 11 13 0.03470581 
885 401 13 17 0.034134146 
887 382 9 11 0.032783028 
849 354 11 15 0.032305196 
853 362 13 16 0.029823119 
838 413 13 17 0.029787298 
920 366 10 13 0.028776536 
922 378 14 18 0.028530896 
702 566 11 13 0.028292704 
878 362 11 14 0.02786438 
845 340 11 15 0.027755726 
845 348 13 15 0.026919248 
917 358 9 12 0.026535174 
882 382 9 11 0.026380552 
828 381 10 12 0.026367623 
951 375 10 13 0.026215525 
844 394 12 16 0.025772726 
844 402 12 15 0.024787094 
992 366 12 14 0.024216121 
919 397 12 15 0.023776533 
886 410 13 17 0.023746833 
695 608 11 13 0.023346452 
924 366 12 15 0.022679001 
992 391 12 16 0.022500234 
888 376 9 11 0.022229401 
871 341 11 14 0.021757055 
162 74 404 516 0.02132033 
860 339 11 15 0.021219589 
812 347 11 15 0.021127796 
841 390 11 14 0.02074648 
992 350 11 13 0.020593807 
992 324 9 12 0.020525204 
893 375 9 11 0.02044843 
909 372 12 15 0.020340882 
862 414 10 12 0.020176297 
847 336 10 12 0.020136766 
759 75 13 17 0.020028777 
