18_Concerts_Concerts_18_447
27
244 523 35 41 0.999108 
905 120 49 57 0.9980558 
355 488 33 41 0.9959657 
120 546 34 40 0.9950689 
346 368 41 50 0.9947055 
89 384 36 44 0.99289376 
210 383 40 46 0.9922031 
72 196 45 52 0.9907103 
396 189 40 41 0.9742508 
243 183 34 39 0.8982806 
79 586 30 39 0.3163768 
455 289 424 560 0.060933616 
235 171 30 39 0.051855523 
15 463 13 17 0.036605585 
85 585 17 21 0.032287445 
518 136 463 486 0.031830277 
255 196 21 25 0.03121004 
242 171 19 23 0.030651445 
227 203 16 21 0.027542146 
85 579 13 17 0.02585933 
111 473 33 37 0.02526396 
286 172 13 18 0.024103817 
220 518 22 31 0.02225956 
103 585 27 34 0.021984508 
37 496 13 16 0.021620955 
256 178 30 36 0.021615352 
184 245 22 30 0.021453988 
