18_Concerts_Concerts_18_706
20
458 183 214 274 0.9999386 
324 663 23 27 0.12369784 
72 810 339 523 0.10003906 
135 651 29 32 0.09051146 
132 543 187 224 0.08058336 
213 639 71 76 0.06676065 
853 949 175 222 0.056972843 
772 427 90 149 0.05405654 
67 574 192 248 0.0482899 
139 653 58 64 0.04731512 
165 613 106 115 0.044314913 
136 661 34 39 0.04043397 
886 997 113 124 0.032662522 
787 682 198 249 0.03251963 
100 278 469 469 0.03177213 
238 662 42 38 0.030572448 
160 644 65 66 0.030310063 
69 431 321 432 0.02686963 
265 664 17 20 0.024554197 
189 43 241 249 0.02310762 
