18_Concerts_Concerts_18_670
19
293 178 32 35 0.98764986 
277 248 389 515 0.5858926 
783 115 15 19 0.5176185 
811 314 28 28 0.22148281 
151 176 23 31 0.21445 
61 201 16 21 0.10238802 
692 133 12 14 0.076485075 
51 208 18 20 0.061544944 
903 316 13 15 0.0551576 
914 495 26 30 0.03570915 
824 316 19 20 0.034679897 
892 298 16 18 0.029418174 
394 415 253 296 0.027970744 
831 108 13 16 0.025285015 
834 313 14 18 0.024474772 
689 141 11 12 0.024397036 
899 309 15 18 0.024372304 
140 183 28 29 0.021739716 
297 173 21 24 0.021061853 
