18_Concerts_Concerts_18_1015
27
397 630 51 65 0.9985459 
151 625 55 65 0.9973157 
824 595 47 56 0.9960998 
622 624 44 53 0.9570469 
302 635 25 29 0.71724343 
783 638 24 30 0.24764757 
798 586 24 35 0.11818612 
45 623 17 22 0.083243445 
51 5 438 489 0.075448036 
957 629 13 16 0.052297954 
556 657 434 501 0.049982294 
385 873 29 33 0.044144362 
470 1132 13 17 0.0430272 
786 647 27 34 0.041458443 
472 1149 12 15 0.03570318 
504 1111 57 81 0.031938467 
469 1125 12 14 0.029245296 
89 1027 355 436 0.028649956 
316 700 360 533 0.028502624 
622 1129 16 21 0.028380875 
40 610 21 28 0.02720462 
793 635 19 26 0.024495801 
75 143 156 150 0.023376336 
925 1100 11 13 0.02282062 
966 749 24 31 0.021206431 
770 649 41 49 0.020797282 
261 632 26 30 0.02062147 
