18_Concerts_Concerts_18_602
362
557 385 30 41 0.9985677 
309 387 24 33 0.99670154 
939 379 32 42 0.99602437 
896 484 42 55 0.99499476 
166 405 24 30 0.9936806 
453 346 16 20 0.993295 
458 487 27 38 0.99258983 
368 392 28 39 0.99140537 
772 332 16 20 0.991239 
480 399 27 34 0.9906122 
329 506 36 57 0.9896408 
106 256 15 19 0.9827628 
257 536 30 45 0.9802893 
141 255 15 19 0.97376496 
737 374 18 22 0.9677316 
189 262 13 17 0.95785856 
50 381 22 30 0.93805057 
407 391 20 28 0.93535763 
305 527 38 55 0.929731 
838 341 15 20 0.9272593 
78 420 22 27 0.91286 
248 300 21 28 0.90021515 
230 297 17 22 0.8896232 
22 338 15 20 0.8840345 
345 379 18 25 0.8815809 
481 260 10 13 0.8721916 
137 404 25 30 0.8721741 
189 362 21 26 0.83779234 
261 261 14 17 0.8247518 
871 371 22 27 0.8062434 
514 394 19 28 0.80579406 
473 362 19 23 0.7752019 
582 260 9 13 0.7663378 
302 256 13 16 0.76092756 
438 329 13 18 0.73765 
518 322 16 20 0.7243129 
616 267 11 15 0.7050437 
567 336 14 18 0.7018492 
131 395 16 20 0.67556167 
397 325 12 15 0.6276557 
710 337 16 20 0.61627626 
40 346 16 20 0.61566824 
669 339 16 20 0.5302444 
681 354 13 20 0.4991207 
278 529 41 52 0.48028603 
167 266 14 18 0.46931905 
333 271 11 14 0.43842268 
408 288 11 13 0.411765 
281 484 30 34 0.41004694 
398 355 13 16 0.40824416 
508 303 9 12 0.39439535 
339 331 14 16 0.36635774 
871 470 27 31 0.3640287 
523 339 14 17 0.3562727 
506 375 19 22 0.3488547 
87 720 30 31 0.33613107 
875 341 12 14 0.32914883 
0 282 9 17 0.327163 
838 428 22 29 0.3137559 
549 277 8 11 0.2866631 
676 347 13 18 0.27428052 
917 336 13 16 0.26888686 
552 306 10 12 0.26570976 
244 386 24 26 0.26540616 
577 261 9 13 0.26492497 
383 277 9 11 0.24420968 
25 462 29 35 0.23862223 
114 410 14 17 0.23861153 
901 350 10 16 0.23834117 
375 303 10 12 0.2064112 
222 268 15 19 0.20553978 
348 331 15 18 0.20159315 
291 238 11 13 0.19454515 
325 259 12 14 0.19418839 
154 404 23 29 0.18921323 
49 261 13 18 0.18663947 
35 398 15 19 0.18197754 
401 320 10 13 0.16880496 
350 278 12 16 0.16636938 
406 318 10 13 0.15727031 
600 355 16 20 0.15722933 
37 464 30 32 0.15346183 
116 412 22 29 0.15098032 
392 331 12 15 0.14964022 
392 296 10 12 0.14959314 
240 453 23 28 0.14672983 
118 425 15 21 0.14459154 
391 301 9 12 0.14369255 
14 334 18 25 0.13828686 
367 274 11 14 0.13808553 
813 426 22 28 0.13547403 
915 354 12 14 0.13198164 
873 446 33 36 0.12369594 
651 353 15 17 0.123264186 
196 433 16 21 0.119118415 
5 337 16 21 0.119006254 
434 308 9 11 0.11579706 
915 345 15 18 0.11499553 
374 276 9 13 0.11240685 
313 485 25 29 0.1122652 
924 340 11 14 0.108832754 
454 287 8 11 0.10871728 
736 355 12 16 0.1075248 
437 383 23 26 0.10536954 
606 334 12 14 0.102623746 
382 308 9 12 0.09968137 
767 664 57 48 0.09958008 
211 271 16 19 0.099229276 
164 329 13 15 0.09912617 
255 450 26 28 0.09874822 
73 357 10 13 0.09868419 
464 557 31 42 0.09831613 
413 322 9 13 0.0963585 
290 508 33 42 0.095943026 
574 267 9 11 0.09455687 
400 311 8 11 0.09289375 
346 299 13 16 0.09283995 
0 403 13 20 0.09069721 
180 310 9 12 0.09016066 
619 272 14 17 0.085241534 
390 308 10 11 0.084473714 
704 368 10 12 0.083507076 
453 304 9 11 0.08301622 
356 277 12 15 0.082778335 
823 426 21 29 0.0824001 
328 275 13 18 0.080890216 
368 300 10 13 0.080847725 
431 325 14 17 0.08011597 
439 278 9 11 0.079353616 
183 279 13 15 0.07897744 
590 279 8 10 0.07675632 
622 293 9 11 0.075730406 
437 365 12 16 0.07564516 
284 500 31 35 0.07521986 
895 353 14 20 0.07467687 
602 346 16 19 0.0738476 
583 355 12 16 0.07238932 
738 366 16 19 0.07194297 
909 347 14 19 0.07176809 
47 306 13 17 0.07098252 
854 468 28 33 0.07085669 
0 255 9 13 0.07063018 
569 268 10 11 0.06993385 
2 378 14 20 0.06976973 
660 346 15 18 0.06972148 
845 354 11 16 0.06918223 
219 485 30 33 0.06914739 
931 340 11 14 0.06718012 
912 338 14 18 0.066529855 
79 464 24 28 0.06454445 
438 302 8 11 0.06416572 
0 453 11 18 0.06397475 
496 392 25 33 0.063558385 
347 308 14 17 0.06326827 
429 363 13 16 0.059994157 
440 294 9 10 0.059923556 
320 258 12 16 0.05856869 
594 365 21 25 0.05848889 
0 409 18 27 0.05843039 
159 273 12 16 0.05802398 
675 365 16 21 0.057073925 
573 300 8 10 0.0560308 
155 297 13 16 0.05492677 
390 337 11 15 0.05443022 
568 263 9 11 0.053633116 
448 303 9 12 0.053431757 
676 334 11 14 0.05341819 
152 467 15 17 0.052866127 
373 294 9 11 0.052821226 
709 326 21 26 0.05273823 
2 276 14 19 0.052139897 
405 313 9 11 0.051604565 
449 287 9 12 0.051041286 
335 326 14 18 0.05079992 
431 316 13 15 0.050520986 
150 475 20 25 0.050327078 
373 287 8 11 0.050014522 
0 382 19 31 0.049100813 
102 440 21 28 0.048959713 
491 383 24 31 0.04853813 
660 354 11 14 0.048492603 
182 315 9 12 0.048359767 
756 369 14 19 0.048200436 
819 420 13 16 0.048153292 
540 363 22 29 0.04718447 
768 660 36 34 0.04704718 
704 388 11 17 0.047027104 
274 669 17 18 0.04699531 
932 362 13 16 0.046636887 
545 273 9 12 0.046274945 
953 377 30 37 0.04605179 
87 728 15 21 0.045547146 
844 336 10 13 0.044543814 
500 380 17 23 0.044214644 
843 466 27 33 0.043351993 
494 379 16 19 0.04322829 
431 288 8 11 0.042642955 
324 494 29 46 0.042642493 
341 521 38 54 0.0418897 
611 362 13 18 0.041854996 
367 294 10 13 0.041852724 
739 350 11 14 0.041407265 
332 279 13 17 0.04119342 
420 358 14 17 0.040728576 
232 348 15 17 0.04053201 
581 230 9 11 0.040076092 
677 403 13 15 0.039943285 
439 285 9 12 0.038875125 
480 304 8 10 0.038667116 
137 389 19 21 0.03838143 
81 378 15 22 0.03775065 
107 432 21 28 0.037592806 
780 409 13 17 0.037286025 
448 292 8 11 0.03728393 
396 395 22 30 0.037124354 
414 357 13 16 0.037112277 
751 188 10 11 0.036765397 
437 394 23 29 0.036620364 
527 493 35 36 0.036557786 
132 301 13 13 0.035900198 
713 436 15 20 0.03589833 
1001 391 14 20 0.035787843 
254 277 11 15 0.03565239 
608 337 16 20 0.035042822 
316 280 13 18 0.034493215 
342 277 10 15 0.03410002 
45 459 18 19 0.0338914 
424 286 9 12 0.033864178 
343 313 14 16 0.03381108 
728 367 23 28 0.03361373 
207 269 13 17 0.03351612 
80 759 24 26 0.033511102 
486 303 8 10 0.03333953 
71 349 13 17 0.033111006 
998 340 11 18 0.03310954 
810 363 13 16 0.03295426 
550 298 18 23 0.03244465 
926 355 12 16 0.032288205 
392 348 12 16 0.03195707 
99 277 12 15 0.031709515 
520 344 13 18 0.031590044 
561 261 8 10 0.031558156 
870 366 17 19 0.031392347 
366 372 15 18 0.031238282 
438 358 12 16 0.031212116 
548 508 35 40 0.031064836 
577 255 18 23 0.030785106 
365 313 14 19 0.030669486 
611 346 15 18 0.030516498 
297 255 12 14 0.030501602 
12 403 14 18 0.030432887 
391 272 7 10 0.030264528 
629 270 10 13 0.030169854 
267 498 42 54 0.030143753 
484 257 9 13 0.029778121 
721 432 23 29 0.029721918 
567 246 8 10 0.029309936 
400 287 9 11 0.029065637 
359 271 11 15 0.029058546 
332 263 10 13 0.029000765 
214 431 16 23 0.02895882 
222 275 21 26 0.028818859 
589 350 21 25 0.028607305 
277 473 27 33 0.028248921 
586 261 10 13 0.02792267 
550 282 9 12 0.027907224 
424 325 10 15 0.027626356 
615 285 10 12 0.027545644 
671 354 13 17 0.027538592 
525 359 15 20 0.027373778 
358 293 10 14 0.027363313 
843 357 20 27 0.02729834 
860 366 36 44 0.027188316 
878 477 42 52 0.027129032 
553 366 23 29 0.027034946 
430 263 9 10 0.026436562 
106 738 27 27 0.026326602 
74 363 13 16 0.026206983 
873 337 10 13 0.026144937 
824 364 11 14 0.025912173 
743 411 14 16 0.025743678 
328 324 11 15 0.025673786 
399 272 9 10 0.02567295 
564 550 16 19 0.025646055 
353 335 14 18 0.025604097 
638 355 12 15 0.02552984 
966 375 23 30 0.025495414 
571 328 14 17 0.025334649 
849 436 17 23 0.025275415 
163 299 10 14 0.025221761 
543 495 35 33 0.024827937 
904 343 11 15 0.024823995 
124 411 15 19 0.024805274 
612 377 14 18 0.024668578 
882 355 21 26 0.024560792 
411 380 18 21 0.024557194 
543 295 9 11 0.024386477 
619 349 12 15 0.023889324 
900 357 14 21 0.02387874 
730 441 16 19 0.023831278 
77 393 15 21 0.02376545 
562 331 13 17 0.023511812 
827 356 12 16 0.023435839 
468 349 12 16 0.023419723 
356 313 15 19 0.023297457 
874 483 17 23 0.023296783 
289 479 16 18 0.023269877 
934 371 27 36 0.02325651 
62 267 12 15 0.023222262 
178 516 15 16 0.023213046 
621 285 10 13 0.023190178 
108 487 18 20 0.023170512 
617 292 9 12 0.023150498 
600 373 19 22 0.023057567 
61 434 15 19 0.022949642 
532 358 20 26 0.02276107 
91 720 17 19 0.022755126 
1012 372 11 18 0.02268918 
477 352 14 17 0.02263193 
355 324 13 18 0.022545584 
591 310 9 12 0.022498408 
133 412 18 23 0.022480639 
448 272 8 10 0.022439955 
443 327 11 15 0.022357574 
402 351 14 16 0.02235445 
392 320 10 12 0.022331709 
472 303 8 10 0.022118857 
47 274 12 16 0.022087114 
675 378 16 19 0.022071015 
391 359 20 25 0.022062568 
222 287 20 27 0.021959301 
88 325 12 15 0.021907328 
587 349 13 16 0.021822032 
415 387 18 24 0.021742566 
475 261 9 12 0.021709826 
95 729 32 30 0.021618584 
631 262 10 13 0.021601522 
560 256 8 11 0.021592358 
46 388 16 24 0.021563753 
581 311 11 13 0.021561699 
401 380 21 27 0.02149 
401 278 8 11 0.021378484 
577 236 9 11 0.021309523 
850 355 14 18 0.021308288 
10 275 13 17 0.021279762 
904 385 13 19 0.021130152 
663 331 16 19 0.021122273 
447 338 17 22 0.020983266 
509 296 9 12 0.020965137 
860 480 17 21 0.02094149 
471 357 16 20 0.020922482 
609 269 10 14 0.020878276 
262 519 29 48 0.020856097 
473 309 9 13 0.020849966 
543 373 26 34 0.020830333 
454 280 8 10 0.020813802 
415 279 8 11 0.02068439 
766 412 13 17 0.020634018 
316 297 16 22 0.02053337 
398 292 9 13 0.020501535 
422 278 9 11 0.020266974 
70 423 18 23 0.020188462 
