18_Concerts_Concerts_18_815
33
307 23 166 224 0.9725602 
40 555 12 18 0.25281453 
809 668 28 35 0.15072565 
946 560 16 23 0.13277303 
6 634 11 18 0.082889736 
713 92 52 77 0.06517288 
674 301 29 36 0.0485193 
24 606 10 13 0.041859053 
530 611 28 35 0.04000187 
512 642 18 23 0.03887847 
488 617 17 20 0.038416717 
308 255 345 481 0.038052667 
945 558 12 15 0.036756523 
640 468 31 41 0.035579372 
1001 596 10 15 0.033380665 
42 562 12 17 0.033335947 
1001 590 9 11 0.033142887 
941 559 27 36 0.030581335 
34 546 21 29 0.029099297 
40 588 11 15 0.028547378 
503 126 11 13 0.027904531 
794 570 16 19 0.027776094 
269 25 112 149 0.027766285 
973 528 17 20 0.027506517 
339 525 12 13 0.027316112 
264 654 42 53 0.025800098 
10 588 11 14 0.02458922 
248 640 46 59 0.022475122 
5 611 13 17 0.022335187 
201 334 43 60 0.02225302 
108 652 10 13 0.021692328 
4 581 14 18 0.020108275 
999 527 13 17 0.020103384 
