18_Concerts_Concerts_18_872
288
512 120 95 128 0.9995981 
238 1165 32 39 0.34107426 
563 678 16 19 0.23453914 
212 1180 45 57 0.15784691 
745 1358 54 66 0.15528099 
165 1330 22 27 0.15159075 
170 1199 25 30 0.14228468 
677 1218 22 30 0.13478778 
735 1326 24 30 0.12011653 
714 1235 17 21 0.12005701 
221 1256 34 44 0.112553306 
399 1321 22 31 0.11219236 
722 1236 18 21 0.111774415 
727 1205 26 30 0.103198454 
491 764 28 31 0.10287946 
515 643 15 18 0.09914604 
69 1369 25 30 0.09660581 
701 1168 17 20 0.09561991 
491 1363 28 37 0.09328321 
653 678 13 16 0.089672014 
422 1210 16 19 0.085681036 
661 1303 15 19 0.08488704 
413 1148 12 15 0.08481931 
276 1245 26 37 0.06701294 
580 691 13 17 0.06610657 
460 1303 21 28 0.06585057 
2 1340 17 19 0.06548664 
429 1172 15 18 0.064710006 
69 1264 16 22 0.06444687 
623 665 13 16 0.06359865 
362 1297 16 19 0.063114874 
421 1150 11 14 0.06163432 
469 213 342 526 0.060575366 
197 1284 15 18 0.059800234 
645 1152 14 18 0.05832008 
388 1187 15 19 0.058244742 
617 1268 25 33 0.058228664 
228 1144 34 39 0.058161154 
637 1214 15 21 0.057791095 
572 688 14 16 0.056383703 
568 1167 12 14 0.05625738 
629 1143 13 18 0.05513547 
501 1185 11 14 0.05265956 
655 1139 12 16 0.05214853 
177 1207 27 34 0.05214319 
186 1372 16 22 0.05059261 
583 1241 14 18 0.0503745 
202 1201 48 57 0.05008047 
488 1178 12 16 0.04998313 
785 1152 29 37 0.04992178 
218 1156 48 60 0.04964587 
629 663 12 15 0.049415857 
367 1190 10 13 0.04920944 
601 1174 23 28 0.04895787 
680 1142 11 13 0.048628945 
589 691 14 17 0.04838435 
415 700 57 73 0.04788887 
231 1247 42 54 0.047601428 
429 1339 13 16 0.047279403 
468 1207 14 18 0.04692918 
462 1122 16 18 0.046859823 
710 1240 14 17 0.046845514 
635 1206 16 19 0.044338115 
631 688 11 13 0.043591943 
580 697 16 20 0.043086473 
614 688 13 17 0.042455044 
559 1286 13 18 0.042338915 
385 1035 92 114 0.042141255 
565 680 23 27 0.04212391 
490 704 16 19 0.042058747 
584 1298 11 14 0.041425753 
510 647 14 18 0.0410746 
366 1197 11 14 0.041067146 
256 1175 19 22 0.04066146 
494 1181 12 15 0.039985754 
597 665 15 18 0.039299794 
572 1271 12 15 0.039047148 
16 799 11 13 0.03869738 
645 1192 13 17 0.038352773 
540 685 25 30 0.038295396 
10 1299 17 20 0.038063508 
500 705 16 18 0.037683297 
637 1195 13 14 0.037151515 
546 698 15 18 0.0370617 
622 1286 15 20 0.037013393 
66 1235 15 19 0.03695697 
440 1158 10 12 0.03660869 
452 1181 14 19 0.03625406 
378 1243 16 24 0.035665456 
637 -38 365 470 0.035395764 
655 1291 25 33 0.035173897 
559 1362 10 12 0.035071768 
619 685 13 16 0.03470527 
550 680 27 31 0.034682505 
694 1281 13 16 0.034556597 
589 665 14 17 0.03451739 
351 1295 24 31 0.03440476 
702 1245 11 14 0.03433685 
480 1132 10 14 0.034189843 
721 1219 29 30 0.033894233 
515 722 14 18 0.033810668 
632 1261 23 28 0.0336339 
583 1141 12 14 0.033491347 
142 1272 30 39 0.03330406 
708 1227 15 19 0.033206128 
70 1364 41 52 0.03262444 
418 1197 15 17 0.03221215 
697 1153 23 30 0.032102745 
650 1146 15 19 0.03204678 
670 1163 13 16 0.031679556 
274 1130 17 22 0.031578407 
758 1327 17 23 0.03137555 
301 1188 14 17 0.03129093 
655 673 11 13 0.0311573 
525 730 16 22 0.030918816 
557 1184 14 19 0.030863116 
383 1316 27 34 0.030849839 
221 1139 27 32 0.030612202 
615 667 10 15 0.030461047 
637 1146 15 19 0.030153073 
631 1216 14 19 0.030107863 
492 1174 12 15 0.029973248 
582 667 13 16 0.029825406 
428 1103 14 17 0.029499944 
915 1166 28 32 0.029451307 
676 1156 15 19 0.029209213 
80 1219 12 17 0.029149806 
27 1314 15 21 0.029126616 
934 793 16 19 0.028784627 
649 683 11 14 0.02869421 
694 1155 14 19 0.028643925 
331 1262 25 28 0.028455723 
7 1211 12 17 0.028326187 
599 1153 13 16 0.028060194 
244 1227 18 23 0.027903859 
189 1219 17 23 0.027899282 
342 1301 23 29 0.027697578 
466 1277 13 15 0.027685046 
279 1243 43 54 0.027496472 
519 667 12 15 0.02734999 
589 1295 12 15 0.027233582 
325 1181 12 14 0.026957884 
501 713 23 28 0.026825005 
294 1203 28 35 0.026646635 
357 1132 13 18 0.026559593 
643 1262 15 18 0.02652654 
415 1189 12 14 0.026488999 
647 1291 12 16 0.026115298 
653 1298 17 21 0.026052954 
503 645 11 14 0.025974138 
613 1195 13 17 0.025952427 
613 1226 16 19 0.02591736 
599 1287 9 11 0.02584136 
699 1303 18 21 0.02583972 
543 692 14 17 0.025801657 
333 1170 15 16 0.02568074 
619 1221 13 17 0.02559538 
604 1193 15 19 0.025543641 
588 728 15 19 0.025456168 
510 725 24 31 0.025440976 
398 1171 15 17 0.025430948 
134 1211 28 33 0.025251739 
322 1187 15 19 0.025221303 
505 775 16 19 0.025192095 
352 1236 11 14 0.025137559 
592 1326 9 11 0.025130277 
271 1274 15 21 0.025092775 
485 1133 10 13 0.025044426 
477 1315 14 19 0.025040336 
655 1286 12 15 0.025038807 
134 1214 44 50 0.024997218 
454 1173 12 15 0.024991512 
409 1143 10 13 0.024972107 
625 1141 12 16 0.024960924 
678 1146 12 16 0.024910597 
117 1220 16 22 0.024751976 
94 812 12 14 0.02471257 
668 1171 12 15 0.02470858 
347 1297 15 20 0.024644567 
706 1142 23 28 0.024621474 
494 706 24 30 0.024562439 
607 1333 12 16 0.02453607 
319 1318 11 15 0.024523247 
474 1357 31 40 0.024429932 
597 729 13 18 0.024417516 
614 754 14 17 0.024384502 
715 1151 17 23 0.024321554 
386 1176 22 27 0.024222208 
367 1271 12 14 0.024213063 
370 1187 14 16 0.024209121 
653 675 23 27 0.024198646 
363 1115 13 16 0.024179602 
395 674 65 73 0.024149429 
540 704 18 20 0.023843938 
414 1126 8 11 0.02382438 
280 1261 24 34 0.023802394 
374 1164 14 16 0.023791842 
754 1204 13 16 0.023570074 
204 1144 80 103 0.02349276 
627 1258 14 18 0.02348231 
564 139 85 120 0.02342269 
239 1232 15 21 0.023415904 
609 690 12 15 0.023340235 
702 1199 16 20 0.02324244 
708 1218 27 31 0.023159828 
582 1133 13 15 0.023084803 
652 1192 15 19 0.023050351 
69 805 21 27 0.02304364 
335 1194 15 18 0.023032138 
221 1204 32 37 0.023020845 
354 1299 44 55 0.02293221 
301 1126 13 16 0.022909652 
579 673 14 18 0.022881081 
359 1195 12 15 0.022807524 
148 1375 16 20 0.022806982 
163 1181 33 40 0.022791939 
332 1133 13 16 0.02273683 
663 1173 11 13 0.022717137 
336 1221 12 16 0.02262222 
204 1304 29 37 0.022474512 
290 1191 26 34 0.02236411 
527 1134 12 15 0.022363536 
210 1229 47 59 0.022354884 
590 1309 10 12 0.02230948 
189 1145 15 19 0.022251664 
42 1274 14 18 0.02223156 
38 802 12 15 0.022193799 
501 1131 11 13 0.022104517 
324 1323 13 17 0.022029167 
500 1208 24 30 0.021962283 
684 1160 13 18 0.021902924 
642 1212 21 28 0.021838633 
234 1270 30 39 0.021797093 
621 676 12 14 0.021746391 
271 1217 46 57 0.0217455 
710 1200 26 33 0.021714091 
502 1293 12 14 0.021699786 
550 677 11 13 0.02162666 
697 1288 26 33 0.021614717 
421 1090 26 31 0.021507844 
599 1142 12 13 0.02148981 
187 1177 47 58 0.02148551 
118 1327 24 29 0.021474931 
382 1193 15 17 0.02147205 
604 1284 10 15 0.021430459 
268 1343 13 15 0.021363823 
700 1252 11 14 0.021329181 
8 804 10 13 0.021310195 
356 1172 11 14 0.021264022 
603 729 12 17 0.02103992 
438 1229 12 13 0.020972729 
661 662 9 11 0.020950397 
453 1342 16 17 0.020938076 
319 1250 44 55 0.020890819 
611 661 20 26 0.020890722 
659 1136 11 14 0.020810328 
295 1203 13 16 0.020789048 
642 1204 16 20 0.020780113 
213 1219 29 34 0.020757977 
495 1132 11 14 0.02074678 
508 635 22 30 0.02074251 
627 1251 13 16 0.020742046 
423 1100 13 16 0.020730289 
308 1171 15 18 0.02072441 
594 1218 13 16 0.020715928 
357 1304 14 19 0.020696968 
287 1204 46 56 0.02066669 
604 1162 15 16 0.02065971 
615 679 11 14 0.020532764 
579 635 11 14 0.020522699 
622 1210 12 16 0.020500435 
268 1353 14 17 0.02045893 
589 1228 14 16 0.020429026 
547 685 13 15 0.020325106 
624 658 21 27 0.02029598 
144 762 13 15 0.020279631 
233 1138 19 23 0.020250557 
695 1245 13 16 0.020212984 
344 1061 91 119 0.020207837 
436 1164 14 17 0.020200325 
478 1188 12 13 0.020178506 
565 1143 13 17 0.020158794 
13 1312 15 18 0.020116555 
367 1201 15 18 0.020084782 
420 1334 21 27 0.02008382 
273 1133 27 31 0.020049555 
404 1167 11 15 0.020047784 
317 1213 13 15 0.020027306 
