3_Riot_Riot_3_26
365
294 50 26 32 0.99918693 
250 229 31 38 0.9990802 
205 209 32 37 0.9990476 
789 61 27 35 0.99900776 
231 355 37 52 0.9989385 
359 71 27 32 0.99821544 
328 356 28 44 0.9977863 
658 63 26 33 0.9976185 
277 354 27 39 0.99753076 
674 228 29 32 0.99752384 
718 392 30 44 0.9966061 
193 44 21 29 0.9965887 
846 35 25 30 0.99654275 
248 93 25 29 0.9957223 
816 9 26 33 0.9956149 
935 161 29 38 0.9955735 
854 386 27 41 0.9952679 
464 75 26 30 0.9948809 
421 369 34 44 0.99372226 
940 -3 25 29 0.99235266 
986 185 33 41 0.9908484 
357 222 32 35 0.9883867 
1001 43 22 28 0.9851929 
467 209 27 32 0.98118126 
783 213 28 36 0.980652 
899 155 27 33 0.97885406 
255 332 32 37 0.973893 
16 99 25 29 0.9731582 
337 423 26 38 0.9725945 
645 -1 25 24 0.9665886 
760 34 25 32 0.963916 
973 16 23 27 0.96118903 
725 356 30 39 0.95533514 
894 45 24 28 0.9499153 
415 348 30 43 0.94970644 
674 355 33 36 0.9302362 
557 234 29 35 0.91997975 
646 211 22 26 0.8933754 
281 206 26 31 0.88193774 
208 434 22 37 0.87912303 
537 99 20 23 0.87776476 
796 344 16 20 0.8610371 
52 243 26 35 0.78890103 
98 362 23 29 0.7533435 
780 397 22 27 0.67488796 
151 331 26 31 0.6576255 
940 412 23 30 0.632271 
58 324 26 33 0.62898546 
53 192 26 33 0.6251404 
642 345 24 35 0.54061234 
61 570 20 34 0.52561516 
891 243 23 30 0.43512928 
786 367 21 30 0.42374018 
863 356 14 18 0.42318872 
620 197 15 21 0.39898735 
532 212 25 31 0.37718475 
759 439 14 23 0.36125752 
602 215 27 37 0.33835524 
973 414 14 18 0.3202156 
735 492 24 33 0.31844914 
163 526 18 24 0.3102287 
961 381 17 23 0.30589578 
329 204 31 38 0.29682112 
511 81 16 20 0.2955757 
209 494 21 36 0.2838792 
428 215 26 33 0.2809697 
523 519 23 32 0.26024374 
923 370 13 18 0.23944648 
913 343 9 12 0.2384143 
244 571 24 30 0.23814256 
917 363 14 22 0.23256083 
758 69 17 22 0.23061827 
599 50 21 29 0.21293212 
786 446 25 38 0.20408104 
830 373 15 22 0.19227174 
948 417 25 34 0.16662396 
722 371 34 52 0.13766927 
979 363 15 17 0.13384552 
966 372 13 18 0.1282275 
122 513 23 32 0.12451214 
259 499 22 34 0.122978926 
951 407 12 15 0.12090877 
43 320 36 46 0.119781 
787 381 17 25 0.11743167 
731 340 30 36 0.11501845 
787 397 25 33 0.11341143 
964 418 22 29 0.10924701 
795 369 22 30 0.10869649 
126 424 16 21 0.10780332 
92 509 18 21 0.10555165 
888 333 17 20 0.10366729 
912 357 12 16 0.10045533 
582 550 42 53 0.098076895 
150 350 16 21 0.0979501 
307 576 33 35 0.0974578 
337 212 35 40 0.09627852 
771 372 16 23 0.09219942 
578 516 32 46 0.0905437 
425 228 29 39 0.090023614 
941 403 11 15 0.08636508 
971 370 13 17 0.085613586 
853 306 11 15 0.085048825 
132 518 25 30 0.084173985 
690 48 20 29 0.08396715 
2 557 28 55 0.08373318 
996 440 26 31 0.08293432 
995 379 13 15 0.08133085 
461 215 39 45 0.080176465 
517 231 12 16 0.07769206 
769 312 25 29 0.07683216 
19 505 17 22 0.076641075 
891 237 16 19 0.07564589 
887 244 17 21 0.075636245 
868 351 12 17 0.07400575 
131 434 12 15 0.07331951 
999 415 10 14 0.07151384 
206 504 14 21 0.070919596 
653 387 21 31 0.07075905 
779 526 41 54 0.070266366 
821 362 19 26 0.06961714 
585 499 32 36 0.069294885 
506 65 26 34 0.06863475 
132 362 16 20 0.06706743 
203 450 18 26 0.06698092 
99 357 15 22 0.06592727 
756 45 24 34 0.0656688 
454 546 23 39 0.06476854 
363 571 21 26 0.06445069 
882 477 40 53 0.063134804 
859 381 15 23 0.06256149 
376 381 25 34 0.062477864 
774 404 25 31 0.06228872 
730 490 17 28 0.06193167 
757 378 15 19 0.061600514 
877 347 11 17 0.06068066 
989 386 14 19 0.059824426 
988 360 16 18 0.05917844 
219 491 16 25 0.05859413 
56 444 12 15 0.058552206 
904 242 24 34 0.058092717 
1006 313 13 20 0.057919417 
789 355 16 19 0.05786618 
790 362 17 22 0.05759467 
492 436 41 53 0.056702394 
590 497 14 18 0.05595906 
539 220 28 38 0.05436283 
656 550 29 35 0.05426643 
969 380 15 19 0.053667434 
341 409 25 35 0.053625192 
117 520 14 20 0.05350952 
570 540 39 51 0.053210348 
581 524 45 58 0.05307201 
886 433 14 19 0.053041488 
322 426 25 39 0.052854504 
158 329 13 15 0.050738472 
920 513 58 60 0.05039191 
149 440 16 20 0.04990582 
50 539 15 17 0.04989017 
235 562 17 25 0.049689487 
62 473 21 30 0.04917203 
763 374 16 22 0.04899024 
883 359 15 21 0.048222307 
865 352 21 26 0.047866985 
40 534 26 28 0.04742992 
740 332 15 20 0.04732426 
937 399 12 15 0.04707223 
387 379 12 17 0.04696066 
772 415 17 23 0.046928957 
190 442 29 33 0.046826843 
464 544 24 35 0.045472573 
937 417 14 20 0.04524364 
408 438 22 33 0.045205228 
14 541 42 52 0.04514087 
212 489 16 25 0.044968233 
950 504 33 35 0.044906422 
375 439 15 22 0.044297036 
885 344 14 21 0.0442704 
901 488 51 54 0.043878607 
9 503 25 31 0.043861743 
794 457 27 36 0.043378044 
545 517 43 52 0.04276406 
894 306 16 21 0.041057356 
810 370 18 24 0.04094419 
472 443 12 18 0.040924396 
988 426 12 17 0.040785782 
952 387 13 16 0.040549494 
604 46 13 17 0.03956943 
299 368 23 33 0.03955443 
377 571 16 22 0.03916798 
471 433 25 34 0.039059144 
657 453 27 36 0.03887636 
974 567 26 44 0.038640484 
557 511 23 36 0.038322836 
997 472 13 20 0.03829895 
774 399 18 22 0.038030487 
981 386 14 20 0.03778445 
957 430 15 23 0.037697792 
609 207 19 24 0.03748521 
936 402 22 28 0.03745418 
340 387 29 33 0.037432294 
994 356 14 18 0.03690648 
686 361 38 52 0.03680985 
72 477 23 33 0.036634885 
645 205 36 44 0.03639499 
874 485 32 37 0.036125857 
739 482 37 47 0.036082104 
521 219 23 30 0.03596308 
0 264 9 17 0.035752304 
468 552 14 22 0.03540641 
856 474 12 16 0.035201076 
139 367 16 21 0.03489423 
71 329 13 19 0.03488143 
580 457 27 34 0.03443284 
725 366 18 26 0.03414166 
742 369 28 32 0.034051962 
740 325 11 14 0.03363555 
872 419 23 30 0.033383485 
874 359 17 21 0.033378866 
562 563 26 39 0.033345778 
820 356 16 19 0.033223543 
313 436 25 33 0.033147126 
379 524 26 36 0.033126257 
51 263 30 37 0.0330456 
915 348 11 13 0.032999825 
107 510 22 30 0.032959234 
85 423 15 21 0.032941893 
245 498 27 34 0.03286815 
877 4 27 28 0.03265635 
651 348 27 38 0.032568485 
1002 417 15 20 0.032221787 
243 343 39 51 0.03195942 
27 509 15 21 0.031582784 
774 457 37 49 0.031565156 
417 563 22 30 0.031450022 
898 482 17 28 0.031444784 
92 420 13 18 0.031330157 
219 435 24 32 0.031044697 
847 301 13 18 0.030630108 
995 420 25 33 0.030560233 
593 167 18 21 0.030290172 
141 522 27 30 0.03013275 
768 377 23 30 0.029973803 
473 543 28 34 0.029922651 
345 403 18 21 0.029875647 
931 372 11 15 0.029738452 
13 501 15 20 0.029325204 
731 402 29 31 0.02928957 
684 581 22 34 0.029194426 
33 505 16 23 0.028922638 
534 484 15 17 0.028883878 
771 444 26 36 0.028791599 
990 404 10 15 0.028465332 
796 405 25 30 0.028436394 
822 14 33 45 0.028366517 
992 412 11 16 0.028293537 
35 482 23 34 0.028210267 
800 393 18 25 0.028182369 
214 566 31 30 0.02817133 
991 373 12 15 0.02815268 
529 522 32 36 0.028151385 
901 353 12 18 0.028081166 
897 235 18 22 0.027946897 
470 484 13 20 0.027817115 
85 482 27 34 0.027653668 
45 248 17 22 0.027310897 
931 499 40 36 0.027163612 
27 535 29 35 0.02694115 
997 405 22 28 0.026707733 
377 125 19 21 0.026654178 
1003 410 24 30 0.026526049 
509 228 21 28 0.026494944 
922 156 32 41 0.026414247 
746 334 16 20 0.02629718 
354 363 25 33 0.026224062 
940 535 49 62 0.026186772 
1012 417 13 17 0.026091032 
486 584 41 44 0.026012123 
757 465 37 49 0.025956646 
988 438 23 29 0.025945941 
52 475 21 31 0.025920318 
639 464 25 37 0.025631474 
163 513 18 26 0.02559905 
138 431 24 31 0.025582517 
196 552 28 36 0.025542527 
473 478 25 31 0.02542514 
324 206 19 26 0.02504713 
933 367 22 27 0.024841048 
1004 436 16 18 0.024759065 
630 194 23 30 0.024530295 
670 564 26 36 0.02446638 
264 411 24 33 0.02432859 
375 445 25 31 0.024314685 
761 318 26 30 0.024181351 
636 478 17 22 0.02406228 
316 363 28 38 0.02392823 
196 492 26 36 0.023911789 
0 540 21 37 0.023498029 
988 351 15 19 0.023485335 
49 565 37 48 0.023175586 
81 379 11 17 0.023157552 
754 339 16 20 0.023066849 
89 364 23 31 0.023029013 
51 131 18 23 0.022986703 
659 568 26 31 0.022971397 
997 393 13 18 0.02296523 
46 303 28 40 0.022943933 
987 442 38 53 0.022889612 
114 186 38 40 0.022832174 
132 439 14 19 0.022751521 
553 538 40 49 0.022703769 
595 387 23 29 0.022585329 
907 306 101 118 0.022566125 
68 468 14 19 0.022522418 
51 330 20 24 0.02246724 
735 326 11 14 0.022423884 
211 482 28 38 0.022239001 
379 562 24 31 0.022092594 
927 556 39 51 0.022001011 
954 412 13 16 0.021974158 
759 385 22 30 0.021963397 
813 360 17 21 0.021881932 
988 434 13 18 0.021873947 
484 499 26 31 0.021849653 
411 423 22 35 0.021845862 
883 368 13 19 0.021766964 
892 352 13 18 0.021736052 
586 492 23 29 0.021680353 
715 487 27 36 0.021599183 
91 417 23 31 0.021594176 
265 490 25 36 0.021525968 
44 550 32 42 0.021471016 
559 610 46 49 0.021443633 
891 429 14 19 0.021427594 
334 373 34 35 0.021320693 
731 345 19 22 0.021287987 
3 485 31 40 0.021279206 
650 341 16 19 0.021260412 
924 358 12 17 0.02124543 
506 509 39 47 0.021212349 
109 348 12 15 0.02117712 
955 517 32 42 0.021175757 
113 370 14 18 0.020991044 
59 339 18 24 0.020968406 
762 438 24 33 0.020936599 
64 183 26 36 0.020914732 
742 550 31 36 0.020904297 
369 371 23 35 0.020878952 
196 329 26 33 0.02087636 
735 331 13 17 0.020860385 
355 426 25 36 0.0208389 
885 251 18 24 0.020803459 
950 377 22 27 0.020786017 
368 519 27 38 0.020757036 
420 421 16 20 0.020740688 
890 322 18 23 0.020702176 
949 513 18 18 0.020564584 
495 506 16 20 0.020460306 
53 440 22 29 0.020245453 
455 518 25 30 0.020232806 
846 467 26 34 0.020232003 
73 405 38 51 0.020144295 
989 467 24 32 0.020121789 
725 504 46 57 0.0200734 
47 444 12 16 0.020048918 
300 388 18 22 0.020000147 
