3_Riot_Riot_3_522
66
116 162 27 32 0.9964875 
413 152 13 17 0.9796683 
407 209 35 40 0.9527455 
490 153 19 22 0.89677525 
628 210 31 35 0.82021147 
216 208 22 31 0.6987917 
885 198 28 33 0.4680903 
181 197 29 33 0.3807592 
439 154 14 19 0.3528919 
3 149 22 34 0.30174214 
460 152 10 13 0.23504817 
478 147 10 13 0.1712432 
456 153 11 15 0.1527028 
203 205 26 32 0.1429489 
378 170 19 23 0.120145865 
270 173 10 13 0.0964443 
227 213 23 29 0.09548883 
720 230 10 13 0.08237025 
265 201 17 21 0.08039844 
223 136 7 9 0.07757237 
461 179 10 12 0.06440643 
446 152 11 15 0.06416199 
618 205 29 36 0.054347858 
504 232 41 52 0.050068725 
713 96 9 12 0.046960525 
236 214 25 31 0.0456821 
470 149 11 13 0.044362597 
486 151 15 19 0.043468334 
515 157 14 18 0.04318171 
672 94 10 12 0.042499002 
476 142 21 26 0.042236593 
730 153 17 18 0.041830778 
198 344 53 38 0.04076938 
690 215 17 20 0.03838607 
193 186 19 25 0.037515275 
479 189 11 14 0.03699984 
648 215 18 23 0.03608356 
532 265 14 21 0.034597635 
254 209 23 33 0.03330207 
507 154 12 17 0.032805882 
540 180 15 20 0.032803956 
479 153 13 16 0.03232487 
607 316 54 57 0.030607294 
467 155 12 15 0.030084645 
157 77 16 20 0.028757151 
420 180 15 17 0.028084362 
372 154 15 17 0.027654022 
405 180 44 57 0.027556127 
454 150 20 22 0.027261881 
992 364 32 47 0.026973767 
503 222 30 37 0.026297497 
365 155 15 17 0.026078193 
453 161 12 16 0.025724532 
461 162 12 14 0.024958901 
206 219 28 37 0.024708536 
431 153 15 19 0.024351507 
467 171 43 52 0.023814457 
515 213 15 18 0.023359254 
217 141 10 13 0.023177182 
519 223 28 36 0.022623597 
221 138 10 14 0.022331936 
204 156 12 17 0.02208822 
677 214 26 28 0.021747725 
539 413 20 22 0.021215752 
379 176 26 33 0.020903734 
451 167 22 26 0.020446122 
