3_Riot_Riot_3_710
61
613 78 60 60 0.9980703 
2 196 23 29 0.9773183 
494 171 63 84 0.9545695 
34 193 17 22 0.8196275 
970 130 53 86 0.6589924 
290 68 43 61 0.41760662 
62 178 13 16 0.18280628 
44 200 14 19 0.16936482 
50 202 14 18 0.16507807 
14 192 23 29 0.13905321 
953 117 45 67 0.13320191 
965 162 39 51 0.1315653 
26 180 14 17 0.114277974 
71 190 12 14 0.09637143 
698 0 53 77 0.08277079 
77 190 10 13 0.081980444 
569 150 48 63 0.077414125 
156 199 11 14 0.06476477 
42 179 14 18 0.058885805 
997 25 23 34 0.05716128 
85 188 11 13 0.049566817 
101 206 12 14 0.04699877 
79 375 9 13 0.046706054 
57 202 14 19 0.042901598 
729 7 51 71 0.0398773 
1001 328 23 41 0.03651124 
59 209 15 21 0.035796694 
576 144 34 43 0.034724437 
44 394 13 17 0.03154471 
133 182 9 12 0.031366255 
898 37 42 57 0.03112322 
52 429 19 20 0.030727724 
993 80 16 20 0.029862246 
241 76 46 53 0.029562633 
531 162 59 77 0.029181475 
202 113 31 40 0.028280916 
124 204 13 14 0.028102139 
62 196 12 16 0.027364494 
118 357 13 16 0.027150314 
21 185 22 27 0.026240531 
987 105 34 39 0.026189841 
0 260 12 18 0.025884876 
372 224 31 34 0.025844771 
69 216 15 20 0.025467465 
40 186 17 22 0.025418676 
67 191 19 24 0.02533269 
76 212 13 19 0.025179809 
0 180 10 13 0.024974525 
368 236 32 35 0.024824603 
305 56 35 60 0.024482809 
56 178 12 17 0.024456799 
502 103 24 29 0.024164129 
438 177 16 22 0.023013752 
942 120 35 55 0.022728598 
38 368 19 28 0.021967974 
122 362 16 18 0.021229945 
24 196 25 31 0.021030366 
67 176 13 15 0.020849379 
594 152 37 50 0.020825991 
651 403 39 50 0.020517342 
112 158 10 12 0.020341493 
