3_Riot_Riot_3_725
109
728 262 25 30 0.99756074 
816 247 28 32 0.9905675 
389 230 23 28 0.98595166 
462 243 25 28 0.98577416 
384 276 26 35 0.9842727 
262 237 22 27 0.97491974 
634 214 39 48 0.9746728 
296 246 21 28 0.97055614 
514 281 29 34 0.9661787 
324 239 18 25 0.82727325 
899 155 13 17 0.7689286 
941 151 12 16 0.6838827 
680 248 28 35 0.6775136 
734 233 18 20 0.64479244 
280 217 15 18 0.5484709 
227 284 12 15 0.38194346 
837 132 10 15 0.298977 
307 223 18 21 0.29849425 
419 272 21 28 0.2696648 
452 240 25 32 0.26689383 
544 120 16 19 0.21446748 
863 146 15 20 0.19691499 
299 228 25 33 0.19351104 
959 184 14 22 0.1898683 
442 241 16 23 0.16848287 
247 253 12 16 0.13320018 
888 189 10 14 0.11426687 
409 232 16 21 0.10126711 
692 287 21 27 0.101020075 
534 115 26 30 0.099825144 
833 350 17 23 0.096573 
768 247 12 14 0.09535183 
482 301 12 16 0.0917455 
893 188 14 18 0.08136244 
867 143 12 15 0.07887986 
946 155 12 15 0.07531398 
315 230 19 27 0.07456026 
475 244 24 28 0.06949873 
950 454 11 14 0.06884629 
985 549 25 30 0.061915327 
524 127 24 30 0.060417082 
525 139 16 22 0.059348855 
314 241 22 28 0.05837109 
895 160 13 17 0.057691474 
476 105 58 59 0.055926494 
53 75 212 198 0.054581508 
780 288 14 20 0.053969324 
675 273 29 38 0.05043864 
435 351 17 23 0.048608936 
851 181 12 15 0.047418118 
691 243 16 23 0.046987005 
316 323 13 14 0.046284016 
459 223 16 18 0.045226816 
668 241 16 22 0.045192882 
783 284 21 28 0.044894394 
765 248 18 24 0.04466829 
854 155 13 17 0.04406824 
831 134 21 30 0.042533338 
962 177 24 33 0.042486567 
38 12 129 106 0.042276185 
490 239 22 27 0.041585088 
417 100 42 45 0.040913377 
533 128 14 18 0.040725145 
540 257 25 32 0.039775487 
342 273 15 20 0.039692372 
670 241 27 32 0.038846113 
426 285 17 21 0.038492464 
447 224 362 477 0.036618326 
459 92 95 97 0.036020577 
427 212 20 25 0.035511166 
-27 288 389 445 0.035196155 
439 220 14 19 0.034474116 
748 236 12 17 0.03029664 
503 105 56 55 0.030253874 
768 260 20 28 0.029472226 
513 132 25 29 0.028524458 
487 122 35 35 0.028497595 
710 314 16 20 0.02829523 
950 163 11 13 0.02773879 
309 216 14 17 0.027042579 
353 45 103 104 0.02702976 
771 269 22 28 0.026377251 
864 143 23 28 0.026363894 
395 68 83 93 0.025944103 
414 267 16 23 0.025183113 
905 154 14 18 0.025012145 
766 298 19 25 0.024900146 
863 135 12 14 0.024176914 
827 339 29 37 0.024067532 
256 232 35 46 0.023806578 
836 126 19 25 0.02364808 
620 261 28 35 0.02360168 
270 213 12 16 0.0235546 
432 245 24 29 0.023420753 
425 85 91 88 0.022697652 
919 135 20 27 0.022635203 
650 233 33 35 0.022585886 
373 242 12 16 0.022560688 
944 451 12 17 0.02253244 
438 223 19 27 0.022403976 
280 207 11 15 0.02230492 
151 129 102 158 0.021923555 
846 174 21 27 0.021495612 
251 241 25 31 0.02124102 
701 293 24 32 0.021089712 
889 165 11 14 0.021083325 
832 249 17 22 0.020886626 
341 257 16 21 0.020606048 
900 580 17 17 0.02042177 
