3_Riot_Riot_3_263
105
436 164 17 23 0.97175014 
478 164 22 29 0.9104616 
386 162 17 24 0.89985216 
419 164 15 20 0.8188396 
865 220 24 30 0.79391706 
6 130 22 29 0.7122858 
547 173 14 18 0.5519216 
207 143 15 21 0.49039248 
885 147 34 38 0.47691664 
349 143 12 17 0.30428556 
856 204 42 51 0.13327454 
540 330 55 52 0.08429384 
164 4 17 20 0.0820624 
630 130 125 143 0.08129651 
503 297 50 60 0.07905892 
777 147 62 71 0.07702756 
491 277 29 39 0.07251745 
664 489 36 41 0.06310655 
375 169 14 19 0.06238034 
195 91 14 18 0.059989803 
475 174 17 22 0.05846366 
275 146 13 16 0.055330053 
358 183 11 14 0.05354817 
117 113 23 30 0.05095424 
202 15 17 23 0.04904932 
827 198 33 44 0.048945524 
873 152 43 56 0.04872318 
527 178 13 16 0.048569657 
245 9 28 33 0.046821248 
392 110 7 9 0.04630915 
756 141 52 60 0.046194907 
111 115 39 50 0.04233825 
493 278 46 61 0.042197485 
661 165 14 15 0.041469667 
355 146 12 17 0.0409962 
268 139 14 19 0.039870452 
235 0 16 13 0.039010976 
517 305 57 63 0.036803298 
867 182 12 16 0.03661335 
364 123 15 19 0.036009327 
554 173 11 16 0.03541783 
22 195 11 14 0.032772746 
0 104 11 20 0.03275429 
106 118 25 29 0.03176735 
401 106 7 9 0.030591298 
874 199 50 60 0.030231118 
482 157 16 20 0.029529836 
400 110 8 10 0.02906619 
193 86 23 29 0.028655605 
451 6 11 13 0.028508164 
1 95 18 30 0.028483113 
471 281 35 42 0.028227076 
406 172 12 16 0.028174406 
499 265 29 40 0.028125461 
221 0 15 13 0.027853353 
230 1 29 30 0.027714679 
515 130 14 18 0.027695904 
190 96 15 20 0.0268618 
525 185 14 18 0.026840668 
1 92 12 21 0.02632467 
815 172 52 63 0.025027469 
414 176 13 18 0.02501853 
171 19 15 16 0.024999358 
385 109 8 10 0.024944434 
517 196 13 19 0.024840359 
236 19 29 33 0.024642112 
370 124 17 20 0.02453327 
802 188 50 62 0.024504457 
23 102 27 32 0.024414146 
161 8 26 27 0.02423344 
575 66 201 224 0.024064291 
420 174 13 17 0.024049845 
203 90 12 17 0.023570837 
623 102 31 45 0.02350128 
102 0 34 35 0.023470204 
384 105 8 10 0.023354936 
22 125 24 33 0.02321171 
844 194 28 40 0.023195457 
187 135 41 56 0.023181917 
160 8 14 18 0.023059031 
876 172 51 63 0.023046697 
349 121 12 16 0.022916367 
4 497 18 20 0.022616073 
779 125 52 59 0.022613838 
852 215 29 33 0.02250744 
52 89 17 19 0.022337098 
319 193 10 14 0.022336727 
351 165 11 15 0.022117255 
859 172 14 19 0.022045555 
349 136 11 14 0.021991482 
360 121 12 17 0.021978943 
395 158 12 18 0.0218955 
925 212 13 17 0.02149329 
51 10 11 13 0.02118957 
218 -2 27 26 0.021120623 
366 169 15 19 0.021047786 
375 110 8 10 0.021011624 
1014 165 9 15 0.020896677 
457 288 27 46 0.020830188 
885 157 19 24 0.020793462 
555 352 35 34 0.020622427 
658 153 75 85 0.020470189 
400 116 10 12 0.020400614 
530 168 21 26 0.020327719 
740 123 95 109 0.020265343 
