3_Riot_Riot_3_106
66
665 155 209 236 0.9972692 
453 408 15 18 0.31647384 
295 299 12 15 0.24826993 
36 192 215 309 0.19988766 
288 239 8 11 0.1977301 
780 692 25 27 0.1836398 
236 312 14 18 0.100084975 
404 333 12 16 0.087687515 
291 246 14 17 0.077316225 
354 284 12 16 0.074346244 
123 528 456 503 0.061487436 
240 66 375 503 0.05895894 
249 237 11 13 0.05829344 
131 260 184 261 0.05667557 
892 673 107 117 0.0551496 
807 116 108 108 0.05355817 
90 520 16 22 0.049978487 
978 936 25 30 0.049606644 
395 382 10 12 0.04168451 
191 510 13 16 0.040785976 
239 251 10 12 0.03852735 
768 730 39 35 0.038339954 
372 408 9 11 0.037922442 
603 533 15 17 0.037294146 
425 366 8 10 0.037104443 
585 88 400 317 0.036722407 
220 281 16 19 0.035441257 
100 528 13 21 0.034887247 
49 247 397 467 0.033286672 
757 690 61 53 0.033277314 
859 687 74 78 0.03183936 
314 248 17 18 0.030265138 
330 582 193 239 0.029729929 
84 525 18 23 0.02895879 
290 240 12 12 0.026788132 
393 396 10 12 0.026698511 
346 347 12 14 0.026565103 
256 626 36 42 0.02645792 
449 410 12 16 0.026007842 
310 260 11 14 0.025898036 
270 249 9 10 0.025595035 
563 936 25 29 0.025350744 
446 372 8 10 0.025332455 
257 505 16 19 0.025271926 
182 323 221 230 0.024807334 
602 209 15 18 0.024724979 
477 395 14 15 0.024338685 
746 715 72 58 0.02397849 
245 85 31 45 0.023766411 
298 245 13 16 0.023430355 
237 470 17 19 0.0224793 
289 422 12 15 0.022250617 
230 499 12 17 0.022203237 
336 230 9 11 0.022043888 
346 240 13 16 0.021994881 
210 275 28 30 0.021959608 
102 3 367 493 0.02112888 
270 123 13 15 0.02111771 
234 307 22 29 0.020970417 
260 555 17 20 0.020912608 
393 386 11 15 0.020866303 
403 226 14 16 0.020758552 
257 96 29 38 0.02062872 
822 102 74 70 0.020468462 
451 461 18 21 0.02040641 
35 99 16 18 0.02039836 
