3_Riot_Riot_3_166
124
581 641 390 470 0.5175936 
37 272 86 112 0.47583273 
643 76 15 20 0.35738477 
857 158 32 41 0.274809 
639 413 389 520 0.25581667 
477 222 352 450 0.24216165 
649 127 33 43 0.21733405 
695 456 105 138 0.15522285 
594 152 46 65 0.14894713 
643 11 29 33 0.13277331 
373 75 32 46 0.12210322 
178 133 29 31 0.12202944 
923 368 105 139 0.10251475 
435 15 382 450 0.10046267 
453 344 42 53 0.094685204 
186 112 35 38 0.0882691 
0 378 42 85 0.07615336 
750 759 119 122 0.07539344 
259 249 387 494 0.07082982 
129 70 25 31 0.07049555 
595 51 25 37 0.06792006 
662 753 241 262 0.06626179 
680 754 100 121 0.062253695 
585 121 53 74 0.0608535 
691 288 324 398 0.06035202 
880 340 114 144 0.057180703 
563 30 47 57 0.055619262 
729 762 57 78 0.055507414 
567 859 170 149 0.054226212 
-1 119 20 38 0.05163421 
126 144 400 503 0.051078387 
557 51 25 37 0.050520536 
793 827 120 144 0.04837427 
402 615 412 526 0.046685126 
628 125 48 65 0.04578672 
658 3 30 35 0.04544068 
221 245 56 52 0.045144327 
999 195 23 34 0.04364074 
21 590 104 149 0.042905122 
905 79 49 59 0.042364754 
330 63 44 55 0.04235912 
62 573 87 117 0.04230034 
727 735 98 120 0.042025622 
95 158 25 29 0.041321088 
490 21 25 32 0.041308843 
964 919 45 79 0.041273903 
579 104 48 59 0.03891615 
268 65 24 34 0.038592935 
790 197 23 29 0.03706519 
0 339 30 50 0.0369802 
647 142 93 96 0.03638854 
588 92 89 107 0.03549733 
803 229 31 34 0.035232313 
69 236 26 34 0.034985457 
386 66 17 20 0.034442306 
203 220 114 115 0.034392364 
194 116 19 20 0.034339614 
865 169 43 52 0.034048934 
373 61 115 119 0.033160456 
383 387 375 455 0.032998353 
30 193 24 28 0.03294915 
1001 129 20 36 0.032490976 
728 22 25 28 0.03191976 
308 152 45 60 0.031123828 
272 86 30 39 0.030941112 
334 54 16 22 0.030708598 
11 301 85 119 0.030397791 
634 112 15 22 0.029992875 
580 139 77 102 0.029747542 
547 116 16 21 0.028924568 
661 614 245 293 0.028232079 
613 149 50 70 0.028119432 
73 186 19 24 0.027678248 
606 110 55 65 0.02759759 
456 738 38 39 0.027552491 
553 104 46 60 0.027528476 
870 833 58 71 0.027374 
277 195 34 39 0.027151827 
524 490 352 408 0.027043747 
673 70 30 41 0.02642914 
899 617 106 161 0.026274355 
942 39 40 48 0.026186982 
638 60 27 33 0.02590333 
594 28 109 138 0.025767172 
693 29 26 30 0.02547753 
572 105 32 38 0.025458014 
419 76 32 32 0.025383588 
167 86 60 60 0.025345854 
891 695 29 45 0.024757165 
542 126 55 68 0.024366846 
832 884 98 118 0.024330214 
620 61 46 58 0.024168063 
234 230 53 52 0.024161387 
612 108 27 36 0.024049098 
518 768 263 253 0.023945063 
158 81 99 99 0.023854302 
230 147 36 35 0.023782747 
428 83 18 19 0.02366423 
2 345 53 84 0.023590341 
768 192 42 47 0.023296615 
168 141 29 29 0.023175705 
690 -74 355 447 0.022820981 
333 54 28 41 0.022641554 
540 32 46 59 0.022545453 
757 761 61 76 0.022122124 
555 100 12 15 0.022067517 
357 76 34 48 0.021948868 
875 184 46 56 0.021839486 
796 799 70 78 0.021826085 
212 256 37 40 0.021311661 
942 61 30 36 0.021245165 
672 0 30 36 0.021220494 
568 141 57 74 0.021113079 
45 139 33 36 0.021000654 
600 367 42 41 0.020883378 
631 83 103 116 0.02087719 
727 786 38 63 0.020813238 
721 450 69 85 0.020805199 
205 41 13 14 0.020756949 
849 821 37 52 0.020354442 
988 59 29 40 0.020328658 
927 66 51 64 0.020284243 
19 212 23 30 0.020125635 
71 723 200 249 0.02008886 
