3_Riot_Riot_3_506
104
194 165 83 111 0.98196447 
448 261 30 36 0.9712142 
475 291 17 21 0.19406204 
663 11 13 15 0.16144882 
750 124 44 51 0.1611085 
583 427 16 22 0.14610282 
2 338 17 20 0.122717574 
468 3 24 29 0.078593396 
583 41 15 21 0.076861255 
476 296 21 31 0.07191482 
713 159 25 26 0.07041158 
684 34 13 17 0.068440236 
99 323 55 57 0.06662248 
511 119 12 18 0.06308442 
486 121 10 13 0.063070245 
707 163 16 18 0.062971935 
363 394 13 20 0.061887223 
812 296 26 33 0.05068246 
786 133 27 37 0.050472908 
583 289 48 64 0.047711838 
850 203 13 16 0.047089785 
937 312 84 148 0.046843342 
657 34 11 15 0.045204353 
1 408 26 30 0.044685937 
855 378 10 13 0.04413781 
657 7 11 14 0.044015873 
463 270 17 22 0.043852143 
838 366 11 13 0.04277569 
796 141 13 17 0.04233071 
765 357 9 11 0.04192491 
605 51 12 16 0.041150738 
423 447 37 40 0.040488932 
949 344 53 89 0.039943494 
851 420 15 18 0.03908076 
852 415 12 14 0.037973568 
77 349 16 22 0.037065234 
797 383 10 13 0.0368782 
325 206 37 55 0.034596745 
621 19 10 14 0.03423348 
387 0 21 18 0.03240951 
117 344 15 18 0.03176623 
791 157 12 14 0.031752266 
658 75 24 28 0.031349827 
790 163 13 16 0.031105667 
390 298 13 17 0.030605456 
642 28 11 16 0.029959658 
837 179 12 17 0.02962356 
408 592 10 12 0.02871526 
644 94 16 19 0.028518656 
329 209 25 32 0.028259462 
608 10 12 15 0.028226586 
549 0 14 13 0.027400687 
445 298 23 30 0.027116733 
708 192 37 44 0.026336426 
842 226 57 56 0.0262283 
787 168 26 31 0.0261898 
644 52 10 13 0.025833974 
553 229 26 34 0.025830984 
616 40 11 13 0.025550619 
816 398 9 10 0.02510304 
87 379 450 450 0.025047334 
79 325 53 61 0.02502081 
364 429 32 43 0.02483152 
497 78 9 12 0.024671704 
333 213 15 20 0.024629489 
573 212 26 33 0.024306893 
774 350 9 11 0.024179664 
731 184 14 18 0.023838459 
705 39 9 11 0.02382166 
513 78 11 13 0.023773748 
556 207 40 50 0.023690918 
481 116 13 16 0.02369034 
840 230 33 33 0.023442816 
546 358 16 21 0.022848304 
361 508 32 33 0.022797946 
503 109 9 12 0.022795603 
702 166 34 39 0.022761848 
374 484 12 13 0.0227448 
834 364 11 13 0.022741325 
470 309 23 34 0.02265344 
721 61 11 14 0.022214815 
410 462 31 36 0.021974197 
501 61 10 14 0.021775635 
450 266 41 49 0.021571541 
758 181 14 17 0.021388276 
764 150 16 20 0.02138473 
645 46 10 12 0.021324668 
768 248 30 32 0.021196496 
136 89 158 197 0.021173816 
692 67 18 21 0.021162651 
722 22 11 14 0.021138875 
855 246 38 43 0.020975064 
222 167 100 125 0.020940194 
455 301 29 38 0.020928573 
574 69 12 15 0.020841153 
800 423 9 11 0.020808794 
719 39 9 12 0.020798245 
401 312 25 29 0.020783463 
646 85 24 27 0.020702709 
109 335 31 32 0.02066093 
815 366 10 12 0.020560445 
720 170 28 35 0.020560034 
543 87 10 11 0.02046797 
814 440 12 14 0.020050177 
