3_Riot_Riot_3_306
59
743 85 63 85 0.9987489 
267 140 58 68 0.9986401 
651 173 70 71 0.9949084 
478 190 50 58 0.99268264 
916 65 75 76 0.9153951 
144 150 21 26 0.8757923 
323 127 21 29 0.8750832 
238 185 29 39 0.6752602 
-1 20 86 115 0.63990283 
233 268 57 68 0.5983285 
295 246 29 59 0.41316816 
473 135 34 37 0.3033736 
181 151 17 23 0.26930752 
221 88 15 18 0.1648862 
414 141 24 27 0.14266996 
223 193 33 38 0.13025935 
467 140 51 54 0.10627465 
272 253 44 58 0.10312612 
445 224 22 31 0.09932604 
71 207 11 13 0.09704342 
30 137 58 72 0.08828343 
472 126 23 30 0.056030415 
469 161 55 65 0.052072193 
174 153 16 22 0.051289342 
206 137 14 22 0.041911025 
428 218 40 51 0.04024026 
522 81 15 18 0.03909842 
319 125 38 50 0.038996574 
502 92 45 55 0.03435954 
539 314 59 74 0.032532394 
195 134 21 30 0.03087959 
183 141 13 18 0.030821238 
422 336 51 57 0.030538037 
839 128 15 20 0.030156078 
187 139 22 30 0.029999215 
639 157 57 72 0.029463619 
12 106 93 120 0.028497485 
478 112 46 53 0.02816257 
950 64 55 62 0.027528906 
552 125 24 34 0.026790632 
180 165 16 21 0.024961773 
962 -7 51 52 0.02488697 
0 361 15 24 0.02479989 
530 114 43 55 0.024682406 
439 153 29 32 0.023967654 
520 79 25 30 0.023965325 
108 176 14 18 0.023958767 
77 221 12 14 0.023340257 
509 90 25 31 0.022873275 
217 185 26 36 0.022732032 
457 290 35 35 0.022316113 
509 93 15 20 0.022211542 
477 116 27 33 0.022167668 
913 42 57 73 0.021893874 
388 107 15 22 0.02105802 
515 91 15 20 0.02082622 
418 150 31 34 0.020810388 
805 315 16 19 0.020779764 
165 153 14 21 0.020640709 
