3_Riot_Riot_3_137
513
921 347 58 70 0.9995036 
331 387 55 65 0.99901664 
108 410 37 46 0.9984395 
62 386 36 44 0.992137 
924 315 27 31 0.9904193 
269 363 41 49 0.98577404 
972 322 27 34 0.9810929 
666 362 43 53 0.9765672 
402 337 28 38 0.97361225 
487 323 41 54 0.9508163 
894 324 27 31 0.8528769 
778 312 22 29 0.81704825 
790 296 12 16 0.77173704 
762 287 9 11 0.6473634 
812 294 10 13 0.49554026 
671 300 14 17 0.43549728 
751 306 10 13 0.43494228 
788 314 20 29 0.3891014 
175 295 9 11 0.3884914 
388 341 12 16 0.35944542 
350 328 16 20 0.34331504 
528 308 11 16 0.34281215 
734 314 14 16 0.3344019 
546 307 14 18 0.32739323 
338 324 10 14 0.3237834 
29 359 14 19 0.2899699 
607 292 9 11 0.24433395 
150 334 9 11 0.21571814 
189 316 9 11 0.21181549 
394 334 25 34 0.20980448 
876 381 18 22 0.20547637 
231 296 7 10 0.20509626 
974 284 10 12 0.19850777 
1012 297 10 17 0.19190063 
198 351 22 27 0.18089245 
845 289 14 21 0.17840558 
22 328 11 13 0.17698821 
391 327 11 14 0.17154007 
565 323 23 28 0.17141247 
951 286 10 12 0.16924609 
728 285 8 10 0.16025534 
201 288 7 9 0.16016877 
886 329 32 42 0.15978052 
567 302 12 15 0.15832864 
741 309 10 14 0.15674861 
992 276 9 12 0.15597555 
806 275 9 12 0.15403022 
461 310 15 19 0.15402742 
0 411 11 19 0.15359072 
391 332 12 17 0.1531621 
829 272 7 10 0.1519103 
628 311 17 22 0.14893845 
132 411 33 40 0.14770065 
194 354 16 20 0.14556271 
893 298 13 17 0.14128847 
686 366 41 46 0.1373422 
20 358 15 20 0.13687743 
756 355 15 21 0.13663954 
182 289 7 9 0.1359723 
262 333 12 14 0.124426976 
168 323 10 13 0.123896986 
233 302 8 10 0.12301988 
647 356 40 49 0.12011739 
171 297 8 10 0.11376191 
757 340 22 28 0.11361761 
139 296 7 10 0.111940585 
248 294 7 10 0.11107843 
64 303 7 10 0.10774036 
964 309 12 16 0.10643035 
840 290 12 16 0.103959955 
903 308 36 45 0.10347242 
341 330 13 17 0.102230296 
948 279 9 11 0.101795346 
202 338 24 29 0.100599654 
202 364 25 27 0.1004212 
333 368 25 33 0.0977261 
720 323 11 13 0.09695972 
663 293 9 11 0.09569058 
102 336 9 11 0.09541675 
181 292 9 12 0.09524474 
344 343 23 27 0.09383695 
906 272 9 11 0.09242293 
783 279 8 11 0.090361744 
663 332 14 16 0.08995565 
877 339 31 42 0.08959844 
584 293 10 12 0.08898169 
585 289 7 10 0.08786899 
812 335 15 22 0.08600104 
374 336 8 12 0.0845835 
553 279 8 10 0.083901346 
145 334 8 11 0.08296918 
186 311 9 12 0.08127768 
790 230 7 10 0.08084497 
783 298 13 16 0.080242984 
589 331 14 21 0.080191866 
268 331 13 14 0.07833336 
181 380 14 19 0.0775524 
583 300 10 13 0.0768811 
437 305 11 15 0.07515675 
152 310 9 11 0.07451833 
734 285 7 10 0.07385634 
827 323 17 21 0.073844284 
109 302 7 11 0.07280893 
334 377 14 19 0.07280201 
725 315 14 17 0.07227618 
55 297 7 9 0.07136936 
133 339 9 11 0.07092545 
385 338 22 27 0.07083534 
95 339 13 15 0.07038499 
79 304 8 10 0.07030017 
911 293 13 15 0.069835715 
885 335 14 19 0.06954452 
53 350 9 11 0.069067985 
66 309 9 11 0.068626665 
832 375 41 50 0.06833456 
705 316 11 14 0.06828711 
589 288 8 11 0.067700595 
47 309 7 9 0.06764661 
71 287 6 9 0.06698887 
773 309 16 20 0.06594014 
821 320 15 21 0.06551363 
743 302 11 14 0.06490314 
8 304 8 10 0.06484421 
749 293 11 13 0.06475709 
756 302 11 14 0.06396532 
686 178 11 14 0.06395027 
121 310 9 11 0.0637954 
223 287 7 10 0.062337033 
999 271 9 12 0.061735578 
801 276 10 12 0.06159916 
5 358 11 13 0.06155907 
734 254 11 14 0.06139799 
987 362 40 61 0.061150346 
147 414 30 42 0.06071964 
374 317 9 13 0.060547505 
457 301 23 32 0.06040004 
744 294 10 12 0.06038257 
567 338 24 26 0.06028559 
233 308 9 10 0.057728432 
580 338 16 20 0.057430405 
232 319 11 14 0.057115078 
106 309 9 10 0.056922544 
792 255 7 8 0.056899257 
162 418 30 46 0.056870166 
564 301 23 27 0.056842927 
771 344 17 22 0.056641567 
223 256 6 8 0.056499526 
890 272 7 9 0.056372017 
428 306 14 16 0.056302857 
623 309 13 18 0.055977177 
197 347 16 21 0.055028174 
227 295 7 10 0.05499198 
905 301 25 32 0.054848127 
821 288 9 11 0.054551594 
803 333 16 22 0.053969365 
15 311 9 10 0.053688265 
55 327 9 11 0.053327862 
41 305 7 9 0.053299364 
338 319 18 25 0.053229567 
615 301 9 12 0.05298576 
413 294 8 10 0.0527452 
201 292 7 11 0.052507937 
996 276 11 13 0.05160839 
120 303 8 10 0.051216803 
-1 400 20 31 0.051166397 
142 319 8 10 0.0509534 
397 316 15 17 0.050440785 
871 272 8 10 0.049975865 
560 296 8 11 0.04991305 
955 287 11 13 0.049534548 
750 333 22 27 0.04953325 
159 303 8 11 0.049348712 
57 301 7 10 0.049042802 
767 280 8 11 0.04843822 
340 356 24 32 0.048237443 
826 276 9 11 0.04813778 
519 306 13 17 0.047347587 
257 333 10 14 0.047307953 
340 319 10 13 0.047248296 
644 354 27 34 0.04714609 
144 327 8 10 0.04699106 
817 263 7 9 0.046774 
141 300 8 10 0.046550386 
261 329 20 23 0.046104185 
575 295 10 12 0.046066996 
933 287 11 14 0.045863897 
207 310 10 12 0.04576834 
968 279 10 12 0.045519996 
104 317 9 11 0.045490406 
119 294 7 10 0.04542322 
777 271 8 9 0.04533675 
256 326 9 12 0.04503866 
23 312 8 10 0.044621244 
564 335 18 22 0.044460546 
64 296 7 9 0.044180945 
50 296 8 10 0.044130087 
847 273 8 9 0.044106733 
218 279 7 9 0.044103492 
158 287 8 10 0.043735024 
205 288 8 10 0.043638296 
168 349 10 13 0.04350281 
612 340 14 18 0.043475762 
120 289 6 8 0.04343931 
719 244 8 11 0.043031972 
589 300 8 11 0.04289496 
136 311 8 10 0.042737782 
804 351 17 21 0.042661514 
154 294 7 10 0.04249054 
237 351 8 11 0.04228628 
735 303 12 14 0.042201962 
817 344 16 20 0.042069476 
659 335 23 25 0.042001612 
922 321 47 60 0.041764583 
110 296 8 10 0.0416179 
612 294 10 13 0.041392874 
35 358 13 16 0.04126712 
894 295 23 28 0.041033424 
560 301 10 13 0.04097972 
351 319 11 12 0.040932193 
975 290 11 14 0.040759124 
317 310 8 10 0.040573917 
653 342 28 35 0.040558726 
847 277 9 12 0.040524438 
744 271 8 10 0.04026994 
96 336 10 11 0.039709248 
108 341 10 13 0.039663058 
867 365 37 52 0.039589267 
725 332 12 14 0.03955505 
393 323 16 18 0.039553884 
764 289 10 14 0.03931738 
751 271 8 10 0.039309107 
1005 272 9 10 0.03917462 
961 272 8 10 0.039095804 
967 320 43 57 0.039083894 
571 316 17 22 0.03855532 
774 302 11 14 0.038531087 
807 340 22 28 0.03844329 
353 336 16 19 0.03842726 
288 334 12 13 0.0380071 
105 296 8 10 0.03793405 
574 278 8 9 0.03752383 
925 291 14 16 0.03745958 
208 294 8 11 0.037448153 
262 317 10 12 0.037301484 
188 321 12 15 0.037281133 
567 297 9 11 0.037051436 
915 298 15 18 0.036911257 
53 331 10 13 0.03659798 
549 304 19 26 0.03640523 
183 332 11 15 0.036354523 
281 295 8 10 0.0361155 
197 364 17 22 0.036065243 
48 304 7 10 0.035908185 
804 394 25 38 0.035905547 
819 291 9 12 0.035789873 
287 307 10 12 0.035729658 
154 303 8 11 0.0355747 
257 312 8 11 0.03543005 
80 295 7 9 0.03537371 
72 304 8 11 0.035276785 
752 352 25 37 0.0352234 
1 303 7 11 0.035107154 
312 309 9 12 0.034846786 
855 275 9 11 0.034845684 
850 291 23 26 0.034820735 
32 312 7 10 0.034543037 
801 322 16 21 0.034271505 
266 303 8 9 0.03425823 
723 285 8 11 0.034218457 
156 332 9 12 0.03415791 
1006 293 17 27 0.034044385 
287 338 16 19 0.034039106 
1 116 23 31 0.033975627 
57 319 8 10 0.033928294 
821 328 24 30 0.03390476 
63 317 10 11 0.033789545 
883 344 16 23 0.033750795 
157 347 12 14 0.033668302 
187 366 21 28 0.03366289 
171 319 10 13 0.033625033 
665 300 11 15 0.033495337 
282 301 9 12 0.033459034 
547 321 13 17 0.03323889 
719 329 13 16 0.033131473 
213 296 8 10 0.03298289 
337 312 9 10 0.032773063 
275 332 10 13 0.032670166 
646 357 15 21 0.032556973 
79 351 9 11 0.032308172 
202 301 8 10 0.032228187 
71 295 7 8 0.03221408 
558 307 11 16 0.032176904 
158 308 8 11 0.03215922 
20 351 12 15 0.03183525 
704 322 12 14 0.03180344 
149 339 13 16 0.031495396 
223 317 9 11 0.031345386 
257 317 9 12 0.031179553 
391 319 11 14 0.031117395 
101 343 12 16 0.03106494 
18 326 10 12 0.03104763 
270 303 7 10 0.03103357 
236 303 9 11 0.03099863 
660 321 22 25 0.030889198 
721 239 8 11 0.030867893 
558 353 14 18 0.030839432 
110 327 9 11 0.030812992 
46 342 12 15 0.030727377 
841 278 9 11 0.030689713 
48 334 11 12 0.030582262 
9 309 7 10 0.030459864 
367 339 11 14 0.030366344 
440 295 10 14 0.030339481 
222 311 9 12 0.030134212 
808 288 10 12 0.030124161 
759 271 8 10 0.030090077 
1015 271 9 12 0.03005639 
854 376 29 35 0.030033521 
711 267 10 12 0.029980721 
4 352 21 26 0.029872373 
537 292 9 11 0.029866109 
158 295 8 10 0.029816823 
797 286 10 13 0.029811619 
944 283 10 13 0.02967329 
217 271 8 10 0.029667627 
121 316 10 11 0.029605972 
143 347 11 14 0.029583484 
910 286 13 16 0.029570978 
209 350 19 25 0.029473597 
815 289 10 13 0.02927462 
144 341 10 13 0.029253645 
129 337 9 11 0.029219573 
123 356 14 17 0.029169576 
737 348 28 40 0.029150095 
262 346 12 15 0.029139064 
567 288 7 9 0.028885858 
0 309 7 10 0.02883365 
758 282 18 22 0.028769093 
817 166 9 10 0.028767841 
704 263 10 13 0.02874675 
632 355 27 34 0.028730938 
751 252 9 11 0.028646937 
958 301 14 17 0.02863663 
961 276 10 12 0.028617986 
852 312 14 18 0.028594261 
671 278 8 9 0.028548488 
215 261 7 10 0.02852463 
326 302 8 11 0.028464675 
760 280 9 12 0.028393105 
311 303 8 11 0.02837401 
898 329 42 52 0.028259108 
804 464 45 50 0.02820159 
774 294 9 12 0.027927268 
578 288 7 10 0.027905462 
352 312 9 10 0.027684806 
64 342 9 11 0.027681634 
236 334 10 13 0.02764718 
773 286 9 11 0.027616708 
53 344 10 12 0.027581714 
808 290 17 21 0.02750273 
960 314 13 17 0.027502455 
527 341 23 29 0.02749556 
126 304 8 10 0.027464602 
558 273 7 9 0.027437396 
851 286 14 19 0.027422601 
14 303 7 10 0.027395941 
753 287 10 12 0.027254757 
70 349 11 12 0.02724957 
208 300 9 12 0.02722425 
664 324 12 15 0.027097061 
366 333 11 14 0.027087305 
581 306 11 13 0.027071822 
272 285 8 10 0.027039608 
998 299 13 16 0.026896661 
178 280 7 9 0.026868321 
430 301 21 26 0.02677368 
82 278 8 10 0.026716152 
750 345 17 22 0.026569517 
192 288 7 9 0.02648534 
992 281 12 14 0.026398312 
749 463 47 49 0.026271923 
736 305 18 24 0.02625936 
341 331 22 25 0.026098907 
557 278 7 10 0.025989788 
40 310 8 9 0.025952255 
718 310 12 15 0.025911234 
466 312 25 34 0.02578217 
887 303 14 18 0.025752302 
443 299 22 31 0.025717026 
241 287 7 9 0.025714781 
12 426 17 20 0.025588928 
193 294 7 10 0.025570702 
776 277 9 12 0.025454156 
936 268 9 12 0.025439091 
898 293 14 17 0.025276825 
884 298 24 30 0.025270429 
709 322 12 15 0.025071388 
46 354 12 14 0.024963642 
480 286 10 12 0.024945159 
762 347 24 30 0.024832482 
863 271 8 10 0.024798695 
119 332 10 12 0.024706408 
55 310 8 10 0.02450408 
255 348 11 13 0.024465095 
883 310 27 35 0.024411442 
285 301 11 14 0.024394669 
159 327 9 11 0.02433977 
858 304 16 20 0.024327414 
247 300 8 10 0.024235655 
776 247 8 10 0.024096368 
735 248 9 11 0.024074415 
198 339 17 20 0.024027007 
559 286 7 10 0.024019873 
999 295 10 13 0.023962699 
296 296 8 11 0.02393593 
33 304 7 9 0.023908308 
103 327 10 11 0.023844091 
205 335 12 14 0.023833387 
270 279 9 11 0.0237678 
616 307 11 14 0.023757637 
877 349 17 25 0.023737106 
175 308 9 11 0.023638966 
871 276 10 12 0.023566147 
79 389 29 37 0.023560725 
532 304 11 16 0.023542693 
232 277 7 9 0.023535376 
869 352 28 40 0.023491867 
560 330 13 19 0.023464328 
544 312 22 28 0.023395343 
39 318 8 10 0.023307463 
144 426 21 26 0.02329788 
214 310 9 13 0.023130747 
791 237 7 10 0.023096418 
720 278 9 12 0.023063825 
786 224 8 11 0.022873934 
614 342 25 29 0.022851164 
247 289 8 10 0.022764534 
531 337 15 20 0.02274427 
698 193 97 119 0.022641405 
833 326 18 22 0.02263869 
446 291 12 17 0.022611357 
1005 277 10 12 0.022608632 
88 339 11 14 0.022588464 
168 342 10 14 0.022522606 
975 271 8 10 0.022395803 
816 257 8 11 0.022379925 
896 281 21 26 0.022359986 
889 231 7 10 0.022343788 
16 316 9 10 0.022322727 
398 302 10 11 0.022257986 
984 272 8 10 0.022204531 
984 276 9 12 0.022175295 
108 334 10 12 0.022171147 
310 315 12 15 0.022150243 
8 316 9 11 0.022124521 
467 302 13 18 0.022075592 
176 270 8 10 0.02205346 
752 278 9 11 0.022033878 
979 285 10 13 0.021989277 
359 302 7 10 0.021984959 
766 302 12 14 0.021944398 
812 307 15 18 0.021940803 
706 312 19 23 0.021824606 
635 308 14 20 0.021763416 
218 256 7 9 0.021738835 
690 279 8 10 0.021725353 
69 342 11 13 0.021575082 
316 317 10 13 0.021566672 
621 327 27 33 0.021541303 
131 355 12 16 0.021536114 
441 286 22 32 0.021499107 
814 316 13 18 0.02149667 
85 370 15 18 0.021459049 
45 385 15 19 0.021432629 
154 287 7 10 0.021372985 
842 272 7 10 0.021368956 
330 349 25 35 0.021354254 
69 317 8 11 0.021329327 
621 301 11 14 0.02130025 
144 312 7 10 0.021280596 
61 326 9 11 0.02124075 
80 288 8 9 0.021189906 
443 300 12 17 0.021183278 
305 316 10 14 0.021154813 
702 308 13 18 0.021106848 
907 316 16 20 0.021099936 
719 303 10 12 0.021099314 
309 322 13 18 0.021080092 
694 279 8 10 0.021063643 
341 310 9 11 0.020958094 
747 303 18 23 0.0209037 
804 305 15 19 0.020875445 
709 310 11 15 0.020862585 
571 350 18 20 0.020847829 
138 324 9 12 0.020814767 
966 271 8 10 0.02080142 
223 272 7 10 0.02068491 
981 12 28 34 0.020620702 
623 285 9 12 0.02059902 
381 342 42 47 0.020593937 
675 296 22 26 0.020584397 
117 360 15 20 0.020579077 
786 254 7 9 0.020507067 
609 298 10 13 0.020464664 
595 323 13 18 0.020383993 
358 310 9 10 0.020353522 
576 322 17 20 0.020245008 
725 239 8 10 0.020239083 
743 289 9 11 0.020230943 
135 288 7 10 0.020212898 
741 254 9 12 0.020209165 
721 345 27 36 0.020204369 
12 346 40 48 0.020030137 
