3_Riot_Riot_3_765
30
697 354 108 150 0.999503 
75 127 226 301 0.9993979 
576 210 227 259 0.16320747 
981 1070 12 15 0.10418573 
217 612 239 325 0.09267601 
513 73 347 434 0.0745541 
940 417 14 17 0.07391629 
901 823 12 15 0.07164892 
949 1069 12 16 0.068599865 
825 791 17 21 0.059056945 
337 1012 25 42 0.056482308 
923 263 15 19 0.046153817 
1013 899 10 15 0.04414607 
964 570 14 17 0.042283617 
901 846 13 17 0.040053483 
955 892 11 15 0.03962202 
973 372 14 18 0.037915207 
859 944 14 20 0.037467886 
970 394 15 18 0.03538231 
1002 372 13 18 0.03436182 
390 105 16 24 0.0335147 
906 680 13 18 0.03173295 
987 881 13 16 0.030516284 
47 21 370 494 0.030275734 
1003 260 16 19 0.029720949 
322 109 26 34 0.024045596 
401 382 36 42 0.023453947 
40 901 528 581 0.022839619 
911 577 13 17 0.022827279 
991 792 11 13 0.022596825 
