3_Riot_Riot_3_542
423
172 259 19 26 0.9803529 
198 334 28 34 0.9778672 
228 255 18 23 0.96338475 
453 397 24 38 0.96233946 
102 255 18 21 0.9513123 
895 266 15 18 0.8575315 
139 256 20 23 0.8489578 
309 271 17 21 0.84093183 
767 260 13 17 0.76550466 
74 267 21 25 0.71847385 
398 248 8 11 0.68220043 
298 252 14 17 0.6678329 
805 273 12 16 0.644615 
940 264 21 26 0.6412696 
788 260 13 16 0.58827823 
420 270 10 14 0.5684919 
297 215 8 10 0.5505249 
343 259 11 14 0.5223691 
438 248 10 13 0.49447873 
418 249 10 11 0.48579243 
695 273 14 18 0.4781617 
458 261 13 15 0.47508183 
628 267 14 17 0.46747413 
124 256 13 17 0.42895773 
365 260 11 15 0.4264713 
478 248 10 12 0.39963993 
359 266 13 17 0.39027226 
215 215 10 13 0.36196974 
232 290 26 28 0.3454329 
327 241 11 14 0.33879063 
827 261 13 16 0.32063156 
179 191 11 13 0.25209847 
119 281 12 16 0.25106132 
576 253 12 16 0.2466431 
562 243 13 16 0.24238557 
669 255 11 15 0.23950729 
211 247 14 19 0.23610987 
441 284 12 15 0.23028345 
372 260 10 13 0.22406322 
417 386 30 34 0.21538943 
613 258 11 14 0.20048465 
722 256 13 17 0.20014997 
399 275 11 13 0.19776939 
280 261 12 15 0.196847 
394 246 9 12 0.19498412 
456 247 12 14 0.18833499 
743 271 10 13 0.18199421 
593 260 10 12 0.18117148 
847 244 13 16 0.17508018 
896 247 10 13 0.1708446 
346 231 8 11 0.16658945 
992 249 14 18 0.16388208 
795 259 11 13 0.16113889 
351 238 10 12 0.16102569 
458 253 13 15 0.1558476 
760 258 13 16 0.15558901 
509 252 11 13 0.1550193 
661 235 12 14 0.1534795 
267 280 12 17 0.15097675 
625 228 9 11 0.15062071 
560 250 11 13 0.14923654 
960 246 12 15 0.14128198 
416 310 13 17 0.14091283 
312 245 10 14 0.14057861 
637 231 10 12 0.14049087 
931 323 15 19 0.13979974 
684 256 13 16 0.139645 
350 230 10 12 0.13748457 
324 231 9 11 0.13700612 
316 253 11 13 0.13402417 
252 265 15 17 0.13276246 
645 256 10 13 0.12474887 
358 224 10 12 0.1233187 
841 268 16 20 0.12247075 
863 227 10 12 0.12178687 
382 239 8 11 0.12145807 
894 251 14 17 0.1208805 
474 250 11 14 0.11554986 
860 250 14 18 0.11496763 
329 215 9 11 0.11386656 
766 293 15 20 0.112183824 
4 201 32 35 0.11193632 
615 240 11 13 0.11121382 
408 263 9 11 0.110196255 
353 243 10 13 0.10925348 
313 220 10 12 0.106706545 
932 319 24 30 0.106563166 
872 245 12 17 0.1063812 
281 225 10 12 0.10600915 
326 220 11 13 0.10307857 
66 271 23 29 0.10249281 
311 240 10 12 0.101184376 
655 273 13 15 0.10041892 
264 246 10 15 0.1001408 
255 211 10 11 0.09992886 
206 243 15 19 0.09797429 
219 270 16 21 0.097756654 
722 236 15 18 0.09523549 
593 223 9 12 0.093441054 
655 244 12 14 0.09306634 
392 239 8 10 0.09194518 
393 231 8 9 0.08952176 
827 273 15 18 0.088116795 
317 245 10 13 0.087897286 
59 285 14 20 0.0863493 
631 230 10 13 0.08580558 
316 259 12 15 0.08579868 
814 295 11 15 0.08305601 
0 266 13 22 0.082772434 
853 248 14 18 0.08273922 
134 214 10 12 0.08211676 
961 142 10 13 0.082109466 
478 275 15 17 0.08203784 
593 251 13 17 0.0819948 
622 237 10 13 0.0814896 
809 236 9 11 0.080800116 
815 254 10 13 0.07921609 
279 205 9 13 0.078683406 
406 268 12 15 0.07731852 
421 293 13 16 0.07698604 
574 245 11 15 0.07654829 
318 222 10 12 0.07622205 
661 271 11 14 0.07576236 
270 234 12 16 0.07474841 
609 253 11 15 0.074127175 
284 228 9 12 0.07398806 
619 242 11 14 0.07293371 
638 260 13 16 0.072301514 
1004 264 17 20 0.07162674 
740 287 16 19 0.07158437 
574 238 9 13 0.07004294 
543 273 13 15 0.06950276 
405 379 30 33 0.06922919 
360 256 12 15 0.06897525 
248 207 11 14 0.06897183 
693 252 12 15 0.068662666 
844 298 14 18 0.068626545 
276 238 432 460 0.068164214 
701 251 13 16 0.067182496 
1 259 23 35 0.06708944 
572 362 19 20 0.06704986 
377 239 9 11 0.065698475 
708 257 13 17 0.06538495 
241 188 9 12 0.06509158 
394 251 10 13 0.06433281 
935 254 12 15 0.06372362 
563 231 13 15 0.06335149 
952 315 26 32 0.062003527 
833 239 8 11 0.06128963 
478 269 13 15 0.061254054 
421 263 11 14 0.05996415 
85 304 16 20 0.05929147 
349 404 92 98 0.05910645 
308 249 14 17 0.05906677 
838 244 11 13 0.058743246 
264 228 12 15 0.05822804 
503 247 11 13 0.058103297 
542 255 12 14 0.057908043 
337 259 12 15 0.057899173 
357 487 31 29 0.057359092 
320 272 15 21 0.057129804 
112 253 19 23 0.05630593 
397 241 9 10 0.0562863 
484 267 14 15 0.055352975 
397 285 11 14 0.054878917 
800 270 11 14 0.054223575 
621 257 19 23 0.054152332 
951 142 24 28 0.053421754 
549 227 9 12 0.05291426 
15 185 12 14 0.05270796 
115 306 13 18 0.051910296 
443 391 28 37 0.0517107 
837 240 9 12 0.051698156 
287 253 12 16 0.05121497 
422 288 11 13 0.050776724 
478 258 13 15 0.05044999 
376 245 9 11 0.050359294 
290 300 17 21 0.049813423 
460 313 13 19 0.049606457 
852 241 11 14 0.04925868 
264 235 12 15 0.048967782 
670 275 12 17 0.048722953 
142 185 11 14 0.048424546 
378 281 13 18 0.048234716 
244 260 15 19 0.04817218 
320 206 8 10 0.046973042 
606 244 10 14 0.04680394 
242 233 15 19 0.046428505 
393 269 11 14 0.046336997 
548 260 12 14 0.04615618 
747 253 14 17 0.045460597 
444 247 9 12 0.045406494 
296 210 8 11 0.04532414 
393 287 10 14 0.045198716 
159 232 14 18 0.04517598 
267 243 13 17 0.044850282 
629 221 11 13 0.044647913 
596 243 13 18 0.044584423 
495 238 8 11 0.044334967 
654 251 10 14 0.04420322 
656 237 13 15 0.044122953 
679 254 12 16 0.043731265 
940 323 31 35 0.04351155 
61 286 22 28 0.043337204 
352 225 11 12 0.043315757 
688 255 21 25 0.043068707 
742 300 14 17 0.043062437 
416 299 14 18 0.042954806 
596 269 10 13 0.042688813 
308 257 15 19 0.041991193 
947 255 23 29 0.041978247 
746 276 12 14 0.04169007 
772 256 11 15 0.04167496 
301 269 17 21 0.041414496 
719 332 8 11 0.04139433 
25 306 53 56 0.041294865 
399 222 8 11 0.040984895 
579 245 12 15 0.040526032 
646 266 12 16 0.040136557 
199 187 10 12 0.040080294 
665 254 10 13 0.039900564 
618 285 12 16 0.039842796 
502 260 10 12 0.039590746 
744 244 11 13 0.039481618 
139 206 10 13 0.039456036 
997 288 20 28 0.039320648 
445 251 10 15 0.038845405 
227 347 28 34 0.03866703 
633 264 15 18 0.0386148 
496 286 12 15 0.038599163 
67 305 14 17 0.038532544 
596 237 11 15 0.03849881 
835 260 15 17 0.03847378 
359 289 13 17 0.038289353 
433 250 12 14 0.038234424 
405 247 9 10 0.03793368 
981 279 21 30 0.0378396 
982 261 10 14 0.037702713 
482 245 12 13 0.037051275 
375 275 13 17 0.03700783 
841 255 20 25 0.036371633 
819 254 13 16 0.036195327 
366 222 8 10 0.03603596 
596 228 10 13 0.036013667 
453 419 32 37 0.03544473 
789 295 11 14 0.034903944 
276 262 19 26 0.034790162 
558 234 20 24 0.03470525 
486 239 11 12 0.03466158 
414 262 11 14 0.034390226 
697 256 20 25 0.034209754 
494 324 297 271 0.03408041 
447 239 8 11 0.034053575 
430 453 44 57 0.034019127 
214 209 10 13 0.033878855 
375 222 8 10 0.033840124 
72 300 22 26 0.03372688 
348 254 11 16 0.033420444 
286 206 8 11 0.033395715 
252 243 14 17 0.03334013 
772 271 13 16 0.033329587 
212 238 12 17 0.03301953 
798 283 13 16 0.03301518 
201 242 12 16 0.032697517 
707 245 12 16 0.032490768 
581 237 11 14 0.032431886 
646 235 10 13 0.03166004 
846 228 10 12 0.031338047 
608 269 10 13 0.031309787 
317 215 9 11 0.0313065 
44 225 12 16 0.031236697 
497 246 9 12 0.031225773 
405 391 33 41 0.031216227 
1003 269 21 30 0.031065509 
281 200 8 11 0.031038145 
320 199 9 11 0.030770501 
533 261 11 14 0.030721929 
469 247 20 24 0.030714411 
645 228 11 13 0.03063754 
660 284 14 17 0.030615961 
590 235 13 17 0.030613294 
660 242 11 14 0.030489685 
259 272 17 24 0.030374419 
575 284 10 12 0.030272065 
336 253 11 14 0.030249551 
867 255 15 22 0.030233078 
440 441 27 35 0.029777322 
258 212 12 14 0.029350955 
391 261 10 12 0.029336384 
327 208 8 10 0.029092733 
795 293 13 16 0.029091874 
415 244 17 22 0.02900857 
407 221 9 10 0.02880083 
112 283 12 16 0.028757224 
491 267 11 13 0.02866256 
700 282 13 16 0.028573778 
376 231 8 10 0.02847917 
382 244 9 11 0.028466096 
960 304 22 30 0.028419452 
895 241 10 12 0.028401194 
399 259 10 13 0.028338972 
392 420 85 104 0.028326942 
580 267 11 13 0.028243173 
240 230 12 17 0.028196588 
351 265 13 17 0.028071877 
849 253 20 26 0.028053932 
73 181 14 16 0.02801977 
995 283 16 21 0.027931657 
995 254 21 24 0.027894069 
658 291 15 18 0.027799373 
285 199 8 11 0.027781602 
333 220 10 12 0.02762893 
276 243 13 17 0.027591003 
833 243 11 14 0.027569363 
636 222 11 13 0.027532341 
244 268 24 27 0.027415361 
614 264 12 16 0.027413283 
934 273 14 18 0.027315691 
245 222 11 14 0.02724666 
352 216 8 9 0.027189137 
839 251 12 16 0.027109405 
998 382 25 47 0.026936581 
789 274 12 15 0.026892083 
957 239 14 16 0.026794972 
218 279 16 21 0.026772376 
258 260 12 16 0.02662203 
669 248 10 12 0.026504843 
276 665 29 36 0.026409773 
623 273 13 16 0.026282853 
397 231 8 10 0.026059559 
807 254 9 12 0.025975429 
630 215 10 13 0.025913484 
927 275 13 17 0.025853945 
415 265 18 23 0.025359947 
668 251 19 24 0.025272222 
610 253 21 26 0.02524756 
364 286 12 16 0.025156368 
372 267 12 16 0.02513627 
639 247 11 13 0.024921669 
395 242 17 23 0.024855664 
407 240 9 10 0.024628153 
499 238 12 14 0.024619728 
264 267 18 25 0.024531437 
81 261 15 20 0.024502285 
343 224 9 12 0.02447275 
295 265 13 19 0.024354642 
394 433 16 19 0.024262873 
383 221 9 11 0.02423317 
259 207 11 12 0.024152616 
737 269 11 14 0.024089355 
343 246 10 12 0.024040159 
443 444 17 20 0.023964055 
706 291 13 14 0.02391407 
742 259 13 16 0.023867832 
539 302 15 17 0.023775619 
471 269 12 15 0.023715625 
568 241 20 24 0.023673272 
249 277 22 28 0.023650011 
809 268 14 16 0.023635097 
614 279 10 13 0.023528835 
261 221 12 16 0.023476394 
131 217 13 16 0.023471456 
447 646 31 33 0.023466721 
837 239 20 26 0.023445437 
348 290 14 18 0.023395736 
997 273 16 21 0.023361722 
273 206 10 13 0.023335544 
784 257 12 14 0.023299702 
569 366 27 31 0.023296393 
554 363 47 48 0.023293953 
784 264 12 16 0.023284897 
542 248 10 13 0.023145266 
956 249 22 29 0.0230069 
251 249 16 21 0.02288471 
647 274 13 15 0.022829842 
250 291 16 21 0.022796215 
859 263 16 21 0.02271887 
5 205 43 55 0.022609148 
494 517 37 37 0.02246454 
652 259 12 15 0.022284077 
929 253 11 15 0.022274978 
888 259 13 19 0.022248657 
876 207 13 16 0.022237208 
659 333 14 15 0.022185272 
581 286 10 12 0.022126533 
568 284 11 13 0.022111341 
286 247 11 14 0.02207358 
471 258 13 16 0.022065517 
270 223 10 13 0.022034938 
454 242 20 23 0.022009602 
1001 407 22 38 0.02197949 
742 262 21 25 0.021965398 
354 289 21 28 0.021884002 
347 284 13 16 0.021806872 
576 212 10 13 0.021786146 
414 240 10 11 0.021702096 
540 257 22 26 0.021685962 
260 286 16 22 0.021626389 
684 265 15 18 0.021562109 
284 254 18 24 0.021527704 
528 261 11 14 0.021504926 
851 264 16 21 0.021494875 
1001 297 21 34 0.0212877 
812 237 9 12 0.021263845 
387 423 34 38 0.02122518 
789 252 20 24 0.021066343 
933 251 23 29 0.021033496 
966 296 22 30 0.021021834 
639 250 20 25 0.02097169 
812 254 19 24 0.020861289 
63 276 13 18 0.020844199 
731 242 13 16 0.020740736 
450 290 14 16 0.020678721 
406 255 9 11 0.020635288 
300 352 22 30 0.020556109 
348 303 24 32 0.020549132 
814 247 10 14 0.02053725 
374 290 12 15 0.020369627 
862 235 11 15 0.020326748 
951 243 11 14 0.020247623 
832 271 24 28 0.020208053 
707 265 13 16 0.020165151 
936 265 16 20 0.020144321 
