3_Riot_Riot_3_521
31
871 177 138 177 0.9997392 
548 183 123 149 0.99950755 
268 194 64 80 0.99907553 
156 229 68 79 0.99734193 
48 229 70 82 0.9883301 
380 240 78 103 0.9880876 
484 317 52 68 0.42717716 
724 548 112 116 0.24939996 
509 332 38 45 0.19506527 
600 233 130 143 0.083985955 
714 482 114 132 0.067057095 
460 490 16 22 0.06402107 
703 442 102 128 0.061990265 
814 555 57 79 0.054295454 
780 547 83 113 0.051138934 
546 471 51 65 0.05004564 
73 258 48 51 0.048415653 
725 481 66 74 0.04717406 
469 289 51 75 0.039614704 
563 406 29 39 0.035910845 
670 394 170 256 0.032673497 
1013 46 8 12 0.031615295 
478 506 11 15 0.027001234 
467 494 16 21 0.025567139 
455 572 33 42 0.024503568 
376 603 13 17 0.023589991 
605 418 13 17 0.023176394 
100 214 54 69 0.023004867 
317 174 47 64 0.021332037 
1011 636 14 24 0.021317592 
22 597 12 16 0.020194124 
