44_Aerobics_Aerobics_44_96
27
964 333 38 48 0.96577024 
515 348 18 22 0.9633124 
608 311 34 38 0.7609198 
167 102 46 77 0.40135524 
186 135 24 35 0.19139057 
385 381 108 122 0.15788007 
611 320 20 24 0.11617764 
453 376 26 35 0.09986738 
439 437 52 58 0.074859574 
405 379 64 70 0.06092551 
432 367 51 56 0.053876083 
355 456 15 20 0.049940333 
497 342 43 54 0.043480467 
417 377 31 34 0.041484337 
499 316 47 56 0.035480212 
499 370 12 17 0.033849556 
463 358 51 58 0.031675566 
891 399 25 41 0.028770892 
414 418 66 72 0.027447883 
520 312 31 34 0.027422985 
461 381 32 40 0.025141884 
532 328 13 17 0.023646967 
939 320 34 40 0.023406414 
945 328 40 52 0.021864355 
878 192 23 31 0.021340065 
553 304 40 52 0.021107519 
534 323 30 38 0.02088171 
