44_Aerobics_Aerobics_44_332
131
427 305 29 35 0.9981335 
547 304 15 22 0.98361707 
748 305 15 20 0.9768562 
124 300 14 19 0.9634634 
180 306 22 26 0.9548292 
22 293 13 17 0.93798184 
75 300 10 13 0.9127755 
832 302 17 23 0.8834001 
700 308 24 28 0.8746643 
986 303 14 16 0.8560147 
655 298 12 16 0.84472555 
393 299 16 21 0.8272086 
208 298 14 20 0.8141954 
533 285 12 15 0.8063918 
869 302 11 14 0.7813936 
300 306 11 14 0.69841325 
769 295 9 13 0.66174006 
238 290 16 19 0.6051572 
384 304 15 19 0.38028836 
49 310 9 11 0.29595256 
312 299 10 14 0.2878604 
36 335 10 12 0.28398865 
333 291 8 11 0.20708118 
670 302 11 13 0.13567872 
76 325 10 12 0.120244466 
644 326 10 14 0.11653009 
934 301 10 12 0.11331367 
940 323 12 16 0.1098743 
525 301 12 16 0.10415134 
329 289 9 12 0.10140961 
71 324 10 12 0.096430354 
232 290 14 18 0.09381613 
263 317 10 14 0.093093194 
933 296 9 11 0.07978049 
268 317 12 16 0.076149054 
648 295 10 13 0.07184611 
901 325 13 16 0.071422614 
565 361 12 16 0.06905432 
861 357 9 12 0.067953356 
274 344 9 11 0.066438004 
934 317 13 17 0.06376297 
66 323 10 12 0.06235945 
941 301 10 13 0.059879787 
866 294 10 12 0.05890425 
49 305 9 11 0.058590412 
-1 300 7 12 0.056717414 
535 306 14 18 0.05408763 
712 310 17 22 0.053524032 
47 313 12 16 0.053093962 
174 307 18 20 0.052864283 
314 293 12 14 0.049963295 
642 296 8 11 0.049908172 
928 318 11 15 0.048725605 
889 326 10 13 0.04616254 
646 319 11 14 0.045874495 
169 306 13 19 0.044970788 
675 302 10 14 0.04399227 
325 327 10 11 0.04232032 
488 334 23 30 0.042128116 
148 310 12 15 0.04117286 
538 290 13 17 0.04087552 
192 299 18 26 0.03903772 
143 315 13 17 0.03903744 
783 318 9 12 0.038933616 
930 300 9 11 0.038865842 
54 305 8 10 0.038597412 
297 262 9 11 0.0385788 
822 306 15 19 0.038159683 
700 300 19 24 0.035857026 
333 317 11 14 0.034984656 
780 349 13 17 0.03443487 
942 296 10 12 0.034391817 
947 324 11 15 0.033983238 
262 312 10 13 0.03369638 
754 302 11 16 0.03334414 
894 325 12 16 0.032986194 
862 287 9 12 0.032608088 
695 311 16 22 0.03201845 
88 323 9 12 0.031679824 
259 363 13 16 0.03148244 
527 291 13 16 0.031454824 
452 292 12 18 0.031113027 
994 326 14 17 0.031001208 
588 291 12 17 0.030712424 
257 318 11 14 0.030427247 
769 372 10 13 0.030395433 
48 322 10 12 0.030315436 
317 308 9 12 0.0300474 
946 389 9 12 0.029857675 
71 295 17 22 0.029478606 
343 316 10 15 0.029344587 
577 309 10 13 0.028660024 
88 310 9 12 0.028116077 
61 343 9 10 0.027683198 
585 286 10 13 0.027112136 
149 277 13 16 0.026976535 
284 286 10 12 0.025600957 
92 317 12 13 0.025523774 
103 310 11 15 0.02524286 
628 293 11 15 0.025188359 
775 318 10 12 0.025004052 
899 267 11 13 0.024940671 
349 315 12 17 0.02463487 
571 359 11 14 0.024593845 
774 324 9 12 0.024479795 
934 306 13 17 0.02445705 
767 290 16 21 0.024214607 
17 287 10 13 0.02393934 
101 368 9 12 0.023922304 
710 292 24 31 0.023916667 
93 311 10 13 0.023493532 
856 350 11 16 0.023332514 
958 356 10 14 0.023099635 
377 306 12 18 0.022870937 
255 322 11 15 0.022863438 
328 341 8 11 0.02272472 
994 301 11 16 0.022153987 
838 298 13 17 0.022153504 
518 294 11 17 0.022044474 
856 287 9 12 0.021661831 
72 304 11 14 0.02163989 
640 317 11 16 0.021381447 
318 286 11 14 0.021181945 
880 270 10 12 0.02104487 
693 301 14 19 0.02100713 
311 306 10 13 0.020943288 
149 269 11 13 0.02093397 
947 299 11 16 0.020874292 
781 340 11 16 0.020744538 
666 490 19 23 0.020558076 
270 358 11 14 0.020322194 
