44_Aerobics_Aerobics_44_852
138
236 257 27 32 0.9987729 
438 252 29 37 0.9987507 
349 214 15 19 0.99696004 
388 275 36 44 0.99667126 
699 260 41 49 0.9958598 
121 289 26 38 0.9930347 
487 230 22 29 0.9860145 
947 201 18 24 0.98513204 
327 222 19 24 0.9835137 
190 236 17 22 0.976449 
223 223 15 20 0.9717718 
92 257 22 26 0.9648496 
909 193 14 17 0.9642558 
168 241 18 21 0.9538776 
264 241 21 26 0.89984673 
0 240 12 19 0.80659854 
676 225 18 20 0.7499272 
493 203 14 16 0.58032054 
847 197 12 16 0.4806834 
981 173 13 17 0.4684793 
874 174 9 11 0.37929517 
713 226 19 22 0.2951739 
266 264 15 18 0.25886044 
931 173 14 19 0.23652114 
638 239 15 19 0.19329087 
682 234 25 30 0.19192842 
533 246 18 22 0.16842651 
285 234 15 20 0.16243371 
650 200 14 20 0.13925941 
564 246 18 21 0.13914095 
683 232 16 19 0.13064766 
806 223 8 10 0.12773177 
340 215 17 24 0.11453118 
899 230 14 19 0.112095825 
614 200 13 18 0.11111121 
178 238 18 24 0.10079735 
886 169 13 16 0.0901838 
908 173 10 14 0.08640765 
619 203 13 17 0.083617225 
266 251 20 27 0.08332856 
277 238 20 26 0.082455926 
618 234 14 16 0.069245405 
612 228 15 19 0.0665088 
35 313 13 18 0.06611468 
572 235 13 17 0.06494899 
986 173 16 19 0.061602447 
491 31 386 452 0.055957235 
875 178 12 15 0.05490682 
273 246 17 21 0.051629517 
836 183 11 13 0.051182896 
870 214 12 15 0.051050615 
933 166 13 16 0.05101473 
847 209 11 14 0.050114144 
308 260 23 25 0.04798424 
564 233 22 28 0.045770265 
306 202 13 16 0.04462248 
905 168 9 12 0.044170093 
245 249 24 31 0.04167775 
273 236 16 19 0.04104076 
852 210 11 14 0.040795613 
922 15 8 11 0.040786214 
977 176 12 16 0.04021578 
609 202 12 15 0.039557617 
325 200 16 18 0.039552934 
37 179 437 425 0.039456822 
13 278 13 16 0.03912677 
132 298 27 31 0.03835411 
807 216 8 11 0.03720961 
490 200 10 12 0.03457003 
924 210 14 18 0.03404442 
903 176 13 17 0.034005955 
921 21 8 11 0.03355938 
889 236 11 15 0.033497445 
627 225 15 19 0.0334455 
686 241 31 34 0.033440955 
918 209 13 17 0.033282485 
998 38 10 13 0.032557286 
909 211 12 15 0.03250115 
806 227 9 12 0.032488946 
535 240 13 17 0.032126494 
176 542 12 16 0.03198235 
834 188 9 11 0.031843815 
277 194 13 15 0.03143047 
291 229 14 20 0.030089453 
583 251 11 15 0.029621363 
621 231 22 24 0.029582318 
862 214 12 15 0.029132556 
822 176 9 10 0.029053997 
914 201 15 18 0.028855698 
935 159 9 13 0.02867467 
846 202 21 27 0.027728586 
941 227 16 21 0.027670002 
7 274 12 17 0.027582824 
618 337 16 19 0.027443174 
790 222 9 11 0.027142704 
841 205 11 13 0.026827626 
927 167 12 15 0.026709298 
548 248 13 19 0.026562847 
917 170 12 16 0.026421532 
989 165 14 17 0.026376102 
285 222 12 15 0.0262968 
907 234 12 17 0.026221711 
934 204 13 18 0.02593961 
612 235 25 25 0.02586743 
6 267 11 15 0.025797756 
201 265 15 20 0.025544131 
831 204 9 12 0.02526844 
361 272 24 31 0.02514131 
558 241 17 21 0.024991987 
702 89 361 423 0.02458034 
871 168 18 23 0.024416106 
801 216 9 10 0.024336508 
117 262 12 16 0.02401799 
670 230 17 21 0.023915932 
487 207 20 23 0.02382209 
216 275 12 17 0.023635263 
616 201 22 26 0.02313657 
902 219 12 17 0.022766158 
62 219 13 16 0.02265292 
19 277 13 15 0.02260216 
998 28 11 13 0.022564368 
1004 23 8 11 0.022198275 
677 217 15 18 0.022179548 
597 197 11 13 0.022141395 
113 211 15 19 0.022001479 
877 185 11 14 0.02152065 
164 256 15 17 0.021145001 
543 234 24 31 0.021132568 
625 215 22 25 0.02086095 
151 280 21 32 0.020653069 
788 213 10 13 0.020584863 
636 212 13 16 0.020564727 
839 211 11 14 0.02052453 
401 258 25 32 0.020459522 
863 172 10 13 0.02043933 
391 166 378 455 0.020236999 
244 210 16 19 0.020194173 
599 202 11 14 0.020175971 
