44_Aerobics_Aerobics_44_597
21
329 345 21 34 0.9938797 
416 319 41 54 0.9908572 
782 285 36 48 0.98737085 
564 316 23 30 0.98653036 
725 332 23 29 0.9831472 
966 317 26 31 0.9730329 
2 314 41 46 0.9675327 
108 349 18 24 0.8524171 
151 343 14 18 0.7904996 
123 349 15 19 0.17745586 
895 353 13 16 0.06668457 
834 330 25 29 0.054267872 
33 307 31 45 0.052126765 
0 426 25 38 0.040090058 
929 309 17 21 0.038327456 
754 290 31 37 0.031791575 
598 313 12 15 0.030708557 
228 334 12 14 0.0234147 
846 331 23 29 0.021395009 
154 351 15 17 0.020467127 
670 204 14 15 0.020405177 
