44_Aerobics_Aerobics_44_640
18
930 420 27 36 0.99926215 
872 206 24 32 0.9970957 
649 424 27 34 0.99324197 
92 447 24 32 0.9928462 
413 220 24 31 0.9898935 
132 242 22 28 0.98074484 
379 416 23 31 0.96990335 
626 233 21 26 0.9126629 
331 592 46 67 0.076477975 
986 402 25 30 0.061761294 
76 439 38 52 0.061224323 
53 431 51 62 0.031149702 
952 426 25 31 0.026660128 
1008 307 12 18 0.025827996 
825 142 11 14 0.024490288 
111 263 18 22 0.022453772 
54 215 12 14 0.020573925 
995 405 25 35 0.020036986 
