44_Aerobics_Aerobics_44_167
60
894 486 134 187 0.9996172 
885 322 57 79 0.9981596 
682 268 23 29 0.9980654 
272 309 69 94 0.99757284 
374 281 32 44 0.9946221 
611 307 26 32 0.99461937 
844 232 18 23 0.9914732 
958 261 14 18 0.99127823 
176 278 24 29 0.9862505 
791 274 36 48 0.9861791 
926 244 21 29 0.98431075 
724 261 19 23 0.9519163 
748 245 14 18 0.928213 
573 245 17 20 0.9024432 
1004 266 17 22 0.89670324 
768 270 23 35 0.85374427 
875 259 16 19 0.6848561 
376 264 19 23 0.6738679 
907 279 17 19 0.30951852 
373 269 26 35 0.27057013 
903 282 26 30 0.17870577 
993 220 9 11 0.16335474 
828 257 15 20 0.13278796 
595 105 24 29 0.11540214 
720 126 28 33 0.09796447 
703 130 26 32 0.093912065 
990 261 12 17 0.07573006 
979 235 12 15 0.07507393 
1010 261 13 21 0.0688115 
869 268 23 30 0.056373086 
953 285 16 22 0.055827297 
984 316 31 42 0.055179242 
1012 300 12 17 0.050945107 
752 274 27 36 0.05072807 
528 351 9 12 0.049406096 
189 373 30 34 0.04825675 
820 263 21 29 0.04722057 
868 282 15 20 0.046734538 
568 343 11 13 0.046455644 
616 411 29 30 0.042666808 
206 296 17 21 0.042566646 
997 262 15 20 0.03608393 
601 177 29 36 0.034967143 
571 352 15 17 0.034793403 
893 294 33 36 0.030198097 
555 111 26 33 0.028851327 
743 278 23 32 0.026691698 
1000 618 25 41 0.025280066 
886 286 28 31 0.025173115 
964 269 14 20 0.02502303 
913 293 18 23 0.024958419 
563 345 24 28 0.024656542 
769 268 15 21 0.024349887 
736 251 21 26 0.0229106 
603 111 25 32 0.022066096 
628 135 17 21 0.020971192 
692 143 28 34 0.020866318 
890 289 16 20 0.02057338 
803 269 26 35 0.020293646 
984 261 12 15 0.020109113 
