44_Aerobics_Aerobics_44_936
19
538 435 63 75 0.9993012 
438 415 68 81 0.99893755 
389 825 72 97 0.996924 
283 519 77 97 0.9929007 
538 831 77 103 0.98654777 
729 409 75 93 0.96750546 
114 505 13 17 0.055325504 
151 452 14 19 0.042202935 
126 560 43 60 0.03723125 
194 528 47 72 0.034127224 
229 482 53 77 0.033523075 
107 491 37 51 0.03172876 
343 848 49 74 0.030957742 
698 885 346 527 0.028443228 
156 455 15 23 0.025684247 
108 508 23 32 0.02530513 
217 512 53 73 0.024490206 
547 1059 15 16 0.023957085 
253 505 58 80 0.022824636 
