44_Aerobics_Aerobics_44_127
36
782 253 39 54 0.9022747 
249 296 14 18 0.05247497 
92 271 32 52 0.052409243 
236 370 14 19 0.052319143 
1006 366 12 17 0.040984068 
645 393 32 31 0.039935917 
665 210 17 20 0.036940336 
701 428 37 36 0.034367666 
1002 370 10 13 0.033884965 
662 387 33 31 0.033858914 
718 244 31 40 0.032928172 
492 308 14 18 0.032851998 
540 305 15 19 0.032618027 
708 209 25 28 0.031339537 
667 218 18 20 0.031296197 
953 49 52 61 0.030940082 
279 316 10 14 0.030299598 
246 331 14 20 0.03003111 
681 181 23 31 0.030024994 
291 314 14 17 0.027465908 
533 307 12 18 0.026493806 
762 195 26 35 0.025515104 
499 307 14 18 0.023894146 
612 293 24 32 0.023777789 
645 392 18 22 0.02355653 
798 245 49 68 0.022824788 
477 383 32 36 0.022571836 
716 267 15 18 0.022465251 
141 169 11 15 0.021573925 
478 317 9 13 0.021466698 
318 310 11 15 0.021429297 
669 183 42 53 0.021304918 
615 293 12 16 0.02052242 
942 366 10 10 0.020353608 
223 230 11 15 0.020158809 
279 310 11 14 0.020132188 
