44_Aerobics_Aerobics_44_742
29
163 194 27 36 0.9993697 
775 256 27 36 0.9985758 
270 242 32 40 0.99812216 
461 134 37 50 0.9929004 
594 262 22 28 0.9668 
702 241 29 34 0.9561329 
676 254 47 55 0.23170966 
706 228 24 30 0.15552682 
308 245 29 35 0.081659764 
570 242 15 18 0.0738929 
709 221 16 18 0.06433369 
700 234 20 23 0.040647224 
343 245 26 37 0.035382155 
37 199 10 13 0.03295349 
348 237 14 17 0.03265856 
369 243 19 24 0.03126432 
674 276 36 38 0.031230561 
341 225 16 21 0.026852896 
310 244 17 19 0.024547735 
343 216 19 20 0.02382551 
577 252 47 54 0.023402017 
312 256 50 66 0.023112377 
187 234 16 20 0.02284732 
235 287 42 53 0.022100033 
729 294 45 54 0.02202689 
342 241 17 20 0.021552255 
722 255 16 20 0.02093102 
652 236 17 19 0.020911725 
147 221 14 18 0.0205437 
