44_Aerobics_Aerobics_44_246
90
273 606 58 74 0.99947935 
660 641 59 70 0.99934965 
776 641 57 74 0.9991949 
792 1027 35 43 0.9974458 
242 1180 22 29 0.98273486 
544 174 41 51 0.90514827 
10 1203 13 17 0.7739312 
102 1204 14 19 0.753996 
881 150 10 13 0.58127713 
380 195 12 16 0.4395416 
484 1151 34 58 0.34945747 
635 199 14 17 0.34398526 
677 177 18 22 0.30804315 
317 1219 12 15 0.29511362 
765 148 15 20 0.2765386 
323 212 15 19 0.27374977 
340 221 15 20 0.23054643 
185 1211 11 15 0.21379128 
930 224 25 30 0.17618144 
332 219 17 20 0.15588172 
830 154 12 16 0.1394966 
109 65 66 89 0.13704526 
171 1199 13 17 0.12511665 
77 36 35 47 0.12423913 
78 1211 9 13 0.11363225 
402 1207 10 14 0.10556016 
188 1218 12 15 0.09486429 
87 1211 11 14 0.07269107 
313 154 12 15 0.07004129 
386 196 12 15 0.06567414 
691 187 13 18 0.06250922 
94 1208 14 18 0.062453415 
51 1 30 29 0.058401458 
307 1190 14 16 0.05331421 
867 235 13 18 0.048375014 
74 1207 9 13 0.04805628 
184 7 122 117 0.043189503 
773 1386 115 117 0.04054859 
51 18 51 60 0.040515907 
418 1163 40 53 0.040320884 
806 195 14 17 0.039840825 
332 167 28 37 0.0397349 
774 164 14 20 0.039309464 
388 201 13 17 0.03804048 
155 680 34 47 0.037769016 
91 27 195 251 0.033021424 
341 201 13 17 0.03261263 
314 1216 11 13 0.03259346 
12 1215 13 15 0.032360677 
813 198 10 14 0.032235306 
405 212 14 18 0.031800408 
825 156 12 16 0.031799383 
405 172 30 37 0.03136273 
246 1178 14 19 0.031012565 
17 1270 9 11 0.030555794 
96 42 56 66 0.02958694 
275 1209 15 20 0.028324047 
41 1 51 52 0.02771036 
339 210 15 20 0.027390512 
450 1152 23 40 0.027208835 
683 188 17 22 0.026670663 
93 1229 10 13 0.026218308 
276 252 27 27 0.025917998 
172 1208 15 19 0.02545547 
465 1159 42 57 0.025408018 
84 64 116 152 0.024553651 
58 41 34 45 0.024392556 
436 1159 32 42 0.024373207 
803 188 14 18 0.02427805 
333 1198 16 21 0.024106095 
395 217 23 33 0.02408122 
381 1191 22 31 0.023957707 
220 1190 15 21 0.023911536 
304 166 10 13 0.023303827 
771 169 22 31 0.023061642 
93 1220 12 15 0.022781096 
113 0 19 18 0.022675227 
36 1238 11 15 0.022581369 
1 225 42 65 0.021889871 
395 203 12 18 0.021627115 
61 1214 10 14 0.02151705 
670 181 17 23 0.021514667 
377 200 12 18 0.021260096 
43 15 86 96 0.021248326 
765 154 21 29 0.02105825 
958 747 22 33 0.02099037 
63 1251 13 15 0.020499686 
100 33 18 22 0.020471366 
7 1215 11 15 0.02034562 
87 26 29 40 0.020225918 
