2_Demonstration_Protesters_2_156
91
432 322 44 62 0.9979534 
250 314 41 56 0.9964154 
739 439 54 53 0.993884 
612 340 47 53 0.9926927 
137 324 37 45 0.9922881 
57 290 35 42 0.9895784 
987 -3 39 50 0.9560359 
-1 315 21 32 0.26644057 
353 121 15 18 0.22808596 
704 148 11 14 0.21266855 
779 131 16 19 0.12739299 
97 140 15 17 0.111825116 
58 134 27 29 0.108685456 
553 119 23 30 0.10119239 
685 144 9 12 0.10054474 
512 502 28 34 0.09110611 
38 406 32 41 0.090339795 
695 160 10 13 0.08728598 
659 207 15 20 0.0852222 
754 376 13 17 0.075340934 
702 154 11 15 0.07455202 
672 134 9 11 0.07257782 
711 134 9 11 0.07196569 
671 165 10 13 0.06801032 
101 165 12 14 0.06505251 
686 118 9 11 0.0629774 
680 119 8 11 0.060866334 
679 142 10 13 0.058661517 
755 156 13 16 0.052985623 
673 139 9 12 0.052902266 
678 125 8 11 0.052572776 
240 166 10 13 0.047195274 
708 141 10 13 0.044720355 
679 110 8 11 0.04258997 
759 141 9 11 0.04249719 
756 151 12 14 0.041637044 
797 148 9 12 0.040729728 
721 120 8 11 0.039119784 
776 117 9 12 0.038866766 
719 134 11 14 0.038469784 
703 128 8 10 0.037170857 
673 109 8 10 0.036146756 
836 157 9 11 0.03478264 
701 176 9 12 0.034179654 
681 265 21 31 0.033466287 
686 112 10 12 0.033004194 
688 124 8 11 0.032780435 
710 128 9 11 0.03250429 
669 159 11 14 0.032141697 
673 126 9 12 0.031218613 
703 134 10 12 0.031103786 
735 151 8 10 0.031020973 
774 337 29 39 0.030566365 
628 120 14 15 0.03045895 
774 167 9 12 0.030380905 
293 207 32 40 0.030021241 
744 152 8 11 0.029865578 
689 157 9 13 0.029585563 
695 127 8 11 0.02847584 
475 317 15 23 0.028252365 
665 157 11 15 0.027547745 
70 317 29 32 0.027149754 
725 130 14 18 0.027051313 
665 152 9 12 0.026327249 
273 174 10 12 0.026057728 
708 395 44 50 0.025813306 
133 500 37 38 0.025631791 
720 125 10 13 0.025421094 
667 92 11 14 0.02496934 
701 139 19 24 0.024567625 
792 392 43 48 0.024523757 
838 96 40 53 0.024483092 
696 132 8 11 0.024479251 
462 416 90 119 0.02430206 
808 115 13 17 0.024013078 
734 449 34 38 0.02367727 
766 149 11 13 0.023481699 
764 142 11 13 0.023117853 
759 116 11 14 0.02311775 
672 119 9 12 0.022839775 
349 126 15 19 0.022664651 
702 189 9 11 0.022417147 
307 566 13 18 0.021948282 
677 158 10 13 0.021908911 
766 156 9 13 0.02184847 
831 158 9 11 0.021609243 
502 335 13 19 0.021477122 
269 480 34 35 0.021218864 
815 149 10 11 0.020354224 
54 131 17 19 0.020249486 
662 112 9 11 0.020084398 
