2_Demonstration_Protesters_2_561
659
200 81 19 23 0.99178433 
26 378 17 22 0.9889803 
300 337 16 21 0.9861833 
746 233 17 22 0.98563856 
725 411 15 18 0.98539877 
339 447 16 20 0.9843359 
500 322 18 22 0.9821567 
642 219 18 24 0.97795427 
400 130 18 21 0.97794044 
234 292 18 22 0.97588396 
160 423 17 22 0.9746261 
138 312 19 23 0.9739372 
131 216 17 18 0.97236115 
642 378 18 22 0.97059274 
754 442 16 21 0.97006446 
40 411 17 21 0.96768546 
533 130 18 23 0.96594906 
104 430 17 22 0.96359587 
104 384 18 23 0.961915 
176 394 19 22 0.96180505 
261 237 15 18 0.95884764 
667 499 18 20 0.9588001 
791 457 18 23 0.9579911 
444 461 19 22 0.95660347 
185 358 19 23 0.95554835 
813 262 17 20 0.9537065 
489 135 18 22 0.9494444 
462 377 16 21 0.94873345 
710 237 18 21 0.9486492 
394 254 16 24 0.9439026 
445 139 16 20 0.9408949 
940 504 19 23 0.93777263 
178 308 17 21 0.9346963 
495 483 20 22 0.9343374 
774 225 18 21 0.9338769 
858 315 17 21 0.9276827 
553 139 18 23 0.92713827 
380 402 16 22 0.92684466 
782 411 16 23 0.92189294 
646 471 18 23 0.9183708 
286 91 17 22 0.91745937 
576 414 19 24 0.9100806 
862 496 20 24 0.90966296 
544 493 18 21 0.90382934 
888 190 17 24 0.89781475 
257 387 16 23 0.8934141 
953 653 16 23 0.8733208 
825 427 15 20 0.8732851 
290 439 16 19 0.8700175 
546 304 17 21 0.869591 
718 468 19 21 0.8679464 
866 607 15 21 0.8626249 
604 498 16 19 0.86109287 
440 287 18 22 0.86099774 
76 267 15 19 0.8359188 
17 259 15 23 0.82661587 
92 317 21 25 0.82183814 
872 642 18 23 0.8164298 
738 514 20 24 0.79501206 
682 428 19 23 0.7879141 
28 301 12 16 0.77435553 
735 369 14 17 0.7697975 
624 440 18 23 0.7608204 
287 318 16 21 0.75218284 
993 460 17 21 0.7328616 
805 494 16 20 0.7265501 
647 423 17 22 0.70778304 
21 325 15 19 0.70544326 
837 450 14 22 0.7034218 
479 302 15 19 0.7000483 
114 200 13 19 0.69639236 
421 368 16 21 0.6942348 
307 407 15 19 0.6805176 
582 384 21 25 0.6138358 
433 436 16 20 0.6125387 
320 88 18 21 0.60376793 
95 223 14 19 0.58010966 
901 519 18 21 0.57256824 
852 416 15 17 0.5492811 
766 577 17 24 0.5439062 
0 336 11 20 0.5249877 
851 532 20 23 0.51111174 
205 228 12 14 0.49457905 
767 390 15 19 0.49232745 
584 459 19 21 0.48880577 
935 626 14 18 0.475876 
832 396 18 21 0.4650253 
524 486 10 13 0.42421395 
955 538 15 18 0.42291448 
819 403 15 17 0.41663873 
898 666 16 21 0.41650996 
19 334 16 22 0.41636685 
238 371 15 19 0.40920848 
217 261 15 18 0.3946118 
801 332 15 19 0.3869639 
227 343 15 21 0.37822357 
59 312 13 17 0.35614613 
106 295 17 21 0.35422406 
395 330 17 21 0.35077074 
313 310 17 20 0.34437397 
212 444 14 17 0.3366746 
768 525 20 22 0.32894334 
520 348 18 22 0.3259185 
118 360 17 20 0.30516583 
220 128 15 20 0.29508764 
173 220 12 15 0.29143193 
278 267 12 14 0.29102924 
925 483 17 22 0.2731382 
218 329 14 18 0.27268305 
930 236 17 22 0.26200947 
1013 474 11 16 0.26173696 
953 484 16 21 0.26153976 
775 335 13 19 0.255967 
250 324 17 19 0.25545722 
878 473 12 15 0.23349157 
213 380 17 25 0.23274723 
141 276 17 21 0.23111832 
374 261 11 15 0.22410461 
284 398 14 19 0.22385766 
339 108 15 18 0.2229083 
702 421 13 17 0.2211931 
781 249 17 22 0.22048493 
528 560 17 18 0.2191979 
797 610 16 19 0.21874459 
53 383 15 21 0.2182668 
813 410 12 18 0.20410213 
611 457 14 18 0.20196937 
956 550 15 20 0.20171008 
672 475 16 19 0.1976354 
463 549 12 18 0.18446486 
428 367 18 25 0.18391298 
171 242 14 17 0.18148611 
402 334 18 21 0.17683578 
244 243 12 14 0.17223558 
166 276 14 18 0.17090903 
498 361 17 20 0.17049773 
45 316 13 18 0.16667102 
968 63 10 12 0.16032769 
686 457 14 19 0.1595935 
54 315 13 17 0.15848152 
915 476 22 28 0.15830633 
331 90 14 18 0.15510081 
469 555 11 16 0.15445389 
36 360 15 19 0.14940181 
856 525 17 18 0.14750364 
13 388 13 16 0.1420287 
72 213 12 14 0.1398216 
615 422 14 17 0.13884981 
16 253 12 18 0.13869134 
323 384 14 19 0.13217072 
762 544 16 19 0.12787782 
911 474 14 22 0.12783611 
696 314 19 20 0.12120309 
301 262 13 16 0.11977924 
357 133 14 21 0.11930082 
992 490 12 16 0.1172743 
915 392 8 11 0.114978544 
756 410 15 17 0.11366771 
761 470 18 23 0.11270621 
179 326 16 19 0.110123694 
858 361 15 19 0.10989022 
750 409 13 17 0.10913182 
101 293 16 19 0.10845785 
247 262 12 14 0.108014524 
263 276 13 16 0.10388626 
384 281 12 17 0.09956463 
1011 76 11 17 0.098426305 
124 370 14 19 0.09797914 
349 306 14 19 0.09796223 
503 353 20 24 0.097368434 
294 259 12 15 0.09625529 
442 522 14 16 0.096045814 
847 411 15 20 0.093052454 
855 355 13 19 0.09302099 
407 301 16 19 0.092860684 
714 546 14 19 0.09247392 
830 571 14 19 0.09045577 
459 170 14 18 0.0887493 
439 226 15 20 0.08830756 
853 481 15 22 0.0876844 
37 220 13 15 0.08533806 
148 234 15 18 0.085074745 
140 324 17 22 0.084588185 
76 217 13 15 0.08372566 
166 246 15 19 0.08143768 
333 319 16 22 0.08121536 
73 262 12 16 0.07909477 
132 207 16 20 0.07876834 
265 284 14 18 0.07705151 
829 646 11 13 0.07632899 
367 284 10 14 0.07616951 
183 444 15 18 0.073062934 
765 533 20 25 0.07181925 
628 467 15 20 0.071593404 
460 403 15 20 0.0708687 
1005 506 15 21 0.0703358 
529 436 15 18 0.07024375 
270 269 13 15 0.070028834 
205 246 11 14 0.06955696 
576 398 24 30 0.0684237 
866 599 16 20 0.06802001 
916 607 9 11 0.06776635 
442 370 12 20 0.06731475 
1 246 9 12 0.066821486 
82 449 15 19 0.0662671 
80 234 12 14 0.066225365 
1011 66 11 18 0.0659064 
309 268 9 11 0.065772496 
646 444 14 18 0.06560973 
939 479 14 20 0.06554581 
931 477 15 22 0.06536317 
342 301 13 18 0.06505785 
291 328 18 23 0.0629673 
895 264 12 14 0.06278289 
819 457 16 21 0.061931357 
29 221 12 14 0.06178391 
817 338 14 17 0.061671283 
227 460 16 18 0.06151272 
404 324 13 18 0.0614037 
966 70 52 69 0.061283305 
15 247 11 14 0.061167676 
635 465 18 24 0.060802676 
130 376 14 19 0.06065139 
387 274 15 21 0.059952352 
50 320 14 18 0.05955337 
634 457 14 19 0.059394423 
801 607 22 26 0.059323378 
880 259 12 16 0.05918449 
848 456 15 18 0.058905747 
646 412 22 27 0.05776316 
469 283 14 19 0.05744131 
147 274 21 24 0.057287186 
411 337 13 17 0.0570123 
743 457 14 20 0.056819316 
956 647 14 19 0.056740932 
830 452 18 25 0.0565418 
623 469 13 19 0.05642094 
858 424 14 16 0.056339707 
93 309 17 19 0.056310013 
1006 500 13 17 0.056171127 
816 398 13 15 0.05603816 
610 494 15 20 0.05592341 
763 420 16 18 0.054634213 
500 285 11 14 0.05446072 
290 311 15 19 0.054286137 
791 297 13 16 0.05393653 
238 221 10 12 0.053847972 
253 299 14 18 0.053151835 
222 336 15 21 0.052717093 
209 373 15 19 0.05262952 
71 329 14 19 0.05261041 
280 90 16 20 0.052325875 
904 327 10 13 0.05222512 
126 232 14 18 0.052125517 
356 322 15 20 0.052048672 
905 658 17 20 0.052025124 
117 258 13 18 0.05199856 
796 324 17 23 0.051744863 
44 219 11 13 0.051697414 
246 223 10 12 0.05155052 
310 292 12 17 0.051531766 
233 221 9 11 0.051472504 
913 395 10 14 0.05143179 
6 382 21 27 0.05134508 
200 213 10 12 0.051271133 
727 521 13 17 0.051003043 
841 403 15 18 0.05082916 
100 213 14 18 0.05064582 
702 414 13 16 0.050601028 
772 383 14 17 0.050440397 
85 212 13 17 0.05043366 
68 409 15 21 0.05027304 
146 267 17 20 0.049679354 
140 260 14 16 0.04900407 
285 261 11 14 0.04899561 
36 308 12 17 0.048708435 
501 277 9 12 0.04858787 
86 227 14 17 0.048536956 
972 81 14 16 0.048475567 
539 449 16 19 0.048296977 
634 448 14 19 0.047930572 
831 363 13 17 0.047908574 
35 479 15 18 0.047533184 
318 94 14 21 0.047306146 
246 228 11 13 0.047218245 
856 556 17 21 0.04710334 
284 246 9 11 0.04708422 
207 436 15 18 0.046959616 
936 609 10 12 0.046776123 
333 300 14 19 0.04677326 
13 308 10 13 0.046770338 
241 238 10 13 0.046522636 
721 307 14 17 0.04614233 
47 243 14 17 0.046056964 
117 192 14 16 0.045962323 
502 351 11 16 0.04588395 
166 238 14 19 0.04525165 
338 313 17 24 0.045163788 
0 311 7 13 0.045133322 
326 258 11 15 0.04506538 
181 215 9 13 0.04495191 
198 234 13 16 0.04461049 
250 266 13 15 0.044471487 
737 377 15 18 0.044420257 
411 393 16 21 0.044264447 
216 434 17 20 0.04413895 
539 552 23 25 0.043724623 
437 406 11 14 0.043550935 
574 448 12 18 0.04350835 
82 469 12 15 0.042980436 
4 454 17 26 0.042968582 
30 362 15 19 0.042746935 
808 259 16 20 0.042471647 
201 222 11 15 0.04233878 
680 283 11 15 0.04233698 
94 301 15 18 0.042335145 
1002 466 14 18 0.042238634 
85 484 12 17 0.042235713 
520 480 18 23 0.042207707 
258 468 14 19 0.04219095 
391 326 14 18 0.04216645 
622 492 11 17 0.042117674 
124 197 12 15 0.041996125 
77 208 10 13 0.041884895 
82 475 13 17 0.041866686 
549 559 16 19 0.041727692 
813 332 12 18 0.04169131 
752 449 21 27 0.041625146 
545 133 19 23 0.04158316 
463 259 13 17 0.041559696 
912 610 11 14 0.041528814 
735 384 14 18 0.041365467 
833 577 14 19 0.041355576 
579 443 15 18 0.041181196 
866 524 14 18 0.04099389 
1008 58 14 20 0.040987425 
259 410 15 21 0.040168274 
531 471 15 18 0.03998777 
107 323 14 18 0.03990038 
221 349 15 21 0.039743304 
230 238 10 13 0.039710227 
894 600 14 17 0.03926502 
2 372 13 16 0.039175626 
947 491 20 25 0.039144713 
323 306 15 20 0.03911102 
45 379 13 20 0.039102938 
205 214 9 12 0.039072722 
100 284 16 18 0.03892304 
232 372 13 18 0.038760014 
1011 605 11 16 0.038638163 
309 385 17 20 0.03856525 
339 87 11 15 0.03850978 
716 319 16 19 0.038350996 
306 394 19 22 0.038111057 
774 417 15 18 0.03788287 
940 483 20 27 0.037686903 
758 478 15 21 0.037240133 
143 282 21 25 0.03723769 
199 245 12 15 0.03720093 
581 451 16 20 0.036863416 
158 305 14 20 0.03682981 
913 658 15 18 0.03679428 
414 373 16 22 0.036659125 
183 497 13 14 0.036559112 
598 493 17 20 0.03639513 
924 466 17 20 0.03623937 
835 380 14 16 0.036065634 
339 325 15 21 0.03593066 
164 445 14 20 0.035896502 
866 363 14 18 0.0358264 
558 359 11 14 0.035821237 
286 254 10 13 0.03562519 
317 377 15 22 0.035214487 
69 395 14 18 0.035139546 
311 526 9 11 0.03505125 
907 330 12 14 0.034973644 
114 329 14 20 0.03495182 
64 339 20 28 0.034887455 
939 621 14 20 0.03482717 
764 400 17 21 0.034708843 
360 541 19 22 0.03459176 
252 223 10 13 0.034357026 
332 530 11 14 0.03427657 
314 403 14 18 0.034152307 
381 308 13 17 0.03414146 
5 252 11 15 0.034011927 
247 392 14 20 0.03384159 
677 456 16 21 0.033825155 
190 261 11 14 0.03376649 
228 266 13 16 0.033640962 
101 422 15 18 0.03355345 
462 196 13 17 0.033542436 
103 205 13 16 0.033238176 
253 229 12 15 0.03295788 
756 568 24 31 0.03289716 
612 426 19 25 0.032852694 
349 276 11 13 0.032827523 
909 420 15 19 0.032578804 
827 578 22 28 0.03250728 
24 260 14 18 0.032495048 
517 310 12 15 0.032403596 
934 495 18 26 0.03234494 
347 114 12 17 0.032337893 
2 344 13 19 0.032261398 
123 202 14 18 0.032206826 
350 122 13 18 0.032145556 
250 347 15 17 0.032057222 
900 388 12 15 0.031639755 
478 294 13 18 0.031631485 
171 270 15 18 0.031550813 
496 571 11 15 0.031462364 
411 476 12 14 0.031446774 
356 126 13 17 0.031431563 
428 537 15 19 0.031393085 
0 387 12 17 0.031236911 
771 582 24 29 0.031183545 
850 593 15 19 0.031116046 
255 242 12 15 0.03111542 
266 296 16 21 0.030972164 
155 227 15 19 0.030925205 
166 215 12 16 0.030865647 
59 408 15 20 0.03083829 
8 308 10 14 0.030829556 
912 597 12 15 0.030765392 
172 300 18 21 0.030744165 
586 290 16 19 0.03071129 
240 321 14 18 0.030710133 
852 540 22 28 0.03060855 
999 507 13 18 0.030434972 
473 555 14 18 0.030424638 
319 105 11 17 0.030413203 
740 464 13 19 0.030412473 
606 582 13 14 0.030319888 
536 301 22 29 0.030317772 
308 485 12 15 0.03017838 
3 381 16 21 0.030117508 
199 259 12 15 0.030105628 
852 601 14 18 0.029984593 
994 484 14 16 0.029981347 
19 247 14 17 0.0297105 
73 417 16 21 0.029708683 
200 252 11 15 0.02957381 
341 276 12 16 0.029428877 
267 477 11 15 0.029393569 
730 329 16 21 0.029387426 
404 495 15 19 0.029339729 
707 425 11 14 0.029108161 
725 441 12 17 0.028989064 
644 368 14 18 0.028891444 
147 352 15 20 0.028729795 
914 469 15 18 0.028581478 
330 304 20 26 0.028565714 
374 206 12 18 0.02846839 
372 282 12 18 0.028338427 
51 250 12 16 0.028176678 
260 212 9 11 0.028118346 
-1 420 12 21 0.027946766 
397 318 12 16 0.02782585 
548 294 15 18 0.027810851 
52 229 14 17 0.027744358 
335 276 13 17 0.02764045 
263 290 13 17 0.027628114 
381 267 12 17 0.02749135 
390 334 15 20 0.027416043 
113 293 16 20 0.027413607 
748 245 15 20 0.027399557 
343 318 19 26 0.027397092 
227 428 15 18 0.027317587 
997 499 12 16 0.027116578 
847 340 12 15 0.027023813 
166 224 13 17 0.026930181 
418 392 17 22 0.026918963 
454 177 14 18 0.026910506 
232 215 9 13 0.026870957 
831 388 15 19 0.026823327 
788 295 22 27 0.026808016 
92 484 13 17 0.026797099 
492 449 13 17 0.026784852 
6 241 10 13 0.026707722 
561 468 17 20 0.026706917 
280 253 10 13 0.026674597 
73 337 17 22 0.02667274 
828 405 16 21 0.026605962 
760 446 16 20 0.026540436 
197 204 11 14 0.026539875 
923 268 13 15 0.026502745 
435 419 14 19 0.026476435 
987 188 20 34 0.026474267 
136 264 20 27 0.026469307 
219 117 16 21 0.02640127 
285 334 14 20 0.026398644 
222 459 14 17 0.026289763 
20 271 13 18 0.026139155 
374 305 12 18 0.026121147 
884 424 15 16 0.0261068 
162 300 15 19 0.026063975 
647 399 14 17 0.026063478 
769 227 13 18 0.025994916 
531 298 13 18 0.025988685 
72 236 11 14 0.025918553 
989 471 14 21 0.025833156 
687 316 15 17 0.025824325 
607 464 14 20 0.025805715 
835 370 13 16 0.025783498 
317 238 16 21 0.025662161 
124 472 14 16 0.025640216 
754 547 21 26 0.025542852 
456 355 13 15 0.025493009 
440 441 15 20 0.025473664 
548 444 13 17 0.025454251 
146 261 15 17 0.025364535 
179 334 18 21 0.025364062 
771 424 13 18 0.025348224 
316 394 15 19 0.025343746 
754 426 22 26 0.025329357 
235 277 14 17 0.025294531 
684 297 15 18 0.025260136 
903 481 14 22 0.025132162 
967 61 21 27 0.02511078 
310 138 10 14 0.02507957 
204 259 14 17 0.025049163 
453 524 11 14 0.025047475 
637 495 15 19 0.025004912 
353 312 16 22 0.024982264 
277 282 13 17 0.024912758 
432 428 15 20 0.02487027 
1011 469 17 27 0.024644973 
827 532 14 19 0.024644533 
224 243 11 13 0.024635902 
616 455 18 24 0.024615217 
509 347 21 26 0.024611782 
94 419 14 18 0.024598936 
340 124 13 16 0.024528302 
489 153 16 20 0.024492867 
634 478 17 22 0.024485178 
715 269 16 19 0.024419216 
260 298 14 19 0.024346206 
830 552 14 21 0.024294617 
860 325 14 19 0.024274146 
21 339 21 25 0.024266923 
278 238 10 13 0.024130046 
138 299 22 27 0.024124535 
796 254 15 20 0.024100859 
580 581 13 16 0.024097616 
1011 493 12 17 0.024076791 
550 465 13 18 0.024052363 
384 396 17 22 0.024004348 
916 612 12 15 0.02389046 
999 66 13 15 0.023834674 
843 461 15 19 0.02383083 
582 213 12 15 0.023820858 
907 485 17 22 0.023811925 
53 223 11 12 0.02380245 
44 368 14 21 0.023687985 
218 449 15 18 0.023626756 
212 456 15 19 0.023616407 
768 463 18 24 0.023605892 
814 343 13 16 0.023598658 
627 489 15 20 0.023597535 
39 237 13 15 0.023488346 
533 550 13 18 0.02343775 
49 410 15 19 0.02339224 
591 380 18 22 0.023383856 
874 596 14 19 0.023354823 
854 339 10 14 0.023325948 
325 290 14 18 0.02330548 
444 149 16 21 0.023193693 
733 355 22 26 0.023142435 
308 297 15 21 0.023123369 
362 533 18 21 0.023102535 
416 379 22 29 0.023089668 
692 422 20 24 0.02306212 
242 369 21 24 0.023011994 
729 467 15 19 0.023002315 
871 604 16 20 0.023000432 
332 291 13 18 0.022960674 
764 518 15 18 0.022958357 
716 442 15 19 0.022949222 
654 305 14 18 0.022868147 
907 534 15 19 0.022857131 
84 242 13 17 0.02284576 
488 491 11 16 0.022786517 
593 464 14 18 0.022723373 
336 404 12 17 0.02272138 
109 207 13 18 0.022668 
946 627 13 17 0.022554707 
436 153 15 20 0.022408579 
381 389 15 20 0.022377258 
808 500 18 20 0.022372952 
700 436 12 14 0.022314953 
124 259 13 17 0.022284066 
524 370 14 18 0.022275914 
239 394 13 17 0.02216287 
166 486 12 14 0.022161318 
884 337 14 19 0.022046836 
251 336 15 19 0.021996109 
59 391 16 21 0.02198181 
318 527 9 11 0.021845894 
1005 259 12 18 0.021825 
647 456 21 26 0.021814609 
902 671 18 20 0.021733878 
962 644 13 17 0.02170954 
533 459 15 19 0.0216958 
462 236 11 14 0.021665646 
26 314 15 19 0.021653736 
309 371 17 21 0.021621132 
348 251 11 17 0.021612685 
861 597 15 20 0.021602955 
214 427 16 19 0.021567645 
536 270 10 13 0.021562833 
613 284 13 17 0.021530386 
38 320 13 17 0.021526862 
26 275 12 16 0.021374386 
154 268 15 19 0.021345567 
970 77 27 34 0.02132415 
372 257 18 24 0.021314476 
199 468 12 16 0.021211743 
990 446 10 14 0.021200659 
315 300 18 21 0.021142764 
679 581 13 18 0.021130962 
79 457 14 17 0.02107266 
920 339 13 15 0.021069508 
135 280 15 19 0.021065777 
8 284 11 14 0.021053994 
351 129 14 22 0.021005455 
462 394 14 18 0.021002505 
957 618 15 18 0.020997845 
710 442 13 17 0.020977074 
948 478 17 21 0.020961331 
238 381 20 26 0.020947654 
983 462 15 21 0.020944098 
786 422 16 19 0.02093589 
67 495 18 21 0.020848922 
709 267 14 19 0.02076808 
788 313 16 21 0.020744164 
528 466 13 19 0.0206272 
534 534 10 13 0.020594815 
523 385 14 20 0.020590749 
303 293 13 17 0.020588815 
972 669 14 17 0.020573696 
738 501 16 18 0.020499475 
241 240 20 25 0.020451866 
430 279 20 26 0.020426717 
786 521 14 19 0.020401035 
957 658 20 25 0.020380294 
715 393 15 20 0.020356283 
491 129 15 16 0.02033483 
926 619 15 21 0.020273726 
7 275 12 16 0.020260615 
958 636 13 16 0.02023157 
960 652 15 20 0.02021155 
528 450 12 17 0.020140719 
59 483 15 19 0.020136058 
482 389 228 225 0.020118548 
51 259 13 17 0.020094907 
263 386 16 21 0.020087095 
81 259 17 20 0.020011047 
86 438 14 17 0.02001021 
509 449 13 17 0.02000561 
