2_Demonstration_Demonstration_Or_Protest_2_606
89
761 254 64 72 0.9987826 
542 292 94 130 0.9987074 
902 264 58 66 0.9986935 
218 295 44 59 0.9980274 
331 280 84 110 0.9976356 
186 248 30 37 0.99627113 
631 242 60 64 0.99379504 
712 258 33 44 0.9900945 
45 254 45 50 0.98711836 
709 220 23 27 0.9842902 
503 243 39 61 0.9814403 
219 240 38 47 0.979131 
826 235 38 51 0.9731644 
744 273 34 49 0.92729694 
6 283 36 41 0.9218123 
445 222 30 47 0.91518116 
147 256 26 30 0.8515073 
999 277 25 54 0.82824856 
283 233 31 42 0.807 
106 304 53 52 0.700902 
117 240 19 26 0.56277204 
292 228 43 53 0.54428256 
125 103 21 27 0.42412326 
264 164 13 15 0.27550247 
110 241 16 22 0.09431208 
121 298 42 36 0.08003665 
262 204 11 13 0.07213636 
620 205 9 12 0.06515896 
70 64 7 9 0.05686729 
194 245 41 50 0.055974983 
148 244 15 19 0.054909464 
631 197 9 11 0.05404469 
700 224 24 30 0.053956643 
725 245 27 36 0.052793894 
128 247 14 20 0.05228017 
964 240 12 15 0.04270124 
614 200 12 15 0.04218301 
105 242 29 35 0.040097464 
688 204 10 12 0.03981524 
0 257 21 34 0.039724935 
695 232 14 19 0.038756356 
73 47 9 12 0.03678619 
-1 258 38 55 0.034471735 
126 275 49 51 0.033720095 
78 49 13 17 0.033326462 
102 245 16 22 0.032772943 
703 224 38 50 0.032658346 
260 249 16 19 0.03129072 
116 87 38 44 0.030320821 
509 77 18 21 0.030127926 
0 258 12 21 0.030082414 
66 64 8 11 0.029889142 
730 239 19 23 0.029687677 
695 211 11 14 0.02837591 
67 252 44 51 0.028116984 
726 269 34 45 0.02736867 
711 203 12 15 0.026723474 
92 246 30 37 0.026485221 
49 213 9 12 0.025994625 
612 208 13 16 0.025813134 
140 84 11 13 0.025477452 
622 200 9 12 0.025430713 
90 235 25 30 0.02525889 
1 315 26 44 0.025239162 
45 231 9 11 0.024843957 
139 265 33 38 0.024833228 
256 230 26 33 0.024748811 
474 233 46 64 0.0246678 
227 215 26 30 0.024537086 
55 220 9 12 0.02375414 
310 234 54 68 0.023536352 
58 150 9 12 0.02269251 
42 237 10 14 0.022658903 
982 156 9 11 0.022339143 
82 230 23 26 0.022316806 
971 558 15 21 0.022232542 
110 230 11 15 0.022199677 
637 205 11 14 0.022169199 
119 231 11 14 0.02211662 
124 248 25 31 0.021869827 
748 180 11 14 0.021773158 
621 212 13 14 0.021045037 
208 217 26 30 0.020885108 
104 313 32 36 0.020719746 
985 288 28 44 0.020676807 
60 221 10 13 0.020442327 
222 225 27 31 0.020437859 
628 229 15 19 0.02017724 
246 237 30 33 0.020158831 
