2_Demonstration_Protesters_2_748
31
749 248 23 33 0.99474066 
299 234 23 29 0.9939055 
433 170 52 69 0.76038945 
125 195 23 28 0.48251483 
130 266 17 19 0.11058755 
635 179 101 145 0.09661124 
206 271 11 15 0.08763553 
628 486 65 67 0.078745194 
509 255 33 39 0.07324746 
513 4 486 497 0.07046175 
448 161 43 54 0.06766391 
136 200 16 22 0.04306782 
633 195 60 99 0.040339973 
349 208 14 16 0.04006757 
910 326 8 11 0.038273282 
495 233 51 67 0.03176736 
157 260 16 19 0.02770079 
362 203 13 16 0.027394177 
404 160 35 41 0.026512379 
855 297 61 81 0.025271105 
904 324 10 12 0.02522753 
331 189 15 19 0.025150219 
343 202 14 17 0.024007155 
257 287 471 502 0.022559684 
736 445 14 15 0.02233636 
408 198 58 66 0.02225678 
732 451 15 16 0.022189185 
145 258 24 29 0.021498395 
411 156 49 64 0.021190602 
277 258 16 20 0.020782005 
812 191 214 255 0.02030448 
