2_Demonstration_Protesters_2_583
64
810 238 59 75 0.985595 
775 262 72 69 0.981107 
903 127 12 15 0.7044466 
997 118 11 13 0.57036936 
818 128 8 11 0.30218118 
582 197 41 51 0.29690832 
896 112 7 10 0.28796765 
694 494 58 57 0.25979406 
865 118 8 11 0.25785148 
832 114 10 12 0.24198557 
-1 249 29 41 0.14237873 
833 226 34 51 0.10797288 
1013 642 11 18 0.08846082 
929 109 9 11 0.079167664 
601 202 50 58 0.07884704 
589 391 189 201 0.07443496 
999 55 10 13 0.07256886 
793 112 7 9 0.07203041 
507 260 348 418 0.061620012 
951 107 12 17 0.05430844 
992 140 15 18 0.049231105 
108 15 506 490 0.0424254 
736 0 15 18 0.042369634 
800 127 9 11 0.04092875 
888 128 10 12 0.038864754 
985 62 27 31 0.035137348 
663 460 97 94 0.033596624 
899 111 9 12 0.03197106 
799 118 8 10 0.031275705 
939 89 27 34 0.031143513 
940 98 16 21 0.030351076 
929 75 11 16 0.030271595 
982 70 12 16 0.029386345 
952 85 11 15 0.02777005 
997 58 14 19 0.027755486 
973 81 15 21 0.02746947 
994 133 16 18 0.027352026 
918 107 9 12 0.026673911 
793 115 9 12 0.026289817 
982 124 12 13 0.025376333 
928 83 10 15 0.024943622 
949 89 14 19 0.024854425 
807 148 13 18 0.024803327 
806 120 9 11 0.024799677 
990 122 12 14 0.024639038 
903 119 9 12 0.02384909 
928 50 13 16 0.02291969 
19 14 270 228 0.022903142 
785 142 11 14 0.022753017 
831 123 9 11 0.022456264 
988 68 16 19 0.022295384 
627 207 47 69 0.022044212 
788 146 11 14 0.021958949 
950 83 23 33 0.021939024 
1003 122 13 15 0.021881463 
980 122 37 49 0.021340078 
34 -10 339 426 0.02126111 
932 107 12 15 0.020776939 
830 142 12 14 0.020711232 
0 207 33 34 0.020687329 
911 101 11 14 0.020315882 
796 112 8 10 0.020305026 
812 225 105 130 0.020265488 
813 121 19 24 0.020071281 
