2_Demonstration_Protesters_2_542
41
603 169 66 89 0.99895644 
16 99 61 83 0.9960413 
856 87 17 21 0.8479955 
920 98 18 22 0.8302277 
204 347 58 49 0.2649264 
636 422 63 81 0.09317806 
6 565 82 157 0.07681767 
311 217 47 85 0.06409926 
215 152 8 11 0.059710104 
224 178 9 12 0.058343533 
36 605 55 95 0.039222766 
258 293 24 27 0.039060645 
311 179 48 85 0.038834363 
772 77 12 15 0.035634447 
510 128 9 11 0.03437105 
555 296 121 168 0.034195554 
439 140 10 14 0.033035215 
767 71 11 13 0.03221974 
611 386 98 137 0.03167433 
246 149 9 11 0.02985083 
515 65 13 15 0.027994327 
191 140 9 12 0.027518388 
928 102 16 22 0.026992923 
238 174 7 10 0.026679995 
197 134 9 11 0.025774222 
528 102 11 13 0.024809303 
854 116 10 12 0.024803234 
193 136 8 11 0.0245554 
545 130 9 12 0.0234939 
157 309 60 57 0.022864547 
543 103 9 11 0.022429999 
297 151 9 12 0.022294313 
977 109 10 13 0.022226023 
241 126 9 10 0.021965323 
535 95 9 11 0.02187336 
212 339 43 34 0.021657621 
186 328 62 56 0.021460572 
265 286 11 13 0.02100875 
181 -30 213 216 0.020744553 
273 151 8 10 0.020675378 
26 670 55 71 0.020523068 
