2_Demonstration_Protesters_2_46
162
78 52 60 75 0.9981273 
740 439 99 135 0.9976922 
957 116 64 86 0.9974934 
338 71 67 93 0.9965475 
262 147 64 90 0.9961469 
926 43 57 75 0.9941638 
617 92 60 92 0.9939765 
588 598 128 149 0.99263 
645 267 81 121 0.99148905 
824 60 76 96 0.99029434 
427 502 93 143 0.98969674 
123 109 66 90 0.98930174 
755 39 59 77 0.98923045 
793 602 90 113 0.98916 
912 579 118 157 0.98794216 
273 15 54 63 0.9859963 
467 557 104 144 0.9852009 
494 150 77 103 0.9799254 
728 200 57 74 0.9786904 
394 119 50 68 0.9746412 
41 244 78 112 0.97390014 
551 29 70 87 0.972147 
386 340 84 96 0.96798974 
765 130 53 63 0.92963994 
240 87 44 61 0.9229985 
260 461 90 125 0.918118 
929 206 70 106 0.88858324 
40 29 42 56 0.8661603 
560 561 113 146 0.7506986 
468 143 50 74 0.71028304 
362 344 64 77 0.61091924 
949 518 80 170 0.52318466 
688 22 29 36 0.46041882 
239 460 142 213 0.40583417 
-2 108 28 59 0.393897 
5 236 80 111 0.36921266 
854 423 72 99 0.35050938 
845 605 129 127 0.33950514 
742 137 48 54 0.32708433 
730 30 27 36 0.3133141 
-4 437 49 114 0.29442754 
829 21 35 41 0.2685842 
653 39 28 36 0.26801047 
201 34 33 37 0.22512326 
751 52 25 39 0.21337485 
993 465 20 35 0.203211 
-1 43 27 42 0.2004961 
581 95 32 44 0.18051137 
735 141 31 40 0.17963034 
508 565 105 147 0.15956528 
800 49 72 92 0.15414257 
798 423 103 134 0.14642645 
539 52 60 81 0.14497879 
246 24 42 53 0.14065711 
822 17 56 69 0.13689174 
936 11 28 31 0.13564703 
745 39 27 38 0.124871835 
256 125 51 71 0.12145318 
138 0 28 35 0.114240676 
255 65 47 68 0.09476307 
466 151 33 47 0.09214505 
57 45 51 68 0.090698905 
242 119 38 53 0.08992402 
573 646 40 62 0.08759499 
635 42 32 36 0.08585712 
944 175 62 99 0.085300595 
411 103 46 62 0.0829137 
112 247 53 64 0.08224519 
923 17 49 63 0.081734374 
358 94 68 90 0.0808623 
934 100 50 71 0.0746887 
-4 7 38 56 0.06954077 
471 171 61 80 0.06404183 
578 60 59 80 0.063913494 
867 650 47 45 0.063574895 
749 21 51 67 0.05914203 
751 191 53 67 0.0566652 
369 355 37 47 0.053754974 
270 191 52 69 0.053036097 
433 130 47 66 0.052800406 
739 14 42 55 0.050799232 
62 24 39 48 0.050596654 
7 -1 39 35 0.050414912 
343 335 57 75 0.048028268 
679 34 31 38 0.047326047 
938 70 56 77 0.04527642 
553 35 43 53 0.045215197 
748 606 109 133 0.04355916 
342 0 35 27 0.042697188 
649 188 51 66 0.04229766 
916 2 44 49 0.04189828 
202 149 37 58 0.041579887 
756 96 33 40 0.04023005 
274 75 43 51 0.04008025 
833 616 78 83 0.03939113 
168 146 49 65 0.038141627 
754 33 32 41 0.03707719 
237 29 32 39 0.036993027 
275 42 49 68 0.036249083 
737 38 47 62 0.035834383 
756 1 32 32 0.03561233 
741 488 30 54 0.0355544 
297 316 17 22 0.03544692 
229 129 44 64 0.034814373 
777 190 36 49 0.03439927 
898 106 27 38 0.034143414 
666 37 29 37 0.033702835 
381 520 97 133 0.033544406 
361 609 40 42 0.03308148 
433 105 36 49 0.03254813 
156 0 31 28 0.03151565 
277 284 27 46 0.03078969 
219 33 31 36 0.030617058 
522 25 62 83 0.030566195 
398 113 33 46 0.030487722 
117 211 48 62 0.03012191 
288 82 45 61 0.030072257 
802 22 51 68 0.029441295 
288 302 38 57 0.029307446 
326 162 31 46 0.029266322 
812 579 59 87 0.029131055 
879 0 27 32 0.028899426 
296 501 126 152 0.0284068 
802 98 57 67 0.028331554 
440 110 46 62 0.027921742 
904 24 48 61 0.027396131 
685 31 18 25 0.027140163 
721 172 54 75 0.02706093 
861 453 96 121 0.02678823 
718 152 45 59 0.026746409 
989 457 33 57 0.026485968 
475 215 37 43 0.02627063 
784 156 47 64 0.02609953 
598 43 52 61 0.026010057 
16 0 25 20 0.025839576 
565 23 45 53 0.025475932 
680 177 50 69 0.024832256 
689 46 27 33 0.024086041 
1000 3 24 35 0.023687122 
538 63 35 48 0.023515195 
266 103 50 64 0.023415016 
121 85 58 74 0.02306948 
359 -2 47 39 0.023056107 
311 73 49 68 0.023021145 
761 76 57 76 0.022952333 
488 16 29 46 0.022669433 
742 4 32 34 0.022263095 
658 36 18 22 0.022121685 
663 616 104 124 0.021757325 
206 18 35 42 0.021757172 
220 6 15 15 0.02149854 
109 271 32 45 0.02143309 
852 643 78 75 0.021271478 
939 248 39 57 0.021165939 
926 493 86 135 0.021105675 
-1 340 21 34 0.020892764 
123 210 27 42 0.020831142 
165 624 26 43 0.020549418 
745 345 17 21 0.020543009 
549 18 36 48 0.020318244 
991 444 12 15 0.020240368 
852 9 52 60 0.020198956 
