2_Demonstration_Demonstrators_2_595
22
269 116 184 247 0.9947226 
661 92 81 88 0.9945827 
424 254 327 438 0.17342691 
17 551 32 37 0.13419522 
451 355 201 275 0.12195965 
25 515 63 79 0.09841488 
165 382 392 434 0.07921123 
673 4 17 19 0.07764945 
34 485 35 38 0.051850952 
223 602 31 44 0.0494738 
71 523 32 46 0.048951995 
148 1 399 478 0.03988498 
7 425 30 49 0.032040507 
389 147 100 150 0.029080464 
217 512 236 223 0.028170692 
835 704 28 41 0.026939267 
15 458 91 119 0.02647273 
420 110 59 72 0.025783824 
15 506 31 38 0.0254768 
481 534 256 288 0.024393637 
454 199 47 81 0.023349242 
17 532 34 40 0.020062257 
