2_Demonstration_Protesters_2_57
83
385 234 37 47 0.99951816 
711 190 31 42 0.9989505 
223 229 39 43 0.9986363 
29 238 34 44 0.99735993 
514 261 32 36 0.9957853 
71 224 39 45 0.992187 
933 264 22 33 0.66973335 
150 284 32 46 0.64537114 
653 241 22 29 0.54586035 
362 262 23 30 0.54523146 
945 271 29 44 0.49841663 
888 225 26 40 0.40363887 
469 267 22 31 0.3756664 
488 268 23 32 0.24052711 
987 269 24 44 0.22342384 
500 272 15 21 0.18827584 
503 251 13 17 0.1278952 
571 295 23 26 0.112155095 
584 223 9 9 0.10691322 
340 184 21 29 0.101485476 
505 245 12 16 0.088576846 
497 339 11 14 0.08232035 
478 378 11 14 0.074296735 
928 272 15 21 0.06546304 
570 222 8 10 0.064354785 
162 300 19 26 0.062568426 
577 306 23 32 0.059630685 
607 251 12 17 0.058099467 
879 205 32 48 0.0569929 
454 273 13 20 0.054524794 
435 275 24 28 0.05153325 
359 266 16 21 0.04893806 
461 383 9 13 0.04848618 
868 220 40 53 0.046928257 
833 173 12 17 0.044622473 
981 279 17 26 0.044018228 
968 277 25 33 0.04328562 
100 231 29 36 0.04250292 
499 258 22 29 0.040813223 
995 254 28 54 0.040781893 
482 271 19 25 0.040673554 
461 267 16 25 0.039469935 
652 325 12 15 0.03776601 
89 153 26 31 0.036800876 
685 551 8 10 0.036477264 
164 289 30 41 0.03610247 
87 222 33 39 0.03548457 
598 252 11 15 0.03486349 
900 229 13 20 0.03485184 
587 315 18 25 0.0330737 
449 222 10 13 0.032871448 
370 252 28 37 0.032823633 
583 218 9 10 0.03258699 
1 334 40 85 0.03233427 
610 203 9 13 0.03097923 
710 433 13 15 0.02768429 
131 270 45 63 0.02677199 
506 267 28 35 0.026593048 
361 347 31 38 0.026572825 
990 266 14 24 0.026217973 
445 268 14 18 0.025692027 
462 294 24 32 0.025341073 
447 273 24 30 0.025250517 
593 254 11 14 0.025164098 
512 365 10 12 0.024803137 
-1 287 8 14 0.024746604 
621 226 12 16 0.024624689 
1002 204 20 32 0.024194855 
410 538 13 16 0.024072558 
585 297 15 19 0.023849897 
575 217 8 10 0.023846459 
569 227 10 12 0.02321011 
606 246 20 31 0.022895737 
901 180 10 14 0.022691414 
637 242 22 32 0.02260611 
63 251 12 17 0.02161882 
567 291 16 18 0.021546863 
614 226 12 17 0.021341147 
486 67 27 33 0.021322474 
822 250 12 18 0.02127029 
348 269 26 31 0.02053281 
557 283 11 15 0.020134704 
659 229 15 18 0.020088196 
