2_Demonstration_Demonstration_Or_Protest_2_494
41
32 387 115 123 0.9997538 
476 270 68 83 0.9988938 
296 395 13 17 0.29710254 
1 238 8 14 0.1392582 
65 248 15 18 0.11084799 
147 204 11 14 0.10441722 
600 377 39 44 0.10415748 
284 408 15 22 0.066138975 
366 414 11 13 0.05214236 
66 256 15 19 0.05076259 
272 486 41 50 0.05012154 
317 462 30 37 0.04961607 
285 395 14 19 0.048321664 
662 438 49 64 0.04273587 
363 467 39 60 0.04007182 
293 482 40 47 0.03490636 
311 475 40 46 0.034783233 
8 189 9 11 0.031020919 
235 488 27 43 0.030432388 
197 229 11 16 0.028516186 
369 458 25 40 0.028459031 
762 427 16 20 0.026404282 
352 414 10 12 0.025437864 
317 414 11 13 0.025356447 
279 396 24 32 0.025202664 
-18 419 414 426 0.024233563 
316 428 11 14 0.02361312 
147 210 13 16 0.023601934 
298 504 27 34 0.023376958 
614 482 59 70 0.022462614 
676 410 46 57 0.021847459 
323 467 17 22 0.021771435 
246 483 43 56 0.021745518 
235 425 16 22 0.021706933 
732 468 11 15 0.021396298 
263 389 28 41 0.02098696 
605 495 39 38 0.020974522 
102 215 8 11 0.020692734 
126 213 13 16 0.020243462 
45 212 10 12 0.020189172 
212 402 13 17 0.020104246 
