2_Demonstration_Protesters_2_352
66
136 409 37 52 0.9970186 
129 460 36 58 0.9957676 
588 189 43 55 0.98304707 
676 531 47 77 0.9605581 
67 226 12 16 0.6695446 
420 473 41 71 0.5950474 
817 488 32 48 0.50656545 
674 235 13 17 0.43408442 
927 506 37 49 0.3219856 
178 432 15 19 0.30703002 
461 614 40 65 0.30176076 
613 624 52 66 0.25673112 
826 509 27 41 0.24838622 
-1 516 27 59 0.22460768 
949 504 40 55 0.19076744 
708 534 50 70 0.17658804 
609 638 32 50 0.16581221 
665 512 47 75 0.16523097 
170 426 25 31 0.1409389 
358 601 57 68 0.112607665 
932 206 11 13 0.101062976 
928 210 11 12 0.09039996 
69 476 25 50 0.08365641 
721 136 16 21 0.06792446 
474 602 26 54 0.053863976 
150 222 11 14 0.05178679 
8 505 43 67 0.050631758 
621 603 64 69 0.050570346 
578 629 54 57 0.048849948 
152 422 33 40 0.044051155 
543 278 23 34 0.04095595 
920 209 11 14 0.039023302 
462 164 14 16 0.03769027 
258 152 17 21 0.034010496 
394 479 54 71 0.03258645 
77 468 30 45 0.03099746 
56 489 30 52 0.030572794 
666 507 29 42 0.027148357 
355 485 57 72 0.026799604 
203 446 14 16 0.026748281 
91 438 29 35 0.025988812 
384 592 55 69 0.025579616 
674 378 14 18 0.025505923 
665 376 17 20 0.024869027 
283 105 13 15 0.024853393 
813 473 31 45 0.024753897 
272 368 8 10 0.02350607 
695 166 11 13 0.022953507 
391 220 12 15 0.022784218 
366 137 13 16 0.022592802 
918 205 23 26 0.022465006 
331 463 62 73 0.022461493 
819 481 17 24 0.022426946 
443 149 42 54 0.022229321 
659 613 62 57 0.022154793 
455 150 24 31 0.021802245 
950 -5 75 138 0.021779891 
434 462 27 54 0.02148993 
312 484 47 72 0.021308858 
326 258 10 13 0.021160467 
392 621 30 42 0.021064995 
227 492 38 53 0.021022495 
546 637 37 35 0.020984976 
146 223 10 12 0.020869032 
114 434 29 29 0.020864349 
419 146 44 55 0.020074742 
