2_Demonstration_Demonstration_Or_Protest_2_604
123
403 137 56 68 0.9975642 
278 32 88 123 0.9967463 
824 394 139 174 0.99608105 
655 121 59 106 0.9903195 
97 164 43 60 0.986075 
13 176 25 33 0.98024493 
537 137 23 27 0.9166529 
36 209 17 23 0.711133 
168 170 26 31 0.5835147 
40 128 17 20 0.5823864 
13 134 12 14 0.57116055 
466 149 17 24 0.46540827 
697 106 28 37 0.44403732 
2 232 24 35 0.39868942 
101 130 16 20 0.33036205 
71 135 14 18 0.32988334 
517 97 13 17 0.20390007 
684 106 26 38 0.18139647 
782 3 61 79 0.17661802 
308 184 29 36 0.16363353 
495 10 11 14 0.15754528 
256 290 49 62 0.14764129 
80 136 25 29 0.14320874 
85 122 13 15 0.14183332 
93 133 23 26 0.11815662 
3 153 16 22 0.095193915 
709 99 29 39 0.09417825 
474 106 14 17 0.08451006 
11 224 17 24 0.082544975 
680 106 47 79 0.07538662 
111 89 15 19 0.07169469 
772 99 29 31 0.06871 
797 173 30 40 0.06815353 
558 127 78 125 0.06624343 
28 113 12 15 0.060215857 
478 99 14 17 0.05988638 
347 156 29 45 0.057572924 
24 170 18 24 0.05544449 
118 178 32 48 0.051815286 
521 145 16 18 0.050895054 
45 161 38 47 0.050255954 
6 162 22 31 0.04928019 
501 443 59 96 0.047870964 
475 304 58 85 0.046554092 
563 146 12 16 0.045579802 
177 159 27 33 0.045083854 
10 138 12 14 0.04449768 
21 165 15 21 0.043344665 
365 1 31 24 0.041470185 
556 142 15 21 0.03989273 
226 48 83 114 0.039616928 
158 167 25 32 0.03851621 
86 121 21 26 0.038486216 
482 124 14 18 0.03845309 
320 14 64 87 0.036244113 
469 187 24 29 0.035979785 
799 -4 134 126 0.034915585 
76 125 21 25 0.033093624 
320 147 40 58 0.033041768 
476 127 17 21 0.033012304 
16 218 15 21 0.032809105 
477 12 11 14 0.031037832 
0 138 8 13 0.030390473 
704 103 52 67 0.030291444 
463 157 25 37 0.030139683 
564 97 11 14 0.029767793 
491 18 14 18 0.029470332 
481 460 54 73 0.029275782 
83 148 33 42 0.02910536 
35 430 25 31 0.029087022 
344 7 59 74 0.029055297 
59 168 15 22 0.028903224 
512 174 53 64 0.028494306 
196 85 56 78 0.028232796 
9 145 15 19 0.028163694 
876 123 16 20 0.027702404 
506 114 26 32 0.02733704 
513 190 25 33 0.027165314 
335 78 34 59 0.027037285 
612 125 78 115 0.027006838 
169 113 25 31 0.026823437 
74 173 26 31 0.026735326 
487 12 13 15 0.026721621 
471 31 10 13 0.02667218 
678 26 28 32 0.026373452 
41 197 26 32 0.02543303 
560 94 11 13 0.025377797 
522 245 17 22 0.025146948 
510 239 31 38 0.024696898 
789 176 47 62 0.024553848 
528 141 47 61 0.02435976 
470 177 13 18 0.024062231 
17 138 13 15 0.024020743 
2 208 15 21 0.023917856 
492 388 102 148 0.023487018 
434 473 45 64 0.023403732 
26 214 25 31 0.023023339 
1 191 22 34 0.022950446 
491 175 40 49 0.022839949 
512 102 22 26 0.022782415 
764 97 47 56 0.022621917 
340 416 66 80 0.022296173 
32 150 26 29 0.021988858 
127 107 27 32 0.021868475 
148 171 25 35 0.021710921 
87 480 24 38 0.021539187 
311 169 34 38 0.021359008 
513 92 14 17 0.021281458 
-2 230 39 55 0.021275256 
700 3 94 108 0.021201262 
-1 214 22 38 0.021068383 
482 103 15 19 0.021039885 
92 133 53 63 0.020957362 
375 132 46 67 0.020729296 
803 180 17 21 0.020578913 
763 173 17 20 0.02055039 
184 174 19 23 0.020480068 
420 448 80 109 0.020409076 
44 153 14 18 0.020322278 
713 98 19 23 0.020283407 
539 170 27 33 0.020206286 
162 76 17 20 0.020067085 
522 105 14 17 0.020009745 
