2_Demonstration_Demonstrators_2_689
55
350 319 74 84 0.9968292 
185 261 33 52 0.99397117 
122 312 41 53 0.97636867 
256 227 20 25 0.9185605 
2 248 17 23 0.83496034 
297 250 31 42 0.8145405 
51 260 15 20 0.7329104 
148 235 15 21 0.71278363 
173 232 17 20 0.66617745 
314 208 20 23 0.5486116 
218 213 16 21 0.5334656 
350 194 17 20 0.49885654 
86 235 16 19 0.45822266 
929 225 36 66 0.43050805 
38 237 14 16 0.4134425 
509 568 54 52 0.306562 
316 220 26 31 0.2679329 
4 361 78 101 0.19102158 
163 230 20 26 0.13396044 
333 251 27 39 0.09935384 
42 210 13 16 0.09466639 
938 206 31 63 0.08836875 
875 206 42 75 0.08461532 
307 234 34 45 0.0835484 
212 206 17 20 0.077851176 
301 228 27 36 0.07526593 
293 234 24 34 0.071593516 
304 247 46 52 0.06698244 
94 274 30 37 0.063358635 
343 193 16 20 0.055132627 
442 345 41 64 0.049788583 
348 200 22 27 0.043476652 
47 219 10 13 0.043360993 
91 244 15 20 0.04125318 
402 327 52 77 0.038463727 
68 216 10 12 0.03828844 
45 229 13 16 0.036275286 
804 335 194 284 0.03531016 
320 205 24 30 0.034447644 
46 250 38 47 0.034239773 
45 296 17 22 0.033965636 
153 228 17 23 0.032639228 
475 548 108 96 0.031111825 
78 269 24 29 0.030328952 
78 229 14 18 0.03026086 
344 256 18 27 0.029493425 
34 237 11 14 0.028231712 
514 564 32 34 0.027775852 
367 21 144 182 0.024598496 
36 258 25 31 0.023630613 
224 210 16 21 0.023282353 
96 240 15 19 0.022160772 
410 488 220 216 0.02087335 
214 221 18 22 0.020744078 
78 272 37 46 0.020119341 
