2_Demonstration_Demonstration_Or_Protest_2_159
82
817 336 106 117 0.99981993 
267 377 55 62 0.99915135 
581 345 55 68 0.99876 
670 383 32 40 0.99837327 
426 180 46 59 0.9561867 
527 413 32 40 0.9338801 
563 393 24 33 0.9159415 
174 157 49 58 0.8295071 
464 380 18 26 0.79625905 
215 416 17 23 0.78835183 
956 315 61 91 0.44891545 
293 200 17 23 0.24420899 
324 400 24 35 0.23853837 
240 392 27 40 0.22992742 
703 104 36 36 0.21728264 
509 78 22 25 0.20800866 
227 387 28 40 0.17724976 
740 73 40 42 0.13769679 
221 387 23 27 0.121491 
294 381 47 57 0.11595466 
406 383 12 18 0.1026818 
770 325 33 48 0.091124445 
453 372 23 31 0.090329885 
406 371 25 32 0.0854017 
171 188 40 42 0.0814136 
223 391 13 17 0.077609226 
166 400 21 33 0.0705631 
500 344 25 34 0.06449484 
126 403 26 38 0.06426291 
216 394 13 16 0.060009867 
415 375 29 32 0.057138428 
431 374 24 27 0.054636803 
516 383 14 22 0.05331223 
476 372 15 23 0.049940195 
717 86 48 50 0.049749326 
612 83 10 14 0.04882289 
141 515 38 51 0.0478759 
185 438 27 39 0.046097238 
444 362 23 35 0.046096172 
200 411 12 16 0.045760293 
205 411 21 27 0.044987064 
374 398 11 16 0.044781644 
523 380 12 17 0.043396946 
222 400 26 34 0.04283371 
555 388 41 57 0.040668238 
367 399 12 15 0.039977588 
396 373 23 33 0.038857404 
488 357 26 34 0.038049158 
50 392 14 20 0.03541344 
484 371 14 22 0.034589093 
460 392 23 29 0.034301877 
194 445 29 35 0.033488903 
506 358 18 25 0.033217955 
233 376 25 33 0.033161283 
518 163 37 45 0.031600144 
474 377 21 30 0.03146642 
659 358 23 29 0.031184588 
154 403 28 37 0.030537233 
243 384 15 19 0.03040329 
712 366 24 30 0.028922588 
709 63 51 55 0.028782638 
49 340 12 15 0.027482312 
219 397 18 23 0.026407737 
200 420 27 34 0.025980888 
141 402 26 35 0.025475329 
176 427 24 37 0.025087796 
172 394 15 20 0.024969647 
510 95 15 19 0.024897488 
676 513 39 46 0.02464984 
380 379 22 29 0.024311071 
530 425 19 23 0.024018185 
757 371 47 58 0.023775447 
198 415 17 23 0.023687884 
382 400 12 17 0.022745317 
335 408 16 22 0.022630434 
662 364 14 17 0.02187103 
359 398 12 15 0.021848114 
144 435 25 33 0.021578245 
28 318 54 69 0.021254085 
230 383 14 18 0.021240024 
367 399 20 25 0.020970523 
383 388 13 16 0.020907804 
