2_Demonstration_Demonstration_Or_Protest_2_30
40
597 77 20 26 0.8724247 
771 76 49 66 0.8447656 
436 62 18 21 0.38750315 
168 418 48 50 0.2877347 
148 410 27 38 0.17749493 
435 210 45 64 0.1548085 
153 405 48 55 0.08749414 
153 158 51 65 0.06137499 
514 332 29 30 0.059354622 
422 195 76 106 0.044013135 
237 568 14 20 0.043725453 
378 172 43 50 0.04096256 
645 272 37 36 0.038306464 
380 305 62 70 0.030232115 
441 73 14 18 0.030170018 
182 118 36 36 0.029185832 
123 588 13 14 0.028705282 
223 182 33 39 0.026386965 
184 558 9 13 0.025837418 
229 474 14 19 0.025385262 
452 221 48 69 0.025304347 
82 220 16 17 0.02519405 
161 411 20 25 0.025165549 
228 22 42 58 0.024820628 
655 435 42 61 0.02450514 
184 163 52 60 0.024323367 
443 53 14 20 0.02424162 
195 285 16 20 0.024121352 
198 125 52 60 0.024027519 
608 81 15 19 0.023961198 
202 435 82 103 0.0231962 
259 447 17 20 0.023159573 
118 261 25 32 0.022584738 
205 148 50 60 0.02173717 
433 26 97 121 0.021215752 
438 196 33 45 0.021164998 
194 87 45 52 0.021013478 
436 78 16 18 0.020964438 
451 200 30 52 0.020803763 
431 72 26 30 0.020372797 
