2_Demonstration_Protesters_2_508
130
949 175 33 38 0.99728155 
868 140 26 39 0.9932909 
987 146 25 32 0.9895216 
314 180 32 38 0.9878726 
956 111 23 30 0.97939795 
716 167 40 43 0.97600377 
95 175 22 32 0.9508067 
236 181 26 37 0.92143553 
788 139 23 28 0.90999156 
935 151 23 32 0.89922696 
182 203 25 29 0.86542803 
654 155 28 33 0.85020405 
441 203 34 39 0.55777246 
266 179 25 31 0.4439702 
175 88 10 13 0.36188364 
541 162 26 41 0.2845733 
271 72 17 20 0.23548235 
966 115 21 29 0.21718977 
29 185 25 32 0.21080466 
254 179 25 34 0.15984932 
643 152 25 31 0.15938546 
190 177 23 31 0.15096465 
782 146 18 22 0.14844504 
635 151 14 21 0.12757327 
980 122 15 20 0.12294159 
671 157 19 24 0.11987944 
699 180 34 45 0.11769284 
182 216 28 34 0.1114758 
561 235 41 43 0.1096488 
259 197 23 30 0.09689157 
219 249 40 58 0.09574295 
430 191 26 34 0.09063782 
186 187 27 37 0.08395931 
637 159 16 23 0.08388731 
455 201 19 24 0.08003998 
750 366 14 16 0.07247845 
580 161 26 38 0.06819903 
866 123 13 17 0.06533234 
309 132 14 16 0.063449405 
37 170 43 51 0.063316286 
360 168 24 34 0.061156552 
499 199 17 21 0.059841868 
178 192 19 28 0.05581332 
96 148 26 30 0.052942827 
775 136 38 44 0.050990406 
22 163 29 37 0.048707306 
71 169 37 46 0.048430692 
749 212 15 19 0.04822407 
451 196 18 21 0.047420908 
286 178 33 47 0.046890426 
659 132 26 33 0.04584187 
301 181 28 39 0.045362595 
548 180 33 37 0.044888582 
684 156 13 19 0.042891476 
364 180 15 21 0.03938062 
493 204 15 18 0.037167966 
797 175 24 30 0.036900066 
15 192 27 34 0.036670633 
949 411 13 19 0.036525045 
975 395 11 14 0.035299372 
589 145 15 18 0.034489635 
988 98 15 19 0.03418115 
765 175 16 21 0.033409078 
855 140 12 18 0.03325798 
873 229 28 34 0.03294312 
673 145 17 23 0.03289102 
746 214 26 31 0.032573566 
116 228 15 17 0.032033067 
23 186 14 20 0.031724133 
435 110 11 13 0.03156934 
611 191 26 38 0.03143384 
378 156 34 49 0.031347647 
496 184 27 32 0.031235456 
487 205 24 31 0.030854544 
967 147 40 49 0.030698422 
867 130 16 23 0.030294402 
615 189 39 57 0.030201212 
706 202 19 27 0.029998442 
506 193 15 21 0.02934778 
439 120 11 16 0.028960563 
361 226 30 34 0.028348519 
235 34 12 15 0.027842352 
531 169 27 42 0.027794398 
453 202 44 52 0.02770513 
35 160 31 34 0.027450545 
830 294 16 21 0.026824605 
724 190 46 56 0.02626224 
58 170 34 40 0.026245162 
507 189 26 35 0.026096972 
187 232 18 20 0.025821494 
180 178 25 37 0.025820384 
558 189 34 38 0.025696253 
692 176 26 39 0.025685858 
369 84 15 17 0.025682565 
449 214 20 23 0.025522508 
370 175 14 22 0.025384651 
195 172 17 23 0.024577277 
709 193 36 42 0.024414707 
429 190 16 25 0.024181629 
307 133 22 26 0.024076087 
156 354 27 32 0.023966094 
181 157 24 30 0.023657687 
638 144 11 14 0.023330554 
103 184 19 26 0.023185544 
357 146 27 36 0.02292457 
371 168 26 36 0.022593966 
982 128 21 26 0.02239586 
84 177 40 50 0.022293191 
772 163 14 18 0.022136604 
441 203 23 22 0.021976136 
417 254 30 34 0.021844985 
205 62 9 11 0.021734329 
68 157 32 39 0.02161044 
577 543 27 31 0.021552024 
551 161 32 40 0.021328693 
508 159 24 34 0.021283884 
345 152 29 42 0.021263983 
854 137 22 30 0.021003366 
914 142 22 38 0.020950064 
828 165 15 20 0.02082664 
49 150 27 29 0.020778503 
556 248 35 43 0.020686416 
342 196 27 33 0.02058561 
21 180 47 52 0.020578217 
265 204 28 32 0.020495322 
642 148 15 20 0.020463435 
1012 202 11 17 0.020423952 
564 174 33 38 0.02036488 
225 289 34 51 0.020200843 
998 149 18 25 0.020012619 
