2_Demonstration_Protesters_2_476
112
769 357 25 32 0.99625576 
685 382 22 31 0.992736 
187 412 26 36 0.9917229 
409 379 48 54 0.9891621 
273 385 41 55 0.9858305 
198 357 28 38 0.97286904 
920 375 22 27 0.88367754 
17 342 28 40 0.87455034 
106 383 51 58 0.7558819 
97 316 36 39 0.620876 
582 401 27 33 0.61579734 
325 391 31 40 0.50050265 
450 381 26 36 0.34599334 
329 377 31 39 0.33527067 
255 369 31 42 0.30401966 
882 379 16 19 0.29119384 
612 375 14 18 0.23425962 
789 478 16 19 0.19752088 
255 358 29 32 0.1385859 
618 395 17 22 0.10043057 
239 340 11 14 0.094443396 
883 387 18 22 0.094380446 
197 414 28 39 0.08636286 
103 318 54 59 0.07787047 
762 337 38 58 0.07476856 
334 400 31 39 0.07355007 
626 398 17 24 0.06736321 
879 373 14 20 0.066340394 
122 279 46 53 0.0622745 
240 376 27 35 0.061496597 
221 345 13 15 0.053495985 
162 400 18 24 0.04889076 
173 366 22 29 0.048856393 
387 418 23 29 0.046152588 
634 401 14 20 0.046102338 
118 249 34 35 0.0458988 
136 392 32 44 0.04587905 
253 360 16 22 0.044381067 
594 374 12 17 0.044228904 
99 347 62 72 0.044071566 
137 333 24 28 0.042484835 
609 379 24 27 0.041895255 
187 348 12 16 0.041751526 
218 363 15 20 0.039654564 
164 397 28 36 0.03838409 
193 335 8 10 0.03828242 
681 371 18 21 0.037610136 
652 383 17 23 0.03706775 
660 452 18 19 0.036449663 
178 342 8 10 0.03546641 
612 354 12 15 0.03508959 
108 292 47 54 0.033706617 
491 402 23 27 0.0331383 
318 404 40 51 0.032922808 
175 400 33 40 0.03235321 
259 349 15 18 0.03168174 
865 437 23 35 0.03166768 
220 353 14 19 0.031515922 
612 364 13 16 0.03117013 
580 469 24 35 0.03074515 
632 356 10 15 0.030237805 
619 404 17 23 0.029470861 
951 369 15 22 0.02888601 
182 343 9 12 0.028853547 
167 369 15 21 0.028189136 
145 334 15 17 0.027906183 
23 365 15 22 0.026869638 
315 398 28 39 0.02634405 
188 355 14 20 0.025602683 
616 331 13 16 0.025497572 
231 356 11 17 0.024477866 
237 334 21 26 0.02421771 
646 373 12 17 0.02379917 
889 381 15 18 0.023468982 
78 355 15 19 0.023251519 
205 341 11 12 0.023249552 
130 431 26 30 0.023083832 
206 358 39 49 0.02306554 
25 338 17 24 0.023031674 
344 382 18 23 0.022865312 
181 355 24 33 0.022617213 
617 371 15 20 0.022568544 
943 481 13 17 0.02252111 
226 359 22 30 0.02239124 
70 361 49 56 0.022366116 
597 407 20 23 0.022357358 
235 370 16 20 0.022298407 
890 205 49 63 0.022295896 
272 339 11 15 0.02226558 
341 314 31 40 0.02225237 
654 372 14 17 0.02214981 
667 392 16 21 0.022062622 
358 407 15 19 0.022014046 
243 371 14 19 0.022009175 
955 458 39 56 0.021905612 
64 320 9 11 0.02176552 
670 371 14 19 0.021694802 
275 567 31 32 0.021542069 
190 342 10 13 0.021440733 
684 363 15 19 0.021327415 
66 394 48 53 0.021270176 
230 372 25 31 0.021162547 
673 386 25 34 0.020751989 
109 256 30 36 0.020747399 
84 323 28 33 0.020598112 
644 337 13 16 0.020541906 
633 422 22 32 0.020540481 
204 336 10 11 0.020465968 
620 366 23 30 0.0203465 
243 335 12 15 0.020198515 
177 337 8 11 0.020157032 
676 364 17 20 0.020146929 
