2_Demonstration_Protesters_2_12
80
921 328 52 64 0.9974179 
827 329 44 65 0.996845 
374 320 45 61 0.9949621 
18 348 55 71 0.9942162 
52 305 50 64 0.9933929 
293 282 49 61 0.9930824 
635 348 49 68 0.9914135 
485 313 48 59 0.9905566 
768 285 39 47 0.9842339 
398 266 36 45 0.9824875 
422 338 41 56 0.95993567 
681 275 45 56 0.9588943 
642 314 45 60 0.8724647 
664 582 30 52 0.76337916 
597 311 43 50 0.73335046 
543 571 14 20 0.5126383 
183 304 39 48 0.47499907 
635 534 11 14 0.37655684 
167 311 40 52 0.2109854 
473 587 18 22 0.18812792 
625 602 10 14 0.16141516 
907 318 29 39 0.13363446 
506 285 14 17 0.12703249 
476 260 16 20 0.120408736 
225 294 17 21 0.103934 
1004 311 21 43 0.10246155 
682 592 41 51 0.09761283 
717 326 34 50 0.093888946 
769 338 45 59 0.087581925 
372 292 32 36 0.0855433 
549 263 20 28 0.08530025 
263 508 33 34 0.08052451 
342 314 40 56 0.074766 
912 307 32 38 0.074356966 
911 327 40 47 0.07171024 
660 309 43 59 0.071010984 
595 571 25 27 0.07025084 
992 323 30 48 0.05942657 
961 298 37 55 0.057755936 
744 559 42 59 0.05295924 
764 316 45 57 0.05089531 
700 298 42 58 0.05086234 
455 335 28 39 0.047929764 
703 587 41 55 0.045679037 
506 330 32 41 0.045620747 
159 319 29 48 0.045417614 
940 302 44 61 0.044156495 
1011 334 13 25 0.042758863 
909 318 16 22 0.04138595 
965 297 16 19 0.040848892 
926 305 34 36 0.040513985 
733 318 40 55 0.03855375 
725 271 15 20 0.037771624 
941 303 29 34 0.03717714 
462 577 27 31 0.03678849 
895 340 24 33 0.03583925 
960 297 25 34 0.03418357 
607 328 36 51 0.03367261 
628 573 11 12 0.032833293 
722 574 35 54 0.031280745 
151 333 26 39 0.030785123 
504 278 12 17 0.029310392 
551 262 12 17 0.028535213 
665 519 26 30 0.028431937 
170 337 29 43 0.02667325 
768 361 34 52 0.026461674 
590 334 37 47 0.025783435 
632 532 18 22 0.0257151 
597 566 16 17 0.02551032 
440 338 35 43 0.024926186 
622 599 21 30 0.023823038 
717 381 45 63 0.023482177 
209 293 28 35 0.023079608 
597 583 15 18 0.022816459 
753 535 64 76 0.02217248 
629 586 26 34 0.02210896 
655 573 11 15 0.021475181 
970 293 12 16 0.020558462 
711 568 33 50 0.020533407 
335 317 30 40 0.020014731 
