2_Demonstration_Protesters_2_738
74
241 869 126 154 0.9998945 
731 1016 115 153 0.99987423 
464 99 107 125 0.9991842 
776 181 59 90 0.99864155 
308 57 57 68 0.9979456 
928 1028 93 195 0.9970848 
217 24 81 107 0.99558556 
0 1214 114 215 0.99324787 
814 78 39 49 0.97552186 
678 687 31 41 0.8594729 
494 1028 102 97 0.55017203 
577 690 29 29 0.36714908 
29 729 34 40 0.26704827 
689 1 25 29 0.20601058 
270 402 26 33 0.14527525 
988 6 33 43 0.121994056 
805 832 93 121 0.11099919 
1005 738 11 14 0.10233515 
152 119 16 21 0.097907335 
596 900 17 21 0.07404831 
947 725 14 19 0.072170325 
683 552 25 31 0.061226465 
0 726 21 39 0.060476217 
948 805 89 129 0.059784185 
804 76 18 22 0.057533957 
165 103 21 28 0.0546882 
4 720 38 50 0.05183712 
807 74 28 34 0.04376211 
320 657 105 140 0.042008482 
0 734 12 25 0.041758444 
724 702 16 21 0.041519754 
730 58 23 33 0.039947316 
867 159 55 78 0.03869639 
121 717 36 59 0.03407661 
568 111 23 42 0.033875234 
122 131 22 29 0.033688106 
763 162 55 83 0.03291024 
942 728 22 27 0.032471508 
391 399 22 30 0.03162115 
124 113 15 20 0.03136932 
691 690 29 37 0.030554341 
96 147 14 18 0.030117646 
156 106 23 31 0.029467875 
50 734 16 27 0.029057665 
264 25 85 96 0.02889671 
287 703 44 69 0.0284709 
446 702 384 487 0.028338991 
611 529 394 454 0.028148605 
317 716 12 17 0.027658675 
999 736 21 29 0.027507342 
379 241 39 47 0.026881175 
134 127 21 30 0.02662739 
95 117 14 17 0.026189463 
118 117 24 31 0.025625963 
92 139 23 30 0.025580639 
1011 739 11 17 0.0255577 
986 777 32 39 0.024477264 
951 379 76 151 0.024332149 
670 704 15 21 0.024207791 
633 757 11 13 0.024207475 
320 15 25 30 0.024135634 
171 805 67 81 0.023940254 
708 697 26 31 0.023702549 
583 701 21 23 0.022659237 
572 699 31 38 0.022561932 
686 736 15 18 0.022342805 
957 732 12 16 0.0222958 
942 719 13 16 0.022258712 
166 468 332 435 0.021731753 
281 592 193 260 0.021691773 
302 707 25 45 0.021682182 
840 179 52 80 0.021181114 
998 748 26 34 0.021177948 
41 162 18 25 0.020679915 
