2_Demonstration_Demonstrators_2_181
211
881 592 47 60 0.9990189 
75 530 60 79 0.9983896 
942 543 33 42 0.99820375 
661 521 37 48 0.99616396 
848 501 23 31 0.9953986 
718 513 22 28 0.99354905 
412 532 24 32 0.9935027 
546 515 13 15 0.96119815 
259 528 15 20 0.941524 
528 562 22 30 0.9387276 
781 499 19 23 0.91166085 
230 543 21 27 0.90911776 
187 552 22 28 0.8719882 
761 566 26 31 0.8608159 
464 534 13 17 0.8294561 
280 529 16 23 0.7412669 
338 535 13 17 0.46164292 
759 527 21 27 0.37886038 
542 539 11 13 0.31482902 
455 516 11 13 0.2661458 
734 556 22 30 0.26449448 
424 516 11 14 0.25335306 
379 518 10 13 0.24008583 
191 515 13 17 0.2197856 
438 510 8 11 0.17117845 
450 517 8 11 0.15111181 
559 547 13 15 0.15054192 
473 512 8 11 0.15015289 
181 533 14 18 0.14812686 
512 517 9 11 0.14350939 
313 516 11 14 0.1359446 
408 516 10 12 0.11819837 
482 502 9 12 0.11607314 
586 471 9 11 0.11517778 
545 471 8 10 0.10927409 
439 556 13 17 0.10158456 
526 525 9 11 0.09719938 
508 525 10 13 0.09171469 
308 524 11 14 0.09082393 
479 508 9 12 0.08971338 
344 640 39 40 0.08689269 
313 509 11 14 0.08564834 
910 315 11 14 0.07955312 
364 541 11 14 0.07633413 
462 514 8 9 0.07529824 
205 528 341 459 0.07384572 
780 520 13 17 0.07364052 
281 539 18 24 0.07169513 
155 561 16 25 0.068713024 
352 514 8 10 0.0679249 
552 501 11 12 0.06607844 
400 513 8 10 0.065177836 
462 481 9 10 0.06473081 
478 518 9 13 0.062003292 
808 457 13 16 0.059978344 
454 495 8 10 0.0594927 
502 495 7 9 0.058094494 
312 503 10 12 0.056853533 
503 531 9 12 0.056261025 
573 546 14 19 0.05522411 
486 496 8 10 0.054764345 
307 531 11 15 0.054274347 
479 523 9 12 0.054002807 
564 543 12 15 0.05383019 
493 473 8 9 0.05373424 
577 503 10 12 0.053573113 
544 487 8 11 0.052562024 
497 495 7 9 0.052369665 
773 522 13 19 0.05131115 
170 528 20 26 0.04968469 
512 496 7 9 0.049198367 
534 500 9 11 0.047663428 
415 512 9 11 0.0474861 
535 495 8 10 0.046170555 
564 549 15 20 0.04590734 
379 533 11 16 0.045669295 
633 508 9 11 0.04564333 
182 545 17 23 0.044402834 
253 559 16 20 0.04413856 
163 530 16 19 0.043332092 
568 525 10 11 0.040825095 
511 501 8 9 0.040206283 
368 513 8 10 0.03991602 
358 513 8 10 0.03977646 
413 516 10 13 0.03961062 
758 535 28 37 0.039397713 
199 583 22 29 0.039152443 
617 506 8 10 0.038487237 
552 496 9 11 0.038133025 
345 518 9 11 0.037816957 
527 518 10 12 0.03781575 
588 485 10 12 0.037558373 
197 563 24 30 0.037275508 
550 545 14 17 0.037216213 
336 528 10 13 0.036898036 
375 513 9 12 0.0368555 
497 517 9 12 0.03669104 
764 513 16 20 0.03645467 
796 499 12 17 0.035408042 
575 519 10 13 0.034283742 
431 510 10 13 0.033798818 
528 500 9 11 0.033779662 
488 479 7 9 0.033734653 
453 500 9 11 0.033614404 
484 507 10 12 0.033405766 
463 462 7 9 0.033151347 
481 496 9 11 0.032507073 
527 530 10 14 0.032245398 
555 517 10 13 0.03201721 
585 476 9 12 0.031267036 
287 501 10 12 0.03114484 
325 508 12 14 0.03105629 
913 303 9 12 0.030948432 
339 542 14 18 0.030293632 
536 533 10 14 0.030165756 
517 518 10 12 0.030078745 
203 530 13 17 0.029757015 
535 549 11 14 0.029326914 
310 569 13 16 0.02931234 
438 514 10 12 0.02928807 
134 232 27 36 0.029054254 
533 560 13 16 0.028758379 
340 526 12 15 0.028744023 
664 493 13 16 0.028681511 
174 560 15 20 0.028566077 
549 478 8 10 0.02853244 
57 548 31 43 0.028232483 
374 514 17 22 0.028084265 
528 495 9 11 0.02770626 
810 1032 63 70 0.027660556 
622 364 11 15 0.027452085 
545 476 8 10 0.02744315 
558 496 8 10 0.02735991 
582 492 10 13 0.027154993 
463 527 13 16 0.027146945 
437 540 10 15 0.027060231 
448 513 7 10 0.0270456 
520 454 8 11 0.027004618 
161 528 10 14 0.02696773 
547 540 13 16 0.02685444 
385 779 176 282 0.026682112 
972 190 40 62 0.026243405 
441 479 9 11 0.025949901 
239 539 18 23 0.025948474 
393 472 7 8 0.025878027 
185 537 14 19 0.025463609 
317 655 191 273 0.025440607 
381 512 9 11 0.025412755 
356 645 48 48 0.025403133 
914 314 14 17 0.02532359 
315 522 11 13 0.025291285 
304 536 12 17 0.024944823 
566 532 13 15 0.024927193 
208 579 17 22 0.024727767 
458 479 9 11 0.024675611 
576 484 8 11 0.02464884 
541 543 15 18 0.024600938 
229 533 14 18 0.024498802 
528 511 9 12 0.024431534 
57 558 19 25 0.024223456 
195 522 14 16 0.024136446 
521 524 9 11 0.024025116 
327 515 10 13 0.02400453 
454 511 19 22 0.023931192 
464 457 7 9 0.023881344 
576 479 8 11 0.023880463 
303 518 12 16 0.02384506 
567 485 8 10 0.023814721 
403 513 20 24 0.023660127 
725 563 28 36 0.023657102 
195 511 11 14 0.023555797 
537 488 8 10 0.023512457 
647 507 11 15 0.023381379 
420 513 20 25 0.023179514 
269 324 51 63 0.023179378 
661 496 21 25 0.023151934 
316 503 11 14 0.023147946 
73 -8 431 415 0.023134565 
580 506 11 13 0.02310789 
511 479 7 9 0.023036012 
502 512 9 11 0.0229632 
326 486 8 9 0.022937244 
450 495 8 10 0.022935001 
768 530 18 27 0.022894315 
622 505 9 11 0.022824448 
487 486 8 10 0.022789815 
310 504 18 24 0.022711791 
516 549 10 13 0.02265081 
495 501 9 10 0.022591969 
438 549 13 17 0.022511883 
503 518 8 11 0.022508806 
548 658 17 22 0.022092523 
543 493 8 10 0.021899084 
496 488 8 9 0.021872513 
392 511 8 11 0.021816354 
393 517 9 13 0.021775128 
471 485 8 11 0.021673655 
744 557 17 25 0.021639911 
346 512 8 11 0.021540755 
534 512 9 11 0.021364605 
409 485 7 9 0.021299573 
504 562 10 14 0.021182626 
359 547 10 13 0.02113828 
578 540 16 21 0.021114018 
589 464 11 12 0.021053448 
229 527 12 15 0.021009512 
415 505 8 10 0.020794919 
408 505 9 10 0.02053337 
240 182 422 502 0.020343577 
456 486 9 10 0.020185137 
565 579 14 21 0.020176446 
