2_Demonstration_Protesters_2_362
81
237 359 60 97 0.9970092 
810 403 74 78 0.9958534 
418 493 13 18 0.63540393 
452 506 14 17 0.5586557 
866 532 26 32 0.5524169 
880 521 25 34 0.5036537 
383 520 14 18 0.35626146 
399 495 12 15 0.33108407 
313 331 18 21 0.23066601 
701 531 9 13 0.18899445 
361 494 10 12 0.13843623 
868 524 42 50 0.119211875 
856 538 32 39 0.11157793 
146 465 23 38 0.09802764 
678 511 15 20 0.09496046 
696 505 9 10 0.08585937 
655 517 8 11 0.07751647 
463 548 9 13 0.074355826 
344 15 9 11 0.07245095 
1012 420 12 19 0.07174479 
698 527 9 13 0.06902582 
440 505 13 17 0.062136155 
460 557 14 21 0.05674786 
887 624 66 54 0.04730717 
645 493 9 12 0.046711557 
391 547 14 17 0.046036102 
459 512 12 16 0.045387156 
726 510 9 11 0.042957768 
529 44 11 14 0.041997347 
704 559 23 32 0.041399624 
429 499 12 16 0.040279288 
727 503 10 11 0.03708309 
701 504 8 10 0.035829235 
502 552 9 12 0.03528566 
445 509 16 18 0.035106886 
398 469 12 15 0.0342709 
344 9 10 11 0.033962693 
300 527 58 85 0.03298111 
882 515 43 51 0.03285671 
373 514 14 20 0.031168552 
1014 440 9 15 0.029276192 
899 482 15 19 0.028966866 
978 475 11 13 0.028961942 
327 524 45 64 0.028565887 
386 526 17 20 0.028468527 
577 126 466 496 0.028050408 
416 555 12 16 0.027941275 
50 309 53 73 0.027908249 
937 455 25 32 0.027508508 
1008 474 11 15 0.026899943 
861 1 16 12 0.026705075 
455 559 13 19 0.026507014 
998 501 11 11 0.026334161 
448 477 10 14 0.026245058 
990 501 11 13 0.026121195 
930 510 13 16 0.025624767 
811 412 44 51 0.025254978 
975 500 10 13 0.025172206 
406 15 70 76 0.024783907 
554 485 12 14 0.02472001 
1012 469 9 15 0.024652801 
844 547 35 43 0.024372242 
700 533 13 20 0.023818238 
713 562 14 21 0.023757888 
320 512 93 105 0.023668092 
393 498 13 16 0.023637699 
816 35 13 16 0.022883128 
690 547 15 19 0.0227751 
892 504 31 36 0.022662403 
394 541 14 16 0.022382163 
87 443 33 30 0.022152357 
468 370 11 15 0.021842748 
923 505 22 27 0.021539364 
735 495 9 11 0.02135455 
733 508 11 14 0.021122402 
364 495 12 16 0.02098885 
733 501 10 12 0.020689663 
687 540 11 15 0.020623038 
400 488 17 23 0.020215902 
106 453 15 16 0.020183021 
687 510 19 26 0.020003807 
