2_Demonstration_Political_Rally_2_746
302
586 91 66 82 0.9995654 
586 370 62 72 0.9994597 
850 2258 59 75 0.99919695 
168 2368 89 109 0.99919146 
509 355 66 82 0.9971487 
357 2323 86 103 0.9954163 
594 2299 27 34 0.9905171 
779 1344 68 102 0.98917794 
56 2336 42 54 0.9879959 
753 2325 31 35 0.9853231 
965 123 41 54 0.9802673 
201 2254 40 51 0.97908986 
281 208 15 21 0.91614693 
130 2305 40 45 0.9031681 
268 197 12 14 0.86558986 
332 192 18 21 0.85491323 
723 1373 30 46 0.71310604 
252 195 13 16 0.6896361 
646 2286 26 35 0.66581833 
862 142 12 15 0.6145013 
403 1338 12 18 0.5988855 
305 2293 45 58 0.5929198 
834 189 11 15 0.5459257 
482 1314 15 20 0.52124655 
115 1284 20 28 0.43974042 
444 1317 8 11 0.3145257 
72 186 20 27 0.25513256 
350 214 15 19 0.2526529 
262 197 11 15 0.24827491 
490 1345 13 17 0.24419315 
787 226 18 23 0.23230602 
284 1329 25 44 0.23103358 
460 1365 14 17 0.20968834 
481 2297 28 40 0.20751312 
660 1356 12 19 0.20022683 
175 2251 23 29 0.17174703 
834 214 11 16 0.15975714 
49 203 17 25 0.13829303 
145 1316 11 15 0.1339378 
403 1365 18 24 0.13267307 
341 2260 14 18 0.13178037 
310 2284 29 33 0.12875976 
340 2264 22 28 0.124675035 
111 1289 15 19 0.12324001 
749 212 14 17 0.119375825 
464 1332 8 11 0.11628341 
701 1351 8 11 0.11614719 
530 2313 14 19 0.11290037 
292 211 12 18 0.102314524 
676 1406 20 25 0.10221873 
175 1330 13 18 0.10019961 
700 1357 9 13 0.09625181 
218 1246 25 33 0.09544859 
622 2311 21 32 0.09504196 
-1 303 39 64 0.088896774 
175 1280 9 11 0.08881327 
271 1298 12 15 0.087198384 
648 1349 21 30 0.086698435 
468 1359 12 15 0.08514413 
263 1303 10 13 0.08275397 
301 2276 22 30 0.079928726 
477 1342 11 14 0.079625495 
99 2349 30 36 0.07958971 
642 1320 13 19 0.079557724 
518 1342 11 14 0.079213694 
880 245 13 18 0.079159245 
653 2285 15 23 0.07887092 
658 2287 26 37 0.07876867 
157 1324 14 17 0.07793184 
614 2299 23 33 0.076432556 
720 1352 9 11 0.07577243 
329 196 25 30 0.07496417 
260 2367 48 75 0.07088322 
190 1294 8 10 0.06934073 
227 1256 13 18 0.06883232 
250 1268 18 22 0.06766291 
452 1392 26 30 0.066901065 
535 974 25 31 0.06673325 
724 1369 15 24 0.066398464 
212 205 10 13 0.06624871 
298 212 14 18 0.0656994 
630 1338 38 55 0.06304493 
223 203 10 13 0.06280167 
844 167 16 23 0.06230691 
82 188 16 24 0.062092904 
183 637 218 257 0.062086288 
321 224 15 20 0.061915565 
371 1324 39 56 0.060991455 
158 1306 10 12 0.059535027 
271 228 12 16 0.059409067 
882 116 16 21 0.05795404 
698 403 32 38 0.057264816 
718 1369 15 20 0.055575278 
408 1337 15 19 0.05545483 
298 2194 14 19 0.05531176 
520 1335 9 12 0.055045974 
399 1332 13 22 0.05418147 
277 1293 14 18 0.053489763 
54 192 24 30 0.05346005 
470 1326 8 11 0.05121615 
437 2303 28 35 0.050401952 
421 1339 13 17 0.05024551 
409 1320 9 12 0.04986549 
173 2280 23 33 0.0481307 
388 1337 14 21 0.04806436 
149 1321 13 17 0.04794639 
101 1276 37 52 0.04728787 
829 191 18 22 0.046738125 
704 1345 7 10 0.04604758 
176 2246 10 14 0.045778118 
103 1289 15 19 0.045740504 
556 361 66 86 0.045603674 
122 1295 14 20 0.044438098 
283 1290 15 19 0.04435194 
686 1367 12 15 0.04413386 
429 1340 10 14 0.04406092 
207 207 12 14 0.044044703 
414 1320 9 11 0.044036932 
645 1327 13 19 0.043774158 
467 1369 13 16 0.04313207 
331 2268 26 34 0.042934503 
207 1301 9 13 0.04290612 
246 192 14 16 0.04277999 
142 528 46 58 0.042623475 
681 1343 8 10 0.042513926 
387 1329 26 36 0.042439356 
221 2250 28 41 0.04222584 
329 2286 28 41 0.04125105 
93 1230 27 46 0.041191816 
601 1298 15 17 0.040086363 
916 2259 41 59 0.04001047 
274 197 12 16 0.039477747 
680 1373 11 14 0.038616404 
241 195 11 15 0.038192656 
755 214 13 20 0.0372436 
168 1279 8 10 0.03691366 
420 1332 11 16 0.036898248 
414 1324 11 13 0.036851685 
355 212 20 26 0.03684704 
133 2372 50 69 0.03661752 
712 1357 10 13 0.03607242 
254 1295 11 12 0.036041655 
514 954 19 24 0.03587482 
387 1274 12 15 0.03481777 
107 1258 25 30 0.03479772 
601 2312 20 27 0.03468341 
233 2249 26 35 0.03451986 
175 1251 12 15 0.034467015 
549 2284 14 17 0.034404315 
693 1361 12 16 0.034210004 
486 2293 42 52 0.034151632 
627 2307 14 21 0.034025963 
288 165 11 14 0.033880197 
340 207 24 29 0.033241637 
182 1285 8 11 0.0330762 
521 1327 10 13 0.033044223 
711 1351 9 11 0.032995045 
116 512 349 407 0.032659784 
861 119 10 13 0.03238738 
258 2311 46 56 0.032368686 
200 1293 9 12 0.032227486 
503 1327 9 10 0.031911854 
725 1350 8 11 0.03180697 
181 1311 8 11 0.031740073 
412 1331 14 19 0.031565353 
154 1300 11 15 0.03146324 
159 1296 9 11 0.031377763 
468 1388 16 20 0.031354915 
400 1325 10 16 0.031321723 
117 1242 11 15 0.03116457 
458 1360 11 14 0.031042008 
125 477 52 60 0.030892424 
160 1285 9 11 0.0307941 
685 1343 8 10 0.03069886 
420 1326 9 12 0.030602261 
201 2350 83 113 0.030334799 
422 965 25 30 0.030164897 
116 1261 12 15 0.030148387 
816 190 8 12 0.03002378 
34 423 55 76 0.029953722 
522 1450 33 37 0.029891742 
320 1271 12 16 0.029802538 
478 2301 12 18 0.029564349 
272 209 14 19 0.029524906 
176 2261 28 38 0.029437365 
297 2301 29 45 0.029431876 
514 2302 29 37 0.029416602 
678 1378 11 15 0.029332237 
134 2314 50 60 0.029130785 
292 1323 33 53 0.028946709 
365 2263 16 22 0.028604845 
202 1300 10 13 0.028473299 
217 1354 19 18 0.02829123 
461 1288 8 10 0.028227136 
199 1329 13 18 0.02810297 
997 101 21 32 0.027912593 
690 1342 79 104 0.027877893 
845 213 12 15 0.027614096 
307 236 11 15 0.027613726 
427 1346 11 15 0.027606875 
829 208 18 26 0.027451297 
640 1322 22 32 0.027443022 
686 1348 10 12 0.02714333 
292 2269 23 31 0.02692377 
252 2053 11 16 0.02655678 
353 1335 34 44 0.026467465 
252 1319 14 18 0.026303984 
91 220 13 16 0.026214913 
387 1260 11 15 0.026079053 
248 263 20 33 0.026049057 
479 1302 10 12 0.025739666 
208 200 10 12 0.025594724 
454 1369 25 28 0.025569942 
119 1237 11 14 0.025440842 
183 1294 10 12 0.025411561 
594 2339 40 62 0.025386952 
835 199 13 19 0.025344266 
741 242 16 23 0.025270402 
503 1333 10 12 0.025193611 
673 2295 17 22 0.024972744 
472 1391 19 22 0.024943294 
149 2370 64 84 0.024868911 
238 216 14 19 0.02479992 
629 1322 15 19 0.024760643 
500 2282 11 13 0.024701148 
458 1292 8 11 0.024697265 
290 2057 9 11 0.024458759 
109 1259 13 18 0.024429481 
690 1058 16 18 0.024153043 
387 1347 28 40 0.023927093 
475 1364 13 15 0.023924205 
610 2366 30 49 0.02390612 
469 1334 9 11 0.023729604 
365 1247 10 14 0.02366055 
894 2261 47 64 0.023543915 
185 1340 16 19 0.023428723 
487 1351 13 17 0.023331681 
670 410 35 38 0.023325672 
821 172 13 15 0.023269849 
164 1328 15 19 0.02325925 
778 1339 11 14 0.023214933 
326 207 24 31 0.023158396 
363 1252 13 18 0.023055108 
331 1153 13 18 0.023014886 
674 2284 26 31 0.022974046 
174 1334 21 25 0.022945642 
709 1402 12 17 0.022909781 
239 2377 51 72 0.0229004 
473 1295 9 10 0.022839334 
438 1396 12 17 0.022770908 
425 111 10 13 0.022761002 
175 1259 9 12 0.022667415 
679 1336 8 10 0.022655096 
486 1333 12 15 0.022630718 
835 181 13 19 0.02262222 
682 1398 22 31 0.02249164 
191 1289 9 11 0.02243298 
261 1295 10 13 0.022399433 
294 221 21 27 0.022369208 
102 2356 17 23 0.022300215 
139 1509 196 284 0.022216741 
484 1304 10 13 0.022210434 
294 233 13 17 0.022102032 
244 2244 13 17 0.022087742 
184 647 35 44 0.021898884 
453 1412 26 33 0.021789536 
176 1299 10 13 0.021783747 
156 1317 14 17 0.021653658 
45 196 15 22 0.02132961 
237 2283 25 34 0.02131893 
204 598 108 102 0.021306658 
714 1352 21 27 0.021116657 
476 1340 20 25 0.021090552 
879 158 10 13 0.021088315 
608 339 54 61 0.02101746 
151 1279 10 12 0.020816334 
86 1025 16 21 0.020768464 
65 2057 28 34 0.020756688 
501 1340 10 14 0.020719111 
477 1357 11 14 0.020709438 
496 2283 10 13 0.020671478 
930 1331 11 16 0.020661538 
333 184 15 19 0.02066075 
186 2251 17 23 0.020656276 
292 2282 72 95 0.02064773 
256 1235 13 17 0.020620374 
253 2005 17 21 0.02047062 
445 1322 10 14 0.020459017 
267 2061 12 16 0.020446679 
188 1299 10 12 0.020425979 
201 1280 9 12 0.020413155 
206 1281 8 11 0.020411232 
472 1345 12 15 0.020362474 
949 147 39 40 0.02023574 
538 2315 14 17 0.020171816 
286 2304 25 43 0.020140134 
479 1336 10 13 0.020096626 
655 2279 10 14 0.020073691 
117 1253 11 14 0.020046407 
267 1301 15 20 0.020041507 
40 196 12 15 0.020036977 
337 2166 8 11 0.020017993 
