2_Demonstration_Demonstration_Or_Protest_2_395
113
874 338 53 78 0.99428755 
809 493 96 107 0.9709083 
975 298 47 78 0.71682507 
564 222 23 28 0.61191237 
966 250 30 39 0.27861723 
750 342 41 57 0.20241651 
477 127 32 38 0.19665058 
891 241 25 31 0.1531606 
972 244 15 19 0.12555574 
831 320 24 30 0.10782328 
916 285 28 41 0.10593425 
895 235 16 20 0.10235501 
940 248 16 18 0.09023918 
691 465 51 69 0.09018619 
77 17 47 74 0.08831082 
181 69 17 21 0.08756786 
978 260 27 33 0.08153246 
858 221 30 37 0.07930007 
966 270 48 74 0.079171166 
1007 257 11 16 0.07799701 
704 530 33 39 0.07621234 
258 102 12 16 0.0716864 
311 166 88 126 0.07098234 
971 269 27 34 0.06951981 
338 88 13 17 0.067740574 
904 292 29 35 0.06596267 
1007 274 15 20 0.064951465 
1012 269 11 19 0.06394122 
891 256 23 29 0.0637917 
800 264 41 54 0.059889372 
848 347 43 66 0.058010943 
971 254 19 24 0.05529076 
887 236 40 53 0.053611483 
610 206 16 20 0.05089766 
956 254 24 32 0.050045434 
327 558 50 68 0.048489004 
991 267 26 33 0.04598016 
981 -7 46 60 0.045491494 
780 257 46 60 0.042969376 
136 26 53 64 0.042425264 
599 114 52 83 0.04126167 
923 275 24 32 0.040544316 
967 248 17 24 0.040484745 
298 111 17 19 0.039820466 
839 317 28 33 0.039542984 
910 197 15 20 0.036404178 
229 0 13 11 0.036106788 
936 170 18 21 0.03596584 
213 76 13 15 0.035821147 
896 256 41 54 0.03507742 
995 264 16 24 0.03371337 
896 272 17 21 0.032831337 
194 94 29 36 0.03208055 
693 174 40 36 0.032016914 
894 301 53 66 0.031860776 
980 273 32 42 0.031781945 
247 384 45 68 0.03147121 
923 256 13 17 0.030907346 
917 302 31 39 0.030708399 
0 0 39 79 0.030509485 
894 284 24 35 0.0295025 
536 259 24 31 0.02936203 
752 255 50 57 0.028905688 
818 277 18 28 0.028894566 
554 204 17 19 0.028679265 
132 17 100 112 0.028445901 
826 274 25 37 0.028322963 
865 271 40 54 0.02805905 
859 230 18 23 0.027886353 
496 135 19 24 0.027778633 
486 209 17 20 0.02709012 
784 455 174 172 0.026447315 
461 136 48 62 0.026420722 
908 281 15 20 0.026326776 
256 11 12 15 0.026037693 
481 148 19 22 0.02577466 
159 40 52 61 0.025654284 
105 9 48 70 0.025600832 
219 77 11 14 0.025496634 
828 266 16 23 0.024550587 
933 253 47 60 0.024406571 
167 62 51 61 0.024330972 
466 122 30 41 0.024306946 
731 326 74 101 0.024156732 
234 1 12 14 0.024141693 
385 36 11 14 0.023873234 
678 212 50 57 0.023709266 
842 279 15 22 0.023645878 
951 266 14 21 0.02341989 
825 334 30 41 0.023388056 
666 239 26 30 0.023334011 
202 105 17 23 0.023294684 
1006 251 18 28 0.022950618 
885 271 25 35 0.022817113 
659 379 15 24 0.022533102 
913 188 12 15 0.022438409 
915 255 16 19 0.02235404 
436 231 38 43 0.022079337 
985 277 18 24 0.021878297 
998 280 26 35 0.02164438 
485 233 29 36 0.02163757 
709 484 24 31 0.021351717 
272 113 26 32 0.021321068 
962 321 49 71 0.021319315 
223 92 24 29 0.021272583 
139 96 25 28 0.02105388 
535 212 43 54 0.02098091 
901 271 25 34 0.020914081 
554 95 49 69 0.020892804 
681 492 52 74 0.020612177 
574 232 19 23 0.020398738 
270 90 11 14 0.020316582 
433 112 98 134 0.020144595 
