2_Demonstration_Political_Rally_2_545
34
673 186 50 62 0.9994042 
447 101 65 80 0.9991357 
194 85 51 64 0.9990206 
331 78 63 75 0.9988513 
715 139 47 57 0.9972499 
108 70 77 100 0.9934744 
290 136 31 36 0.99085534 
928 81 55 67 0.98768425 
658 145 36 47 0.9834653 
533 158 44 52 0.97913605 
589 142 31 37 0.9773959 
907 137 81 114 0.9385956 
567 163 26 35 0.28403398 
667 161 45 61 0.23017177 
918 89 77 104 0.16812037 
507 151 32 45 0.16166045 
754 143 30 42 0.1587289 
278 307 41 49 0.15524693 
602 146 31 37 0.11940707 
782 123 37 61 0.09824935 
578 148 29 37 0.08107545 
598 94 13 15 0.05022256 
759 158 29 40 0.04886673 
691 156 48 65 0.048284072 
979 44 44 73 0.04162666 
774 156 30 42 0.037304036 
958 60 47 64 0.031159377 
82 615 8 10 0.030747838 
34 601 15 22 0.023430677 
647 223 28 37 0.023255257 
866 90 13 19 0.023113908 
97 620 11 13 0.022729047 
527 674 12 13 0.022277666 
595 91 21 26 0.020183362 
