2_Demonstration_Demonstration_Or_Protest_2_173
312
846 291 52 67 0.9992907 
48 355 52 51 0.9981395 
671 278 47 63 0.9977837 
654 207 33 45 0.9976458 
353 229 27 35 0.99651045 
774 187 32 43 0.9963588 
273 278 36 42 0.9959853 
255 252 29 41 0.9944378 
170 313 43 54 0.9940819 
459 232 32 40 0.993222 
581 233 44 56 0.9929444 
869 209 41 55 0.9845451 
360 295 40 56 0.98013204 
740 161 21 27 0.9780514 
504 216 40 54 0.97756916 
548 166 14 18 0.9712701 
108 247 38 51 0.97046316 
174 225 20 25 0.9560589 
0 301 24 51 0.9525136 
3 217 13 16 0.9484406 
671 153 19 27 0.9338489 
360 190 16 21 0.90185314 
320 207 17 23 0.8734927 
831 164 19 27 0.8413744 
207 239 20 26 0.8212676 
889 175 26 30 0.8176105 
439 192 14 19 0.8138209 
574 185 19 25 0.8132583 
452 210 24 28 0.81256473 
640 167 19 27 0.80459386 
286 195 14 18 0.78902066 
326 182 13 16 0.748046 
17 241 14 17 0.72632694 
491 161 14 18 0.7157753 
100 216 18 22 0.71412855 
252 221 16 20 0.71022207 
469 190 16 22 0.6980506 
515 191 23 29 0.6636219 
134 210 14 18 0.66062427 
517 156 10 13 0.6533094 
401 182 9 11 0.57366806 
453 220 29 38 0.5670926 
381 199 17 21 0.5237569 
965 120 13 16 0.5221697 
882 147 13 16 0.49390975 
184 275 31 36 0.47324014 
598 149 24 34 0.45993492 
389 198 13 16 0.4579278 
648 281 30 42 0.42842957 
157 192 8 10 0.34952074 
223 205 13 17 0.34907266 
4 252 14 17 0.3357114 
212 197 11 14 0.32091728 
404 178 12 16 0.31389946 
439 175 10 12 0.31304908 
48 262 20 26 0.31162632 
38 216 10 13 0.30734602 
431 152 10 12 0.29556945 
30 214 10 14 0.29543236 
250 188 10 11 0.29491264 
116 201 11 13 0.28974092 
231 189 9 11 0.28049365 
376 174 9 11 0.27479047 
192 190 9 11 0.27157736 
917 109 9 12 0.25063837 
453 205 17 20 0.24081792 
909 133 15 17 0.23355511 
265 181 9 11 0.22653785 
175 191 7 9 0.22579855 
168 202 11 14 0.2119703 
252 183 9 11 0.20346089 
972 299 29 36 0.18505242 
1006 169 14 19 0.17957337 
436 151 8 11 0.17143281 
749 208 23 31 0.16855545 
0 187 9 14 0.15273334 
997 171 14 18 0.15108511 
454 144 11 13 0.14870338 
344 175 10 12 0.14786893 
710 125 12 15 0.13747007 
237 208 13 17 0.13588509 
47 206 9 12 0.13004003 
166 217 13 18 0.12981287 
39 199 9 11 0.12431003 
12 250 14 18 0.123501346 
4 246 12 16 0.12277892 
491 101 10 15 0.11946965 
599 423 20 27 0.11401799 
428 168 10 12 0.10948479 
100 191 9 11 0.10505839 
365 192 20 25 0.10402159 
237 184 8 10 0.10325273 
69 197 10 12 0.0987019 
173 198 10 13 0.09131328 
47 212 9 13 0.09118329 
258 244 18 21 0.088898584 
437 179 14 16 0.0857377 
944 195 26 29 0.081677295 
906 137 12 17 0.08025121 
62 219 9 13 0.07928397 
413 193 14 19 0.077943586 
401 445 19 21 0.07747539 
41 203 10 12 0.07638217 
662 147 13 16 0.07435677 
117 218 11 15 0.073300324 
290 191 15 18 0.07274382 
374 177 13 17 0.071748234 
843 197 15 19 0.0709635 
561 150 10 13 0.06924631 
711 139 10 15 0.06518453 
127 197 9 13 0.064690106 
916 129 13 15 0.062576875 
300 199 17 20 0.061420936 
411 178 13 17 0.06056472 
474 195 16 23 0.059824347 
1000 159 22 34 0.059270598 
406 149 10 11 0.057228763 
426 151 10 13 0.05692857 
307 203 14 19 0.056613706 
435 155 10 13 0.054467965 
55 214 10 13 0.054441545 
255 96 14 17 0.05410685 
479 166 9 13 0.053573884 
718 152 14 17 0.05215687 
461 143 9 11 0.051513534 
180 207 10 12 0.051496513 
222 199 12 15 0.050902266 
556 155 13 18 0.050492823 
71 192 11 12 0.048492953 
636 257 16 20 0.04834037 
160 220 13 17 0.047418326 
232 226 15 19 0.047025047 
212 197 20 24 0.047019362 
882 184 30 34 0.045713518 
370 173 9 11 0.045319147 
296 182 11 13 0.04516078 
7 138 10 14 0.044245772 
139 219 13 16 0.043762304 
811 144 15 17 0.04349564 
421 178 12 16 0.043078728 
57 259 16 23 0.042874176 
170 190 9 11 0.042430714 
471 140 10 12 0.04162196 
24 208 9 12 0.041547082 
113 128 9 12 0.041363083 
268 187 10 12 0.041315593 
655 279 41 57 0.041192684 
169 183 7 10 0.041117992 
466 250 19 24 0.040725075 
219 453 31 32 0.04068318 
28 269 11 15 0.04063561 
914 105 9 12 0.04051088 
442 198 20 25 0.040333293 
190 172 8 11 0.04030907 
391 192 12 14 0.040280003 
229 196 11 14 0.039662227 
40 265 21 28 0.038993597 
1011 174 12 19 0.03898829 
71 150 11 16 0.03881374 
334 177 10 13 0.038707513 
303 173 11 14 0.038518406 
10 219 11 15 0.038272746 
247 175 9 11 0.03777239 
908 140 16 20 0.037486695 
208 173 9 11 0.03740685 
21 231 12 13 0.037092224 
991 171 23 28 0.036865856 
290 211 13 17 0.036831073 
101 196 9 11 0.036627647 
846 216 22 35 0.03654037 
638 253 23 33 0.036467485 
143 226 13 17 0.036429044 
226 187 11 13 0.036316473 
95 223 14 17 0.036313705 
79 214 8 11 0.0359191 
351 168 8 11 0.035817754 
26 332 49 64 0.035715707 
153 194 11 14 0.0352311 
618 410 22 29 0.034921993 
300 178 12 15 0.03479642 
992 176 14 17 0.034769822 
912 132 22 28 0.034757998 
224 159 8 10 0.03413273 
208 199 13 17 0.03406199 
510 102 15 17 0.034014747 
253 232 21 25 0.033963297 
196 241 16 21 0.03371722 
937 116 10 12 0.033590216 
20 198 9 11 0.033542637 
498 156 13 17 0.03327816 
1000 156 11 14 0.033038463 
692 141 10 14 0.032911036 
723 414 26 29 0.032852896 
877 202 30 39 0.03253593 
234 218 16 20 0.032457616 
28 266 36 50 0.032454625 
30 209 9 11 0.03238885 
450 147 10 13 0.03231876 
96 183 8 11 0.032242347 
396 185 13 17 0.032176755 
80 222 9 12 0.032171406 
34 467 41 35 0.032058243 
394 181 10 13 0.032031205 
406 158 10 11 0.031638164 
1015 143 11 17 0.031544276 
15 193 8 10 0.031479407 
512 162 15 18 0.031179706 
128 192 9 12 0.031037578 
425 171 11 15 0.03090311 
762 193 27 39 0.030897794 
737 21 16 21 0.030486956 
25 242 12 17 0.030225627 
179 213 14 17 0.030178415 
632 268 38 51 0.029474191 
485 201 13 19 0.029405419 
868 161 13 18 0.029286517 
45 200 9 11 0.028975265 
453 154 13 15 0.028772164 
88 220 10 14 0.02867459 
101 207 12 14 0.028630104 
246 227 20 26 0.028492155 
97 206 11 14 0.027196618 
228 230 19 27 0.027034726 
109 216 21 25 0.027027704 
110 61 10 13 0.026906123 
284 219 14 17 0.0267687 
842 197 24 32 0.026767176 
16 197 9 11 0.02674685 
192 184 10 12 0.026728405 
430 177 13 17 0.026699714 
438 169 10 13 0.026421797 
418 188 14 19 0.02636249 
510 186 17 20 0.026202943 
300 281 16 21 0.026128985 
903 179 15 19 0.026040966 
64 204 11 13 0.02601 
124 200 19 23 0.025985535 
255 217 12 15 0.025909837 
375 204 23 30 0.025687793 
515 168 14 18 0.025682798 
229 164 9 12 0.025512384 
370 187 14 17 0.025484327 
644 410 13 18 0.025397928 
112 195 18 23 0.02536892 
983 289 30 42 0.025338834 
369 169 8 11 0.02523005 
24 217 12 14 0.02520607 
563 155 11 15 0.024970677 
407 194 13 18 0.02492336 
419 696 23 33 0.024900716 
603 141 15 20 0.024879577 
312 142 9 11 0.024722017 
655 230 34 39 0.024719408 
71 216 8 11 0.024455186 
1012 215 12 20 0.024420457 
87 176 8 10 0.024202034 
6 210 10 12 0.024113081 
132 198 10 13 0.023879768 
609 429 18 21 0.023854913 
182 190 9 11 0.023781752 
175 185 8 11 0.023663798 
549 185 12 18 0.023658676 
55 256 12 15 0.023487575 
449 158 11 13 0.023440696 
628 248 26 33 0.023237627 
643 252 41 55 0.023173472 
715 119 11 15 0.023036366 
581 154 13 17 0.022974547 
5 190 9 11 0.022960955 
4 237 13 17 0.02283072 
208 192 10 13 0.022787478 
53 207 9 13 0.022705236 
350 192 15 19 0.022593442 
69 220 9 12 0.02251852 
134 105 12 17 0.022415899 
655 147 12 15 0.022379827 
838 180 24 32 0.02232679 
447 166 9 12 0.022324083 
459 147 10 14 0.022301849 
383 167 9 11 0.022239177 
631 169 16 22 0.022231061 
148 222 13 17 0.022214772 
344 189 11 15 0.021914773 
944 260 25 29 0.021821218 
636 398 12 16 0.021798095 
29 274 13 16 0.021744896 
695 137 9 11 0.021644622 
704 130 12 14 0.021469628 
443 180 12 16 0.02141019 
963 348 30 48 0.021293232 
246 182 18 23 0.021280972 
272 196 11 16 0.021110496 
905 126 11 13 0.021007294 
0 239 10 15 0.020905862 
285 138 11 14 0.02088409 
61 255 12 15 0.02080169 
322 195 16 20 0.020796623 
922 145 13 16 0.020709602 
475 138 13 15 0.020695498 
783 197 20 27 0.020630674 
516 182 16 19 0.02058121 
345 170 9 11 0.020551618 
453 163 10 12 0.020455452 
526 140 13 15 0.020446224 
207 181 9 12 0.020407366 
586 144 22 32 0.020333383 
927 251 14 18 0.020251451 
198 205 10 14 0.02024219 
79 208 8 11 0.020199537 
452 173 11 13 0.0201883 
126 211 19 24 0.020036912 
245 168 9 12 0.020020353 
