2_Demonstration_Political_Rally_2_365
144
720 103 252 367 0.9992723 
462 296 72 100 0.9939014 
385 398 17 22 0.9453723 
213 340 74 90 0.9376675 
403 394 13 17 0.7304207 
374 380 10 13 0.6796915 
325 415 13 15 0.599131 
303 369 13 17 0.58113176 
309 437 15 18 0.54249746 
350 405 11 14 0.40343118 
363 395 10 14 0.38683912 
425 367 10 13 0.37020794 
-5 374 126 258 0.3542037 
350 341 10 13 0.3022488 
360 391 11 13 0.24693838 
333 348 9 12 0.235716 
379 359 8 11 0.21075088 
344 398 11 12 0.18897414 
300 173 28 35 0.17515613 
394 360 7 9 0.15740049 
49 294 37 56 0.14898579 
333 374 9 11 0.13680492 
373 427 11 14 0.12841184 
396 393 17 23 0.12649812 
352 367 9 11 0.12089039 
358 383 10 12 0.11903187 
291 397 10 13 0.11094752 
344 421 9 12 0.1043403 
378 363 10 12 0.10287888 
350 336 9 12 0.09897002 
304 165 45 51 0.098473415 
415 373 10 12 0.08537972 
404 130 25 39 0.08286498 
370 344 8 10 0.0714992 
355 411 11 15 0.071222186 
-12 405 266 280 0.06885723 
399 359 7 10 0.065461196 
389 391 13 15 0.06427481 
354 381 10 12 0.06250433 
343 393 11 12 0.061119825 
342 359 8 11 0.05912518 
431 357 9 12 0.05844849 
318 432 22 28 0.056647055 
408 334 8 9 0.05471094 
416 360 8 9 0.052783858 
369 349 8 10 0.052403934 
368 429 12 15 0.052073307 
336 358 9 11 0.051722698 
117 336 13 17 0.05091413 
429 376 13 18 0.050780203 
352 428 10 12 0.049229324 
353 327 8 10 0.047871627 
330 342 9 13 0.047718674 
408 328 8 9 0.04681963 
385 332 7 10 0.045656264 
240 323 49 74 0.04419345 
320 236 11 13 0.04394759 
399 326 6 9 0.043677334 
309 381 11 13 0.04364592 
281 592 54 60 0.043633614 
315 431 13 16 0.04314825 
381 374 9 12 0.04302337 
351 391 9 12 0.03995088 
344 413 11 14 0.039883953 
445 222 9 12 0.038535748 
327 391 9 11 0.03839184 
357 366 9 11 0.03826211 
375 328 8 10 0.038119767 
391 333 8 10 0.03811751 
393 328 8 10 0.037929364 
344 365 9 11 0.036572643 
432 353 10 11 0.03633886 
369 328 8 10 0.03567281 
356 402 12 16 0.035063744 
417 367 8 11 0.034864455 
391 384 10 13 0.034655113 
334 379 9 12 0.034630228 
359 328 8 11 0.034188267 
310 387 11 14 0.034161795 
300 427 12 17 0.03402389 
405 351 8 10 0.03397793 
353 321 7 9 0.03382927 
378 381 11 13 0.033732295 
374 350 8 10 0.03342318 
335 366 9 11 0.03339392 
356 155 21 30 0.03311766 
383 351 7 9 0.032681167 
344 349 9 12 0.032385822 
301 422 10 12 0.032318406 
300 188 17 22 0.031927716 
348 420 11 14 0.031581353 
367 368 9 10 0.03070793 
408 365 8 10 0.030695258 
356 436 13 17 0.029891461 
415 379 11 14 0.02948125 
445 212 9 12 0.02865129 
364 401 11 14 0.028291041 
303 361 9 11 0.028241917 
392 352 8 10 0.02812482 
350 360 11 13 0.027619086 
311 420 11 13 0.02751807 
352 441 15 20 0.027390713 
167 338 49 66 0.027199881 
370 375 10 12 0.02684281 
609 175 27 33 0.026825104 
401 343 7 10 0.02674849 
414 390 11 14 0.026669564 
369 357 8 10 0.026577955 
357 429 10 14 0.026142115 
382 389 12 15 0.025820607 
401 352 8 10 0.02547663 
370 375 18 23 0.025255708 
323 218 13 15 0.025198372 
55 51 67 62 0.025193878 
358 391 18 22 0.025104683 
450 347 10 15 0.025082927 
331 418 11 14 0.025050968 
327 396 10 12 0.024746513 
399 364 8 9 0.024428567 
415 344 8 9 0.0239482 
319 407 11 14 0.023718296 
422 176 44 57 0.023657644 
311 404 10 13 0.023574328 
433 157 88 115 0.023515748 
345 393 17 22 0.022945888 
422 362 18 23 0.022898274 
406 359 8 11 0.022639727 
335 406 10 14 0.022593845 
57 21 402 481 0.022536568 
304 159 30 35 0.022327749 
317 388 9 11 0.022310084 
356 374 10 12 0.022244923 
334 336 7 10 0.021875007 
385 125 39 54 0.021724077 
418 146 12 17 0.021301541 
422 345 7 9 0.021299772 
423 361 9 11 0.021262549 
302 416 9 11 0.020917248 
317 383 8 12 0.020731868 
412 334 8 10 0.020724775 
436 373 12 14 0.020485606 
303 395 10 14 0.020350967 
462 188 11 16 0.02003513 
537 349 13 17 0.020004738 
