2_Demonstration_Demonstrators_2_488
28
509 1 139 142 0.9999106 
228 40 117 155 0.99985766 
0 75 35 46 0.9907487 
981 134 44 88 0.899792 
385 0 43 31 0.89861196 
151 28 80 107 0.8031851 
432 10 59 52 0.56128925 
945 165 34 48 0.3984873 
184 31 95 127 0.23783346 
166 44 38 49 0.18089539 
155 166 28 35 0.11805246 
956 152 45 76 0.0895279 
146 14 61 82 0.08485594 
446 94 72 119 0.08184542 
396 0 61 54 0.07400261 
181 18 67 83 0.06913234 
485 49 116 129 0.06379189 
471 86 94 121 0.060526244 
143 154 42 60 0.057900477 
270 -2 51 37 0.04703509 
133 72 51 66 0.03297412 
91 122 26 33 0.032063022 
471 4 115 114 0.031829137 
971 96 45 103 0.031620506 
424 13 95 97 0.0292456 
65 170 36 39 0.026480801 
16 69 32 42 0.022690935 
436 43 107 141 0.020678308 
