2_Demonstration_Protesters_2_589
21
586 330 35 42 0.1437286 
558 287 25 36 0.064689495 
615 329 40 43 0.06443859 
409 51 25 29 0.059360642 
674 146 403 492 0.050397065 
476 267 28 42 0.04440651 
570 291 16 25 0.034197714 
297 381 27 31 0.0314554 
504 103 8 11 0.030773105 
581 79 12 17 0.030207897 
663 359 47 51 0.029499695 
545 83 8 12 0.029151134 
628 332 54 55 0.028802002 
589 313 60 61 0.026588295 
101 41 39 51 0.025341555 
14 503 27 35 0.024723684 
772 271 42 70 0.023483267 
541 285 39 57 0.023366848 
414 63 37 52 0.021343406 
14 481 27 33 0.02096115 
71 126 199 298 0.0207446 
