2_Demonstration_Protesters_2_24
72
370 270 102 152 0.9994179 
544 265 99 145 0.999094 
890 1123 105 127 0.9973936 
504 664 61 75 0.99724257 
155 801 88 104 0.99720925 
811 652 65 91 0.99688524 
451 1120 70 96 0.9963587 
662 1052 79 102 0.99252456 
601 628 65 71 0.9923574 
13 401 100 136 0.9922316 
479 758 73 102 0.9900727 
373 582 59 76 0.98618466 
584 867 43 54 0.9720419 
389 805 65 77 0.9593594 
635 124 97 118 0.93947375 
672 469 57 97 0.65635675 
892 615 24 29 0.5041128 
678 860 33 48 0.3889023 
538 1043 37 39 0.33858812 
178 459 51 70 0.29744497 
871 1044 29 37 0.26785445 
38 837 34 39 0.23588194 
694 480 35 57 0.21992062 
747 1 35 22 0.20315434 
216 151 94 116 0.19540972 
454 636 46 62 0.16656789 
865 1029 55 71 0.1259673 
273 252 92 131 0.08945002 
869 988 94 124 0.06717316 
591 1042 33 40 0.067128986 
463 613 45 56 0.064968064 
727 1022 40 54 0.061695043 
230 190 100 165 0.06139014 
868 16 108 132 0.06110344 
330 490 26 33 0.057179295 
46 823 35 41 0.053418 
301 711 45 60 0.049510356 
626 671 52 62 0.049342934 
445 41 41 47 0.040808745 
868 1180 55 67 0.03937759 
655 851 45 52 0.03804436 
330 258 105 136 0.0373092 
306 576 27 30 0.036378745 
903 617 17 22 0.03356676 
28 835 60 75 0.032497842 
879 1 74 85 0.032019343 
444 60 14 18 0.031948045 
565 18 16 23 0.03115265 
0 10 18 30 0.030281782 
-5 79 190 216 0.029654823 
610 153 110 153 0.02895672 
598 239 55 72 0.027781222 
486 649 52 69 0.027327169 
854 1007 49 67 0.02649203 
176 1140 10 12 0.025856387 
870 152 17 19 0.025676187 
72 103 11 13 0.025388025 
666 873 17 24 0.025173122 
969 592 14 18 0.024886666 
125 137 13 17 0.024802905 
729 -1 54 37 0.024571996 
366 1267 16 18 0.02415585 
871 1161 97 116 0.023420023 
940 25 56 74 0.023242354 
212 1066 18 21 0.023100786 
48 839 22 23 0.02236537 
882 608 40 49 0.022227563 
651 678 46 54 0.02204049 
3 836 52 64 0.021337787 
650 860 30 37 0.021216894 
452 57 17 20 0.020182146 
188 1139 11 16 0.020068666 
