2_Demonstration_Demonstration_Or_Protest_2_79
183
902 623 29 36 0.97151303 
702 538 11 13 0.7019642 
641 575 12 15 0.65881133 
605 565 11 14 0.56820405 
535 598 10 13 0.5108968 
691 509 9 12 0.482721 
636 622 14 16 0.41933775 
816 519 13 16 0.40083063 
663 571 9 11 0.3929959 
553 591 10 14 0.3845979 
571 587 11 16 0.3764204 
649 523 9 11 0.22680573 
704 568 8 10 0.22476771 
761 566 10 13 0.20769556 
868 571 10 15 0.18807979 
596 581 11 15 0.15461418 
962 618 55 71 0.14744078 
739 555 12 15 0.13895264 
613 557 11 13 0.13345535 
686 559 8 9 0.1305319 
730 551 8 11 0.12680902 
951 590 30 45 0.12226695 
687 565 9 12 0.11641108 
675 565 11 13 0.11132401 
657 615 10 12 0.10886638 
671 549 9 12 0.10879506 
734 551 10 13 0.10343274 
570 634 15 18 0.10206674 
939 585 50 73 0.09054412 
718 632 9 11 0.08422656 
868 578 11 15 0.083981946 
530 598 10 14 0.082048304 
598 123 19 25 0.08034623 
611 563 11 14 0.07508084 
758 520 8 10 0.072075516 
535 594 9 11 0.06670443 
743 542 8 11 0.0661407 
637 549 11 16 0.065906614 
641 586 10 12 0.065581955 
717 615 8 11 0.06364841 
531 598 19 22 0.062099732 
753 498 9 13 0.060767442 
863 575 12 18 0.058216657 
653 557 11 12 0.057543553 
646 549 13 16 0.057419673 
689 588 9 12 0.057046384 
743 51 52 63 0.056535073 
678 558 9 11 0.056187578 
638 248 11 15 0.055640932 
962 620 34 39 0.05535755 
664 599 10 14 0.055026308 
672 569 10 13 0.05390142 
976 643 36 38 0.053795926 
586 326 10 12 0.053038813 
767 510 7 9 0.05286352 
610 593 21 29 0.051548075 
691 582 12 14 0.04985236 
658 566 11 12 0.0495115 
673 556 10 14 0.04895415 
662 579 9 12 0.048145577 
669 600 10 14 0.048049364 
764 560 11 13 0.04795416 
548 301 11 13 0.047912 
653 579 11 14 0.047033146 
680 605 10 13 0.0456376 
613 582 11 13 0.04544217 
612 571 10 12 0.04519933 
705 587 11 13 0.044333298 
682 228 15 17 0.04324365 
652 520 9 12 0.042803388 
39 467 94 123 0.042663112 
736 535 9 11 0.042467825 
590 318 10 12 0.042269375 
899 612 46 58 0.041788638 
609 594 12 18 0.041252952 
732 576 10 11 0.04083059 
851 565 24 33 0.0407428 
568 630 13 15 0.040689994 
596 309 10 12 0.04031502 
558 555 10 12 0.040228408 
841 585 17 22 0.039886333 
751 613 10 12 0.03937556 
548 329 14 18 0.039349318 
662 534 8 10 0.038786832 
665 548 9 13 0.037765455 
702 561 9 10 0.037273467 
648 531 10 12 0.036592767 
656 572 11 12 0.036234085 
600 572 12 15 0.03580524 
561 357 16 20 0.03533448 
618 595 14 19 0.03481605 
696 547 9 11 0.034799546 
740 562 11 13 0.03450603 
654 532 9 11 0.034486752 
745 613 10 12 0.0344797 
788 441 13 17 0.03356962 
783 423 11 15 0.03318298 
837 549 12 16 0.033154164 
728 604 10 15 0.032639768 
811 427 15 18 0.032502975 
918 569 84 114 0.03249693 
749 549 11 14 0.032422613 
744 371 104 148 0.03235122 
737 542 9 11 0.032341197 
607 603 13 20 0.031122997 
698 535 11 14 0.030895263 
686 552 8 10 0.030691117 
694 573 10 11 0.03065335 
608 588 12 17 0.030551147 
732 607 11 14 0.0304316 
688 570 10 12 0.029912619 
713 619 9 12 0.029379616 
547 319 15 17 0.029190479 
677 581 9 12 0.029126158 
549 589 18 23 0.028929014 
718 652 10 12 0.028882017 
726 598 10 13 0.028557748 
607 582 10 13 0.02778715 
595 301 11 14 0.027520813 
603 556 18 22 0.027510567 
644 569 11 13 0.027501257 
568 586 19 26 0.02731195 
757 560 20 24 0.027165502 
633 554 12 16 0.026823375 
591 584 13 16 0.026365953 
530 593 9 11 0.025456024 
941 591 28 37 0.025246508 
678 599 10 14 0.025218176 
678 551 9 12 0.024869708 
970 630 19 22 0.024518365 
708 567 9 12 0.024425864 
691 503 11 14 0.024202634 
476 626 29 36 0.02418257 
676 222 24 27 0.024038156 
556 602 11 15 0.023971304 
600 612 10 14 0.023719886 
656 596 10 15 0.02349131 
555 330 13 17 0.023401326 
552 620 10 15 0.023295581 
837 571 26 32 0.02327216 
695 567 8 11 0.023263153 
670 613 12 14 0.023042021 
598 317 11 14 0.022942858 
619 608 13 18 0.02275281 
836 591 17 21 0.022675462 
874 574 9 12 0.022640435 
773 613 30 31 0.022632714 
574 320 10 12 0.022472562 
824 583 11 14 0.022322215 
837 582 14 16 0.02231457 
875 581 9 12 0.022273956 
551 585 10 13 0.022246705 
574 324 11 14 0.02221992 
734 550 20 24 0.022168 
835 542 12 16 0.022114074 
637 596 14 18 0.022047848 
759 542 9 12 0.02201764 
578 587 13 17 0.021919368 
678 611 12 14 0.021759314 
548 305 13 15 0.021752723 
691 644 11 14 0.021721512 
886 644 27 33 0.021567123 
600 332 10 13 0.021328257 
869 29 74 72 0.021304907 
657 604 10 15 0.021203911 
588 330 11 14 0.021064015 
670 560 18 23 0.021054132 
567 635 24 29 0.021046462 
586 320 8 10 0.021024853 
733 590 10 12 0.02102484 
672 620 10 12 0.021006767 
859 575 21 29 0.020928621 
904 512 8 10 0.020893697 
856 476 12 14 0.020801136 
592 621 10 11 0.020785488 
963 556 13 18 0.020719653 
630 586 10 14 0.020659834 
688 639 11 13 0.020478891 
714 629 9 13 0.020476874 
743 590 9 12 0.02029106 
816 557 11 15 0.02015545 
809 565 9 13 0.020094413 
683 611 13 16 0.020067427 
