2_Demonstration_Demonstration_Or_Protest_2_58
327
786 442 63 80 0.9995925 
451 312 55 75 0.9993616 
149 158 29 36 0.99911207 
514 230 46 62 0.9990038 
314 124 26 33 0.99896693 
590 175 33 37 0.9988863 
652 312 54 74 0.998882 
86 148 38 43 0.9988427 
284 386 58 79 0.9985751 
44 241 57 66 0.9984315 
162 296 56 76 0.9983713 
300 300 51 63 0.99829584 
29 509 99 106 0.99750346 
767 272 45 54 0.99738437 
836 169 36 42 0.9957541 
869 241 38 49 0.99554235 
963 286 48 54 0.99540186 
159 232 48 56 0.9951858 
334 177 34 44 0.99479115 
697 246 40 53 0.99441975 
-4 165 30 52 0.99424756 
247 245 46 52 0.9929091 
941 193 37 43 0.9919708 
982 148 28 29 0.9852266 
154 111 27 33 0.98397464 
863 116 26 34 0.9833324 
184 88 21 27 0.98308384 
775 193 32 36 0.97479236 
623 267 37 53 0.9616008 
582 567 45 84 0.9607117 
374 294 45 51 0.9563028 
211 68 19 26 0.9435177 
318 222 38 47 0.9334363 
162 50 15 19 0.9262462 
125 48 18 24 0.9219533 
113 86 17 21 0.9177168 
105 54 16 19 0.8994105 
691 51 13 17 0.8991284 
695 78 16 20 0.89171904 
77 80 18 24 0.8836839 
825 143 24 32 0.87040436 
190 448 34 40 0.8569262 
46 43 16 21 0.83498347 
250 74 14 18 0.82643926 
904 329 33 54 0.785039 
385 130 23 27 0.7657448 
768 30 15 20 0.76054335 
543 97 15 20 0.7535012 
635 104 20 27 0.74922264 
351 63 14 18 0.71897423 
779 149 20 27 0.6513808 
743 13 11 14 0.6137622 
474 121 14 20 0.6102648 
502 124 15 19 0.5688176 
15 82 14 18 0.5444932 
705 167 24 30 0.5031902 
449 262 25 31 0.4587442 
171 32 15 20 0.45863616 
946 116 22 35 0.45348513 
512 81 12 17 0.44311306 
363 157 26 34 0.4221848 
596 245 36 45 0.41365227 
262 91 12 19 0.39103523 
0 53 10 16 0.37761325 
603 253 41 55 0.3523459 
759 199 15 21 0.35118258 
352 38 10 13 0.30960506 
13 60 12 15 0.30869937 
768 157 28 30 0.2669107 
437 186 21 30 0.2511385 
240 6 11 12 0.24157351 
714 46 9 12 0.22509858 
852 93 10 15 0.2205715 
689 3 12 13 0.21833302 
454 59 11 15 0.216828 
471 173 23 33 0.20818888 
716 15 10 13 0.20552689 
546 198 35 41 0.19805618 
273 125 26 33 0.19694062 
783 1 11 10 0.18930432 
819 3 13 15 0.18750377 
111 51 20 26 0.18188034 
36 123 22 34 0.18076618 
167 29 13 18 0.17946282 
689 132 12 17 0.17082952 
926 113 12 15 0.16901296 
458 3 10 13 0.1658157 
973 87 10 14 0.16068552 
522 178 15 19 0.15235582 
428 236 26 39 0.1433455 
482 185 13 18 0.1400962 
568 130 22 28 0.13308924 
10 180 27 36 0.12468335 
253 29 23 35 0.12416831 
324 1 12 12 0.123908736 
882 155 24 31 0.11898708 
147 80 16 20 0.117103115 
683 185 30 37 0.11676224 
26 186 15 22 0.1149682 
1 81 16 21 0.10599929 
85 58 14 18 0.099146284 
840 92 11 14 0.09014259 
916 321 28 49 0.08805285 
471 76 8 10 0.08616798 
745 52 10 14 0.084648505 
694 164 24 32 0.08383741 
254 40 13 21 0.08318023 
180 215 31 39 0.07716576 
4 51 11 16 0.07498502 
930 114 13 18 0.07436053 
104 253 38 54 0.07406789 
847 54 11 13 0.07388259 
6 18 25 29 0.07354476 
515 174 26 33 0.07245465 
358 135 12 15 0.071608044 
803 181 23 33 0.0711544 
498 48 8 9 0.07016624 
449 99 10 14 0.06834988 
998 225 19 28 0.066833824 
158 258 52 70 0.06643764 
7 58 13 17 0.06547309 
253 82 19 26 0.06434392 
558 135 12 15 0.064040706 
564 137 16 20 0.063831955 
493 77 9 10 0.06341256 
460 170 26 38 0.063120924 
377 134 24 30 0.06290079 
296 1 11 12 0.06272914 
709 117 11 13 0.061645273 
526 214 47 61 0.06019272 
787 140 15 24 0.060133234 
24 190 22 30 0.059594784 
437 243 27 38 0.05948544 
759 184 24 32 0.05895294 
3 21 18 21 0.058021747 
172 96 17 22 0.057500307 
454 258 17 22 0.0561857 
460 153 16 18 0.055816922 
764 161 20 21 0.055134356 
506 119 16 19 0.053896505 
693 175 36 43 0.05380023 
466 126 22 30 0.053544383 
359 98 12 17 0.05349814 
204 2 14 15 0.053417172 
262 22 25 38 0.05309578 
356 4 10 12 0.05229914 
551 135 11 15 0.051863074 
628 290 38 53 0.05161236 
703 28 8 10 0.051247366 
573 178 37 45 0.051090624 
942 116 14 23 0.050752275 
86 220 29 44 0.04950834 
247 41 12 18 0.049318552 
840 315 34 54 0.04905616 
161 28 12 16 0.047943804 
546 313 27 38 0.046052698 
426 165 11 14 0.045379 
820 129 26 34 0.044894323 
577 238 38 54 0.044676587 
818 7 16 20 0.044385638 
338 223 26 36 0.04397861 
147 70 14 16 0.043721054 
541 139 12 14 0.043380577 
282 5 13 15 0.042951535 
685 204 30 35 0.042487863 
893 79 10 12 0.04181744 
78 73 15 20 0.04119289 
576 133 25 32 0.040828552 
261 129 22 30 0.040302537 
464 124 15 18 0.04027626 
844 89 18 25 0.039958894 
676 80 14 19 0.039375804 
511 186 30 37 0.039210238 
400 297 37 47 0.039130628 
211 249 11 14 0.039079275 
523 167 25 32 0.03879482 
968 89 12 15 0.03868199 
820 17 15 19 0.03849627 
742 58 11 15 0.03845142 
94 58 12 17 0.038425624 
128 263 28 41 0.037912954 
888 80 10 13 0.03773059 
82 68 16 21 0.037300356 
93 248 37 46 0.03647494 
701 3 11 13 0.036019333 
726 53 12 15 0.03600525 
538 122 14 19 0.035948124 
495 128 13 18 0.035820264 
594 139 16 18 0.03565842 
715 174 26 36 0.035381522 
317 37 39 49 0.03499196 
978 129 27 39 0.034954194 
149 105 18 22 0.03485503 
736 193 12 18 0.034088194 
23 33 12 16 0.033886738 
9 58 19 24 0.033859827 
402 136 14 20 0.0335342 
370 148 18 21 0.03329613 
872 161 27 35 0.033206396 
777 0 12 12 0.033104204 
845 125 34 37 0.032954738 
512 73 10 14 0.032821238 
476 123 20 27 0.032595035 
671 4 10 11 0.03248716 
276 23 16 23 0.032474738 
548 74 11 14 0.032284837 
460 137 23 30 0.03180256 
365 299 31 39 0.031724893 
238 39 15 18 0.031677205 
740 8 19 23 0.031550363 
175 35 20 25 0.031382073 
782 235 30 37 0.030790767 
913 130 12 17 0.03063818 
645 78 10 14 0.030364497 
585 275 46 59 0.029836949 
892 150 15 18 0.029707873 
452 96 8 12 0.029666672 
861 94 12 15 0.02952978 
270 6 11 13 0.02947732 
310 52 13 18 0.029393977 
768 8 11 11 0.02935112 
711 5 11 13 0.029160926 
512 413 43 58 0.0291213 
333 60 12 17 0.029107455 
893 98 13 17 0.028915895 
724 21 11 14 0.028812205 
736 20 12 15 0.028517349 
838 95 15 20 0.028453538 
449 185 15 23 0.02841379 
345 43 12 15 0.028269963 
149 84 21 25 0.027934894 
1014 93 9 14 0.027923571 
716 49 13 16 0.02739079 
126 40 13 15 0.027381498 
513 88 14 18 0.027160846 
178 30 13 17 0.027160393 
701 45 11 15 0.026553035 
18 62 15 18 0.02651217 
696 23 10 12 0.026419127 
823 25 12 17 0.026140394 
242 128 20 30 0.026127856 
276 145 25 30 0.026039189 
717 26 11 15 0.025999945 
377 154 16 21 0.025862908 
741 278 23 31 0.025789313 
254 136 15 19 0.02559977 
583 145 26 29 0.025288435 
540 112 14 20 0.025283089 
394 228 21 35 0.025226835 
694 68 22 25 0.02508215 
534 191 33 36 0.025050465 
866 110 18 20 0.024981951 
512 97 11 14 0.02485667 
315 49 25 33 0.024779372 
796 191 27 33 0.024714675 
193 83 17 22 0.024709156 
516 118 13 16 0.02454219 
843 149 41 53 0.024534658 
452 174 22 33 0.02451864 
304 214 38 49 0.024514623 
294 60 13 18 0.024438297 
761 165 27 32 0.024272868 
-1 46 16 27 0.024106544 
813 -3 22 24 0.023974834 
713 10 17 22 0.023903923 
348 32 18 26 0.02386965 
736 59 11 14 0.023857217 
732 186 22 30 0.023786318 
726 130 16 21 0.023722531 
774 4 11 13 0.02369632 
316 53 16 20 0.02368689 
16 26 22 28 0.02364864 
942 109 11 15 0.02355477 
498 200 31 41 0.023522373 
351 134 21 25 0.02352186 
557 141 16 22 0.023482302 
198 8 15 18 0.023313511 
683 158 24 32 0.023233986 
858 477 44 59 0.023223722 
0 80 10 16 0.023213122 
742 24 14 17 0.02317187 
901 101 10 14 0.023123529 
844 103 15 18 0.022984039 
706 187 30 38 0.022965126 
320 218 19 21 0.022903709 
564 193 29 36 0.022698 
821 598 49 47 0.02266387 
363 390 35 52 0.022613417 
50 126 24 33 0.02237622 
687 0 19 20 0.022311071 
207 62 15 17 0.022227101 
149 228 14 19 0.022215053 
771 163 32 40 0.022145245 
833 127 30 35 0.022010047 
81 54 13 16 0.021882366 
437 266 34 40 0.021814017 
502 111 11 13 0.021766309 
94 270 36 40 0.021729747 
772 198 20 25 0.02154481 
778 211 30 35 0.021530887 
1 14 18 19 0.021529457 
534 138 13 16 0.02125598 
640 72 8 11 0.021246271 
245 119 16 22 0.021176104 
453 54 17 24 0.021113079 
433 218 26 40 0.021112127 
326 65 14 18 0.021052798 
466 77 9 11 0.02097836 
724 14 11 13 0.020955365 
724 185 14 19 0.020834997 
749 140 21 34 0.020759072 
382 28 8 11 0.020750258 
748 190 21 29 0.020738276 
831 91 12 16 0.020733783 
524 163 15 20 0.020625386 
394 138 16 22 0.020625386 
694 158 15 20 0.020484928 
843 48 22 26 0.020410469 
95 54 20 26 0.020401519 
486 48 7 9 0.02032833 
353 142 25 30 0.02017665 
352 1 12 12 0.02014777 
712 28 11 14 0.020143632 
373 160 28 36 0.020088753 
187 218 19 23 0.020047428 
478 77 8 11 0.020030305 
762 244 41 53 0.020025378 
