2_Demonstration_Political_Rally_2_577
42
554 1151 26 34 0.99903333 
481 1142 28 35 0.9984194 
84 1078 31 41 0.998212 
935 1252 31 36 0.99732554 
373 1120 33 40 0.99566 
178 1096 30 34 0.99011034 
868 1237 26 29 0.9877104 
643 1184 24 31 0.9861784 
749 1202 22 30 0.7143279 
845 1240 16 20 0.29847002 
422 1172 14 19 0.1735153 
722 1200 16 22 0.09238134 
222 1143 14 19 0.07579305 
965 919 28 34 0.06716462 
71 1082 28 33 0.05479941 
880 1286 29 32 0.053311467 
927 928 30 35 0.050287005 
246 1012 13 17 0.047390837 
844 214 16 17 0.04375394 
10 1043 17 20 0.04120363 
460 1172 13 17 0.04011943 
146 993 20 20 0.039193086 
709 1218 12 15 0.036947563 
0 960 19 31 0.033932116 
21 1114 14 19 0.03190052 
742 1209 14 20 0.02839216 
911 302 32 35 0.027252428 
510 237 425 458 0.027007133 
849 1245 17 21 0.024873214 
728 1200 21 31 0.024676302 
166 1100 28 31 0.02453311 
631 1186 27 32 0.023931755 
716 195 33 38 0.023551207 
468 1137 29 35 0.023151698 
454 1166 22 29 0.022569234 
893 1274 27 34 0.02250962 
906 1266 17 23 0.022157611 
58 1174 34 37 0.021511663 
942 853 29 33 0.02121504 
687 1158 211 228 0.021163331 
325 1313 15 17 0.02099266 
956 306 32 34 0.020339562 
