2_Demonstration_Demonstration_Or_Protest_2_915
100
411 321 248 325 0.9950316 
201 272 18 24 0.9344935 
297 283 22 27 0.74273837 
264 267 12 16 0.60189897 
798 236 11 14 0.34334818 
229 275 12 16 0.2807042 
743 216 10 12 0.24785954 
328 260 12 14 0.20831981 
55 330 24 27 0.1626799 
363 237 10 14 0.10181244 
108 376 15 20 0.09853918 
722 244 10 13 0.09462212 
842 220 14 16 0.091657445 
768 220 12 15 0.089005046 
115 376 15 20 0.08290934 
106 384 16 20 0.07922704 
748 214 10 12 0.07462351 
58 341 19 22 0.071242474 
2 188 25 36 0.06554581 
278 317 13 17 0.06420886 
333 276 12 15 0.060118936 
197 363 16 22 0.05973259 
124 301 13 18 0.05554445 
669 214 14 17 0.055401053 
3 307 12 15 0.054781698 
661 217 16 19 0.050808024 
100 370 17 21 0.05065737 
49 283 10 13 0.050198328 
302 278 12 16 0.048920214 
148 379 13 17 0.046264015 
119 284 12 15 0.045107212 
98 385 26 31 0.04497194 
304 271 9 11 0.041286893 
675 214 11 14 0.040946245 
253 317 12 15 0.0407374 
239 258 12 15 0.040376503 
26 315 16 20 0.04000013 
124 378 14 20 0.038355887 
331 268 12 15 0.037122447 
22 331 14 16 0.037046093 
752 208 9 12 0.0367523 
472 120 24 31 0.034522906 
579 106 15 19 0.03396128 
756 208 9 11 0.033949178 
339 282 12 17 0.0320582 
323 256 21 25 0.031767942 
83 204 24 30 0.031628106 
10 188 15 20 0.031247344 
278 292 11 16 0.03112051 
256 307 12 15 0.030728474 
837 216 23 27 0.030686125 
36 314 14 19 0.030380683 
132 300 14 18 0.03014192 
45 298 14 17 0.029960234 
219 293 13 16 0.029734993 
874 208 24 30 0.029136596 
724 239 10 14 0.028975315 
170 370 16 19 0.028598694 
10 351 15 20 0.028352408 
361 260 9 11 0.028215652 
10 98 31 35 0.028008973 
375 236 13 14 0.027656207 
100 314 14 18 0.027217114 
772 203 11 13 0.02718493 
126 281 11 13 0.026581341 
13 149 26 32 0.026466219 
279 285 11 15 0.026289372 
742 196 12 14 0.025875207 
748 219 11 14 0.025869638 
60 317 14 16 0.025782924 
179 254 22 28 0.025652096 
285 284 11 15 0.02557145 
55 316 26 31 0.02531793 
685 245 13 17 0.025022086 
71 286 9 11 0.024850508 
766 211 21 25 0.024282841 
283 279 23 28 0.024006367 
688 159 7 9 0.023959098 
2 337 23 32 0.02344318 
186 354 16 19 0.023233276 
187 265 17 21 0.02295436 
678 232 13 17 0.022613607 
257 266 12 17 0.022587547 
577 101 25 34 0.022487294 
76 333 12 16 0.022224262 
232 261 10 13 0.02191096 
269 252 13 16 0.021853283 
21 322 23 27 0.02181095 
687 255 14 18 0.021798836 
237 284 10 13 0.021482753 
75 405 26 36 0.02129072 
259 314 13 16 0.021215936 
22 131 15 17 0.020988885 
224 271 12 18 0.020651849 
456 91 43 55 0.020605765 
838 171 225 250 0.020553555 
190 361 16 21 0.020474127 
583 94 12 13 0.02046837 
164 330 16 20 0.020161241 
278 278 10 13 0.020054547 
