2_Demonstration_Political_Rally_2_90
137
539 270 53 75 0.99805766 
789 380 20 27 0.95020735 
300 364 10 13 0.4720644 
876 379 10 13 0.38341308 
921 378 12 16 0.36755818 
196 334 11 14 0.36249933 
236 379 14 17 0.35228693 
155 359 15 19 0.34220347 
5 327 13 18 0.3181084 
342 382 9 12 0.27451313 
40 371 13 16 0.24920057 
202 356 10 14 0.21828729 
24 316 10 13 0.20901482 
112 360 13 16 0.20619048 
170 387 15 20 0.18473673 
63 321 12 15 0.10656239 
318 371 13 15 0.104940355 
408 421 7 10 0.09984577 
1009 385 15 26 0.09835644 
302 298 15 18 0.09775102 
45 326 10 12 0.09169804 
326 367 10 14 0.08679157 
154 312 13 17 0.083831444 
745 458 17 19 0.083184525 
876 428 17 20 0.08292205 
289 390 9 11 0.07787128 
151 390 10 13 0.07576965 
73 297 13 17 0.06778408 
41 327 9 12 0.06700521 
303 382 8 10 0.06516382 
261 357 10 13 0.06497862 
201 350 21 27 0.062441085 
875 386 15 22 0.06154504 
40 348 9 11 0.059890848 
209 345 25 29 0.057045147 
11 325 11 15 0.05490468 
101 380 15 21 0.05372915 
313 372 10 12 0.0522594 
249 301 11 14 0.051966224 
846 393 15 17 0.051881924 
325 333 8 10 0.051740497 
230 372 15 20 0.050554797 
872 402 14 18 0.05043947 
29 408 14 18 0.050199002 
322 327 8 10 0.04972408 
22 323 12 16 0.04911621 
326 357 10 13 0.04771156 
294 383 8 11 0.047071934 
212 354 15 19 0.046125855 
235 348 13 17 0.04579505 
215 387 13 15 0.045736548 
28 312 10 12 0.04514143 
256 391 10 11 0.044510495 
297 370 9 13 0.041887194 
223 341 24 28 0.03915822 
162 360 14 18 0.03830358 
259 380 11 14 0.037897572 
100 388 24 30 0.037858225 
274 392 8 10 0.037106063 
356 310 12 16 0.03523611 
106 401 18 21 0.03439966 
221 382 12 15 0.034197114 
950 423 33 43 0.034068808 
43 375 15 17 0.033990547 
278 392 8 10 0.03359848 
80 374 10 12 0.03235281 
352 315 10 13 0.032288324 
0 404 11 16 0.031727206 
917 332 11 14 0.031246524 
217 375 22 27 0.030736022 
235 363 14 16 0.030570347 
155 347 17 22 0.030378258 
255 342 8 12 0.030295746 
935 463 34 38 0.029739631 
282 308 12 15 0.029329255 
279 398 8 11 0.02916269 
334 374 8 12 0.028926305 
22 409 13 19 0.028543621 
229 353 15 20 0.028253816 
268 357 9 13 0.028155897 
226 356 23 31 0.027791297 
28 331 10 14 0.027231783 
335 302 11 14 0.02704982 
330 404 9 12 0.026561404 
175 285 10 14 0.026464928 
181 393 12 15 0.026320003 
218 337 16 19 0.026103698 
263 309 10 13 0.02564566 
256 351 11 15 0.025138699 
940 406 12 15 0.025077194 
344 326 8 11 0.024954962 
736 439 22 31 0.024934225 
992 453 31 53 0.024709592 
327 350 10 13 0.024664192 
6 321 12 15 0.024634844 
203 370 13 16 0.024612883 
727 428 22 31 0.024464015 
147 300 23 31 0.024401445 
193 330 18 23 0.024286197 
392 357 10 15 0.024286123 
95 340 12 13 0.024114933 
103 376 11 14 0.023960752 
335 307 13 16 0.023817426 
784 408 16 20 0.023689661 
264 344 8 10 0.02362937 
280 318 11 12 0.023491327 
306 442 13 16 0.023450937 
823 374 11 15 0.02335165 
820 379 14 20 0.023256652 
284 356 11 14 0.023158032 
949 459 14 18 0.022894792 
802 381 13 18 0.022757247 
915 365 14 17 0.022721548 
403 422 9 10 0.022719573 
954 326 9 14 0.022680547 
1 335 12 19 0.022440093 
111 352 13 16 0.022259979 
191 390 9 13 0.022093084 
247 340 10 14 0.022047171 
324 377 12 15 0.021937909 
943 447 31 41 0.021871993 
44 342 10 13 0.021671137 
261 362 11 14 0.021660885 
256 372 12 15 0.021579523 
309 406 9 9 0.02129531 
912 397 11 15 0.020873308 
80 379 11 14 0.020813672 
838 387 14 18 0.020796115 
94 384 16 21 0.020659087 
37 419 12 16 0.020621302 
94 366 38 47 0.020614782 
297 299 13 17 0.020434778 
50 381 12 14 0.020384753 
328 398 10 12 0.020208536 
373 371 10 13 0.020130621 
247 333 10 14 0.020060286 
159 343 12 15 0.020052494 
