2_Demonstration_Political_Rally_2_83
448
882 553 110 129 0.99969363 
403 306 85 116 0.9993755 
600 492 93 129 0.9993419 
506 213 52 60 0.9991763 
168 0 30 36 0.99912554 
290 568 102 137 0.9986104 
122 524 100 118 0.99783844 
627 392 86 96 0.9976299 
206 225 54 70 0.996869 
181 155 46 57 0.99675995 
558 80 33 39 0.9965419 
883 334 79 84 0.993418 
72 215 56 63 0.99327976 
3 393 82 98 0.9926991 
625 65 30 36 0.99266654 
888 158 47 55 0.99240136 
225 263 71 96 0.99233115 
560 295 70 76 0.99073 
290 34 29 35 0.98884577 
444 115 37 49 0.9881374 
109 79 32 41 0.98774767 
476 84 33 38 0.9873232 
678 612 102 105 0.9861189 
216 60 39 50 0.9860114 
97 292 68 82 0.98567384 
307 71 29 37 0.98286855 
385 154 30 42 0.981368 
173 386 76 98 0.9782421 
1 71 33 43 0.97761744 
230 119 42 54 0.9773496 
265 19 21 27 0.9769546 
200 109 34 42 0.9747287 
322 164 51 63 0.97419196 
428 33 27 35 0.9677297 
808 134 40 52 0.967599 
400 110 31 38 0.9669728 
789 121 33 40 0.9645096 
743 151 40 50 0.95907444 
475 17 25 30 0.95748574 
870 30 25 29 0.94048977 
824 64 23 32 0.92217743 
235 12 27 35 0.9139048 
45 180 41 54 0.8903946 
558 185 28 39 0.87846285 
495 42 24 30 0.8679542 
387 66 27 31 0.8415622 
957 148 41 52 0.83286244 
781 43 22 26 0.82500714 
972 446 54 91 0.8192125 
109 574 104 130 0.8058777 
403 200 52 63 0.80294675 
669 51 22 26 0.7769054 
750 20 21 26 0.7736205 
885 76 32 40 0.75806284 
474 173 40 49 0.74110585 
831 336 37 43 0.7329159 
375 247 45 61 0.70226383 
3 129 53 65 0.7010715 
816 40 20 22 0.69704705 
508 -1 27 24 0.68201095 
601 111 38 46 0.6771568 
215 242 59 80 0.67528886 
930 198 46 61 0.63579094 
919 -1 21 22 0.63147676 
277 74 34 41 0.6242028 
115 43 28 35 0.61278224 
412 1 22 23 0.6099755 
950 415 51 60 0.60355 
80 36 28 31 0.5780428 
33 62 28 39 0.57187074 
631 234 32 39 0.5508465 
292 71 32 37 0.53448945 
301 0 17 19 0.53439397 
343 30 25 32 0.53382134 
967 210 57 91 0.5276821 
941 80 31 37 0.5138325 
475 41 25 31 0.4940822 
997 126 23 35 0.45576468 
377 95 31 35 0.44570097 
730 378 63 91 0.43646067 
970 82 36 46 0.43407083 
390 217 54 67 0.4289503 
245 184 41 47 0.41418752 
800 25 16 19 0.41039875 
253 67 23 34 0.40898156 
133 444 38 47 0.40069345 
445 67 28 32 0.3855936 
604 61 24 29 0.3848203 
69 48 35 45 0.37434474 
552 408 46 62 0.35850602 
42 290 38 50 0.33914858 
327 84 27 34 0.33206406 
760 96 26 31 0.32577297 
621 38 22 26 0.32066166 
536 45 26 30 0.31811193 
25 3 25 27 0.30930755 
667 92 29 35 0.28452104 
267 5 22 25 0.27314624 
386 3 27 27 0.2668947 
587 18 22 27 0.26654685 
340 20 24 31 0.2634647 
567 43 20 24 0.263003 
692 7 19 22 0.2554854 
55 190 48 59 0.25308406 
489 201 50 62 0.25060186 
376 0 26 25 0.2491902 
953 80 37 48 0.2396109 
947 11 22 27 0.23854592 
590 51 17 21 0.23327115 
397 76 27 32 0.2322902 
834 17 16 20 0.23055051 
66 296 45 60 0.22573695 
464 185 40 51 0.20551616 
215 371 59 79 0.19429325 
880 131 30 38 0.19247024 
978 120 40 58 0.18897179 
613 213 44 56 0.18361123 
-1 158 30 45 0.17544319 
880 97 28 34 0.1624206 
593 183 42 56 0.15983284 
665 35 26 29 0.15315063 
792 44 16 21 0.14838336 
329 20 25 32 0.1441966 
146 373 49 60 0.14385135 
609 25 17 20 0.14365323 
296 27 20 23 0.14099902 
989 93 35 42 0.13783033 
984 0 19 19 0.1357065 
825 326 28 44 0.13359764 
944 201 53 76 0.13159195 
196 63 26 37 0.1271742 
946 161 35 40 0.12667295 
550 394 31 57 0.12601094 
310 283 48 65 0.12588187 
823 35 19 20 0.122361846 
366 267 35 47 0.121291466 
7 98 52 61 0.121023335 
284 59 32 40 0.12035928 
120 322 61 76 0.12017927 
635 246 36 41 0.118883446 
380 55 26 32 0.11848289 
349 135 32 37 0.11669322 
618 112 40 53 0.10948316 
948 24 27 31 0.10863054 
892 9 24 32 0.10847165 
583 95 40 51 0.10758868 
137 177 34 41 0.10661534 
263 78 31 40 0.10604455 
88 303 46 54 0.1055942 
794 8 17 20 0.10559173 
600 70 30 35 0.10538686 
535 33 24 28 0.10453646 
787 177 33 39 0.104336716 
572 178 41 55 0.10346949 
720 204 36 52 0.10114263 
109 212 37 42 0.099849455 
904 6 22 27 0.098106876 
343 9 28 32 0.09733867 
403 93 29 36 0.09508056 
62 137 39 46 0.09347516 
645 109 37 52 0.09105268 
-1 257 27 51 0.08905348 
139 423 55 67 0.088214085 
431 22 27 30 0.088071056 
749 51 21 26 0.085021555 
659 29 22 28 0.08401885 
541 68 23 30 0.08364387 
631 -2 28 26 0.08215062 
672 56 27 34 0.08211781 
296 51 36 44 0.081615165 
910 0 22 25 0.08006693 
130 70 29 38 0.07964577 
945 95 33 41 0.07885752 
986 32 23 27 0.07746515 
370 0 20 20 0.076241314 
111 60 31 37 0.07456894 
211 100 43 52 0.07405357 
198 126 42 54 0.07393614 
596 90 28 34 0.07390564 
758 144 45 52 0.07362629 
17 68 33 40 0.072490156 
669 -1 19 14 0.072416626 
827 26 18 21 0.07118141 
352 2 26 28 0.069797866 
823 47 19 22 0.069252536 
627 50 24 28 0.06886002 
569 84 39 47 0.06778601 
386 105 31 38 0.067188285 
429 180 44 57 0.06713482 
134 351 52 66 0.066270664 
757 293 35 39 0.06610043 
722 0 23 23 0.06577373 
155 386 58 69 0.06566848 
105 622 71 82 0.06557091 
600 20 21 26 0.06553368 
599 53 23 27 0.06483448 
578 43 23 27 0.06461593 
668 383 86 98 0.06369327 
40 51 43 50 0.06368733 
69 0 15 12 0.062944606 
300 247 39 48 0.06237765 
880 141 39 54 0.062025063 
567 427 41 48 0.06150411 
586 159 48 60 0.061393753 
258 0 17 14 0.061007 
721 301 34 37 0.060102597 
768 174 46 55 0.0590812 
222 53 27 35 0.058620114 
619 421 106 143 0.058588885 
796 31 16 22 0.058283925 
444 149 32 40 0.058219 
985 156 38 48 0.057355072 
790 151 47 55 0.057055026 
636 125 33 43 0.05629634 
994 28 16 20 0.056218684 
983 9 24 30 0.056143187 
383 197 49 62 0.054992672 
392 13 19 24 0.05468906 
-2 42 12 21 0.05432433 
677 78 30 35 0.054298818 
186 68 23 30 0.054048456 
379 166 43 57 0.054017395 
612 27 22 27 0.052400075 
993 2 17 17 0.0523584 
483 157 45 54 0.05234463 
235 203 51 62 0.05228146 
308 27 27 33 0.052189197 
583 142 39 43 0.052186616 
805 37 22 28 0.051775333 
869 47 28 30 0.05154356 
599 86 44 51 0.051447976 
954 36 27 33 0.050845765 
504 101 24 34 0.05050549 
409 83 19 24 0.050238613 
873 20 21 26 0.049939033 
622 196 43 56 0.049839754 
897 86 29 36 0.04967159 
555 41 25 30 0.049161695 
900 0 16 19 0.048306357 
881 110 31 39 0.047363915 
238 5 16 19 0.0469574 
876 67 25 34 0.04632841 
5 28 25 31 0.046289954 
492 179 38 49 0.045889445 
118 94 31 40 0.045646142 
99 23 29 34 0.045629095 
701 120 38 49 0.04546051 
470 23 36 44 0.044905007 
462 145 43 54 0.04483749 
101 2 29 30 0.044702247 
737 180 45 59 0.044604607 
98 524 56 80 0.0441098 
490 90 31 37 0.04410389 
57 168 42 46 0.043965347 
802 114 19 23 0.043921113 
963 158 47 68 0.043871384 
295 170 42 56 0.04322275 
907 0 15 12 0.04318491 
689 338 47 54 0.042892385 
14 7 28 32 0.04286137 
601 133 44 49 0.04264771 
924 284 47 57 0.042501707 
767 103 29 35 0.04239322 
654 30 16 21 0.042310204 
38 24 24 28 0.04226705 
892 64 26 31 0.041985057 
442 79 29 34 0.04175349 
842 332 48 58 0.041673575 
436 48 30 38 0.041563325 
75 39 20 22 0.041394003 
749 33 25 32 0.0406479 
1013 56 11 18 0.0401986 
783 194 37 46 0.039736964 
205 86 35 45 0.039589923 
58 0 17 19 0.03909211 
217 172 29 38 0.03876996 
831 59 19 25 0.038752936 
462 77 27 34 0.038528077 
0 109 36 42 0.038485028 
756 170 34 40 0.038042843 
1004 33 16 21 0.037702028 
115 112 31 42 0.03754838 
875 12 18 19 0.03625393 
390 140 34 43 0.03594093 
342 148 38 45 0.035833985 
105 36 27 35 0.0358078 
32 7 28 33 0.035670415 
472 1 22 25 0.03556279 
941 427 75 92 0.03552381 
289 296 29 45 0.035485078 
121 35 16 22 0.035243418 
776 47 17 22 0.035188254 
374 48 23 31 0.035133984 
1002 2 15 15 0.035101347 
748 0 15 14 0.035093334 
272 181 34 47 0.035089746 
664 49 17 22 0.035057 
0 36 24 33 0.034962237 
884 15 25 33 0.034930848 
388 20 24 29 0.0349168 
755 56 25 31 0.034910355 
252 133 36 44 0.03467143 
847 0 13 13 0.034549944 
979 21 25 31 0.034536418 
83 110 42 51 0.034488622 
609 55 38 47 0.034352835 
405 188 35 47 0.034095477 
934 109 39 50 0.033891506 
938 92 20 25 0.033891466 
453 128 37 49 0.03360141 
241 101 41 57 0.03351801 
115 2 18 18 0.033239435 
94 0 23 25 0.033132117 
919 87 25 34 0.032870594 
358 146 44 52 0.032814644 
487 21 18 22 0.03242765 
441 16 19 24 0.032355346 
228 28 27 34 0.03221143 
660 137 16 21 0.031698793 
806 326 32 38 0.031626772 
68 13 21 27 0.031614214 
891 49 24 28 0.031556454 
124 218 35 43 0.031493388 
596 221 31 36 0.03139896 
742 26 22 30 0.031292297 
485 335 34 42 0.031192185 
647 246 21 25 0.030771201 
85 2 15 17 0.03075379 
228 178 37 42 0.030533513 
692 77 23 32 0.030392513 
208 274 50 76 0.030106818 
247 80 30 41 0.029969754 
867 194 24 34 0.02996388 
4 15 27 31 0.029960403 
111 433 50 62 0.029930966 
-4 269 39 62 0.029696468 
230 20 20 24 0.029410988 
598 231 16 21 0.029377887 
70 315 53 64 0.029359972 
663 60 24 29 0.029164793 
388 260 54 68 0.029084003 
385 81 37 44 0.028722612 
743 14 21 27 0.028524404 
558 344 59 79 0.028495837 
637 242 19 22 0.027957717 
208 55 30 42 0.027845355 
312 251 45 64 0.02775227 
406 172 30 39 0.027698155 
813 71 26 33 0.027694086 
19 269 41 62 0.0274187 
753 80 25 33 0.02741308 
739 45 24 29 0.027392441 
352 26 19 24 0.027315913 
496 182 22 25 0.02705499 
737 77 23 31 0.026970752 
704 352 52 62 0.026889462 
128 11 26 32 0.026833372 
899 305 64 76 0.026578344 
240 240 59 75 0.026525905 
108 546 30 47 0.026474414 
383 191 34 44 0.026459891 
763 84 18 21 0.026450919 
865 60 25 31 0.026348712 
738 56 17 22 0.026322067 
455 100 39 52 0.026321035 
710 313 46 55 0.026276726 
295 87 37 46 0.026119838 
130 218 17 23 0.025875092 
789 72 20 28 0.025858914 
321 96 33 40 0.025845071 
502 34 22 31 0.025635215 
-1 338 38 61 0.025625145 
530 18 24 28 0.025605218 
666 20 24 28 0.025559925 
389 37 27 32 0.025550557 
783 57 24 31 0.025514819 
47 0 24 23 0.025459155 
325 6 29 33 0.025373701 
144 315 58 66 0.02530773 
310 106 38 47 0.025307499 
734 25 14 21 0.025235796 
736 216 31 42 0.02514792 
977 -5 45 44 0.024973823 
534 57 25 32 0.02495615 
514 110 15 21 0.024727277 
419 184 33 40 0.024585841 
252 0 16 18 0.024533732 
902 52 22 27 0.024523232 
870 100 25 34 0.024508184 
834 52 14 18 0.024383442 
233 361 41 48 0.02432421 
948 57 44 53 0.024202542 
39 1 19 22 0.024080189 
302 44 21 26 0.023983987 
759 191 51 67 0.023950363 
630 536 104 125 0.02391834 
275 20 25 29 0.023907382 
995 135 29 53 0.023745727 
95 34 18 23 0.023740085 
67 59 47 57 0.02369268 
314 17 25 31 0.023643112 
683 62 30 38 0.023592489 
971 6 25 30 0.023485186 
77 534 53 78 0.023324044 
416 7 24 30 0.023218555 
121 126 31 39 0.023105403 
711 141 29 35 0.023101514 
581 122 36 40 0.022915931 
316 135 32 39 0.022907967 
744 67 25 34 0.022798207 
611 6 14 16 0.022759544 
339 265 48 65 0.022623532 
72 1 16 18 0.022567345 
263 66 19 26 0.022564732 
813 -1 17 14 0.022564255 
664 75 27 36 0.0225628 
734 82 13 18 0.022406686 
609 53 19 22 0.022176698 
610 239 44 52 0.022130672 
638 216 36 45 0.021967517 
1005 49 22 30 0.021873772 
790 24 16 20 0.021708779 
826 82 18 24 0.021629808 
737 0 23 23 0.02155907 
387 0 20 18 0.021501439 
982 34 17 21 0.021340406 
943 7 40 43 0.02130759 
851 0 15 16 0.021244641 
579 18 40 44 0.021217642 
649 135 19 25 0.02117495 
700 110 25 35 0.0211574 
802 47 17 23 0.021002848 
288 263 50 74 0.021000912 
806 25 20 25 0.020855593 
1 55 28 40 0.02081599 
310 5 25 28 0.020784022 
779 102 26 33 0.020766877 
991 4 26 29 0.020701818 
528 6 25 26 0.02068533 
271 64 29 40 0.020598955 
683 91 27 37 0.0205827 
347 3 20 19 0.02053344 
272 0 17 16 0.020380963 
691 29 23 29 0.020332314 
821 0 24 24 0.020313915 
17 173 18 23 0.020305794 
635 59 39 47 0.020183943 
266 95 35 44 0.020175362 
