2_Demonstration_Political_Rally_2_335
502
269 264 52 62 0.9990402 
401 261 55 63 0.99893135 
670 416 60 69 0.99878794 
941 114 31 38 0.99842775 
616 81 27 33 0.9983638 
577 60 30 33 0.9983192 
325 105 33 38 0.99824995 
731 79 28 36 0.9982419 
880 151 28 37 0.99824 
891 340 53 65 0.9982017 
702 318 52 60 0.9981527 
753 174 35 43 0.99804986 
379 332 53 63 0.9975242 
210 279 53 72 0.99719125 
279 431 47 59 0.9969789 
472 174 35 43 0.9968837 
821 478 70 78 0.996793 
247 552 65 86 0.99679 
349 499 64 82 0.9966775 
232 229 40 45 0.996516 
59 140 36 39 0.99626786 
606 161 34 41 0.9961683 
307 326 58 68 0.9960376 
241 178 31 35 0.99598 
782 567 73 84 0.9958407 
329 424 66 73 0.9956536 
861 64 25 30 0.99521565 
-1 229 31 48 0.9948362 
146 147 29 37 0.9944923 
68 89 26 30 0.99448353 
664 65 25 31 0.99435955 
658 127 32 38 0.99425215 
30 147 29 32 0.99388534 
485 128 27 34 0.9922386 
445 149 30 45 0.9918976 
271 194 31 37 0.99086666 
922 197 31 38 0.9907231 
7 331 42 55 0.99056566 
777 199 36 43 0.9901135 
135 479 49 72 0.9894493 
729 442 51 76 0.98917073 
33 218 32 42 0.98911256 
109 267 43 52 0.98878163 
107 149 31 34 0.9878086 
339 58 22 27 0.9865849 
488 243 45 55 0.9861702 
860 117 22 29 0.9857633 
65 206 39 44 0.9833844 
474 439 48 71 0.9831118 
695 213 41 43 0.9827183 
245 94 24 32 0.98271203 
445 374 41 55 0.9825303 
739 141 30 35 0.9823423 
86 235 39 48 0.981941 
37 77 23 30 0.9812665 
519 197 32 40 0.9773208 
572 329 40 48 0.9772282 
907 5 18 23 0.97460324 
850 168 30 36 0.9727225 
171 187 42 46 0.9714425 
157 260 36 45 0.9707727 
142 99 23 28 0.96845144 
877 309 33 49 0.9527931 
846 216 46 45 0.9522336 
4 404 47 62 0.94763017 
986 6 21 23 0.9448377 
476 294 40 52 0.9387702 
78 401 48 56 0.93301386 
546 564 69 91 0.93243825 
356 159 40 38 0.93217695 
756 254 29 41 0.9297515 
576 135 34 41 0.9225346 
610 414 48 51 0.92001253 
664 178 38 41 0.91972816 
142 227 36 41 0.91957724 
816 74 27 32 0.9090321 
263 145 25 30 0.9065929 
572 481 47 59 0.9050224 
661 230 40 48 0.89819944 
181 26 15 21 0.89491785 
275 327 43 54 0.88616276 
193 263 33 47 0.88530236 
568 113 24 30 0.88260585 
536 258 29 41 0.8759032 
356 227 39 43 0.87271136 
833 56 19 23 0.8713735 
542 220 44 43 0.8656516 
170 75 18 24 0.85584235 
-1 495 40 51 0.8529316 
292 99 30 40 0.8517171 
649 92 25 34 0.84119046 
647 83 22 29 0.8301573 
13 34 17 20 0.82987136 
773 154 28 32 0.7772415 
827 430 43 52 0.75189596 
776 246 32 44 0.7325982 
802 126 25 28 0.7177034 
342 278 46 54 0.71495306 
895 223 28 35 0.7144366 
648 301 34 37 0.7116911 
713 77 15 18 0.6875978 
940 408 40 51 0.66844 
718 12 11 15 0.65857536 
569 120 33 38 0.65845513 
129 259 42 53 0.6534053 
905 65 18 23 0.643154 
750 56 17 21 0.6273977 
931 30 15 19 0.6229571 
72 182 37 43 0.6201184 
332 34 16 23 0.61255807 
50 209 36 48 0.6105174 
298 428 52 61 0.6060354 
692 66 15 20 0.6057635 
65 60 23 27 0.58249855 
584 107 27 32 0.58203423 
124 118 22 30 0.57060534 
212 13 11 14 0.53231007 
781 51 14 19 0.5165767 
642 235 30 35 0.5155499 
615 57 16 20 0.5086779 
337 155 26 33 0.48416653 
835 188 25 33 0.47468668 
17 51 19 23 0.43834773 
628 293 26 33 0.4368051 
467 28 29 36 0.43437168 
662 41 14 18 0.4223802 
71 47 22 28 0.40875506 
-1 75 17 20 0.39118785 
0 135 23 36 0.38747025 
28 1 16 14 0.36875015 
308 105 27 33 0.36225778 
214 44 12 15 0.34536818 
917 97 21 27 0.31178802 
363 211 42 45 0.31144336 
557 386 25 37 0.29957616 
688 116 23 30 0.2877998 
14 40 21 25 0.28514716 
786 5 9 12 0.2837816 
455 113 27 34 0.28363433 
691 306 30 39 0.28234246 
810 112 30 34 0.27489474 
820 185 24 31 0.27391228 
98 531 38 58 0.27265638 
68 71 24 28 0.27062944 
225 241 50 64 0.2638236 
169 51 14 18 0.2623998 
785 15 8 11 0.25613344 
407 66 15 21 0.2534415 
765 186 37 45 0.25338128 
636 132 25 32 0.25199637 
193 114 18 24 0.2510886 
184 57 14 18 0.24979156 
758 13 10 11 0.24926516 
46 404 50 60 0.24746773 
66 26 15 17 0.2389173 
0 21 10 17 0.23842256 
411 92 21 30 0.22905484 
1 121 21 32 0.22506115 
166 412 56 75 0.21836852 
310 54 14 20 0.21479495 
202 60 12 16 0.2124293 
344 251 53 62 0.21125458 
278 167 32 38 0.20827372 
350 207 28 32 0.20592813 
318 193 20 31 0.20366712 
291 559 49 64 0.20106971 
455 129 40 49 0.20098267 
813 178 24 30 0.19068637 
652 75 25 31 0.1904719 
161 139 32 38 0.18886814 
679 66 21 26 0.1852237 
27 74 23 31 0.18416739 
816 98 32 35 0.18213229 
134 111 25 32 0.17967315 
741 33 13 17 0.17529273 
247 267 46 63 0.17495811 
938 0 16 14 0.1741353 
449 124 29 34 0.17363407 
539 269 37 48 0.16788264 
914 26 13 18 0.16769977 
643 401 29 42 0.16557024 
589 261 30 39 0.16230723 
457 269 26 34 0.16162995 
781 97 17 22 0.16104038 
58 240 29 40 0.15884697 
184 507 40 61 0.15124266 
403 431 42 61 0.1448609 
694 19 10 13 0.14245176 
538 297 33 46 0.14055108 
4 78 22 29 0.13533126 
750 30 10 13 0.13307258 
34 40 14 17 0.13129209 
858 52 23 27 0.13069674 
741 4 11 14 0.12726238 
783 129 30 34 0.12668754 
153 212 43 51 0.12420454 
460 647 45 46 0.123857625 
142 239 44 54 0.120516434 
513 210 34 43 0.119473174 
751 452 53 71 0.11818309 
22 77 15 22 0.11662108 
233 6 12 16 0.11560046 
889 6 13 15 0.11523508 
24 56 19 22 0.11404581 
24 413 47 59 0.11388027 
71 243 34 41 0.113766566 
273 157 30 35 0.113694295 
209 630 39 51 0.112693265 
780 60 13 19 0.10636211 
200 503 45 58 0.104509845 
68 159 38 45 0.10215143 
269 242 40 41 0.101463675 
284 42 11 15 0.10041959 
904 43 25 31 0.09862647 
42 139 35 45 0.09734749 
789 31 10 12 0.09453969 
212 96 17 22 0.09306723 
752 5 10 12 0.0929677 
134 356 40 52 0.09244315 
-1 32 10 17 0.09216255 
412 137 26 31 0.09168322 
858 43 18 20 0.091190256 
621 575 32 43 0.08605795 
102 69 10 15 0.08427005 
919 59 23 31 0.0842134 
863 160 26 34 0.08195911 
251 234 46 58 0.081934765 
470 144 42 52 0.079073295 
828 196 19 25 0.07876246 
741 70 24 31 0.0780749 
755 70 17 23 0.07788536 
771 222 43 55 0.07717594 
363 167 43 48 0.07677501 
717 164 25 32 0.07613003 
742 47 22 26 0.076031335 
666 511 56 64 0.075869545 
23 41 21 25 0.07542485 
172 260 39 55 0.07533831 
386 301 52 68 0.07498981 
670 187 42 50 0.07492248 
519 217 45 53 0.07469899 
634 93 29 36 0.07401467 
751 1 10 11 0.07327992 
505 367 28 41 0.0722373 
504 381 33 47 0.072062984 
584 197 33 38 0.07136623 
973 5 25 26 0.0712097 
639 422 49 57 0.07086897 
118 71 15 20 0.07083233 
906 203 37 46 0.07065919 
265 203 41 49 0.06917241 
205 52 12 17 0.06802976 
776 456 49 65 0.06773215 
217 207 26 35 0.06675117 
448 137 19 22 0.065622486 
757 22 10 13 0.06397648 
657 36 13 18 0.06378082 
481 0 18 19 0.06373055 
47 248 28 38 0.063313425 
594 565 54 66 0.06229629 
563 251 40 55 0.062041257 
385 168 20 23 0.06108757 
11 311 30 45 0.0610347 
966 11 14 18 0.059780758 
789 2 9 10 0.059259437 
654 108 34 42 0.058614325 
177 13 10 12 0.0574878 
743 201 30 40 0.055714898 
467 45 26 36 0.055467583 
824 5 9 13 0.055325154 
151 1 10 11 0.054951727 
5 147 24 34 0.05464086 
769 165 38 48 0.054050963 
470 119 34 39 0.053521577 
612 336 16 22 0.053434905 
967 4 13 16 0.05288397 
353 437 60 70 0.052476726 
827 63 19 22 0.0524429 
2 27 14 18 0.0519173 
122 44 12 16 0.050986487 
56 63 24 29 0.05024448 
21 478 43 57 0.04988302 
619 101 22 30 0.049540054 
164 128 26 31 0.049305346 
557 204 44 50 0.04912818 
6 3 12 13 0.049085397 
62 6 11 13 0.048913274 
69 10 15 17 0.04855296 
533 607 50 75 0.048515283 
330 41 24 30 0.04793447 
34 122 24 29 0.047285825 
684 206 36 40 0.046492282 
755 27 12 14 0.046304617 
207 83 13 18 0.04577016 
159 453 51 81 0.04528833 
187 23 12 17 0.044717457 
24 319 44 58 0.044506013 
107 538 19 28 0.044482235 
562 106 20 24 0.044434167 
672 247 33 42 0.044018053 
320 55 24 29 0.04350719 
276 295 52 71 0.04347933 
772 28 10 13 0.04303917 
163 166 43 51 0.04234688 
737 34 20 27 0.041919183 
246 377 45 55 0.04168809 
47 0 11 12 0.041606598 
153 21 9 12 0.041134123 
177 7 9 12 0.041075252 
785 35 12 16 0.041061465 
124 109 14 20 0.04083025 
173 63 21 25 0.040829614 
177 21 13 18 0.04048257 
245 188 39 47 0.040246945 
314 562 35 47 0.040079214 
543 162 33 32 0.039635465 
184 439 47 68 0.039146435 
191 276 42 61 0.039137892 
174 419 36 42 0.03907632 
303 193 31 38 0.03903149 
933 59 13 19 0.038996052 
33 431 47 60 0.03896909 
298 91 20 27 0.03875412 
401 239 27 39 0.03871649 
-2 159 23 38 0.038679935 
316 250 31 45 0.037911963 
689 11 14 17 0.03788503 
60 79 24 31 0.037257034 
118 127 26 35 0.036800858 
89 168 31 37 0.036775228 
95 156 33 38 0.036744125 
665 265 30 35 0.03646974 
102 44 13 18 0.036407 
334 265 40 49 0.036032308 
970 17 14 18 0.035740312 
704 160 30 38 0.035609003 
635 308 40 48 0.03554326 
597 46 11 14 0.03543174 
924 73 13 19 0.03520875 
876 211 43 50 0.034911893 
530 205 39 40 0.034855403 
476 -3 28 32 0.034851924 
824 1 8 9 0.03473784 
184 118 25 30 0.034597658 
713 79 23 29 0.034538835 
184 300 29 43 0.034538213 
848 197 35 44 0.034181543 
15 134 34 45 0.03381866 
281 227 43 51 0.033400744 
462 290 36 48 0.03311626 
7 34 14 19 0.03310626 
-1 178 12 23 0.032860626 
403 74 21 33 0.032665614 
788 143 38 45 0.032552958 
424 233 36 42 0.032522745 
663 44 21 28 0.032478455 
431 624 38 49 0.03225238 
598 343 28 35 0.032158166 
572 188 36 40 0.031923972 
53 0 11 12 0.031902626 
691 278 41 47 0.03189657 
821 200 21 29 0.031883158 
536 180 43 49 0.031778034 
76 143 31 35 0.031711485 
661 33 13 16 0.031658724 
625 86 28 33 0.031604815 
91 24 14 19 0.031557035 
638 279 41 47 0.03152751 
824 333 25 38 0.031473834 
878 79 23 29 0.031110136 
239 44 12 16 0.030692961 
458 110 17 23 0.030541657 
891 5 20 26 0.030126577 
915 70 17 22 0.030087637 
763 132 25 30 0.030075865 
913 281 29 42 0.030002197 
763 150 25 32 0.029986463 
285 188 34 41 0.02998164 
197 106 21 26 0.02987956 
658 282 29 36 0.029851079 
103 561 26 42 0.029814526 
272 508 27 33 0.029788071 
752 23 11 14 0.029509697 
837 318 36 50 0.029495299 
813 79 18 23 0.029469818 
726 30 10 14 0.029371504 
808 456 55 71 0.029291643 
828 27 11 13 0.028989514 
194 290 18 24 0.028854694 
289 159 32 36 0.028678978 
782 109 25 32 0.028300216 
735 173 37 48 0.028287834 
545 314 32 44 0.028139079 
602 331 27 34 0.028066821 
809 47 9 12 0.028053196 
468 29 18 22 0.02797069 
749 134 36 46 0.027867254 
135 52 13 17 0.027793098 
822 486 42 49 0.027705992 
47 83 19 24 0.02767294 
168 156 32 36 0.02748904 
656 297 22 23 0.027414689 
832 201 30 38 0.027203763 
812 52 10 14 0.026997501 
751 218 26 38 0.026920227 
122 149 30 36 0.026905645 
209 11 18 24 0.026853893 
775 46 13 17 0.026777452 
133 1 10 11 0.026772821 
968 -3 42 41 0.026744772 
12 58 22 26 0.026696894 
638 111 26 35 0.026421616 
776 23 9 13 0.026253162 
446 237 41 53 0.02592217 
255 173 28 36 0.025433425 
686 1 23 28 0.02536897 
204 432 13 16 0.025318934 
585 174 42 49 0.025078569 
656 407 18 26 0.02500501 
736 254 33 40 0.024912635 
45 21 10 13 0.024751412 
868 98 14 17 0.024745908 
624 296 15 21 0.024725605 
751 236 30 47 0.024699586 
137 371 54 73 0.024691213 
914 29 24 29 0.024631651 
119 19 10 13 0.024539748 
337 459 58 79 0.02444328 
914 57 18 24 0.024228975 
856 36 13 16 0.024209283 
788 20 10 13 0.02419815 
388 241 49 62 0.024164148 
454 629 43 50 0.024163373 
218 11 12 16 0.024047578 
605 278 28 37 0.024040136 
320 535 47 64 0.023971396 
903 37 13 17 0.023938602 
517 619 30 43 0.023913298 
786 44 13 17 0.023870412 
418 438 44 67 0.023824723 
35 202 29 37 0.023787336 
778 5 9 12 0.023732146 
675 216 34 42 0.023726478 
-1 85 15 24 0.023668956 
340 144 17 21 0.02363865 
972 1 14 13 0.023576232 
330 252 33 45 0.023530336 
485 387 50 65 0.023495367 
397 164 25 31 0.023403382 
225 222 31 36 0.023208054 
563 226 34 36 0.023062292 
277 174 18 24 0.023050414 
624 398 37 51 0.02299114 
0 136 13 22 0.02285163 
151 27 11 15 0.02282375 
181 15 11 14 0.022762327 
761 56 15 21 0.022716418 
844 183 18 24 0.022463001 
551 170 33 35 0.022456352 
406 89 18 25 0.02241229 
813 22 9 12 0.02220171 
49 317 28 36 0.022153487 
686 250 44 53 0.022128545 
940 8 14 16 0.022122523 
656 31 11 15 0.022120168 
990 280 33 66 0.022095164 
518 261 41 53 0.022058671 
535 380 38 52 0.022051074 
574 454 51 61 0.022042131 
62 29 22 27 0.021970322 
218 18 12 17 0.021922898 
724 152 28 36 0.021894053 
517 302 34 45 0.021879103 
675 286 40 49 0.021752201 
825 438 65 75 0.021652078 
8 293 27 41 0.021628343 
908 33 15 20 0.0215985 
611 344 28 36 0.021570489 
149 124 27 33 0.021567944 
920 410 51 68 0.021530084 
917 73 23 31 0.021476572 
818 69 18 22 0.021357147 
68 121 29 36 0.02127495 
623 328 43 52 0.02122535 
618 445 36 54 0.02113225 
527 622 33 48 0.020945393 
22 289 41 51 0.020888872 
724 5 12 15 0.020880444 
584 129 21 24 0.020807354 
10 311 17 24 0.020760784 
194 428 19 21 0.02056975 
309 91 26 32 0.020510681 
767 133 15 18 0.020498337 
619 298 26 38 0.020435749 
855 56 15 21 0.020396417 
735 30 14 17 0.020250063 
480 33 17 22 0.020238847 
15 154 30 37 0.020237178 
668 118 35 42 0.020220721 
823 93 22 26 0.020175762 
287 91 25 34 0.020069983 
393 163 17 22 0.020028522 
