2_Demonstration_Political_Rally_2_752
30
13 394 51 65 0.9992969 
800 176 199 326 0.99877566 
361 141 65 78 0.46128637 
93 391 27 41 0.37014693 
1 425 14 22 0.19386636 
657 312 67 67 0.08009191 
98 401 15 22 0.061361697 
99 418 13 19 0.053723093 
943 84 14 18 0.051189188 
347 165 83 114 0.04512633 
646 282 111 117 0.03620075 
317 5 15 17 0.032482605 
260 458 12 18 0.031280555 
284 490 17 21 0.030085627 
517 173 17 21 0.029189385 
483 436 16 20 0.028434167 
99 390 14 19 0.026999472 
286 482 16 20 0.02676735 
692 197 31 39 0.025034457 
350 460 15 16 0.024790397 
520 543 9 10 0.024151389 
391 177 59 75 0.024141867 
295 385 13 18 0.023423849 
595 621 56 72 0.023307236 
334 373 13 15 0.02222043 
1012 619 12 21 0.021772401 
358 352 418 477 0.021723539 
490 434 16 19 0.02145903 
407 220 52 75 0.020552713 
495 430 11 14 0.020420168 
