2_Demonstration_Political_Rally_2_64
164
634 457 32 38 0.9938438 
851 381 32 41 0.9872004 
790 260 23 31 0.97717047 
584 394 32 33 0.9757397 
706 335 18 21 0.79744095 
638 396 16 26 0.52097 
522 355 18 21 0.3694758 
582 325 15 18 0.36079833 
559 294 9 12 0.32470366 
634 296 7 10 0.30675042 
765 356 14 17 0.17001341 
894 339 12 16 0.16116239 
525 284 12 16 0.15871842 
677 342 11 14 0.15154818 
848 392 45 53 0.12563148 
262 222 10 12 0.12382013 
553 286 9 12 0.11648415 
198 203 9 12 0.11564941 
673 342 10 12 0.11065727 
868 377 25 37 0.10580131 
615 352 11 15 0.08965761 
719 339 15 18 0.08163969 
225 236 10 12 0.074722335 
659 351 10 13 0.0680239 
564 385 52 57 0.064880274 
608 465 11 15 0.06480605 
660 377 17 21 0.062952384 
528 356 26 29 0.06274021 
636 300 8 11 0.060028188 
307 135 15 18 0.05797414 
668 373 14 19 0.05669923 
698 339 11 14 0.056593794 
527 252 10 13 0.055917993 
293 354 10 14 0.05509265 
198 260 8 12 0.05464381 
628 419 16 19 0.051863186 
826 354 16 19 0.05082516 
183 215 10 13 0.04966282 
893 333 21 27 0.049660105 
504 262 10 14 0.047790594 
531 319 11 14 0.047715027 
629 397 17 26 0.046833273 
627 407 27 33 0.04665108 
302 129 24 29 0.046641026 
652 355 15 17 0.04526259 
734 357 13 17 0.04245181 
683 346 12 14 0.04236195 
267 427 13 15 0.04205047 
312 367 25 32 0.04179916 
222 245 11 13 0.0413954 
714 382 16 19 0.041273408 
625 312 7 9 0.04055975 
532 277 12 14 0.040226564 
649 364 24 28 0.039732773 
525 268 12 15 0.039411385 
546 457 17 20 0.039379094 
918 175 39 51 0.039346837 
351 429 10 15 0.038841356 
328 417 27 40 0.038115464 
325 359 12 15 0.037805002 
555 287 12 15 0.037531562 
424 275 9 14 0.035852563 
225 191 7 9 0.035542525 
632 347 10 12 0.03532805 
638 391 13 18 0.035031207 
854 349 10 14 0.03498241 
644 382 26 32 0.034367867 
521 278 21 26 0.033725318 
910 251 10 13 0.033094827 
518 345 48 53 0.03293955 
228 230 12 16 0.032848258 
675 373 13 18 0.03276818 
463 341 10 14 0.03250164 
798 346 14 17 0.03249554 
529 309 10 12 0.032369293 
496 359 10 13 0.031780995 
876 373 16 21 0.03164924 
429 102 10 13 0.031530004 
192 205 10 12 0.031220045 
574 349 9 11 0.030966476 
418 450 13 17 0.03079124 
582 359 14 16 0.030764656 
623 396 13 19 0.030496879 
693 346 13 16 0.030487372 
510 278 9 13 0.030121837 
247 237 12 14 0.02918841 
857 414 40 50 0.029173497 
340 432 15 23 0.028780868 
197 239 8 11 0.028663753 
284 389 23 30 0.028655311 
221 251 10 12 0.028562775 
630 381 9 13 0.028303213 
670 365 13 15 0.028283976 
891 377 22 31 0.027757762 
648 401 18 22 0.02764754 
215 247 12 14 0.027202334 
533 270 11 14 0.027031893 
518 350 17 20 0.026525771 
639 356 22 27 0.026267823 
526 259 11 14 0.026055222 
632 309 8 11 0.02591691 
868 359 12 14 0.025501763 
638 309 9 11 0.025476651 
492 267 12 15 0.025470681 
300 479 13 17 0.025431907 
512 355 15 20 0.025267228 
168 183 8 11 0.025125997 
609 381 41 47 0.024898868 
306 347 39 54 0.02483025 
827 264 15 21 0.024114758 
511 283 10 13 0.024109233 
174 263 10 11 0.024073513 
502 388 10 15 0.0240224 
292 133 11 15 0.023707366 
501 364 10 13 0.023685303 
624 379 11 15 0.023673601 
168 231 9 11 0.023468753 
188 212 11 15 0.023465335 
570 390 29 36 0.023449961 
539 374 93 97 0.023412079 
543 443 28 34 0.023388837 
638 348 10 13 0.02328777 
256 226 13 15 0.023130884 
671 419 28 36 0.02310212 
292 84 11 13 0.023075223 
586 319 15 19 0.023016002 
655 343 9 10 0.022944342 
310 372 13 16 0.022942947 
759 359 15 19 0.02291877 
266 425 9 12 0.022908479 
316 371 15 20 0.022906419 
668 436 14 19 0.022800874 
608 356 12 15 0.022710158 
769 358 16 20 0.022614252 
679 427 14 19 0.02252889 
638 327 8 11 0.022495242 
486 254 9 13 0.022323249 
329 201 7 9 0.021945747 
307 399 27 31 0.021945575 
720 354 24 30 0.02192499 
553 297 11 14 0.021849867 
347 435 12 17 0.021772489 
333 78 10 12 0.021662325 
500 447 12 14 0.021655362 
316 378 25 33 0.021567356 
678 420 13 17 0.021540714 
670 336 9 12 0.021316892 
679 396 26 33 0.021102501 
509 436 11 14 0.02106399 
231 191 7 10 0.021028828 
206 191 9 11 0.020988567 
355 428 10 12 0.020847956 
317 400 28 39 0.02084491 
176 214 11 15 0.020667588 
398 357 9 12 0.020652408 
527 300 11 13 0.020464646 
334 206 8 9 0.02036863 
673 341 19 22 0.020345218 
630 388 11 17 0.02034503 
251 311 12 13 0.020283021 
596 350 9 12 0.02019902 
639 407 30 32 0.020141937 
229 242 13 16 0.020063255 
0 157 21 33 0.02004022 
