2_Demonstration_Political_Rally_2_341
148
565 329 24 30 0.994503 
129 343 18 24 0.96916413 
62 368 14 17 0.9646651 
206 361 15 19 0.9506027 
506 345 15 26 0.9082915 
182 355 17 19 0.8229155 
471 354 17 20 0.7568665 
870 339 13 19 0.7079675 
409 361 18 21 0.5519764 
796 338 17 20 0.2583155 
231 366 10 13 0.25304496 
153 354 21 24 0.24480286 
102 356 11 14 0.22676182 
569 455 28 41 0.22348794 
108 349 13 18 0.19032589 
200 322 12 16 0.16944277 
231 369 14 17 0.15513983 
44 395 12 13 0.12403466 
400 361 12 15 0.11405347 
220 333 9 12 0.10130812 
225 358 10 13 0.100449376 
223 350 10 12 0.09629488 
184 378 13 16 0.08630257 
606 427 12 15 0.08093467 
496 347 21 28 0.07885984 
202 294 9 12 0.07495624 
235 388 14 17 0.074294835 
41 373 11 13 0.06699458 
821 384 14 21 0.06067106 
860 334 20 24 0.060310688 
788 342 19 21 0.05752378 
49 344 9 11 0.0559956 
407 398 10 12 0.0541517 
57 310 8 10 0.05405804 
857 355 15 17 0.050499465 
234 378 14 17 0.049722213 
117 348 13 18 0.048843235 
54 343 8 11 0.048780203 
479 352 20 26 0.0467404 
150 338 16 19 0.04555925 
830 344 13 20 0.045011714 
855 340 20 24 0.044890963 
193 325 11 15 0.044414386 
74 342 8 11 0.043475468 
8 343 8 11 0.04314313 
120 389 22 29 0.042824816 
836 345 14 19 0.042807598 
993 378 16 19 0.042744532 
77 341 11 14 0.042671386 
412 373 15 20 0.042345993 
51 395 12 14 0.04209834 
80 349 9 11 0.041148093 
918 361 35 40 0.040993046 
494 357 15 21 0.040424123 
62 326 7 9 0.03892886 
922 412 16 19 0.038835797 
262 388 9 11 0.03867394 
36 411 12 15 0.037439194 
96 323 11 13 0.035302937 
793 347 20 23 0.03514842 
920 320 9 12 0.035082035 
216 327 11 14 0.03448291 
893 421 12 14 0.03390857 
78 329 9 11 0.033893276 
393 363 8 13 0.03296334 
840 340 23 28 0.032420818 
16 399 11 13 0.03240694 
97 352 10 13 0.032354303 
585 410 18 20 0.032165263 
852 333 18 20 0.031663 
221 340 11 15 0.031567723 
579 415 22 25 0.031101901 
866 326 47 57 0.030527333 
926 283 107 145 0.030359432 
918 415 25 27 0.030056365 
411 398 11 13 0.029884875 
807 337 16 21 0.02967584 
400 405 11 14 0.029492952 
23 327 8 10 0.02921283 
41 390 12 15 0.029145623 
47 368 9 13 0.028398247 
920 440 27 39 0.028092368 
786 345 34 38 0.028087264 
575 -45 416 507 0.027782451 
536 286 9 11 0.027679782 
891 341 12 15 0.02755713 
50 327 7 9 0.027536018 
224 371 10 14 0.02743428 
86 376 16 19 0.027246624 
831 331 13 17 0.027220134 
877 334 22 27 0.027141785 
961 340 15 17 0.026995081 
222 380 11 13 0.026866227 
126 310 10 13 0.0268021 
243 395 10 13 0.026688492 
74 333 10 13 0.02655383 
64 349 8 10 0.026512299 
86 350 8 11 0.026372772 
168 310 10 11 0.026193673 
849 354 26 29 0.025860872 
234 418 15 19 0.025754742 
14 344 7 10 0.025675908 
923 318 12 14 0.025294596 
925 304 13 15 0.02528472 
257 383 9 12 0.025281826 
55 336 8 10 0.025231482 
239 447 10 11 0.02505489 
42 401 16 18 0.025049767 
427 148 101 135 0.024827156 
0 413 9 14 0.02474783 
257 388 10 13 0.02417716 
62 344 9 11 0.024059312 
874 333 16 20 0.023881057 
405 402 11 15 0.023821365 
22 404 10 12 0.023635134 
466 367 16 20 0.023585929 
572 401 17 20 0.023504812 
384 366 10 12 0.023485148 
175 414 24 30 0.023385182 
30 406 10 14 0.02320839 
280 400 9 10 0.023163788 
791 334 15 18 0.023162352 
181 367 20 24 0.02266139 
508 348 22 32 0.022656236 
157 320 12 13 0.022353237 
148 332 15 18 0.022004563 
597 425 14 18 0.022003952 
485 345 21 28 0.021871423 
95 361 12 15 0.021747507 
575 326 24 36 0.021715777 
55 326 8 10 0.021615215 
77 393 14 19 0.021572245 
589 416 20 26 0.021549458 
777 323 10 13 0.021280369 
148 385 13 18 0.02123606 
986 346 13 16 0.02122733 
69 359 12 14 0.021104367 
52 388 23 28 0.021089762 
149 345 18 22 0.021067232 
552 450 37 50 0.021041786 
72 349 8 10 0.02103724 
18 327 8 10 0.020906076 
145 325 10 14 0.020844419 
80 381 21 27 0.020729441 
88 357 10 12 0.020720068 
848 334 50 59 0.020525064 
57 428 13 14 0.02023006 
32 411 10 14 0.020116258 
