2_Demonstration_Demonstration_Or_Protest_2_512
504
402 238 27 33 0.9969901 
963 375 54 85 0.9935905 
143 284 51 63 0.9831292 
935 279 26 31 0.8266392 
921 258 17 21 0.7049904 
469 229 12 14 0.60422754 
421 313 62 68 0.5804285 
992 207 11 13 0.5755405 
918 197 10 12 0.567691 
242 210 18 20 0.5670768 
954 313 33 38 0.5497246 
735 258 13 16 0.5458208 
598 289 31 32 0.5438822 
989 272 14 17 0.53029954 
97 294 26 35 0.5259693 
674 278 32 52 0.5124014 
639 244 12 15 0.44963104 
902 266 15 20 0.44466624 
156 191 17 22 0.44000208 
114 348 43 55 0.41046947 
647 207 11 14 0.34595704 
732 310 45 53 0.33341804 
200 228 24 34 0.30944896 
569 343 41 49 0.30828762 
685 303 42 53 0.2955332 
295 207 11 13 0.27311385 
621 244 15 18 0.2669842 
1012 275 10 16 0.26523528 
172 212 24 30 0.25943434 
625 221 10 13 0.25534236 
243 391 50 82 0.2502787 
685 289 32 47 0.23973063 
910 260 14 18 0.22716302 
1005 315 15 20 0.22712274 
128 191 26 33 0.2252111 
679 189 13 16 0.2146517 
718 199 8 10 0.19465776 
596 238 11 15 0.1935057 
813 213 10 11 0.18155421 
658 249 15 18 0.16401576 
838 274 17 24 0.15989186 
666 205 9 13 0.15545744 
231 292 26 32 0.15222849 
49 202 16 20 0.14939235 
713 222 9 10 0.14453068 
705 307 45 54 0.140584 
964 269 13 17 0.13957709 
829 245 10 12 0.13725609 
598 213 11 17 0.13696416 
704 207 8 10 0.13621144 
976 208 9 10 0.133611 
735 225 7 9 0.13358557 
631 260 23 27 0.1241653 
805 229 9 11 0.12285023 
958 265 13 16 0.11793373 
608 184 9 13 0.111876845 
680 181 12 14 0.10964324 
590 213 11 16 0.10749378 
584 287 28 33 0.10709321 
663 199 10 13 0.10697651 
667 297 44 53 0.106597304 
1007 259 12 14 0.104098625 
798 206 8 9 0.10361064 
645 228 11 13 0.101235986 
751 244 12 14 0.09964696 
736 230 9 12 0.09865211 
429 201 14 16 0.09857 
719 246 11 13 0.09849331 
604 214 12 15 0.097005844 
719 205 9 10 0.09682275 
181 219 26 35 0.09483757 
714 198 8 10 0.09438881 
944 382 51 83 0.09395622 
865 219 22 29 0.09286938 
768 248 10 12 0.09089045 
23 190 12 16 0.08963455 
969 274 14 16 0.08907487 
837 204 14 16 0.08784951 
442 223 25 31 0.087137386 
51 193 16 19 0.08527809 
606 206 9 12 0.08273139 
858 227 15 19 0.082610466 
742 235 10 13 0.08212726 
829 239 10 12 0.08199705 
1 206 24 36 0.08151942 
451 211 16 19 0.08137613 
928 262 17 19 0.08008803 
951 264 12 15 0.079724275 
331 182 24 30 0.079438284 
653 222 10 13 0.07922489 
771 245 14 16 0.078748725 
647 200 9 11 0.07851574 
615 247 13 17 0.078270555 
825 237 10 12 0.07777508 
825 231 10 12 0.07750046 
969 248 9 12 0.07728162 
574 211 13 14 0.07719543 
289 206 10 14 0.07620398 
303 319 55 73 0.075168446 
776 283 37 50 0.07509479 
792 289 25 30 0.07397136 
653 212 10 11 0.07373514 
623 184 11 14 0.071406834 
623 216 10 13 0.06981571 
433 195 16 19 0.06950302 
859 284 14 17 0.068913355 
977 212 10 12 0.06805329 
775 234 14 14 0.06803387 
927 314 22 28 0.06768581 
808 208 9 10 0.06756169 
533 408 51 66 0.06674464 
593 252 10 14 0.06635679 
581 209 14 17 0.066269584 
628 214 12 15 0.06585878 
271 243 14 18 0.06553498 
549 327 53 60 0.06543633 
857 260 15 17 0.064771354 
445 213 23 28 0.064117685 
202 228 39 56 0.0634884 
88 325 60 64 0.063442536 
534 238 17 22 0.06336858 
210 238 14 19 0.0631756 
120 188 45 56 0.0629665 
785 222 9 10 0.062298987 
35 201 14 20 0.062160432 
757 240 10 13 0.061781988 
806 223 9 11 0.061373476 
655 239 11 13 0.061329987 
637 249 15 19 0.061150648 
0 224 22 36 0.060871758 
310 147 11 13 0.060342252 
930 298 26 33 0.059610296 
210 229 15 18 0.059401292 
698 205 8 11 0.05938654 
1008 206 10 13 0.059348363 
638 212 11 14 0.05913428 
144 347 36 57 0.05897689 
317 201 12 15 0.05879088 
1008 196 9 13 0.058400255 
949 215 9 12 0.057852797 
872 323 45 54 0.057684198 
670 198 11 15 0.05710633 
697 200 8 10 0.056396686 
464 194 14 17 0.05634961 
823 198 9 11 0.055855144 
791 220 8 10 0.055541795 
627 228 11 13 0.055357747 
752 293 39 52 0.055187512 
223 416 67 92 0.05491786 
778 323 27 38 0.05491254 
295 197 12 14 0.05467368 
663 211 10 12 0.05426166 
822 207 8 10 0.053498186 
835 197 22 27 0.0534142 
429 189 15 17 0.053151898 
951 203 10 13 0.05297858 
1008 189 9 12 0.051686414 
461 224 20 26 0.05129295 
853 286 18 22 0.050937317 
600 207 10 14 0.05078877 
681 176 10 11 0.05035723 
639 222 10 13 0.05033549 
790 238 11 13 0.050264876 
692 231 10 13 0.049950197 
448 304 53 68 0.049550656 
805 325 48 53 0.048856232 
702 189 8 10 0.048776656 
974 222 10 13 0.048360977 
750 238 10 13 0.047539853 
623 207 8 10 0.047402292 
629 206 10 12 0.046864487 
180 206 13 17 0.04670595 
971 249 13 16 0.04669757 
615 205 9 11 0.046656303 
1004 300 12 16 0.046049487 
991 262 12 16 0.045128103 
197 228 16 25 0.045073804 
1013 186 9 14 0.045057368 
829 250 13 16 0.044899773 
606 242 15 20 0.04445952 
1002 190 8 11 0.044378422 
1000 304 20 27 0.04436356 
477 315 44 62 0.04388547 
347 195 15 17 0.043665167 
753 214 9 10 0.043658923 
801 225 8 10 0.043473955 
736 207 9 10 0.04345638 
838 244 11 14 0.043280758 
639 310 32 40 0.042672798 
80 300 52 54 0.042548236 
628 237 12 15 0.042323835 
300 172 26 34 0.04199259 
711 207 7 10 0.04178728 
647 191 8 10 0.041679796 
833 211 11 13 0.041434042 
312 204 12 14 0.041368823 
782 242 12 15 0.040920395 
668 222 12 17 0.040273383 
261 374 42 73 0.0400757 
347 231 22 26 0.039975062 
843 244 12 15 0.039959647 
553 199 11 15 0.039939765 
728 231 9 11 0.03983168 
668 422 77 115 0.039750308 
584 218 12 15 0.039706293 
1006 267 17 24 0.03967691 
285 338 51 74 0.03937771 
861 205 11 13 0.039097704 
49 182 25 33 0.038996812 
712 216 8 10 0.03897298 
776 207 8 10 0.038938724 
655 198 10 12 0.038717296 
613 214 11 13 0.038443703 
613 238 13 17 0.038174175 
1013 210 8 13 0.03808219 
348 134 15 17 0.038040258 
312 172 28 36 0.037944604 
587 211 19 25 0.03794265 
663 220 11 15 0.03773579 
588 206 12 16 0.037660427 
807 246 11 15 0.03732382 
648 224 11 13 0.037322555 
993 278 16 19 0.03730799 
661 191 9 12 0.03703687 
854 266 14 19 0.03692297 
660 241 23 30 0.03683101 
517 198 12 15 0.03672361 
435 225 16 21 0.036141828 
511 202 13 16 0.036101576 
983 274 21 25 0.035793927 
866 263 43 57 0.035691086 
287 191 8 11 0.035688084 
605 197 12 14 0.035593666 
394 180 12 16 0.03543095 
634 303 24 38 0.03542891 
961 306 20 23 0.035354912 
542 226 15 18 0.03522515 
855 222 14 16 0.03512377 
837 207 47 54 0.034966346 
413 174 10 12 0.03452184 
300 185 15 19 0.034417637 
315 148 11 14 0.03440626 
354 195 14 16 0.03432213 
846 277 22 27 0.033975005 
744 213 8 10 0.033896353 
685 214 8 11 0.033882022 
696 183 10 12 0.033860274 
640 188 9 11 0.033764657 
660 238 12 16 0.03370503 
835 251 13 17 0.03344244 
618 249 22 28 0.033124685 
274 355 45 77 0.03298945 
686 168 8 10 0.032980707 
570 212 11 15 0.032837246 
186 213 12 16 0.032746177 
641 235 15 18 0.03268535 
953 270 22 26 0.03252473 
658 281 32 39 0.0324378 
601 199 10 12 0.032426726 
372 195 14 17 0.03229521 
471 201 12 15 0.032282364 
717 238 11 14 0.032259956 
0 157 11 20 0.032137856 
292 200 21 23 0.032022838 
23 190 20 27 0.032007974 
935 267 23 28 0.03187281 
224 194 24 29 0.03183371 
627 248 14 18 0.031774208 
626 350 27 37 0.031685367 
752 230 9 12 0.03138515 
791 198 9 11 0.031359073 
343 187 17 20 0.031313702 
594 237 19 26 0.031255182 
343 128 25 27 0.031226523 
347 188 24 27 0.031100942 
632 201 9 10 0.030837936 
630 182 9 13 0.030804226 
990 203 17 21 0.030749934 
639 184 9 11 0.030676872 
272 237 42 52 0.030672392 
752 287 27 36 0.030443026 
894 270 17 23 0.030429399 
938 319 15 20 0.030413806 
515 268 26 43 0.030303843 
860 210 12 15 0.0302169 
803 284 14 18 0.03014737 
427 209 14 15 0.030145658 
219 226 13 18 0.0301318 
186 444 100 119 0.030104125 
349 240 23 29 0.030064777 
575 281 25 38 0.03001639 
790 280 46 54 0.029968368 
622 211 19 24 0.029898029 
494 222 8 11 0.029892279 
13 200 28 36 0.02988036 
279 191 10 12 0.029790856 
316 299 51 58 0.029593443 
608 291 41 51 0.029579628 
472 292 25 42 0.029511908 
859 281 23 32 0.029458322 
198 222 12 18 0.029282892 
798 201 9 11 0.029195614 
171 252 29 34 0.029070305 
30 184 24 31 0.028941888 
743 184 8 10 0.028928598 
212 223 13 16 0.028853338 
295 189 13 15 0.028804302 
640 250 22 26 0.028776588 
656 191 9 12 0.02871666 
878 188 8 9 0.028709777 
625 249 42 47 0.02866877 
668 218 22 30 0.028644688 
956 199 10 13 0.028628295 
917 230 15 18 0.028568478 
391 211 24 34 0.028432377 
982 207 9 11 0.028412685 
944 276 18 22 0.02838941 
814 267 14 20 0.02829342 
44 204 26 30 0.028275222 
192 215 40 52 0.028196763 
713 193 9 11 0.028062014 
832 197 11 14 0.027956627 
477 593 154 120 0.027948052 
825 225 8 11 0.027810419 
590 228 10 12 0.027639886 
969 222 10 12 0.027623858 
505 317 44 57 0.027594903 
26 200 25 32 0.02757513 
856 280 44 54 0.027504386 
36 187 40 51 0.027454086 
876 330 15 20 0.027421689 
214 212 42 57 0.02728002 
768 205 8 10 0.02727861 
517 210 15 19 0.027165087 
688 235 12 16 0.027160764 
227 202 12 15 0.027113188 
488 222 9 10 0.027058216 
999 197 10 12 0.026864044 
493 202 11 13 0.026861563 
613 185 12 15 0.026677376 
389 149 12 14 0.026654907 
579 322 398 431 0.026596917 
838 217 12 13 0.026585357 
969 191 8 11 0.026535448 
214 251 30 43 0.026495842 
396 222 27 36 0.026358848 
171 252 50 65 0.02635802 
817 199 8 10 0.026175017 
58 319 56 67 0.026127936 
494 229 10 13 0.026115805 
945 265 22 26 0.026102487 
842 211 13 15 0.026084848 
726 236 11 14 0.02607818 
784 265 29 35 0.02604651 
793 206 9 10 0.025792556 
891 320 45 51 0.025749492 
806 235 10 12 0.02571685 
948 295 29 33 0.025671558 
646 323 38 39 0.025635263 
279 396 26 49 0.025546549 
145 251 27 34 0.025514092 
12 185 25 33 0.025509099 
830 221 11 12 0.025478156 
798 270 25 31 0.025364455 
220 189 11 14 0.025341485 
940 261 14 17 0.025233822 
718 193 9 11 0.025209969 
921 265 25 30 0.024968704 
333 115 43 48 0.024951167 
839 260 23 30 0.02467279 
477 222 11 13 0.024602327 
141 197 45 54 0.024543012 
736 213 8 10 0.024534177 
92 143 45 66 0.024531534 
914 314 28 36 0.024517613 
790 261 13 16 0.024357684 
653 254 18 22 0.024319435 
585 291 44 53 0.024289243 
426 227 22 30 0.024268784 
755 249 12 16 0.024166802 
416 188 12 15 0.024156347 
476 197 13 15 0.02409847 
280 204 9 12 0.024060193 
1012 255 11 16 0.023984104 
932 293 19 23 0.023937507 
718 215 9 11 0.023768287 
687 221 9 13 0.023726933 
358 182 23 27 0.023633467 
469 220 21 25 0.023587063 
783 250 11 14 0.023576036 
712 236 10 13 0.02354715 
782 208 8 9 0.02354644 
695 174 9 10 0.023539571 
48 189 13 17 0.023516161 
868 203 12 14 0.023503488 
499 198 12 14 0.023389783 
307 195 23 27 0.023374576 
618 268 25 34 0.023372745 
486 197 12 14 0.023366118 
896 190 9 11 0.023365328 
480 192 10 12 0.023313185 
830 256 24 30 0.023277555 
720 246 21 23 0.023276256 
318 185 15 19 0.023275176 
243 353 53 72 0.023261033 
199 206 27 31 0.023156635 
326 208 24 33 0.02310883 
983 290 17 20 0.023071341 
394 311 59 76 0.022996465 
790 193 8 10 0.02295209 
198 190 13 15 0.02294668 
997 259 13 17 0.022926118 
422 189 12 15 0.02285165 
461 202 13 19 0.022843797 
742 207 8 11 0.022823438 
823 187 46 55 0.022662127 
851 234 48 61 0.02262674 
465 232 22 29 0.02258838 
516 219 16 18 0.022532841 
757 274 24 28 0.022530971 
846 219 10 12 0.022519726 
268 236 23 29 0.022480246 
173 180 12 15 0.022471504 
479 215 10 12 0.022411743 
487 216 10 12 0.02237974 
607 209 19 24 0.022315722 
813 260 13 16 0.022301951 
430 205 24 29 0.022296768 
620 223 21 24 0.022278368 
797 215 8 9 0.022254422 
777 236 22 25 0.022246214 
843 220 23 27 0.02220418 
236 173 10 14 0.022192854 
237 285 15 20 0.022171326 
222 273 31 44 0.022160446 
766 201 9 10 0.021967968 
245 242 13 17 0.021949392 
668 213 11 13 0.021908084 
444 194 14 18 0.021905547 
488 203 11 13 0.021820487 
995 295 21 27 0.021801013 
974 199 8 11 0.02178774 
253 271 40 53 0.021783447 
335 161 30 37 0.021765945 
640 198 9 11 0.021749869 
752 223 10 13 0.021582624 
903 191 8 11 0.021569801 
963 261 14 18 0.021525202 
498 243 14 20 0.02149264 
605 273 29 38 0.021491975 
837 209 26 28 0.021484727 
716 319 57 79 0.02148196 
811 250 12 17 0.021472896 
926 205 10 13 0.021435034 
454 191 10 15 0.02143151 
518 201 25 28 0.021337798 
418 301 32 49 0.021325827 
866 318 28 37 0.021281438 
763 275 29 36 0.021226909 
701 237 10 12 0.02122201 
37 189 10 13 0.021221148 
500 204 12 14 0.021193534 
996 219 11 13 0.021161934 
105 277 29 45 0.021105448 
832 182 28 33 0.021064766 
78 228 44 58 0.021011507 
508 197 23 28 0.021009354 
443 203 22 25 0.020991841 
968 216 9 11 0.020950455 
279 197 9 12 0.020920724 
804 275 15 19 0.020892037 
854 294 28 35 0.020884119 
622 256 13 18 0.020852024 
501 213 11 14 0.020834845 
623 265 16 20 0.02080061 
983 269 15 18 0.020792384 
711 228 11 14 0.020737374 
714 245 11 13 0.020736419 
165 181 12 14 0.020709777 
209 225 25 32 0.020611057 
780 185 94 105 0.020590633 
510 223 23 29 0.02056881 
863 199 9 11 0.020540869 
226 293 41 56 0.020467991 
796 244 12 14 0.020426258 
183 233 29 42 0.020420073 
474 304 30 48 0.020410528 
264 202 11 13 0.020371152 
723 259 26 29 0.02036187 
520 230 23 30 0.020305635 
991 202 10 11 0.020296728 
422 191 22 25 0.02026018 
28 184 13 17 0.020196356 
19 184 41 55 0.020185715 
291 243 29 37 0.0201829 
572 208 23 27 0.020102076 
733 229 20 25 0.020081442 
576 197 10 13 0.020051315 
596 229 13 18 0.020050324 
613 197 12 15 0.020049581 
198 195 24 28 0.020047527 
776 224 9 11 0.020036338 
662 198 19 25 0.020030914 
997 254 12 14 0.020005275 
