2_Demonstration_Political_Rally_2_137
142
13 371 81 123 0.99921143 
396 278 27 34 0.99773765 
906 276 29 36 0.9970697 
231 297 72 96 0.9967565 
758 272 32 41 0.99362975 
304 294 61 94 0.9922936 
651 271 38 52 0.9794214 
417 310 59 81 0.9753093 
931 266 25 32 0.96798867 
715 281 16 19 0.9140819 
789 279 26 35 0.8610307 
-1 308 21 38 0.82110006 
843 274 23 27 0.62177545 
564 320 35 53 0.58389896 
202 283 31 43 0.5028082 
741 333 29 36 0.28959355 
120 351 24 31 0.25646773 
607 320 36 54 0.2450734 
1008 280 13 19 0.23264723 
701 301 15 20 0.22577746 
61 308 26 32 0.22353111 
857 297 16 19 0.18860196 
181 282 38 46 0.18451734 
463 280 22 29 0.17127201 
492 167 11 13 0.15318604 
445 289 25 27 0.1347447 
637 161 13 17 0.12704156 
493 326 36 53 0.12526426 
369 330 51 68 0.11686482 
967 300 13 18 0.10633443 
470 279 26 35 0.09996294 
382 278 11 15 0.092859656 
813 346 14 19 0.09248735 
787 341 22 27 0.08500351 
474 335 28 49 0.083210185 
1012 259 10 16 0.079442225 
308 474 52 67 0.07677291 
465 275 16 21 0.07305739 
573 557 16 20 0.06710911 
104 348 30 34 0.06550396 
91 343 27 33 0.059649307 
849 287 19 21 0.059237514 
877 360 16 17 0.054817226 
504 152 8 11 0.054373287 
901 268 26 33 0.054227196 
552 324 29 47 0.053854555 
679 586 19 26 0.0535668 
116 355 17 21 0.05269651 
811 599 14 16 0.049720276 
216 162 11 14 0.049415108 
703 175 10 11 0.048992503 
475 174 9 11 0.048525825 
529 311 27 42 0.048221026 
712 180 9 12 0.047559246 
99 348 14 16 0.046924394 
510 178 13 17 0.04580829 
92 345 15 18 0.044228956 
1011 266 13 22 0.043784447 
134 400 46 61 0.043474335 
93 298 11 13 0.043053165 
111 355 46 60 0.042033877 
793 300 17 23 0.041714158 
123 371 45 65 0.041594047 
449 282 47 57 0.041247778 
371 280 23 28 0.041245308 
899 577 18 19 0.041169263 
395 282 43 52 0.040271122 
623 300 39 56 0.040266532 
189 167 12 14 0.037452344 
669 183 13 17 0.037175015 
458 189 11 12 0.037066 
889 294 16 21 0.036899198 
537 333 26 46 0.036259957 
186 166 10 13 0.036102973 
581 323 34 51 0.03586583 
754 336 26 31 0.034811255 
913 187 47 62 0.034557093 
21 277 9 13 0.034187734 
431 299 32 34 0.034122113 
805 324 15 18 0.033237096 
1001 309 21 31 0.032470364 
109 352 17 22 0.03238036 
389 321 75 92 0.031886272 
490 171 10 11 0.03145991 
897 265 16 20 0.03138976 
800 341 21 28 0.030743873 
83 338 27 30 0.030621232 
709 175 11 13 0.030144274 
-1 315 31 50 0.030064546 
480 278 31 39 0.029911427 
897 583 25 27 0.029592002 
477 110 10 12 0.029382592 
869 322 23 28 0.029148271 
214 286 33 43 0.029053144 
839 279 16 22 0.028696707 
856 282 18 21 0.02783679 
703 181 10 10 0.027094394 
162 283 37 50 0.0270477 
738 273 14 19 0.026686683 
464 302 45 65 0.026404087 
727 143 9 11 0.025903365 
353 483 54 71 0.025514577 
72 337 47 54 0.025477352 
580 308 29 41 0.025300726 
454 175 12 15 0.025159096 
440 115 10 12 0.025006197 
445 287 15 17 0.024769347 
195 170 12 14 0.024766508 
454 158 10 12 0.02434489 
50 312 30 35 0.024276385 
1014 350 10 15 0.024254737 
507 318 42 55 0.024060002 
343 316 49 66 0.023966398 
375 278 14 17 0.023887996 
570 341 33 48 0.023795305 
333 487 48 69 0.02374142 
599 174 8 11 0.023666874 
1012 156 10 17 0.023395315 
113 482 29 45 0.022846302 
69 469 215 195 0.022795381 
845 603 17 18 0.022689804 
458 180 12 15 0.022586605 
1010 322 12 18 0.022575656 
801 328 23 28 0.022467047 
429 283 13 16 0.02241287 
964 293 13 19 0.022125058 
371 300 44 63 0.022111543 
386 273 25 35 0.021922767 
585 170 10 13 0.021876885 
870 285 12 17 0.021827132 
478 230 48 57 0.021589663 
846 595 16 17 0.021363538 
960 444 8 12 0.021201827 
615 302 30 43 0.020912781 
901 238 11 16 0.020798402 
521 224 9 11 0.020793302 
208 243 13 16 0.020707091 
152 418 50 59 0.020630762 
199 147 9 11 0.020401968 
958 292 12 16 0.02015309 
457 293 20 24 0.020136492 
1009 406 10 13 0.020047184 
