2_Demonstration_Demonstrators_2_188
180
373 456 94 121 0.9993938 
3 422 37 48 0.99874204 
219 347 53 58 0.99866104 
225 241 35 43 0.99824333 
188 287 36 45 0.99815184 
875 364 32 42 0.9979741 
288 337 39 53 0.99181104 
483 384 39 50 0.99065334 
154 408 45 59 0.9891928 
779 1089 108 102 0.96016264 
852 224 23 26 0.82477146 
109 354 14 22 0.7356828 
957 381 14 19 0.68080455 
1007 366 15 17 0.6783896 
19 396 27 32 0.5892415 
391 339 34 41 0.44500268 
979 375 16 20 0.4373121 
79 479 80 81 0.4370854 
571 411 26 33 0.31860927 
304 273 27 44 0.3050965 
931 371 14 19 0.29521307 
941 405 23 28 0.28694662 
966 407 21 27 0.27563977 
922 519 22 27 0.21503723 
542 406 22 35 0.14758506 
890 332 14 17 0.12561853 
658 368 16 22 0.1217387 
119 1152 393 488 0.10764053 
917 370 16 19 0.10723686 
516 331 20 23 0.10561372 
96 203 40 56 0.10306635 
505 537 54 63 0.1014322 
47 382 23 27 0.09816604 
949 335 9 11 0.09585055 
909 396 23 27 0.09230465 
952 408 23 27 0.09222059 
0 399 19 30 0.084160075 
382 355 32 37 0.0800064 
990 343 10 12 0.07388696 
200 627 41 46 0.07268108 
911 327 10 13 0.07267113 
751 348 41 54 0.07164119 
986 520 16 20 0.070603386 
137 261 39 52 0.069646075 
1012 334 9 11 0.068315536 
921 378 23 29 0.06565067 
12 348 17 22 0.062358044 
925 366 16 20 0.06199392 
731 338 42 56 0.05753765 
983 342 9 11 0.057170093 
965 332 10 12 0.057091635 
554 409 30 36 0.054549947 
924 389 24 29 0.054266896 
42 911 38 49 0.051814757 
137 956 42 62 0.051435772 
357 356 22 26 0.05126914 
961 328 9 11 0.050876137 
666 371 15 19 0.049097333 
1003 406 19 24 0.048177492 
947 389 25 29 0.046035893 
978 341 9 11 0.045455128 
630 372 10 13 0.044693563 
0 396 15 18 0.04460216 
679 342 49 61 0.044493333 
1002 472 21 30 0.042209376 
1010 373 14 20 0.041781884 
821 242 12 14 0.041244544 
773 354 31 33 0.04114262 
164 291 28 38 0.04085803 
956 349 11 14 0.040223803 
901 332 11 15 0.039951105 
987 381 16 20 0.038991988 
637 372 15 17 0.038828954 
926 335 9 10 0.03854459 
944 338 10 14 0.037622236 
817 272 41 53 0.037345447 
978 710 49 78 0.036729205 
91 136 26 34 0.035904057 
361 364 23 28 0.03511001 
914 450 25 32 0.03475244 
750 301 11 15 0.034662753 
774 360 44 53 0.03458327 
475 531 52 69 0.034534756 
658 355 47 60 0.03404679 
942 326 8 10 0.033499766 
935 392 25 30 0.03342686 
30 405 18 23 0.03331465 
917 332 10 11 0.033307068 
986 373 12 17 0.032158747 
457 504 91 105 0.031925336 
999 428 24 29 0.03154691 
1014 346 10 13 0.031210257 
982 335 8 12 0.031008579 
38 425 26 37 0.030968754 
266 336 44 56 0.030485766 
679 334 30 48 0.030388478 
75 951 12 16 0.030225385 
417 257 15 21 0.030119766 
1001 371 11 15 0.02971901 
1002 496 18 23 0.029648088 
112 348 23 31 0.02961975 
806 1065 72 83 0.029553752 
706 342 51 60 0.02954827 
902 399 18 24 0.029445553 
1010 360 13 17 0.029213838 
507 334 31 33 0.028871026 
936 324 9 11 0.028831687 
58 922 16 20 0.02856607 
13 408 39 51 0.028521512 
108 202 13 18 0.028328095 
866 1138 112 123 0.028259803 
1012 339 10 15 0.02808801 
611 400 19 23 0.028047336 
106 144 15 19 0.027768118 
523 326 15 19 0.027674254 
757 301 11 15 0.027600057 
0 366 11 16 0.027539363 
815 1112 112 127 0.027525945 
999 503 15 20 0.027515057 
936 416 23 30 0.027457688 
107 150 24 36 0.027457612 
975 334 10 12 0.027309772 
892 327 21 25 0.027273253 
0 926 10 14 0.027271347 
624 369 25 28 0.026963836 
909 321 10 11 0.026934206 
957 384 23 28 0.02691268 
974 315 11 13 0.02682278 
407 344 20 25 0.026693564 
499 505 59 61 0.02648839 
138 345 24 34 0.026396759 
609 367 45 52 0.026390554 
987 577 24 32 0.02631823 
667 345 30 44 0.026239265 
36 390 26 33 0.026053032 
321 1197 107 129 0.026006585 
86 386 14 18 0.02599529 
349 184 13 16 0.025807807 
932 432 18 23 0.02570042 
927 327 8 10 0.025562929 
932 372 22 27 0.02532205 
807 1109 37 39 0.025288366 
361 359 44 51 0.025243703 
291 280 31 41 0.025207276 
68 951 23 31 0.025185285 
950 340 10 12 0.025108434 
317 184 11 13 0.025027303 
141 244 40 49 0.024760574 
619 394 16 19 0.024415968 
36 922 27 38 0.024048394 
961 372 15 19 0.023821384 
17 373 24 30 0.023812234 
722 272 14 18 0.023666726 
109 317 41 53 0.023607811 
738 360 224 219 0.023592044 
848 226 15 20 0.023518113 
947 721 56 66 0.022794578 
192 278 27 33 0.022699436 
950 328 9 12 0.02264429 
641 374 15 20 0.022087669 
53 371 23 31 0.02193194 
952 355 12 15 0.021704353 
834 354 14 17 0.021483473 
929 481 17 21 0.021462312 
156 275 27 39 0.021211397 
957 344 9 10 0.021150868 
574 419 40 49 0.02105267 
640 368 11 13 0.021046482 
87 330 38 50 0.02098154 
996 379 12 16 0.020867262 
906 325 10 13 0.020821117 
990 584 14 19 0.020802947 
118 195 30 43 0.020690748 
111 966 25 38 0.020538121 
956 365 13 16 0.020492809 
110 342 41 53 0.020447994 
998 1101 24 62 0.020328995 
402 339 18 22 0.020259602 
603 381 58 67 0.020231832 
126 295 42 52 0.020166688 
