2_Demonstration_Protesters_2_563
60
818 309 105 124 0.9998821 
564 220 30 37 0.9994869 
633 185 26 35 0.999458 
301 234 26 30 0.9993212 
819 186 33 39 0.9991412 
669 166 31 40 0.9986858 
873 207 64 87 0.99839896 
394 187 66 98 0.99796486 
227 254 39 49 0.9971443 
722 234 69 96 0.99636745 
668 253 48 62 0.99601895 
98 242 83 97 0.9944463 
237 213 24 32 0.99250984 
771 196 29 32 0.9394489 
-1 184 69 148 0.6670619 
984 205 35 38 0.46901524 
177 207 28 33 0.3514361 
503 179 28 33 0.24420027 
527 293 29 38 0.12038798 
61 327 46 66 0.11682161 
612 27 10 14 0.08393431 
627 53 14 18 0.07670161 
781 190 39 47 0.07020759 
177 267 31 39 0.06845264 
553 317 29 34 0.063624874 
534 170 26 32 0.062468853 
653 259 40 55 0.053677704 
489 182 42 53 0.052526943 
826 610 58 58 0.046819583 
508 169 41 47 0.040799562 
7 157 55 103 0.0401067 
975 212 13 17 0.039135862 
191 211 16 22 0.035914596 
646 174 35 45 0.0335534 
65 288 28 35 0.03305763 
675 315 27 31 0.03289797 
548 329 29 33 0.032159287 
536 285 40 49 0.031314027 
755 205 50 61 0.029904092 
524 151 42 52 0.0293807 
973 204 28 35 0.028757444 
832 220 35 47 0.026749514 
636 441 48 50 0.02667924 
483 201 27 35 0.02620565 
547 305 29 37 0.025109865 
171 196 27 34 0.023975879 
836 246 89 111 0.023165595 
842 218 49 63 0.022956247 
152 396 47 59 0.022441389 
553 288 35 42 0.022334184 
186 205 18 22 0.022305809 
663 478 51 58 0.022119384 
471 188 44 64 0.021999625 
805 618 36 36 0.021818776 
975 214 37 42 0.021424975 
523 146 29 36 0.02141787 
773 241 53 72 0.021378892 
952 200 40 56 0.020847479 
550 339 14 17 0.02059222 
190 172 13 16 0.020089988 
