2_Demonstration_Political_Rally_2_763
25
532 154 90 125 0.9994861 
669 186 57 70 0.999424 
438 198 48 62 0.99691963 
740 216 48 60 0.9968989 
290 102 85 116 0.99670655 
801 242 72 100 0.9957092 
249 143 50 72 0.9903238 
485 223 58 79 0.9746858 
642 229 29 35 0.88292706 
500 202 77 103 0.42741218 
389 187 43 54 0.23073313 
136 106 11 15 0.078686684 
634 225 44 60 0.05910404 
155 130 27 34 0.03311244 
152 124 46 52 0.02791421 
724 225 26 37 0.027572123 
95 85 9 12 0.026927406 
2 52 8 12 0.02566782 
796 25 12 16 0.023511812 
136 147 14 18 0.02236305 
485 215 37 60 0.021995129 
364 200 49 60 0.021427969 
1 108 25 45 0.02136439 
834 135 17 21 0.020319598 
0 102 11 18 0.020004299 
