2_Demonstration_Political_Rally_2_18
240
166 331 21 28 0.9913521 
864 447 18 23 0.98418844 
453 295 15 21 0.98244375 
317 437 20 26 0.97965324 
66 337 18 23 0.97725004 
148 384 18 24 0.97461855 
243 421 18 26 0.968629 
133 295 19 24 0.9656195 
363 428 17 22 0.96395695 
41 448 20 26 0.9638554 
12 353 19 24 0.961387 
486 360 17 23 0.95582414 
480 402 18 22 0.9546098 
622 455 20 24 0.95442 
271 394 21 27 0.9541863 
379 436 19 24 0.9539652 
314 261 18 24 0.95112914 
530 396 17 23 0.9505273 
27 310 17 23 0.9475713 
767 419 18 23 0.94705707 
171 450 20 27 0.9470416 
103 239 16 23 0.9454339 
353 342 20 27 0.94087267 
96 447 21 24 0.9390405 
222 274 20 25 0.9378705 
442 458 20 28 0.93781143 
501 448 19 24 0.93413013 
185 306 18 22 0.934025 
24 258 16 20 0.91933167 
238 310 18 22 0.9192869 
157 408 19 23 0.9170022 
914 435 16 19 0.90323615 
169 259 18 24 0.89725393 
263 202 20 27 0.89603615 
422 426 19 22 0.8937378 
87 264 19 23 0.89087594 
298 331 19 27 0.8687112 
21 460 20 25 0.8636912 
40 425 20 23 0.84689707 
81 288 19 22 0.8399776 
41 239 16 21 0.82573754 
228 362 21 28 0.80791944 
398 390 13 19 0.7539668 
228 252 16 19 0.75051063 
546 435 14 17 0.7089218 
57 259 12 17 0.69576013 
76 319 15 20 0.69548255 
186 225 17 22 0.6182808 
299 318 19 26 0.5994732 
438 413 15 19 0.5606073 
154 302 18 22 0.5272115 
370 304 14 19 0.4710113 
343 276 11 15 0.44962308 
461 488 17 22 0.42682078 
39 336 14 19 0.42437246 
372 375 13 17 0.39308593 
428 363 14 18 0.35949248 
371 430 18 24 0.33584213 
0 469 11 16 0.33371052 
340 394 14 17 0.31972533 
299 444 16 22 0.3182825 
0 211 11 17 0.3101664 
382 395 15 19 0.28351966 
304 241 14 21 0.2719302 
123 248 14 18 0.26805565 
1 258 10 15 0.26766098 
421 364 13 17 0.26695678 
74 425 21 22 0.26105994 
279 267 15 19 0.25699037 
445 370 12 14 0.2527284 
26 300 16 22 0.24232714 
3 326 15 20 0.21644329 
99 312 12 16 0.21107507 
252 351 13 17 0.20956908 
130 431 15 21 0.20429063 
22 432 15 20 0.20222913 
368 345 15 20 0.18285957 
912 9 108 149 0.16658376 
143 296 19 25 0.16647719 
382 362 14 17 0.16573848 
333 201 15 21 0.1479475 
70 330 18 24 0.1476537 
435 365 14 17 0.13104959 
401 472 18 21 0.12539035 
754 487 14 15 0.122220814 
459 476 19 26 0.121716335 
46 282 13 17 0.117344216 
106 282 15 20 0.11410473 
165 219 14 17 0.112232886 
233 377 20 28 0.109351456 
83 425 20 24 0.10588251 
172 255 14 17 0.10529687 
391 291 14 18 0.10241981 
87 387 14 16 0.093258694 
186 281 14 17 0.0927471 
443 311 15 17 0.07312431 
27 425 21 27 0.07066198 
213 363 15 18 0.07062038 
352 454 18 23 0.0670384 
335 402 14 18 0.0633925 
387 287 23 28 0.062410094 
375 294 21 26 0.061304938 
149 318 16 21 0.060632158 
151 309 19 26 0.05709416 
505 567 28 33 0.05679834 
372 276 12 16 0.056776993 
386 355 15 21 0.056450445 
510 489 19 28 0.055188704 
396 296 13 16 0.054155752 
182 275 14 18 0.053172134 
413 358 16 19 0.05273275 
324 577 45 54 0.052118413 
845 490 10 13 0.049776845 
247 339 21 25 0.049490165 
339 380 16 23 0.048448276 
474 564 15 18 0.04782128 
895 554 14 19 0.04702134 
423 387 12 17 0.045826726 
67 427 20 23 0.0450141 
309 359 14 20 0.044612706 
301 435 16 22 0.04369136 
183 379 15 19 0.043554913 
41 414 18 21 0.043515474 
67 249 14 18 0.04338038 
30 335 14 19 0.042218745 
106 453 16 20 0.042201933 
85 338 13 19 0.04190048 
68 392 19 22 0.041450515 
518 565 13 18 0.039745584 
29 376 16 22 0.03926624 
415 367 14 17 0.039094795 
27 273 16 21 0.038573623 
524 567 34 41 0.036459304 
386 345 15 21 0.03586948 
188 371 16 20 0.034859188 
446 300 19 24 0.034698065 
0 366 8 13 0.03463762 
448 451 17 23 0.034631174 
349 365 15 21 0.034584433 
246 194 10 15 0.0344898 
50 445 22 27 0.034319445 
229 428 13 18 0.03337007 
68 469 13 16 0.032983426 
246 174 11 15 0.032933466 
116 245 14 18 0.032898564 
408 363 13 16 0.03284665 
460 313 13 16 0.032543473 
0 273 9 18 0.032379616 
450 373 11 14 0.032112565 
34 276 14 18 0.03203004 
684 439 15 19 0.031985894 
23 422 12 16 0.03184827 
774 486 10 11 0.031776246 
895 467 12 14 0.03171492 
631 483 13 16 0.03166968 
364 267 22 28 0.031593587 
346 385 14 19 0.031420697 
389 389 17 22 0.030601567 
313 354 16 21 0.0304373 
359 483 18 22 0.029972142 
387 428 14 19 0.02987012 
533 558 44 52 0.02952453 
766 486 10 13 0.029403847 
-2 468 17 27 0.029119402 
116 397 14 18 0.028714338 
493 386 13 16 0.028425872 
333 171 14 17 0.028088687 
453 463 19 27 0.027568705 
91 390 15 19 0.027534524 
393 270 22 28 0.027241 
194 232 15 20 0.027090132 
544 323 408 430 0.026891159 
99 273 14 21 0.026852142 
172 224 12 18 0.026831362 
274 454 16 21 0.026593084 
73 386 17 19 0.026562676 
132 514 15 19 0.026499568 
326 355 12 17 0.026264714 
411 274 12 19 0.025253903 
437 518 15 20 0.025123978 
910 420 26 31 0.025048796 
396 283 13 18 0.025029033 
329 217 12 17 0.024858922 
395 282 23 30 0.024794644 
346 270 14 19 0.024740525 
63 426 15 18 0.02466708 
499 388 13 17 0.024572346 
326 182 23 30 0.024515169 
839 485 13 17 0.024369046 
0 255 16 25 0.024289368 
382 292 14 17 0.024257593 
523 436 15 18 0.024177842 
948 550 17 20 0.024152806 
895 531 44 52 0.024142928 
60 498 15 22 0.02400125 
-1 404 9 16 0.023985667 
281 447 19 26 0.023818046 
323 158 25 29 0.023786055 
223 362 17 22 0.023692217 
433 357 14 18 0.023556978 
341 368 14 21 0.023410577 
80 476 18 21 0.0230311 
223 245 16 20 0.022998707 
159 225 14 17 0.022995254 
129 244 15 17 0.02274002 
637 491 26 36 0.022733912 
197 468 15 20 0.02271186 
412 288 13 19 0.022478124 
716 475 12 17 0.022472283 
394 410 14 19 0.022329805 
367 280 13 17 0.022189576 
454 312 13 17 0.021853304 
346 278 15 20 0.021808874 
51 274 13 18 0.02180351 
605 495 24 33 0.021766806 
373 383 20 25 0.021729195 
111 395 14 17 0.021675415 
283 243 15 21 0.02163819 
51 250 17 23 0.021633083 
391 419 13 17 0.021628512 
232 423 23 28 0.02153683 
282 568 29 40 0.021523716 
49 237 13 18 0.021448517 
115 465 14 17 0.021375196 
359 297 23 28 0.021214401 
377 343 18 25 0.021046216 
554 441 15 20 0.02095931 
353 268 21 28 0.020947056 
79 270 24 28 0.020875512 
351 251 11 15 0.020873664 
114 458 13 17 0.02072256 
594 554 24 35 0.020712707 
552 436 14 17 0.02064141 
9 198 21 28 0.020637136 
233 358 15 19 0.020544162 
191 357 22 27 0.020264648 
405 289 14 19 0.020159988 
405 269 14 20 0.02006468 
-1 417 8 15 0.020053241 
829 483 14 19 0.020047026 
