2_Demonstration_Political_Rally_2_329
390
931 283 61 76 0.9994529 
139 343 62 72 0.9992731 
131 177 27 36 0.99914527 
615 208 27 34 0.9989285 
924 211 32 39 0.9988753 
880 162 28 35 0.99887174 
745 399 88 114 0.9987863 
770 178 25 30 0.9986241 
124 232 49 59 0.9985771 
803 205 39 49 0.99801314 
832 181 27 35 0.99784696 
307 312 69 84 0.9977519 
269 199 40 47 0.99710375 
648 233 38 49 0.99645185 
476 311 86 102 0.9954601 
867 336 64 72 0.99526286 
851 223 26 36 0.99399674 
196 194 39 45 0.9938605 
465 240 37 43 0.9929317 
689 326 50 53 0.9816876 
0 189 34 49 0.97591215 
973 227 27 32 0.94814503 
59 169 18 23 0.94420534 
956 191 21 25 0.942029 
479 136 16 20 0.9345188 
302 184 24 30 0.9008526 
967 147 13 16 0.8704092 
53 199 29 51 0.84811306 
947 142 13 16 0.8340565 
500 144 17 19 0.8236191 
844 129 14 18 0.8181749 
330 178 28 32 0.8109523 
567 147 12 17 0.7745899 
669 191 24 28 0.7599177 
997 138 11 14 0.7429689 
28 148 14 16 0.7026459 
781 117 10 13 0.6751019 
901 143 14 17 0.6575728 
71 152 10 14 0.6554891 
69 131 10 13 0.6544144 
767 130 12 15 0.65151757 
50 134 12 14 0.6215558 
8 118 8 11 0.5766211 
862 136 14 18 0.5564276 
558 126 9 12 0.52197045 
999 173 13 18 0.47698057 
782 141 10 12 0.47305042 
111 155 10 12 0.467914 
747 123 11 14 0.45958754 
1002 240 24 45 0.3861405 
613 158 10 12 0.32563993 
9 200 46 47 0.32403558 
804 135 9 11 0.31805167 
420 187 26 32 0.2970191 
1012 150 10 15 0.2845817 
542 149 15 18 0.26610014 
12 136 10 12 0.22931787 
42 111 9 11 0.2186891 
919 148 10 13 0.18613604 
974 243 36 46 0.1838303 
363 181 14 17 0.18183993 
112 131 10 13 0.18069027 
605 125 8 11 0.1759829 
987 126 10 12 0.17421927 
893 79 11 14 0.15773332 
513 118 7 10 0.15758075 
975 133 10 12 0.15742487 
521 150 9 11 0.15712985 
971 143 11 14 0.15643074 
734 148 12 17 0.15562342 
1 82 8 12 0.15487379 
464 136 9 12 0.15466122 
554 126 8 12 0.14846385 
790 136 9 12 0.14413911 
91 149 13 17 0.14336549 
985 223 22 31 0.14079788 
10 140 10 14 0.13991229 
25 118 8 10 0.13621111 
559 172 9 11 0.13170172 
450 183 10 13 0.12993921 
533 126 8 11 0.12881325 
487 163 10 12 0.12826654 
560 121 8 10 0.12079514 
800 140 12 15 0.12064553 
936 136 9 13 0.11475139 
590 127 7 9 0.11271807 
66 128 10 12 0.10943993 
582 245 24 30 0.10262275 
894 113 14 19 0.101251096 
516 118 9 11 0.10059315 
534 119 7 9 0.10046392 
29 111 9 11 0.10022024 
345 183 16 21 0.09977082 
940 177 15 19 0.09834471 
545 126 8 11 0.09798824 
586 127 8 10 0.097986475 
742 129 12 16 0.097624905 
567 120 8 10 0.09665694 
40 115 9 12 0.09604 
607 120 9 11 0.09531218 
522 168 8 10 0.09425682 
585 112 7 10 0.093452446 
138 95 8 10 0.09335987 
361 184 22 26 0.08989873 
933 163 14 17 0.08865561 
799 146 14 16 0.083804265 
538 192 10 12 0.08323318 
67 207 35 46 0.08159503 
683 196 13 16 0.08051265 
998 183 14 20 0.07892009 
426 202 18 24 0.0785054 
613 119 10 12 0.07811635 
134 111 10 13 0.07475332 
-1 211 25 44 0.073449925 
782 235 20 29 0.07341401 
30 118 8 10 0.07272656 
464 144 12 16 0.07178985 
326 186 18 21 0.07060126 
982 130 11 14 0.07044447 
991 133 12 15 0.0697761 
496 126 9 11 0.0686753 
37 197 34 47 0.068069845 
816 123 9 12 0.066335194 
19 270 28 39 0.06557785 
549 143 11 13 0.0649883 
851 131 12 17 0.064479366 
657 196 11 13 0.064302266 
574 126 8 9 0.06383366 
740 152 14 18 0.06380779 
692 197 12 14 0.063706204 
771 126 11 14 0.06339237 
48 128 10 12 0.063160144 
502 116 8 12 0.06207205 
585 117 7 10 0.061331715 
552 227 25 29 0.060734626 
481 120 8 10 0.06069441 
732 164 12 16 0.05844489 
492 164 10 12 0.05819523 
702 205 12 14 0.058049098 
662 195 14 16 0.057934433 
570 236 15 19 0.05732404 
994 221 14 20 0.05708121 
897 146 22 26 0.057032324 
503 135 10 12 0.05671898 
781 147 12 15 0.055017833 
8 113 7 10 0.054869276 
817 170 11 17 0.054075524 
176 230 23 34 0.05360983 
658 203 24 27 0.052627295 
470 88 8 10 0.052507307 
710 197 12 14 0.05120055 
81 126 9 12 0.050781824 
541 164 11 13 0.050677 
540 173 10 11 0.050218143 
863 154 13 17 0.0496477 
487 119 8 11 0.049461886 
92 161 12 15 0.04932599 
917 244 23 30 0.048738353 
439 148 12 15 0.048049036 
585 234 24 29 0.048046857 
516 253 26 32 0.047772 
913 79 9 11 0.04754399 
908 124 10 13 0.047410734 
1001 116 9 11 0.047152612 
93 119 9 11 0.046752483 
537 155 10 13 0.0456263 
69 138 11 14 0.04558636 
741 136 12 16 0.04533299 
133 146 13 16 0.044916585 
553 111 7 9 0.04437668 
654 209 15 19 0.04430532 
738 270 35 48 0.044291575 
601 121 8 10 0.04334123 
944 259 49 64 0.04302056 
469 156 14 18 0.042914465 
566 173 8 11 0.04258124 
45 116 8 11 0.042345624 
521 156 9 13 0.04129345 
25 123 9 11 0.041193526 
513 114 7 10 0.040946193 
863 129 10 13 0.04082067 
24 151 14 17 0.04061141 
487 126 9 11 0.040290236 
782 156 11 14 0.03998151 
537 167 9 11 0.039810788 
65 163 15 21 0.03949994 
583 199 11 12 0.039340753 
590 176 9 11 0.03932398 
477 159 11 13 0.03926377 
32 103 8 11 0.039100826 
862 162 15 20 0.039031956 
39 105 9 11 0.03884548 
104 154 12 16 0.038656313 
989 155 10 13 0.03858013 
62 120 9 11 0.03793149 
1004 166 11 15 0.03781492 
561 155 10 13 0.037807617 
518 112 9 10 0.03772836 
562 148 11 14 0.037625104 
371 192 17 20 0.037515387 
742 118 19 24 0.037510984 
718 192 11 15 0.037237775 
696 201 12 15 0.037228793 
610 110 9 10 0.03694356 
66 149 10 14 0.0368496 
543 144 11 13 0.036826286 
821 126 9 11 0.036327556 
79 140 10 12 0.035789195 
943 171 22 27 0.035785213 
63 139 12 14 0.035766542 
778 150 10 13 0.035670478 
492 138 17 23 0.035650056 
141 118 8 12 0.035623148 
559 111 7 9 0.03560403 
613 104 9 10 0.03546434 
86 125 9 11 0.035370134 
469 131 20 24 0.034908477 
79 119 9 11 0.034723684 
923 148 12 15 0.0346568 
905 155 20 28 0.034605023 
544 230 23 30 0.0344803 
86 143 10 13 0.034326352 
401 224 28 36 0.034277923 
88 111 8 10 0.034263354 
574 121 7 9 0.0340264 
826 133 9 12 0.034023188 
693 133 9 11 0.03400876 
135 102 10 11 0.033806812 
1004 134 11 13 0.03375075 
609 164 12 14 0.033723336 
555 171 8 12 0.03358528 
78 133 9 13 0.033160396 
530 249 25 33 0.03315227 
889 81 12 16 0.033009667 
101 149 12 16 0.03290195 
1004 141 11 14 0.032580122 
538 246 16 22 0.03231791 
730 149 10 14 0.03198715 
535 211 14 17 0.031826183 
769 196 23 29 0.031478718 
413 181 24 31 0.031430006 
861 139 19 26 0.031302057 
496 118 10 12 0.031279072 
85 134 10 12 0.031272102 
1009 145 17 24 0.031221261 
689 134 8 11 0.03112073 
33 96 7 10 0.03094257 
509 134 10 12 0.030923082 
97 95 7 10 0.030819157 
961 235 35 39 0.030772364 
469 140 13 17 0.030679025 
898 326 51 63 0.03049786 
867 170 14 19 0.030420935 
540 180 11 14 0.030233981 
662 316 27 37 0.03019495 
520 102 8 10 0.030141069 
107 153 20 25 0.029931594 
584 175 10 12 0.029892111 
95 110 8 10 0.029772308 
39 126 9 11 0.029650273 
534 113 7 8 0.029585876 
603 236 13 17 0.029509453 
589 112 8 10 0.02917732 
80 111 8 11 0.029124783 
481 126 10 13 0.029109186 
938 81 8 10 0.029094024 
110 169 14 20 0.029076807 
746 156 13 16 0.028909732 
799 130 18 23 0.028737515 
94 86 7 10 0.028675789 
519 143 10 13 0.02863285 
524 172 9 10 0.02852582 
69 148 17 22 0.02841458 
981 140 11 14 0.028161554 
550 164 11 13 0.028132174 
777 112 18 23 0.028123505 
102 140 12 16 0.028067693 
97 103 8 9 0.028017337 
116 128 9 12 0.02785442 
79 194 38 48 0.027709106 
312 187 18 21 0.027569951 
405 182 13 19 0.027550703 
841 235 27 35 0.0275405 
992 135 19 22 0.027536133 
581 240 17 22 0.027492305 
729 170 10 13 0.027445428 
967 127 10 12 0.02733273 
576 173 9 12 0.027308088 
790 221 27 37 0.027185671 
513 97 7 9 0.027168112 
936 136 18 23 0.027105782 
577 198 9 11 0.027103152 
26 157 18 21 0.0270935 
380 204 16 24 0.027093163 
594 256 15 20 0.027047912 
102 111 8 11 0.027007686 
583 131 10 12 0.026904972 
955 180 16 19 0.02672426 
784 135 18 22 0.026673542 
1013 182 12 16 0.026656002 
502 164 11 13 0.026558988 
661 215 15 19 0.02655587 
853 131 18 24 0.026307883 
512 124 8 10 0.02622868 
609 152 9 12 0.025974555 
634 160 9 11 0.025963074 
612 256 25 33 0.025929812 
706 201 14 17 0.025851257 
606 141 8 11 0.025811369 
64 127 18 22 0.025750386 
34 141 11 14 0.025608031 
561 94 7 9 0.025568165 
609 102 9 11 0.025506562 
66 194 17 25 0.025494466 
901 120 14 17 0.025464961 
128 127 9 12 0.025351387 
868 164 23 30 0.025300713 
287 190 33 40 0.02529992 
72 119 9 12 0.025055787 
101 102 8 9 0.025047107 
782 162 13 17 0.024873005 
960 147 12 17 0.024863653 
31 124 8 10 0.02467893 
833 222 29 37 0.024633724 
528 111 8 9 0.024608752 
413 144 13 16 0.02454746 
686 192 20 25 0.024457416 
519 96 8 9 0.02438398 
829 134 10 12 0.02434898 
135 125 10 13 0.02433212 
371 291 24 34 0.02416089 
12 124 10 13 0.024082808 
2 100 8 13 0.024067536 
546 132 9 11 0.02393709 
54 148 12 15 0.023908887 
982 121 19 24 0.02377308 
113 89 8 9 0.023714155 
983 148 10 14 0.023701664 
46 165 25 31 0.023490313 
543 121 7 9 0.023456153 
118 88 8 9 0.023446178 
838 225 15 23 0.023344368 
383 161 41 49 0.023323402 
787 155 13 16 0.023143627 
537 148 13 16 0.023109457 
942 79 8 11 0.022998495 
736 119 9 12 0.02287299 
5 94 8 12 0.0228393 
606 132 9 12 0.022836968 
129 109 10 14 0.022807999 
787 145 15 18 0.022805605 
846 121 12 14 0.02273197 
527 104 7 9 0.022680977 
547 270 24 32 0.02265461 
920 192 21 24 0.022597263 
516 212 11 13 0.022372102 
134 164 15 17 0.02232133 
7 134 18 23 0.022285542 
186 369 35 49 0.022262057 
496 96 9 10 0.022250086 
369 150 39 47 0.02224905 
537 96 8 10 0.022241551 
554 120 18 23 0.022049163 
507 263 30 35 0.021897031 
502 126 9 11 0.021885037 
1006 116 9 12 0.021830045 
137 89 8 10 0.021745473 
681 158 9 10 0.021673981 
762 132 12 14 0.021593712 
968 132 12 15 0.021504825 
538 263 16 22 0.021308068 
674 207 15 18 0.021207323 
12 144 13 18 0.021152444 
510 192 11 12 0.020969152 
641 128 9 11 0.020936394 
590 120 8 9 0.020933976 
25 102 8 11 0.020825239 
94 190 40 48 0.02078567 
563 286 25 30 0.020750608 
93 133 11 12 0.020668495 
566 199 9 11 0.020655401 
141 144 11 13 0.020622455 
62 110 8 11 0.020613117 
965 170 12 15 0.020607695 
24 142 13 16 0.020528622 
523 259 31 38 0.020408897 
511 61 9 10 0.020354219 
38 95 8 10 0.02032991 
102 97 8 10 0.020303784 
732 332 33 40 0.02002784 
