2_Demonstration_Demonstration_Or_Protest_2_419
37
284 237 52 81 0.9989153 
26 407 55 70 0.9977366 
792 176 64 82 0.9951859 
307 606 43 73 0.9934354 
457 277 61 70 0.986173 
641 479 44 79 0.9130263 
136 404 42 62 0.7992782 
76 424 50 64 0.63312465 
29 591 73 89 0.3886762 
126 405 33 52 0.25350916 
1 384 34 44 0.20536222 
-1 483 22 55 0.10192661 
11 394 47 69 0.05363521 
880 312 41 54 0.050984755 
707 504 44 60 0.049582034 
144 485 33 39 0.047194846 
759 30 23 29 0.04490498 
821 172 64 73 0.043554492 
331 251 47 63 0.043456115 
989 578 25 35 0.04339633 
98 405 48 66 0.042363342 
456 285 37 48 0.04221086 
16 389 29 44 0.04161902 
738 75 23 28 0.035124656 
967 262 22 30 0.03172705 
849 170 54 63 0.02839112 
-4 460 43 76 0.027259719 
897 108 15 20 0.02548821 
18 387 15 22 0.02539782 
0 384 23 26 0.024474423 
716 30 413 450 0.024216156 
1002 586 12 17 0.02210161 
523 145 388 443 0.021816717 
776 307 41 54 0.020986535 
827 17 16 21 0.020897502 
750 130 47 68 0.020817386 
379 585 48 66 0.020064352 
