2_Demonstration_Political_Rally_2_791
164
402 134 62 83 0.99756455 
395 346 65 83 0.9974017 
778 365 67 85 0.9968905 
649 271 70 92 0.9967842 
205 408 76 94 0.99630874 
994 518 26 34 0.9938746 
588 32 77 93 0.99143267 
542 296 73 90 0.99060506 
321 468 30 35 0.9893526 
956 510 28 33 0.9873095 
21 543 37 46 0.98705 
923 493 22 28 0.9733002 
42 468 22 28 0.958974 
961 428 22 30 0.95262825 
333 540 37 43 0.9513972 
487 538 40 43 0.8995895 
860 521 25 32 0.89467317 
58 439 19 25 0.7990604 
971 390 23 29 0.6926772 
1003 410 18 24 0.6202102 
681 518 29 40 0.5895245 
13 509 22 32 0.5854098 
16 33 99 184 0.4751369 
626 466 47 62 0.46789137 
695 516 26 40 0.42314616 
130 525 23 28 0.4031119 
45 515 25 26 0.37078473 
1001 497 22 32 0.36096197 
397 526 30 37 0.35826883 
939 349 15 21 0.32402214 
584 479 24 32 0.2371545 
961 336 15 21 0.22726642 
84 473 17 22 0.21245451 
104 448 19 29 0.20600525 
644 479 35 42 0.18805811 
84 516 26 28 0.17143598 
862 499 13 16 0.16745217 
307 428 47 66 0.15365793 
618 481 30 42 0.14885622 
945 325 13 18 0.14276144 
-1 498 17 22 0.1400963 
377 530 33 36 0.13445583 
37 396 14 16 0.12998007 
946 255 25 31 0.12373793 
27 456 25 33 0.12167854 
729 526 43 46 0.11659014 
67 566 19 22 0.114247985 
689 480 17 23 0.1079934 
33 401 26 34 0.09913192 
309 429 30 38 0.09849463 
80 394 18 24 0.096341506 
86 479 21 28 0.09513752 
475 518 28 30 0.09127336 
1004 444 16 21 0.08931263 
1006 491 17 24 0.08430982 
825 545 31 34 0.083116196 
293 398 79 102 0.08223537 
647 488 49 56 0.07905297 
98 485 22 30 0.07856613 
999 397 21 29 0.078500845 
995 338 23 34 0.07576139 
994 443 20 27 0.07289601 
1012 463 13 23 0.06966833 
51 520 27 29 0.06313893 
335 371 12 15 0.06246001 
984 391 16 24 0.062377203 
694 463 25 35 0.06100653 
34 420 24 30 0.060564134 
991 344 15 19 0.058158204 
25 454 19 23 0.057174858 
971 382 18 21 0.05529653 
1010 478 14 25 0.05191128 
484 527 31 35 0.050326392 
984 446 19 27 0.050053705 
942 551 28 32 0.048946112 
966 393 18 22 0.048733085 
350 371 13 16 0.04845283 
888 221 29 32 0.048321117 
639 464 31 38 0.04743311 
957 365 15 18 0.047299173 
331 401 18 21 0.04518678 
56 532 27 31 0.04410919 
403 533 19 23 0.043814793 
614 470 25 39 0.042790066 
985 199 23 33 0.042357568 
684 513 18 22 0.04139902 
975 360 13 17 0.041328233 
614 470 13 19 0.04060323 
642 500 33 38 0.039920308 
982 302 12 16 0.039569795 
1003 435 16 20 0.039503615 
642 472 18 23 0.03773415 
1005 450 19 28 0.03758573 
74 531 15 19 0.037278164 
679 457 44 54 0.03662881 
37 520 26 30 0.03639482 
26 479 16 21 0.036203615 
669 429 15 20 0.03616327 
86 501 28 33 0.035900936 
62 442 25 33 0.0335267 
877 307 23 30 0.03338666 
652 425 15 16 0.03280852 
353 533 39 45 0.032548442 
946 334 20 26 0.031775583 
309 468 29 39 0.031515636 
92 453 22 30 0.031456817 
29 317 11 13 0.03139779 
978 436 19 27 0.03139339 
96 447 36 49 0.031074367 
929 253 42 55 0.030898748 
675 474 27 35 0.030535793 
12 330 14 19 0.030476015 
1013 339 11 18 0.030041784 
113 520 23 31 0.029574906 
117 483 14 21 0.02928912 
340 418 14 17 0.028692681 
938 340 17 21 0.028556885 
893 494 14 20 0.028544603 
997 49 27 40 0.028295504 
71 523 25 29 0.02825167 
278 418 55 71 0.027772479 
319 375 52 74 0.027722904 
376 538 20 23 0.02764654 
631 517 22 31 0.027593737 
738 129 75 118 0.027522605 
914 535 28 31 0.027446821 
734 361 44 55 0.027427481 
706 464 16 21 0.02714805 
604 467 25 35 0.027096948 
957 368 21 29 0.026534757 
28 444 17 21 0.026309311 
0 294 22 40 0.026190124 
976 298 24 30 0.026168356 
346 504 26 27 0.025893033 
978 485 21 28 0.025439104 
657 494 20 25 0.025373472 
320 435 17 21 0.025333578 
321 394 29 36 0.02526138 
304 50 47 64 0.024885353 
964 354 13 18 0.02470787 
40 433 24 30 0.023231644 
754 175 29 47 0.022759344 
70 361 15 19 0.02272726 
1005 312 13 19 0.022481354 
30 25 171 223 0.022432959 
330 109 49 69 0.022278253 
669 524 31 37 0.022103773 
637 478 17 25 0.022071641 
976 352 21 27 0.021986218 
705 520 31 41 0.021783713 
671 532 42 49 0.021639725 
880 213 47 50 0.021507174 
628 464 78 89 0.021437833 
705 447 9 13 0.021360653 
624 496 19 25 0.021137258 
871 515 24 30 0.021123733 
110 521 15 21 0.021101274 
283 508 30 35 0.020761888 
39 551 32 34 0.020693926 
957 419 14 18 0.020507647 
62 548 25 28 0.020492133 
619 472 14 18 0.020379227 
855 491 21 27 0.0202257 
116 515 15 20 0.020131128 
