2_Demonstration_Political_Rally_2_391
18
673 267 112 138 0.99990714 
312 104 90 108 0.99931324 
24 105 81 123 0.99899954 
877 666 131 104 0.9842972 
582 368 41 62 0.97101337 
986 230 37 50 0.7733017 
533 388 39 39 0.6401107 
497 304 47 57 0.38538656 
531 398 46 58 0.15659703 
465 603 113 165 0.060881212 
22 185 405 400 0.04732962 
540 422 31 39 0.038846556 
581 357 27 46 0.036053073 
990 212 33 44 0.035518985 
578 397 33 46 0.027047047 
611 380 53 65 0.026976189 
513 376 79 93 0.020995786 
1013 320 12 22 0.020628951 
