2_Demonstration_Political_Rally_2_267
55
747 307 31 35 0.995934 
196 364 20 26 0.6590831 
451 326 20 28 0.4153266 
198 432 22 29 0.3876905 
142 363 23 32 0.299928 
100 402 22 27 0.29842123 
338 270 27 42 0.2875996 
458 320 17 28 0.20641562 
0 363 34 64 0.18300396 
443 333 22 27 0.17750455 
808 357 24 44 0.11904318 
706 393 25 33 0.093483254 
467 373 38 62 0.08388595 
770 401 29 36 0.07699044 
544 291 34 40 0.07460875 
146 354 18 23 0.06834848 
16 460 26 34 0.06676942 
857 372 29 37 0.059499998 
463 442 14 19 0.0574436 
286 350 32 41 0.056788914 
556 301 45 59 0.055228245 
462 464 15 19 0.053418558 
626 384 26 32 0.050964583 
208 431 19 25 0.049730383 
570 287 35 43 0.04449103 
319 272 31 42 0.04423109 
817 352 29 47 0.04368012 
431 334 25 31 0.042103093 
452 317 17 21 0.041699942 
35 440 17 20 0.036825277 
13 301 39 55 0.03526187 
759 381 44 51 0.033108514 
494 317 83 127 0.03144484 
91 408 26 28 0.03012252 
95 404 16 20 0.029150954 
830 344 36 52 0.028932173 
369 377 416 485 0.027527453 
466 340 77 129 0.027124193 
956 525 60 76 0.027081933 
143 349 15 20 0.025408782 
695 399 41 47 0.025403084 
752 377 26 36 0.025330547 
530 306 81 108 0.025265938 
114 445 18 23 0.024238588 
584 296 32 48 0.02392056 
75 392 17 21 0.023878412 
-2 333 45 76 0.023461549 
307 269 28 45 0.022900011 
789 365 40 51 0.022452008 
89 426 18 20 0.021204468 
78 448 23 28 0.021066599 
217 478 44 65 0.020748112 
846 332 39 52 0.02022253 
702 400 17 21 0.020193977 
189 437 25 32 0.020158514 
