2_Demonstration_Political_Rally_2_659
61
34 241 103 119 0.9998913 
509 193 127 144 0.9994671 
161 289 28 32 0.99889684 
731 238 51 59 0.9988527 
960 243 64 81 0.9981968 
194 275 33 48 0.9913618 
-2 323 34 44 0.9886335 
232 284 23 40 0.97845274 
367 272 20 27 0.9754269 
406 276 17 24 0.8473916 
1 291 25 29 0.45151177 
258 248 29 35 0.33445355 
451 266 47 56 0.25552833 
166 276 36 50 0.24825846 
897 216 29 38 0.1401281 
208 278 35 48 0.12595022 
835 259 50 62 0.08851357 
766 213 41 49 0.085824125 
341 274 15 19 0.08524179 
451 261 25 31 0.08127202 
435 277 12 14 0.0795919 
139 288 26 34 0.07861954 
867 252 38 60 0.07563745 
-1 656 21 52 0.06436044 
476 221 103 112 0.06345593 
275 241 27 33 0.054648895 
895 201 13 17 0.04939405 
434 281 15 20 0.045395337 
341 278 21 26 0.044563424 
442 253 79 96 0.04244515 
894 227 14 20 0.040325005 
353 381 11 15 0.038174774 
404 271 15 18 0.037107795 
236 297 33 44 0.033509247 
448 266 13 18 0.032878794 
886 219 25 35 0.032661747 
901 197 13 16 0.032584332 
894 196 24 32 0.03143807 
906 220 16 23 0.030687675 
782 496 63 74 0.030294862 
800 254 57 68 0.029170513 
736 205 10 13 0.02901925 
266 257 30 39 0.028657224 
255 250 15 19 0.02785027 
750 227 55 67 0.0273394 
887 253 45 63 0.027252428 
363 345 12 15 0.027128497 
941 255 49 67 0.027063536 
886 187 14 17 0.026602596 
397 279 16 22 0.026557172 
443 290 13 16 0.026458295 
17 297 15 20 0.025958953 
193 301 31 40 0.025702102 
717 244 15 23 0.024462206 
138 271 46 58 0.023220073 
904 262 44 62 0.022492787 
209 240 28 33 0.021770366 
390 282 15 19 0.021397036 
206 222 13 17 0.021069814 
871 210 12 16 0.020276066 
289 241 19 26 0.02007799 
