2_Demonstration_Political_Rally_2_301
330
645 271 10 12 0.48893565 
521 260 11 14 0.37219754 
255 244 12 15 0.37158358 
687 263 9 12 0.35258335 
624 271 10 12 0.3144891 
469 244 9 11 0.28712863 
545 279 9 12 0.27993092 
487 244 9 11 0.24557284 
432 257 9 12 0.2176414 
568 279 11 12 0.19685678 
344 254 10 12 0.18932267 
329 262 8 10 0.17976543 
607 267 10 12 0.16218339 
390 245 9 12 0.16208781 
410 285 11 13 0.15999798 
362 269 9 12 0.15220481 
424 277 10 12 0.14757991 
553 263 9 11 0.14703609 
523 256 11 12 0.13652453 
411 292 10 13 0.1346173 
470 261 8 11 0.12770306 
629 272 9 11 0.12339922 
653 296 10 13 0.11777328 
334 279 10 13 0.115209766 
663 280 10 12 0.11473751 
677 321 15 18 0.11300626 
616 268 10 12 0.111645386 
311 263 9 11 0.10236681 
463 260 8 12 0.10185383 
382 254 11 12 0.099792555 
488 263 9 11 0.099283434 
318 254 9 11 0.09861338 
421 310 8 10 0.09699191 
343 245 11 13 0.09631413 
464 284 9 13 0.093910486 
553 326 10 12 0.09228354 
488 269 9 11 0.09175116 
550 269 9 11 0.0910617 
503 270 9 11 0.08994656 
301 253 9 10 0.08929875 
429 270 9 12 0.088597335 
360 264 9 12 0.088328175 
168 278 9 11 0.08757348 
495 269 7 11 0.08471274 
471 310 8 10 0.082796015 
342 240 10 12 0.08277724 
654 277 8 12 0.08138807 
486 318 7 9 0.07990578 
337 240 9 11 0.07656501 
411 268 11 13 0.075744964 
351 238 10 12 0.07546344 
663 261 10 11 0.07513503 
329 279 10 13 0.07457657 
549 283 9 11 0.07411747 
544 272 9 11 0.073411316 
160 271 9 12 0.07254527 
573 271 9 11 0.07209411 
358 255 8 10 0.07182115 
173 286 7 10 0.06982998 
357 232 9 11 0.06972093 
132 294 10 13 0.069297865 
391 285 8 10 0.06929181 
640 274 11 14 0.06782002 
695 277 10 13 0.0668052 
49 230 10 13 0.06656254 
510 271 9 11 0.066245444 
520 286 9 11 0.06619655 
21 231 11 15 0.06618766 
591 278 11 13 0.06318043 
501 254 9 11 0.063072115 
173 279 7 9 0.06303765 
392 301 8 10 0.06293754 
656 285 8 11 0.06233163 
181 272 8 10 0.05983422 
208 262 7 10 0.059585597 
399 247 10 12 0.059092056 
691 262 10 12 0.058899794 
535 295 8 10 0.058674153 
260 252 11 14 0.058331434 
382 260 10 12 0.058062553 
505 311 8 10 0.057918448 
343 375 12 14 0.05790144 
359 275 12 15 0.05763172 
182 238 8 10 0.05749108 
390 262 9 12 0.057152085 
510 312 9 11 0.056688037 
389 241 9 11 0.055624798 
409 264 10 13 0.054232635 
415 301 8 11 0.05399894 
376 259 10 13 0.05324325 
866 413 26 34 0.053108796 
145 216 9 11 0.053019345 
423 282 10 12 0.05259626 
264 260 10 12 0.052505184 
313 318 8 11 0.052376345 
470 255 8 11 0.052289497 
120 274 10 14 0.0520702 
413 278 11 14 0.051608976 
494 245 10 12 0.05116926 
231 253 8 10 0.050697766 
312 255 9 11 0.050031967 
727 350 9 11 0.050029345 
162 276 9 11 0.049986277 
126 272 9 10 0.049067043 
326 255 8 11 0.048378535 
673 239 8 9 0.047865536 
288 361 10 14 0.04771899 
506 317 8 10 0.047190614 
518 293 9 10 0.047111068 
479 326 8 10 0.047070753 
456 260 10 13 0.046872303 
106 268 10 14 0.04646342 
405 246 9 11 0.04585266 
556 267 10 12 0.045843307 
258 239 13 14 0.0457884 
571 283 10 13 0.04544748 
343 363 11 13 0.045403447 
393 279 8 11 0.0453199 
136 270 8 11 0.045015235 
693 270 11 14 0.044792812 
305 263 9 12 0.044488054 
396 271 9 11 0.044435266 
560 304 9 10 0.04419905 
276 252 11 13 0.044141956 
193 261 9 12 0.043157022 
222 264 7 9 0.042781897 
432 302 9 11 0.042287227 
349 259 10 12 0.041952655 
321 326 7 10 0.041944623 
364 261 12 15 0.04141562 
273 237 10 14 0.041090053 
215 270 8 10 0.040524606 
217 264 8 10 0.04038436 
479 271 10 12 0.039961487 
482 320 7 9 0.0394494 
596 278 12 14 0.039079454 
339 278 11 13 0.038611624 
736 250 10 12 0.03842152 
397 278 9 11 0.038269483 
270 253 13 14 0.038202055 
448 259 10 13 0.038080417 
104 264 9 11 0.038073435 
240 263 9 12 0.03806583 
494 264 9 11 0.037872814 
329 267 9 12 0.03781125 
197 261 9 12 0.037675176 
482 245 9 11 0.03761674 
494 240 9 11 0.037397303 
543 303 7 10 0.037322916 
159 254 8 10 0.036986686 
628 462 9 11 0.036911964 
616 277 9 12 0.036847334 
389 250 11 13 0.03676699 
409 299 10 12 0.036477562 
181 297 9 11 0.03603146 
181 253 8 11 0.035995785 
432 294 8 10 0.035896387 
422 305 8 10 0.03588008 
176 272 8 10 0.035839655 
633 293 8 11 0.035813257 
495 302 9 11 0.03561522 
149 220 7 10 0.035471004 
34 270 8 10 0.035396937 
357 281 11 15 0.035051767 
433 326 8 11 0.03503592 
584 276 9 12 0.03487703 
297 248 10 13 0.034627587 
698 275 11 13 0.034468893 
501 262 11 12 0.034431506 
318 319 8 10 0.034141958 
797 295 13 18 0.033951864 
686 341 9 12 0.033875585 
101 254 8 10 0.033817634 
535 299 8 11 0.033743035 
590 271 10 12 0.033725496 
246 269 9 12 0.03350597 
518 279 10 12 0.033427384 
465 304 8 11 0.033300668 
652 272 9 12 0.033248857 
687 257 9 11 0.03316396 
694 284 10 14 0.033100322 
688 286 11 13 0.033040293 
269 260 11 12 0.032320336 
600 264 10 12 0.03224487 
682 267 10 12 0.03220651 
391 324 7 10 0.032195974 
435 260 10 13 0.031943437 
558 309 10 12 0.031908214 
684 317 12 17 0.031895902 
641 265 10 12 0.03173219 
144 253 9 11 0.030968694 
641 266 18 22 0.030828286 
166 272 9 12 0.030826125 
17 253 8 11 0.030792153 
239 237 9 11 0.030518001 
526 278 10 13 0.030412953 
178 238 8 10 0.030405704 
213 278 9 11 0.030404966 
949 388 18 19 0.030366218 
536 271 10 12 0.030324925 
657 316 11 14 0.030300915 
133 288 9 11 0.030168317 
512 276 9 11 0.03016458 
489 294 8 10 0.030113008 
385 285 8 9 0.029615372 
177 294 8 11 0.02952147 
30 228 11 14 0.029453758 
182 247 8 10 0.029242186 
217 303 8 9 0.029241629 
208 254 8 11 0.029150711 
152 269 8 11 0.029049762 
384 318 9 11 0.028937535 
288 337 8 10 0.028866762 
552 258 9 10 0.028656166 
434 319 8 9 0.02854658 
415 253 10 11 0.028517112 
322 334 8 10 0.028480964 
424 255 10 12 0.028467325 
678 247 8 10 0.028298775 
272 232 9 11 0.0281628 
232 231 9 11 0.028077483 
0 244 9 14 0.028077234 
5 240 9 12 0.027987229 
94 247 9 11 0.027983638 
669 285 8 10 0.027975844 
433 310 9 10 0.027779108 
405 280 19 24 0.02753045 
479 262 10 12 0.027275389 
144 248 9 11 0.027097987 
65 269 11 15 0.026958805 
502 239 8 11 0.026885845 
5 246 9 12 0.026872192 
126 232 9 11 0.026604757 
478 311 9 10 0.026381252 
366 247 9 11 0.02637021 
294 262 11 12 0.026366124 
486 253 10 11 0.02635747 
398 302 7 10 0.026278583 
353 278 10 13 0.026114453 
380 365 12 13 0.02608584 
222 294 8 11 0.026025223 
150 262 8 11 0.025993006 
680 254 8 10 0.02596838 
277 245 10 13 0.02589946 
466 241 9 10 0.025862494 
198 256 8 10 0.025859928 
544 308 8 10 0.025756417 
456 329 8 10 0.02574228 
153 236 8 11 0.02569216 
213 247 9 11 0.025663849 
573 291 10 13 0.025621902 
535 276 11 13 0.02560562 
440 278 8 11 0.025580933 
430 285 8 10 0.025534293 
501 246 9 11 0.02552411 
647 292 20 25 0.025488192 
366 254 11 12 0.02546825 
605 276 12 14 0.025430107 
79 256 7 10 0.025207262 
719 269 9 11 0.025138333 
479 348 9 11 0.024912223 
38 246 11 13 0.024894482 
705 255 8 9 0.024689857 
493 294 8 10 0.024461886 
552 311 9 10 0.024379726 
437 310 8 11 0.024370987 
317 259 10 12 0.024309417 
244 262 10 13 0.02414633 
406 240 8 10 0.023982974 
32 264 9 12 0.023978565 
737 238 10 12 0.023968209 
614 283 10 12 0.023945147 
319 248 10 12 0.023909079 
720 263 9 12 0.023878247 
342 270 10 11 0.023797987 
497 308 8 10 0.023654597 
472 268 9 12 0.023644814 
334 270 8 10 0.023447389 
558 285 9 12 0.023447018 
151 232 9 11 0.023319919 
239 246 9 11 0.02330094 
480 285 8 10 0.023293372 
407 311 9 12 0.02315998 
668 279 9 11 0.023020029 
677 239 8 10 0.022808582 
247 254 10 11 0.022671614 
680 286 10 12 0.022663888 
557 257 10 11 0.022656452 
495 287 8 11 0.022639202 
238 254 9 11 0.022373158 
485 274 10 12 0.02230826 
557 318 10 14 0.022197932 
121 252 8 11 0.022189992 
558 277 11 12 0.022149298 
466 309 9 12 0.022002842 
501 302 9 11 0.022000069 
398 262 9 12 0.02194407 
264 278 9 11 0.02181669 
375 277 9 13 0.02181669 
647 283 10 13 0.021652343 
739 244 12 15 0.021601103 
750 245 11 13 0.021584852 
328 291 9 12 0.021584759 
30 222 11 13 0.021519441 
536 285 10 11 0.021437801 
201 238 8 11 0.02140716 
134 264 9 11 0.021236775 
518 310 12 14 0.021170672 
286 207 7 9 0.021125533 
20 243 11 14 0.021028927 
269 286 8 11 0.021015717 
472 317 8 9 0.020971254 
199 287 7 9 0.02093201 
631 284 10 13 0.020900676 
513 294 8 10 0.020888088 
486 313 8 10 0.020857926 
674 245 8 10 0.020840991 
310 212 9 10 0.020817077 
311 247 9 11 0.020750402 
120 213 12 14 0.020565327 
512 326 7 10 0.0204673 
122 231 8 11 0.020360762 
437 326 8 10 0.020359118 
400 285 9 12 0.02035055 
735 340 9 12 0.02033584 
226 254 7 9 0.02022348 
176 261 9 11 0.020220809 
358 310 8 10 0.020143898 
142 271 8 12 0.020114366 
376 268 10 13 0.020024722 
