2_Demonstration_Political_Rally_2_135
151
147 543 76 101 0.9632323 
936 637 79 96 0.9470269 
519 452 85 84 0.6247788 
45 672 51 68 0.5027813 
508 347 85 65 0.4785016 
339 683 11 15 0.19525006 
45 712 14 23 0.18953256 
984 10 25 40 0.16153458 
377 662 10 12 0.15998203 
245 344 18 21 0.14070916 
22 1115 59 82 0.13619164 
218 621 30 37 0.11998968 
524 1290 13 15 0.11471621 
0 1034 26 44 0.113966815 
90 680 25 37 0.11289935 
813 364 14 17 0.11128093 
830 786 9 12 0.10978768 
266 326 25 30 0.10711458 
208 638 50 67 0.105031 
12 641 15 18 0.102384984 
395 670 11 14 0.08959113 
444 698 12 15 0.08918969 
1 714 20 30 0.08610738 
73 679 33 44 0.08303284 
402 695 17 18 0.0827107 
884 786 24 32 0.08240389 
521 1294 11 13 0.0742586 
395 676 12 16 0.07277262 
152 371 37 43 0.0724152 
340 523 15 20 0.065330535 
66 324 28 32 0.064174816 
374 687 16 23 0.06392142 
789 361 15 18 0.062950835 
231 307 26 32 0.06255423 
427 685 12 14 0.0607828 
12 663 15 19 0.057939503 
848 365 11 14 0.057802666 
268 320 20 22 0.056008156 
872 777 30 37 0.05589687 
99 292 18 22 0.055614855 
255 332 26 31 0.052333165 
864 769 24 33 0.049428206 
144 281 30 38 0.04775168 
783 364 13 16 0.047027644 
125 235 11 13 0.04676329 
312 -47 464 501 0.046619028 
415 649 14 17 0.046617646 
419 645 12 15 0.04655345 
810 260 14 20 0.046437338 
426 691 14 17 0.044556674 
411 691 15 19 0.04418172 
306 333 18 23 0.04395083 
98 677 13 17 0.04336139 
884 349 13 17 0.042052187 
292 296 16 19 0.042032596 
874 775 16 22 0.041564897 
896 794 14 18 0.041556712 
856 776 24 35 0.040960014 
86 365 27 28 0.040806036 
412 669 13 16 0.039483964 
904 901 26 33 0.039473783 
228 282 16 19 0.039439697 
340 696 12 17 0.03882783 
32 636 12 17 0.03746819 
417 771 23 29 0.03510125 
326 687 23 34 0.034753367 
439 672 15 17 0.03469219 
80 674 52 64 0.03464103 
469 309 15 17 0.033101883 
444 675 15 17 0.03309981 
906 725 24 34 0.032955132 
392 664 10 13 0.0327272 
172 579 85 110 0.032715995 
339 346 38 50 0.032206837 
45 665 90 103 0.032176606 
237 329 24 29 0.031945877 
324 321 16 21 0.031934615 
17 779 17 19 0.031763133 
211 609 48 64 0.03174287 
438 694 15 17 0.031499874 
797 393 14 18 0.031479925 
147 274 18 21 0.03125136 
172 579 467 474 0.031103266 
319 305 15 18 0.03107457 
452 298 133 113 0.030866943 
391 697 13 16 0.030208092 
772 356 13 16 0.029998288 
545 425 87 101 0.029944217 
299 681 38 58 0.029806368 
452 674 14 18 0.028950399 
7 664 22 31 0.028496953 
422 640 9 12 0.028060075 
350 532 11 14 0.028030872 
607 377 55 78 0.027792929 
38 257 13 14 0.02762132 
421 667 12 16 0.02746232 
25 1048 28 30 0.027286222 
312 705 25 42 0.027161887 
390 680 14 20 0.027159443 
381 538 13 16 0.026392652 
316 688 27 44 0.026390929 
156 888 16 21 0.026332848 
915 867 12 15 0.026190761 
942 681 60 80 0.026120903 
158 357 29 32 0.026045246 
328 346 26 31 0.02602816 
935 612 60 80 0.025982307 
1008 849 13 19 0.025746455 
337 566 38 49 0.0255857 
21 637 14 18 0.025125094 
505 1293 8 12 0.024720166 
7 769 27 35 0.024534818 
182 641 84 97 0.024429824 
543 335 40 36 0.024356915 
227 311 19 23 0.024215072 
110 239 11 13 0.024209471 
45 695 25 42 0.024002027 
1010 737 14 23 0.02386598 
725 346 26 31 0.023835627 
264 522 37 56 0.023646489 
44 672 13 19 0.023501212 
579 410 87 119 0.023146978 
385 1092 387 429 0.02287644 
177 341 25 32 0.022744397 
844 772 24 33 0.02272741 
376 678 10 12 0.022725064 
52 663 26 34 0.022722406 
915 1469 15 16 0.02272229 
314 322 21 27 0.022419322 
32 1139 59 90 0.02237671 
7 640 24 32 0.022139763 
51 76 421 477 0.021726914 
179 275 15 18 0.021418994 
262 341 30 31 0.021399004 
325 379 11 15 0.021146234 
43 1152 38 45 0.02102112 
779 417 16 21 0.020972874 
318 670 9 13 0.020829957 
418 603 10 12 0.020737035 
893 886 44 57 0.020669352 
307 287 432 546 0.020547789 
355 336 41 56 0.020422038 
531 329 76 55 0.020382192 
328 572 11 16 0.02037715 
293 326 25 32 0.020282185 
139 358 31 38 0.020273529 
234 347 26 32 0.020227171 
105 288 25 30 0.020162325 
379 664 12 16 0.020105043 
487 355 109 126 0.020036498 
435 677 24 24 0.02003537 
