2_Demonstration_Protesters_2_840
72
915 156 21 31 0.9720286 
678 191 19 27 0.94833475 
793 171 20 25 0.8908278 
102 188 16 21 0.8119516 
324 174 17 20 0.8063131 
258 199 13 19 0.72103953 
954 218 16 21 0.57762074 
186 186 16 20 0.44583747 
176 181 22 27 0.13648446 
264 202 14 19 0.10716637 
228 215 11 14 0.09709269 
454 102 12 16 0.07090353 
1004 115 12 14 0.06879544 
1011 277 9 13 0.06645057 
70 198 10 14 0.066219114 
96 186 15 21 0.06500604 
171 141 15 18 0.06493517 
388 115 14 19 0.060595755 
310 217 13 15 0.057569124 
259 193 13 16 0.054343637 
805 232 12 15 0.0527696 
377 221 11 14 0.047572464 
49 23 54 70 0.04618643 
448 213 13 17 0.045883235 
864 169 17 19 0.044785943 
962 219 13 17 0.042028233 
879 165 10 15 0.040466025 
404 219 13 16 0.03956037 
170 144 24 27 0.032999948 
1012 252 9 14 0.032164633 
890 153 24 29 0.031962708 
232 230 11 15 0.031888384 
237 214 10 14 0.031853322 
52 242 10 13 0.030476835 
321 147 10 12 0.02896102 
990 197 10 14 0.028936174 
331 167 14 19 0.028598806 
919 151 13 17 0.02857466 
320 167 12 16 0.028375555 
1008 283 11 15 0.028082004 
1012 226 10 17 0.027930243 
1000 187 11 17 0.027733892 
481 353 8 11 0.027652502 
973 373 11 13 0.027083587 
713 173 9 14 0.026833426 
1014 210 10 16 0.026509354 
488 335 8 10 0.025830634 
909 143 9 11 0.025751345 
374 216 10 11 0.025524981 
178 148 14 16 0.025266036 
718 172 13 16 0.024557753 
1014 162 10 14 0.024064213 
136 134 8 10 0.023687232 
1005 413 10 12 0.023381032 
904 143 10 12 0.02300001 
189 142 12 15 0.022904573 
880 157 11 14 0.02282084 
844 270 11 14 0.022471037 
304 77 8 10 0.022085484 
392 172 13 17 0.02206779 
307 211 20 25 0.021980789 
231 210 9 11 0.021854758 
882 155 21 28 0.021730958 
275 195 12 16 0.021700831 
886 154 13 18 0.021395778 
662 430 9 11 0.021170475 
881 151 10 13 0.020919336 
1013 269 10 17 0.02088163 
354 139 107 118 0.020844953 
972 220 10 14 0.020531518 
802 220 25 33 0.020306274 
972 378 12 16 0.020174272 
