2_Demonstration_Demonstration_Or_Protest_2_619
483
990 195 15 20 0.97151875 
907 117 16 22 0.95363516 
526 125 12 15 0.94797856 
678 96 12 16 0.90543735 
807 86 12 15 0.89244443 
429 87 15 19 0.8754096 
432 174 25 30 0.8578657 
648 178 18 23 0.8342021 
854 102 14 17 0.8264342 
250 230 18 21 0.8233802 
647 138 13 18 0.8083122 
203 149 15 19 0.8039604 
781 149 13 15 0.7999155 
945 223 16 19 0.788042 
494 132 13 17 0.7828961 
500 113 11 15 0.7790347 
413 399 24 34 0.7461118 
620 114 13 15 0.72308284 
868 260 16 19 0.7025929 
760 117 9 12 0.69417536 
736 137 11 14 0.6808114 
294 173 13 19 0.6422134 
459 204 16 20 0.6251765 
550 195 16 19 0.552997 
417 114 11 15 0.5506094 
572 130 12 15 0.5456777 
900 187 15 19 0.5390912 
705 206 22 27 0.51671267 
555 110 12 15 0.5088568 
201 228 15 22 0.47988227 
593 26 10 14 0.45387137 
390 125 15 19 0.4517943 
817 138 14 19 0.43493935 
469 121 15 19 0.43374538 
872 364 14 17 0.43153048 
241 192 16 20 0.37110627 
788 183 14 19 0.3259704 
982 256 14 21 0.32463402 
614 172 13 16 0.32421476 
895 267 14 16 0.32230374 
255 129 14 18 0.31702211 
784 180 12 18 0.3128754 
452 114 14 17 0.30542576 
496 177 21 27 0.29590917 
203 199 12 17 0.29203853 
553 84 12 16 0.282797 
491 213 17 21 0.28151816 
283 258 22 26 0.27098116 
530 255 17 20 0.2699911 
474 545 19 21 0.26488656 
580 152 13 18 0.26407483 
797 114 11 14 0.2609068 
518 237 15 23 0.2537819 
734 50 11 14 0.25329733 
320 307 27 39 0.25297868 
789 347 16 22 0.2515844 
395 181 16 19 0.24699822 
428 180 18 22 0.2466455 
736 119 10 13 0.24477893 
652 266 18 23 0.24468237 
542 141 12 14 0.22567496 
826 327 16 19 0.22392099 
572 137 14 18 0.22244686 
600 92 11 14 0.21696623 
419 394 15 19 0.21645112 
550 20 9 12 0.18991953 
572 145 15 20 0.18716796 
341 107 16 19 0.18499492 
105 149 16 20 0.17006853 
933 283 14 17 0.16525647 
660 197 22 27 0.16411328 
308 355 22 27 0.15374862 
814 300 13 16 0.14770216 
548 231 15 19 0.1465642 
357 147 17 20 0.1456841 
433 288 17 22 0.14049074 
499 137 14 17 0.138225 
418 264 17 19 0.13754572 
766 103 9 12 0.13747115 
849 251 14 19 0.13665304 
838 159 11 15 0.13499288 
599 170 11 15 0.13185859 
349 84 13 16 0.12949778 
462 121 15 21 0.12817818 
188 266 15 19 0.12682185 
443 175 20 25 0.12667361 
795 186 12 16 0.12583706 
629 131 13 16 0.121893734 
212 264 16 22 0.12138351 
868 129 14 17 0.11936505 
819 151 13 18 0.117685765 
157 198 12 15 0.11704484 
204 266 14 22 0.113978826 
888 187 12 18 0.11297343 
507 139 12 16 0.10930843 
343 101 13 15 0.10928583 
195 267 15 20 0.10722269 
736 58 10 13 0.10593733 
500 144 16 20 0.10500825 
986 289 11 17 0.098372035 
787 297 14 19 0.09776021 
981 259 42 59 0.09757806 
415 292 29 40 0.09687923 
759 171 14 19 0.09581866 
881 147 15 19 0.093603164 
764 109 12 15 0.093596965 
603 215 16 22 0.09110961 
805 107 10 13 0.08796767 
156 203 15 19 0.08664954 
209 151 16 20 0.08484412 
484 175 24 29 0.0838684 
293 132 17 21 0.080988586 
845 168 13 18 0.07889121 
830 157 12 14 0.0780801 
588 233 13 19 0.07707792 
524 240 21 27 0.07145852 
758 166 12 15 0.07101512 
985 280 23 31 0.07046796 
293 122 15 17 0.06931285 
189 201 15 20 0.06905305 
425 395 15 17 0.06893368 
140 354 15 18 0.068864875 
766 125 10 12 0.06875281 
932 202 14 19 0.068279214 
555 191 15 18 0.06816352 
138 431 15 20 0.06792621 
605 170 13 17 0.06776798 
753 164 10 13 0.06774176 
596 212 16 22 0.06756862 
246 262 15 21 0.06696186 
876 139 14 19 0.06693899 
338 131 15 19 0.06679794 
761 102 10 12 0.06630738 
500 235 17 21 0.065831676 
212 168 17 20 0.06500276 
613 137 13 18 0.064796895 
925 200 14 20 0.06426254 
526 111 10 12 0.06330521 
975 321 13 18 0.06317898 
386 343 14 21 0.062680334 
775 143 14 18 0.06240104 
212 198 20 25 0.061445665 
973 265 13 18 0.06109789 
749 246 15 21 0.0610028 
755 117 10 13 0.060418256 
471 540 16 20 0.059976384 
793 111 11 15 0.059527498 
510 238 15 21 0.059310712 
475 170 17 23 0.059136458 
356 178 13 19 0.058702104 
590 217 15 21 0.058126017 
284 132 13 17 0.057922266 
442 286 15 22 0.05774082 
563 195 12 17 0.05771934 
519 119 13 16 0.05769654 
93 258 13 17 0.057268307 
893 180 14 21 0.057129767 
212 377 17 22 0.057070527 
404 186 14 17 0.05688145 
250 258 13 18 0.056781806 
614 145 14 18 0.05646386 
459 116 14 19 0.056306973 
648 187 22 26 0.055917196 
807 102 11 14 0.05530134 
276 163 13 18 0.054525703 
823 91 10 13 0.054056857 
751 189 11 15 0.05370153 
338 114 22 30 0.053012718 
922 188 14 16 0.052032325 
548 144 12 16 0.05125985 
343 86 12 15 0.050805047 
668 168 16 22 0.050451208 
650 201 19 21 0.049894087 
371 149 12 16 0.048909195 
230 157 13 18 0.04790832 
946 213 17 20 0.04785516 
999 195 15 19 0.047376893 
366 98 14 19 0.04718981 
788 153 12 14 0.046752177 
268 122 12 16 0.046744544 
863 227 12 18 0.046717968 
219 205 18 22 0.04658212 
489 201 25 30 0.04656844 
906 180 15 20 0.046403203 
544 170 13 16 0.0460726 
963 208 15 21 0.045583494 
208 156 22 27 0.045441356 
696 211 28 35 0.044556998 
247 131 13 19 0.044544432 
805 297 23 27 0.044521887 
410 195 14 18 0.044447932 
788 173 13 19 0.044434704 
342 92 13 16 0.044411253 
873 357 17 19 0.04437581 
540 230 20 27 0.04394021 
532 131 12 15 0.043930672 
976 260 12 18 0.043269012 
657 259 22 30 0.04280257 
674 201 13 21 0.042773135 
403 297 31 41 0.042737167 
786 196 17 23 0.042445015 
266 283 15 18 0.042365648 
850 253 21 24 0.04234377 
182 202 15 21 0.042325497 
156 250 17 24 0.042010713 
788 144 12 15 0.041802354 
876 346 15 17 0.04132884 
144 252 22 27 0.041319445 
124 424 20 27 0.041145623 
426 162 26 32 0.041067943 
151 202 13 16 0.040700473 
334 111 16 20 0.040556118 
722 209 14 19 0.040458173 
888 315 12 15 0.040115736 
868 233 14 19 0.039662514 
273 373 15 19 0.039626226 
219 351 16 21 0.03932634 
236 375 15 20 0.039324507 
565 286 27 27 0.038943734 
813 318 25 31 0.038912743 
565 222 13 16 0.038332872 
498 121 15 19 0.038015854 
333 124 14 20 0.037719473 
776 185 12 17 0.03771761 
874 252 13 18 0.037280608 
414 93 11 14 0.037229992 
219 212 21 26 0.03660077 
8 133 26 32 0.03628397 
853 170 12 16 0.036184367 
790 165 13 17 0.036119133 
506 169 16 23 0.036089353 
421 280 25 31 0.035996806 
870 135 15 20 0.03580124 
508 160 16 21 0.035760805 
364 143 13 17 0.0356316 
626 110 11 13 0.035553873 
795 306 14 18 0.03530729 
867 242 15 20 0.03527406 
583 181 11 13 0.03502671 
139 257 17 21 0.034948483 
556 140 11 15 0.034775257 
161 212 14 17 0.03472537 
682 212 22 30 0.034698583 
223 370 23 32 0.034653183 
350 285 25 31 0.03430804 
132 418 16 20 0.03416749 
342 132 23 30 0.034031257 
838 209 11 17 0.033792973 
508 116 11 15 0.033778105 
882 340 15 18 0.03376506 
858 113 15 19 0.033662193 
860 241 15 20 0.033328697 
550 26 10 14 0.03315662 
786 299 22 28 0.033147015 
417 269 23 28 0.03313358 
846 301 24 28 0.03305288 
476 552 21 22 0.033048045 
117 421 16 27 0.032943156 
898 55 15 19 0.032839034 
284 163 13 19 0.03282439 
158 217 15 18 0.032731626 
619 176 13 17 0.03267171 
679 242 26 36 0.032631025 
852 244 15 20 0.032474246 
591 32 10 14 0.032466117 
311 212 13 15 0.03243567 
211 226 13 19 0.03237774 
416 553 18 19 0.032130014 
812 100 12 15 0.03206859 
806 163 12 16 0.03200892 
317 359 21 30 0.03199814 
667 188 16 21 0.031916715 
289 176 13 17 0.031888124 
860 251 15 19 0.031870604 
485 137 15 17 0.031859033 
260 256 15 18 0.031714655 
123 275 14 19 0.03169836 
242 306 25 32 0.03159358 
286 212 13 16 0.031535536 
390 391 45 59 0.031532194 
460 109 12 17 0.031473104 
426 262 13 17 0.03141574 
627 233 15 21 0.03131525 
960 240 76 100 0.031288438 
281 119 21 27 0.031064566 
251 138 22 30 0.030976612 
833 325 14 17 0.030931003 
599 177 13 16 0.03089016 
571 196 13 17 0.030740535 
596 204 14 17 0.03064441 
227 349 13 18 0.03060217 
929 353 19 23 0.030533105 
119 268 13 17 0.030464571 
775 335 20 29 0.030428238 
455 127 15 19 0.03041889 
342 85 22 25 0.030361414 
104 143 11 16 0.030207442 
843 158 12 16 0.030026985 
948 309 13 15 0.030003758 
994 204 16 19 0.029953705 
818 293 13 17 0.029920446 
557 211 12 15 0.029739587 
807 308 26 31 0.029592618 
937 287 17 18 0.029521741 
545 195 13 19 0.0294844 
620 137 12 18 0.029301094 
190 232 16 20 0.02929502 
552 80 11 14 0.029278535 
350 182 15 20 0.0290519 
927 207 15 21 0.029050004 
405 199 22 27 0.029015834 
479 237 13 17 0.02881797 
343 106 26 31 0.02878594 
595 223 15 22 0.028620413 
287 148 13 16 0.02837053 
363 178 12 18 0.028370138 
885 374 11 14 0.028356293 
172 234 15 18 0.028277017 
510 123 12 15 0.02820564 
291 144 16 19 0.02820122 
474 534 18 19 0.028071744 
289 268 19 22 0.027949754 
755 184 14 18 0.027902553 
692 257 16 23 0.027851678 
362 265 22 26 0.027784016 
616 122 12 14 0.027583657 
357 337 24 31 0.027539464 
354 489 16 21 0.027331816 
939 201 14 18 0.027283527 
919 200 14 19 0.027281705 
947 282 15 18 0.027120197 
862 124 13 17 0.02706222 
271 221 13 16 0.027054396 
257 240 16 19 0.027044576 
419 118 14 18 0.026934728 
79 194 15 19 0.026800046 
656 169 20 25 0.026797485 
271 201 13 16 0.026759792 
569 225 15 19 0.026623713 
130 258 21 27 0.026605284 
205 194 19 26 0.026588118 
898 105 20 27 0.026578253 
348 123 26 32 0.026534183 
411 380 22 33 0.026512522 
794 169 15 20 0.02613987 
782 116 11 14 0.026002362 
479 152 24 28 0.025986612 
326 210 13 17 0.025978306 
519 109 11 13 0.025960943 
937 131 99 120 0.02582188 
335 99 15 19 0.025800105 
460 239 15 21 0.025762128 
595 234 14 21 0.025739219 
603 240 15 20 0.025718767 
157 222 23 25 0.025658343 
520 104 8 10 0.025597462 
758 113 17 22 0.025537895 
596 76 10 12 0.025515608 
696 164 11 13 0.025494752 
556 180 13 17 0.025265092 
991 287 30 38 0.025254557 
426 301 19 24 0.025203668 
350 146 16 21 0.02514622 
566 103 10 13 0.025138814 
329 132 11 15 0.025113033 
563 108 11 13 0.02508534 
269 153 15 20 0.02507118 
730 45 12 15 0.02492854 
474 161 16 21 0.024923943 
140 418 14 20 0.024845425 
729 123 12 16 0.024783889 
206 482 21 34 0.024758063 
185 465 26 41 0.02459822 
326 264 16 24 0.024515018 
958 203 14 21 0.024514366 
237 137 13 18 0.024449697 
239 403 14 19 0.024400888 
183 321 28 33 0.024303162 
355 89 13 17 0.02424845 
729 134 11 15 0.024239147 
780 206 14 22 0.024229228 
241 494 17 22 0.024227476 
451 190 22 28 0.024177875 
795 147 11 14 0.024174483 
592 87 9 12 0.02415393 
425 408 17 20 0.02408836 
798 103 11 13 0.024066478 
926 279 15 18 0.024058625 
598 36 11 12 0.024058316 
139 439 17 21 0.02405596 
984 197 15 20 0.024002304 
435 394 14 16 0.023998586 
471 521 15 18 0.023951966 
717 221 24 31 0.023939269 
169 200 23 29 0.023922432 
193 188 23 31 0.023875052 
876 236 12 16 0.023831377 
987 293 16 23 0.023798011 
565 231 14 19 0.023774616 
447 111 14 18 0.023759909 
179 260 18 24 0.02366164 
869 107 11 15 0.023489866 
121 402 24 31 0.023427984 
150 192 12 14 0.02340902 
895 91 14 15 0.023314806 
842 283 15 18 0.023314785 
675 228 25 37 0.023271771 
435 154 17 21 0.0232682 
774 109 10 13 0.023176795 
677 207 14 21 0.023113152 
985 255 26 36 0.02305151 
349 96 21 26 0.02301576 
62 139 14 18 0.022886371 
843 203 15 20 0.022791376 
887 267 14 17 0.022775473 
827 194 16 21 0.022643412 
217 381 18 23 0.022619132 
610 212 15 21 0.022608228 
734 81 12 14 0.02256712 
198 143 15 19 0.022542518 
374 410 32 43 0.022425655 
730 201 16 18 0.022380965 
516 140 13 17 0.022365177 
606 218 22 29 0.022280473 
413 98 13 17 0.022187555 
542 79 8 11 0.022143196 
893 381 11 12 0.022124285 
170 256 16 23 0.02207552 
297 131 23 27 0.022064384 
947 313 25 33 0.022035105 
940 212 14 19 0.022027541 
954 218 15 21 0.021900088 
277 136 15 18 0.02186628 
592 92 10 14 0.021843864 
232 378 23 31 0.021774037 
763 184 14 17 0.021763986 
261 124 21 26 0.021739827 
455 556 14 17 0.021698471 
347 138 14 18 0.021615673 
492 152 16 19 0.021599188 
910 37 11 13 0.02159149 
942 306 14 17 0.02155663 
715 198 15 18 0.021523537 
773 133 12 14 0.021484146 
122 419 16 21 0.021444775 
760 324 28 37 0.021430265 
878 192 15 19 0.021389514 
481 146 16 19 0.021349082 
369 341 22 29 0.021284709 
424 164 11 17 0.021283405 
152 209 14 18 0.021189537 
551 104 11 14 0.021186454 
563 213 12 15 0.021179961 
542 102 9 12 0.021178268 
340 192 14 17 0.02115733 
406 216 23 30 0.021138828 
975 242 23 35 0.02110954 
828 185 15 20 0.021008074 
753 254 16 20 0.020866284 
394 184 24 30 0.020822134 
381 349 17 25 0.020820038 
590 239 13 19 0.020800186 
105 216 16 18 0.02077599 
449 287 15 21 0.020760158 
402 261 26 26 0.020723768 
434 79 16 19 0.020576637 
195 279 17 22 0.020563466 
309 170 14 20 0.020497972 
558 132 11 15 0.020492679 
771 341 15 20 0.020445826 
724 197 14 19 0.02043176 
258 161 14 18 0.020380696 
411 227 21 28 0.020374652 
513 154 14 18 0.020323284 
83 367 24 33 0.020302445 
906 132 16 21 0.020278731 
661 215 16 17 0.020254994 
441 161 17 22 0.020237882 
893 255 15 19 0.020156099 
492 234 18 21 0.020142563 
562 274 26 30 0.020082813 
812 80 12 14 0.020039154 
437 388 13 16 0.020003324 
