2_Demonstration_Demonstrators_2_330
33
482 402 117 162 0.9998116 
698 285 104 127 0.9996953 
643 353 53 75 0.96644884 
435 355 44 68 0.5011153 
681 252 32 39 0.12681314 
935 187 102 153 0.12602665 
661 321 80 106 0.11665097 
424 358 34 46 0.10643236 
443 155 43 56 0.09741494 
371 167 30 40 0.08740683 
412 149 23 27 0.081684284 
590 387 54 84 0.07422093 
477 357 34 41 0.06571643 
118 658 97 113 0.061635833 
137 684 59 69 0.05032757 
449 357 57 73 0.04420127 
616 364 60 78 0.039295763 
117 697 57 58 0.03745298 
980 716 29 28 0.034943964 
469 140 40 56 0.031842932 
491 351 19 22 0.03044453 
1001 689 17 23 0.026810065 
559 379 78 123 0.025418548 
974 703 46 50 0.02541343 
892 90 149 238 0.02466719 
585 400 36 52 0.023235917 
406 154 33 43 0.021817746 
975 221 54 108 0.021690905 
398 351 52 78 0.021239288 
164 654 34 43 0.020639077 
154 707 31 44 0.020295963 
45 466 202 282 0.020174956 
422 175 36 42 0.020058783 
