2_Demonstration_Protesters_2_912
294
880 333 25 33 0.999089 
835 326 29 35 0.9963265 
146 433 23 30 0.99110013 
478 309 26 33 0.98755777 
42 348 15 19 0.98703426 
721 279 29 41 0.98370266 
252 337 17 21 0.97680306 
169 361 18 23 0.95477355 
996 351 23 29 0.9498658 
525 317 14 19 0.94379973 
548 314 18 22 0.9069649 
647 347 13 17 0.8971462 
599 319 21 29 0.71210647 
951 311 12 15 0.6902884 
64 348 10 16 0.6324046 
936 336 21 27 0.6303765 
367 326 13 16 0.6202897 
354 350 16 20 0.5858606 
260 389 20 35 0.5376184 
439 314 10 14 0.50210625 
115 370 19 22 0.47079712 
757 357 13 15 0.42959082 
787 332 18 22 0.42739543 
191 338 12 16 0.40700802 
643 550 16 20 0.35150337 
618 323 13 17 0.3399989 
653 326 12 15 0.3343529 
511 309 10 14 0.32854986 
919 341 12 18 0.32774627 
288 318 9 13 0.31868413 
637 324 9 12 0.30863008 
405 483 15 21 0.30462906 
232 372 20 28 0.2923375 
513 338 18 24 0.28588057 
325 343 10 13 0.285279 
812 286 10 11 0.25642747 
341 330 9 12 0.24592449 
395 310 9 11 0.23274767 
327 410 12 17 0.22589178 
270 394 21 33 0.18162738 
655 318 11 13 0.1707755 
420 303 9 13 0.16103715 
179 523 14 16 0.15024264 
528 293 11 14 0.14790185 
390 302 9 11 0.13715535 
268 318 9 12 0.13669494 
284 408 15 21 0.13393871 
714 368 15 18 0.13284764 
293 323 9 11 0.12997709 
296 304 8 10 0.12347651 
302 347 12 16 0.11493755 
496 285 8 10 0.114348285 
683 310 16 19 0.109565854 
565 319 13 19 0.10597069 
303 396 11 15 0.09962943 
457 322 22 30 0.09416108 
329 302 9 10 0.092933275 
390 269 8 10 0.09232672 
573 295 9 13 0.08984269 
393 315 9 11 0.08880592 
842 377 15 20 0.08855268 
723 276 17 22 0.08795798 
409 331 11 15 0.08773535 
200 354 13 18 0.08715102 
447 298 11 15 0.08690389 
631 325 11 13 0.08675279 
659 323 11 15 0.08661179 
389 284 10 12 0.08647096 
334 311 8 11 0.08393886 
661 317 10 13 0.08275274 
648 332 14 17 0.08259056 
297 309 9 12 0.08186657 
711 281 26 36 0.08044836 
312 308 8 10 0.077991456 
269 335 11 15 0.07686211 
612 325 13 20 0.07654829 
292 404 14 18 0.07458693 
254 395 17 23 0.07209796 
412 327 11 14 0.070295714 
348 361 15 18 0.06754098 
369 308 10 12 0.06745161 
240 331 9 12 0.06676471 
397 341 10 13 0.06648535 
922 336 18 27 0.06617773 
180 355 15 19 0.06617564 
410 316 10 12 0.06595323 
598 308 14 18 0.063627124 
316 450 16 20 0.062742844 
230 381 15 25 0.061940264 
963 377 25 27 0.060752124 
974 307 13 17 0.059890363 
443 310 11 17 0.05953376 
970 395 24 28 0.05928922 
631 332 10 14 0.059128445 
439 287 9 11 0.05667715 
434 315 11 14 0.055671185 
282 317 9 12 0.054882813 
288 302 8 10 0.054853905 
282 425 15 21 0.05447636 
301 404 11 15 0.05434326 
599 303 11 13 0.053751066 
386 302 8 10 0.052803434 
361 287 8 10 0.05231432 
344 348 21 27 0.05177146 
529 273 8 10 0.051734287 
457 277 8 10 0.051405046 
302 304 8 10 0.050945938 
331 309 8 11 0.050624724 
352 308 8 11 0.050480116 
792 529 16 22 0.049789667 
982 345 12 19 0.049440708 
346 302 8 10 0.049083482 
781 340 19 27 0.048827454 
513 272 8 10 0.04880766 
198 343 15 21 0.048794888 
500 314 12 17 0.047820564 
417 296 8 11 0.04741655 
374 320 11 14 0.047335263 
265 322 10 14 0.047033273 
234 384 21 30 0.046957545 
390 342 14 16 0.04668528 
515 309 12 15 0.046497896 
360 296 8 9 0.045401197 
911 344 15 20 0.044944372 
359 302 8 11 0.04445773 
568 297 11 14 0.044168644 
388 294 10 13 0.043990094 
639 313 9 11 0.04390555 
374 304 8 10 0.043858964 
512 288 9 11 0.043636084 
304 295 7 9 0.04264685 
890 426 13 18 0.042250708 
311 294 8 9 0.04131937 
285 287 8 10 0.041287597 
621 294 9 12 0.041003592 
390 264 8 10 0.04065832 
351 296 8 10 0.040484674 
590 309 14 17 0.040398516 
327 335 9 12 0.0403018 
186 344 15 20 0.04021867 
321 342 18 24 0.040057845 
968 308 12 15 0.039790593 
668 315 13 16 0.039359078 
776 332 11 14 0.039036985 
709 294 14 21 0.038840037 
555 313 20 26 0.038524434 
945 309 12 15 0.03819042 
175 579 11 12 0.038133983 
433 288 9 10 0.037443902 
516 350 14 19 0.03742882 
516 302 11 14 0.037388686 
303 270 8 10 0.037235055 
663 577 14 16 0.0371799 
52 348 12 17 0.037059736 
641 538 17 19 0.036853187 
800 300 12 16 0.036782734 
301 317 8 11 0.0367714 
398 327 10 12 0.036548603 
6 644 12 17 0.036479708 
810 289 14 16 0.03639291 
375 495 14 18 0.03595452 
658 330 13 16 0.03589099 
791 335 22 27 0.035544936 
350 302 9 11 0.035249505 
302 336 8 11 0.03491161 
221 385 21 29 0.034282222 
345 296 7 10 0.03402778 
343 310 9 11 0.03375164 
339 336 21 27 0.033671968 
206 329 15 20 0.03363639 
571 321 13 19 0.033303574 
298 466 15 17 0.03322148 
332 418 11 15 0.033103935 
416 309 10 12 0.032564413 
645 357 14 19 0.03233523 
489 279 8 10 0.03219146 
630 338 12 15 0.032152712 
142 408 16 19 0.03215196 
534 272 8 10 0.03173172 
590 308 23 30 0.03161817 
844 288 9 11 0.03160118 
130 370 14 19 0.03156603 
329 295 9 11 0.03133977 
351 482 11 13 0.03131057 
287 312 9 12 0.030770428 
983 352 15 22 0.030729739 
502 287 7 10 0.030645728 
453 294 10 14 0.030618383 
548 324 16 21 0.030048452 
368 304 9 11 0.029929174 
231 327 10 13 0.029666174 
401 465 24 38 0.029623494 
445 285 8 11 0.029113205 
535 337 13 18 0.029008586 
142 419 25 31 0.028968751 
577 271 7 9 0.028939141 
263 379 13 20 0.028917039 
1011 408 11 18 0.028768353 
509 320 13 17 0.028711932 
312 318 8 11 0.02849984 
358 319 10 12 0.028417937 
581 323 14 21 0.028393628 
312 288 8 11 0.028242957 
359 309 8 10 0.027838847 
393 456 9 11 0.027791996 
661 346 12 15 0.027672632 
553 284 9 11 0.027349053 
589 321 16 23 0.027301108 
297 348 11 15 0.02722772 
280 312 10 12 0.0270639 
380 323 11 13 0.026877413 
339 431 11 14 0.026803827 
319 334 9 12 0.026598739 
333 287 9 11 0.026588568 
198 318 9 11 0.026585938 
281 287 9 12 0.026533224 
918 389 13 16 0.02649798 
901 317 12 15 0.026314149 
693 284 11 13 0.026220797 
798 286 9 13 0.026190791 
214 389 20 29 0.026017351 
583 310 11 15 0.02601111 
333 294 9 11 0.02587873 
185 334 13 16 0.025503553 
520 291 10 14 0.025477193 
327 335 20 26 0.025352182 
457 286 8 10 0.025281059 
357 367 12 16 0.025193663 
618 299 10 13 0.025162686 
513 278 8 10 0.024856884 
979 400 25 31 0.024685334 
342 317 10 11 0.024676025 
705 483 160 190 0.024566237 
543 284 9 11 0.024509503 
663 312 10 12 0.024483733 
309 342 10 14 0.024336804 
122 366 18 22 0.024248412 
245 395 16 20 0.02422269 
328 399 11 18 0.024151683 
311 478 13 15 0.024095997 
565 312 11 15 0.02404554 
433 292 11 13 0.023999447 
407 336 11 16 0.02396374 
294 271 8 10 0.023935685 
774 327 11 13 0.023897817 
553 272 8 10 0.023846818 
631 527 24 29 0.02383094 
775 328 23 26 0.023727873 
356 341 14 18 0.023723554 
968 401 14 19 0.023717888 
390 304 17 23 0.023699123 
472 321 26 33 0.023618443 
462 277 8 10 0.023551023 
286 334 10 12 0.023377068 
280 323 10 13 0.023364477 
378 278 8 11 0.023224536 
852 297 22 26 0.023214854 
659 365 14 16 0.023154456 
296 333 9 11 0.02310176 
351 342 13 17 0.023025947 
507 304 21 27 0.022947302 
383 279 10 12 0.022933217 
447 279 8 11 0.02289354 
513 334 13 17 0.022875404 
997 394 24 36 0.02284697 
632 319 18 23 0.022813493 
665 313 21 26 0.022673363 
653 363 15 18 0.022661854 
775 348 22 28 0.022661315 
329 288 8 10 0.022499112 
304 288 8 11 0.022336166 
319 253 10 12 0.022303673 
661 357 13 17 0.022298897 
343 362 14 18 0.022222158 
990 354 18 21 0.0219307 
772 292 11 12 0.021736793 
398 333 11 15 0.02172964 
532 309 12 16 0.021672677 
366 320 13 16 0.021624032 
802 295 21 24 0.021450417 
413 499 12 15 0.021200737 
253 317 10 13 0.02102009 
794 324 17 19 0.020977912 
591 302 10 12 0.02097693 
532 333 22 27 0.020877548 
462 286 9 10 0.020865396 
751 360 14 16 0.020862533 
518 287 9 12 0.020822642 
332 346 13 17 0.020647967 
780 560 16 17 0.02062503 
388 353 15 17 0.02055948 
979 418 14 17 0.020512866 
318 490 13 16 0.020046415 
532 300 11 14 0.020017939 
