2_Demonstration_Protesters_2_456
51
302 484 126 165 0.9996978 
850 443 95 130 0.99929404 
658 472 57 77 0.9988632 
763 520 45 46 0.94642943 
858 339 25 32 0.738101 
892 458 91 117 0.6476203 
939 455 84 116 0.48779726 
25 467 47 84 0.3973625 
232 393 16 21 0.26947868 
268 390 12 16 0.17674688 
330 439 45 56 0.1109469 
744 225 33 40 0.09236803 
244 409 17 22 0.08998403 
451 516 53 66 0.077386275 
980 479 43 76 0.074229546 
36 447 48 75 0.070331715 
486 342 59 82 0.066773884 
843 341 12 16 0.05358227 
337 404 34 37 0.05129827 
770 192 94 116 0.044228062 
733 235 28 35 0.042981606 
510 326 97 138 0.042956427 
342 384 38 46 0.042770054 
839 345 12 15 0.03907944 
64 434 30 37 0.03740224 
262 390 20 28 0.035568617 
260 402 46 64 0.034329835 
840 341 22 29 0.034007423 
374 497 100 125 0.033135653 
539 330 30 40 0.032385137 
310 444 49 62 0.030497886 
244 385 43 58 0.030187074 
645 267 27 37 0.029782338 
506 328 56 69 0.028980222 
635 283 34 38 0.028747005 
473 492 36 48 0.027641905 
539 392 14 16 0.02756393 
56 439 32 54 0.02700879 
548 337 18 24 0.025192365 
777 223 53 68 0.024477787 
231 560 32 36 0.023933986 
430 495 60 81 0.023450484 
641 464 29 38 0.023206023 
225 451 18 24 0.022591887 
274 427 28 39 0.022432959 
746 225 52 61 0.022314854 
265 397 28 39 0.022073595 
721 484 44 59 0.020484027 
475 345 98 135 0.020310802 
716 238 43 54 0.020174462 
190 335 14 18 0.020142063 
