2_Demonstration_Protesters_2_577
32
809 546 25 31 0.99904794 
477 446 19 24 0.9808194 
608 559 18 22 0.9699062 
163 466 21 26 0.94927794 
101 453 15 18 0.21090317 
202 454 25 29 0.089935444 
327 378 16 21 0.07803864 
565 628 31 33 0.07515008 
93 457 22 26 0.059456278 
164 442 15 17 0.053595677 
85 460 16 18 0.051187474 
135 451 12 16 0.045468748 
344 539 12 15 0.030867763 
116 484 11 13 0.030011898 
855 526 10 12 0.029784529 
395 529 13 15 0.029709866 
218 445 13 17 0.02851599 
787 566 14 17 0.027891098 
781 548 12 17 0.027732363 
906 531 14 16 0.02770066 
570 637 33 37 0.025506712 
454 448 12 16 0.025372382 
1 408 13 22 0.0247089 
235 378 112 128 0.024255158 
656 542 12 14 0.023071647 
332 539 12 16 0.0220606 
723 740 31 28 0.022011047 
194 443 26 32 0.021615384 
871 534 11 13 0.020892076 
209 449 19 22 0.020249343 
443 712 25 32 0.0200929 
107 447 12 16 0.020026445 
