2_Demonstration_Protesters_2_293
219
222 522 89 107 0.9990747 
289 431 56 76 0.9990564 
794 455 57 77 0.9985209 
456 434 53 77 0.99776256 
91 345 43 68 0.9966754 
540 458 73 99 0.99576676 
861 458 79 93 0.99555004 
164 375 38 54 0.9914902 
562 413 49 64 0.9905158 
479 365 42 52 0.98260283 
838 592 66 111 0.9753459 
354 364 31 47 0.9544328 
606 385 32 53 0.9481519 
42 328 36 50 0.874402 
674 356 29 38 0.769071 
547 356 33 38 0.7486743 
410 337 33 43 0.6318298 
734 517 50 86 0.63145006 
246 459 42 56 0.56185544 
412 468 43 86 0.5543747 
840 399 47 50 0.4940879 
117 275 14 20 0.39083186 
49 304 41 53 0.36574104 
658 462 46 53 0.2941352 
580 329 18 23 0.29001653 
316 344 17 21 0.23477545 
863 394 36 48 0.23007861 
746 414 47 61 0.22424068 
339 311 24 29 0.21495385 
0 365 19 39 0.21081893 
103 286 22 33 0.1983248 
1 305 16 22 0.17055936 
677 452 46 53 0.16959246 
-3 374 34 62 0.16378248 
595 284 27 33 0.16307263 
566 330 24 29 0.16169277 
131 360 30 46 0.15997958 
443 269 14 17 0.1402373 
586 386 44 62 0.13552076 
369 376 30 37 0.13148691 
356 293 17 22 0.1277544 
298 355 14 17 0.12231969 
397 350 12 15 0.12228662 
642 463 37 45 0.112841345 
560 360 20 24 0.1112922 
75 268 14 18 0.10857136 
42 366 34 56 0.10838017 
713 533 52 71 0.09292993 
443 318 16 19 0.091221504 
793 374 22 29 0.091168426 
184 336 30 42 0.0907447 
878 325 10 15 0.09066887 
584 292 23 32 0.08869765 
929 255 16 19 0.08494525 
826 406 46 54 0.08481547 
646 220 39 45 0.08421793 
157 291 25 34 0.079446375 
599 322 13 18 0.07644996 
109 279 15 25 0.07462144 
625 325 38 52 0.07407138 
724 423 47 60 0.07371417 
690 435 43 53 0.07151703 
752 282 24 33 0.071452916 
2 428 45 90 0.06950461 
560 339 26 35 0.06944703 
260 423 12 14 0.06764157 
56 311 22 28 0.067592084 
26 366 37 62 0.06286358 
584 333 23 31 0.0628194 
764 341 11 16 0.057182457 
745 484 49 79 0.055683054 
69 273 18 22 0.053684775 
419 334 42 58 0.04836372 
576 367 26 33 0.047978815 
441 256 21 27 0.04752256 
508 373 29 40 0.04747113 
826 403 29 36 0.047116462 
587 302 15 19 0.04609521 
996 353 31 43 0.0458618 
873 318 9 13 0.04560601 
588 418 34 50 0.044439815 
411 339 19 26 0.0443227 
565 179 26 33 0.044268742 
560 366 29 35 0.042599335 
640 333 44 54 0.042052608 
651 320 57 71 0.04204653 
803 374 13 20 0.04168355 
716 286 11 16 0.04159919 
429 331 27 37 0.041509755 
66 306 17 21 0.041505065 
754 339 24 35 0.041401293 
421 456 31 58 0.040499527 
806 335 10 13 0.039379302 
-1 357 14 24 0.03914241 
602 331 13 17 0.039043963 
51 343 44 64 0.038792323 
656 368 31 37 0.03863705 
292 348 22 28 0.038057186 
818 462 55 71 0.037869163 
839 493 39 48 0.037648793 
595 328 15 22 0.037508275 
372 493 55 74 0.037363898 
261 433 44 62 0.037152626 
101 284 16 23 0.037084427 
780 327 11 13 0.036687747 
51 298 25 33 0.036331493 
123 340 34 53 0.036203973 
689 319 10 13 0.036082756 
524 368 32 39 0.03582978 
728 414 27 42 0.035724796 
173 334 29 36 0.035147745 
603 277 14 16 0.034876328 
839 332 13 16 0.034850933 
230 478 64 85 0.034635965 
600 358 27 31 0.03444581 
328 292 41 57 0.03421728 
123 271 12 17 0.033406083 
114 361 37 50 0.03337436 
581 353 27 35 0.033348147 
348 296 23 32 0.032931827 
441 256 10 12 0.032822408 
820 347 11 15 0.032723054 
277 360 13 19 0.03271362 
138 381 17 24 0.031999435 
710 274 11 14 0.03184212 
64 259 12 15 0.03167055 
770 266 15 19 0.031447954 
735 453 52 75 0.03067383 
1 168 23 33 0.030496506 
857 341 10 16 0.030459957 
463 351 44 60 0.030115148 
442 329 17 22 0.03003204 
812 397 26 39 0.030028213 
379 384 17 24 0.029645467 
35 350 28 46 0.029060895 
74 307 14 18 0.029001558 
368 402 28 31 0.028970642 
767 272 15 19 0.028866682 
606 289 20 22 0.028554188 
406 344 17 25 0.028328365 
-2 440 30 63 0.02816562 
283 333 42 49 0.0279671 
275 324 11 16 0.027943645 
138 378 31 42 0.02794012 
165 285 15 19 0.027900042 
588 341 27 34 0.027738737 
289 382 31 38 0.027507091 
101 329 31 44 0.02735029 
783 375 40 53 0.02718292 
202 336 29 40 0.027068423 
436 306 23 33 0.026651235 
590 376 30 41 0.026564222 
657 313 13 15 0.026272876 
620 388 15 24 0.02622702 
958 481 48 73 0.02608272 
575 341 25 33 0.025975363 
569 352 18 25 0.025948593 
696 374 26 40 0.0258059 
0 227 12 19 0.025646472 
788 339 11 14 0.025525687 
51 319 20 26 0.025455683 
145 367 35 43 0.025297193 
621 338 26 35 0.0252031 
811 340 24 30 0.025146121 
593 303 24 34 0.025115391 
755 403 33 48 0.025109742 
832 349 10 14 0.024712872 
558 260 13 15 0.024619121 
249 416 27 32 0.024399634 
515 378 18 23 0.02435527 
576 250 12 15 0.024174271 
177 329 17 19 0.024049478 
19 379 29 40 0.023973115 
61 255 22 26 0.023871124 
923 250 43 52 0.02381737 
715 376 17 23 0.023680756 
440 260 13 17 0.023372365 
709 377 27 40 0.02335176 
159 339 27 33 0.022984957 
803 412 47 60 0.022934215 
679 343 44 56 0.02277888 
280 353 22 33 0.02276493 
871 327 13 18 0.022527894 
763 406 45 58 0.022522932 
635 220 25 34 0.02250306 
690 548 57 70 0.02247407 
722 379 32 45 0.022319479 
132 23 57 74 0.022314942 
619 370 42 60 0.022281531 
965 554 51 76 0.022208106 
352 310 17 25 0.022205826 
637 380 31 40 0.022010446 
651 141 16 21 0.021932278 
110 303 41 57 0.021898158 
485 233 10 16 0.02184628 
462 361 13 18 0.021842163 
895 316 12 15 0.021838121 
410 362 30 37 0.021798203 
5 417 85 114 0.021586552 
710 260 13 19 0.021577328 
292 354 30 39 0.021576693 
41 395 35 49 0.021499207 
453 258 14 16 0.021466909 
928 315 30 37 0.021396283 
584 519 34 45 0.02130287 
113 295 14 22 0.021035539 
10 465 49 82 0.021004317 
304 349 25 30 0.020809963 
771 259 14 17 0.020730976 
221 455 50 66 0.020713443 
901 413 11 15 0.020703094 
399 358 13 18 0.020669306 
70 281 25 30 0.020656286 
574 244 13 15 0.020525774 
434 246 39 50 0.02043284 
765 423 55 73 0.020334052 
159 342 12 18 0.020146819 
-6 401 42 88 0.020079114 
-2 229 21 31 0.020042792 
