2_Demonstration_Protesters_2_345
57
680 87 65 75 0.99952817 
437 63 60 85 0.99948883 
250 45 64 73 0.998326 
825 114 42 59 0.45563254 
498 520 9 11 0.25461873 
233 9 39 42 0.254138 
417 511 9 11 0.24365516 
599 161 30 49 0.24178901 
436 515 11 13 0.18478052 
479 519 9 11 0.17301944 
607 151 28 41 0.10999054 
520 520 8 10 0.08955647 
917 124 10 13 0.08438409 
548 170 31 49 0.07398291 
239 13 54 64 0.059470873 
167 41 9 11 0.057865307 
419 516 11 13 0.057643406 
378 107 40 61 0.05284256 
447 512 10 11 0.0500171 
389 509 9 11 0.044676382 
751 684 74 72 0.044577938 
484 519 9 11 0.04445341 
174 44 9 11 0.044307787 
455 517 9 10 0.039337277 
837 133 52 66 0.039074663 
620 140 14 19 0.038505595 
270 355 30 39 0.03809851 
609 137 28 33 0.03754045 
239 351 26 32 0.036979042 
557 190 15 24 0.036955725 
194 67 31 43 0.032437913 
539 521 8 9 0.03165883 
631 132 13 18 0.030786544 
525 520 8 10 0.029877212 
548 208 12 16 0.029365268 
198 312 416 437 0.028668253 
630 129 23 33 0.02825541 
546 191 23 36 0.028148346 
527 184 47 61 0.028003188 
126 3 12 11 0.027230121 
486 524 9 11 0.026961546 
452 513 10 11 0.02652102 
767 384 34 35 0.026194636 
190 40 8 11 0.02514033 
148 29 10 12 0.024650985 
183 43 12 13 0.024300404 
555 183 45 52 0.023685122 
517 193 34 46 0.022805283 
372 509 9 11 0.022336416 
431 510 19 23 0.021788284 
216 297 28 39 0.021582725 
591 135 49 52 0.02152227 
583 197 33 37 0.021380678 
546 158 25 34 0.021212332 
541 162 15 22 0.021140384 
812 124 31 45 0.021005593 
229 360 27 34 0.020046173 
