2_Demonstration_Political_Rally_2_57
130
213 145 33 45 0.99813914 
897 256 32 40 0.9979274 
492 166 33 42 0.9978467 
757 145 29 35 0.9969483 
781 145 32 41 0.9968925 
526 155 30 36 0.99618846 
826 123 31 42 0.9960621 
384 120 29 39 0.9959908 
78 137 35 46 0.9941315 
664 183 29 35 0.99259937 
280 145 26 34 0.9915971 
274 204 33 41 0.9906522 
358 140 36 44 0.98880416 
944 171 27 31 0.9852267 
588 133 35 47 0.98031414 
261 130 21 29 0.9593026 
145 133 33 36 0.9495994 
930 216 23 29 0.9382379 
465 153 23 34 0.91649306 
-1 125 19 34 0.8905516 
480 307 54 68 0.85828704 
922 170 25 33 0.82684225 
486 134 23 28 0.7787862 
104 120 27 30 0.76643306 
444 77 18 23 0.6173975 
645 134 17 25 0.5263423 
58 66 16 19 0.5083 
476 141 29 37 0.39299658 
763 140 39 48 0.3012035 
936 152 19 22 0.2835699 
473 104 15 19 0.2574743 
92 129 30 37 0.2452678 
133 153 24 32 0.2400044 
852 237 21 27 0.20092468 
929 160 26 32 0.1847488 
21 110 13 17 0.1788391 
646 156 16 22 0.1704821 
963 148 13 16 0.1556976 
109 108 27 30 0.14225179 
289 117 11 14 0.14203987 
989 236 14 18 0.1411684 
715 184 24 34 0.12670094 
9 130 19 26 0.12224755 
130 219 12 16 0.11798371 
544 169 27 35 0.11672434 
141 146 27 35 0.11581225 
366 121 40 54 0.098029874 
368 287 31 32 0.09099481 
489 147 28 37 0.086822905 
669 123 12 16 0.08577439 
579 126 13 17 0.08521669 
294 66 12 16 0.08379245 
555 116 12 16 0.07378838 
716 169 23 28 0.06953622 
56 65 11 14 0.06916885 
402 169 17 22 0.06890822 
17 92 10 13 0.06869108 
177 214 17 20 0.06567959 
815 277 13 16 0.06048189 
302 174 22 29 0.059944402 
466 169 18 24 0.05613689 
21 88 9 11 0.055911258 
119 131 20 25 0.05439894 
647 126 13 18 0.05164954 
295 109 22 30 0.048927184 
560 4 12 13 0.04813974 
457 43 11 13 0.04775226 
300 98 13 17 0.04757399 
273 134 16 19 0.045589056 
662 169 29 35 0.042154953 
575 123 20 28 0.041993015 
2 73 12 15 0.041788664 
306 157 25 33 0.039798718 
478 160 34 39 0.03941009 
292 337 16 20 0.038570877 
654 136 20 26 0.03816403 
580 118 10 14 0.03782211 
655 151 22 29 0.037606735 
292 110 12 16 0.035897672 
961 181 17 21 0.03586039 
123 146 24 32 0.035499144 
285 131 14 18 0.035063844 
551 122 12 16 0.03451409 
474 107 22 27 0.034146223 
288 111 19 26 0.034032766 
554 177 14 22 0.033931147 
292 152 24 32 0.032620866 
955 149 21 27 0.0322345 
924 165 15 19 0.03189077 
99 150 28 33 0.031849045 
811 125 30 36 0.029841302 
667 137 15 19 0.029246243 
971 151 9 12 0.029171417 
15 114 14 19 0.029081855 
809 593 35 36 0.028872773 
711 221 23 36 0.027349316 
22 106 20 27 0.027097793 
904 366 25 30 0.026777197 
311 190 25 34 0.026420182 
108 158 16 22 0.02603537 
434 64 23 31 0.025893083 
264 127 13 17 0.025697432 
316 152 26 33 0.025521833 
584 95 7 10 0.02527215 
574 110 20 30 0.024847459 
14 95 20 28 0.024817107 
283 194 31 39 0.024375493 
946 147 15 18 0.023770278 
553 111 10 15 0.02369402 
475 119 16 21 0.022781605 
476 129 15 20 0.02269542 
849 291 17 23 0.022615926 
663 145 14 20 0.02256519 
153 75 11 16 0.022423875 
446 126 14 18 0.022386728 
71 146 26 36 0.02206888 
416 237 34 48 0.021782441 
-1 68 18 27 0.021637337 
15 135 22 28 0.021597924 
279 132 24 31 0.02139522 
396 46 17 23 0.021164315 
364 133 12 15 0.021159772 
3 60 12 16 0.020899832 
557 108 22 29 0.020701444 
348 132 12 15 0.020571545 
124 128 34 44 0.020486195 
923 188 16 21 0.020265248 
662 130 15 20 0.020217309 
296 94 11 15 0.020072047 
25 145 16 21 0.020012205 
