2_Demonstration_Protesters_2_148
47
701 246 110 144 0.9997819 
394 374 87 122 0.9985821 
475 191 50 57 0.9979024 
329 130 70 97 0.9939367 
666 217 60 87 0.993334 
607 241 54 65 0.9928243 
155 225 28 45 0.989679 
405 200 37 51 0.982535 
973 177 50 105 0.93047094 
549 248 23 31 0.7513988 
647 227 53 73 0.5038813 
47 235 21 33 0.18803163 
112 226 31 39 0.15303594 
583 252 22 33 0.14193949 
677 225 97 123 0.120276205 
7 232 44 61 0.11646216 
556 241 36 47 0.09916655 
258 625 40 37 0.09836972 
228 210 12 15 0.08033905 
123 221 44 49 0.07498488 
822 290 64 84 0.072224244 
247 622 69 70 0.06137881 
574 237 41 53 0.060492385 
29 236 32 36 0.053331796 
191 246 10 13 0.050422385 
-3 246 58 88 0.045843534 
-18 -31 197 218 0.037472837 
781 274 87 110 0.036373172 
365 163 72 90 0.03615204 
69 192 11 14 0.032508466 
224 207 11 14 0.030395955 
801 6 47 52 0.030257383 
541 358 12 14 0.029006578 
214 202 11 14 0.028829549 
869 193 44 62 0.027083434 
18 252 21 25 0.026753232 
236 210 13 15 0.023708912 
605 230 34 40 0.023433743 
243 210 12 15 0.022360144 
56 238 16 26 0.02229532 
578 225 34 39 0.022109589 
127 198 10 11 0.02181085 
595 240 34 41 0.021451619 
950 210 27 41 0.021313969 
42 335 42 59 0.020292848 
784 39 28 35 0.020264653 
171 237 25 33 0.020078942 
