2_Demonstration_Protesters_2_370
33
700 180 61 71 0.998719 
504 214 59 75 0.9928075 
577 238 68 75 0.99189806 
43 269 43 53 0.9890013 
125 247 38 48 0.9813737 
259 239 56 60 0.95484537 
453 224 24 31 0.91647106 
210 239 26 32 0.80563235 
335 221 46 73 0.63174385 
414 234 29 41 0.18174696 
525 510 63 60 0.10982147 
307 224 45 67 0.095995195 
352 239 57 72 0.08618253 
451 220 19 22 0.060166515 
679 221 13 18 0.056165148 
438 211 36 46 0.055962704 
422 217 37 49 0.050863396 
203 215 41 55 0.045009047 
1009 368 14 25 0.041788753 
562 827 33 31 0.036120713 
445 316 25 31 0.03575691 
458 282 25 29 0.034789056 
622 323 128 129 0.0335711 
445 222 18 26 0.03132935 
658 219 41 57 0.03124394 
999 356 22 40 0.031121807 
532 226 71 85 0.029349681 
581 305 100 148 0.02414845 
571 240 39 41 0.023145076 
570 192 34 42 0.022722732 
-44 497 385 427 0.020883037 
648 236 18 25 0.02049648 
464 272 40 51 0.020079473 
