2_Demonstration_Demonstrators_2_314
180
68 325 32 46 0.98697054 
415 254 27 34 0.9842748 
204 267 28 36 0.91684186 
3 320 22 28 0.9039537 
607 360 37 67 0.89881074 
257 269 26 30 0.8255528 
483 301 26 39 0.7974551 
507 255 28 32 0.7510549 
20 390 40 55 0.6137862 
113 263 25 28 0.39025107 
526 313 30 37 0.29818213 
334 294 16 20 0.2914063 
382 279 22 32 0.2883403 
236 395 33 45 0.27797526 
695 374 58 102 0.2637484 
896 386 50 53 0.26068074 
221 578 30 32 0.24207959 
81 496 42 53 0.23594517 
213 699 77 71 0.20879978 
573 310 29 34 0.20607983 
141 262 16 23 0.20044802 
402 249 31 37 0.1950057 
63 228 29 35 0.19247225 
547 262 14 19 0.18823898 
659 253 51 60 0.18525179 
128 262 23 27 0.17043239 
225 311 28 36 0.15736428 
281 294 32 41 0.15386258 
245 263 26 34 0.15211372 
1 275 11 18 0.15193716 
57 295 29 34 0.13781355 
362 415 50 58 0.13212824 
468 306 32 37 0.12297501 
531 253 15 21 0.11628397 
653 290 17 22 0.115206935 
522 256 17 21 0.103813246 
596 255 18 21 0.10217563 
540 255 19 24 0.10196514 
321 367 37 43 0.09775677 
565 276 22 27 0.09365696 
376 401 50 57 0.08839583 
743 353 24 41 0.08560904 
130 301 31 36 0.084815815 
91 303 28 34 0.08275582 
642 262 47 57 0.08138227 
65 309 31 42 0.07005222 
503 266 28 35 0.0671752 
45 391 41 54 0.06550126 
665 267 30 35 0.06543839 
271 272 17 23 0.0642503 
389 268 24 33 0.06407487 
178 243 17 20 0.06215871 
183 322 57 61 0.060771767 
80 310 30 41 0.05971243 
604 644 89 90 0.05812747 
247 390 41 54 0.058111455 
651 280 27 36 0.05795038 
412 92 29 29 0.05649982 
759 296 51 60 0.054742016 
216 273 19 24 0.054341312 
45 298 44 52 0.052780464 
468 449 43 57 0.052711118 
519 307 25 37 0.052650448 
494 298 26 38 0.05246491 
636 278 30 34 0.05232051 
583 272 45 53 0.05193074 
51 489 54 62 0.05191317 
611 261 15 21 0.051811785 
7 472 45 71 0.050443616 
118 306 31 34 0.04787398 
50 328 29 35 0.047180925 
671 383 47 78 0.046521295 
582 267 11 16 0.045944363 
272 278 27 33 0.04498943 
0 395 49 70 0.044203855 
500 304 34 45 0.04274619 
60 282 29 34 0.042513896 
269 301 26 37 0.042424444 
432 264 16 21 0.042012855 
628 228 86 97 0.04098228 
877 441 53 65 0.040618736 
447 311 40 48 0.039808415 
235 263 24 35 0.039659284 
172 339 54 61 0.039401665 
575 290 43 51 0.038239624 
637 44 12 14 0.03798366 
159 269 31 31 0.03725636 
502 282 25 39 0.03691614 
603 263 17 20 0.036253985 
589 266 14 17 0.03608602 
19 478 26 45 0.035901766 
151 723 62 50 0.0346749 
763 302 17 22 0.03398878 
3 257 16 21 0.03330859 
531 398 43 48 0.03319895 
863 401 46 55 0.032986403 
197 272 19 26 0.031382978 
292 445 58 62 0.031175388 
641 290 32 37 0.030955618 
449 473 52 64 0.03085387 
534 321 33 36 0.030786496 
406 394 31 43 0.030444281 
709 328 49 64 0.030128231 
249 252 27 32 0.029787187 
203 357 51 63 0.029356277 
130 245 16 17 0.029017005 
881 404 58 64 0.028908763 
732 296 16 18 0.028762199 
147 294 29 37 0.028756432 
258 418 31 42 0.028607788 
394 281 13 20 0.028580971 
657 262 10 13 0.02804176 
102 257 26 33 0.027981965 
53 295 18 22 0.027949464 
314 345 35 46 0.02781631 
84 348 32 44 0.027655695 
119 251 27 31 0.026659146 
172 260 28 35 0.026485132 
595 263 28 32 0.02629115 
154 283 25 33 0.02615096 
435 332 42 51 0.026031148 
533 234 12 15 0.026026577 
591 257 14 20 0.02553281 
280 274 16 20 0.025508495 
189 323 35 37 0.025365429 
573 270 14 16 0.025148656 
985 690 39 84 0.02511523 
554 286 26 34 0.025109334 
579 273 14 19 0.025077084 
170 249 25 31 0.025006609 
660 265 15 20 0.024657886 
553 528 40 34 0.024580816 
265 258 19 24 0.024256567 
281 459 33 44 0.024041496 
486 350 39 51 0.024035314 
270 306 16 23 0.023815243 
0 272 18 28 0.023682069 
43 211 42 45 0.023570068 
609 343 30 41 0.023536349 
730 362 51 67 0.023519905 
542 298 29 37 0.023295913 
32 329 24 30 0.02328905 
506 486 33 33 0.023187257 
234 297 41 50 0.023009196 
667 265 17 24 0.02286479 
659 274 15 21 0.022821814 
533 491 59 52 0.022635285 
227 306 19 25 0.022626942 
1 254 11 16 0.022606479 
404 358 19 20 0.02244532 
11 326 23 31 0.022381682 
234 414 34 44 0.022357725 
388 331 28 34 0.022349253 
793 72 29 30 0.022319837 
236 450 39 42 0.022297103 
223 318 18 23 0.0220578 
182 256 25 29 0.021934476 
398 262 17 23 0.021792416 
32 191 30 40 0.021762999 
169 239 20 28 0.02167238 
729 292 25 33 0.021594377 
763 297 29 36 0.021525217 
743 317 51 65 0.021355709 
160 301 55 59 0.021281859 
585 254 9 13 0.021221735 
252 438 28 39 0.021189159 
-1 334 12 24 0.02105228 
654 277 12 16 0.02101902 
185 248 17 19 0.020857165 
1 262 23 29 0.020811222 
210 284 40 49 0.020662136 
43 437 11 16 0.020602388 
196 329 18 20 0.020418784 
565 46 12 14 0.020326398 
340 404 55 60 0.020310387 
552 306 40 44 0.020273514 
266 407 35 46 0.020253679 
26 401 55 74 0.020146072 
186 264 26 33 0.020139512 
518 410 47 50 0.020120168 
