2_Demonstration_Demonstrators_2_244
226
721 154 60 83 0.99796677 
425 115 48 58 0.9916249 
203 170 16 18 0.9903661 
252 175 27 31 0.9720838 
843 138 24 31 0.8317809 
613 132 17 21 0.66931 
359 169 13 17 0.48561794 
450 153 51 54 0.42824313 
712 181 29 46 0.40931106 
337 173 9 12 0.3814498 
938 122 19 22 0.31129283 
204 141 12 15 0.24878585 
536 138 22 27 0.22089592 
112 244 12 17 0.16715454 
590 29 11 14 0.16485621 
201 195 16 19 0.16429257 
183 112 7 10 0.16335474 
167 182 11 15 0.12422566 
264 178 16 20 0.12135278 
123 210 27 32 0.11618272 
391 141 30 35 0.11537241 
300 186 17 20 0.115203485 
333 178 13 20 0.11242754 
654 153 13 16 0.09499167 
60 150 10 13 0.091845654 
280 163 12 16 0.09174309 
327 183 14 21 0.08835264 
29 191 7 9 0.08716839 
101 170 14 17 0.084212005 
615 137 22 27 0.083869606 
117 200 43 51 0.08341224 
545 135 22 29 0.08292961 
143 144 8 11 0.08128813 
783 173 63 77 0.078790136 
948 144 17 20 0.078069724 
660 170 12 15 0.074440345 
944 194 35 41 0.073414356 
945 131 23 29 0.07337346 
302 164 12 15 0.07233413 
1013 121 11 16 0.07225998 
183 186 11 13 0.07129976 
81 213 10 13 0.0697485 
127 218 15 18 0.06944909 
166 205 13 14 0.06921111 
143 121 8 10 0.06643833 
135 125 10 11 0.065735556 
907 157 22 30 0.065610096 
682 138 17 22 0.065599486 
661 153 13 17 0.063365676 
353 170 11 16 0.061372615 
184 172 11 13 0.06110334 
529 144 22 31 0.060480762 
339 167 11 15 0.059373684 
171 187 12 14 0.05836054 
969 90 13 20 0.05817733 
619 151 17 21 0.05635475 
309 174 21 28 0.055888247 
391 189 12 16 0.055486158 
612 196 17 18 0.053862546 
197 197 24 29 0.053652346 
329 181 21 29 0.052954197 
224 162 14 16 0.052597657 
110 239 22 26 0.0522618 
302 171 13 16 0.052130442 
308 172 13 16 0.049573347 
753 164 63 82 0.0486957 
156 172 12 15 0.04800611 
223 188 15 18 0.04726845 
48 184 8 11 0.047101054 
73 151 10 13 0.046445318 
188 172 11 15 0.04564893 
918 169 25 31 0.045158993 
93 171 24 28 0.045125186 
78 172 9 12 0.04395204 
694 106 12 14 0.043705206 
106 162 16 20 0.043472525 
362 189 13 15 0.042754136 
442 120 55 65 0.04183761 
138 215 14 19 0.040970605 
598 170 21 27 0.04083404 
312 142 10 12 0.039981987 
137 141 9 12 0.039839614 
29 198 8 10 0.039836 
668 148 13 18 0.039349318 
24 214 8 9 0.039024822 
904 29 11 14 0.038525548 
680 133 13 16 0.038253076 
382 172 12 15 0.038126428 
30 206 8 11 0.037648212 
73 171 10 13 0.037116427 
303 157 12 14 0.03711251 
374 170 10 14 0.037064217 
136 164 9 14 0.03642793 
116 224 29 33 0.0362886 
640 157 12 15 0.0362644 
663 55 8 10 0.03600427 
157 180 13 17 0.035548206 
636 166 23 27 0.035540167 
284 131 11 14 0.034507394 
166 117 9 9 0.034284823 
200 127 9 11 0.033928223 
74 155 13 16 0.03379164 
955 116 12 15 0.033617195 
151 218 11 16 0.033342738 
948 117 16 19 0.033273987 
167 143 8 9 0.033091713 
228 245 12 16 0.033037376 
690 140 18 22 0.032842692 
152 164 11 14 0.032712627 
677 144 16 21 0.032231342 
676 108 11 16 0.03212073 
528 146 12 17 0.032009754 
171 196 12 15 0.03196352 
159 205 11 14 0.031954993 
532 155 28 32 0.031653367 
299 170 22 28 0.03164066 
763 387 105 148 0.03154024 
87 173 10 14 0.031401485 
6 175 8 10 0.03083664 
204 186 14 18 0.030827625 
210 140 11 15 0.030786673 
94 177 13 17 0.030212617 
79 187 10 14 0.030116767 
168 103 8 9 0.030011898 
84 167 39 46 0.029775023 
157 159 10 12 0.029714117 
363 176 13 17 0.029522296 
304 151 10 12 0.029315244 
166 87 8 10 0.029215002 
903 167 27 34 0.02918533 
823 131 43 60 0.029132592 
285 211 15 17 0.02875534 
631 171 15 19 0.028568976 
328 173 10 15 0.028502434 
151 171 12 15 0.028488657 
954 121 14 21 0.028296275 
940 146 16 18 0.028118545 
317 184 14 21 0.028010832 
651 160 20 26 0.027878635 
316 174 11 14 0.027652405 
178 113 7 9 0.02765036 
993 153 11 16 0.027563777 
200 135 11 12 0.02733253 
638 163 13 17 0.027308455 
658 45 9 11 0.027173845 
703 117 10 13 0.02693374 
869 163 11 13 0.02687756 
159 135 8 10 0.026709791 
166 175 10 14 0.026632397 
941 32 15 20 0.026575804 
118 218 16 18 0.026546072 
161 112 7 10 0.026510926 
875 142 15 21 0.026498064 
227 170 15 19 0.026396027 
246 142 11 13 0.026265534 
351 109 11 12 0.02612913 
72 163 12 15 0.025979538 
533 135 14 18 0.025919937 
403 112 47 58 0.025876759 
6 70 10 13 0.025673123 
662 40 8 10 0.025646508 
406 167 29 34 0.025522813 
642 152 22 27 0.025315857 
100 177 26 31 0.02523595 
694 170 13 14 0.025199039 
80 179 23 30 0.025021804 
1008 118 12 16 0.024897918 
951 142 25 31 0.024767512 
31 211 8 10 0.024679776 
207 175 16 19 0.024437662 
142 102 9 11 0.02388606 
594 165 16 19 0.023766916 
926 176 42 54 0.023623731 
164 236 11 15 0.023517674 
7 207 9 12 0.023425989 
26 206 8 11 0.02342269 
-8 82 95 123 0.023128865 
167 111 8 11 0.02298267 
145 221 29 35 0.022959327 
162 117 7 10 0.02289097 
161 142 9 10 0.02288343 
169 208 15 19 0.022859668 
913 158 41 50 0.022786893 
49 231 9 11 0.022685878 
247 187 26 32 0.02259871 
939 136 17 21 0.022549078 
192 191 22 26 0.022548854 
151 135 8 10 0.02244641 
115 163 14 17 0.022397244 
293 191 17 19 0.022391722 
9 198 8 11 0.022328239 
222 179 14 18 0.02226215 
59 269 14 17 0.02224962 
963 154 15 20 0.022214327 
209 199 17 22 0.022168966 
81 219 10 13 0.022045538 
103 244 13 17 0.022010546 
531 159 16 21 0.021984112 
95 132 11 13 0.02188579 
934 144 15 21 0.02187133 
102 236 11 15 0.021623775 
996 145 24 30 0.02156607 
527 154 13 18 0.021439482 
150 118 8 10 0.021361783 
112 246 30 30 0.021262372 
175 243 13 14 0.021211762 
961 120 20 30 0.021016773 
213 146 11 13 0.020870764 
153 112 7 9 0.020769378 
350 187 11 15 0.020733433 
13 198 8 11 0.020717937 
246 202 14 19 0.020710135 
30 227 11 13 0.020645214 
931 165 25 33 0.020609634 
135 133 9 12 0.020563053 
175 136 9 11 0.02048422 
142 134 9 11 0.020471815 
388 183 21 26 0.020413663 
801 25 90 125 0.020399433 
159 200 22 25 0.020385424 
282 110 8 11 0.02035536 
237 158 11 14 0.020333832 
584 24 20 25 0.020302622 
162 183 19 23 0.020261105 
142 211 26 31 0.020162653 
150 143 8 10 0.020155204 
