2_Demonstration_Demonstrators_2_547
57
683 136 54 81 0.99913883 
215 137 58 70 0.9985662 
483 163 40 46 0.99823916 
821 136 45 56 0.99689376 
877 177 40 45 0.99446255 
640 161 40 55 0.97237355 
0 213 26 39 0.9699903 
931 202 27 37 0.9387854 
458 201 25 34 0.91202253 
987 208 29 53 0.886016 
419 192 26 34 0.80506086 
928 291 43 61 0.6498813 
950 214 38 50 0.57318264 
937 203 36 50 0.26987842 
309 110 15 20 0.22084263 
165 160 42 52 0.20619895 
404 224 15 22 0.15830918 
469 207 28 38 0.15481183 
969 212 36 49 0.13734907 
988 366 27 35 0.13501926 
425 188 18 23 0.12685779 
201 183 22 34 0.11982648 
976 369 26 36 0.112460434 
459 195 16 21 0.10250758 
-2 509 39 60 0.0999395 
765 205 26 29 0.08626774 
913 184 22 30 0.0760081 
405 213 22 30 0.05938048 
480 214 30 36 0.05627589 
413 202 27 35 0.042823754 
1003 409 16 20 0.0423645 
762 406 22 29 0.035368457 
170 218 29 35 0.03382192 
662 469 27 32 0.03357321 
1000 373 17 22 0.03355881 
445 201 24 34 0.031245515 
866 331 33 40 0.027872486 
589 56 24 35 0.02753181 
165 171 13 18 0.027239762 
178 183 41 52 0.026714046 
398 217 15 25 0.026480308 
262 224 52 59 0.025730954 
458 239 26 32 0.025474833 
963 361 24 33 0.025355918 
186 170 33 43 0.025064329 
458 222 29 38 0.023902409 
379 190 12 14 0.02373397 
994 390 17 21 0.021686241 
1 340 38 66 0.02160181 
875 320 27 36 0.020974657 
435 203 16 26 0.020972708 
413 198 18 22 0.02084053 
946 354 28 33 0.020728812 
658 162 38 49 0.020454587 
1002 205 22 44 0.020405233 
162 188 33 42 0.020212898 
852 319 27 32 0.020028554 
