2_Demonstration_Demonstration_Or_Protest_2_586
378
471 144 25 35 0.9991652 
690 145 30 38 0.99786395 
838 201 27 35 0.997764 
638 168 23 31 0.9898727 
384 186 27 36 0.98680186 
141 145 21 30 0.9505169 
761 116 22 27 0.9438272 
133 120 11 14 0.8688485 
524 119 15 19 0.831554 
173 126 16 20 0.80573493 
29 104 12 16 0.78362364 
997 147 17 24 0.6964811 
399 166 12 15 0.6552135 
12 87 11 13 0.583316 
409 103 16 20 0.56695944 
95 87 9 10 0.56178814 
71 139 13 17 0.55818236 
387 134 14 20 0.5474831 
431 98 11 15 0.5333499 
108 130 12 15 0.53007054 
793 223 23 34 0.4597906 
787 113 13 17 0.4554715 
598 116 12 17 0.43329665 
129 101 9 13 0.4226072 
438 124 15 18 0.38156843 
70 92 9 11 0.3730145 
515 37 14 16 0.36340612 
959 107 14 18 0.341919 
209 110 17 20 0.33273777 
1 96 8 12 0.3319313 
132 100 10 12 0.3049824 
287 159 15 23 0.3031389 
222 167 10 12 0.2832803 
69 64 9 11 0.26928526 
582 161 12 18 0.21369863 
11 3 11 14 0.1765774 
30 131 13 15 0.16986997 
64 94 9 11 0.16451652 
150 102 9 12 0.1598705 
573 172 14 17 0.15920305 
169 102 9 11 0.15875797 
54 83 9 11 0.15838303 
0 72 9 12 0.15829381 
942 107 13 17 0.15785462 
102 108 9 12 0.1575415 
48 115 11 13 0.15284827 
249 118 12 15 0.15138699 
117 148 15 19 0.14237812 
541 102 10 13 0.13682844 
86 54 10 12 0.13552228 
282 121 12 15 0.13518423 
16 68 9 11 0.13284245 
419 107 14 17 0.13203743 
573 133 9 12 0.13056652 
539 95 9 11 0.12938836 
383 103 8 10 0.12790577 
52 112 9 11 0.12729175 
84 103 10 12 0.12722518 
744 370 17 19 0.12550598 
65 66 10 13 0.12254495 
804 218 19 32 0.120893754 
759 105 41 46 0.12050268 
345 94 10 13 0.11224208 
777 111 20 24 0.11059828 
579 167 14 19 0.109313406 
777 232 30 33 0.10788256 
55 95 11 13 0.1070388 
149 95 9 11 0.10601533 
144 94 9 11 0.105146945 
85 108 11 14 0.10488978 
574 120 10 13 0.10390568 
567 170 14 18 0.1019911 
136 68 10 13 0.10073198 
65 109 9 11 0.10049741 
126 106 11 13 0.099259555 
400 97 8 12 0.09659039 
76 134 10 15 0.09361864 
444 118 21 26 0.09303235 
137 53 9 11 0.09047058 
36 127 9 12 0.087081775 
96 109 10 14 0.08484267 
324 143 14 17 0.08235391 
326 152 14 18 0.08212435 
533 106 12 16 0.08142011 
47 64 10 12 0.08035282 
988 153 24 28 0.07996878 
1 109 11 16 0.07914432 
293 109 14 18 0.07887083 
313 122 51 57 0.0786871 
359 88 8 11 0.07831037 
189 125 10 14 0.07703536 
949 106 15 18 0.07614732 
223 142 13 16 0.07493096 
129 96 9 12 0.07419851 
493 36 11 14 0.07218262 
136 44 10 13 0.07007045 
434 178 15 19 0.06916567 
873 155 8 12 0.06884889 
964 102 12 17 0.06785641 
8 93 9 12 0.06772625 
256 153 20 27 0.06639285 
695 93 10 12 0.06316654 
526 109 15 19 0.06283821 
87 93 9 11 0.062745735 
946 121 16 20 0.06242805 
165 173 13 16 0.061530147 
623 136 9 12 0.061298754 
113 78 10 13 0.060308695 
267 189 13 16 0.059321087 
179 200 14 18 0.05895334 
94 81 10 11 0.05848038 
708 148 24 36 0.057326328 
40 69 9 10 0.057288617 
21 64 9 11 0.05630852 
188 77 10 12 0.055838916 
139 62 9 12 0.055474423 
23 124 10 13 0.055092353 
431 73 12 16 0.05476953 
963 118 15 20 0.054333396 
184 102 11 13 0.0539335 
49 85 8 11 0.053689346 
140 38 10 13 0.05360462 
173 140 15 20 0.05259723 
435 93 13 16 0.05233984 
618 315 14 20 0.052322216 
127 63 8 10 0.051522687 
917 116 12 16 0.05130995 
990 115 12 15 0.05130504 
7 78 9 11 0.051000126 
64 88 10 12 0.049922485 
100 87 9 11 0.049118333 
21 69 9 11 0.048852548 
338 319 86 108 0.048182674 
175 53 8 11 0.04810306 
119 86 9 11 0.047741964 
570 125 10 13 0.047048323 
787 120 14 19 0.046449605 
86 48 10 12 0.046403002 
78 88 8 10 0.046229187 
452 90 14 18 0.046175126 
522 36 12 15 0.04615891 
90 86 9 11 0.04558834 
514 126 9 13 0.04518964 
239 92 11 13 0.044975888 
22 116 11 15 0.04476054 
318 141 23 27 0.04473844 
112 84 10 11 0.044709984 
110 109 9 11 0.04470312 
3 125 11 13 0.04422803 
736 379 25 30 0.04422009 
199 118 11 14 0.044049513 
88 115 10 12 0.044039384 
211 102 16 19 0.044031236 
40 88 8 10 0.0431839 
245 61 11 13 0.042982027 
103 54 8 11 0.04286553 
944 129 12 16 0.04227871 
71 75 10 12 0.04226983 
470 67 10 16 0.04214744 
297 134 10 13 0.041836247 
412 93 12 15 0.041360043 
137 124 12 14 0.04126446 
993 99 9 13 0.041130144 
101 91 9 11 0.040985573 
62 101 10 12 0.040935535 
184 72 9 12 0.0409004 
38 93 9 10 0.040776327 
586 158 12 16 0.04045745 
407 95 11 14 0.040417314 
177 78 8 11 0.040389236 
1009 147 14 20 0.04032697 
12 79 11 12 0.040002964 
502 36 11 14 0.039789036 
3 99 11 14 0.039486025 
103 72 8 11 0.039208908 
872 74 11 16 0.039037663 
125 38 8 10 0.03830518 
516 140 24 33 0.038239453 
560 173 13 16 0.038082015 
471 58 11 18 0.037996188 
79 71 8 10 0.037807547 
168 96 9 12 0.037793525 
135 76 10 12 0.037179496 
584 107 11 13 0.037118427 
423 101 11 17 0.03688565 
401 96 20 25 0.036564898 
347 99 11 14 0.03630012 
255 144 12 16 0.03582346 
136 87 9 11 0.03579813 
151 124 13 15 0.035656147 
247 47 9 11 0.035617292 
400 106 13 15 0.035545625 
394 165 12 15 0.035365 
459 91 12 16 0.03529935 
55 63 7 10 0.035145786 
214 189 9 11 0.0350314 
721 128 10 13 0.034964126 
548 102 10 13 0.03482077 
189 86 11 12 0.034682594 
120 108 10 12 0.034542874 
998 99 9 12 0.03436584 
872 91 12 17 0.034363672 
433 67 16 20 0.034233827 
270 54 13 15 0.03393506 
5 72 9 11 0.03369961 
527 103 11 14 0.03368899 
441 87 22 26 0.033660777 
121 93 9 11 0.033576295 
186 197 12 15 0.03342466 
287 101 11 14 0.033239447 
157 119 10 14 0.033175822 
159 218 11 15 0.033046953 
427 95 19 23 0.032984927 
789 129 13 17 0.03293166 
189 92 10 13 0.03288543 
15 101 10 13 0.03279892 
464 48 10 13 0.03255942 
535 97 19 24 0.03229807 
487 44 11 15 0.03219035 
93 156 14 18 0.03200567 
598 133 9 13 0.031977613 
189 72 10 11 0.03186821 
291 87 11 12 0.03159831 
205 145 12 15 0.0312742 
648 170 23 32 0.030986218 
680 374 11 14 0.030933691 
269 236 11 14 0.030760497 
159 64 8 9 0.03050488 
445 155 15 19 0.030375835 
442 177 14 19 0.030206736 
86 70 9 11 0.029952317 
828 210 28 33 0.029943166 
334 137 24 31 0.029097425 
478 52 12 17 0.029092109 
394 74 11 15 0.029051403 
49 93 9 12 0.02902884 
31 94 9 12 0.028855963 
998 115 10 14 0.028851166 
244 67 12 14 0.02872981 
63 183 12 14 0.028483694 
342 133 14 17 0.028373608 
126 54 8 11 0.02813161 
130 69 8 11 0.02809163 
334 238 27 29 0.028068302 
207 189 11 12 0.02804769 
177 84 9 11 0.028037863 
655 157 21 29 0.027868312 
593 134 8 11 0.027846826 
956 119 15 19 0.02783701 
782 124 23 29 0.027782373 
579 257 12 16 0.02773154 
265 55 11 13 0.027717697 
346 205 14 16 0.027708976 
579 119 11 13 0.02760936 
544 182 12 15 0.02751486 
78 93 8 10 0.02745249 
319 174 11 15 0.027395464 
238 74 24 29 0.027339622 
918 108 13 18 0.027180301 
80 78 9 11 0.02691289 
248 165 10 14 0.026733985 
82 52 10 13 0.026647905 
694 349 13 18 0.02658069 
180 121 19 25 0.026471196 
236 54 25 29 0.026193393 
565 77 11 14 0.026013175 
597 138 10 14 0.02595368 
364 141 12 17 0.025761228 
83 132 12 15 0.025759386 
694 109 11 15 0.025720416 
73 39 9 12 0.025652446 
515 49 14 16 0.025631988 
366 93 9 10 0.02558776 
560 127 9 12 0.02551632 
627 361 17 19 0.025512615 
144 100 10 12 0.025413403 
434 101 20 26 0.025389759 
432 76 23 28 0.025325919 
62 145 14 17 0.025317485 
31 88 8 11 0.025316907 
252 58 12 14 0.025274962 
265 231 11 13 0.025227774 
813 172 25 30 0.02514282 
385 180 19 22 0.025063023 
191 166 11 13 0.024985136 
109 104 9 11 0.024933549 
814 178 14 18 0.024558233 
150 39 8 10 0.024501266 
469 48 9 13 0.024429806 
517 127 13 19 0.02437477 
96 127 10 13 0.024355488 
258 147 15 20 0.024228413 
412 86 12 15 0.024189075 
1002 154 16 25 0.024149029 
737 346 23 27 0.024042591 
705 152 17 24 0.023978325 
233 56 40 48 0.023931978 
149 132 14 17 0.023716766 
359 138 11 16 0.023709325 
183 85 10 11 0.023622572 
119 32 10 11 0.023543958 
445 109 15 20 0.023523202 
9 85 18 23 0.023484606 
21 38 10 13 0.02340844 
70 56 8 10 0.023281801 
151 45 9 12 0.023278961 
352 88 9 12 0.023263402 
84 126 11 13 0.023166453 
199 64 8 10 0.02302675 
64 58 19 24 0.023011474 
327 136 11 13 0.023006247 
79 63 8 11 0.022894137 
80 47 8 10 0.02285511 
205 101 16 18 0.02282766 
301 106 83 94 0.02280789 
374 139 15 19 0.022798948 
626 141 12 12 0.022649352 
265 154 17 22 0.022638345 
767 229 24 34 0.022555778 
429 170 17 21 0.022528997 
172 108 11 13 0.022508377 
931 99 23 29 0.022502739 
205 96 12 14 0.02247715 
918 104 22 29 0.022473155 
396 174 15 20 0.022367874 
249 147 9 13 0.022360997 
88 268 12 15 0.022271426 
199 110 21 27 0.022172773 
478 231 12 15 0.022111785 
423 84 10 14 0.02208316 
143 88 8 12 0.022058742 
114 131 13 16 0.022057697 
143 108 10 13 0.02202982 
331 140 13 17 0.022016916 
588 108 12 15 0.021902755 
125 16 13 14 0.021895908 
483 51 13 16 0.021813912 
988 121 13 17 0.021745034 
573 250 16 22 0.021733603 
111 72 9 11 0.021714306 
289 93 10 12 0.021637682 
430 81 12 17 0.021633351 
77 39 9 11 0.021625994 
560 108 12 14 0.021614807 
382 95 9 12 0.021588977 
126 45 10 12 0.02154942 
982 115 13 15 0.021408321 
772 121 24 28 0.021362875 
382 363 10 12 0.021283776 
818 213 26 32 0.021256404 
246 51 11 13 0.021228697 
600 354 46 55 0.021123154 
617 358 28 33 0.021104613 
111 152 16 20 0.021040484 
276 155 17 22 0.021013299 
215 145 13 16 0.020978035 
46 122 11 14 0.020806253 
381 165 12 15 0.020787178 
240 166 9 12 0.02078225 
122 103 8 12 0.020749027 
62 129 20 25 0.020632988 
31 76 8 11 0.020613609 
406 110 14 17 0.020606827 
158 69 10 13 0.02055775 
892 178 16 22 0.020528097 
334 133 11 13 0.02051226 
432 161 22 27 0.02050993 
229 172 9 12 0.020507302 
16 124 10 12 0.020432198 
437 83 14 17 0.020432154 
22 87 9 12 0.020349884 
390 402 17 19 0.0203471 
266 163 26 27 0.020306615 
238 98 11 14 0.020234982 
131 108 13 16 0.020208396 
192 118 11 15 0.020133927 
364 115 12 15 0.02008969 
134 152 17 23 0.020023333 
