2_Demonstration_Political_Rally_2_985
82
552 474 60 74 0.9995479 
786 542 157 202 0.9943189 
115 445 31 40 0.9940661 
15 443 28 43 0.9867094 
361 403 23 30 0.9515323 
394 396 15 24 0.9306533 
92 423 21 27 0.81371963 
983 373 33 43 0.79654396 
75 541 16 19 0.52947015 
312 417 50 84 0.5236323 
200 421 47 69 0.49269873 
789 295 14 18 0.38702878 
69 427 13 17 0.27876702 
474 472 42 46 0.25758615 
7 413 12 14 0.2459553 
189 439 17 21 0.2122693 
114 555 15 20 0.18901584 
349 360 15 21 0.18117425 
413 418 12 16 0.17115808 
331 429 51 83 0.16105515 
384 400 16 21 0.100339025 
198 431 31 44 0.09971433 
11 401 14 18 0.083105676 
344 391 41 57 0.081259504 
90 463 19 23 0.079420045 
186 386 15 18 0.07437795 
152 421 11 16 0.07195043 
129 426 11 14 0.06939711 
375 400 22 30 0.06861687 
747 347 15 18 0.05804091 
110 421 11 16 0.057892323 
172 426 47 61 0.051101975 
365 464 23 33 0.05062437 
407 441 14 17 0.049982093 
29 406 13 16 0.04373141 
74 420 14 19 0.04072929 
858 489 164 255 0.038990952 
35 571 26 33 0.037703693 
131 420 12 15 0.03762051 
101 419 21 28 0.03662398 
21 403 12 16 0.0365904 
501 269 41 50 0.035835057 
407 370 14 19 0.034098912 
35 412 12 14 0.034081016 
133 407 12 15 0.034061488 
346 398 14 19 0.033708606 
636 283 39 45 0.03355635 
4 414 21 26 0.033027366 
332 426 32 52 0.032670263 
8 395 14 18 0.032520767 
75 415 42 48 0.03117524 
47 566 23 32 0.030544251 
183 381 14 17 0.029987013 
344 396 26 33 0.029831566 
341 354 17 22 0.027559489 
624 287 33 37 0.026250973 
100 413 13 16 0.025597805 
279 441 59 83 0.02470702 
1 412 12 16 0.024047136 
330 405 26 41 0.02400618 
182 390 13 18 0.023914104 
754 352 14 16 0.023596378 
210 -5 56 61 0.02356969 
280 349 9 11 0.02349374 
93 545 22 26 0.023158878 
63 423 14 18 0.02261758 
341 364 17 23 0.022597842 
85 387 16 19 0.022197451 
32 368 99 112 0.021964947 
260 478 63 69 0.021749614 
177 388 10 15 0.021737345 
139 412 12 15 0.021717828 
741 350 16 19 0.021518094 
205 375 10 11 0.021486735 
175 384 46 59 0.021174867 
240 324 13 17 0.020950435 
313 390 90 121 0.020939196 
624 288 11 14 0.020893779 
195 386 15 17 0.020719381 
170 434 31 39 0.020650884 
186 437 27 34 0.020430347 
389 372 10 14 0.020185824 
