2_Demonstration_Political_Rally_2_224
33
606 117 81 108 0.9986871 
782 251 61 91 0.9977411 
105 180 70 97 0.9973701 
899 261 59 86 0.99547786 
345 98 72 100 0.9934097 
458 297 55 65 0.08724976 
807 237 56 77 0.06946168 
772 548 41 63 0.067038305 
214 164 14 17 0.054174524 
434 167 17 19 0.039784223 
319 578 27 32 0.0385152 
479 285 51 63 0.03383627 
907 231 46 57 0.03317347 
958 226 12 14 0.030792909 
417 159 45 61 0.029905334 
243 131 14 16 0.029398514 
699 191 28 35 0.0269632 
176 163 47 65 0.026510654 
158 439 9 11 0.02566766 
945 180 11 15 0.025606567 
950 180 13 16 0.025293676 
933 251 50 74 0.02510827 
25 657 32 35 0.024291746 
278 125 10 14 0.023541594 
208 134 11 15 0.023040367 
961 235 45 69 0.021495204 
890 240 49 72 0.021273408 
977 241 30 40 0.0212639 
286 132 44 62 0.021232711 
188 136 52 67 0.02077558 
951 286 30 46 0.0207344 
171 454 15 16 0.020584758 
273 145 26 37 0.020308897 
