2_Demonstration_Demonstration_Or_Protest_2_200
287
276 217 38 47 0.9975418 
808 489 59 61 0.9961236 
85 129 31 42 0.9946907 
71 265 40 50 0.99359 
285 169 24 31 0.9858542 
388 224 22 31 0.9833544 
851 323 40 49 0.9808475 
176 220 34 44 0.97984076 
792 383 42 53 0.9773671 
226 190 26 34 0.96874845 
13 364 39 52 0.9641783 
883 164 27 34 0.9334119 
356 156 21 28 0.91967666 
22 71 14 18 0.8689233 
942 303 39 46 0.8649566 
275 67 12 15 0.8625419 
399 47 14 19 0.83239734 
365 113 14 16 0.81943375 
895 299 33 40 0.7444908 
310 97 14 17 0.72925884 
315 371 42 50 0.7184151 
461 10 14 17 0.69769305 
395 167 22 28 0.65928376 
905 117 18 23 0.61687654 
357 27 10 13 0.60475564 
949 180 34 37 0.5542458 
351 123 13 17 0.5490903 
526 165 31 40 0.5371713 
407 140 15 18 0.5339471 
118 258 23 32 0.5182668 
842 135 21 23 0.49275208 
903 0 16 17 0.48517224 
666 381 46 67 0.39694753 
91 29 12 17 0.39433792 
999 79 22 35 0.3919258 
681 36 17 21 0.36961776 
0 315 23 40 0.30486572 
306 362 36 43 0.2976418 
36 138 13 17 0.25784537 
288 82 14 18 0.21508563 
674 373 29 48 0.20266353 
672 58 35 38 0.20145203 
884 191 16 18 0.17924175 
16 128 17 21 0.1748648 
931 77 15 18 0.17288044 
508 164 35 38 0.16544573 
548 352 21 30 0.15350062 
909 152 14 20 0.15270558 
902 289 30 34 0.1415846 
356 115 17 22 0.14005455 
883 303 32 42 0.14002536 
362 146 16 23 0.13767396 
945 10 10 13 0.1373781 
501 5 11 15 0.12837337 
345 178 25 32 0.12582973 
44 114 21 32 0.1213708 
316 322 17 21 0.12009916 
529 86 10 14 0.11722498 
353 1 10 11 0.11410433 
407 486 54 51 0.10979965 
977 28 10 13 0.10882919 
2 90 14 20 0.10880704 
956 325 33 42 0.10189284 
844 192 24 30 0.09819765 
303 360 25 29 0.09656718 
349 168 24 30 0.0871437 
394 147 21 30 0.08607385 
54 256 25 34 0.08496286 
545 176 15 22 0.08298828 
341 311 18 23 0.07825166 
363 184 23 32 0.07801697 
1 86 10 16 0.076462284 
316 171 15 19 0.076117024 
300 171 24 30 0.07453341 
760 72 8 10 0.07383992 
525 115 12 16 0.07359673 
758 84 10 14 0.071821384 
312 172 23 30 0.07149311 
488 39 11 13 0.07129404 
405 390 11 13 0.070707284 
799 12 15 18 0.070696704 
864 309 40 51 0.07049291 
77 91 14 19 0.07021747 
14 23 8 10 0.06936271 
813 0 9 10 0.06691079 
460 342 13 17 0.0668238 
35 145 14 20 0.065911435 
70 36 9 12 0.0648201 
681 374 18 25 0.06221225 
29 39 8 11 0.061486583 
210 188 14 19 0.06071788 
477 28 11 13 0.06001196 
692 3 16 19 0.05679474 
938 76 14 16 0.05607704 
357 173 24 31 0.056037314 
768 332 40 46 0.05597844 
92 1 15 12 0.055866964 
341 199 31 39 0.05560314 
63 53 11 15 0.0541737 
724 480 44 62 0.05310411 
197 185 14 18 0.052521124 
31 45 9 11 0.051691446 
24 127 21 29 0.050406195 
919 391 40 53 0.04939956 
379 150 25 36 0.048656814 
875 27 12 15 0.04796801 
99 1 15 15 0.04785747 
1 208 12 23 0.04649615 
898 144 24 30 0.04617823 
65 260 32 39 0.045495797 
855 35 13 16 0.045139816 
849 65 16 20 0.045107782 
912 115 22 29 0.044700515 
339 186 26 37 0.04450859 
713 20 10 12 0.044445347 
766 0 12 12 0.04407513 
11 248 26 40 0.04389493 
154 204 12 16 0.04358404 
84 391 14 19 0.042149693 
803 321 40 48 0.041983232 
758 76 10 14 0.041366395 
367 131 12 17 0.041073658 
517 98 26 38 0.040771354 
989 251 12 14 0.0405095 
85 20 15 19 0.039796773 
366 158 24 34 0.039660838 
157 246 11 15 0.03956459 
11 93 13 18 0.038696762 
366 145 20 33 0.038410693 
32 380 37 39 0.038292937 
386 209 25 33 0.038180973 
803 4 12 14 0.037649114 
63 254 15 18 0.037621688 
892 148 16 19 0.037121557 
524 86 22 31 0.03663029 
347 207 16 22 0.036430962 
22 23 9 11 0.03629452 
372 273 25 31 0.035979237 
875 6 15 16 0.035942044 
2 327 15 23 0.035646737 
399 139 15 20 0.0351823 
60 249 24 29 0.035156 
80 29 11 14 0.034769755 
83 11 16 17 0.03465642 
48 127 23 37 0.034634206 
295 356 73 90 0.03450889 
262 76 8 12 0.034501214 
356 184 16 22 0.033918567 
911 48 10 12 0.033851583 
652 43 49 63 0.03368558 
40 126 21 32 0.033544432 
123 253 18 22 0.03350517 
392 501 101 101 0.03301336 
214 236 10 15 0.032842316 
886 156 15 17 0.032637723 
788 332 40 48 0.03234615 
319 79 10 12 0.03222914 
318 85 10 12 0.0321564 
127 255 26 34 0.031670183 
67 125 37 51 0.031583235 
62 1 9 9 0.030938609 
6 127 23 31 0.030716864 
691 42 13 17 0.030697491 
573 61 11 13 0.030679774 
53 139 26 37 0.030585555 
544 11 44 59 0.030580979 
140 0 13 10 0.030185638 
432 13 10 14 0.030154467 
392 21 9 12 0.030043883 
48 13 9 11 0.029958483 
911 290 19 21 0.029903054 
1 15 8 12 0.029731855 
567 55 11 12 0.029648894 
715 14 11 13 0.029378528 
680 354 45 59 0.029302776 
106 1 14 14 0.029252537 
373 193 25 32 0.02900386 
353 23 12 14 0.028829912 
189 184 15 19 0.02876898 
314 355 18 23 0.02852402 
540 70 14 17 0.02851077 
451 226 13 18 0.028346023 
359 111 13 16 0.028202685 
0 91 21 32 0.028027648 
236 142 15 19 0.027918875 
453 342 23 29 0.02780967 
907 7 14 17 0.027780859 
788 9 15 17 0.027647015 
862 187 12 17 0.027284157 
868 58 13 17 0.027164424 
1005 284 16 19 0.026952216 
539 343 43 53 0.026744355 
657 335 48 61 0.026729373 
892 299 18 23 0.026649045 
568 60 11 13 0.026383592 
447 356 10 14 0.026319087 
94 200 27 38 0.026229477 
816 11 11 15 0.02621786 
974 304 26 38 0.026193859 
561 0 15 14 0.026149537 
467 339 16 19 0.026117401 
863 58 12 17 0.026055919 
806 0 13 11 0.026048258 
665 366 29 41 0.026035331 
73 96 13 17 0.025980767 
902 128 27 33 0.025974708 
789 83 14 18 0.02595365 
300 87 18 24 0.025936848 
388 146 15 23 0.025855847 
325 172 24 32 0.025854772 
1007 24 15 22 0.025848605 
923 77 10 14 0.02573919 
585 329 47 60 0.025648497 
915 306 27 33 0.025323449 
77 383 23 32 0.02527851 
789 76 13 17 0.02523676 
850 186 17 22 0.024914784 
41 31 9 12 0.0248729 
617 387 51 65 0.024852252 
988 177 15 18 0.02469707 
371 177 17 21 0.0246815 
928 237 39 46 0.024652338 
584 54 9 12 0.02456839 
713 37 11 17 0.024480268 
309 170 15 20 0.024447357 
946 166 54 63 0.024379183 
6 16 9 11 0.02430819 
198 177 22 29 0.024274917 
884 6 14 15 0.02420898 
56 7 9 12 0.024202228 
392 28 10 14 0.024103876 
901 291 18 20 0.02398453 
359 139 14 19 0.023958232 
392 84 11 15 0.023947023 
364 130 21 27 0.02380687 
319 55 8 10 0.023648398 
753 84 11 16 0.023413459 
682 45 28 37 0.023122374 
858 3 12 15 0.022972794 
698 352 43 55 0.022887452 
543 341 12 15 0.02284642 
173 135 31 42 0.022779591 
45 259 23 34 0.022691999 
576 18 12 14 0.022647591 
477 34 11 14 0.022542167 
743 367 37 48 0.022012847 
471 21 20 25 0.021960085 
210 199 26 35 0.021948522 
901 110 16 22 0.021886488 
150 247 15 21 0.021835227 
260 207 27 34 0.021619674 
398 125 9 13 0.021612853 
846 61 13 16 0.021567024 
23 28 9 11 0.021565834 
1008 84 15 25 0.021451296 
397 464 50 51 0.02143337 
351 206 31 37 0.021291941 
318 8 9 11 0.021253383 
666 308 47 61 0.021251468 
400 40 12 17 0.021246957 
26 357 39 47 0.021228323 
169 189 17 19 0.021027902 
974 11 12 17 0.020984892 
59 49 21 29 0.020833712 
820 7 11 14 0.020831337 
1 80 9 14 0.020793935 
-1 32 7 10 0.020777697 
389 132 11 15 0.020754464 
114 273 20 30 0.020679772 
506 4 13 16 0.020676402 
795 352 46 55 0.020624809 
356 349 24 36 0.020624487 
894 201 15 20 0.02061408 
381 145 15 22 0.020566616 
878 50 14 16 0.020559393 
395 205 16 20 0.020469252 
392 340 11 14 0.020408276 
444 11 13 17 0.020342827 
46 74 13 17 0.0203101 
474 338 15 17 0.020295866 
815 4 11 14 0.020293333 
-1 45 7 13 0.020221448 
754 348 41 49 0.020212619 
921 70 22 29 0.020187365 
250 247 27 32 0.020109244 
913 109 16 21 0.020074302 
38 47 9 12 0.02004029 
