2_Demonstration_Demonstrators_2_672
30
647 190 128 164 0.99946266 
266 166 31 43 0.9917874 
72 176 29 41 0.98948437 
456 170 24 34 0.98051226 
157 254 54 64 0.96226215 
220 165 36 48 0.9260469 
167 165 52 55 0.19503127 
248 165 39 52 0.16801688 
178 173 32 33 0.10452596 
558 291 30 34 0.09004719 
1013 479 11 21 0.07134832 
532 280 34 45 0.05573616 
517 447 9 12 0.04040126 
608 309 50 65 0.037524335 
596 22 103 131 0.033365604 
620 425 223 230 0.031885564 
531 440 206 254 0.030536288 
225 163 22 24 0.030321041 
136 230 55 69 0.030149365 
83 172 17 25 0.030101735 
228 142 23 27 0.023814501 
391 37 36 38 0.023506247 
340 17 114 108 0.022876933 
657 45 30 40 0.022425216 
186 245 55 67 0.022257002 
194 169 58 66 0.021935292 
561 264 33 40 0.02135386 
528 464 9 10 0.020947803 
509 462 10 12 0.020606574 
836 128 14 17 0.020417841 
