2_Demonstration_Protesters_2_65
50
560 252 61 82 0.9989078 
937 318 42 64 0.9974554 
732 219 74 97 0.99680567 
319 293 35 48 0.98446345 
269 272 35 46 0.98115474 
126 298 29 37 0.96630716 
277 318 37 44 0.90701175 
164 272 38 54 0.81889355 
61 300 34 48 0.7384982 
441 325 32 39 0.50505614 
97 323 23 30 0.3077262 
291 280 38 53 0.20042801 
994 283 26 33 0.14299835 
270 295 41 55 0.109242395 
684 268 48 64 0.08478426 
438 300 48 57 0.06744666 
180 281 34 41 0.0670735 
375 303 28 37 0.062432975 
406 336 29 36 0.055285133 
929 270 26 33 0.05134638 
155 267 31 41 0.05019535 
918 289 43 61 0.04642959 
453 292 36 44 0.0378183 
122 280 28 35 0.03597147 
89 310 27 38 0.03577246 
232 274 18 23 0.03135279 
260 423 17 24 0.031003308 
148 343 43 58 0.029330367 
110 294 38 54 0.0287444 
420 328 32 40 0.027805945 
327 315 33 42 0.027568992 
197 405 50 58 0.027184386 
1001 276 18 24 0.026908895 
87 276 28 39 0.026666721 
980 283 46 59 0.026407015 
128 311 47 63 0.026097558 
203 370 49 55 0.025777798 
943 330 52 76 0.025540765 
356 294 38 50 0.025319913 
363 345 18 23 0.024793155 
315 281 26 39 0.02468713 
148 593 34 38 0.024005607 
914 348 27 42 0.022494007 
160 199 390 523 0.022480663 
75 311 30 39 0.021846982 
-6 287 32 56 0.021440024 
923 309 26 38 0.020859571 
924 282 27 36 0.020289745 
678 262 37 47 0.0200707 
451 334 33 37 0.0200693 
