2_Demonstration_Demonstrators_2_518
82
89 255 58 79 0.9995776 
942 415 61 89 0.9982973 
978 261 44 64 0.9965004 
472 149 50 54 0.9958912 
620 414 55 61 0.99466586 
392 144 46 57 0.9943229 
937 45 28 37 0.9872901 
759 51 30 43 0.97789794 
191 0 28 29 0.9595473 
699 146 32 43 0.954883 
557 138 32 42 0.8289384 
195 297 33 57 0.7348653 
837 84 27 39 0.6232073 
235 195 35 62 0.5030424 
343 156 35 62 0.34354684 
579 135 47 55 0.25741357 
605 133 32 41 0.20695509 
218 207 41 60 0.20545961 
742 128 31 43 0.20131768 
1005 633 19 33 0.17527328 
675 0 16 17 0.17227842 
294 161 49 73 0.14078088 
191 205 49 64 0.13996452 
170 298 42 59 0.13094012 
153 282 41 61 0.13061497 
772 266 36 42 0.12820764 
867 8 43 62 0.11442657 
286 280 42 50 0.111319005 
679 144 37 44 0.10678766 
1003 81 20 32 0.104157895 
811 80 41 48 0.09174261 
619 145 16 22 0.07609165 
723 127 38 53 0.06847934 
924 53 34 39 0.06690241 
712 140 32 46 0.06525815 
758 268 55 65 0.05328587 
525 186 48 64 0.049739987 
801 80 32 40 0.049397845 
176 481 45 74 0.04904062 
773 248 33 41 0.04778326 
955 122 15 19 0.04621648 
372 153 48 64 0.042513195 
949 274 35 53 0.042436212 
140 274 37 54 0.041865252 
376 450 30 33 0.041140813 
951 115 25 32 0.03419518 
116 270 47 63 0.031629924 
268 187 52 70 0.031073567 
773 56 30 43 0.030040659 
547 434 27 37 0.029966587 
768 600 54 57 0.029929588 
835 285 16 19 0.029919311 
738 49 41 51 0.02978723 
137 296 33 57 0.028454877 
444 402 51 55 0.028389355 
245 206 48 67 0.02726642 
713 96 30 37 0.026571825 
862 483 43 59 0.026437882 
275 258 45 56 0.026010338 
803 161 27 36 0.024649004 
33 372 57 69 0.024600614 
990 600 12 16 0.024516677 
205 304 37 62 0.024481015 
746 254 49 59 0.023854118 
743 273 85 106 0.023651598 
564 144 41 49 0.023595817 
932 548 32 45 0.023540758 
202 273 41 64 0.02343959 
570 89 14 17 0.022955315 
515 1 19 18 0.022882473 
769 630 32 37 0.021814965 
275 474 46 79 0.021438472 
494 3 25 28 0.021420753 
905 35 39 54 0.021412088 
599 87 11 14 0.021347698 
606 84 13 16 0.02133812 
513 95 44 55 0.021056745 
544 156 48 69 0.021003963 
217 46 36 47 0.020917926 
851 386 38 60 0.020814098 
544 443 44 59 0.020432023 
879 611 46 74 0.020165583 
