2_Demonstration_Protesters_2_817
53
291 559 33 44 0.9927959 
377 536 41 53 0.91105783 
523 89 31 32 0.6388941 
297 608 43 59 0.17555636 
359 552 45 51 0.091385014 
585 146 40 46 0.08253078 
199 444 14 17 0.080638714 
345 562 43 50 0.06466552 
544 630 49 44 0.06405668 
558 622 13 15 0.061318647 
334 581 23 30 0.05757123 
193 456 18 21 0.056245204 
194 442 23 29 0.05359135 
559 553 12 15 0.05139224 
504 198 19 25 0.04867026 
204 440 11 15 0.044152882 
578 129 71 72 0.04099228 
665 565 10 12 0.038913965 
547 556 11 16 0.037920278 
603 628 12 15 0.036979426 
599 612 14 19 0.03693375 
545 625 26 28 0.036550347 
530 633 31 31 0.03591862 
525 101 33 35 0.035404608 
484 195 13 15 0.035183698 
320 545 41 53 0.033152536 
533 613 15 17 0.033049602 
482 182 27 31 0.031124644 
516 185 15 20 0.030858085 
344 583 48 52 0.030335674 
506 185 28 37 0.028660126 
450 118 192 203 0.027830051 
174 627 23 29 0.027473474 
496 541 45 58 0.027289802 
526 93 16 22 0.027104866 
306 565 29 38 0.026740769 
594 165 45 46 0.025834536 
675 592 27 32 0.02582871 
477 188 12 16 0.0251972 
566 626 56 45 0.02492224 
469 182 26 33 0.024279024 
540 134 34 37 0.023820756 
539 640 18 19 0.023155406 
511 172 43 50 0.022913903 
669 580 40 53 0.02288003 
570 641 18 22 0.02285708 
599 608 11 14 0.022789082 
494 609 28 33 0.02252822 
523 105 48 54 0.021666747 
473 579 47 56 0.02165311 
538 550 21 27 0.02077549 
524 541 42 56 0.020479375 
323 585 47 58 0.020199666 
