2_Demonstration_Demonstration_Or_Protest_2_441
116
2 189 29 38 0.99934834 
287 186 32 41 0.9989485 
329 208 37 44 0.9986571 
932 153 35 44 0.99850035 
570 174 35 48 0.9985001 
611 174 40 49 0.9981573 
854 170 35 45 0.9978517 
232 152 41 49 0.9970656 
109 185 47 51 0.99618965 
402 166 37 45 0.9945279 
789 156 43 53 0.9884725 
499 162 38 51 0.9881335 
720 166 24 32 0.863509 
568 96 22 31 0.7874195 
146 125 23 33 0.7830851 
316 172 22 30 0.63968825 
854 352 27 34 0.37385958 
487 592 56 41 0.30326122 
684 87 18 23 0.2811913 
145 164 27 37 0.26552254 
898 583 59 59 0.22565494 
438 334 20 25 0.20325807 
481 107 22 31 0.18455967 
533 84 15 20 0.18312359 
994 77 15 20 0.15723448 
43 389 22 30 0.13058916 
134 174 32 38 0.12972003 
21 476 21 28 0.12513994 
531 328 14 19 0.11650045 
654 575 28 30 0.10813982 
678 163 21 30 0.10065814 
355 73 25 28 0.09818907 
345 572 17 20 0.09338223 
798 576 15 18 0.093262896 
466 332 9 12 0.08397485 
443 492 57 66 0.08243987 
157 157 27 40 0.08159911 
363 563 17 19 0.0753087 
4 444 21 29 0.07191362 
41 198 26 33 0.07137484 
39 438 26 32 0.06540119 
77 199 29 40 0.065212175 
699 118 17 21 0.06500755 
65 177 23 33 0.06161208 
743 59 15 18 0.057358887 
371 568 16 19 0.055345222 
495 330 11 12 0.05398756 
655 573 15 16 0.050076626 
510 303 14 16 0.049493082 
725 74 14 17 0.046645034 
499 100 23 31 0.04244799 
636 541 54 59 0.04190387 
379 573 13 16 0.041401707 
142 132 17 24 0.04138672 
352 562 25 27 0.04039848 
909 146 11 16 0.039864995 
631 346 13 18 0.036923915 
502 324 11 14 0.036624078 
472 574 94 81 0.03638601 
665 584 16 17 0.033639133 
590 540 61 67 0.032063097 
37 176 26 35 0.032014634 
624 340 25 31 0.03138688 
558 524 107 114 0.031155193 
741 63 23 29 0.030446757 
32 448 29 37 0.03005989 
170 328 14 15 0.029911036 
887 563 14 17 0.028934587 
460 518 37 43 0.02885023 
511 105 26 34 0.02883182 
726 170 29 42 0.028715132 
518 235 39 49 0.028626446 
0 456 21 34 0.028440941 
207 127 15 18 0.028371539 
641 543 101 109 0.02789844 
794 429 14 16 0.027172126 
681 27 13 16 0.026932653 
491 317 11 15 0.026911857 
691 120 23 35 0.0268391 
850 562 15 18 0.026728876 
467 484 63 73 0.026249643 
996 504 25 43 0.026215516 
10 479 25 35 0.026034387 
676 17 30 33 0.025886033 
703 569 14 15 0.025877966 
140 144 38 49 0.024956008 
859 349 17 23 0.024738427 
501 557 59 68 0.024277972 
619 322 28 37 0.023971383 
14 449 26 39 0.023870606 
350 567 45 51 0.023663236 
595 135 19 23 0.023655549 
799 530 46 52 0.023381272 
994 86 14 19 0.023313956 
508 315 13 15 0.023221087 
364 569 26 28 0.023192674 
574 99 27 33 0.023083748 
572 67 39 50 0.02296515 
507 298 23 26 0.022452103 
706 169 25 32 0.022323942 
734 597 11 12 0.022237675 
396 562 12 15 0.022073042 
728 67 22 28 0.022048995 
788 565 13 16 0.021985678 
71 185 27 39 0.02161965 
0 470 23 39 0.021462413 
425 127 27 36 0.021338925 
660 9 55 50 0.021294286 
922 550 64 79 0.021166656 
556 376 14 16 0.02105499 
705 588 64 64 0.020731393 
675 564 105 104 0.020667225 
306 129 32 36 0.020624632 
740 49 25 30 0.020585923 
679 115 24 34 0.020487236 
59 174 21 25 0.020023754 
