2_Demonstration_Protesters_2_519
66
551 118 58 74 0.9995515 
796 102 51 67 0.999355 
163 129 65 83 0.99771047 
895 179 45 46 0.9833334 
341 264 8 11 0.16163497 
65 177 18 21 0.086466834 
361 263 28 36 0.08224619 
95 164 12 16 0.07938572 
93 171 12 15 0.07483806 
367 251 28 31 0.06637796 
11 158 39 48 0.06258016 
523 595 91 115 0.055988714 
720 324 12 15 0.052725296 
908 191 49 56 0.049759366 
371 259 17 19 0.048405707 
1012 412 10 14 0.047834754 
620 628 44 61 0.047374267 
319 261 9 10 0.04631753 
924 203 50 55 0.04473447 
37 178 13 16 0.03842072 
518 616 57 77 0.03783663 
51 164 10 13 0.037700262 
317 149 7 11 0.037111297 
26 171 27 32 0.03633413 
85 252 9 11 0.036176637 
322 201 8 9 0.033870272 
880 430 11 12 0.03230175 
347 267 25 31 0.031508837 
46 191 10 14 0.031075079 
920 409 10 12 0.031051965 
716 320 24 27 0.030735834 
22 157 15 18 0.030542606 
675 736 14 15 0.0305162 
372 282 12 17 0.030442014 
380 254 13 15 0.029813133 
720 251 9 11 0.029246602 
320 359 9 12 0.028701337 
387 174 7 10 0.028622584 
414 217 23 30 0.027695471 
68 246 9 13 0.02679981 
1 317 8 10 0.0260265 
348 269 11 14 0.025834091 
435 331 12 16 0.025141161 
323 205 10 12 0.024865529 
5 287 10 13 0.024649953 
430 324 15 18 0.024593418 
367 253 13 17 0.023737164 
18 407 8 10 0.023374576 
75 173 11 15 0.023324305 
324 295 10 11 0.023205 
599 652 10 11 0.02309547 
314 260 9 12 0.022282247 
337 262 19 24 0.021819355 
21 149 13 15 0.021781862 
320 279 9 11 0.021650186 
439 190 6 9 0.021366036 
599 647 9 11 0.020838203 
425 192 8 10 0.020795578 
496 608 56 68 0.02063133 
1013 427 10 15 0.020544086 
342 284 11 13 0.020515107 
343 344 8 9 0.020408172 
313 279 9 11 0.020327993 
659 625 27 33 0.020265419 
313 255 9 12 0.020073716 
334 342 9 10 0.020051742 
