2_Demonstration_Demonstration_Or_Protest_2_795
127
453 439 134 150 0.9998797 
621 148 10 14 0.56404537 
408 144 10 12 0.44896355 
262 136 8 11 0.38523853 
677 150 9 11 0.32209095 
751 144 14 16 0.31614745 
445 139 11 13 0.16175915 
462 130 13 16 0.13836308 
617 144 10 12 0.11833116 
223 136 9 11 0.11075965 
258 135 9 12 0.09084209 
135 141 7 10 0.0897934 
574 135 10 12 0.088890746 
47 190 11 14 0.08104467 
589 139 11 13 0.07782849 
237 141 9 12 0.071083896 
747 141 10 13 0.07043374 
720 141 7 11 0.069690056 
553 137 9 12 0.06090044 
368 140 9 11 0.060711887 
93 144 7 9 0.059318196 
679 144 8 11 0.058479086 
657 141 9 10 0.057952125 
679 135 7 9 0.05673952 
656 150 10 12 0.05366174 
656 134 9 11 0.0505617 
106 143 7 9 0.049721144 
656 128 7 9 0.04930164 
617 155 9 11 0.048777606 
662 142 7 10 0.048504584 
688 141 9 11 0.047985476 
765 274 18 19 0.04776113 
165 151 9 12 0.04652613 
584 136 10 13 0.046261977 
233 141 8 11 0.044952802 
678 155 9 11 0.044932224 
480 178 17 19 0.04359769 
286 171 9 11 0.0433425 
206 457 29 34 0.043106906 
629 150 8 11 0.041706476 
87 170 10 14 0.039052963 
693 157 10 12 0.038408794 
630 157 7 9 0.03827673 
694 143 10 11 0.03808128 
527 139 10 12 0.037306473 
334 140 8 11 0.036441807 
673 145 8 9 0.03593366 
334 128 8 11 0.03485402 
384 134 10 12 0.03479808 
628 143 8 10 0.034759328 
516 184 20 20 0.03454214 
569 141 9 11 0.034405265 
106 148 8 10 0.033887602 
638 152 8 10 0.0335397 
346 151 8 10 0.033395357 
570 136 8 11 0.033250008 
422 143 8 10 0.032839503 
492 212 50 61 0.032786567 
281 168 9 11 0.032684617 
151 143 8 10 0.032419175 
333 133 9 12 0.03237569 
728 141 9 11 0.032116357 
256 139 10 13 0.031871714 
32 190 10 12 0.031211976 
226 562 23 31 0.030804377 
89 149 8 10 0.030692024 
303 142 9 11 0.030597094 
262 168 8 10 0.030559339 
765 142 10 13 0.02952878 
847 91 42 58 0.029225066 
747 142 23 27 0.028932188 
674 134 7 10 0.028384738 
20 173 11 13 0.027636118 
131 141 8 10 0.027560089 
304 136 7 9 0.027520629 
648 142 8 10 0.027245156 
534 137 8 10 0.027038634 
690 157 8 10 0.026792658 
732 142 9 12 0.026756609 
72 143 7 9 0.026661092 
444 144 14 16 0.0265211 
345 134 9 11 0.02649631 
499 215 29 34 0.02589302 
606 142 9 11 0.025636513 
825 108 49 71 0.025467586 
710 134 8 10 0.024942858 
249 148 8 11 0.02466707 
374 142 8 10 0.024578443 
402 142 8 12 0.024507752 
471 186 12 15 0.02447271 
674 129 7 10 0.024361089 
649 157 8 11 0.02432345 
345 119 8 10 0.02412515 
755 135 13 17 0.023855437 
231 137 9 11 0.023779904 
309 142 8 11 0.023772959 
727 164 8 11 0.023721028 
649 191 8 10 0.02366489 
614 166 9 11 0.023474844 
176 167 9 12 0.023417512 
687 137 8 10 0.023377055 
295 169 8 11 0.023266826 
688 151 9 11 0.023201447 
146 151 7 10 0.022876775 
60 179 12 15 0.022415608 
598 136 8 10 0.022386158 
708 157 9 12 0.022261199 
232 150 9 11 0.022230512 
160 154 11 14 0.022066807 
23 159 11 13 0.021718634 
93 165 11 14 0.021637691 
102 166 12 15 0.021376817 
23 166 10 12 0.021279762 
298 143 8 11 0.021172266 
592 187 10 13 0.021167526 
687 197 8 11 0.020963829 
728 159 9 11 0.020798007 
671 168 8 10 0.020769674 
688 191 8 11 0.02057458 
145 143 7 9 0.020551777 
661 157 9 10 0.020518228 
256 167 9 11 0.02028864 
294 184 8 10 0.020239843 
483 141 15 18 0.020226803 
93 148 9 10 0.020180142 
731 148 11 14 0.020159561 
48 184 10 13 0.02014356 
