2_Demonstration_Political_Rally_2_842
26
506 292 40 51 0.9548031 
366 596 17 20 0.89065504 
293 626 16 20 0.8399079 
290 637 16 21 0.11640688 
325 628 13 15 0.085462704 
1 605 10 18 0.06272079 
567 418 14 18 0.058912378 
417 198 10 12 0.056950785 
325 646 17 20 0.056007244 
278 180 10 12 0.045930713 
110 322 11 14 0.04347408 
400 176 8 12 0.042580716 
424 220 10 14 0.04005502 
199 181 13 14 0.03846458 
338 618 15 18 0.03688402 
117 638 12 14 0.036722463 
296 372 9 11 0.029998839 
268 373 9 12 0.026779592 
856 383 8 12 0.025696052 
299 638 15 19 0.02476411 
566 174 8 11 0.024719661 
290 649 15 19 0.02466987 
423 215 10 14 0.022479558 
321 631 21 26 0.021922475 
1007 186 14 17 0.021698615 
419 203 11 13 0.02142064 
