2_Demonstration_Demonstration_Or_Protest_2_799
302
469 269 11 14 0.9790035 
198 223 10 12 0.9204252 
556 198 9 11 0.8900357 
277 302 13 18 0.87379414 
433 229 10 14 0.86910063 
620 236 11 14 0.8461042 
164 226 12 16 0.75009847 
59 252 13 15 0.67975575 
871 234 11 14 0.6582798 
168 277 9 11 0.60484236 
28 209 13 16 0.5201069 
266 282 11 15 0.5034619 
363 301 16 19 0.49709252 
596 205 9 12 0.42001843 
684 199 8 11 0.35231552 
463 240 8 12 0.33539677 
59 258 15 18 0.31210202 
406 233 9 11 0.3027098 
484 196 10 12 0.28304833 
801 237 10 13 0.27119514 
477 236 10 12 0.2511879 
352 287 9 12 0.22929758 
880 307 9 11 0.19320048 
398 122 11 14 0.1780962 
327 188 9 11 0.16941789 
670 198 8 10 0.16536517 
452 184 12 16 0.16410117 
649 228 9 12 0.16140743 
229 245 11 14 0.16103613 
153 261 10 13 0.15294752 
447 219 10 12 0.15002292 
367 199 9 10 0.14090556 
912 237 7 8 0.13961221 
365 314 13 16 0.13828966 
857 244 10 14 0.1358342 
874 230 10 13 0.12939192 
854 272 9 12 0.12617809 
615 191 8 10 0.12453399 
214 308 11 12 0.114426784 
255 240 8 10 0.11118674 
703 126 11 14 0.109268166 
471 237 9 12 0.10593632 
647 222 9 12 0.0998248 
813 308 10 13 0.09888486 
913 232 7 10 0.09751341 
665 198 8 9 0.0918309 
809 304 9 11 0.08742148 
646 214 8 11 0.08235901 
769 217 8 10 0.07983642 
319 183 9 11 0.077961236 
311 231 9 12 0.07666446 
950 230 8 10 0.074798316 
258 196 9 11 0.073643 
612 279 9 11 0.07361591 
350 205 9 11 0.071935564 
321 189 9 11 0.07175888 
381 291 14 18 0.07144134 
721 326 10 11 0.07085939 
774 219 8 11 0.07069725 
820 317 13 16 0.069261864 
668 321 9 10 0.06764986 
135 197 11 16 0.067413926 
402 231 9 11 0.067120425 
969 328 10 13 0.06692948 
666 246 8 10 0.06514015 
163 223 10 12 0.06495938 
263 245 10 11 0.061498307 
504 264 9 11 0.06111462 
408 261 8 11 0.06029023 
640 221 9 13 0.059706576 
924 268 11 14 0.059062697 
372 199 9 11 0.05856593 
476 221 11 12 0.057111092 
364 294 15 17 0.056993425 
313 286 9 11 0.056167774 
168 280 12 15 0.055307634 
646 288 10 13 0.05502596 
760 216 9 11 0.0512016 
664 323 11 12 0.050846547 
791 229 10 12 0.04956008 
247 228 8 11 0.04953116 
888 239 10 11 0.0492162 
945 230 6 9 0.049170293 
869 295 7 10 0.048683695 
388 286 9 13 0.048270088 
220 301 9 13 0.047628943 
703 216 8 10 0.04762478 
257 191 9 12 0.047394376 
743 199 8 10 0.047205508 
950 225 8 11 0.046805672 
758 231 10 12 0.046703633 
974 295 8 9 0.046674054 
711 303 8 9 0.04648083 
412 235 11 12 0.04638896 
885 304 8 11 0.04558191 
725 301 9 11 0.044936232 
329 244 9 11 0.044896908 
294 262 8 9 0.044772822 
64 252 16 19 0.0447098 
148 217 12 14 0.044665933 
641 214 8 11 0.044602096 
628 228 11 14 0.044475887 
360 197 9 12 0.044203676 
718 205 10 12 0.04377725 
318 197 12 13 0.043267097 
609 254 10 14 0.042991597 
843 231 12 14 0.042886652 
351 199 11 12 0.042765804 
459 238 8 12 0.042108312 
476 242 12 14 0.042048816 
289 214 7 11 0.041850656 
726 164 10 13 0.041727617 
737 201 8 10 0.04142608 
120 269 10 12 0.04124345 
925 263 11 13 0.040973093 
357 291 13 17 0.04078967 
726 296 9 11 0.040619977 
928 232 7 9 0.04041398 
743 292 10 13 0.04031893 
416 263 9 12 0.04003329 
48 302 8 9 0.039607685 
129 253 7 10 0.039560907 
1010 237 7 9 0.039221726 
471 216 11 12 0.039144043 
469 242 11 14 0.038715478 
30 216 12 15 0.038247235 
58 248 11 14 0.038223438 
313 182 9 11 0.037970185 
622 195 11 13 0.037451677 
639 208 8 11 0.037390616 
752 232 9 12 0.03732463 
776 261 8 10 0.037113294 
370 296 15 21 0.03695841 
366 192 10 12 0.03687896 
557 213 11 15 0.0366146 
999 235 8 11 0.036537394 
335 205 9 11 0.03625678 
752 277 9 10 0.036236037 
493 238 13 16 0.036140356 
774 232 8 10 0.035975564 
743 205 7 9 0.03580587 
350 279 9 12 0.035739966 
404 124 11 16 0.035710867 
486 237 10 14 0.03567449 
157 214 11 13 0.035280038 
647 183 8 11 0.035106797 
280 270 10 13 0.03481784 
495 229 9 11 0.034480955 
848 251 10 13 0.03421254 
196 218 18 22 0.03383712 
332 189 9 13 0.033489596 
296 255 8 11 0.033462223 
645 311 9 12 0.033014495 
484 201 12 14 0.03288612 
423 354 12 17 0.03273655 
223 241 21 27 0.032679904 
726 255 10 12 0.032456353 
936 230 7 9 0.032328013 
398 129 12 16 0.03185185 
335 244 9 11 0.03183189 
846 308 11 14 0.03174727 
803 326 12 15 0.031469725 
736 292 8 11 0.03133145 
435 223 12 14 0.03126073 
335 198 8 11 0.031092357 
790 223 10 13 0.030834006 
441 214 10 12 0.03082468 
39 267 9 12 0.030814553 
410 254 9 12 0.030638166 
664 192 9 12 0.030273214 
135 190 11 16 0.030027334 
355 286 11 15 0.029901586 
647 209 8 10 0.029806996 
691 284 11 13 0.029579643 
399 271 10 12 0.02935038 
269 246 8 11 0.029147051 
7 247 9 13 0.029011214 
629 220 14 17 0.028604269 
887 245 9 10 0.028411146 
553 193 17 21 0.028269058 
632 176 9 11 0.028239852 
751 195 9 12 0.028104898 
228 256 12 16 0.02809348 
639 182 9 10 0.028071001 
690 335 10 12 0.028051015 
680 255 10 11 0.02785681 
350 211 10 11 0.027720764 
830 261 10 12 0.027693802 
623 272 13 16 0.027673043 
960 254 9 11 0.027529173 
726 206 8 11 0.02736571 
666 240 9 11 0.02726761 
457 244 9 12 0.027159883 
182 325 9 11 0.026929624 
126 262 9 12 0.026791874 
248 222 9 13 0.026748175 
681 237 10 12 0.026578872 
182 301 9 13 0.026545186 
748 289 11 15 0.02652912 
87 269 10 13 0.026435446 
177 302 10 13 0.026417792 
451 220 10 13 0.026380867 
703 220 11 12 0.026291573 
382 303 13 18 0.026119707 
425 235 9 12 0.026043994 
184 295 9 14 0.025954923 
695 301 10 12 0.025816571 
628 269 14 18 0.0257796 
65 265 14 17 0.025727538 
680 312 9 12 0.025670681 
485 229 10 14 0.025627164 
607 203 10 13 0.025576651 
993 231 9 12 0.025524905 
721 303 9 10 0.025501702 
680 193 10 11 0.025326302 
346 277 9 11 0.025305118 
805 272 8 11 0.025111668 
419 264 11 13 0.025089338 
616 241 12 14 0.024828449 
867 230 19 23 0.024786828 
235 245 10 13 0.024712866 
222 294 8 13 0.02462889 
426 229 11 13 0.024514887 
903 246 8 11 0.024433915 
918 231 8 9 0.024431176 
921 275 9 12 0.024369305 
794 236 11 12 0.024356464 
249 238 8 11 0.024239317 
269 291 12 14 0.024222014 
919 295 10 12 0.024121424 
240 228 11 13 0.024083268 
194 226 12 14 0.024077807 
652 224 10 13 0.024071997 
157 256 12 16 0.024049297 
990 255 8 11 0.023982633 
263 309 9 13 0.023974458 
687 220 9 11 0.023948468 
814 254 9 12 0.023923885 
902 280 8 10 0.023836356 
721 309 9 11 0.023817543 
349 296 13 19 0.02373995 
448 208 9 12 0.023736171 
584 215 11 12 0.023666544 
614 196 9 12 0.02349282 
720 319 10 13 0.023350472 
835 233 195 226 0.023248205 
743 279 9 10 0.023146855 
941 255 8 11 0.022924872 
654 206 8 10 0.022816548 
145 302 8 10 0.022785062 
716 198 11 13 0.022762338 
904 344 8 11 0.022623315 
877 224 10 12 0.022616232 
670 192 10 12 0.02259719 
290 262 9 11 0.022595733 
254 230 8 10 0.022560026 
596 275 11 13 0.022545893 
960 247 9 11 0.022496836 
426 222 9 12 0.02237822 
200 336 10 11 0.022251079 
785 229 8 11 0.022206673 
141 203 11 12 0.022206262 
870 301 8 11 0.021992128 
182 320 8 11 0.021947779 
999 311 8 11 0.0217959 
112 216 7 9 0.021709772 
639 291 11 15 0.021466654 
327 229 9 11 0.02142398 
865 300 10 13 0.021359168 
797 223 11 13 0.021282742 
653 236 9 12 0.021274759 
223 228 10 12 0.021127209 
254 223 8 11 0.021102156 
814 320 15 18 0.020995812 
689 302 8 11 0.020971661 
495 310 11 13 0.020854391 
608 282 13 15 0.02080047 
633 207 9 11 0.020749666 
758 197 8 11 0.020737499 
320 276 11 12 0.020694626 
768 237 10 11 0.020660264 
911 317 9 11 0.020627398 
745 192 8 10 0.020618154 
929 344 7 9 0.020604746 
895 244 9 11 0.020582967 
298 316 9 12 0.020557549 
694 253 9 11 0.020388564 
188 293 12 16 0.020331223 
807 296 9 12 0.020278294 
983 277 8 10 0.02024729 
68 244 13 17 0.020246629 
358 212 9 10 0.020207098 
431 173 8 10 0.02018405 
863 289 10 11 0.020141259 
921 263 10 12 0.020124227 
609 199 9 11 0.020101614 
975 300 8 12 0.020097816 
332 183 9 12 0.020092601 
191 207 10 13 0.020052776 
447 276 9 12 0.020042792 
463 232 9 13 0.020038014 
685 231 10 12 0.020027803 
