2_Demonstration_Demonstration_Or_Protest_2_367
79
390 244 68 93 0.9978902 
120 260 27 33 0.99744415 
261 276 27 38 0.99509686 
40 274 25 32 0.9929006 
306 303 24 31 0.99011445 
782 350 47 53 0.9818903 
92 260 15 21 0.9797528 
201 272 18 23 0.96397567 
507 248 43 50 0.93328947 
181 306 30 37 0.8660045 
294 281 17 22 0.77380264 
52 252 16 20 0.68199927 
654 246 29 41 0.17160174 
171 292 16 20 0.1604441 
969 365 54 85 0.15679479 
283 278 24 30 0.15300693 
235 277 13 17 0.12379276 
177 299 23 30 0.11798516 
188 301 17 22 0.11270334 
853 351 44 54 0.0991598 
559 45 9 12 0.09021272 
103 239 12 14 0.08766771 
344 283 14 17 0.079296686 
856 223 24 28 0.073551476 
756 210 19 22 0.07172776 
189 313 34 37 0.06258558 
333 306 16 21 0.05297647 
245 197 9 12 0.04921022 
343 283 25 28 0.047656577 
631 298 23 31 0.04747622 
861 233 43 55 0.047153845 
269 271 15 18 0.04612561 
508 217 57 72 0.046081625 
44 270 18 21 0.045070212 
731 364 14 17 0.039049476 
582 37 10 13 0.038765274 
70 250 13 19 0.037972134 
796 217 16 19 0.037560903 
421 672 11 12 0.035868373 
22 256 15 18 0.03570187 
417 661 9 10 0.035613265 
94 252 19 25 0.035057683 
125 122 14 17 0.03362238 
855 403 48 65 0.032905728 
745 378 15 20 0.03154008 
551 266 13 17 0.03149259 
85 251 19 25 0.03147302 
560 37 11 15 0.031128835 
641 269 45 62 0.031097794 
564 31 9 11 0.031079061 
341 165 10 13 0.030780708 
613 243 43 56 0.03047304 
209 319 18 21 0.030360257 
254 283 14 22 0.03034919 
291 268 27 33 0.02877775 
634 250 35 39 0.028759496 
235 278 22 31 0.027599914 
498 181 88 122 0.026722392 
271 292 26 34 0.025821507 
99 242 19 23 0.025430156 
771 154 14 19 0.02483983 
37 251 12 16 0.02444811 
855 373 49 60 0.023990368 
0 570 39 74 0.02389627 
-1 0 20 20 0.02349817 
669 532 16 21 0.022814374 
28 281 25 32 0.022642206 
242 274 16 22 0.022616575 
327 285 12 15 0.022302713 
445 660 12 16 0.022125702 
857 232 30 36 0.022022631 
548 626 34 40 0.021800231 
417 675 12 14 0.02140054 
764 383 17 23 0.021173622 
298 294 23 32 0.021031024 
621 281 31 45 0.02072876 
337 291 24 29 0.02049437 
210 230 9 12 0.020318499 
875 255 32 39 0.0200198 
