2_Demonstration_Political_Rally_2_451
36
199 90 117 162 0.9997917 
842 119 128 152 0.9996024 
57 236 135 192 0.99945813 
720 121 100 158 0.99926907 
232 436 179 237 0.9991159 
558 275 117 168 0.9254804 
833 49 65 78 0.76909745 
804 12 55 71 0.55462104 
559 443 15 18 0.32473236 
543 623 40 43 0.311286 
783 29 34 50 0.2915369 
864 0 45 40 0.268199 
589 682 47 52 0.16975038 
835 -1 62 61 0.1539478 
521 461 23 29 0.13487493 
809 34 66 85 0.08698224 
764 95 137 185 0.085159734 
477 435 14 18 0.07518244 
843 16 65 71 0.061471384 
831 75 100 130 0.050813403 
863 14 42 45 0.04672083 
408 467 38 41 0.043131836 
51 655 109 106 0.0416965 
424 471 20 23 0.040030215 
509 425 15 21 0.035479993 
-6 395 78 135 0.033981733 
787 30 59 82 0.03386528 
823 1 41 47 0.032695197 
689 157 90 121 0.028889088 
633 580 47 65 0.025982495 
91 683 77 64 0.02485785 
507 444 43 52 0.024403885 
394 468 63 78 0.023589935 
515 470 27 33 0.023372851 
766 62 106 135 0.020453038 
0 429 9 16 0.020004867 
