2_Demonstration_Protesters_2_779
68
1 343 120 147 0.99993765 
611 232 30 36 0.9984665 
549 396 86 104 0.9967527 
976 417 42 56 0.97902966 
726 366 74 90 0.9789762 
699 433 22 34 0.90835965 
108 418 53 72 0.8362088 
450 353 26 34 0.4921563 
924 411 22 28 0.42806023 
418 353 16 21 0.40299982 
437 339 15 20 0.3162421 
613 351 45 54 0.27453682 
842 406 41 45 0.13784468 
400 350 38 49 0.11665518 
914 392 39 51 0.11427112 
53 393 96 108 0.1132554 
396 369 31 40 0.092459075 
639 261 22 28 0.080393605 
491 291 28 33 0.07912199 
422 346 37 49 0.0700745 
655 419 42 58 0.059939 
359 676 56 52 0.055089645 
386 447 18 24 0.05451786 
631 216 15 18 0.050578713 
903 395 14 19 0.048873473 
233 442 12 17 0.046262227 
949 402 26 37 0.044099838 
274 385 18 19 0.043833543 
407 341 28 33 0.041585535 
489 299 42 53 0.04147286 
910 413 25 36 0.03598142 
691 419 37 54 0.03478709 
604 344 40 45 0.0340516 
245 383 12 14 0.03387917 
404 340 15 17 0.033618435 
504 298 16 19 0.03294452 
835 355 56 72 0.03262038 
884 402 12 17 0.032339215 
426 344 16 21 0.031808447 
858 343 16 19 0.031756304 
917 379 13 15 0.029254084 
544 -74 425 507 0.028029362 
956 508 30 37 0.026977358 
945 524 80 123 0.026951663 
873 417 15 21 0.026308065 
632 370 18 25 0.025875952 
320 685 57 55 0.025584644 
865 422 18 21 0.025203833 
624 238 26 32 0.025192432 
668 425 26 36 0.024782943 
419 367 16 22 0.023357475 
622 377 34 47 0.023148332 
680 429 27 37 0.022940228 
-12 28 99 172 0.022476342 
707 399 52 67 0.022464277 
112 386 57 74 0.022462677 
339 502 97 121 0.022112392 
854 393 37 46 0.021934541 
503 498 16 18 0.02152434 
754 363 89 103 0.021394527 
507 46 16 20 0.021378364 
465 360 18 23 0.021351593 
425 359 14 20 0.021350885 
931 405 14 18 0.020665871 
952 416 27 38 0.020459225 
683 231 14 19 0.020283174 
685 209 13 18 0.020266702 
980 362 42 57 0.020027002 
