2_Demonstration_Political_Rally_2_107
150
227 490 29 36 0.99941206 
164 591 62 73 0.99812514 
235 562 44 53 0.9806582 
860 504 22 33 0.9771061 
734 558 38 46 0.8804708 
519 538 61 92 0.84863913 
640 488 87 109 0.6380028 
922 538 20 26 0.43811956 
286 495 21 30 0.37978137 
259 493 23 28 0.27611986 
274 493 19 29 0.25915894 
819 519 12 15 0.25461206 
962 590 27 40 0.2141726 
296 489 25 30 0.19072364 
133 511 26 34 0.17155041 
840 499 16 21 0.13540652 
173 499 23 26 0.1267198 
137 522 31 42 0.12509431 
935 490 12 16 0.12005701 
202 478 23 27 0.11107681 
893 606 37 42 0.11036942 
355 521 14 21 0.110035576 
135 583 33 50 0.10312079 
841 477 8 10 0.10187333 
700 510 32 49 0.101213776 
809 481 9 11 0.090279505 
169 523 30 34 0.08795543 
886 343 11 12 0.08626246 
792 499 10 12 0.08244355 
972 542 18 22 0.08185747 
326 513 23 31 0.08143092 
965 576 43 66 0.07940756 
6 464 63 82 0.069625586 
958 534 14 18 0.06743383 
710 545 59 74 0.06604295 
765 508 10 12 0.0634134 
332 507 15 19 0.06165707 
261 485 16 18 0.061506007 
796 495 9 12 0.05969577 
683 493 54 80 0.0576246 
917 509 15 18 0.055478625 
813 485 10 12 0.053632863 
840 494 12 14 0.053194717 
607 514 135 129 0.0529984 
944 595 49 55 0.052636296 
887 478 14 16 0.051593293 
832 523 13 18 0.050641328 
856 461 8 9 0.050351672 
346 519 20 26 0.049205057 
794 486 8 10 0.047431495 
922 523 17 21 0.045026656 
751 494 8 11 0.044711534 
898 611 66 58 0.044461314 
981 577 13 19 0.044105407 
306 485 17 22 0.042694595 
567 516 111 121 0.041971833 
265 499 24 31 0.041187823 
872 511 17 24 0.040051244 
840 485 10 13 0.03992975 
492 539 62 89 0.039745577 
800 461 9 10 0.039434988 
813 499 10 13 0.03900886 
120 511 50 68 0.03896487 
964 536 21 25 0.038457625 
334 515 27 34 0.03838678 
975 534 15 17 0.03797045 
878 364 10 12 0.037450656 
878 467 10 13 0.036278293 
634 572 132 109 0.036018275 
846 496 23 31 0.034247253 
821 487 10 11 0.033551287 
822 463 8 10 0.033437494 
913 643 60 53 0.033129126 
894 501 11 16 0.03301953 
146 573 54 69 0.032892674 
861 485 11 15 0.032233704 
845 471 9 12 0.032038987 
792 470 7 10 0.03134676 
818 464 8 9 0.0309319 
901 540 26 31 0.030221898 
146 512 26 35 0.030182026 
849 463 8 9 0.029719917 
912 514 14 18 0.029548068 
228 638 29 40 0.029505314 
313 492 17 22 0.029504864 
543 567 34 57 0.029315779 
750 617 56 81 0.029248936 
871 590 85 101 0.028906805 
160 498 44 46 0.028487235 
392 506 14 15 0.028424542 
685 552 98 103 0.02837194 
798 480 8 10 0.028270092 
390 508 42 51 0.02809154 
901 490 11 15 0.02788519 
922 512 15 19 0.027698966 
928 531 16 20 0.027587239 
786 631 37 55 0.026709849 
887 602 28 35 0.02662805 
817 525 17 20 0.02660795 
794 480 7 10 0.025804913 
326 506 15 20 0.025675707 
358 500 12 14 0.025360737 
737 495 9 12 0.02518144 
871 478 9 12 0.024959253 
247 492 26 34 0.02490556 
925 635 38 41 0.024888579 
918 531 18 22 0.024724545 
770 534 24 31 0.024636075 
973 578 23 38 0.024613524 
810 494 10 14 0.024599046 
412 523 29 35 0.024539055 
361 521 17 22 0.024309825 
965 416 14 16 0.024193233 
799 556 28 34 0.024119888 
295 501 19 24 0.023879247 
7 437 60 68 0.023631629 
137 538 50 60 0.023404649 
164 522 18 24 0.023346301 
337 513 16 23 0.023283323 
830 517 12 15 0.023159048 
828 537 16 19 0.023050178 
934 514 12 16 0.02275835 
773 509 9 12 0.02268844 
273 565 32 46 0.022546487 
880 414 9 12 0.022462346 
879 483 11 15 0.022455283 
797 524 14 16 0.02234336 
835 514 16 20 0.022331676 
388 502 25 28 0.022252733 
815 511 11 13 0.022087956 
816 470 8 10 0.021762323 
323 493 13 18 0.021728868 
317 493 23 30 0.021662626 
340 504 24 30 0.02145707 
901 375 11 13 0.021269694 
394 605 20 23 0.021144306 
856 359 9 11 0.020971207 
149 527 37 43 0.020920876 
819 500 11 13 0.020856086 
925 501 11 15 0.02080866 
150 498 13 15 0.020806666 
824 480 8 11 0.020704305 
132 499 13 16 0.020649789 
184 503 17 19 0.020543365 
559 572 60 89 0.02053104 
707 595 91 105 0.020522034 
882 408 9 10 0.020460183 
957 542 16 20 0.02009265 
238 633 35 45 0.020090893 
870 483 10 14 0.02001248 
