2_Demonstration_Demonstrators_2_163
53
561 182 100 126 0.9990767 
885 260 45 54 0.99469095 
192 263 60 72 0.9925781 
839 285 39 45 0.9751745 
328 189 86 108 0.9381374 
555 293 24 32 0.67015976 
94 262 32 41 0.5483633 
19 238 29 43 0.4496281 
37 155 17 22 0.25102425 
29 245 28 45 0.13132541 
0 291 22 35 0.07032726 
290 214 98 110 0.06917643 
100 262 44 57 0.069138065 
808 273 46 55 0.05378329 
574 253 36 45 0.050782736 
237 429 47 61 0.04700321 
118 285 43 58 0.04581455 
4 237 32 47 0.043660328 
70 492 13 18 0.04350339 
41 260 25 34 0.041637372 
11 214 45 63 0.041595224 
75 244 50 68 0.041077998 
176 279 48 53 0.041070387 
658 1081 196 212 0.037797432 
464 50 45 56 0.03311439 
106 285 29 37 0.03207936 
30 159 16 21 0.03133945 
23 260 45 64 0.03128916 
361 174 66 88 0.031149616 
35 279 43 62 0.029063055 
105 269 18 22 0.028287048 
41 149 17 21 0.027549688 
977 1091 12 17 0.027268749 
329 57 60 75 0.026607465 
86 515 14 18 0.02631057 
0 302 46 67 0.026251517 
126 302 26 32 0.025812764 
38 232 48 65 0.025474215 
285 241 58 70 0.025080984 
208 418 48 61 0.024290446 
69 684 15 20 0.024210071 
255 430 33 41 0.023501465 
58 498 15 18 0.023334585 
7 629 18 32 0.022712555 
49 265 44 61 0.022420371 
313 481 42 58 0.022269392 
47 1121 202 255 0.021961028 
22 430 409 530 0.02192922 
24 205 32 40 0.021621631 
117 601 16 19 0.02134446 
549 279 41 55 0.021051925 
69 491 22 28 0.020334583 
862 273 49 55 0.020297155 
