2_Demonstration_Political_Rally_2_816
122
510 37 91 118 0.9992349 
798 554 60 73 0.9964311 
231 432 65 76 0.99334633 
701 493 54 72 0.9798584 
587 112 66 83 0.96375155 
154 409 48 57 0.9536538 
763 433 31 40 0.88140005 
719 432 29 34 0.8461077 
785 428 30 39 0.61507237 
689 464 34 46 0.5692945 
94 430 75 137 0.5294462 
935 449 38 44 0.5106726 
948 575 54 66 0.5026175 
690 476 47 65 0.3592033 
831 502 45 51 0.27410287 
104 425 52 82 0.26827264 
797 485 24 37 0.1990475 
828 481 41 52 0.18554373 
815 522 52 63 0.15405653 
938 486 45 58 0.12307798 
659 481 41 67 0.12148213 
907 499 39 52 0.11798527 
677 250 108 99 0.11722596 
830 470 33 39 0.112956464 
356 332 42 55 0.11252089 
54 293 58 64 0.08857066 
799 438 19 24 0.0708311 
56 378 145 208 0.06787479 
812 481 37 47 0.067776956 
190 422 46 61 0.06393509 
185 379 28 38 0.06377615 
540 61 90 115 0.061751068 
771 412 24 28 0.057900634 
995 456 23 32 0.055779334 
773 424 29 39 0.052771054 
218 274 17 23 0.049517147 
934 453 57 69 0.049042318 
207 359 32 38 0.048108462 
878 443 28 35 0.047667045 
790 492 39 48 0.04754457 
290 419 46 57 0.047374025 
139 425 56 76 0.045956243 
630 97 56 74 0.044449233 
715 438 48 58 0.044336587 
198 138 184 217 0.043067466 
706 465 55 73 0.042744532 
703 459 35 43 0.040934693 
854 506 47 56 0.04057109 
462 86 16 19 0.0397315 
284 334 24 30 0.039194003 
109 399 56 72 0.038974997 
635 475 53 89 0.037201907 
191 361 28 37 0.036723547 
912 390 23 31 0.03651651 
992 452 18 23 0.035445057 
340 494 55 87 0.03527087 
923 395 17 22 0.033899885 
211 220 13 15 0.033730086 
266 217 32 37 0.032972854 
81 494 55 85 0.032773573 
602 499 57 90 0.03246682 
219 263 17 22 0.032231875 
121 450 60 91 0.032212485 
894 515 43 54 0.030848186 
263 260 13 17 0.02998611 
75 227 29 37 0.029904034 
475 507 49 66 0.029808575 
803 437 25 33 0.02965269 
114 426 31 53 0.029569427 
523 529 108 132 0.02921569 
73 532 41 51 0.029098822 
108 276 14 17 0.028985903 
622 195 209 213 0.028917441 
711 442 32 39 0.028682778 
957 491 36 42 0.028607465 
222 346 29 35 0.02820433 
232 127 115 130 0.027635487 
209 211 14 15 0.026573762 
347 345 33 40 0.026409123 
776 443 19 26 0.026318306 
252 335 23 26 0.025777435 
774 541 51 70 0.025477275 
639 65 92 114 0.025109446 
216 416 51 66 0.024896732 
999 421 24 35 0.02448881 
274 433 55 69 0.02444281 
134 386 54 68 0.024069745 
207 204 13 17 0.02406763 
190 212 13 17 0.023723606 
435 440 59 84 0.023706142 
183 151 127 149 0.02367758 
745 612 43 57 0.023618711 
758 540 44 63 0.023414765 
769 456 45 56 0.023381718 
261 253 22 28 0.023377405 
309 330 13 17 0.023256695 
304 -8 58 64 0.02310297 
878 426 28 29 0.022996882 
182 433 30 41 0.022802245 
219 227 12 14 0.022698192 
685 430 25 32 0.022537766 
151 222 11 14 0.022271976 
164 389 49 62 0.022206923 
82 299 49 59 0.022173101 
176 342 50 64 0.02180085 
238 339 24 28 0.021615805 
284 164 15 18 0.021583818 
666 450 48 64 0.021421634 
818 483 77 93 0.02125391 
892 484 41 57 0.021198802 
205 374 28 36 0.02109536 
618 137 36 49 0.021085767 
336 325 82 95 0.02075839 
708 280 40 43 0.02071483 
665 157 51 64 0.020513555 
287 333 42 49 0.02029061 
291 331 15 18 0.020286178 
205 215 25 30 0.020267492 
326 354 13 20 0.020186927 
993 433 27 37 0.020150064 
824 455 30 39 0.020082809 
671 436 28 40 0.020013703 
