2_Demonstration_Demonstration_Or_Protest_2_476
2430
623 560 28 32 0.99161106 
137 496 19 24 0.9909738 
991 592 24 33 0.9904365 
274 502 21 26 0.98787993 
692 599 35 39 0.9878605 
193 502 19 23 0.98506355 
428 366 17 22 0.98492324 
781 504 25 28 0.98457205 
192 553 22 27 0.9838087 
126 293 14 18 0.98258144 
81 343 17 21 0.98126215 
577 328 19 22 0.97984844 
333 222 13 16 0.9791726 
786 443 25 28 0.97724825 
604 333 17 23 0.97708684 
823 588 26 30 0.9725647 
749 469 24 29 0.9723024 
515 399 21 25 0.9720614 
121 359 18 22 0.971315 
678 464 24 28 0.9704128 
947 445 26 30 0.9683823 
132 406 16 20 0.96708035 
754 578 30 32 0.96479005 
217 480 17 23 0.9627005 
627 455 24 29 0.9616764 
389 605 19 25 0.9607598 
474 283 16 19 0.95960987 
996 520 24 30 0.95893556 
875 532 27 35 0.9562405 
35 419 23 27 0.952453 
28 223 15 17 0.94965637 
327 618 23 28 0.94934404 
740 373 24 28 0.948889 
385 276 16 20 0.9472319 
524 467 17 22 0.9470792 
100 304 18 21 0.9440793 
235 163 16 20 0.9434126 
50 253 17 20 0.9428394 
691 377 21 25 0.94040257 
274 294 19 22 0.9402381 
318 200 15 17 0.93609995 
589 386 22 26 0.9356934 
901 389 24 26 0.9345547 
267 227 14 19 0.9275501 
847 324 22 25 0.92713726 
767 403 24 27 0.9263204 
539 362 22 26 0.92530787 
643 324 21 26 0.9249344 
493 293 18 22 0.92453545 
12 251 16 20 0.9237433 
247 483 22 26 0.92348826 
801 413 23 28 0.92085683 
524 570 22 26 0.9203959 
460 427 22 28 0.9201172 
944 289 23 28 0.9175517 
579 255 18 21 0.9138839 
173 304 18 22 0.91385466 
989 373 26 29 0.9129373 
196 260 15 18 0.9102932 
439 344 19 24 0.9099585 
226 426 20 25 0.9077632 
7 330 18 22 0.90760046 
827 432 24 28 0.90609956 
91 481 19 22 0.9056733 
983 319 23 28 0.9047525 
928 402 26 29 0.9041504 
320 252 17 20 0.9035562 
530 249 17 21 0.9027395 
303 610 22 27 0.90105116 
237 310 19 22 0.90103173 
579 437 23 26 0.896823 
730 508 24 28 0.8955965 
500 494 23 27 0.8954476 
812 289 19 22 0.8947316 
880 473 22 28 0.89405423 
781 182 15 18 0.89356905 
752 263 20 23 0.8931774 
905 291 20 24 0.89104474 
620 174 14 18 0.88739765 
281 359 17 21 0.8872883 
804 221 17 20 0.88663614 
179 159 14 16 0.88076633 
63 439 20 25 0.8790438 
808 246 20 22 0.87639433 
46 380 15 18 0.8761119 
469 543 20 24 0.87469697 
920 257 20 23 0.8744774 
108 427 22 24 0.873155 
516 608 20 24 0.87244576 
553 465 23 29 0.8690779 
622 300 21 25 0.86714554 
435 212 17 20 0.8664648 
443 462 19 23 0.8661042 
418 406 21 23 0.86550343 
283 405 19 23 0.86263937 
337 268 19 22 0.8599304 
425 491 23 27 0.85952955 
138 381 17 22 0.8583906 
639 429 21 25 0.8576341 
879 209 14 18 0.85481787 
46 233 14 16 0.84983885 
302 279 16 19 0.84862274 
401 170 14 18 0.84840596 
499 352 17 20 0.8481751 
468 375 15 19 0.8448433 
421 340 17 20 0.8414728 
293 246 14 17 0.8363831 
922 627 21 28 0.8326142 
111 131 14 16 0.82490134 
638 371 21 26 0.8238708 
520 299 18 21 0.8188668 
509 215 16 19 0.8172024 
912 319 23 24 0.81683105 
169 119 16 19 0.8164923 
328 334 18 20 0.81299806 
908 190 14 16 0.80649155 
992 150 19 21 0.80184454 
878 415 25 31 0.8009111 
885 175 14 18 0.8006472 
258 74 14 17 0.8003447 
262 204 13 17 0.79892975 
80 419 19 23 0.79750264 
489 650 28 31 0.797252 
372 295 15 19 0.7958879 
701 245 14 17 0.7915113 
456 263 15 20 0.79036945 
27 356 17 21 0.7888425 
213 646 27 30 0.78882754 
887 357 22 27 0.7874298 
207 377 15 18 0.78401965 
661 215 17 21 0.77630067 
200 444 21 26 0.7732526 
213 281 13 17 0.7728665 
221 405 17 22 0.766086 
646 74 13 16 0.7648555 
191 327 16 19 0.7645875 
733 104 13 17 0.763632 
87 261 13 17 0.75522244 
722 147 16 19 0.7551631 
138 233 17 19 0.7537747 
562 554 22 29 0.7526724 
425 50 13 17 0.7479461 
789 101 14 16 0.7473456 
80 380 16 19 0.7467761 
575 364 19 21 0.7458837 
403 455 22 25 0.7423699 
572 501 23 25 0.73246896 
45 324 19 22 0.73135537 
825 181 15 17 0.7306442 
587 623 27 32 0.73032844 
360 247 19 22 0.72766054 
631 235 16 19 0.7272476 
733 281 19 21 0.72443885 
613 224 15 19 0.7204872 
181 404 16 20 0.7192993 
516 104 14 18 0.71640927 
366 323 17 19 0.7136161 
402 225 17 19 0.7021591 
239 386 19 22 0.70146984 
732 419 25 30 0.69891334 
314 371 18 22 0.69705695 
252 344 19 20 0.6970371 
165 348 17 21 0.69566876 
503 179 13 16 0.6939872 
185 428 17 22 0.69158924 
262 431 17 22 0.6912393 
360 441 21 25 0.6875085 
670 430 24 27 0.68545353 
133 155 12 16 0.6844622 
431 299 18 21 0.683573 
927 164 14 18 0.6831087 
555 314 19 21 0.68201417 
701 145 14 17 0.6803149 
741 235 16 18 0.6768444 
112 178 14 17 0.67341554 
363 402 22 24 0.67195445 
383 188 18 20 0.6700727 
416 265 17 21 0.6640736 
143 210 14 17 0.6633185 
244 588 22 25 0.6575394 
714 96 13 17 0.65510267 
447 151 14 17 0.64432025 
94 232 15 17 0.643458 
252 189 15 17 0.6433777 
651 531 29 33 0.6417363 
382 223 17 19 0.6403721 
314 169 14 18 0.63685066 
506 332 18 20 0.63592863 
331 111 14 15 0.63515496 
275 555 25 29 0.6331916 
868 298 18 20 0.63184565 
650 496 21 24 0.63154835 
376 376 17 20 0.62706625 
661 242 20 23 0.6250546 
215 221 14 18 0.6223991 
170 69 12 15 0.6222428 
629 123 13 15 0.6206691 
338 353 17 22 0.61963767 
517 196 16 19 0.617231 
900 76 13 15 0.6106496 
690 214 16 19 0.6058274 
692 202 14 16 0.6032262 
557 227 16 19 0.6019594 
332 495 22 25 0.598963 
169 273 14 17 0.597401 
150 164 15 18 0.5939339 
209 139 12 15 0.59283406 
527 162 13 17 0.5920785 
540 206 17 20 0.5908576 
243 234 13 17 0.58966905 
601 82 14 17 0.58418316 
292 208 16 19 0.5808323 
229 199 14 17 0.57720953 
90 70 14 16 0.573136 
334 178 16 19 0.5717675 
827 74 12 15 0.5658661 
140 104 13 16 0.5634477 
324 292 19 23 0.56292635 
865 237 20 23 0.56115186 
131 187 14 16 0.5607054 
799 319 21 24 0.55740947 
303 341 20 22 0.5571449 
863 389 23 27 0.5553079 
675 181 12 15 0.55219823 
734 206 16 19 0.5515463 
258 264 17 20 0.5511015 
589 291 16 20 0.54952437 
591 109 12 14 0.54515094 
1003 218 17 20 0.54101187 
756 150 14 15 0.5372144 
427 124 14 16 0.5362028 
905 238 18 21 0.5353334 
607 195 13 15 0.53378385 
623 52 12 15 0.5327915 
645 15 11 15 0.5298667 
322 133 13 15 0.5297294 
398 255 16 19 0.528729 
625 198 12 14 0.5237791 
795 133 12 15 0.5146243 
552 297 17 19 0.51219594 
569 53 11 13 0.5108877 
458 235 17 21 0.5060259 
301 86 14 17 0.5058774 
112 153 14 16 0.50453943 
13 220 12 16 0.50240374 
285 95 13 15 0.50093967 
972 225 15 18 0.49987495 
395 114 14 15 0.49831775 
20 271 17 19 0.4971511 
846 131 13 15 0.49365053 
414 83 13 15 0.4930648 
171 185 15 18 0.4892444 
752 291 20 24 0.4853648 
440 49 12 15 0.4825204 
953 101 14 17 0.48019755 
439 102 13 16 0.47968554 
259 195 15 18 0.479656 
137 468 21 24 0.47866648 
680 156 14 16 0.47628993 
662 93 12 15 0.47611824 
86 193 15 18 0.47055557 
188 283 17 18 0.4693484 
63 66 11 13 0.46657798 
973 89 15 19 0.4658873 
445 86 11 13 0.46382207 
431 73 12 16 0.46309194 
153 187 13 16 0.45609793 
941 190 16 20 0.45538002 
551 100 12 14 0.45289594 
482 101 13 16 0.45170358 
471 332 19 21 0.44806716 
536 116 13 15 0.4479819 
409 35 13 16 0.44729796 
454 304 16 21 0.44700894 
705 551 27 32 0.43797112 
488 35 11 13 0.43792236 
180 220 13 15 0.43691114 
565 77 12 14 0.43569565 
993 242 21 27 0.43486953 
68 300 13 17 0.43461353 
671 274 15 19 0.43432865 
933 227 16 18 0.43171954 
402 433 19 22 0.42901364 
270 111 12 14 0.42840934 
318 96 12 14 0.42840847 
150 309 20 24 0.4259556 
146 429 20 22 0.42151523 
293 157 16 18 0.42130947 
89 130 12 16 0.42091435 
682 93 12 14 0.41751912 
491 472 23 26 0.41594794 
99 402 19 22 0.41458717 
190 234 15 17 0.41448188 
404 60 13 16 0.40753177 
772 153 14 16 0.40102297 
501 68 13 15 0.40041453 
940 357 28 32 0.39827114 
59 214 13 16 0.396093 
770 92 14 16 0.3927858 
44 282 17 20 0.3888994 
1002 265 17 19 0.38424662 
523 45 11 14 0.38144258 
364 174 12 14 0.38088414 
478 216 16 18 0.38064522 
73 125 12 15 0.3775676 
254 245 14 16 0.37672266 
520 285 17 18 0.37418163 
848 234 15 17 0.37366912 
254 166 13 15 0.37298477 
423 148 13 17 0.3724501 
90 219 14 16 0.3677722 
835 49 14 18 0.36757293 
189 78 11 12 0.36748 
286 127 12 14 0.36619517 
856 178 17 21 0.36586514 
278 571 24 28 0.36544392 
90 456 18 22 0.36073655 
692 259 16 19 0.35803396 
602 161 14 17 0.35729927 
206 79 12 14 0.3547983 
366 122 13 16 0.35362 
332 435 18 22 0.3504078 
312 235 13 17 0.34679043 
333 63 15 18 0.3448381 
386 344 18 22 0.34234297 
477 181 13 16 0.34212554 
610 66 13 15 0.34150872 
222 261 13 16 0.34097192 
812 268 17 20 0.3407554 
40 203 13 15 0.33961916 
19 162 13 15 0.33924842 
402 126 12 15 0.33550605 
504 43 11 14 0.33537275 
683 164 13 15 0.32753694 
480 83 11 14 0.32434928 
716 128 13 16 0.323395 
798 66 16 17 0.3230266 
204 101 14 17 0.32249144 
560 150 13 16 0.3223564 
503 236 16 20 0.3213827 
956 179 15 18 0.3205397 
482 227 16 20 0.3193701 
606 420 20 25 0.31801292 
376 35 13 17 0.31799877 
841 265 17 20 0.31749684 
292 30 11 14 0.31559747 
388 304 17 20 0.315571 
677 119 11 14 0.3154498 
748 67 11 13 0.31532395 
696 122 13 16 0.3150486 
770 110 14 16 0.31370774 
351 101 13 15 0.3135091 
830 235 15 17 0.31311083 
341 400 18 22 0.31288835 
248 109 12 15 0.3125732 
651 42 11 14 0.31233826 
191 132 14 16 0.31102833 
944 243 18 22 0.30958098 
206 61 12 13 0.3070058 
583 140 12 14 0.3047069 
188 92 13 16 0.30132085 
297 59 11 15 0.29780513 
641 166 11 14 0.2972757 
1 488 16 21 0.29414472 
992 114 13 15 0.2924527 
899 197 14 17 0.29080716 
621 265 16 18 0.285478 
645 60 11 14 0.2844861 
600 132 12 15 0.28149617 
361 367 18 21 0.2810358 
662 197 15 17 0.28102678 
863 219 15 18 0.27843383 
943 149 14 18 0.27745152 
231 116 14 16 0.27371484 
126 85 11 14 0.27120373 
368 69 11 13 0.27105254 
210 242 14 16 0.27082506 
98 109 11 14 0.27075586 
477 125 11 13 0.2696026 
688 171 13 16 0.2692823 
803 157 12 15 0.26902014 
574 202 16 18 0.26868573 
684 337 19 21 0.26738447 
780 250 17 20 0.26701015 
945 383 27 29 0.26660353 
438 233 13 17 0.26641735 
188 84 14 16 0.26537275 
415 91 13 18 0.2636542 
562 173 12 14 0.261503 
908 296 24 28 0.25940612 
228 60 11 14 0.25883648 
181 25 15 17 0.2574991 
579 125 12 14 0.2557181 
779 45 13 15 0.25344187 
536 186 15 16 0.25186223 
654 189 12 13 0.25077823 
683 86 13 15 0.25070179 
664 303 17 22 0.24886593 
927 122 14 17 0.24816631 
726 33 12 16 0.24767543 
139 599 17 20 0.24752949 
374 9 12 15 0.24674736 
459 75 12 14 0.24644527 
519 146 12 15 0.24614683 
695 67 11 15 0.24577881 
551 260 14 18 0.24536727 
672 115 12 15 0.2434134 
676 55 10 12 0.24164595 
57 110 12 15 0.23906618 
573 12 12 13 0.23873574 
642 213 15 17 0.23813847 
260 134 14 16 0.237794 
596 535 25 31 0.23720396 
863 414 25 31 0.23716584 
646 141 12 15 0.23653466 
516 67 12 13 0.2361743 
651 273 16 18 0.23538928 
608 12 10 12 0.23486407 
141 72 10 12 0.23470129 
663 362 20 25 0.23459327 
558 69 12 13 0.23393883 
455 172 15 17 0.23382255 
839 201 15 18 0.23361619 
774 35 13 15 0.23229665 
746 117 13 15 0.23131159 
526 233 15 17 0.23117056 
470 126 11 14 0.22982194 
774 218 15 17 0.22788657 
958 153 14 18 0.22779077 
581 149 13 16 0.22639923 
225 69 13 15 0.22460827 
735 435 24 29 0.2235591 
130 332 14 17 0.222306 
985 415 24 27 0.22040519 
620 22 11 13 0.22004008 
181 227 14 18 0.21916008 
635 98 12 14 0.21902034 
800 162 13 17 0.21849214 
743 458 25 32 0.21468876 
365 206 13 15 0.21458913 
195 185 15 18 0.21246478 
593 53 9 11 0.21147224 
671 111 10 13 0.21100445 
687 11 10 13 0.21048787 
583 63 12 13 0.20997308 
878 142 14 16 0.20907147 
480 69 10 14 0.20880246 
95 169 14 17 0.2082989 
595 258 16 20 0.20808615 
486 60 11 13 0.20496872 
76 83 10 13 0.20386092 
737 44 11 14 0.20380141 
73 85 9 12 0.20298085 
103 61 8 10 0.20279714 
503 165 12 14 0.2018313 
694 44 12 14 0.2015516 
868 141 12 15 0.20082724 
0 523 40 55 0.1998401 
676 77 11 13 0.19962785 
234 282 15 17 0.19923978 
687 62 11 14 0.1992321 
582 99 13 15 0.19909771 
520 368 18 21 0.19891936 
487 145 14 16 0.1971996 
991 123 13 17 0.19658436 
916 267 21 27 0.19587916 
703 54 10 12 0.19571647 
299 190 13 16 0.19554171 
629 5 11 12 0.19524732 
742 165 12 14 0.19506446 
120 100 11 13 0.19506425 
465 130 11 15 0.19415466 
700 46 11 12 0.19334392 
660 157 12 15 0.19310616 
331 86 11 13 0.19298743 
607 209 13 16 0.1928459 
622 92 13 16 0.19276688 
350 130 11 14 0.19170427 
69 305 15 19 0.19157943 
6 286 15 21 0.19141792 
387 61 10 12 0.19136365 
894 123 14 17 0.19106942 
522 82 12 15 0.18947285 
65 194 14 15 0.18938519 
242 14 12 15 0.1880484 
277 82 14 15 0.18798518 
629 30 9 13 0.18776357 
56 86 10 13 0.18572819 
890 109 12 15 0.18364437 
462 213 11 15 0.18311206 
270 153 15 16 0.18296112 
203 169 16 19 0.18234807 
135 64 9 11 0.17893453 
279 45 10 12 0.17878354 
629 94 13 16 0.1781162 
844 138 14 16 0.17707865 
552 12 10 12 0.17671472 
907 414 22 29 0.17585716 
953 171 16 19 0.17533208 
968 208 18 21 0.17507656 
343 27 13 14 0.1749969 
578 169 14 17 0.17422886 
132 263 15 18 0.1742237 
485 454 25 27 0.171693 
865 227 17 20 0.17087829 
186 69 12 15 0.17043002 
526 51 11 13 0.16904446 
168 100 11 14 0.16850618 
975 173 13 17 0.16787821 
774 66 12 15 0.16784959 
840 147 12 16 0.16771342 
565 133 12 13 0.16756707 
150 93 10 12 0.16680455 
436 70 11 14 0.16667558 
600 180 11 15 0.16644268 
968 115 13 16 0.16626272 
445 5 13 14 0.16530125 
865 467 24 30 0.16505195 
762 178 13 16 0.1644421 
125 79 11 13 0.16411212 
535 94 12 14 0.16401085 
405 519 22 26 0.16279414 
863 35 11 13 0.16202861 
137 69 9 11 0.16053642 
235 91 12 14 0.160316 
700 118 13 15 0.15945067 
236 290 16 17 0.15943365 
172 1 11 11 0.15868078 
239 140 13 14 0.1583453 
95 101 13 15 0.15833639 
10 181 12 14 0.15810513 
341 157 11 13 0.15810274 
928 76 11 13 0.157562 
414 196 15 18 0.15748881 
762 193 14 17 0.15642475 
737 449 24 28 0.15610182 
401 288 15 18 0.15561229 
385 69 11 15 0.15518355 
803 641 33 36 0.15517779 
693 101 12 14 0.15457614 
360 47 11 14 0.15440197 
28 181 12 14 0.15373757 
77 101 9 13 0.15358192 
560 114 13 15 0.15334544 
863 265 16 18 0.1528799 
371 203 12 15 0.15199362 
533 60 10 13 0.15177454 
345 46 11 13 0.1516723 
951 67 10 14 0.15115869 
977 278 19 21 0.15101616 
239 44 11 12 0.15081486 
309 111 12 15 0.14963576 
283 78 13 15 0.14894213 
562 281 14 18 0.1488427 
508 69 11 13 0.14825128 
16 101 9 11 0.14801666 
499 90 12 15 0.14735919 
203 158 13 15 0.14720486 
813 172 14 17 0.1467881 
486 391 16 19 0.14667846 
345 36 12 13 0.14658645 
541 147 13 16 0.146154 
275 433 19 24 0.14594081 
616 148 11 14 0.14591077 
780 69 11 14 0.1458705 
720 52 11 14 0.14536366 
744 90 12 14 0.1453396 
74 227 13 16 0.14478806 
599 138 12 15 0.14387149 
591 11 10 12 0.14377014 
669 188 13 15 0.14373113 
132 86 9 13 0.14344834 
687 54 11 13 0.14288044 
324 68 14 16 0.14262758 
398 243 15 18 0.14183635 
181 45 11 12 0.1410316 
1005 447 17 24 0.14099419 
69 328 16 18 0.13989468 
40 164 12 15 0.1395153 
82 292 16 17 0.13918348 
894 157 13 15 0.13906406 
252 39 10 11 0.13904582 
62 91 10 12 0.1386367 
908 79 11 14 0.1379488 
347 244 13 17 0.13776009 
75 299 15 17 0.1377297 
763 155 13 16 0.13758387 
326 156 11 14 0.13734092 
702 60 11 14 0.13717285 
694 11 9 12 0.13608225 
647 55 11 13 0.13589224 
947 141 14 16 0.13586223 
400 92 12 15 0.13561824 
399 198 13 16 0.13551362 
787 232 15 19 0.13519259 
401 84 10 13 0.13447796 
612 14 11 12 0.13424733 
150 268 14 17 0.13405167 
708 186 13 16 0.13352136 
327 77 12 15 0.13324915 
273 466 23 26 0.13294765 
648 107 11 14 0.1321227 
158 24 12 14 0.13166846 
152 86 10 12 0.13142207 
718 171 11 15 0.131264 
375 149 12 15 0.13081712 
563 71 13 14 0.13078414 
256 45 9 12 0.13076262 
844 155 12 15 0.13043392 
764 15 13 15 0.12931763 
568 6 10 12 0.12930086 
526 130 13 15 0.1289309 
486 157 13 15 0.12849481 
805 212 16 20 0.12843516 
510 125 12 16 0.12830938 
256 54 10 12 0.12830141 
859 117 11 14 0.12719047 
624 27 11 13 0.12690054 
854 172 15 19 0.12663314 
366 370 22 25 0.12635368 
767 131 12 15 0.1261681 
564 142 12 13 0.12601681 
739 189 13 14 0.1259068 
600 150 12 14 0.12550837 
805 29 12 15 0.12537034 
303 432 16 20 0.124740355 
303 114 12 14 0.124707185 
709 171 13 15 0.12463365 
398 99 13 15 0.12454057 
911 218 13 16 0.12410507 
204 187 15 19 0.12295064 
133 249 14 17 0.12236771 
316 158 13 16 0.12224235 
334 90 11 13 0.12205467 
559 219 18 20 0.12117316 
358 163 13 16 0.12053196 
494 487 22 27 0.1201902 
365 131 13 16 0.11950211 
657 161 12 15 0.11949 
916 83 11 13 0.11830115 
134 240 16 18 0.118048936 
150 71 10 12 0.11791653 
259 92 11 14 0.11770975 
660 190 13 15 0.11735127 
953 501 24 27 0.11722746 
310 126 11 13 0.11669245 
694 129 13 16 0.11660472 
360 425 24 28 0.1165259 
768 543 32 35 0.116165176 
816 136 10 12 0.116062135 
791 125 13 16 0.11598544 
17 74 10 14 0.11551 
126 63 9 11 0.11525628 
552 129 12 16 0.115106896 
917 133 17 19 0.114741676 
492 197 14 17 0.11460094 
272 102 12 14 0.114256494 
254 59 11 13 0.11407737 
94 93 11 14 0.113894284 
372 557 20 25 0.1136046 
533 131 12 15 0.11353454 
595 220 12 15 0.11292075 
542 76 12 14 0.11275226 
700 6 11 12 0.11246588 
226 28 12 14 0.11239386 
866 77 14 16 0.11220581 
725 101 12 16 0.112094656 
559 179 13 15 0.112063535 
685 100 12 13 0.11141465 
837 85 11 14 0.11140053 
577 355 19 22 0.11112624 
671 70 11 13 0.11073083 
877 164 11 15 0.10976309 
24 179 11 14 0.10954946 
787 19 14 17 0.10923636 
445 196 14 17 0.10909518 
878 57 13 15 0.10905656 
779 38 12 16 0.10903995 
232 277 13 15 0.10879692 
816 140 12 15 0.108398885 
646 268 16 19 0.10828458 
278 93 13 16 0.108221166 
628 150 11 14 0.10767333 
158 293 14 16 0.1074943 
877 197 14 16 0.107396945 
641 205 14 16 0.10719692 
433 313 16 20 0.10680076 
738 221 15 17 0.105153084 
239 51 11 14 0.10500732 
302 135 11 14 0.10451956 
557 187 13 17 0.1044395 
471 152 13 16 0.10436695 
660 88 11 14 0.104253344 
450 117 14 16 0.10416935 
293 149 14 15 0.103904895 
577 209 15 18 0.10375058 
229 54 11 13 0.1036645 
261 47 9 10 0.10326997 
231 101 11 13 0.1032096 
835 36 13 15 0.103111714 
614 157 13 16 0.10288128 
577 196 14 16 0.10266577 
619 165 14 16 0.10195708 
427 35 13 15 0.10183933 
871 289 20 24 0.1017748 
112 108 11 14 0.10135891 
125 91 12 14 0.1013044 
799 33 13 16 0.1012882 
398 79 12 14 0.10126704 
341 132 12 15 0.10102551 
210 170 15 19 0.10053772 
595 376 23 26 0.10035908 
78 150 11 14 0.10013948 
185 640 23 27 0.10008092 
712 125 12 15 0.09986592 
415 180 13 16 0.099710174 
12 175 12 14 0.09956067 
757 143 13 15 0.099495284 
599 89 13 16 0.0993619 
71 276 14 17 0.0992183 
997 254 21 25 0.09918168 
680 555 25 32 0.09902164 
67 64 11 13 0.09894865 
891 226 16 19 0.09863133 
247 103 11 14 0.09835456 
202 111 15 17 0.09825926 
773 18 14 17 0.09820455 
585 75 11 13 0.098158106 
317 67 13 16 0.09805334 
273 172 13 16 0.09781329 
446 123 13 15 0.097420655 
815 43 13 16 0.09726652 
315 60 13 16 0.09718001 
751 43 14 17 0.09670482 
190 371 14 18 0.09661744 
200 44 11 14 0.096510656 
193 124 14 16 0.09650541 
147 100 12 15 0.09639854 
678 11 11 15 0.096282355 
141 0 13 17 0.09624604 
644 94 11 13 0.09599586 
587 69 12 14 0.095716864 
269 139 13 14 0.095343955 
702 171 12 15 0.095222495 
853 167 12 14 0.09514345 
172 63 13 16 0.09510264 
69 146 12 15 0.09476647 
427 28 12 15 0.09468884 
740 180 13 14 0.094592065 
21 173 13 15 0.094579756 
541 85 11 13 0.09389172 
582 37 12 15 0.09375738 
588 135 12 15 0.09369071 
833 241 15 18 0.09320556 
364 229 12 15 0.09310595 
154 159 15 18 0.09283246 
323 100 12 14 0.09260865 
366 62 11 14 0.09255661 
412 234 14 17 0.09237893 
701 12 10 12 0.09197318 
640 18 11 14 0.091862775 
264 38 10 11 0.091324076 
954 162 15 20 0.091184795 
831 30 12 15 0.091031216 
493 422 22 26 0.09076726 
614 143 11 13 0.09053316 
919 100 13 15 0.09049226 
891 411 25 32 0.09047325 
580 178 14 17 0.09006169 
1003 98 12 16 0.09005981 
898 56 14 17 0.089772105 
480 130 12 13 0.08969051 
362 414 19 21 0.08964405 
915 59 13 15 0.08953155 
286 71 10 12 0.089478485 
504 249 16 18 0.08913845 
148 576 22 26 0.08896088 
871 91 12 14 0.08886727 
413 187 15 16 0.08868229 
290 132 13 15 0.08849912 
190 117 11 14 0.08839892 
622 139 13 15 0.08835291 
336 138 11 14 0.08834227 
503 51 11 13 0.088237196 
645 101 12 15 0.0880544 
238 59 11 13 0.08763795 
417 251 15 19 0.087552965 
596 117 11 14 0.08748262 
654 194 13 15 0.08719754 
733 12 11 12 0.0871511 
102 77 10 12 0.0870016 
22 117 13 15 0.08688215 
709 86 12 14 0.08681819 
853 461 24 31 0.08665671 
579 187 14 16 0.08658267 
183 62 12 14 0.08651727 
242 146 14 16 0.08651372 
337 471 21 26 0.086459495 
447 142 12 14 0.08623153 
572 391 17 21 0.086149864 
597 101 11 13 0.08609773 
612 115 13 16 0.08596479 
916 108 13 15 0.08593104 
864 146 12 15 0.08583034 
597 246 16 20 0.08541874 
417 243 16 19 0.08512145 
39 142 13 14 0.084835075 
872 396 18 23 0.08461529 
394 342 16 20 0.08458631 
914 41 15 17 0.08452917 
403 467 18 23 0.08430873 
589 204 12 16 0.08424667 
482 76 13 15 0.08418594 
869 157 13 16 0.083981566 
205 66 11 14 0.0837998 
284 433 20 24 0.083683975 
975 267 18 19 0.08338317 
636 442 24 31 0.08330121 
887 90 12 14 0.083201 
317 45 12 13 0.0831816 
739 196 14 15 0.08287496 
459 82 14 16 0.0828698 
617 280 17 19 0.08275897 
61 204 13 17 0.08257245 
292 92 12 16 0.082489036 
247 37 11 13 0.08248461 
296 84 13 17 0.08244171 
205 54 12 15 0.081991784 
870 84 13 15 0.081973106 
603 127 13 15 0.08181962 
338 115 13 16 0.08156275 
360 178 13 16 0.081491016 
222 346 14 17 0.08133871 
660 37 12 15 0.081197225 
117 70 11 13 0.080955744 
831 82 12 15 0.08074984 
232 87 11 13 0.080650665 
249 115 13 15 0.08044979 
534 431 21 26 0.080431394 
689 46 11 12 0.08039564 
472 119 11 13 0.080383375 
692 167 12 16 0.079473406 
485 441 21 28 0.07920445 
233 110 13 15 0.07918805 
155 613 14 20 0.07901033 
561 29 10 13 0.07899823 
471 68 11 14 0.07850769 
314 108 12 14 0.078497164 
895 319 23 26 0.07849374 
230 37 11 13 0.0784446 
891 115 14 16 0.0784221 
262 323 15 20 0.07842116 
357 186 13 16 0.07823681 
563 165 13 17 0.0781501 
399 234 15 18 0.078147635 
705 249 15 18 0.0779767 
484 286 19 24 0.077951394 
688 108 12 13 0.07795112 
250 237 14 17 0.07790159 
396 150 12 15 0.07755267 
907 274 16 18 0.07734802 
699 196 13 16 0.0771631 
174 319 14 19 0.07710955 
278 441 22 25 0.07707043 
484 125 11 13 0.077068046 
314 230 14 17 0.076964885 
310 132 10 13 0.07691015 
73 322 16 19 0.07690552 
894 83 13 17 0.076617986 
150 77 11 14 0.076607354 
88 92 10 13 0.07654815 
470 51 11 14 0.07649218 
758 160 15 16 0.07618669 
26 91 11 15 0.076059096 
383 86 12 15 0.07601572 
695 251 15 19 0.07590126 
311 337 20 25 0.07582248 
586 236 14 17 0.07497756 
673 60 11 13 0.074941725 
568 101 11 13 0.07489356 
815 28 11 13 0.07488244 
144 85 9 12 0.074820496 
360 211 13 16 0.074730106 
533 67 12 14 0.07466439 
372 107 13 15 0.07462405 
267 119 14 17 0.07445917 
556 7 10 12 0.07437869 
228 337 15 18 0.07420191 
490 30 12 14 0.07412562 
525 556 25 29 0.07409792 
411 172 13 15 0.07406104 
133 13 14 17 0.073855035 
201 68 10 13 0.073805496 
868 305 22 27 0.07357972 
805 205 15 18 0.07351233 
661 149 13 15 0.073172204 
572 48 11 12 0.073170505 
884 315 24 28 0.07307117 
93 64 11 13 0.07306903 
457 70 11 15 0.07276664 
85 633 26 31 0.07254397 
332 29 11 13 0.07254179 
157 220 14 18 0.07250659 
714 259 14 18 0.07248867 
676 444 28 36 0.07247353 
627 129 13 16 0.07245284 
678 424 26 29 0.072451524 
228 267 14 16 0.072191976 
411 69 11 13 0.072188266 
223 47 11 12 0.071998924 
137 129 12 16 0.07199093 
742 173 11 14 0.07198631 
86 213 14 17 0.07183623 
177 13 10 13 0.07134524 
642 171 13 15 0.07088526 
198 84 10 13 0.070519045 
895 397 28 35 0.07043077 
219 315 14 18 0.070183575 
802 75 13 17 0.06993375 
150 63 10 11 0.06980208 
640 76 12 15 0.069764644 
102 85 11 13 0.069748655 
205 304 15 18 0.06973774 
325 414 16 19 0.06971382 
181 149 15 18 0.06971031 
168 107 12 16 0.06961219 
120 62 10 12 0.06946505 
73 313 16 18 0.06944642 
488 43 12 14 0.069420815 
867 438 22 28 0.0692166 
769 60 11 14 0.069204494 
79 205 12 15 0.069126435 
567 58 11 13 0.06900418 
46 62 10 11 0.06889941 
836 250 15 17 0.068745635 
265 30 10 11 0.06866573 
832 227 16 19 0.06865274 
363 219 13 16 0.06842744 
600 368 23 26 0.06834869 
98 221 13 15 0.06832452 
224 53 11 13 0.06826482 
453 29 11 14 0.06813219 
118 21 9 11 0.067995146 
318 128 13 16 0.06798803 
441 93 12 15 0.06790857 
719 13 10 12 0.06786716 
698 264 16 20 0.06781579 
139 123 14 17 0.06778391 
529 14 9 11 0.06773621 
584 23 9 12 0.067685984 
308 91 14 16 0.067681 
287 249 14 18 0.06744811 
564 126 11 13 0.06740199 
224 3 11 12 0.06734739 
341 150 13 15 0.06714229 
83 199 16 18 0.06705708 
910 52 14 16 0.06693329 
271 55 10 11 0.06688889 
445 67 11 14 0.06683465 
585 106 12 15 0.066580504 
68 220 12 16 0.06657005 
371 116 13 16 0.06655849 
773 144 12 14 0.0664778 
396 436 18 22 0.066310816 
820 12 14 16 0.066241406 
181 37 13 15 0.066141814 
131 324 15 18 0.06609624 
854 27 13 15 0.06593324 
820 155 13 14 0.06585682 
507 222 16 20 0.065753385 
116 106 12 15 0.065735854 
146 218 14 17 0.06561909 
27 164 11 13 0.06560916 
279 584 23 27 0.065594204 
555 95 12 14 0.065463215 
93 48 10 12 0.06537533 
931 71 13 16 0.065277316 
371 211 13 16 0.06512807 
668 157 11 14 0.06502942 
272 84 11 14 0.06497274 
183 87 11 14 0.064895935 
941 84 13 17 0.06451058 
263 124 14 16 0.06447106 
327 55 10 12 0.064460084 
718 179 12 16 0.06436966 
559 23 9 11 0.064065635 
349 78 11 13 0.06401927 
774 50 12 16 0.063926324 
312 99 12 15 0.06387964 
392 110 12 15 0.06385615 
914 212 13 15 0.063834146 
844 277 17 21 0.06378953 
199 165 14 16 0.06368069 
198 298 13 18 0.06343316 
475 148 13 17 0.0633803 
911 403 23 29 0.06327878 
275 141 12 14 0.06301967 
258 542 17 21 0.0629138 
510 113 13 17 0.06280443 
174 95 10 14 0.06268353 
350 188 13 16 0.06249731 
706 141 13 17 0.062380306 
200 51 11 15 0.062336244 
331 35 11 14 0.062266603 
558 132 12 13 0.062088847 
205 390 16 21 0.062037554 
931 210 16 18 0.061965145 
822 360 21 29 0.061820883 
672 13 11 13 0.061650332 
437 170 13 15 0.06156725 
141 114 14 17 0.061534893 
612 7 10 12 0.061519228 
122 84 10 14 0.061508134 
94 177 14 17 0.061477944 
158 211 14 17 0.061263744 
356 92 12 15 0.061193638 
98 242 15 17 0.061186396 
291 99 12 14 0.061011303 
453 163 15 17 0.060992286 
316 616 22 29 0.060979772 
143 292 13 15 0.060970716 
679 142 12 14 0.06093728 
875 400 25 33 0.06087838 
326 37 11 12 0.060844317 
99 70 11 13 0.06084218 
192 180 13 17 0.06082851 
349 93 13 16 0.060662802 
744 64 12 14 0.060619928 
778 227 17 18 0.060517598 
837 78 12 14 0.060447525 
189 334 17 22 0.060432333 
668 415 24 28 0.060413633 
145 92 10 13 0.060288526 
295 109 11 13 0.06007669 
796 421 26 32 0.060012344 
308 363 19 22 0.059930764 
485 473 17 22 0.059784494 
779 259 20 26 0.059767853 
44 427 24 28 0.059715148 
520 52 11 12 0.0596617 
691 179 12 14 0.059547044 
485 3 10 13 0.05951943 
581 12 10 13 0.059488174 
453 83 13 17 0.059435546 
120 77 10 12 0.05941085 
567 22 9 11 0.059364047 
746 84 13 16 0.059353147 
660 29 11 13 0.059077583 
640 199 10 13 0.059042577 
651 51 12 16 0.05885252 
630 60 10 13 0.058752555 
803 84 13 15 0.058738243 
147 230 14 18 0.058675077 
773 173 13 16 0.05866615 
855 77 12 15 0.058355443 
808 92 11 14 0.058259096 
37 208 14 17 0.058180243 
212 55 11 13 0.05815674 
176 28 11 14 0.05797699 
921 280 17 23 0.057961933 
733 60 10 14 0.05792194 
204 95 13 15 0.05778092 
451 4 11 13 0.05774531 
129 354 17 22 0.0576396 
80 62 9 12 0.05762846 
227 22 11 13 0.057596516 
956 118 12 15 0.057524193 
185 162 14 16 0.05748862 
452 183 15 18 0.05746671 
239 77 12 14 0.05733148 
141 63 10 11 0.057278443 
68 203 13 16 0.05723441 
815 422 23 26 0.05704909 
406 20 12 14 0.05699216 
502 125 12 16 0.056973234 
479 92 13 16 0.05690732 
285 120 13 14 0.056842703 
818 164 14 16 0.05684217 
261 420 15 19 0.056799877 
442 302 19 24 0.05675299 
445 37 10 13 0.056623127 
607 220 14 18 0.056571107 
827 116 14 17 0.056556348 
342 126 12 15 0.05654825 
525 318 14 19 0.05653506 
624 133 12 15 0.05652535 
881 216 16 19 0.056491457 
293 141 13 15 0.05641892 
333 479 22 26 0.056301486 
600 170 13 17 0.056189947 
629 212 12 14 0.055998646 
531 158 13 16 0.055893023 
760 18 11 15 0.05585949 
421 172 11 13 0.055818565 
460 91 11 14 0.05554387 
261 220 14 17 0.05553657 
222 34 12 15 0.055440217 
948 276 16 18 0.055365514 
614 37 11 14 0.05516458 
83 150 13 15 0.055054307 
446 188 15 17 0.05495596 
76 178 11 14 0.05492484 
304 125 11 13 0.05476097 
572 492 20 22 0.054754727 
915 610 23 28 0.054691624 
313 68 10 14 0.054676395 
550 105 13 16 0.054675985 
721 228 13 17 0.05450953 
695 140 13 16 0.054441717 
589 211 13 17 0.054361507 
754 51 14 16 0.05426393 
357 138 12 15 0.054141838 
934 82 13 17 0.054101378 
159 309 20 25 0.0540596 
726 59 12 14 0.054044966 
346 19 13 16 0.05397977 
423 129 14 16 0.0539363 
666 101 12 14 0.053929508 
707 60 11 13 0.05392481 
630 35 11 13 0.053903032 
218 170 15 19 0.053861696 
390 256 16 20 0.053709492 
982 129 13 16 0.05369312 
231 234 13 17 0.05361379 
363 185 14 16 0.053540677 
848 162 11 15 0.05337243 
764 138 12 15 0.053361394 
93 155 13 16 0.05333058 
310 141 11 13 0.053327885 
576 142 10 13 0.05313629 
405 261 19 24 0.052846145 
192 291 16 17 0.052736096 
519 93 11 14 0.052705225 
731 38 13 14 0.052673914 
55 80 9 12 0.052498873 
37 156 14 16 0.052487537 
477 639 26 31 0.05236753 
469 37 11 13 0.052158345 
320 37 10 12 0.052114233 
334 122 13 17 0.05211263 
805 170 14 16 0.05208836 
568 91 10 14 0.05202783 
511 63 11 13 0.051960938 
619 329 15 19 0.05190552 
564 109 13 15 0.05185357 
882 429 27 31 0.051752396 
703 181 12 16 0.051705547 
323 93 12 15 0.05169935 
725 5 12 14 0.051675823 
278 51 10 13 0.05165954 
494 14 11 13 0.051534526 
175 52 11 14 0.05153436 
6 410 22 30 0.051399074 
523 141 12 15 0.051384334 
827 193 14 17 0.0513782 
799 82 12 14 0.05135171 
805 189 13 15 0.051331908 
184 140 14 16 0.051239688 
824 106 13 17 0.0512306 
782 74 12 15 0.051223453 
820 29 12 14 0.051145803 
937 233 16 19 0.05113844 
750 155 14 16 0.05112582 
201 59 12 15 0.051047936 
725 165 12 15 0.05102773 
181 52 11 13 0.05102682 
560 34 10 14 0.0509864 
311 147 12 14 0.050983876 
566 1 9 9 0.05094186 
273 92 11 14 0.05091316 
651 14 11 14 0.050864547 
748 12 11 14 0.05085069 
770 124 14 17 0.050814882 
445 131 13 15 0.050782826 
675 111 12 14 0.050529037 
88 64 9 11 0.05046258 
819 35 13 16 0.050424438 
257 250 15 17 0.05029525 
526 67 12 14 0.05026124 
392 154 12 15 0.050148793 
575 340 21 25 0.050080232 
343 13 11 16 0.050065 
579 268 16 21 0.05002737 
591 47 11 13 0.049929414 
151 141 12 14 0.04990809 
812 186 13 15 0.049859017 
211 313 16 20 0.049831156 
135 4 14 16 0.049793344 
377 291 16 19 0.049775705 
422 164 12 15 0.04974077 
813 91 11 14 0.049698856 
645 198 11 14 0.049535763 
573 59 11 14 0.0495171 
531 171 14 16 0.04943417 
156 77 11 14 0.049392663 
832 90 11 14 0.049337726 
957 226 14 18 0.049291395 
127 69 10 12 0.049273945 
116 260 14 19 0.049240094 
693 52 11 13 0.0491835 
652 20 11 12 0.049055416 
926 211 13 15 0.04900904 
708 118 11 12 0.04898314 
819 211 14 16 0.048975155 
724 235 13 18 0.04897258 
672 121 12 16 0.048904937 
125 46 9 11 0.048843976 
824 233 13 18 0.048703328 
277 550 16 21 0.048675843 
329 277 22 25 0.04857964 
141 315 15 19 0.048565052 
414 166 11 14 0.048512265 
469 13 11 13 0.048497166 
619 223 12 16 0.048414547 
549 197 14 17 0.048379876 
348 84 12 15 0.048321303 
582 28 11 14 0.048229307 
722 132 14 16 0.048226178 
301 270 15 19 0.04822447 
818 173 16 18 0.048162103 
198 77 11 15 0.04815653 
634 118 13 16 0.048151236 
426 139 14 16 0.048087157 
544 8 9 11 0.04801505 
242 134 13 16 0.04799302 
302 101 10 14 0.04797742 
548 148 12 16 0.047953248 
631 68 12 14 0.047903247 
229 190 14 17 0.047882166 
245 44 11 13 0.04782276 
228 140 14 16 0.047753975 
425 118 12 16 0.04772129 
237 299 16 19 0.04771698 
374 165 11 13 0.047704965 
184 417 20 25 0.04767937 
913 283 20 27 0.047660906 
630 10 10 13 0.04762131 
44 464 20 27 0.047430657 
471 100 12 15 0.04737961 
727 12 10 13 0.04735589 
269 61 11 13 0.047322538 
108 85 10 13 0.04731897 
444 390 16 20 0.047317944 
270 47 10 10 0.04729313 
477 203 15 17 0.047270413 
184 110 12 15 0.047217272 
240 69 10 12 0.047163688 
202 178 16 19 0.04716338 
231 46 10 12 0.04711813 
468 76 12 15 0.047094148 
596 205 12 15 0.047051042 
723 170 12 15 0.04692917 
818 19 14 16 0.04692378 
659 268 14 20 0.04692271 
576 148 12 15 0.04666866 
139 150 12 15 0.046639483 
383 232 15 19 0.046638746 
411 312 16 21 0.046627898 
844 190 14 17 0.046505235 
168 2 11 14 0.046480272 
891 241 15 19 0.046476323 
958 64 10 12 0.04642412 
638 68 12 15 0.04638658 
476 46 12 14 0.046340827 
677 175 13 15 0.046322837 
276 187 14 17 0.04629326 
93 86 12 14 0.04628052 
43 293 17 20 0.046243295 
288 4 10 12 0.046177078 
820 53 13 16 0.046171654 
886 124 13 16 0.046159957 
655 85 11 14 0.046103284 
932 284 23 30 0.046018597 
179 248 14 18 0.045959655 
55 126 13 16 0.045906752 
652 299 16 19 0.0457404 
653 148 12 15 0.045702532 
78 106 11 14 0.04569174 
20 72 9 12 0.045664545 
459 166 13 17 0.045526687 
701 26 13 15 0.04548662 
333 157 11 14 0.045335323 
54 104 10 12 0.045286484 
256 5 10 13 0.045253504 
112 70 10 13 0.04524306 
857 493 23 30 0.04522965 
260 62 13 14 0.045172777 
573 216 13 18 0.045158967 
330 507 21 27 0.045156773 
551 19 11 13 0.04514154 
138 260 15 19 0.045102734 
522 102 13 16 0.045014326 
425 22 11 14 0.044971008 
440 3 12 15 0.04496641 
570 84 12 15 0.044962026 
265 273 15 18 0.044914387 
326 60 14 17 0.04490834 
14 274 14 18 0.0448438 
6 115 11 14 0.044786684 
903 99 11 14 0.044770226 
655 202 13 16 0.044707622 
100 362 15 19 0.044616345 
734 124 12 15 0.04459437 
167 141 13 16 0.04457111 
128 183 13 16 0.044570077 
220 155 14 17 0.044388063 
950 135 13 15 0.044241656 
846 27 12 16 0.044183083 
278 0 9 11 0.044178046 
894 150 14 15 0.04404621 
266 76 13 16 0.044042423 
931 157 16 20 0.04400938 
516 126 11 14 0.04399861 
314 116 13 14 0.043881465 
13 86 10 12 0.043796528 
157 203 14 17 0.04372565 
193 137 14 17 0.04366513 
694 27 11 14 0.0435971 
504 1 10 10 0.04351863 
176 45 10 13 0.043495424 
902 90 12 15 0.043492503 
13 93 10 14 0.04345787 
494 125 10 13 0.043444302 
343 79 11 14 0.043411598 
604 100 11 13 0.04333734 
484 201 14 17 0.043293383 
686 347 23 26 0.0432464 
511 76 10 14 0.043230534 
822 204 13 16 0.043194495 
302 305 16 19 0.043171227 
139 346 16 21 0.043129757 
518 170 12 16 0.043117736 
247 32 11 12 0.043114457 
815 85 11 14 0.043105606 
670 176 12 14 0.043054227 
493 53 9 13 0.043053653 
167 50 11 14 0.043023944 
329 406 21 24 0.04299236 
464 3 10 13 0.042957477 
135 76 10 13 0.042932343 
259 99 13 15 0.042878564 
889 260 16 18 0.04287678 
862 454 23 28 0.04281727 
807 99 12 15 0.04281637 
580 118 14 15 0.04278517 
807 140 10 13 0.042779382 
384 242 12 15 0.04277737 
444 242 13 17 0.042762097 
252 101 13 15 0.04274299 
490 431 18 22 0.042733528 
371 172 12 14 0.04259939 
317 149 12 15 0.04259422 
923 95 14 16 0.042591505 
719 69 11 14 0.042471476 
977 96 15 18 0.04239541 
54 180 11 15 0.042339902 
598 62 10 12 0.042336054 
286 139 13 16 0.042320993 
90 289 15 18 0.042320505 
268 38 10 11 0.042291824 
132 347 16 20 0.042166755 
256 138 13 15 0.042142384 
7 278 12 16 0.042135544 
168 180 14 18 0.042133316 
182 116 12 16 0.042126093 
90 138 14 16 0.04212392 
400 67 12 14 0.042121463 
612 492 24 29 0.042109706 
723 181 12 15 0.04210495 
742 12 12 13 0.042079475 
247 61 10 13 0.04197318 
28 194 12 15 0.04189158 
323 383 15 20 0.04187848 
260 0 10 10 0.041839033 
391 280 19 24 0.04164763 
123 576 15 19 0.04159019 
522 41 10 12 0.04155432 
818 148 13 15 0.04155425 
478 258 14 17 0.041552305 
603 141 12 14 0.04152933 
575 155 13 16 0.041518673 
534 75 11 14 0.041453607 
725 188 13 16 0.041447327 
880 171 13 16 0.041385233 
75 119 13 15 0.04134645 
955 131 12 16 0.041294318 
563 548 17 22 0.041239604 
486 117 11 13 0.04122656 
67 211 12 15 0.041220583 
70 179 12 14 0.041096017 
70 92 9 12 0.041074146 
382 350 17 22 0.04104159 
941 272 16 19 0.041022394 
117 15 9 12 0.040989794 
480 139 12 16 0.04097592 
110 114 14 17 0.04091475 
216 36 11 14 0.040906698 
49 104 9 11 0.04089868 
669 141 12 14 0.040831503 
245 78 10 14 0.040790495 
649 133 14 16 0.04074733 
442 201 15 19 0.040701237 
372 74 12 14 0.040689163 
6 354 14 20 0.040678047 
694 189 12 15 0.04065172 
877 439 23 30 0.04055059 
111 160 15 17 0.04054694 
718 235 13 17 0.04049997 
94 302 16 19 0.040425677 
405 139 13 15 0.040415805 
24 187 13 18 0.04039342 
277 454 24 28 0.04037087 
499 141 11 15 0.040351406 
1002 188 16 18 0.040275156 
877 65 14 17 0.040221706 
279 133 12 14 0.040193457 
294 116 11 14 0.040183194 
858 506 25 30 0.040180422 
612 123 12 14 0.040167004 
520 164 13 16 0.040078018 
381 166 11 13 0.04006863 
126 202 13 16 0.040014997 
119 45 11 12 0.040000144 
468 212 13 17 0.03999476 
101 260 12 15 0.039974455 
179 240 15 19 0.03995814 
597 213 12 14 0.03995662 
324 162 12 16 0.03993725 
639 146 12 16 0.03990423 
443 291 14 18 0.039866403 
377 5 13 15 0.039861705 
29 88 11 13 0.039844994 
221 397 15 18 0.03980009 
229 15 10 12 0.039795898 
702 111 12 14 0.03969459 
910 103 11 14 0.039680373 
980 305 38 52 0.039656017 
381 101 12 16 0.039634105 
885 156 12 15 0.039618786 
478 164 13 17 0.039599884 
88 55 9 10 0.039564986 
655 276 21 24 0.039479073 
484 495 16 21 0.039396387 
508 534 22 29 0.039380483 
42 170 13 15 0.039336953 
670 133 12 15 0.039318405 
882 456 29 35 0.039313342 
256 13 9 13 0.03930881 
649 503 27 31 0.039265897 
955 140 11 15 0.03925511 
707 193 13 17 0.039247114 
781 84 12 14 0.03921845 
752 29 11 13 0.03916302 
373 180 12 16 0.03913122 
509 1 10 10 0.03912602 
469 140 13 15 0.0391223 
183 97 12 16 0.03909939 
582 7 11 12 0.039074108 
622 231 18 22 0.03905069 
856 111 11 14 0.038992792 
637 5 10 11 0.038978525 
648 283 22 26 0.03895077 
517 278 15 19 0.038850315 
623 36 11 14 0.038800407 
822 316 15 19 0.03867829 
536 140 11 14 0.038540848 
124 53 10 12 0.0385152 
493 286 16 19 0.03848594 
227 394 15 19 0.038484406 
573 18 11 13 0.038429514 
517 130 13 16 0.038395144 
512 85 10 13 0.038365718 
294 227 12 15 0.03831887 
503 213 15 18 0.038292963 
261 5 11 13 0.038221143 
176 38 11 13 0.03820029 
444 60 13 16 0.038182896 
447 30 11 13 0.038063377 
908 225 15 18 0.03801022 
326 188 13 16 0.03796777 
535 31 9 12 0.03796535 
315 245 16 19 0.03789135 
898 9 14 16 0.03788575 
735 50 12 15 0.0378443 
274 115 13 16 0.037782505 
259 170 11 14 0.037768085 
83 304 15 19 0.03776287 
334 393 21 25 0.03775654 
664 13 8 12 0.03760004 
367 437 18 21 0.037553377 
198 376 14 19 0.037505724 
197 149 13 14 0.03749322 
323 172 12 15 0.037468657 
830 220 15 17 0.037460707 
511 203 19 23 0.03736764 
398 20 11 14 0.037351124 
191 173 14 16 0.03733202 
587 244 15 18 0.037314907 
91 250 15 18 0.03731084 
780 26 13 16 0.037294295 
664 69 10 13 0.03729253 
762 202 14 17 0.037292387 
517 180 13 16 0.037246972 
973 305 16 21 0.03720966 
937 250 21 25 0.03719842 
759 556 32 37 0.03715732 
165 451 14 19 0.037152465 
435 129 13 16 0.03712295 
293 196 19 23 0.037056178 
319 31 10 12 0.03704835 
103 140 11 15 0.037022524 
583 540 22 29 0.037016254 
689 197 13 16 0.03701301 
59 225 14 17 0.037001736 
462 62 11 14 0.036987804 
88 512 22 27 0.036902864 
863 247 16 20 0.036895864 
390 164 12 15 0.03687784 
724 66 13 16 0.03686283 
538 175 13 16 0.036854014 
60 124 13 15 0.03676063 
988 179 13 15 0.036739536 
964 63 10 11 0.036725506 
157 70 10 12 0.036716104 
587 263 15 19 0.03666095 
300 596 25 30 0.03650155 
187 145 14 17 0.036461633 
72 108 9 12 0.036404885 
783 123 11 15 0.036266375 
470 82 11 15 0.03625438 
830 56 15 19 0.03624097 
853 201 14 19 0.036234606 
574 69 10 13 0.03622543 
253 31 11 12 0.03619804 
279 13 10 13 0.036161236 
198 12 11 14 0.036093213 
749 75 12 15 0.03607603 
245 68 10 13 0.036060926 
101 148 10 14 0.036017567 
550 188 13 16 0.03598606 
582 84 12 15 0.03596913 
141 56 11 12 0.035940804 
938 208 16 19 0.03590628 
623 105 12 15 0.035867337 
823 122 13 16 0.035811037 
121 536 22 26 0.035794444 
848 451 24 29 0.03573646 
621 15 11 12 0.03567258 
876 85 12 15 0.035668284 
264 109 12 15 0.03563977 
630 221 12 15 0.035633184 
869 212 14 18 0.03562929 
666 148 13 15 0.03561299 
367 30 12 14 0.03553124 
859 408 18 22 0.0355295 
842 207 15 18 0.035521716 
94 149 12 15 0.03543422 
510 53 10 12 0.035374306 
588 228 14 16 0.03534268 
622 117 12 15 0.03527545 
223 84 11 14 0.035249203 
309 77 11 13 0.03524502 
935 90 12 16 0.03519596 
251 228 12 16 0.03518087 
75 282 15 17 0.03517478 
503 358 17 19 0.035146236 
352 139 11 15 0.035124738 
89 234 13 16 0.03509285 
869 59 15 17 0.035084244 
598 12 9 12 0.035082694 
286 207 14 18 0.035026934 
261 317 13 16 0.035015564 
806 150 11 15 0.034996618 
685 117 12 15 0.034948304 
72 53 10 11 0.034942564 
132 316 14 17 0.03489903 
749 449 26 32 0.034886237 
748 172 13 16 0.034875784 
46 182 12 15 0.034875568 
127 260 13 19 0.03485926 
740 49 13 15 0.03484843 
349 149 12 14 0.034772214 
727 22 11 14 0.03476365 
101 204 12 15 0.034741092 
270 165 14 16 0.034725234 
62 293 15 19 0.034713563 
534 14 9 11 0.034680605 
557 214 14 17 0.034672983 
901 267 15 20 0.03463385 
164 16 11 12 0.034622777 
439 36 11 14 0.03461052 
126 39 10 12 0.03460933 
769 86 12 15 0.034602173 
455 245 21 25 0.03457621 
406 440 18 22 0.03454564 
875 100 12 15 0.034473706 
920 460 23 29 0.03444561 
278 206 12 14 0.03444355 
684 325 17 18 0.03442643 
858 427 23 29 0.034426372 
100 212 12 15 0.03440184 
844 76 13 16 0.034384202 
97 462 18 21 0.03435608 
794 20 14 17 0.034344733 
887 248 15 19 0.034339797 
337 212 14 17 0.034290753 
639 218 13 16 0.034288753 
246 54 9 12 0.034280386 
389 565 13 19 0.03423828 
76 45 11 13 0.034208175 
358 69 11 14 0.034173924 
976 64 10 12 0.034164052 
223 16 11 12 0.034120567 
540 196 15 17 0.034087587 
806 21 13 17 0.034087557 
6 313 14 17 0.03406153 
591 441 17 21 0.033995878 
215 16 10 12 0.03398148 
789 317 21 26 0.033934224 
784 243 16 19 0.033898775 
372 18 15 18 0.03385624 
494 131 12 15 0.033833716 
432 107 14 16 0.033789273 
772 160 13 17 0.03376998 
450 12 10 13 0.03376477 
472 107 11 14 0.0337549 
797 13 12 14 0.03375334 
548 115 12 15 0.03375305 
18 244 14 18 0.03373472 
301 258 14 17 0.033732854 
79 196 13 16 0.033719223 
209 298 16 20 0.033712305 
374 142 12 14 0.033666465 
191 12 12 13 0.03365174 
573 100 12 14 0.033631276 
849 266 16 19 0.033617195 
916 604 17 22 0.033600394 
892 198 18 22 0.033570237 
627 242 22 25 0.033564687 
136 54 10 12 0.03356334 
628 87 12 14 0.033556473 
61 103 10 13 0.033512257 
464 54 10 12 0.03351072 
735 211 19 23 0.033489678 
329 22 10 12 0.033470403 
798 41 14 17 0.03345143 
405 1 12 15 0.033373002 
28 330 13 18 0.03336265 
237 237 15 18 0.03332453 
356 149 12 14 0.033304833 
756 58 12 16 0.03327529 
128 194 13 17 0.0332705 
766 53 12 16 0.033207014 
315 393 16 21 0.033190433 
261 282 15 18 0.033186346 
673 20 10 14 0.033182815 
356 18 12 16 0.033150554 
337 429 17 21 0.03314991 
221 132 12 15 0.0331478 
573 271 15 20 0.033144362 
920 414 24 31 0.03311852 
571 407 18 22 0.033090495 
431 186 12 16 0.03301535 
495 275 14 18 0.033007685 
808 180 13 15 0.032905392 
286 107 12 14 0.03289601 
355 290 14 17 0.0328891 
148 132 13 16 0.032885984 
830 149 11 14 0.032878846 
344 6 10 13 0.03286168 
290 396 17 21 0.03285924 
377 402 16 19 0.03284174 
99 376 16 19 0.03281505 
553 70 10 12 0.032804452 
469 203 13 17 0.032754634 
140 10 13 16 0.032745928 
210 190 14 18 0.032731485 
397 27 12 14 0.03273104 
25 279 16 18 0.03269284 
781 118 11 14 0.032654237 
263 231 14 18 0.032645788 
780 93 14 16 0.032644864 
127 150 12 15 0.032632284 
147 123 12 15 0.032631285 
363 264 15 19 0.032606013 
380 214 15 18 0.032581188 
708 54 11 13 0.03257098 
662 434 22 27 0.032564055 
617 93 10 14 0.032544345 
465 241 14 18 0.03254069 
229 207 15 18 0.03253777 
268 377 16 20 0.032517694 
899 118 13 17 0.032505482 
636 29 12 15 0.03248204 
890 209 16 17 0.03247673 
405 97 12 16 0.032438654 
708 264 15 20 0.0324136 
454 229 15 19 0.032385487 
906 55 21 24 0.032347452 
267 69 12 15 0.03234002 
722 125 14 15 0.032324534 
708 67 11 14 0.03229473 
519 154 13 15 0.032286014 
949 218 12 15 0.032275714 
73 139 14 16 0.032267023 
249 314 14 17 0.03225714 
331 102 14 16 0.032252263 
131 579 15 18 0.032236323 
505 172 14 18 0.032111585 
313 54 11 15 0.03207918 
553 253 15 18 0.03206663 
779 17 19 23 0.03206542 
124 349 16 19 0.032056678 
294 238 13 16 0.032035347 
805 41 13 17 0.03202585 
291 253 16 20 0.032000165 
209 277 12 16 0.03199856 
453 293 13 17 0.03198157 
61 46 9 11 0.031969577 
308 350 22 26 0.031961467 
105 396 18 22 0.031904705 
180 277 13 16 0.031901233 
441 226 14 18 0.031846914 
684 78 13 15 0.0318371 
482 171 15 17 0.031815086 
372 197 14 16 0.03180954 
924 265 23 26 0.031801805 
79 93 9 13 0.031782772 
440 17 11 15 0.031768933 
887 104 12 14 0.031765882 
548 85 12 13 0.031760257 
846 20 12 15 0.03175395 
448 180 13 16 0.03169089 
749 197 11 15 0.03168686 
170 377 16 19 0.03168645 
147 301 16 18 0.03164681 
391 121 13 18 0.031628933 
302 370 14 18 0.03161457 
193 432 16 21 0.031527817 
501 257 16 19 0.031521138 
1000 197 21 28 0.031508055 
476 195 15 18 0.031438302 
88 226 14 17 0.031411435 
287 156 14 18 0.031403467 
676 218 13 18 0.031394508 
228 251 15 17 0.031389385 
158 108 11 15 0.03134316 
718 141 14 17 0.031326436 
511 20 10 14 0.031316128 
668 409 19 22 0.031228555 
878 269 13 16 0.031205717 
287 53 9 12 0.031158792 
755 37 13 16 0.031151842 
876 156 14 17 0.03106815 
773 233 16 19 0.031051302 
734 240 15 18 0.031048244 
175 234 14 18 0.031021515 
227 363 16 20 0.03095707 
537 256 15 18 0.030906068 
967 85 15 19 0.030892022 
233 121 14 16 0.03086768 
590 84 11 14 0.030854778 
624 2 10 11 0.030841716 
493 62 10 13 0.03082061 
78 53 10 11 0.030814473 
222 147 14 17 0.030803097 
475 362 16 20 0.030791694 
621 69 11 14 0.03078666 
675 28 11 15 0.030786403 
382 258 14 18 0.030757582 
168 193 13 17 0.030753167 
369 12 11 15 0.030718341 
388 28 11 14 0.030707749 
977 232 16 19 0.030685615 
785 192 15 17 0.030671643 
699 502 24 31 0.030609008 
590 164 11 14 0.030598594 
711 13 9 12 0.03056187 
630 107 11 14 0.030556513 
608 110 11 12 0.030553326 
863 154 12 16 0.03054414 
180 314 18 23 0.030516844 
344 100 12 15 0.030514408 
926 49 13 19 0.030471612 
542 100 11 14 0.030457638 
574 132 11 13 0.030434752 
471 44 12 15 0.03039013 
874 278 21 26 0.030377824 
718 104 12 15 0.030373933 
903 171 11 14 0.030359648 
176 86 10 12 0.030343028 
497 147 13 15 0.030341165 
614 28 12 13 0.03032999 
853 94 12 14 0.030285586 
922 108 13 15 0.030236678 
300 67 12 13 0.030206596 
747 203 13 17 0.030194838 
643 156 14 16 0.030187506 
34 275 20 23 0.030171804 
535 86 11 14 0.030142484 
944 68 10 13 0.030116588 
469 342 17 21 0.030073576 
746 250 22 27 0.030009486 
280 70 11 13 0.029976765 
997 224 24 32 0.029976686 
6 394 14 20 0.029932724 
343 93 11 13 0.02980633 
797 149 13 16 0.029764723 
972 197 14 17 0.029752461 
229 157 15 19 0.029751096 
374 225 14 17 0.029720668 
14 324 21 25 0.029713947 
491 233 14 19 0.029673887 
100 411 21 26 0.029659824 
790 85 11 13 0.029653676 
523 92 13 15 0.029636895 
278 61 10 12 0.029634427 
155 272 14 18 0.029634202 
171 174 16 18 0.029593004 
111 44 11 13 0.029563593 
180 290 16 19 0.02948204 
319 13 10 13 0.029473297 
786 266 21 26 0.029470341 
564 214 14 17 0.029440347 
176 179 15 18 0.029433725 
608 30 10 12 0.029421702 
14 118 11 14 0.02941533 
805 134 11 13 0.029415023 
87 30 8 10 0.029412199 
600 390 19 22 0.029384911 
293 25 10 13 0.029371582 
287 23 10 13 0.029348426 
44 409 22 26 0.02934837 
446 173 11 15 0.02934494 
644 278 16 21 0.0293106 
164 297 19 23 0.029298482 
388 55 11 14 0.029286532 
430 93 10 14 0.029260123 
204 253 12 16 0.029213803 
188 46 10 11 0.029201873 
279 252 12 16 0.029196762 
285 227 13 16 0.029161204 
571 546 24 28 0.029123934 
492 117 11 15 0.029114025 
301 458 16 21 0.029113702 
266 314 17 19 0.029056929 
93 370 16 19 0.029032499 
101 31 9 11 0.029022109 
261 13 10 13 0.028942062 
248 391 19 21 0.028940007 
511 28 11 13 0.028860226 
153 28 11 13 0.0288597 
143 299 13 16 0.028857775 
386 357 17 21 0.028851528 
917 145 14 17 0.028847834 
308 258 14 18 0.028812485 
550 28 11 13 0.028808163 
588 180 11 15 0.028783092 
101 46 10 12 0.028778896 
654 171 12 15 0.02877811 
702 74 11 15 0.02875684 
42 543 18 25 0.028725903 
351 70 11 13 0.028531395 
109 53 10 13 0.028530337 
139 586 23 26 0.028493635 
572 373 18 22 0.028489402 
773 256 16 21 0.02847884 
224 101 11 14 0.028459925 
478 473 16 21 0.02845571 
193 274 15 17 0.028454509 
424 69 10 14 0.028378677 
198 93 11 14 0.028373998 
110 76 9 12 0.02835108 
670 47 11 13 0.028297132 
735 172 12 14 0.028280979 
636 106 13 16 0.028235128 
726 114 12 15 0.028228972 
279 21 10 12 0.028220927 
87 162 14 18 0.028204449 
505 184 14 17 0.028200313 
180 5 10 12 0.028112452 
639 158 12 16 0.02811192 
406 187 13 16 0.028106814 
27 400 14 18 0.02809409 
475 408 16 19 0.028067686 
879 36 14 16 0.028063055 
356 315 14 19 0.028043259 
469 4 11 13 0.028008454 
125 300 16 20 0.027969785 
641 421 17 20 0.027956499 
518 249 13 17 0.027939523 
470 420 22 28 0.027899329 
967 219 15 19 0.027881783 
533 45 10 12 0.027856035 
517 234 14 18 0.027837666 
8 314 21 25 0.027802046 
65 143 10 13 0.02778029 
867 187 14 17 0.027770001 
219 214 14 17 0.027767373 
641 55 9 12 0.027748603 
271 177 14 17 0.02773259 
403 107 13 16 0.027722111 
194 591 17 21 0.02772074 
10 92 8 12 0.027682738 
91 329 15 19 0.027680317 
308 462 17 22 0.027663711 
524 356 14 17 0.027629543 
726 287 16 21 0.0276203 
53 156 11 14 0.027605437 
577 391 23 28 0.027568864 
295 42 10 14 0.027555918 
392 350 17 20 0.027541341 
101 124 13 15 0.02753485 
6 386 12 17 0.027502907 
287 568 19 22 0.027443022 
482 186 14 16 0.027383886 
72 428 21 26 0.027344579 
300 37 11 13 0.027304316 
841 125 12 16 0.027298424 
396 2 15 16 0.02724558 
206 291 14 18 0.027242118 
912 138 13 17 0.027224122 
514 146 11 14 0.027190149 
163 35 13 14 0.027186064 
32 147 12 15 0.027178593 
185 397 16 20 0.027172552 
531 320 14 20 0.02716193 
244 371 16 19 0.027144743 
749 180 11 15 0.027108587 
719 21 11 14 0.027091045 
925 58 12 16 0.027082909 
512 62 19 23 0.027074516 
128 14 11 14 0.027067877 
311 175 14 17 0.027064646 
214 127 11 14 0.027038997 
53 164 11 13 0.02703844 
212 143 13 17 0.027028996 
367 149 11 14 0.027005594 
900 164 13 16 0.026995152 
61 384 15 20 0.026993223 
654 216 16 21 0.026966492 
933 139 11 16 0.026963186 
13 453 22 28 0.026955308 
788 61 12 15 0.026906159 
747 221 12 16 0.026864942 
758 77 11 14 0.026829949 
455 62 11 14 0.026825016 
118 28 10 11 0.026822079 
688 38 12 14 0.026803054 
575 94 11 14 0.026787216 
632 75 11 13 0.026781423 
661 171 13 15 0.026772127 
415 157 12 14 0.026748493 
413 14 10 13 0.026741557 
589 37 10 14 0.026728328 
335 207 11 15 0.026713017 
53 151 11 13 0.026712947 
632 304 15 20 0.02670627 
245 0 10 10 0.0267031 
646 179 11 14 0.026695013 
177 214 12 16 0.026648283 
552 231 14 19 0.026628913 
937 220 16 19 0.026618004 
554 324 18 22 0.02657584 
876 189 14 16 0.026561836 
279 31 9 11 0.026547674 
609 161 18 23 0.02652517 
617 44 11 13 0.026487159 
268 327 21 24 0.026439626 
301 349 16 20 0.026435807 
502 35 18 21 0.026420513 
876 75 13 15 0.02642016 
810 253 22 25 0.02640812 
366 198 13 16 0.026397439 
790 35 11 15 0.02637681 
389 102 12 15 0.02635026 
293 78 11 14 0.026324674 
705 92 11 15 0.026304768 
436 284 15 18 0.02630359 
420 302 20 25 0.026275985 
106 275 14 17 0.026269628 
8 166 9 12 0.026240395 
112 14 10 12 0.02623941 
501 20 11 13 0.02622622 
286 147 12 16 0.026181998 
560 1 10 10 0.026153093 
78 389 16 21 0.026133949 
255 219 12 15 0.026124598 
244 579 18 22 0.026115421 
629 23 10 12 0.026095813 
806 12 12 15 0.026080778 
49 276 15 19 0.026046487 
220 187 13 16 0.02600216 
952 123 12 15 0.026001647 
301 44 11 14 0.026000917 
471 377 20 25 0.02597389 
464 34 11 14 0.025950465 
482 423 21 27 0.025947727 
99 505 16 21 0.025926307 
954 286 23 30 0.02591787 
382 55 12 15 0.025905147 
108 266 15 18 0.025892658 
133 201 14 17 0.025879845 
5 157 11 14 0.025858512 
861 302 17 20 0.025852147 
742 131 13 16 0.025819454 
360 234 19 24 0.025792845 
405 147 11 14 0.025782188 
317 191 14 18 0.025751844 
716 186 13 16 0.025746794 
332 44 11 13 0.025726562 
748 188 12 14 0.025700528 
691 222 15 19 0.02569651 
627 46 13 15 0.025695862 
836 189 14 17 0.025651604 
884 17 14 15 0.025639366 
27 231 14 18 0.025624748 
139 19 11 14 0.02558877 
224 93 11 13 0.025584113 
911 67 11 14 0.02558133 
539 314 14 19 0.025559073 
335 163 11 14 0.025558462 
521 188 15 18 0.025550544 
452 109 13 16 0.02550443 
590 22 10 12 0.025496267 
220 179 13 17 0.025486754 
20 316 16 19 0.02543875 
155 261 14 17 0.025430486 
862 42 13 16 0.025427619 
724 42 13 16 0.025426168 
407 77 12 14 0.025391487 
151 300 21 24 0.02528891 
26 112 12 13 0.025288748 
516 223 15 19 0.02527822 
954 233 16 18 0.025269413 
960 184 15 19 0.02526359 
709 211 13 16 0.025213363 
204 123 13 16 0.025161784 
709 45 11 14 0.025159078 
31 203 12 15 0.025136486 
101 282 12 16 0.025121847 
884 267 14 17 0.025120998 
847 170 12 16 0.02508607 
117 250 13 18 0.025085695 
332 22 12 14 0.025083793 
545 346 22 27 0.025079118 
175 294 13 16 0.025044883 
733 165 12 15 0.025039406 
8 225 12 18 0.02502479 
19 149 13 15 0.025016587 
245 180 13 16 0.025007542 
100 155 11 15 0.025000496 
779 141 12 15 0.02498051 
473 185 13 17 0.024975715 
558 45 11 14 0.024962436 
541 536 16 21 0.024959452 
221 140 14 16 0.024959 
452 130 13 16 0.024954101 
11 192 13 17 0.024938695 
358 124 13 16 0.024938015 
821 82 13 15 0.024855027 
170 563 16 20 0.024829552 
852 157 11 14 0.024825431 
502 99 10 14 0.024810871 
46 69 10 12 0.024809223 
216 259 12 16 0.024782779 
400 505 24 30 0.02475617 
820 497 24 28 0.024743987 
404 214 14 16 0.024721269 
59 552 26 28 0.024721213 
36 180 12 15 0.024721121 
866 269 22 24 0.024702402 
629 187 12 15 0.02466157 
469 94 12 14 0.02463522 
254 298 13 18 0.024631292 
442 332 21 24 0.024611065 
331 54 13 15 0.02461001 
516 28 11 12 0.024599189 
885 235 14 20 0.024594871 
154 92 12 14 0.02458766 
643 289 16 19 0.02458612 
412 509 24 30 0.02458166 
495 268 13 16 0.024569066 
732 111 13 17 0.024565855 
259 290 14 17 0.024559764 
105 458 16 19 0.024557216 
852 122 14 17 0.024554463 
1001 148 15 19 0.024536515 
583 231 13 15 0.02452845 
471 217 13 17 0.024528157 
697 340 15 19 0.024509985 
148 410 16 18 0.0244845 
645 304 16 20 0.024457699 
882 41 15 17 0.024443824 
613 0 10 11 0.024443226 
157 99 11 16 0.02444226 
70 154 13 15 0.024431853 
106 385 17 19 0.024431325 
963 69 12 13 0.024422508 
300 228 12 16 0.024418592 
365 86 11 13 0.02439998 
415 458 17 20 0.024383359 
14 235 13 16 0.024370061 
526 116 12 14 0.02436622 
843 316 19 23 0.024364728 
710 156 12 15 0.024357162 
278 211 13 17 0.024349453 
478 21 10 13 0.024311338 
588 156 12 14 0.024310892 
285 188 12 16 0.024305131 
436 113 12 16 0.024292797 
92 406 18 22 0.024292717 
922 41 14 19 0.024270056 
933 351 26 29 0.024261756 
686 188 11 14 0.02425617 
438 395 14 18 0.024249418 
108 242 13 17 0.0242353 
453 367 14 18 0.024197048 
829 211 13 16 0.024192026 
509 159 10 13 0.024157617 
842 56 15 20 0.024132978 
479 1 11 10 0.024117189 
841 236 19 22 0.02409245 
378 309 20 24 0.024088435 
312 46 10 13 0.02406694 
788 68 13 16 0.024066731 
60 180 13 15 0.02405895 
444 16 13 16 0.024050932 
171 498 17 22 0.024041153 
893 141 12 15 0.024032002 
506 293 14 19 0.02402601 
948 94 14 17 0.024006303 
973 165 14 17 0.024000872 
894 297 15 21 0.023986649 
649 443 23 29 0.023977185 
228 132 14 16 0.023966938 
102 35 10 13 0.023942227 
720 27 11 15 0.023929078 
863 317 21 27 0.023923803 
806 271 15 20 0.023917433 
381 200 13 17 0.023907907 
889 331 25 29 0.023863792 
501 425 22 29 0.023858322 
118 202 12 17 0.023856018 
391 130 12 14 0.02384582 
707 407 21 27 0.023831721 
438 30 11 14 0.023828095 
789 464 24 30 0.023744708 
563 187 13 17 0.023733962 
177 21 11 14 0.023731692 
499 366 17 22 0.023697225 
799 188 12 16 0.023684004 
813 385 24 28 0.023674263 
669 37 11 13 0.023667723 
199 20 11 13 0.023642601 
932 57 13 16 0.023629567 
96 31 9 10 0.02362516 
177 346 14 18 0.023617579 
789 219 13 18 0.023605322 
494 5 10 13 0.023603119 
331 384 15 19 0.023577554 
45 222 12 15 0.023557048 
46 56 10 11 0.023529178 
555 202 14 17 0.023520105 
286 216 14 19 0.023515489 
508 266 15 18 0.023512658 
496 1 9 10 0.023512453 
193 343 15 19 0.02346504 
274 230 15 19 0.023451423 
842 252 16 18 0.023450535 
647 8 10 12 0.02342386 
844 35 12 14 0.023421768 
608 19 10 12 0.02337636 
660 182 12 14 0.023349551 
749 21 12 15 0.023344735 
429 171 12 14 0.023342272 
769 28 13 16 0.023333292 
765 75 12 15 0.023321515 
143 162 13 17 0.02332033 
318 88 12 15 0.023319395 
715 291 17 21 0.023305934 
85 109 11 14 0.023304798 
162 225 14 18 0.02327397 
337 331 15 20 0.023270104 
379 23 14 17 0.023269035 
377 187 12 16 0.023245987 
212 249 14 17 0.023232136 
677 132 12 15 0.023217976 
235 332 15 18 0.023200816 
255 272 14 18 0.023195582 
719 58 11 14 0.023194969 
723 221 13 16 0.02318838 
468 401 16 21 0.023170674 
739 38 14 16 0.023168623 
454 220 12 16 0.02313905 
358 38 10 13 0.023132434 
469 172 14 17 0.023100074 
828 203 13 17 0.023091942 
165 126 17 19 0.023083264 
253 400 15 19 0.023050489 
828 11 14 16 0.02304755 
708 26 13 16 0.023045914 
910 112 14 17 0.02304159 
702 269 21 25 0.0230254 
15 123 12 15 0.02300163 
375 2 11 12 0.022995519 
872 194 13 17 0.022995355 
691 270 17 21 0.022995146 
231 313 15 19 0.022985604 
560 83 12 14 0.022968583 
549 76 10 13 0.022942498 
481 408 21 26 0.022935102 
107 236 13 14 0.022928003 
127 252 12 15 0.022923674 
814 77 11 14 0.022921422 
213 156 12 15 0.022916624 
360 59 11 14 0.022894906 
575 31 11 12 0.022873428 
708 237 15 18 0.02286329 
385 379 14 18 0.022850852 
582 55 11 12 0.022848247 
414 492 24 28 0.02283772 
479 37 10 13 0.022834709 
511 324 21 23 0.02282995 
659 542 31 34 0.022807768 
645 126 11 14 0.022800311 
86 86 10 14 0.022783734 
229 398 21 25 0.022782972 
481 329 17 21 0.022781873 
862 80 13 16 0.022771735 
260 448 17 21 0.022760525 
831 142 10 13 0.022738548 
550 181 12 15 0.022727797 
740 241 20 25 0.022721427 
186 73 19 21 0.022713924 
964 120 15 17 0.022670606 
74 487 16 22 0.022643749 
335 14 11 13 0.022624172 
180 450 15 20 0.022619795 
835 66 14 18 0.022581832 
481 29 10 13 0.022569144 
774 74 12 16 0.022553934 
324 14 11 13 0.022536894 
470 1 10 10 0.022535782 
637 178 12 16 0.022518195 
345 358 16 21 0.022502184 
468 363 16 21 0.022499405 
364 91 12 15 0.022494854 
417 228 14 18 0.022478959 
244 94 11 14 0.02246803 
718 433 23 31 0.022462377 
823 327 20 25 0.022454426 
717 203 13 16 0.022438439 
404 273 16 20 0.022417132 
700 100 12 15 0.022379566 
385 496 22 27 0.022360122 
91 376 15 20 0.022315694 
412 140 12 16 0.02230957 
797 247 21 26 0.02230137 
853 51 13 16 0.022296961 
895 67 19 23 0.022284806 
87 39 9 10 0.022273678 
8 213 13 18 0.022266516 
4 473 14 20 0.02226063 
114 20 9 11 0.022253292 
126 315 13 17 0.022237316 
148 10 11 13 0.02222362 
477 456 17 20 0.022191538 
50 85 10 12 0.022184482 
645 332 24 29 0.02214977 
777 147 14 18 0.022143759 
598 22 9 12 0.022136588 
275 479 18 20 0.022134447 
653 6 11 12 0.022124834 
397 521 22 30 0.022119194 
789 76 12 14 0.02210963 
687 27 12 15 0.022107618 
366 101 12 15 0.022086537 
539 59 11 14 0.022078792 
30 157 11 15 0.022076901 
182 556 24 29 0.022067938 
536 148 12 14 0.022063244 
709 204 13 16 0.022037288 
975 187 13 16 0.022019092 
853 308 15 18 0.022004765 
277 287 14 18 0.021992316 
125 19 11 14 0.021987114 
399 54 13 16 0.02198583 
270 22 10 13 0.021981904 
806 293 17 21 0.021979252 
233 269 15 17 0.021971116 
654 249 15 19 0.021968368 
633 384 21 28 0.02195285 
51 186 13 15 0.021939667 
322 365 15 20 0.021931322 
731 19 13 16 0.02191912 
498 195 14 18 0.021913633 
205 320 14 19 0.021875788 
198 30 10 12 0.02187437 
118 347 14 18 0.021855574 
155 63 12 13 0.021845413 
625 271 16 19 0.021821687 
862 133 12 15 0.021785356 
576 35 12 14 0.021782955 
532 214 16 20 0.021782773 
311 5 10 13 0.021767013 
891 304 16 22 0.021758134 
820 92 12 15 0.021723628 
688 19 10 13 0.02171351 
170 455 20 25 0.021699596 
908 256 15 20 0.021680612 
455 210 12 17 0.021658253 
723 94 12 15 0.021653594 
866 66 17 19 0.021638902 
246 121 13 16 0.021630798 
113 539 21 27 0.021627896 
389 385 15 18 0.021618959 
716 509 25 31 0.021608472 
22 99 10 12 0.021563372 
723 75 13 16 0.021548133 
159 116 10 14 0.021530297 
728 208 14 18 0.021529973 
781 106 13 17 0.0215084 
799 205 13 17 0.021484297 
187 297 14 19 0.02148401 
845 99 13 16 0.021482412 
435 179 14 17 0.021479864 
284 257 15 19 0.02146642 
637 290 13 18 0.021460008 
709 440 23 30 0.021452747 
548 139 12 17 0.021426909 
150 540 13 17 0.021422261 
858 192 15 19 0.021421073 
583 504 18 21 0.021399593 
946 422 25 28 0.021390086 
372 60 12 15 0.02136795 
483 398 21 24 0.021365397 
934 98 11 15 0.02134024 
230 242 14 18 0.02132724 
261 22 11 13 0.021308037 
253 410 16 20 0.02128734 
942 282 18 24 0.02128387 
556 285 21 24 0.02123835 
671 82 12 15 0.021229887 
402 116 13 16 0.021212544 
860 165 13 16 0.021208813 
36 188 13 16 0.021208076 
691 364 18 20 0.021188363 
208 106 14 16 0.021170298 
284 462 22 26 0.021169312 
451 22 12 14 0.021164108 
189 53 11 13 0.021155627 
484 239 15 19 0.02114861 
143 307 15 19 0.021137584 
459 361 15 20 0.02111974 
518 5 10 11 0.021110969 
261 156 12 15 0.02110881 
218 278 13 16 0.02110796 
512 14 9 12 0.021094976 
837 174 11 14 0.021094017 
942 98 13 16 0.021074077 
848 309 24 30 0.021062149 
493 241 15 20 0.021040224 
109 292 14 18 0.021033203 
748 282 19 25 0.02103026 
662 22 10 13 0.020995455 
369 330 22 25 0.020988924 
330 527 18 22 0.020988202 
829 247 15 19 0.02096882 
602 296 16 21 0.020951323 
769 443 25 30 0.020932108 
404 157 12 15 0.020931892 
689 430 23 29 0.02092732 
878 133 13 16 0.020919733 
304 22 9 12 0.020909758 
293 4 11 13 0.020872558 
618 316 20 26 0.020852853 
613 135 10 12 0.02084673 
349 59 12 15 0.02084482 
464 46 10 12 0.020794109 
235 188 12 16 0.020787816 
938 160 16 19 0.02077693 
696 1 12 12 0.020706518 
266 544 16 20 0.020700404 
650 261 16 19 0.020664249 
647 30 9 12 0.020639783 
273 0 10 11 0.0206175 
487 13 10 13 0.020610027 
-1 395 21 33 0.020609792 
732 67 12 15 0.020601025 
391 13 12 15 0.020581009 
98 194 12 16 0.020574441 
183 131 13 16 0.02056818 
465 387 20 27 0.020556021 
958 386 16 20 0.02055266 
717 196 13 15 0.0205526 
195 317 14 19 0.020536114 
326 441 22 27 0.02052453 
836 18 15 18 0.020516172 
589 124 11 14 0.02050208 
636 187 12 14 0.020495854 
32 347 17 22 0.020490851 
215 44 11 13 0.020476492 
217 468 22 27 0.020452358 
654 101 12 14 0.020424021 
804 125 11 13 0.020411914 
221 124 13 15 0.020393364 
29 215 15 18 0.020382926 
781 202 13 16 0.020364521 
111 92 9 12 0.02036335 
867 31 12 14 0.020355618 
226 354 16 19 0.020318063 
637 35 12 15 0.02027982 
13 109 11 13 0.02026259 
51 402 15 19 0.020235784 
517 385 24 29 0.02023284 
588 171 11 16 0.020224556 
590 296 22 25 0.020217787 
716 119 13 15 0.020216886 
863 93 10 13 0.020210091 
983 152 15 19 0.020203497 
708 292 16 21 0.0201442 
861 70 15 17 0.020108463 
348 312 15 19 0.020083044 
644 379 22 27 0.020078382 
987 90 12 18 0.020074287 
731 154 12 15 0.02006679 
524 638 22 30 0.020054871 
677 270 20 25 0.020045342 
382 56 18 23 0.020035287 
