2_Demonstration_Demonstration_Or_Protest_2_225
1554
257 410 16 20 0.9675953 
445 430 15 19 0.91264904 
136 412 15 19 0.90268993 
945 435 15 19 0.8906929 
920 410 12 16 0.8868879 
697 424 17 22 0.8805671 
884 436 13 16 0.839695 
986 504 13 16 0.8035558 
797 432 15 19 0.7461183 
39 407 14 21 0.7309878 
859 429 14 20 0.7013914 
660 415 18 20 0.65042126 
272 435 14 17 0.64470655 
993 404 12 16 0.59120256 
345 345 9 11 0.56840867 
321 443 17 22 0.5647621 
461 413 16 20 0.53395766 
355 442 14 18 0.5221313 
586 292 8 12 0.5072127 
500 430 17 20 0.48634765 
289 351 9 11 0.47088525 
816 417 11 14 0.44279176 
108 400 14 17 0.41741654 
449 356 12 14 0.41328797 
789 248 9 10 0.41285247 
717 265 10 12 0.40574405 
588 373 12 14 0.39782614 
863 356 9 12 0.38784882 
255 391 10 12 0.38621968 
678 427 12 16 0.37258285 
386 318 10 13 0.36621892 
831 396 11 16 0.35743937 
368 331 9 12 0.34755906 
761 415 16 19 0.3437272 
178 454 12 15 0.34071863 
848 413 11 14 0.33400154 
276 365 10 13 0.33150786 
256 364 10 12 0.32206428 
891 445 13 16 0.32160413 
501 354 12 15 0.319705 
161 452 12 16 0.31615043 
588 393 12 14 0.31550217 
804 359 10 13 0.30989763 
141 363 11 14 0.30317423 
558 425 14 19 0.29665065 
536 340 10 14 0.2897727 
290 239 6 9 0.2816506 
178 411 12 14 0.27939478 
206 456 12 15 0.279197 
822 335 8 11 0.27411464 
990 355 11 14 0.27132338 
93 429 16 19 0.26986495 
821 418 11 14 0.26735294 
385 356 10 12 0.26325628 
821 374 9 12 0.26139325 
741 261 9 11 0.25966853 
1003 519 9 12 0.25737685 
840 435 10 14 0.25597075 
815 327 8 11 0.25535798 
917 387 12 14 0.25375128 
398 411 15 18 0.25353494 
394 420 15 18 0.25181985 
359 345 10 12 0.24598022 
982 354 12 16 0.24142197 
188 365 11 15 0.24004713 
575 400 8 11 0.23881832 
905 372 11 14 0.2383977 
264 331 8 10 0.23811011 
391 425 13 17 0.23698695 
853 309 8 11 0.23596172 
415 446 13 17 0.23228213 
781 365 10 12 0.23205699 
549 368 12 14 0.2299622 
532 363 13 17 0.22914654 
890 366 8 11 0.2288357 
325 366 8 11 0.22726384 
808 343 10 12 0.2249506 
751 366 8 11 0.2218593 
881 174 10 12 0.22058041 
736 417 16 18 0.2189419 
853 392 11 15 0.2182889 
351 293 9 13 0.21693298 
657 358 8 11 0.21673879 
867 422 12 15 0.21474649 
701 350 9 11 0.21455683 
674 116 14 20 0.21246548 
777 381 11 13 0.20814687 
78 445 10 13 0.20656183 
814 380 10 13 0.20395921 
744 256 9 10 0.20363945 
425 351 9 12 0.20335642 
824 451 10 14 0.20074143 
583 288 9 12 0.2003618 
766 255 9 10 0.2001359 
328 421 11 12 0.19887404 
350 347 9 12 0.19844444 
60 436 11 15 0.19587585 
807 382 9 12 0.19576618 
190 350 8 10 0.19530228 
822 358 10 13 0.19367981 
319 435 14 18 0.18965787 
773 351 10 11 0.1896379 
698 98 13 17 0.18679345 
273 248 7 9 0.18282796 
974 516 8 12 0.17959543 
846 358 9 12 0.1793976 
97 330 15 21 0.17847645 
328 328 8 11 0.1770782 
582 311 10 12 0.17676641 
854 304 8 11 0.17387582 
583 411 11 13 0.17197184 
672 355 10 14 0.17044117 
842 453 14 15 0.16957553 
907 397 11 15 0.16778176 
279 253 8 11 0.16723013 
295 225 7 9 0.16400094 
661 356 10 12 0.16318533 
799 383 11 13 0.1631643 
194 391 15 19 0.16304058 
356 405 11 14 0.16255938 
981 441 11 16 0.16239116 
885 461 14 17 0.16211356 
960 528 9 12 0.16085942 
913 150 10 12 0.16071546 
678 294 8 10 0.16005561 
181 434 13 16 0.15873161 
173 432 15 17 0.15729974 
929 374 10 13 0.15719238 
801 294 11 13 0.15665223 
593 348 10 13 0.155144 
995 454 12 15 0.15498236 
774 254 9 11 0.15493229 
376 304 9 11 0.15410487 
368 358 10 12 0.15213607 
1014 406 8 15 0.15154877 
831 326 9 11 0.15124816 
790 230 8 10 0.15081789 
410 349 9 12 0.15029724 
831 392 10 13 0.1501957 
856 334 10 13 0.14997299 
382 342 7 10 0.14941615 
226 436 16 18 0.14830564 
934 405 12 15 0.14828368 
337 285 8 10 0.14810918 
383 380 12 15 0.14794895 
542 365 12 15 0.14668529 
287 328 9 11 0.14382148 
928 452 12 16 0.1438209 
225 352 9 13 0.14346504 
355 453 16 20 0.1423133 
568 357 10 13 0.14217943 
989 389 11 13 0.14179768 
241 348 8 11 0.14128134 
59 402 11 16 0.13954107 
415 259 9 12 0.1388877 
736 348 10 14 0.13879326 
303 358 12 14 0.13873944 
399 270 9 11 0.13847642 
383 372 10 12 0.138124 
377 454 10 15 0.13608183 
885 341 8 10 0.13598196 
157 376 12 14 0.13584864 
920 346 11 15 0.13368809 
753 381 12 14 0.13297847 
274 389 12 14 0.13151881 
689 365 9 12 0.13091439 
653 366 10 12 0.12915233 
703 278 8 9 0.1283816 
700 355 11 17 0.1281476 
696 325 8 11 0.12789248 
863 363 10 13 0.12777586 
492 375 16 19 0.12767379 
312 350 9 11 0.12680572 
85 303 12 15 0.12629947 
433 260 9 11 0.12611775 
761 253 8 11 0.1256611 
651 341 10 13 0.12492394 
540 400 14 18 0.12433867 
187 434 13 16 0.12430488 
991 384 10 12 0.12232125 
304 371 11 13 0.122103706 
327 238 7 9 0.12125941 
800 363 12 15 0.12003726 
867 405 12 14 0.1196418 
814 437 11 15 0.11923954 
777 374 11 13 0.11852571 
935 309 10 12 0.118464544 
767 363 10 13 0.11789167 
567 293 9 12 0.11780499 
862 287 9 12 0.117734335 
980 422 12 17 0.117498785 
635 405 14 17 0.117456235 
750 254 8 10 0.117041014 
867 414 11 14 0.11660885 
720 276 8 12 0.11518658 
631 372 9 13 0.11477612 
334 268 8 10 0.11427767 
351 412 12 16 0.11313662 
839 459 15 17 0.11233431 
861 373 10 13 0.11219009 
820 198 9 10 0.112161085 
512 366 9 13 0.112086415 
249 249 6 9 0.111862704 
800 372 10 12 0.11156794 
442 379 13 16 0.11111582 
921 134 8 10 0.11058626 
206 350 8 11 0.11054802 
932 394 13 16 0.11044739 
703 272 7 10 0.110182226 
847 319 10 12 0.10969837 
426 416 14 18 0.10952066 
294 248 8 9 0.10900407 
316 341 10 12 0.10899764 
312 225 7 9 0.10874235 
669 272 10 12 0.1079858 
719 244 8 11 0.10721328 
731 437 13 17 0.10694003 
729 255 8 11 0.10691544 
775 364 10 13 0.106458016 
1008 502 9 11 0.1055434 
991 399 11 14 0.10550835 
105 420 15 17 0.10497503 
925 576 10 13 0.10477248 
772 358 11 12 0.104535446 
341 247 9 10 0.103434354 
319 399 10 12 0.10322112 
260 358 10 13 0.10320327 
253 299 8 12 0.10306444 
427 285 10 13 0.102891736 
2 502 11 14 0.102655545 
752 361 9 10 0.101299666 
390 382 10 13 0.10097515 
816 319 9 11 0.1000894 
687 461 11 15 0.10005052 
289 293 9 11 0.09947811 
425 272 8 10 0.0994499 
429 372 10 13 0.09843244 
277 278 9 12 0.0981422 
757 427 13 16 0.09809997 
603 410 12 15 0.09802258 
809 270 8 10 0.097730115 
353 367 10 11 0.09643115 
313 229 8 10 0.096393734 
651 295 9 12 0.09610269 
670 288 9 12 0.09552959 
319 230 8 10 0.095496066 
369 254 7 10 0.09544298 
173 417 15 17 0.09510141 
586 405 11 14 0.09461923 
295 300 8 10 0.09454802 
993 340 8 11 0.094505146 
703 335 8 10 0.09428498 
397 383 9 12 0.09384844 
816 357 10 12 0.09371258 
565 415 9 12 0.093459286 
695 451 12 15 0.09306956 
828 357 10 12 0.09280863 
328 268 8 11 0.092591785 
881 351 8 11 0.09256061 
852 102 10 12 0.0925255 
369 318 8 11 0.09212523 
378 246 7 10 0.0912392 
367 363 10 12 0.091106005 
663 382 10 12 0.091041066 
876 126 9 13 0.09085556 
342 319 9 11 0.09055861 
341 232 8 10 0.09031736 
954 326 10 13 0.09031625 
783 400 10 13 0.09002742 
319 247 7 9 0.089828596 
596 344 10 12 0.089603774 
343 391 9 12 0.089317426 
680 333 8 11 0.089018054 
827 421 11 14 0.08842224 
427 542 13 17 0.08811412 
111 356 10 15 0.0874813 
912 387 12 15 0.08726235 
743 246 9 10 0.08642372 
822 364 10 13 0.0861717 
625 311 10 11 0.08610543 
714 269 9 11 0.08607172 
435 342 11 15 0.08517671 
598 370 12 16 0.085154414 
399 367 8 11 0.08497131 
409 388 11 14 0.0849119 
320 279 8 10 0.084831916 
556 368 9 12 0.08478919 
365 342 10 12 0.084702976 
760 294 8 10 0.084330365 
303 286 9 10 0.08388469 
863 448 13 17 0.083806686 
831 309 9 11 0.08370108 
648 373 10 13 0.08283774 
701 326 8 10 0.08282696 
928 379 11 16 0.08247837 
569 309 9 11 0.08234755 
293 295 9 11 0.082159005 
633 425 15 17 0.08181477 
316 350 10 11 0.0817109 
377 241 8 10 0.081637956 
877 372 10 12 0.08162865 
775 386 11 14 0.08122676 
873 295 8 10 0.08099614 
775 248 8 10 0.0803015 
177 339 9 12 0.080249175 
42 398 16 20 0.08024009 
427 366 11 13 0.080089696 
975 377 11 15 0.07990749 
786 296 8 10 0.07969896 
784 255 9 11 0.0795269 
190 400 14 17 0.079077296 
241 366 9 11 0.07907193 
817 332 9 11 0.07871933 
603 369 13 16 0.078707434 
453 364 11 13 0.07812712 
598 317 10 12 0.07801633 
249 272 8 9 0.07794853 
913 328 8 10 0.07763521 
838 337 8 10 0.07751004 
965 592 9 13 0.07701703 
870 280 8 10 0.07698713 
718 383 10 13 0.07665018 
823 309 8 12 0.07661156 
326 287 8 10 0.076363854 
789 252 9 12 0.076322824 
612 427 14 17 0.076272324 
321 294 8 10 0.0761053 
272 361 9 11 0.0759733 
733 425 15 19 0.07586206 
692 248 8 10 0.07562003 
230 344 8 11 0.07558463 
629 287 9 11 0.07557266 
980 574 10 12 0.07553636 
800 232 9 12 0.07548457 
881 356 8 10 0.07533584 
902 390 11 14 0.0752348 
887 358 8 10 0.07507762 
783 239 9 10 0.07505424 
369 311 9 11 0.07457858 
349 419 12 16 0.07441897 
337 248 8 10 0.074022025 
674 303 10 12 0.07398668 
1012 503 9 12 0.073897466 
822 144 9 10 0.07369487 
683 309 11 14 0.0736897 
388 351 10 12 0.07368889 
1 358 11 20 0.07339798 
807 332 9 12 0.07257002 
663 377 9 11 0.07255449 
210 452 14 18 0.07250207 
133 374 12 16 0.07221972 
826 427 15 17 0.07212009 
849 305 9 11 0.0719945 
342 417 13 16 0.07198401 
609 350 11 12 0.0719287 
696 278 8 10 0.07189 
711 288 8 10 0.071865276 
806 450 10 14 0.07174138 
290 225 8 9 0.07160631 
547 276 14 18 0.071592376 
295 391 12 14 0.07156148 
423 319 11 14 0.07130685 
288 288 9 11 0.07126535 
590 355 11 12 0.071146846 
200 344 7 9 0.07093958 
834 401 13 15 0.07048346 
577 413 10 12 0.07027979 
311 296 7 9 0.069829516 
961 459 14 17 0.069791704 
319 336 9 11 0.069700904 
863 255 9 11 0.06967087 
387 229 8 11 0.06962178 
814 350 9 11 0.06954949 
614 328 9 12 0.069500946 
822 467 9 12 0.06911688 
247 436 13 14 0.06890703 
908 366 10 13 0.06877191 
828 452 11 14 0.06876356 
605 428 15 18 0.06850576 
885 397 10 13 0.06819097 
864 327 10 12 0.06785992 
924 387 13 16 0.067844175 
311 279 9 12 0.067833595 
774 304 9 12 0.06774581 
906 341 9 11 0.06753184 
349 263 8 11 0.06728322 
333 417 10 15 0.06722661 
575 428 11 15 0.06716431 
429 278 9 10 0.06715925 
318 253 8 11 0.06706479 
280 232 7 9 0.06704023 
806 443 12 16 0.066927485 
629 340 10 13 0.06685075 
728 287 9 11 0.06668324 
400 264 7 10 0.066228054 
718 467 12 18 0.06614297 
223 400 12 17 0.066081844 
680 314 10 12 0.06596533 
671 342 9 10 0.06576663 
597 326 11 13 0.065597795 
797 270 8 10 0.06556894 
614 310 8 10 0.065448865 
598 310 10 12 0.06530941 
765 248 9 10 0.065290794 
693 287 9 12 0.06516528 
776 240 9 10 0.06499838 
671 254 10 12 0.06495858 
630 316 10 13 0.06483703 
279 286 8 12 0.064829156 
433 304 9 11 0.06459161 
948 350 9 12 0.06455722 
654 278 10 12 0.06439679 
912 332 9 12 0.06426615 
330 444 13 18 0.06405634 
377 342 9 11 0.06389802 
365 350 9 10 0.06384814 
576 310 9 11 0.06368007 
216 387 10 14 0.063646026 
223 477 11 13 0.063415065 
274 476 10 12 0.06336906 
648 260 9 10 0.063124955 
869 318 8 10 0.06308065 
905 119 9 11 0.06284504 
710 373 11 14 0.062841155 
965 527 10 12 0.06273275 
701 320 9 12 0.06272919 
824 304 7 10 0.062598646 
909 340 11 15 0.062515676 
799 148 9 10 0.062450957 
421 254 9 11 0.062375303 
413 344 9 12 0.06230339 
871 367 9 11 0.062275603 
79 315 13 18 0.06212687 
247 357 9 13 0.062117036 
278 305 8 10 0.0620852 
527 367 12 16 0.0617065 
741 267 10 11 0.061695732 
393 224 8 11 0.061640047 
704 342 8 11 0.06161579 
378 459 13 15 0.061507113 
757 239 9 10 0.06122 
806 246 9 11 0.06120067 
706 253 8 11 0.061172545 
655 417 15 19 0.060999125 
861 396 11 14 0.060943056 
757 434 14 16 0.060828585 
429 348 11 14 0.060754746 
899 172 13 16 0.06074206 
256 254 8 9 0.06058975 
249 294 10 14 0.060510084 
996 253 9 11 0.060467385 
391 332 9 10 0.060331516 
359 238 8 10 0.060049728 
818 231 8 11 0.059991308 
740 238 9 11 0.059906553 
766 397 10 13 0.059728913 
861 331 10 14 0.059590615 
245 350 8 11 0.059523307 
840 466 15 18 0.05928613 
797 278 8 11 0.059187416 
869 332 9 11 0.059155587 
800 167 17 19 0.059108097 
672 362 10 12 0.058960546 
846 430 13 17 0.05885086 
814 342 10 13 0.05881306 
864 280 9 10 0.058803365 
858 293 9 10 0.058780383 
80 307 13 17 0.05872163 
293 344 10 11 0.058697175 
997 390 11 12 0.058539297 
323 429 15 18 0.05853108 
228 348 10 13 0.05831129 
622 382 10 13 0.058255315 
381 301 9 12 0.05807779 
717 421 13 16 0.058043957 
48 400 17 24 0.05801308 
270 265 9 10 0.05799976 
783 361 10 13 0.05796254 
439 278 8 11 0.05794442 
689 254 9 10 0.05768297 
916 392 14 18 0.057056386 
670 333 10 12 0.057040356 
872 372 11 13 0.056945242 
853 316 9 11 0.056918625 
643 411 12 15 0.05691451 
880 278 8 11 0.05661057 
841 356 10 13 0.056401554 
868 453 12 15 0.056299016 
348 426 12 16 0.056273505 
877 459 13 16 0.056234002 
885 449 16 17 0.056169655 
138 360 10 14 0.055926904 
249 276 9 11 0.05589793 
389 313 9 11 0.055810075 
397 245 9 11 0.055754796 
749 401 12 15 0.055660203 
326 371 10 13 0.055618905 
696 272 9 10 0.055581685 
186 442 14 18 0.055560753 
751 214 8 10 0.05554734 
382 436 12 16 0.055502187 
367 279 12 15 0.05538991 
436 524 16 19 0.055245608 
961 574 9 11 0.055099253 
425 290 9 12 0.05487172 
783 302 11 14 0.054803878 
667 423 16 19 0.05476057 
366 374 9 11 0.054743618 
653 336 9 12 0.054702546 
989 426 10 15 0.054686416 
894 325 9 12 0.054627217 
276 383 11 13 0.05450913 
490 468 24 28 0.05439147 
788 302 10 11 0.054377824 
879 368 8 10 0.054375112 
712 293 9 10 0.054361507 
798 264 7 9 0.054315954 
705 263 8 9 0.054295644 
805 469 8 11 0.054114703 
328 304 9 11 0.054067157 
597 395 10 13 0.053983763 
751 303 9 13 0.053982027 
609 294 10 12 0.05392501 
881 430 12 15 0.053876355 
866 238 8 11 0.05377018 
685 316 9 12 0.053729437 
623 255 8 10 0.053700812 
789 358 10 13 0.05366908 
374 309 8 11 0.05356424 
633 397 11 14 0.053499833 
494 360 15 18 0.053477738 
581 436 11 13 0.05347306 
888 282 10 12 0.05316714 
653 300 9 11 0.052936982 
582 328 9 12 0.05291045 
817 430 10 14 0.05280923 
535 396 13 18 0.052772604 
751 429 12 16 0.0526995 
930 443 15 18 0.052607547 
831 351 9 12 0.052586764 
388 433 13 16 0.05232479 
630 368 9 12 0.052291952 
121 435 10 13 0.052231986 
207 470 12 15 0.0521554 
769 303 9 12 0.052151334 
12 271 9 13 0.05212735 
0 396 9 14 0.052101422 
629 302 9 11 0.052084934 
870 311 7 10 0.051932916 
823 461 11 15 0.051524226 
996 446 9 13 0.051459435 
412 419 12 14 0.051413465 
894 334 8 11 0.051412087 
655 351 9 11 0.051404588 
760 248 9 11 0.051275913 
871 458 13 15 0.05121233 
869 397 11 14 0.051042028 
990 444 11 14 0.050996844 
671 293 9 11 0.050972227 
289 245 8 10 0.05090427 
910 119 9 11 0.050898783 
313 452 10 14 0.050786704 
357 372 10 12 0.05076065 
653 260 9 10 0.050760154 
764 404 13 16 0.0507435 
773 262 8 10 0.050714746 
202 459 11 13 0.05052579 
403 414 15 19 0.050444573 
362 452 13 17 0.050163537 
384 312 9 11 0.05007112 
725 429 11 15 0.049840666 
864 246 9 11 0.04977542 
349 269 9 12 0.049766213 
936 418 12 16 0.049680136 
718 315 11 15 0.04950458 
407 394 13 14 0.049170844 
864 310 9 11 0.049009725 
229 449 13 17 0.04891567 
226 333 8 10 0.048555396 
851 405 11 15 0.04850113 
639 357 9 11 0.048492417 
298 215 8 9 0.04842611 
337 320 8 10 0.048417162 
831 143 8 10 0.048324633 
279 270 8 10 0.04832149 
819 434 12 16 0.048173796 
321 261 9 13 0.048124757 
917 332 9 11 0.04808077 
570 278 8 11 0.048069816 
740 355 10 13 0.04798437 
397 295 8 11 0.04793734 
832 341 9 11 0.04793706 
217 355 9 12 0.04792298 
633 411 10 14 0.047761023 
821 149 8 10 0.047633085 
533 293 9 12 0.04761255 
321 239 7 10 0.047603425 
792 285 9 11 0.047565747 
326 293 8 10 0.04754851 
756 387 11 13 0.047542334 
150 393 15 18 0.047478333 
576 287 9 11 0.04742501 
809 328 10 12 0.047355667 
576 327 9 12 0.047346298 
424 425 12 15 0.04731539 
407 373 10 10 0.04724152 
647 348 10 12 0.04721373 
241 372 9 11 0.047161516 
897 317 10 13 0.0469259 
342 236 8 10 0.046910852 
351 334 8 11 0.046880737 
900 599 12 15 0.046793003 
255 264 8 10 0.04659125 
374 253 8 11 0.046568863 
830 335 10 11 0.04654717 
918 287 9 11 0.04648556 
693 363 12 15 0.046477027 
430 408 12 15 0.046448316 
896 389 9 12 0.046435792 
289 232 7 9 0.046383604 
408 444 14 17 0.04638346 
790 477 8 10 0.046286155 
249 320 7 10 0.04625698 
321 311 9 11 0.046237785 
544 325 8 10 0.046120442 
854 180 8 11 0.046065327 
878 453 12 15 0.046055704 
336 366 8 11 0.04584566 
815 144 8 10 0.04576309 
725 399 14 17 0.045653816 
281 291 9 11 0.04528435 
898 444 13 16 0.045257315 
723 389 12 15 0.04525171 
600 419 11 14 0.04524718 
268 328 9 11 0.045176227 
372 325 9 13 0.0451418 
253 270 8 10 0.045140475 
413 397 11 14 0.045085426 
399 286 8 11 0.045024246 
215 239 10 12 0.044900756 
263 350 9 11 0.04478194 
646 378 10 13 0.044769816 
303 223 8 9 0.044739787 
332 438 11 15 0.04468082 
548 345 14 17 0.044661086 
448 307 11 13 0.0445938 
141 500 10 13 0.044475947 
964 381 11 15 0.044457383 
585 271 8 10 0.044435676 
599 430 12 15 0.044419155 
194 430 13 15 0.044404343 
841 145 9 11 0.044272818 
584 380 11 13 0.04427062 
895 303 8 10 0.04419704 
726 334 10 12 0.044126246 
637 323 9 12 0.044080734 
955 213 11 14 0.04402561 
358 246 9 11 0.0439348 
569 406 9 11 0.04390654 
177 289 11 16 0.043881625 
585 368 11 13 0.043750986 
997 342 10 13 0.043670338 
374 200 9 10 0.043623153 
821 228 10 13 0.043611236 
687 262 9 11 0.043565318 
366 222 9 11 0.04352509 
855 328 10 11 0.04349621 
325 398 8 12 0.043489683 
286 373 9 12 0.043439902 
894 127 8 11 0.04343881 
724 270 10 12 0.04342114 
307 365 11 15 0.043367837 
560 255 10 12 0.04333697 
943 370 10 14 0.04329411 
912 145 9 11 0.043264627 
289 345 10 11 0.04323804 
680 271 10 12 0.043217752 
96 326 13 16 0.0432177 
200 357 9 11 0.043193668 
833 239 8 9 0.043185946 
169 411 12 15 0.04315882 
336 360 9 10 0.043129444 
277 361 9 10 0.0430921 
584 397 12 14 0.04308962 
766 286 9 12 0.04304012 
625 291 10 12 0.04301442 
759 366 9 11 0.042825766 
982 381 10 13 0.042803302 
856 263 8 10 0.042743966 
676 350 10 14 0.042723477 
737 279 8 10 0.04270184 
221 374 10 12 0.042661317 
261 373 10 12 0.042616766 
438 445 12 17 0.042377796 
711 341 9 13 0.042271744 
325 308 10 13 0.042108513 
714 264 9 11 0.042026673 
272 381 10 12 0.04202261 
985 415 9 13 0.042019352 
406 271 9 12 0.041993994 
1007 206 9 11 0.041986387 
470 275 13 17 0.041913528 
805 373 11 13 0.04184032 
918 365 8 11 0.041802183 
103 411 14 17 0.041771 
903 378 11 14 0.041751567 
713 325 8 11 0.041539393 
391 399 11 14 0.041482937 
326 233 8 10 0.041390933 
272 457 12 16 0.0412936 
719 284 8 11 0.041256282 
52 351 13 19 0.04116113 
374 319 8 10 0.041149635 
226 295 8 10 0.04113734 
325 280 8 9 0.04104549 
466 269 10 12 0.04101088 
471 387 12 14 0.040980972 
174 365 10 14 0.04093961 
97 458 12 14 0.04085553 
783 307 12 16 0.040850703 
334 253 9 11 0.0407242 
1 418 9 15 0.040721077 
359 381 9 12 0.040665783 
255 249 7 9 0.040665433 
320 359 9 11 0.040644843 
160 439 10 12 0.040604945 
805 231 8 12 0.04058112 
392 239 8 10 0.040496286 
296 327 9 11 0.04049286 
334 302 8 11 0.040480874 
895 285 7 10 0.040393744 
711 335 9 11 0.040388323 
190 359 10 13 0.040356074 
845 144 9 11 0.04034966 
814 192 11 13 0.040144917 
918 166 12 15 0.04007754 
726 262 8 11 0.040008746 
358 286 9 12 0.039995458 
300 332 9 12 0.039747093 
869 357 10 12 0.03971749 
320 317 8 10 0.039612673 
612 300 10 11 0.039603837 
712 379 11 13 0.039603837 
576 422 12 14 0.039590146 
826 279 8 11 0.039543208 
902 400 14 17 0.03951075 
599 270 8 10 0.039415013 
791 224 8 10 0.039370146 
351 383 9 11 0.039369743 
877 296 8 10 0.03936712 
285 367 10 12 0.03922667 
886 389 9 12 0.039187044 
804 297 11 14 0.039168175 
873 103 8 11 0.039150868 
887 319 8 12 0.039141875 
705 247 9 11 0.03913224 
455 292 11 13 0.03910862 
222 365 10 12 0.03910677 
272 303 8 11 0.03910376 
234 434 15 18 0.039070103 
269 349 9 10 0.03906882 
666 291 9 12 0.03906018 
841 319 9 12 0.039019298 
725 277 8 11 0.03892693 
1007 508 11 14 0.038877938 
369 303 9 11 0.03885936 
810 265 8 10 0.038821995 
248 325 7 11 0.038783114 
337 396 10 14 0.038700294 
402 407 14 16 0.038677685 
960 343 9 12 0.038632583 
201 350 9 11 0.038621042 
373 358 9 12 0.038572326 
680 289 7 10 0.03853061 
669 374 9 11 0.03852118 
751 373 11 13 0.038381524 
301 215 8 9 0.038345948 
295 312 8 10 0.03833221 
254 320 8 10 0.038324855 
343 459 11 14 0.0382991 
222 380 12 16 0.038275816 
823 327 8 11 0.03819625 
598 378 11 15 0.03818262 
932 367 11 13 0.038168676 
305 352 9 11 0.03811258 
814 386 10 12 0.03810625 
303 379 11 13 0.038102478 
948 371 10 14 0.03809888 
152 374 11 15 0.038049262 
341 365 11 12 0.038037363 
127 377 15 18 0.03799793 
909 382 12 15 0.037980705 
750 248 9 11 0.0379762 
887 338 8 10 0.03796958 
825 129 7 9 0.037965856 
665 333 8 11 0.037898373 
822 351 10 13 0.037874736 
246 343 7 10 0.037868783 
711 245 9 12 0.037861962 
718 310 9 12 0.037789233 
157 376 225 231 0.037761156 
846 119 10 13 0.037750237 
574 292 10 12 0.037742976 
936 315 9 13 0.03770128 
709 356 12 17 0.03768312 
176 439 19 23 0.037613727 
186 350 8 10 0.037613522 
308 355 10 14 0.037596542 
818 312 8 11 0.03757667 
999 374 9 10 0.03754623 
998 349 11 14 0.03752311 
718 335 11 13 0.037425287 
842 419 9 12 0.037400514 
534 335 18 23 0.037378464 
607 310 9 11 0.037346803 
718 347 11 14 0.0373461 
417 249 8 10 0.037326373 
245 520 8 10 0.03727688 
117 364 9 13 0.037255768 
830 304 8 10 0.03707399 
904 335 10 12 0.037065763 
870 239 8 10 0.037056442 
651 443 15 19 0.037046775 
247 364 8 12 0.03703683 
763 287 8 11 0.03703317 
167 434 13 16 0.037010953 
62 450 12 15 0.037010018 
984 340 9 11 0.036952656 
568 302 8 11 0.03693981 
854 380 10 12 0.03693781 
453 261 10 13 0.03692305 
626 367 9 12 0.036919866 
592 331 9 11 0.036912568 
393 299 10 12 0.036780994 
886 382 10 13 0.036773313 
140 369 12 17 0.036709882 
559 319 8 11 0.036695525 
308 285 9 10 0.036651447 
181 335 9 12 0.036642555 
687 333 9 11 0.036606267 
744 365 10 13 0.03657225 
871 470 9 12 0.036452543 
857 350 10 13 0.036445055 
351 399 10 13 0.036405712 
948 593 9 10 0.036355212 
898 310 8 11 0.036322262 
303 295 9 11 0.036297485 
424 310 8 10 0.036295068 
872 341 8 12 0.036258273 
676 446 10 13 0.036255997 
838 311 8 9 0.036184523 
55 441 14 17 0.03617306 
726 246 9 10 0.03616184 
189 239 7 9 0.036151737 
192 345 9 11 0.036034912 
831 318 11 13 0.036021866 
766 341 10 12 0.03589728 
366 216 9 9 0.035848 
263 437 14 17 0.03584699 
158 363 13 15 0.035845414 
264 263 9 12 0.035834074 
373 334 9 11 0.035809718 
631 269 9 11 0.035770964 
677 254 9 11 0.035718452 
816 363 10 14 0.035707563 
126 387 14 19 0.03570468 
597 287 9 11 0.03568071 
413 270 9 11 0.03566682 
669 260 9 11 0.03565602 
808 276 9 11 0.035652403 
937 412 13 14 0.035650525 
71 455 9 12 0.035632923 
640 258 9 9 0.035631202 
399 334 9 11 0.03560925 
790 343 10 13 0.035586488 
1014 533 9 12 0.035575897 
543 383 10 12 0.035403308 
541 390 12 15 0.035313033 
197 366 9 12 0.035290923 
204 444 13 17 0.035137184 
897 271 8 10 0.035132468 
831 230 9 12 0.03509885 
358 300 9 13 0.03506596 
873 150 11 14 0.035056848 
273 221 8 11 0.034994137 
638 378 11 14 0.03498581 
939 395 12 15 0.034958873 
528 358 11 15 0.034945555 
334 292 9 12 0.034933794 
724 340 12 15 0.03490922 
995 354 11 15 0.034903273 
293 239 8 10 0.03489966 
397 342 10 11 0.034898847 
479 269 10 12 0.034869872 
999 511 9 12 0.03484237 
947 510 8 11 0.034833554 
216 371 10 13 0.034828514 
687 292 9 10 0.034811206 
735 256 8 10 0.034718834 
598 304 9 11 0.034668498 
766 239 8 10 0.034662563 
591 315 9 12 0.034649428 
334 373 9 12 0.03460264 
881 337 9 10 0.034588654 
740 342 10 14 0.03457899 
764 442 14 18 0.034480177 
245 326 428 483 0.034477577 
799 221 8 10 0.034456525 
376 382 10 14 0.03445316 
704 285 9 11 0.03433862 
899 433 14 18 0.034322746 
773 396 12 15 0.034305345 
528 339 12 16 0.034206174 
299 394 12 15 0.03420434 
518 365 11 15 0.034160458 
312 239 9 10 0.03413045 
574 278 8 11 0.03412907 
1007 555 12 16 0.034115978 
817 300 9 11 0.03405591 
229 328 9 12 0.034054305 
766 293 9 12 0.03399857 
157 341 9 11 0.033944577 
903 287 8 9 0.033907663 
717 357 12 15 0.03390087 
822 223 11 12 0.03384494 
692 262 9 11 0.03368244 
322 287 8 10 0.03367645 
661 310 9 12 0.03367184 
570 399 9 13 0.033632193 
997 531 11 12 0.0336224 
873 301 8 11 0.03361418 
970 511 9 11 0.033595853 
828 413 12 15 0.03358889 
378 477 14 18 0.033588763 
0 436 11 17 0.03358822 
455 370 10 13 0.03354319 
70 436 10 15 0.03349401 
687 342 10 13 0.03342469 
847 426 20 26 0.033422932 
428 322 12 17 0.03339369 
542 321 8 11 0.03338968 
296 208 9 11 0.03333022 
805 237 8 10 0.0333173 
902 360 11 12 0.03326443 
365 403 10 14 0.033232152 
992 375 10 12 0.033207957 
646 419 11 16 0.033192802 
589 288 10 12 0.03315712 
450 327 15 21 0.03314959 
383 183 8 11 0.033119954 
427 356 10 13 0.033098355 
679 362 10 13 0.032986194 
212 474 11 14 0.032950327 
664 405 16 19 0.03294805 
791 349 10 11 0.032904517 
443 439 17 19 0.032889985 
326 360 9 11 0.032790557 
807 251 9 12 0.03262169 
735 247 8 10 0.032607347 
799 349 10 12 0.0325736 
865 431 15 19 0.03256699 
603 419 14 18 0.03254471 
343 372 10 12 0.032539703 
221 446 15 21 0.0324325 
383 294 10 13 0.03239459 
631 391 11 13 0.0323825 
341 359 11 12 0.032367785 
94 334 21 30 0.032332648 
608 355 11 13 0.032308258 
325 341 11 14 0.032244887 
734 331 9 11 0.032224152 
983 524 9 11 0.032083947 
913 346 10 14 0.032051016 
881 262 8 11 0.032007724 
916 443 13 16 0.031992156 
768 221 8 10 0.03197196 
789 237 9 11 0.031902168 
757 374 10 14 0.031885814 
397 360 8 10 0.03184843 
832 190 9 12 0.031727076 
475 532 12 16 0.031724848 
389 374 9 10 0.03165896 
532 268 10 13 0.031612683 
608 333 10 13 0.03159985 
492 411 13 16 0.0315975 
678 327 10 13 0.03147193 
407 277 9 11 0.031466924 
663 325 10 13 0.031465866 
456 412 14 18 0.0313592 
125 450 13 16 0.0313561 
533 344 14 18 0.031308495 
225 343 9 11 0.031222831 
809 213 9 13 0.03119699 
96 404 12 16 0.031158684 
366 397 11 14 0.031116951 
383 333 9 12 0.031077588 
361 327 8 10 0.031068496 
1000 327 8 10 0.031048052 
341 279 10 12 0.03102114 
758 302 9 12 0.030988015 
671 249 9 10 0.030958597 
897 168 9 12 0.030927945 
311 301 8 9 0.030927544 
607 342 10 11 0.030891983 
358 270 9 10 0.030890083 
471 506 14 18 0.03088724 
832 199 8 10 0.030825851 
856 189 9 13 0.030822976 
74 443 9 15 0.030731842 
88 427 15 19 0.03066429 
743 373 9 13 0.030625945 
805 191 11 12 0.03061573 
713 317 10 15 0.030607324 
821 318 9 12 0.030513436 
207 345 8 10 0.030465806 
847 278 8 11 0.03044072 
256 344 8 10 0.030423006 
886 262 8 11 0.030361963 
342 434 12 17 0.030355094 
462 301 10 12 0.030353742 
351 208 8 9 0.030330926 
935 340 8 11 0.030326609 
185 360 9 12 0.030305818 
472 213 10 14 0.030289568 
880 390 10 13 0.030279977 
681 95 9 11 0.030269379 
272 216 8 10 0.03025425 
815 296 8 11 0.030211514 
988 436 12 17 0.03016682 
935 277 8 9 0.030103574 
328 246 8 11 0.030103551 
695 334 9 11 0.030098809 
759 351 9 11 0.030098 
716 323 11 12 0.030094875 
760 270 9 11 0.03006772 
734 285 10 13 0.03006436 
560 390 9 11 0.030052667 
464 264 9 11 0.030044364 
760 262 7 9 0.0300392 
408 295 9 11 0.02999589 
198 370 11 14 0.029986998 
424 344 9 12 0.02993642 
573 363 9 12 0.029902458 
201 392 15 19 0.02990228 
660 318 9 12 0.029861528 
118 430 10 14 0.02985784 
188 421 13 16 0.029842054 
413 440 12 14 0.029823054 
678 342 9 12 0.02976231 
352 357 9 11 0.029745057 
358 232 9 11 0.02969692 
265 248 7 9 0.029686784 
881 271 8 10 0.029677857 
526 332 12 16 0.029642414 
724 422 12 15 0.029625762 
438 240 8 10 0.029615087 
740 436 12 15 0.029585067 
392 414 12 16 0.029577384 
912 320 8 10 0.029573128 
562 441 14 17 0.029537855 
686 276 11 12 0.029522289 
417 320 9 11 0.029520296 
894 278 9 12 0.02945555 
626 373 10 13 0.029443856 
343 339 16 22 0.02942325 
839 190 10 13 0.029299255 
783 342 11 13 0.029254029 
175 349 10 12 0.029238751 
600 265 7 9 0.029230563 
712 389 11 14 0.029229792 
807 219 9 12 0.029191628 
758 359 9 11 0.029184317 
374 262 9 12 0.02915922 
993 532 9 11 0.029129233 
870 350 9 12 0.029089745 
429 272 9 11 0.029043615 
832 129 8 10 0.028998695 
665 270 9 11 0.028993864 
414 277 8 11 0.028990306 
736 380 11 15 0.028949743 
344 268 9 12 0.028913062 
470 264 10 12 0.028900119 
900 362 19 24 0.02889858 
535 324 10 13 0.028870767 
656 310 9 12 0.028870543 
913 135 8 10 0.028853003 
296 366 11 13 0.028796894 
159 357 10 14 0.028786967 
1009 549 11 14 0.028770152 
846 159 10 12 0.02875833 
693 372 13 18 0.02870914 
558 301 9 12 0.028695194 
399 319 7 10 0.028685354 
345 383 9 12 0.028658574 
752 237 9 11 0.028643062 
895 360 8 11 0.028620569 
879 395 10 14 0.0286134 
351 215 8 10 0.028608462 
913 288 8 10 0.028568251 
348 388 10 12 0.028506031 
282 332 10 12 0.028470159 
272 309 10 11 0.02844054 
349 318 9 11 0.0284109 
351 278 9 11 0.028403802 
829 292 10 13 0.028397353 
496 184 83 118 0.028278 
414 356 9 11 0.028272634 
676 452 12 15 0.028271832 
829 432 15 18 0.02823799 
321 326 8 11 0.028233858 
279 223 7 9 0.02822145 
610 278 7 10 0.028202802 
638 365 9 12 0.02819043 
767 230 8 10 0.028182415 
997 365 10 12 0.02816064 
613 279 8 9 0.028154664 
793 388 11 14 0.028148202 
164 366 12 13 0.028145188 
584 278 8 10 0.028112128 
665 262 8 10 0.028093738 
406 495 14 19 0.028073678 
437 301 11 14 0.028072815 
388 365 10 13 0.028068038 
862 167 8 11 0.028064877 
346 294 10 12 0.028045112 
787 397 12 14 0.028041344 
197 443 12 16 0.028014764 
70 460 10 12 0.028011054 
380 404 12 15 0.027999332 
822 406 11 13 0.02796089 
360 278 10 13 0.027945524 
141 377 11 14 0.027930744 
833 148 9 11 0.027913189 
686 304 9 12 0.027902415 
409 438 11 13 0.027901985 
701 372 12 16 0.027894719 
895 140 9 13 0.027775347 
804 158 14 15 0.027769115 
448 269 8 10 0.02772299 
916 157 12 14 0.027694296 
856 476 10 12 0.027692156 
241 358 10 13 0.027615733 
793 451 10 14 0.02759461 
919 355 10 15 0.027516318 
358 355 10 13 0.027512545 
294 287 9 10 0.02750613 
806 310 9 10 0.027488215 
910 427 12 15 0.027452504 
797 325 11 14 0.027443022 
250 457 15 18 0.027428458 
829 165 8 10 0.027421255 
421 399 10 12 0.027380578 
498 351 11 14 0.027364697 
290 302 8 11 0.027351892 
680 382 10 13 0.027338896 
838 237 9 10 0.027333423 
506 350 11 14 0.027303236 
134 420 15 19 0.027277717 
720 254 8 10 0.02726948 
409 344 9 12 0.02724258 
447 337 13 17 0.02722906 
296 372 10 13 0.02721821 
917 424 13 17 0.027207874 
408 300 9 13 0.027190452 
175 356 9 12 0.027144238 
287 312 7 9 0.027092962 
440 295 8 11 0.02706285 
312 402 12 15 0.027027529 
676 112 12 14 0.027008506 
670 111 11 13 0.026969368 
997 427 10 14 0.0268962 
622 335 10 12 0.02689297 
949 354 10 13 0.026833024 
838 350 10 13 0.026795518 
862 478 10 12 0.02678482 
889 134 9 12 0.026771134 
375 349 9 12 0.026694238 
856 356 10 13 0.026664378 
317 225 8 9 0.026652178 
382 240 8 10 0.02663083 
863 457 13 17 0.026618326 
1007 372 9 11 0.026613109 
805 463 10 13 0.02657706 
961 238 9 11 0.026573256 
784 462 9 12 0.026536744 
566 327 10 12 0.0264915 
975 524 9 11 0.026486345 
759 406 11 14 0.026471483 
286 412 14 17 0.026459828 
809 207 11 13 0.026458718 
691 490 14 18 0.02644232 
286 255 8 10 0.026436334 
735 375 11 13 0.026333503 
940 318 9 11 0.026307466 
619 423 13 16 0.02630328 
341 444 11 16 0.026293634 
479 295 9 11 0.026278486 
557 284 10 14 0.026264025 
830 182 8 11 0.026239982 
848 135 8 10 0.026228799 
576 392 9 11 0.026203845 
883 178 11 15 0.02617687 
390 284 12 14 0.026162049 
828 459 12 16 0.02615998 
463 274 13 17 0.026128583 
326 348 10 12 0.02612513 
272 371 10 13 0.026120637 
360 334 9 11 0.02611597 
438 324 12 16 0.026115209 
177 272 8 10 0.026111439 
251 391 19 23 0.026089579 
412 383 11 13 0.02603059 
632 358 8 11 0.026027447 
984 396 11 14 0.025999505 
468 441 16 20 0.025979238 
638 480 10 11 0.025976919 
190 471 9 12 0.025914034 
889 126 9 11 0.025882669 
978 374 12 14 0.02587457 
1004 396 11 14 0.025859281 
840 124 9 12 0.025854055 
822 179 12 14 0.025844367 
855 423 13 16 0.025841702 
783 325 13 16 0.02582711 
274 250 9 12 0.025824292 
477 380 11 17 0.0257151 
709 364 13 16 0.02571183 
678 458 14 19 0.025700146 
359 207 7 8 0.025699953 
724 316 11 14 0.025668802 
477 245 11 14 0.02566001 
192 382 10 15 0.025613856 
892 245 9 12 0.025591655 
575 303 9 11 0.025591418 
296 318 9 10 0.02559079 
577 317 9 11 0.025584597 
338 390 10 13 0.025582006 
374 268 9 12 0.025570517 
976 436 13 19 0.02556423 
661 363 11 13 0.025502805 
936 257 9 11 0.025499292 
657 380 10 14 0.0254407 
83 379 13 17 0.025436232 
430 438 12 16 0.025423516 
867 445 12 15 0.02540574 
107 444 12 15 0.025357885 
949 402 12 15 0.0253173 
690 455 15 19 0.025304085 
141 318 9 11 0.025301544 
903 390 20 25 0.0252977 
274 451 15 18 0.025284415 
890 324 8 11 0.02528182 
623 357 9 12 0.025251845 
772 418 13 16 0.02520431 
405 469 14 16 0.02517361 
986 262 7 11 0.025126334 
424 406 10 13 0.025115099 
717 295 8 11 0.025103934 
405 428 12 15 0.025049174 
712 277 8 11 0.02504823 
282 442 12 17 0.02503188 
687 326 10 13 0.025018195 
831 134 8 10 0.024986437 
452 212 110 149 0.02497349 
337 238 7 9 0.024971105 
917 143 10 11 0.024971096 
665 255 9 11 0.024970815 
432 444 12 15 0.024924958 
368 260 10 11 0.02490145 
712 229 9 11 0.024900673 
134 445 11 15 0.024836289 
305 281 8 11 0.024832634 
229 459 11 14 0.02481746 
445 448 13 16 0.024814876 
880 317 10 13 0.024673283 
274 468 13 16 0.024632763 
1014 357 9 12 0.024625821 
925 557 8 11 0.0246228 
910 443 13 16 0.024621643 
625 269 9 11 0.024619328 
816 222 9 12 0.02459708 
991 361 12 15 0.024596581 
358 200 8 9 0.024585312 
567 352 10 12 0.024580272 
295 253 8 10 0.024565855 
775 402 11 15 0.024544632 
421 249 8 9 0.02450144 
907 334 20 25 0.024493216 
647 358 10 12 0.024460567 
839 212 10 13 0.0244255 
630 256 8 9 0.024384754 
774 295 8 10 0.02432422 
724 357 12 15 0.024312867 
279 260 8 11 0.024302755 
53 379 10 15 0.024300484 
413 374 9 11 0.024279995 
261 254 8 9 0.024279611 
592 252 9 12 0.024266127 
215 437 11 15 0.024257256 
695 341 9 12 0.024252674 
565 381 10 12 0.024234826 
845 248 8 10 0.024204921 
798 287 10 11 0.024198016 
618 23 243 232 0.024197455 
265 294 8 12 0.024189506 
375 445 13 17 0.02418937 
590 271 8 10 0.02418811 
865 271 8 10 0.02414877 
836 231 10 12 0.024147997 
816 463 9 12 0.024146687 
400 326 7 11 0.024136769 
327 403 9 13 0.024136346 
93 315 12 16 0.024132956 
648 280 10 11 0.024131158 
398 275 10 13 0.024106456 
714 260 19 23 0.024102673 
847 174 11 13 0.023981258 
848 339 10 12 0.023941748 
536 318 9 13 0.023901157 
806 421 11 13 0.023870168 
52 450 14 16 0.023867603 
188 409 14 17 0.023780627 
158 318 8 11 0.02377224 
376 366 8 11 0.023743872 
290 418 14 19 0.023732677 
381 253 9 12 0.023726057 
854 270 8 10 0.023724437 
397 255 9 10 0.023722371 
336 350 8 10 0.023720257 
894 100 10 13 0.023718389 
367 383 9 11 0.023713104 
862 112 8 10 0.023672141 
913 240 8 11 0.023669321 
664 303 8 10 0.02363957 
334 332 10 13 0.023632541 
771 194 12 17 0.023619346 
789 142 10 12 0.023602586 
824 388 9 13 0.02357262 
263 341 10 13 0.023568597 
223 429 14 18 0.023546316 
397 300 10 12 0.023544436 
315 477 14 16 0.02353435 
890 140 9 12 0.023532717 
463 411 25 31 0.023528725 
548 333 13 15 0.023499936 
889 98 11 13 0.0234998 
335 324 8 12 0.023490118 
767 449 13 17 0.023486817 
798 451 11 14 0.023449956 
740 87 12 15 0.023445936 
828 363 10 13 0.023439007 
253 442 13 16 0.023394369 
824 446 19 24 0.02337156 
445 315 24 30 0.023356218 
421 437 11 15 0.023348335 
373 397 11 14 0.023286618 
773 222 9 11 0.023286138 
250 388 12 16 0.023223005 
831 160 7 10 0.023158623 
248 265 9 10 0.023154097 
1001 559 10 14 0.023139222 
711 347 10 13 0.023112593 
360 215 8 10 0.023079185 
550 417 19 27 0.023051232 
256 349 10 11 0.023042986 
748 411 14 18 0.023030004 
414 325 10 13 0.02301597 
391 344 10 11 0.02299137 
353 247 8 10 0.022972826 
926 355 11 15 0.022958312 
800 342 10 13 0.022943264 
614 248 9 11 0.022927748 
127 367 9 11 0.022920778 
408 327 9 12 0.022902071 
702 227 10 13 0.022879332 
725 241 8 10 0.022854043 
589 421 11 14 0.022840157 
112 388 20 25 0.022836939 
557 341 11 15 0.022798333 
164 357 11 13 0.022755709 
164 371 13 17 0.022734309 
694 356 19 26 0.022721983 
46 391 11 15 0.02269192 
744 311 8 11 0.022675559 
883 166 11 14 0.022648735 
487 286 11 14 0.02262532 
991 317 10 13 0.022593686 
784 148 10 14 0.022575388 
18 17 10 14 0.022566084 
367 387 11 15 0.022555409 
281 237 8 10 0.022502126 
0 658 8 12 0.022489445 
925 343 10 14 0.022466 
841 120 10 12 0.022448722 
736 270 8 10 0.02240847 
848 334 9 12 0.02240188 
656 350 19 24 0.022363806 
854 164 8 11 0.022341037 
205 438 11 14 0.02230342 
760 396 11 15 0.022294385 
214 443 13 17 0.022255156 
630 347 9 13 0.022236876 
767 217 8 10 0.022199212 
1013 526 10 13 0.02219532 
91 307 12 16 0.02218574 
734 362 11 14 0.022176677 
519 395 11 16 0.022168033 
670 299 19 26 0.022157239 
760 276 9 13 0.02213488 
910 436 12 15 0.022116847 
894 135 9 12 0.022115111 
712 306 10 14 0.022114826 
663 102 9 11 0.02209724 
176 278 11 14 0.022083182 
294 358 20 24 0.022076022 
967 477 10 13 0.02205893 
852 334 20 23 0.022056885 
311 310 9 12 0.022039894 
746 302 9 12 0.021994825 
678 247 9 10 0.021994697 
885 117 9 12 0.021974612 
181 340 10 13 0.021902563 
793 443 11 15 0.02190073 
172 373 11 14 0.021891996 
654 272 9 10 0.021889647 
869 271 9 10 0.021846311 
361 222 9 10 0.021846145 
855 278 8 11 0.021835523 
917 458 13 16 0.021830024 
811 438 18 23 0.02181044 
368 207 9 10 0.02180865 
376 466 12 16 0.021802248 
320 368 12 15 0.02179359 
343 335 9 12 0.02178079 
406 286 9 10 0.021777425 
805 404 12 14 0.021755928 
698 229 9 11 0.021739759 
741 444 12 16 0.021694642 
915 339 19 24 0.021664944 
696 442 16 20 0.021653786 
86 371 13 18 0.02163429 
639 311 9 12 0.021603744 
289 262 9 11 0.021588081 
862 232 10 12 0.021584256 
813 203 12 15 0.021563763 
1009 409 12 16 0.021552049 
880 254 10 12 0.021544892 
351 326 9 12 0.021542856 
760 225 8 9 0.0215165 
552 301 11 13 0.02151093 
870 180 10 13 0.021505572 
433 239 9 11 0.02149341 
800 254 8 12 0.021485073 
889 360 18 23 0.021464195 
490 206 27 36 0.021449905 
961 579 10 13 0.021435501 
598 356 10 13 0.021421563 
837 441 14 18 0.021390058 
574 261 9 12 0.02135998 
766 370 12 15 0.02132663 
825 283 10 14 0.021308543 
695 302 10 12 0.021267146 
409 262 8 9 0.021259421 
875 154 13 15 0.021247154 
393 217 7 9 0.02118992 
840 304 9 11 0.02118123 
663 116 12 15 0.021171123 
432 339 19 25 0.021156907 
951 343 10 12 0.021139104 
873 109 9 12 0.021120407 
137 358 19 24 0.021115098 
228 469 10 13 0.02108367 
680 263 9 10 0.021076163 
727 326 10 12 0.021053368 
998 333 10 12 0.02104602 
929 279 8 9 0.021045666 
77 459 11 13 0.021034636 
309 389 11 13 0.021034552 
846 284 10 14 0.02102399 
559 406 10 13 0.021011507 
789 156 10 13 0.020967606 
882 486 13 15 0.020959873 
701 302 10 13 0.020954113 
415 402 10 14 0.020935573 
287 279 9 11 0.020924786 
904 277 9 12 0.02091507 
790 150 9 13 0.020908518 
671 425 21 26 0.02089751 
546 407 13 17 0.020882873 
608 245 11 13 0.020880278 
560 293 10 13 0.020876661 
565 253 11 14 0.020873025 
17 209 11 15 0.020845124 
185 365 18 24 0.020834018 
616 264 8 9 0.02081717 
320 302 8 10 0.020810096 
976 398 10 14 0.020805433 
83 303 20 28 0.020784402 
527 396 11 15 0.0207344 
877 477 11 13 0.02072678 
248 433 20 23 0.02072478 
671 102 9 11 0.020713558 
977 351 11 15 0.020693973 
246 335 8 10 0.020693853 
871 392 10 13 0.020692706 
665 340 9 12 0.020669423 
294 279 8 11 0.020655585 
823 262 10 12 0.020655444 
763 358 20 23 0.020647576 
311 217 9 9 0.020645844 
792 381 11 14 0.02063239 
848 381 9 12 0.02059609 
573 271 9 11 0.020586593 
772 286 9 11 0.020566324 
407 319 7 10 0.02056411 
292 354 12 14 0.020464472 
566 341 10 13 0.02046366 
351 221 8 10 0.020441422 
84 451 11 13 0.020433335 
394 430 15 18 0.020424949 
266 311 7 10 0.020406216 
440 434 14 17 0.020394478 
415 309 9 11 0.020386714 
160 295 9 12 0.020385668 
1004 349 10 14 0.02038303 
336 200 8 9 0.020373719 
2 481 15 20 0.020366397 
863 179 10 13 0.02035285 
680 236 9 11 0.020322932 
498 463 19 21 0.020321034 
46 371 214 222 0.02030521 
559 395 10 14 0.020301469 
584 348 10 13 0.02028553 
750 271 9 11 0.02028482 
912 203 12 15 0.020255215 
639 285 9 12 0.02023643 
454 278 11 15 0.02023535 
459 295 11 12 0.020231795 
196 382 13 17 0.020212604 
505 217 29 35 0.020169143 
364 238 10 12 0.020160817 
313 326 9 11 0.02015271 
1001 158 8 11 0.020144762 
703 292 9 12 0.020142505 
174 380 11 14 0.020138124 
840 245 9 12 0.020099757 
568 423 19 24 0.020070681 
614 270 8 10 0.020057257 
719 433 14 17 0.020045366 
433 332 10 13 0.020042144 
351 310 9 11 0.020035828 
737 286 213 232 0.020030871 
876 117 10 14 0.020009212 
836 431 19 24 0.020006321 
