2_Demonstration_Demonstrators_2_712
86
889 426 35 44 0.99328667 
701 535 27 30 0.9699192 
648 531 48 59 0.95452684 
765 479 37 50 0.9106998 
994 376 30 42 0.7763992 
113 566 26 36 0.7084886 
554 269 17 21 0.26911026 
803 409 15 19 0.16156787 
683 491 12 14 0.1481568 
269 336 9 11 0.14621809 
741 40 43 43 0.1388322 
641 194 11 13 0.13478485 
685 521 16 20 0.1192676 
759 546 28 47 0.10462245 
772 425 14 17 0.09491806 
124 560 30 43 0.094357386 
135 536 11 14 0.0879667 
119 543 11 14 0.070743814 
71 204 423 495 0.06491844 
684 527 41 53 0.06403062 
42 98 9 13 0.06366302 
804 417 14 19 0.062291056 
862 436 15 18 0.059704997 
336 376 50 66 0.058180526 
455 588 13 15 0.055957716 
289 344 9 11 0.05332914 
321 368 9 11 0.04878183 
996 356 28 41 0.046952207 
351 327 10 12 0.046449743 
680 519 26 36 0.04545248 
124 541 11 13 0.04530741 
822 369 12 14 0.045150094 
620 192 11 13 0.04453114 
754 443 12 14 0.041167796 
693 562 32 37 0.04090291 
304 366 10 12 0.040325247 
128 532 10 14 0.03912548 
499 576 15 19 0.03799808 
666 525 34 46 0.03753159 
139 565 32 48 0.03660561 
749 411 16 20 0.03600121 
126 527 9 13 0.033989687 
365 536 9 11 0.03332699 
773 432 14 17 0.031724837 
348 371 9 12 0.031387966 
719 446 13 17 0.03119686 
188 503 54 67 0.030471696 
544 260 11 13 0.029443014 
901 18 65 80 0.029191114 
678 485 21 26 0.028974015 
866 419 24 32 0.0282568 
266 338 10 14 0.027675819 
425 538 45 62 0.027665442 
113 541 11 13 0.027417745 
768 432 11 16 0.026964499 
361 628 60 50 0.02632616 
632 209 9 12 0.02554612 
816 405 11 16 0.025428973 
278 364 12 15 0.02512364 
779 459 13 16 0.02509373 
601 370 10 12 0.024248425 
291 348 10 12 0.023927253 
673 514 25 28 0.02379322 
197 563 11 13 0.02373606 
778 435 13 17 0.022873241 
344 368 10 13 0.022867221 
325 370 8 12 0.02277214 
861 66 176 229 0.022737853 
361 539 10 11 0.02273153 
680 610 36 33 0.022540897 
590 219 13 16 0.022213582 
695 511 27 32 0.022101816 
434 540 26 38 0.022077583 
736 11 50 54 0.02162671 
141 557 13 18 0.021489233 
189 549 12 15 0.02128374 
376 534 8 11 0.021170635 
592 214 10 12 0.020802412 
272 389 11 13 0.020800354 
484 570 13 17 0.02067129 
575 192 11 12 0.020446194 
336 368 9 11 0.020438379 
470 583 12 15 0.020393193 
630 191 9 12 0.020239158 
6 587 32 61 0.020031473 
660 -45 398 445 0.020014985 
