2_Demonstration_Demonstrators_2_567
30
535 51 69 83 0.9989385 
699 60 56 79 0.9979972 
431 122 45 55 0.99185854 
900 39 47 99 0.91998136 
75 94 37 49 0.7693855 
245 94 48 55 0.17586038 
857 303 172 236 0.14825258 
197 75 40 56 0.12741123 
90 486 16 21 0.07677823 
20 115 25 31 0.07152204 
925 48 59 91 0.07111886 
250 112 49 65 0.061901066 
97 92 16 20 0.060096264 
233 120 49 68 0.058600202 
953 61 61 90 0.05624605 
212 81 48 63 0.05179184 
68 102 29 34 0.05143717 
630 122 47 57 0.04867591 
62 107 15 20 0.048529543 
91 96 18 23 0.04153404 
273 101 40 47 0.035995685 
742 709 33 32 0.031916726 
196 305 13 17 0.03140909 
54 64 71 98 0.027232086 
28 152 41 60 0.025437402 
115 32 16 18 0.023493182 
12 546 21 35 0.022994582 
98 18 15 19 0.021759959 
275 123 36 46 0.020482346 
728 762 58 49 0.020154366 
