2_Demonstration_Protesters_2_826
222
893 239 61 75 0.99953365 
627 72 32 45 0.9993699 
706 203 49 70 0.9988514 
604 140 36 43 0.9981939 
544 168 43 54 0.99690884 
580 76 26 32 0.97965944 
56 86 29 40 0.96408814 
498 148 28 39 0.9574687 
517 68 13 18 0.927855 
227 101 18 22 0.89469093 
179 114 15 21 0.88014513 
545 104 17 24 0.8396625 
424 83 17 24 0.75855535 
210 81 17 20 0.66355604 
519 124 20 24 0.5751383 
91 82 12 16 0.5280147 
256 68 10 12 0.49702635 
562 55 21 27 0.47593528 
686 68 13 16 0.4139141 
386 82 15 19 0.4094438 
617 67 13 16 0.36956987 
142 102 12 16 0.31004903 
536 75 12 14 0.30200186 
181 86 8 11 0.28329968 
200 108 11 17 0.27689117 
552 66 11 15 0.268623 
509 132 27 36 0.24735625 
26 98 31 37 0.24027032 
359 88 21 26 0.23188648 
400 56 7 10 0.22617215 
545 32 8 10 0.22038798 
415 105 12 17 0.18789847 
405 89 10 14 0.16931851 
685 72 16 24 0.16375187 
435 136 27 34 0.14769581 
401 184 35 54 0.13534495 
99 85 12 14 0.12902802 
780 87 12 16 0.12487143 
399 86 10 12 0.12345487 
315 100 15 19 0.123231255 
488 77 11 14 0.12267186 
376 364 52 80 0.12203981 
131 99 15 18 0.113417186 
412 62 9 12 0.11171396 
372 189 51 58 0.11146713 
450 136 26 32 0.10565368 
369 89 15 19 0.10497776 
334 136 28 38 0.09716989 
504 65 11 14 0.09577618 
234 74 10 14 0.09253002 
576 67 24 30 0.090730496 
252 70 23 32 0.08875366 
869 62 14 16 0.08370399 
676 55 10 13 0.08294796 
423 77 15 20 0.08288869 
40 92 32 39 0.080265224 
254 44 8 11 0.07892901 
455 56 8 11 0.07832238 
0 128 10 18 0.076105274 
455 147 27 35 0.071569525 
148 106 11 15 0.07135088 
86 79 19 25 0.07048645 
431 90 16 19 0.06865333 
152 84 10 12 0.067893766 
255 73 14 19 0.06646716 
137 132 12 15 0.06257957 
311 94 11 15 0.061789494 
353 64 7 8 0.060660664 
684 80 21 29 0.06053484 
213 89 21 25 0.060155004 
465 154 25 30 0.059678856 
529 110 22 25 0.058328077 
1002 167 8 12 0.05792447 
618 68 28 37 0.05789449 
324 100 14 19 0.056292858 
121 99 12 16 0.054536607 
279 39 10 12 0.05432487 
852 92 23 34 0.053814296 
200 78 21 27 0.05321983 
551 61 21 27 0.053087115 
491 83 10 13 0.052435722 
993 159 7 9 0.05224018 
677 82 13 19 0.051682565 
455 60 10 13 0.050106633 
349 134 12 16 0.049609523 
540 70 12 15 0.048602786 
449 54 9 11 0.048422147 
442 93 13 17 0.048286326 
883 80 13 16 0.048280563 
466 97 16 22 0.047791656 
416 193 32 44 0.04672415 
487 72 8 11 0.045269392 
175 98 23 33 0.045144707 
175 110 13 18 0.04514224 
552 100 23 28 0.044954628 
27 104 19 22 0.04414363 
332 100 12 17 0.044104643 
157 80 8 10 0.043513704 
459 84 21 28 0.042625528 
670 83 13 19 0.042407256 
199 81 13 17 0.042321514 
321 37 9 12 0.042080823 
887 51 11 14 0.041871153 
68 82 24 33 0.04123846 
1014 182 7 10 0.040798098 
392 62 9 11 0.038379554 
562 99 16 21 0.03807028 
361 336 86 128 0.037803244 
412 68 10 12 0.037455186 
624 32 11 14 0.0372558 
59 14 13 17 0.037244525 
376 30 7 9 0.03706631 
215 101 22 27 0.03667337 
262 43 9 11 0.03666109 
193 106 19 26 0.036047187 
365 125 14 17 0.035616882 
522 61 13 16 0.035444748 
413 56 9 11 0.035368968 
503 170 31 40 0.035274263 
1006 172 8 10 0.035143618 
406 99 13 20 0.034885883 
734 62 11 15 0.03450107 
21 11 27 31 0.034445062 
203 110 14 20 0.034094788 
126 95 15 18 0.033854242 
949 80 10 13 0.033804767 
442 103 16 19 0.033791125 
334 93 11 16 0.03354913 
481 62 9 11 0.03300606 
1002 183 8 10 0.03293403 
218 80 12 14 0.032761782 
526 54 10 12 0.03231756 
519 110 12 16 0.032200966 
353 89 11 17 0.032188993 
193 77 10 12 0.032090776 
406 55 9 12 0.03183583 
211 157 25 29 0.031539883 
207 70 10 13 0.031347584 
476 99 16 22 0.03115363 
455 72 22 26 0.030678457 
529 46 8 11 0.030625861 
861 84 14 17 0.030323066 
285 40 8 10 0.03002538 
458 132 17 21 0.029714886 
454 69 12 17 0.029692605 
273 39 9 11 0.029400343 
186 107 17 24 0.029358454 
340 137 17 23 0.029314246 
529 31 7 10 0.029249433 
424 54 8 11 0.029156351 
597 60 15 18 0.02866208 
667 220 37 59 0.028156586 
419 93 16 23 0.027327232 
47 3 12 15 0.027136194 
693 83 21 31 0.027069552 
316 109 17 20 0.026831863 
545 139 30 34 0.026563015 
384 5 97 121 0.026449282 
485 99 14 23 0.02642838 
327 94 11 16 0.026286297 
913 75 14 17 0.026166603 
589 69 24 30 0.026116222 
249 81 10 17 0.026048489 
517 117 16 21 0.025801975 
501 74 13 17 0.025673138 
480 69 11 15 0.025505763 
53 5 11 13 0.025487877 
729 132 10 13 0.02545533 
168 107 11 15 0.025445405 
506 148 39 53 0.02519816 
405 325 96 137 0.025144901 
333 145 17 24 0.024875551 
550 54 11 13 0.024860194 
155 108 13 16 0.024786267 
46 10 25 32 0.024687769 
466 138 15 21 0.02464362 
271 61 10 13 0.024566973 
397 67 12 14 0.024364239 
173 130 14 18 0.024297511 
692 104 13 18 0.024272373 
1011 89 11 18 0.02405338 
485 111 13 20 0.023785906 
701 105 12 17 0.023698308 
333 61 8 10 0.023697492 
449 70 11 14 0.023344094 
395 55 8 10 0.023241254 
920 60 13 15 0.023137122 
355 130 13 16 0.022950636 
0 125 18 31 0.022735782 
690 62 12 15 0.022665583 
358 63 7 9 0.022504454 
825 414 29 34 0.022480987 
529 37 8 10 0.022325234 
559 53 16 20 0.022270828 
687 97 14 20 0.022264542 
495 54 8 11 0.022156578 
452 125 15 18 0.022030694 
390 69 11 14 0.022002192 
438 122 27 32 0.021862894 
866 73 15 19 0.021836542 
996 289 28 48 0.021626102 
858 82 22 30 0.021522738 
450 59 9 13 0.021323493 
663 160 39 53 0.02125487 
512 122 16 22 0.021203265 
421 138 27 35 0.021121642 
407 47 8 10 0.021008734 
357 185 35 37 0.020940155 
596 67 15 19 0.020939348 
259 64 11 13 0.020937936 
400 86 20 27 0.02085949 
384 86 23 30 0.020790376 
131 112 17 19 0.020695034 
284 74 12 18 0.020635309 
191 82 11 15 0.020600174 
329 61 8 11 0.020522105 
175 89 12 16 0.020468527 
140 111 16 18 0.020408977 
176 80 18 23 0.020365018 
134 128 21 24 0.02028439 
1007 184 8 10 0.020113567 
1003 189 8 11 0.020111885 
