2_Demonstration_Political_Rally_2_690
82
814 394 64 91 0.9918064 
645 392 25 41 0.98863494 
521 388 101 141 0.9859773 
752 370 10 14 0.68301916 
948 372 11 15 0.29219067 
78 367 10 13 0.20193015 
62 364 9 10 0.20120013 
180 350 8 11 0.15707767 
93 411 9 12 0.1164641 
68 347 11 13 0.10158904 
943 377 13 17 0.100461416 
78 358 8 10 0.099653214 
117 358 8 10 0.09855595 
777 408 52 64 0.08738749 
82 440 7 9 0.08003264 
109 393 8 10 0.07658852 
65 342 12 14 0.06756436 
84 372 10 13 0.064501226 
117 365 9 12 0.06353372 
86 440 7 9 0.059194494 
217 382 10 13 0.052784678 
935 379 12 14 0.051905137 
11 443 12 14 0.0512933 
1014 421 9 13 0.050424416 
905 356 12 15 0.050195742 
177 345 8 10 0.049040273 
48 375 9 12 0.048902694 
72 374 9 12 0.048348464 
87 351 9 12 0.047247816 
89 408 8 11 0.047184907 
114 352 9 11 0.046216458 
96 390 7 10 0.045935854 
194 359 8 10 0.04403127 
58 358 9 12 0.044023637 
71 358 10 12 0.041239604 
65 373 9 11 0.03992565 
749 367 18 23 0.03945841 
695 366 9 10 0.03864541 
474 340 168 216 0.036923323 
0 497 21 39 0.035152722 
3 391 7 12 0.034940377 
649 375 10 12 0.03456274 
72 365 10 12 0.034174774 
56 351 9 11 0.03409678 
104 407 8 10 0.033712234 
46 360 8 11 0.03207686 
1002 415 9 11 0.031658277 
65 336 9 10 0.030730806 
45 366 8 10 0.030420734 
705 405 12 15 0.030161077 
746 371 12 15 0.029469762 
701 592 32 33 0.028918527 
95 383 8 10 0.027837036 
106 398 8 10 0.027808957 
79 350 9 13 0.026431328 
942 366 14 19 0.025519054 
181 344 8 11 0.025412949 
929 380 11 13 0.025300587 
81 398 9 10 0.025188407 
733 428 9 13 0.02505665 
749 363 43 53 0.024758277 
169 343 7 9 0.02306203 
64 381 10 13 0.023041755 
102 439 8 9 0.02294145 
751 371 23 30 0.022937952 
932 387 14 17 0.022691729 
96 439 8 9 0.022354612 
687 359 8 11 0.022348225 
69 379 11 13 0.02219579 
908 352 11 14 0.022146786 
74 363 19 24 0.021997195 
939 383 15 20 0.021932947 
111 421 8 9 0.021789951 
53 374 9 12 0.02157513 
78 342 10 12 0.021380855 
41 361 9 11 0.020942578 
902 352 19 25 0.020479236 
756 379 48 60 0.020471366 
109 406 8 10 0.020470494 
1007 419 11 13 0.020435385 
182 336 7 10 0.020336524 
222 376 9 12 0.0201862 
