2_Demonstration_Demonstrators_2_268
283
268 256 26 31 0.999212 
78 283 32 42 0.9988815 
362 263 23 29 0.99049264 
976 260 39 47 0.9878044 
30 265 16 19 0.9813255 
574 281 25 28 0.97194326 
682 246 19 24 0.97064495 
840 278 22 24 0.95911056 
721 360 22 28 0.9160505 
538 248 13 17 0.8980594 
452 261 11 14 0.88696265 
949 262 15 21 0.87003547 
238 261 16 18 0.82580155 
616 277 12 15 0.8069908 
75 251 14 18 0.80106103 
878 255 17 19 0.7511712 
601 258 10 13 0.7331342 
217 252 13 17 0.60641986 
164 285 22 25 0.5671997 
292 300 21 28 0.5493681 
504 266 11 14 0.54248536 
103 265 9 12 0.37950915 
727 255 9 11 0.36777094 
154 265 21 22 0.36036158 
409 247 10 12 0.31263897 
442 276 10 12 0.30354568 
135 271 13 16 0.26632082 
204 317 12 17 0.24252741 
852 326 12 15 0.2369425 
912 246 11 13 0.23515174 
156 271 24 28 0.23354696 
471 291 12 14 0.23220025 
214 265 13 15 0.22761495 
640 291 10 12 0.2177963 
487 263 12 14 0.21224886 
0 281 11 19 0.19779688 
525 254 9 13 0.19403635 
782 256 8 9 0.18617876 
502 284 11 14 0.18004261 
929 255 9 11 0.17988639 
665 251 10 12 0.17382333 
492 262 11 14 0.16813579 
341 276 14 18 0.15823904 
768 262 9 10 0.14720327 
625 254 8 11 0.14316744 
642 247 9 11 0.14070271 
581 264 14 15 0.13716386 
204 269 12 15 0.1259517 
367 244 12 14 0.123402335 
82 260 11 15 0.121204816 
613 290 11 14 0.11774464 
671 252 9 14 0.115342796 
413 251 10 13 0.10245794 
423 303 10 14 0.099198356 
818 256 7 10 0.09916491 
429 278 8 12 0.099093825 
459 260 11 14 0.09846383 
447 257 12 15 0.09515674 
726 248 9 12 0.094494 
623 260 10 11 0.09429506 
761 256 7 9 0.0941246 
310 262 9 11 0.09112959 
849 253 9 11 0.08871633 
834 254 9 13 0.087386616 
388 268 12 16 0.0868621 
437 186 15 17 0.08480343 
202 273 10 14 0.081730545 
640 251 10 13 0.08096509 
469 255 10 12 0.0785847 
785 271 9 12 0.078362025 
855 253 10 12 0.07478365 
774 310 8 10 0.07414846 
12 276 11 15 0.07217527 
301 272 18 21 0.07104967 
638 311 9 12 0.07102149 
507 262 11 15 0.07064982 
918 251 9 12 0.07040148 
712 129 11 14 0.06912079 
441 260 11 13 0.0677822 
62 261 12 16 0.06757526 
717 311 11 12 0.06678484 
176 289 13 18 0.06655174 
93 281 25 34 0.06516643 
594 282 14 20 0.06246542 
766 257 8 10 0.060535315 
12 330 11 15 0.05993884 
656 261 8 11 0.05991743 
162 295 26 31 0.05988549 
607 240 10 12 0.059885126 
631 285 11 14 0.059791107 
406 234 16 20 0.05883504 
862 248 9 12 0.05596478 
446 267 13 16 0.055162515 
784 262 9 10 0.055072132 
389 254 11 14 0.053236324 
933 259 11 13 0.05306082 
775 271 8 10 0.0530406 
777 278 9 10 0.052411217 
824 277 11 14 0.05219869 
629 254 9 11 0.052056342 
519 257 13 17 0.051315162 
612 299 11 13 0.05130903 
773 263 8 10 0.050955195 
443 302 11 14 0.050696716 
621 246 10 12 0.050064847 
643 293 10 12 0.050042067 
621 331 11 12 0.04986019 
1005 235 16 21 0.049555358 
583 248 10 11 0.048620097 
806 262 8 9 0.048440494 
782 276 9 11 0.048031583 
537 231 10 13 0.046592835 
847 320 20 26 0.046380613 
821 256 9 11 0.045717686 
761 261 9 11 0.04549162 
462 255 11 14 0.044968273 
390 273 12 18 0.044719864 
720 270 8 11 0.04470402 
424 284 11 15 0.044690724 
733 254 8 11 0.04450238 
486 291 9 13 0.043977495 
535 236 12 16 0.043803304 
759 268 10 12 0.04344459 
429 301 12 14 0.043247756 
904 246 10 12 0.043242894 
742 288 7 10 0.043123566 
62 251 14 18 0.04252892 
791 263 7 10 0.042509 
721 247 9 12 0.042250417 
452 219 12 14 0.041933283 
960 365 32 35 0.041351505 
728 276 9 11 0.04074146 
800 263 8 10 0.040701658 
605 298 13 16 0.040323984 
777 255 9 10 0.04031763 
870 266 12 17 0.040208384 
852 385 13 15 0.040153682 
419 236 10 14 0.040021904 
762 278 8 11 0.03921717 
722 253 9 12 0.039081022 
448 239 8 11 0.038553957 
616 244 10 12 0.03850194 
754 257 6 8 0.038415354 
668 246 11 16 0.038321022 
476 287 11 14 0.03819533 
416 260 11 13 0.03786893 
503 274 13 18 0.037731454 
514 314 14 17 0.03650522 
501 263 17 23 0.036434207 
24 316 11 13 0.03594454 
55 245 12 16 0.034756355 
322 271 17 21 0.034740333 
919 278 10 13 0.03446664 
232 259 15 18 0.034317423 
642 241 8 11 0.034176864 
300 293 13 16 0.034111075 
343 268 22 28 0.03362971 
570 336 9 10 0.03351307 
454 237 10 12 0.03332498 
179 233 22 28 0.033170875 
505 282 15 18 0.03290407 
342 255 11 14 0.03262967 
106 285 15 24 0.032467324 
85 234 12 15 0.03244066 
644 252 10 12 0.032384127 
483 260 20 25 0.032348108 
5 276 13 20 0.032005124 
935 247 10 12 0.031936727 
881 263 15 18 0.031932786 
582 252 12 13 0.03173853 
898 349 13 15 0.03142257 
872 258 14 18 0.030401338 
451 273 13 16 0.030238602 
734 271 8 11 0.029933643 
481 261 10 13 0.029689211 
780 308 10 12 0.029153341 
109 278 12 15 0.029136693 
330 270 19 25 0.029061075 
286 243 12 16 0.029034683 
905 251 10 13 0.028976014 
327 311 11 15 0.028944202 
775 294 9 12 0.02888674 
752 261 8 10 0.02854047 
616 255 8 10 0.028524488 
480 267 11 14 0.028313419 
408 318 11 14 0.028278043 
872 254 11 14 0.028134925 
508 239 11 13 0.027960079 
477 275 11 14 0.027931798 
206 285 10 12 0.027599433 
14 272 10 13 0.0274561 
505 244 10 12 0.027381081 
646 270 8 11 0.027303388 
276 226 14 15 0.027255949 
6 329 13 20 0.026920458 
629 262 10 13 0.026654022 
799 268 9 10 0.02661283 
101 272 15 21 0.026360761 
658 245 9 13 0.02626949 
437 243 11 14 0.02619389 
801 279 8 10 0.0261537 
130 246 8 10 0.02614418 
734 276 7 10 0.026132068 
397 282 11 15 0.026016572 
150 270 16 22 0.025918728 
129 274 13 15 0.025854327 
588 247 10 13 0.02585198 
599 238 10 12 0.025735965 
494 257 11 13 0.025602514 
721 276 9 11 0.02544959 
742 272 8 11 0.025439199 
460 277 10 13 0.025074994 
766 284 8 11 0.025064154 
597 255 18 21 0.024802681 
833 248 9 11 0.024684185 
836 259 10 12 0.024683928 
671 256 12 16 0.024570849 
769 303 8 11 0.024458619 
575 262 14 16 0.024423704 
18 326 21 27 0.024412328 
589 261 11 13 0.0243482 
631 267 11 14 0.023985755 
732 260 9 11 0.023977501 
477 221 405 493 0.023794798 
198 307 22 27 0.023674268 
431 272 9 12 0.023667369 
106 260 12 17 0.023661256 
567 254 9 11 0.023658987 
587 278 15 19 0.02365795 
463 248 10 12 0.023639873 
380 266 14 19 0.023581326 
190 287 11 14 0.023575678 
285 260 24 29 0.023546759 
616 262 8 10 0.023474466 
622 240 8 11 0.023442259 
591 254 10 12 0.023396194 
752 309 8 11 0.023300376 
118 306 15 19 0.023231206 
55 259 13 19 0.023157375 
547 252 12 15 0.022967536 
33 339 12 15 0.022966936 
1 348 26 42 0.02268757 
657 255 8 12 0.022544473 
191 269 9 13 0.022522533 
152 282 25 31 0.022519747 
388 261 20 28 0.022464968 
592 231 10 11 0.022340247 
586 266 14 17 0.0222742 
774 304 9 11 0.0222656 
182 248 12 16 0.022155264 
800 256 8 10 0.02213353 
830 271 10 14 0.021938654 
751 278 9 12 0.02191165 
645 277 10 12 0.021859327 
814 270 11 13 0.021848343 
195 292 11 13 0.021774964 
417 302 10 13 0.021682426 
97 261 11 14 0.02158653 
824 311 9 11 0.021444103 
3 287 13 18 0.021438643 
275 287 16 19 0.021326687 
71 270 31 39 0.02125137 
454 246 10 12 0.021116175 
575 253 11 12 0.02111387 
398 308 11 14 0.021079833 
526 245 12 16 0.021056233 
95 252 11 14 0.021031504 
198 285 10 12 0.020958418 
910 269 10 13 0.020914258 
439 306 12 13 0.020872401 
807 292 11 15 0.020712543 
639 300 12 15 0.020700108 
422 270 10 14 0.02060805 
440 255 19 25 0.020541118 
69 295 18 21 0.020384833 
419 243 11 15 0.020315692 
407 302 9 13 0.020249514 
708 262 13 15 0.020235669 
873 281 16 19 0.020205602 
178 305 15 18 0.020179035 
419 253 11 14 0.020145375 
645 299 11 15 0.020135581 
180 205 12 14 0.020047026 
