2_Demonstration_Protesters_2_131
1113
480 560 13 19 0.99036634 
316 593 16 23 0.9852304 
189 561 13 17 0.9558178 
265 584 16 19 0.95278966 
184 589 15 19 0.9475789 
34 597 20 24 0.93566895 
124 617 19 26 0.92304903 
211 617 18 24 0.9219432 
88 585 18 22 0.9192433 
305 555 13 17 0.91143113 
955 558 13 17 0.91114426 
408 540 13 16 0.9009635 
44 569 18 20 0.8921923 
149 540 10 14 0.8577989 
414 584 15 20 0.8350623 
551 552 13 16 0.82358694 
977 572 15 21 0.8214597 
405 520 10 13 0.80987465 
862 568 20 26 0.8040559 
319 541 10 13 0.7948146 
130 585 14 19 0.7296793 
464 618 16 23 0.6972268 
266 663 24 25 0.69084036 
298 629 17 21 0.67825854 
824 514 10 14 0.67548704 
894 560 15 19 0.65234506 
168 540 12 15 0.63687676 
135 524 10 12 0.62540877 
938 526 8 11 0.6056662 
465 536 10 11 0.6040325 
710 542 11 14 0.60070497 
656 551 11 13 0.5885394 
360 560 10 13 0.56628335 
607 557 10 12 0.5212431 
296 596 11 15 0.5175076 
220 515 10 12 0.5026665 
829 565 14 18 0.4990708 
219 554 10 13 0.48664922 
425 516 9 11 0.46890098 
286 522 8 12 0.467844 
741 505 9 11 0.43740073 
390 518 8 11 0.42533746 
743 548 10 14 0.4039524 
321 526 9 10 0.3925022 
628 601 18 23 0.38107997 
692 548 11 15 0.3716999 
303 520 7 9 0.34638438 
846 491 8 11 0.31285408 
127 507 10 12 0.3124996 
797 538 14 19 0.3087655 
325 526 9 12 0.30785948 
904 519 7 10 0.29975885 
892 538 12 15 0.2954756 
790 535 11 14 0.29320112 
1 508 9 13 0.2921901 
256 523 9 11 0.2886403 
710 509 9 11 0.2873139 
183 524 8 11 0.2840585 
865 516 10 12 0.28256804 
591 509 9 11 0.27815756 
722 620 22 26 0.27620506 
422 556 10 13 0.2655012 
117 523 10 12 0.262579 
61 526 12 15 0.2613396 
379 612 14 20 0.2583958 
567 524 8 11 0.2574218 
446 534 9 11 0.2564673 
31 541 12 14 0.25566673 
961 529 7 10 0.25324565 
441 488 7 10 0.25027058 
750 524 9 11 0.25010628 
805 504 8 11 0.24653894 
622 524 9 11 0.2434822 
39 496 9 11 0.24168228 
86 216 112 155 0.23727591 
995 587 12 15 0.23383209 
375 532 9 12 0.23287033 
842 493 9 10 0.23062286 
265 488 8 9 0.23039436 
870 512 8 11 0.22339305 
664 580 12 17 0.22028969 
754 587 14 19 0.21911538 
444 550 10 15 0.21704303 
726 508 8 10 0.21390617 
214 494 9 12 0.20994042 
687 541 10 15 0.20070784 
36 538 13 15 0.19957301 
167 516 9 11 0.19769715 
514 542 8 11 0.19746742 
93 491 10 12 0.1936472 
801 541 16 21 0.19222443 
687 503 7 10 0.19176614 
367 512 9 11 0.19128741 
328 501 7 9 0.18788144 
689 554 11 15 0.18383354 
839 549 10 12 0.18282072 
210 493 8 10 0.18080929 
29 644 14 20 0.17938246 
618 519 7 9 0.17609422 
776 515 10 12 0.17185561 
719 568 14 19 0.17158325 
174 479 6 9 0.17058772 
657 486 6 9 0.16820905 
778 497 7 9 0.16493195 
139 557 10 13 0.16305278 
1008 565 10 13 0.16094506 
888 510 7 9 0.15960991 
24 514 11 13 0.15770425 
294 495 8 10 0.15748459 
240 501 8 10 0.15739353 
669 585 13 16 0.15510865 
631 511 9 11 0.15505667 
206 510 9 11 0.15444557 
502 526 7 10 0.15401383 
240 531 10 13 0.14884037 
766 502 8 10 0.14786044 
798 496 7 9 0.14751369 
670 540 8 10 0.14622441 
710 503 9 11 0.1445835 
886 611 13 19 0.14050929 
664 541 9 12 0.13867731 
209 527 9 12 0.13843422 
56 504 8 9 0.13826181 
302 523 8 11 0.13577034 
345 560 10 12 0.1343066 
77 503 9 11 0.1331324 
785 512 8 11 0.13253388 
215 574 11 14 0.13055839 
198 504 8 10 0.12937173 
673 485 8 10 0.12886272 
182 504 8 10 0.12798971 
287 550 11 14 0.12798913 
968 503 7 9 0.12779158 
190 664 26 23 0.12698652 
361 496 8 9 0.12626651 
711 572 10 15 0.12619354 
769 488 7 9 0.12531893 
625 471 7 10 0.12499953 
106 470 7 10 0.12457496 
236 550 10 13 0.12444664 
608 525 8 11 0.124427 
785 486 7 9 0.124367654 
368 527 8 11 0.124266475 
744 524 9 12 0.1231125 
783 502 8 10 0.122928426 
171 535 10 13 0.120656595 
502 558 11 13 0.1206233 
30 495 9 11 0.12018803 
260 519 9 11 0.11767814 
885 519 8 10 0.11703727 
7 533 12 16 0.11502142 
222 496 8 9 0.11366537 
663 513 7 9 0.113074504 
711 516 8 10 0.11251393 
342 511 8 10 0.111779734 
922 611 17 20 0.11157403 
166 512 8 10 0.111529626 
671 502 7 8 0.11048361 
786 533 10 13 0.1100968 
101 519 8 10 0.10956103 
801 508 9 12 0.10919318 
178 503 8 10 0.109134026 
609 503 7 10 0.107991494 
755 579 14 18 0.10748604 
744 520 8 10 0.10733967 
130 486 8 10 0.10710042 
612 556 9 12 0.10588389 
325 532 10 13 0.10565451 
233 499 9 11 0.10565201 
533 511 8 10 0.10549701 
153 526 9 11 0.105382994 
672 481 8 10 0.10438028 
199 509 9 10 0.10386852 
610 510 7 9 0.1038431 
789 511 9 12 0.10335385 
11 530 13 17 0.10271419 
214 489 8 10 0.10248666 
247 488 8 9 0.10206913 
902 492 8 10 0.10169248 
951 518 8 9 0.1009589 
974 592 15 19 0.10081402 
705 534 9 12 0.10065822 
63 512 8 10 0.10058737 
25 495 10 12 0.099229835 
680 495 7 9 0.09896906 
722 509 7 10 0.09869045 
747 548 12 17 0.09741911 
881 518 8 10 0.09730722 
290 496 8 10 0.09722417 
908 544 11 14 0.09713586 
664 494 7 9 0.09616439 
715 577 14 20 0.095784225 
551 533 7 10 0.095573224 
965 527 9 11 0.095427 
72 511 9 11 0.0948694 
514 512 8 11 0.094597615 
818 509 8 11 0.09449851 
678 567 11 14 0.09442866 
441 512 8 10 0.094073355 
758 575 11 13 0.09390833 
95 510 9 10 0.09355705 
497 519 8 10 0.09331796 
414 575 12 16 0.09297216 
622 532 9 13 0.09267544 
607 495 7 8 0.0921954 
383 527 9 11 0.0921573 
269 488 8 9 0.09177654 
665 536 9 11 0.091763414 
592 495 7 9 0.091099374 
615 512 7 9 0.09106834 
361 501 8 10 0.09089711 
168 495 8 10 0.0905364 
428 512 9 11 0.09045367 
264 510 8 11 0.089900486 
264 504 9 10 0.089570485 
64 518 10 12 0.08912668 
358 551 10 12 0.08863438 
706 510 7 10 0.08833331 
529 512 8 9 0.08780415 
913 511 8 10 0.08760702 
651 593 12 16 0.08745567 
457 487 7 8 0.08682236 
15 494 9 11 0.086118646 
975 578 19 28 0.08576619 
369 532 9 11 0.085650146 
280 503 6 8 0.08534789 
97 519 9 11 0.08465154 
290 513 8 9 0.08414796 
232 551 9 12 0.08380447 
910 519 8 10 0.083489485 
373 516 9 11 0.08314564 
882 9 42 54 0.08303132 
247 494 8 10 0.08293495 
681 511 7 10 0.08162596 
781 496 8 9 0.081477605 
696 518 7 10 0.08125921 
146 536 10 13 0.0810905 
118 542 9 13 0.080370545 
614 485 8 9 0.08035805 
255 496 7 9 0.08010997 
462 495 7 10 0.080042005 
975 496 6 8 0.07951576 
279 495 7 10 0.07892491 
78 509 9 12 0.07875168 
876 548 12 15 0.078618646 
270 493 8 10 0.07843161 
71 495 8 10 0.07821663 
761 502 8 11 0.078072004 
838 634 11 14 0.0773311 
652 575 14 18 0.077314444 
362 512 8 9 0.076978266 
701 548 10 14 0.07683956 
246 533 10 13 0.07631672 
365 495 8 9 0.07622 
942 502 7 9 0.0761358 
865 501 8 10 0.075826764 
246 526 8 11 0.07501317 
784 526 10 13 0.07486392 
423 503 7 9 0.07456792 
789 525 11 14 0.07436731 
552 517 8 10 0.07433003 
388 555 12 15 0.074093595 
648 486 7 9 0.073921874 
1001 536 8 11 0.073917456 
736 532 9 11 0.07389495 
162 510 8 10 0.07375579 
115 28 140 213 0.07370363 
465 511 7 10 0.07355881 
110 509 9 11 0.07335526 
591 463 8 10 0.07271348 
608 487 8 10 0.072467476 
646 574 12 16 0.072375186 
255 613 12 16 0.072264805 
400 496 7 9 0.07194756 
198 609 13 15 0.071658425 
656 516 8 10 0.07158792 
269 510 8 11 0.07136363 
717 585 13 18 0.07135422 
241 518 8 10 0.07127312 
614 456 7 10 0.07112337 
217 512 9 11 0.0709804 
470 511 7 9 0.07084137 
16 486 8 9 0.070432216 
84 556 12 15 0.069558 
350 558 9 13 0.06955223 
381 606 13 17 0.069355 
655 481 7 9 0.06925012 
193 462 8 10 0.069177255 
111 546 13 17 0.068799146 
686 509 8 11 0.06863253 
607 519 8 10 0.06844975 
401 501 8 10 0.06840576 
415 564 10 13 0.06806142 
699 15 190 274 0.06759352 
1014 549 8 12 0.06743202 
184 657 20 29 0.067396045 
282 520 9 12 0.06722284 
380 532 9 11 0.06684686 
265 493 8 9 0.06669766 
975 527 8 10 0.06635485 
29 511 10 12 0.06629512 
560 519 8 10 0.06615274 
639 472 8 9 0.06605207 
938 497 7 8 0.06603436 
56 549 11 13 0.06572376 
988 579 14 18 0.06542545 
704 503 8 10 0.06542062 
743 495 7 8 0.06534635 
768 495 7 9 0.064766385 
894 549 11 14 0.06476552 
800 481 7 9 0.06461117 
265 625 15 18 0.06452001 
37 547 13 16 0.06433582 
738 508 9 10 0.06426516 
696 580 12 16 0.06413293 
639 493 7 9 0.06406494 
789 517 10 12 0.06388619 
260 556 10 13 0.063692756 
321 501 8 9 0.06360284 
131 502 10 12 0.06354317 
865 496 8 10 0.06352233 
259 620 15 18 0.06341357 
517 463 8 10 0.06312528 
37 625 14 16 0.06299301 
183 550 12 14 0.06298424 
193 502 8 11 0.06285645 
581 565 9 14 0.06282707 
296 518 8 11 0.06277049 
454 549 11 15 0.06271907 
888 536 11 14 0.062466394 
247 503 7 10 0.06241939 
518 535 10 13 0.062363032 
578 471 7 9 0.062134817 
350 542 8 12 0.06189368 
368 669 20 22 0.06162543 
320 522 8 10 0.061392862 
37 512 9 11 0.06123069 
290 501 7 9 0.06109174 
783 572 12 16 0.060999524 
256 502 7 10 0.060991306 
550 512 8 10 0.06062067 
951 512 7 10 0.06028762 
567 499 8 11 0.060267303 
417 510 8 10 0.05998976 
256 557 9 12 0.059931573 
322 589 14 20 0.05963221 
964 567 20 26 0.059490874 
814 470 7 9 0.05943588 
80 551 11 14 0.05917099 
667 573 14 17 0.05896876 
225 620 16 19 0.05886319 
545 456 7 9 0.05866939 
291 193 39 45 0.058645528 
29 578 13 19 0.05847453 
425 496 7 8 0.05840957 
836 555 15 19 0.058284987 
410 487 6 8 0.05804433 
166 555 11 14 0.0579644 
214 531 8 11 0.057953265 
889 620 16 20 0.057496637 
295 512 7 9 0.057439763 
167 503 7 10 0.057347983 
80 517 10 12 0.05729735 
527 495 10 13 0.057286013 
871 502 7 10 0.057119723 
57 530 11 14 0.0571154 
624 477 8 9 0.056711294 
110 463 9 10 0.05667488 
703 117 32 36 0.056660593 
677 487 7 9 0.056627944 
218 579 14 17 0.05662677 
640 488 7 11 0.056464713 
967 509 8 9 0.05638981 
447 540 9 13 0.056359418 
715 546 11 14 0.056347065 
215 499 9 11 0.05630238 
587 509 8 12 0.056302004 
904 542 10 14 0.05596279 
169 486 8 10 0.05592658 
462 573 13 16 0.055779003 
95 503 8 11 0.05566016 
461 606 14 19 0.055572394 
296 557 11 14 0.054984584 
815 505 8 10 0.054868728 
616 525 9 11 0.054363053 
208 503 8 10 0.054357965 
926 503 7 9 0.054307044 
295 500 7 10 0.054127645 
303 512 8 10 0.0538756 
389 523 9 12 0.05385786 
343 516 8 11 0.053653523 
533 553 12 16 0.053595442 
294 487 8 9 0.05352171 
889 504 8 10 0.053326372 
456 503 7 9 0.05323021 
760 478 6 9 0.053114235 
641 578 11 14 0.052999932 
609 457 7 9 0.052821297 
576 542 9 11 0.052725792 
129 526 9 11 0.052699976 
193 496 7 9 0.052278515 
248 479 8 10 0.052239995 
109 470 9 10 0.051916175 
175 486 8 10 0.05130546 
791 592 13 20 0.05130316 
651 555 12 16 0.051278856 
594 479 7 9 0.05108515 
686 536 8 11 0.051070474 
959 496 7 8 0.05105391 
702 570 14 17 0.050967455 
133 528 12 15 0.050899137 
602 494 7 10 0.05089805 
125 589 15 21 0.05083838 
792 480 7 9 0.050819054 
687 496 7 9 0.050737776 
457 495 8 10 0.050656684 
502 606 12 16 0.05053321 
839 605 27 30 0.050519053 
784 537 13 16 0.05037551 
624 504 7 9 0.050351106 
303 503 7 9 0.050268225 
393 495 7 9 0.050226577 
55 508 9 10 0.049949586 
977 532 8 10 0.049828064 
445 488 7 10 0.04968211 
455 541 10 13 0.049525812 
424 524 9 13 0.049424283 
362 517 8 10 0.049423777 
626 465 7 9 0.049407326 
462 501 8 10 0.049311016 
277 637 15 18 0.049295526 
398 578 10 14 0.049249556 
175 495 8 9 0.049089395 
350 548 10 14 0.049030695 
975 567 12 17 0.048834097 
828 513 9 11 0.048796546 
128 480 8 10 0.048786666 
689 477 7 9 0.04878009 
786 480 6 9 0.048761547 
3 539 9 14 0.0485421 
726 494 8 10 0.04841766 
18 481 8 10 0.048321046 
77 487 8 11 0.048196606 
551 528 9 11 0.048166424 
247 509 7 10 0.048115898 
312 481 7 8 0.048082575 
615 503 7 10 0.047872692 
445 511 9 11 0.047690675 
260 524 9 11 0.047606092 
290 487 8 9 0.047526877 
610 462 8 9 0.047353223 
321 497 7 9 0.047295906 
941 530 9 12 0.04729318 
600 487 8 9 0.047234967 
879 512 8 9 0.0469657 
295 479 8 10 0.04688709 
561 469 7 10 0.046838574 
871 574 16 20 0.046730187 
265 472 7 9 0.046686336 
720 494 7 10 0.04659422 
43 555 14 16 0.046543043 
836 595 12 17 0.046340592 
145 504 8 10 0.04587553 
326 521 8 9 0.04582363 
344 614 11 16 0.045755032 
117 594 14 18 0.04565616 
1013 557 10 15 0.045653563 
667 108 46 58 0.04560157 
328 481 6 8 0.045601215 
177 509 8 10 0.04551695 
111 504 9 10 0.045455877 
272 527 8 11 0.04514071 
634 494 7 9 0.045069538 
681 526 8 11 0.04501314 
975 518 8 10 0.04496579 
191 479 8 10 0.044941936 
344 487 7 9 0.044905767 
247 520 7 10 0.044752654 
685 563 12 15 0.04456553 
561 524 9 12 0.0445335 
125 543 10 13 0.04449675 
207 562 12 15 0.04439289 
238 565 12 15 0.044392113 
185 557 14 16 0.04407531 
839 469 8 10 0.04401129 
395 608 17 23 0.043878842 
815 480 7 8 0.04384131 
868 556 15 17 0.043830477 
142 548 11 13 0.043724425 
894 503 8 9 0.043644983 
1005 519 9 9 0.043516368 
377 496 7 8 0.0434681 
593 488 7 9 0.043383367 
742 533 10 12 0.04332959 
952 552 10 14 0.043245528 
601 456 7 9 0.043232027 
383 502 7 9 0.043203928 
803 534 14 18 0.04317316 
672 497 7 10 0.04302311 
141 519 9 11 0.043007884 
24 540 11 15 0.042995423 
113 519 9 12 0.042662703 
679 535 9 12 0.042653102 
791 503 8 10 0.042390566 
560 512 8 10 0.042311817 
127 455 8 10 0.04227306 
963 503 7 10 0.042198725 
641 477 7 9 0.042167716 
585 502 8 11 0.04197798 
129 493 9 11 0.04179834 
284 635 12 17 0.04176779 
184 487 8 10 0.041766495 
938 501 8 10 0.04174412 
376 478 7 10 0.041509565 
433 489 7 10 0.041458305 
376 502 8 9 0.04143399 
199 496 7 9 0.041259393 
721 503 8 12 0.041125022 
713 496 8 10 0.04112451 
910 533 10 12 0.041110933 
198 464 8 9 0.04099859 
659 494 7 9 0.040804572 
550 569 11 15 0.040795103 
667 502 7 9 0.040669747 
456 511 8 10 0.040609345 
126 462 8 9 0.040581137 
879 524 10 12 0.04053467 
248 538 9 13 0.04041644 
486 591 15 22 0.040404037 
416 558 11 14 0.040387116 
69 515 9 12 0.040301587 
917 511 8 10 0.04021526 
663 488 7 10 0.04018989 
470 528 8 10 0.040147144 
338 511 8 11 0.040080883 
680 517 8 10 0.03995421 
112 532 12 14 0.03985837 
545 511 8 11 0.039785437 
697 512 7 10 0.039767466 
1001 518 8 10 0.039670166 
417 505 8 9 0.039591037 
945 510 7 9 0.039567184 
175 472 7 10 0.039509773 
921 503 8 9 0.0395013 
672 512 7 9 0.03933926 
127 470 7 10 0.039298713 
121 471 8 10 0.039266217 
682 502 7 10 0.039262485 
688 519 7 10 0.039161608 
257 511 8 10 0.0390794 
565 486 9 10 0.038991828 
669 548 9 13 0.038714755 
321 481 7 9 0.038691673 
889 486 7 9 0.03859269 
502 472 7 9 0.03859034 
497 471 7 9 0.038550828 
350 519 9 10 0.038458917 
520 501 8 11 0.038456053 
721 487 7 10 0.038452033 
1 534 9 14 0.038279302 
237 553 12 16 0.038275976 
581 571 10 14 0.038215593 
592 470 7 9 0.038157113 
910 526 9 10 0.038149156 
304 486 7 9 0.03804029 
552 560 12 18 0.037946217 
168 527 10 14 0.037764184 
393 471 7 8 0.037740774 
204 603 13 17 0.03771236 
625 509 8 11 0.037670694 
399 480 7 8 0.03755036 
170 473 7 10 0.037392933 
334 582 10 14 0.037267752 
103 511 9 10 0.037252408 
287 543 9 12 0.037193004 
748 562 11 15 0.037108805 
114 224 140 196 0.0370888 
703 464 7 10 0.037028812 
936 522 9 10 0.03698146 
408 480 7 9 0.03697208 
757 524 10 12 0.036892585 
599 479 8 10 0.036840837 
343 505 8 9 0.03671547 
944 567 9 12 0.036446244 
37 575 15 20 0.03644496 
137 551 11 14 0.036370564 
552 448 6 9 0.036296535 
176 464 8 9 0.036281597 
791 486 7 9 0.036213797 
743 488 7 8 0.036110155 
23 579 13 17 0.036082022 
200 480 7 9 0.035960604 
579 595 15 17 0.0358211 
662 463 8 10 0.03582098 
335 494 7 10 0.035811633 
406 496 7 9 0.035782956 
917 549 11 14 0.03576712 
176 517 9 12 0.035715073 
90 488 10 13 0.03562157 
617 532 9 13 0.035610694 
426 487 7 10 0.035485033 
200 470 8 9 0.03548282 
314 496 7 9 0.035419453 
605 562 11 14 0.03541872 
530 471 7 9 0.03537017 
170 546 12 14 0.03531879 
360 533 9 11 0.03530008 
184 478 9 10 0.035251867 
493 449 9 10 0.03522789 
973 501 8 10 0.03521204 
663 471 7 9 0.035204656 
360 586 11 16 0.03516531 
215 550 17 22 0.035096392 
489 519 7 10 0.03509399 
961 563 14 16 0.03502903 
249 472 7 9 0.034948513 
872 542 10 12 0.0349316 
213 562 13 16 0.034923557 
472 464 7 9 0.034685798 
337 487 7 10 0.034610983 
307 234 28 31 0.034598753 
20 531 11 15 0.03457942 
517 636 13 16 0.0345667 
823 505 8 10 0.03447792 
403 516 18 22 0.034351014 
761 496 7 9 0.034349613 
329 487 6 8 0.03431854 
455 481 7 8 0.034293782 
253 532 10 13 0.03416775 
1 481 8 11 0.034145627 
695 525 9 12 0.034100536 
575 594 12 16 0.03409529 
447 494 8 9 0.034093924 
857 524 10 13 0.034092516 
350 487 8 9 0.03405245 
193 508 9 11 0.034041703 
105 464 9 11 0.034027174 
353 495 7 9 0.034016073 
964 531 9 11 0.03392602 
493 603 14 17 0.033915553 
516 586 14 18 0.03390755 
560 500 10 12 0.033857215 
885 524 9 11 0.033804055 
70 542 10 12 0.033771265 
513 536 9 12 0.033768293 
9 527 9 14 0.03373386 
325 547 9 12 0.033661116 
871 525 9 11 0.03363361 
86 520 9 12 0.033561468 
516 577 15 19 0.03348881 
72 478 7 9 0.033459205 
241 487 9 11 0.03328767 
419 562 13 14 0.033260282 
576 494 8 11 0.03324766 
469 547 12 15 0.03321961 
925 580 11 15 0.033175 
608 480 8 10 0.03315575 
109 602 14 18 0.033013962 
796 550 14 20 0.032954067 
793 472 6 9 0.032900833 
583 494 8 10 0.03289929 
303 496 7 9 0.032868877 
921 565 9 11 0.032857228 
111 455 8 10 0.03279825 
1000 504 8 10 0.032781594 
161 518 8 11 0.032690514 
694 477 8 10 0.032674152 
952 526 8 11 0.03254032 
630 516 9 11 0.032532167 
584 488 7 9 0.032515362 
672 566 11 14 0.032470282 
533 494 8 12 0.03245416 
52 553 14 16 0.03244517 
365 502 9 11 0.03242318 
502 551 10 13 0.032361906 
246 556 12 15 0.032184683 
918 517 8 10 0.032156527 
345 542 9 12 0.032126084 
795 595 16 22 0.032101955 
201 661 19 19 0.032071084 
29 525 12 15 0.032055534 
887 548 11 14 0.03197908 
344 536 8 11 0.031926647 
406 502 7 9 0.031880967 
33 480 8 9 0.031872682 
793 462 6 9 0.031871736 
6 480 7 10 0.03183523 
718 557 10 13 0.0317982 
431 493 7 9 0.03171308 
805 517 10 11 0.031686082 
894 510 9 10 0.031621873 
62 542 11 14 0.03159821 
361 488 7 9 0.03158791 
965 577 13 20 0.03156141 
727 486 7 10 0.03153836 
388 562 13 17 0.031531557 
81 524 9 11 0.031497102 
700 585 11 15 0.031379726 
632 504 7 9 0.031377066 
670 516 8 11 0.031344287 
194 256 81 130 0.031333525 
562 94 10 12 0.03132793 
313 486 7 9 0.03131692 
670 592 13 16 0.03131653 
496 478 8 9 0.031296 
335 503 7 9 0.031268355 
682 462 8 10 0.03125858 
384 496 7 9 0.031248022 
601 575 10 12 0.03124241 
143 509 9 11 0.031239675 
329 463 7 9 0.031237593 
684 569 11 15 0.031134242 
496 513 8 9 0.031073675 
385 610 17 21 0.031060316 
597 503 9 11 0.031033173 
118 531 10 13 0.030965291 
304 479 7 10 0.030920416 
735 541 11 14 0.03082299 
989 593 13 15 0.030815642 
953 532 9 12 0.030811103 
642 603 13 19 0.030806612 
277 605 11 15 0.030785875 
0 525 8 12 0.030696495 
278 665 17 22 0.030677587 
809 464 8 9 0.03064016 
583 456 8 10 0.030595066 
222 545 11 12 0.030541258 
681 539 10 13 0.030519417 
1014 544 8 12 0.030516306 
545 572 10 13 0.030512925 
320 487 6 8 0.030505957 
749 530 12 14 0.030491507 
184 542 11 13 0.030411094 
270 503 8 9 0.030409519 
393 487 7 9 0.030408297 
870 496 8 10 0.030367915 
737 487 6 9 0.03034553 
974 512 8 9 0.03033601 
461 589 13 15 0.030273432 
242 510 8 10 0.030237969 
839 464 8 10 0.030236345 
364 580 12 17 0.030138351 
653 545 18 23 0.030105334 
751 509 8 10 0.030048579 
898 494 8 10 0.030008381 
521 528 8 10 0.029990751 
345 548 11 14 0.0299676 
139 525 10 11 0.029944697 
696 80 99 119 0.029936893 
319 509 8 10 0.029922381 
206 471 7 9 0.029896162 
527 550 11 14 0.02984445 
742 479 7 9 0.029780397 
630 470 8 10 0.029779859 
585 463 7 9 0.029779198 
986 602 15 18 0.029700488 
311 511 9 10 0.029643076 
390 514 8 9 0.029631509 
192 457 8 10 0.029571388 
548 501 11 13 0.029542228 
753 487 7 9 0.029515842 
615 439 7 9 0.029450769 
629 188 49 61 0.029406141 
262 549 11 13 0.029388996 
657 28 50 71 0.029380186 
384 511 8 10 0.029354563 
561 453 7 9 0.029308133 
222 477 8 10 0.029175565 
127 518 10 12 0.029156296 
957 568 13 17 0.029146526 
633 488 8 10 0.029090611 
670 557 9 11 0.029086048 
534 516 8 10 0.02902917 
61 504 8 10 0.028935177 
991 527 9 10 0.028919598 
681 455 8 10 0.028910812 
162 504 8 10 0.028868062 
975 557 10 13 0.028843747 
223 500 8 10 0.028841548 
949 571 12 16 0.028769428 
206 479 8 9 0.028751405 
449 503 8 9 0.028747046 
673 578 15 19 0.0287464 
630 465 7 9 0.028657062 
737 547 12 14 0.028653733 
896 525 10 12 0.02862824 
68 532 12 13 0.028610751 
231 487 9 11 0.02858562 
234 532 9 11 0.028571352 
737 521 8 9 0.028435148 
367 488 7 9 0.02838753 
703 99 52 63 0.02836937 
582 471 7 9 0.028299032 
131 508 10 12 0.028280646 
599 550 12 14 0.02827135 
962 508 8 10 0.02805596 
270 517 8 10 0.028026752 
559 480 8 10 0.0280068 
458 463 6 9 0.02800027 
649 480 7 9 0.027973345 
599 580 12 17 0.02795585 
831 628 12 18 0.027948428 
479 503 8 9 0.02770223 
72 472 7 9 0.027655873 
639 504 7 10 0.027613616 
230 469 8 11 0.027583491 
897 488 7 9 0.027555922 
985 511 8 9 0.027533589 
697 502 8 10 0.02746668 
649 518 8 10 0.027428512 
132 495 9 11 0.027393894 
245 564 11 14 0.027361333 
695 471 8 10 0.027350992 
944 480 6 9 0.027307078 
686 525 9 11 0.027251733 
270 479 8 9 0.027207172 
546 532 8 12 0.027203895 
785 473 6 8 0.027060924 
756 547 12 15 0.027019817 
888 557 13 16 0.026984965 
294 592 17 24 0.026973762 
295 540 10 14 0.02693679 
702 528 9 11 0.026917456 
49 511 8 9 0.0268982 
207 516 9 11 0.02686589 
358 543 9 12 0.026844192 
477 581 11 15 0.02683179 
601 520 8 10 0.02678477 
455 610 16 21 0.026701016 
566 464 7 9 0.026669731 
470 518 8 10 0.026636567 
481 487 6 9 0.026588086 
607 470 9 10 0.026583161 
557 571 10 13 0.026562896 
182 472 9 10 0.026557075 
448 479 7 9 0.026525933 
984 495 6 8 0.026525183 
576 500 8 10 0.026522743 
518 548 9 13 0.026496556 
311 518 8 10 0.026404211 
503 477 7 9 0.026284723 
216 510 18 23 0.026267458 
66 524 12 16 0.026266063 
862 522 10 13 0.026255965 
502 521 7 10 0.02616035 
728 532 8 11 0.026122564 
552 470 7 10 0.02607795 
818 516 10 12 0.026074415 
289 480 8 10 0.025988191 
32 486 8 9 0.025951976 
583 559 9 12 0.025950944 
621 -46 354 449 0.025939375 
552 478 8 9 0.025933255 
517 516 8 10 0.02591937 
507 604 12 16 0.025900325 
685 456 7 9 0.025895461 
922 487 7 9 0.025860416 
845 544 10 13 0.02581539 
223 471 8 10 0.025804492 
231 566 11 14 0.025771366 
935 520 17 23 0.02574758 
657 471 8 9 0.02572047 
768 517 9 13 0.025719864 
337 480 8 9 0.025715183 
493 607 20 25 0.025696473 
152 521 9 11 0.025635945 
87 504 9 11 0.025611356 
765 565 11 14 0.02559566 
825 569 13 18 0.025563622 
20 524 13 16 0.025503755 
790 531 17 24 0.025502335 
317 557 10 13 0.025501516 
192 533 10 12 0.025488801 
511 547 10 13 0.025468402 
999 510 8 10 0.02544763 
813 574 11 14 0.025402965 
576 547 9 11 0.025378177 
159 557 10 13 0.025328513 
110 478 9 9 0.025283957 
967 486 7 9 0.025270773 
55 487 8 10 0.025219746 
800 464 6 9 0.025191719 
738 499 17 22 0.02517118 
696 532 9 13 0.025157953 
392 500 7 10 0.025123695 
461 488 7 9 0.025119478 
407 562 12 16 0.02511648 
79 563 13 16 0.02510826 
28 585 20 28 0.025095684 
423 532 9 11 0.025083141 
992 510 7 10 0.02505488 
43 535 10 13 0.025041116 
695 496 7 9 0.025006039 
159 570 13 17 0.024960497 
831 502 8 10 0.024894653 
296 524 9 11 0.02487646 
0 514 9 14 0.024848517 
121 503 8 11 0.024831252 
271 556 10 13 0.02481289 
464 516 8 11 0.024786914 
560 449 7 9 0.02477545 
896 481 6 8 0.024764834 
671 567 20 23 0.024710909 
992 494 7 9 0.02470987 
120 477 10 11 0.02468087 
249 464 7 8 0.024653442 
920 556 10 13 0.024645941 
1006 541 9 11 0.024632819 
360 479 7 9 0.024599332 
313 501 7 10 0.024596598 
362 526 9 12 0.024520338 
528 455 7 9 0.024454353 
890 603 16 19 0.024445096 
798 515 10 12 0.024427164 
425 464 7 9 0.024377229 
299 621 16 20 0.024336468 
920 479 7 9 0.024325164 
132 574 14 17 0.024298143 
281 518 19 23 0.024297172 
688 113 52 59 0.02429468 
1004 536 10 11 0.024292152 
847 502 9 11 0.024289055 
230 512 7 9 0.024285292 
222 487 8 10 0.02422848 
936 509 9 10 0.024213312 
968 519 9 10 0.024213241 
685 461 8 11 0.024197567 
496 464 7 9 0.024119882 
6 485 8 10 0.024117885 
821 511 18 23 0.024108373 
546 462 7 9 0.024096126 
920 496 7 9 0.024055066 
785 454 7 10 0.023988638 
324 557 10 13 0.023962505 
595 585 13 19 0.023904791 
201 517 8 10 0.023891553 
311 462 7 9 0.023891326 
469 578 13 17 0.023861116 
321 521 18 22 0.023842841 
730 631 16 22 0.02380896 
704 516 9 11 0.023754824 
269 603 13 15 0.023751296 
614 541 10 13 0.02374748 
489 480 7 8 0.02366087 
982 535 8 9 0.023635933 
501 531 10 12 0.023633212 
586 516 8 11 0.023626635 
721 575 16 19 0.02360847 
864 487 7 9 0.023607124 
551 579 10 14 0.023600258 
375 605 13 18 0.02358671 
100 523 11 12 0.023565844 
316 619 15 20 0.023503149 
316 536 18 23 0.023489237 
829 646 10 13 0.023462387 
278 555 13 15 0.02344358 
898 518 9 11 0.023435555 
412 526 10 12 0.023424003 
333 609 12 17 0.023414558 
858 519 9 12 0.023410652 
888 480 7 9 0.02336749 
551 464 7 9 0.023286846 
407 571 13 17 0.023270601 
199 526 9 12 0.023231795 
429 526 9 12 0.023220798 
977 550 10 12 0.023192745 
912 494 7 9 0.023159241 
751 504 7 10 0.02315359 
158 533 9 12 0.023121674 
757 533 11 12 0.023118926 
706 29 101 124 0.023118736 
551 544 11 13 0.023114186 
124 572 14 17 0.023092426 
1004 503 9 10 0.023077914 
512 455 9 12 0.023073168 
447 516 8 10 0.023063803 
816 486 7 9 0.023039531 
486 533 10 13 0.023004785 
121 455 8 10 0.022975069 
799 497 19 24 0.022974705 
741 593 16 19 0.022972178 
462 530 18 23 0.022968648 
4 503 9 12 0.022942629 
524 533 9 12 0.022930542 
519 479 8 9 0.022899777 
776 489 6 8 0.022892267 
678 480 8 10 0.022886317 
334 547 10 13 0.02284847 
255 562 11 15 0.022840545 
597 510 8 10 0.022828808 
376 473 6 8 0.022773616 
573 518 9 12 0.022750832 
1016 518 8 10 0.02274707 
629 550 10 14 0.022741865 
589 594 13 17 0.022711704 
752 463 7 9 0.022696942 
151 557 11 14 0.022685712 
852 546 14 16 0.022641744 
85 562 13 18 0.022632018 
560 484 10 12 0.022546854 
270 549 9 12 0.02252636 
658 463 7 10 0.022519171 
1010 403 12 19 0.022509338 
580 541 10 13 0.02250797 
345 464 7 9 0.022499949 
133 480 9 11 0.022481509 
656 544 12 15 0.022473324 
158 564 12 15 0.02242711 
373 586 13 15 0.022426207 
360 473 7 9 0.022422202 
376 486 8 9 0.022395376 
414 486 6 9 0.022361081 
629 591 13 16 0.022324078 
369 607 19 28 0.022317523 
466 628 16 22 0.022299591 
838 618 22 27 0.022287657 
300 600 13 18 0.022276608 
334 542 9 12 0.022273509 
903 535 8 12 0.022262264 
855 488 7 10 0.022222197 
175 525 9 12 0.022201063 
727 479 7 9 0.022197602 
22 485 9 10 0.022187375 
275 653 16 19 0.022102712 
982 542 9 11 0.022098219 
806 304 15 18 0.022086069 
908 554 11 15 0.022082139 
854 509 9 12 0.022072285 
709 566 10 15 0.022064177 
255 606 12 15 0.022009375 
64 495 8 9 0.021994479 
865 464 7 8 0.021949787 
855 504 8 10 0.021901676 
782 587 13 19 0.021887986 
134 541 11 13 0.021859463 
412 599 14 20 0.021855362 
533 501 8 11 0.02185533 
392 466 7 9 0.021831306 
480 479 6 9 0.021820504 
261 563 12 16 0.021807767 
680 448 7 9 0.02177642 
39 488 8 9 0.021733006 
837 574 13 18 0.021714967 
927 487 7 9 0.021676468 
534 118 9 12 0.021674413 
338 471 8 10 0.02166644 
637 510 8 11 0.021605633 
624 595 15 20 0.021538978 
512 430 8 11 0.021536356 
590 515 9 12 0.021532096 
363 570 13 18 0.021529933 
356 558 18 22 0.021529855 
135 453 7 10 0.021513585 
566 480 8 10 0.021454282 
992 518 8 10 0.021365479 
625 574 9 13 0.02136448 
202 651 17 20 0.021279737 
14 463 8 10 0.021259759 
901 600 16 20 0.021247644 
857 571 13 17 0.021197509 
719 527 10 12 0.02119568 
576 488 8 9 0.021175312 
703 454 7 10 0.021174176 
143 463 9 10 0.021145567 
837 517 9 12 0.021141997 
790 542 14 21 0.021133203 
577 454 8 10 0.021125782 
544 491 12 14 0.020950543 
191 486 8 11 0.020922843 
957 538 13 16 0.020911792 
689 488 7 9 0.02091118 
136 432 9 11 0.020865805 
691 563 12 15 0.020854926 
496 531 11 14 0.020828888 
813 633 15 18 0.020811332 
456 517 9 10 0.020802744 
257 204 46 58 0.020747885 
296 463 7 9 0.020727819 
265 479 8 9 0.02072694 
570 550 228 204 0.020692628 
721 480 8 9 0.020690383 
675 641 16 21 0.020681182 
301 212 31 38 0.020677077 
796 526 12 14 0.020639298 
865 479 7 8 0.020637432 
268 574 15 19 0.020606233 
366 551 10 13 0.020523451 
662 446 7 10 0.020518938 
461 548 12 15 0.020512838 
647 504 9 11 0.020498047 
91 557 13 17 0.020411126 
172 557 11 14 0.020368507 
917 532 10 12 0.020356217 
954 576 22 31 0.020331953 
651 601 13 18 0.020321632 
920 578 11 15 0.020291222 
245 571 11 13 0.020283021 
177 457 7 9 0.020267583 
105 449 7 9 0.020261647 
38 566 15 19 0.020239018 
262 543 11 13 0.020216214 
768 510 8 10 0.020177804 
424 480 7 9 0.020173285 
944 485 7 9 0.02017259 
218 239 61 94 0.02016288 
136 470 7 10 0.020160196 
386 512 18 24 0.02013311 
325 580 12 18 0.020107448 
981 527 9 10 0.020098865 
871 487 8 9 0.020096214 
120 598 22 30 0.020082574 
1007 560 10 12 0.020080166 
213 310 12 16 0.020027826 
