2_Demonstration_Political_Rally_2_339
345
887 456 31 40 0.98440474 
783 487 68 106 0.9810807 
623 417 20 38 0.7118362 
620 292 36 50 0.6960208 
889 400 22 31 0.5538338 
722 426 17 20 0.28626257 
254 420 9 11 0.23898311 
638 332 14 19 0.23005858 
152 425 13 16 0.22922249 
205 423 8 10 0.21098328 
136 431 9 12 0.18314098 
882 413 22 31 0.17782196 
305 452 45 53 0.17317165 
127 422 9 12 0.15248124 
886 425 13 16 0.13861828 
686 429 15 18 0.12810214 
180 451 23 33 0.11806477 
58 415 25 38 0.11327381 
84 237 9 11 0.11218677 
219 416 7 10 0.11155295 
663 334 7 10 0.10538137 
973 418 40 63 0.10464026 
284 441 17 26 0.10411935 
194 438 8 11 0.09564747 
686 432 20 30 0.093212254 
438 411 10 15 0.091221236 
492 430 52 60 0.08318502 
1 247 8 12 0.08300493 
751 410 10 13 0.07876858 
304 326 9 11 0.07690801 
385 385 9 11 0.07577181 
178 425 8 9 0.07476882 
265 311 7 9 0.07450039 
93 417 14 16 0.07430808 
301 263 8 10 0.07255831 
130 427 9 12 0.07241078 
224 312 7 9 0.072291486 
908 460 26 39 0.071370356 
820 444 30 39 0.06983331 
766 384 8 10 0.066860355 
970 419 27 42 0.06659672 
875 404 17 19 0.06503087 
50 426 27 37 0.06443065 
693 270 8 10 0.060448583 
296 326 8 10 0.05989554 
272 434 9 12 0.058797453 
129 352 7 8 0.058758914 
140 431 10 13 0.057648666 
561 458 25 47 0.057442356 
263 445 37 56 0.057415605 
558 327 10 12 0.05736239 
425 417 22 30 0.057347953 
286 312 7 10 0.056032587 
414 409 15 19 0.05599654 
88 413 11 14 0.05577486 
383 176 418 478 0.05544586 
-15 64 424 495 0.055145085 
286 423 9 12 0.054476056 
236 430 10 12 0.0544754 
549 463 29 48 0.053837523 
319 421 12 14 0.053377833 
488 240 7 9 0.052601356 
713 400 8 10 0.052528985 
177 428 10 11 0.052312423 
450 431 15 22 0.051558014 
139 451 16 21 0.05138037 
367 385 10 12 0.051119156 
875 408 23 29 0.04991156 
928 423 11 14 0.049651258 
585 262 9 11 0.049639802 
622 413 14 24 0.04958224 
139 294 7 10 0.049514264 
675 426 23 29 0.049416844 
801 439 36 39 0.049267307 
746 317 7 9 0.04871818 
744 436 13 17 0.04854296 
522 247 8 9 0.047649637 
74 360 7 8 0.046920814 
576 349 11 14 0.04532585 
196 438 11 13 0.045314886 
664 437 25 29 0.04489975 
372 384 10 12 0.04463949 
678 433 14 18 0.044306044 
466 305 8 11 0.043949913 
627 290 17 23 0.043880206 
678 254 11 13 0.043857645 
688 262 9 12 0.043828223 
168 413 9 10 0.04372054 
738 343 8 11 0.04293378 
454 254 9 11 0.042611413 
730 270 9 11 0.042485632 
208 417 7 10 0.042405397 
162 302 6 9 0.041886028 
309 327 9 11 0.041442793 
159 450 14 20 0.04130567 
600 273 8 10 0.041250043 
250 416 8 10 0.041055836 
733 269 9 10 0.040775895 
542 269 10 12 0.04059428 
589 277 9 12 0.04038792 
529 448 43 59 0.040217612 
240 93 422 498 0.03999343 
677 358 8 10 0.039779123 
952 426 26 41 0.03970306 
693 264 8 10 0.039580796 
187 444 25 34 0.03893421 
271 436 25 32 0.038863674 
66 423 15 23 0.038610198 
387 388 11 14 0.03847667 
557 320 8 10 0.038111668 
32 231 9 11 0.037292875 
433 425 21 30 0.037114438 
189 311 8 10 0.03711109 
34 236 9 12 0.037020653 
176 334 8 10 0.03662285 
429 412 15 19 0.036588613 
740 501 58 94 0.03648768 
146 343 8 10 0.03631384 
883 463 23 26 0.036103267 
632 320 22 30 0.03609713 
430 404 14 17 0.036071207 
209 320 7 9 0.035793014 
230 431 11 13 0.035604652 
172 462 25 28 0.035477407 
68 414 38 52 0.035422686 
288 329 7 10 0.035356622 
152 434 12 15 0.03522748 
417 392 9 10 0.035119552 
304 296 7 9 0.035112724 
184 336 7 9 0.035072103 
232 313 6 8 0.03500402 
806 464 51 77 0.03495279 
444 428 14 22 0.034914196 
225 328 7 9 0.03486813 
693 424 10 12 0.03483427 
235 436 12 15 0.034785047 
585 268 9 12 0.034597024 
291 434 15 22 0.03448591 
761 432 10 13 0.03414514 
663 425 12 19 0.034145042 
658 333 9 12 0.033946484 
118 304 8 10 0.033903133 
588 271 9 11 0.033848464 
819 511 49 84 0.033845928 
200 428 10 11 0.03380966 
669 422 10 17 0.033497527 
193 432 8 10 0.03332263 
157 416 9 11 0.033251557 
295 427 11 15 0.033147648 
254 426 11 14 0.03290568 
166 428 9 12 0.03281063 
286 427 10 14 0.032792725 
70 411 12 18 0.032778397 
444 407 11 13 0.032602224 
105 383 8 9 0.03249353 
470 308 7 9 0.032293074 
134 351 6 9 0.032292187 
88 414 24 28 0.032189913 
587 456 30 41 0.0321748 
820 380 10 11 0.032069962 
951 387 9 13 0.03205841 
167 301 8 9 0.031972196 
100 440 15 20 0.031430647 
190 318 8 9 0.031370632 
1013 391 8 12 0.031281415 
481 239 7 9 0.031020187 
291 447 13 18 0.030935477 
833 440 26 39 0.030875763 
91 429 25 33 0.030719772 
305 321 8 10 0.030677652 
566 329 8 11 0.03059597 
300 425 12 16 0.03055871 
156 465 17 21 0.030296268 
750 318 7 10 0.030283786 
223 431 11 12 0.03019606 
613 421 39 53 0.03014323 
575 409 8 10 0.029920889 
730 431 15 17 0.029915608 
239 312 7 9 0.029759888 
722 358 8 10 0.029725265 
742 431 11 14 0.0296799 
911 263 6 8 0.0295422 
669 433 15 20 0.02953823 
210 327 8 10 0.029327342 
297 451 30 38 0.029298367 
638 476 34 46 0.029293284 
464 406 11 14 0.029072417 
137 336 7 9 0.029031247 
40 442 29 41 0.028837241 
208 334 8 9 0.028723344 
76 419 11 17 0.028309746 
102 345 7 9 0.02830128 
181 435 11 12 0.028186452 
281 312 8 10 0.028116196 
119 344 6 8 0.027951589 
811 443 18 19 0.02765581 
308 427 15 19 0.027654363 
672 276 9 11 0.027645085 
728 287 8 9 0.027564647 
990 433 37 57 0.027499229 
271 442 13 17 0.027404176 
132 432 21 27 0.027296815 
173 320 8 9 0.027146582 
130 437 11 14 0.027114335 
280 327 8 10 0.026978565 
601 276 9 11 0.026755854 
504 247 7 9 0.026723925 
174 414 8 9 0.026717478 
495 240 6 9 0.026697142 
42 368 8 10 0.026540846 
184 341 8 9 0.026408818 
309 442 34 37 0.026123598 
278 435 12 18 0.026073894 
919 493 23 34 0.026048537 
947 421 21 33 0.026014794 
323 442 44 58 0.025981914 
736 254 7 9 0.02596036 
795 424 31 39 0.025616748 
183 256 9 10 0.0255046 
342 406 24 33 0.025477922 
120 351 7 8 0.025444046 
20 409 28 35 0.025378386 
145 458 22 30 0.02537574 
86 407 11 14 0.025357803 
192 434 23 26 0.025280166 
820 453 18 23 0.025217576 
605 441 14 21 0.025204392 
748 390 9 11 0.02520088 
344 300 8 10 0.025157187 
256 312 7 9 0.025101816 
666 421 21 29 0.025017563 
175 327 8 10 0.025014877 
718 279 8 9 0.024967218 
719 222 9 10 0.024841208 
279 430 9 13 0.02483132 
245 443 13 17 0.024830965 
441 354 40 49 0.024784109 
73 345 6 8 0.024706837 
162 459 23 26 0.024590604 
923 471 14 20 0.024571957 
286 414 8 11 0.024549862 
137 424 18 25 0.024507374 
479 248 8 9 0.024430081 
435 417 13 19 0.0244095 
827 446 39 55 0.024406884 
700 434 12 20 0.024264783 
734 408 8 9 0.02415846 
854 418 12 17 0.024118586 
100 427 15 21 0.024113977 
899 448 27 40 0.024062729 
973 422 16 26 0.024057727 
703 278 9 11 0.024027789 
123 421 9 12 0.023907017 
247 436 12 15 0.023799263 
944 426 11 17 0.023788232 
566 468 15 28 0.02376363 
730 326 8 10 0.023726897 
445 366 25 29 0.023718273 
851 452 20 33 0.023678944 
175 407 8 10 0.023628782 
617 419 12 18 0.023566177 
415 396 12 14 0.023524985 
214 327 7 8 0.023485383 
216 419 10 12 0.023469677 
134 447 15 20 0.02336338 
775 438 12 15 0.023334747 
96 352 7 8 0.02326986 
150 348 8 10 0.02324394 
614 460 39 57 0.023176093 
676 277 9 11 0.023017837 
605 277 10 12 0.022923362 
921 460 24 34 0.022891738 
169 343 7 9 0.02287728 
285 445 29 43 0.022770464 
962 415 25 38 0.02271913 
916 471 16 24 0.022610717 
486 246 8 9 0.022610025 
233 399 9 10 0.022591902 
687 380 9 11 0.022531802 
81 233 9 12 0.022519276 
679 248 10 12 0.022461986 
201 336 7 8 0.022283526 
144 335 6 8 0.022233497 
537 328 8 10 0.02219603 
145 358 8 10 0.022186216 
248 427 11 14 0.022106403 
281 422 9 13 0.022089865 
451 372 14 16 0.022028105 
916 474 25 41 0.021919386 
184 304 8 10 0.021886136 
567 408 9 12 0.021804065 
201 311 8 10 0.02180267 
807 397 11 12 0.02179963 
315 418 26 30 0.021715173 
334 321 9 10 0.021634389 
296 320 7 10 0.021610942 
45 372 8 9 0.021506973 
56 390 10 13 0.021501122 
100 253 12 14 0.021467993 
748 432 11 14 0.021423316 
886 398 15 20 0.021360677 
128 357 8 9 0.021350458 
190 336 7 9 0.02124402 
448 379 13 15 0.021238713 
135 392 7 9 0.021232136 
352 271 8 10 0.021200871 
911 443 29 40 0.021161307 
175 235 9 11 0.021120455 
161 297 7 10 0.021092422 
435 406 20 28 0.021081347 
864 428 10 14 0.021026876 
421 397 12 15 0.020973334 
184 456 32 51 0.020904135 
868 426 14 16 0.020861588 
420 416 17 21 0.020795876 
126 416 9 13 0.02075458 
340 390 21 33 0.020738412 
356 406 41 46 0.020710003 
299 443 15 19 0.020689895 
76 413 12 16 0.020674614 
308 427 30 35 0.02064506 
777 417 9 10 0.02060386 
305 231 7 8 0.020589728 
542 329 9 11 0.020566462 
628 431 30 33 0.0204956 
301 267 9 12 0.020495178 
502 254 8 9 0.020487484 
256 360 7 10 0.020476133 
590 326 9 11 0.020463776 
290 422 22 28 0.020422058 
693 276 10 12 0.02032841 
244 451 13 17 0.0203271 
261 221 8 10 0.020318167 
224 317 7 9 0.020278385 
737 348 9 11 0.020252164 
872 410 14 18 0.020243265 
107 434 12 18 0.020178828 
169 408 8 11 0.020156777 
167 238 9 10 0.020146206 
980 392 14 17 0.020116659 
702 398 9 10 0.020106222 
318 288 7 8 0.020100974 
111 357 7 9 0.020061763 
293 436 26 33 0.020040752 
895 467 40 52 0.020027287 
