2_Demonstration_Protesters_2_369
86
531 367 120 135 0.9993352 
261 440 120 131 0.9983694 
657 313 38 43 0.988559 
185 80 49 64 0.98323256 
641 349 51 63 0.98165727 
962 199 63 102 0.94801176 
616 305 27 35 0.9199167 
608 270 22 26 0.8274064 
911 149 46 60 0.56879914 
638 264 14 18 0.2632132 
631 253 12 15 0.19783759 
698 278 22 30 0.16345295 
423 54 13 18 0.1587186 
565 193 15 19 0.10239241 
924 127 48 59 0.081678055 
627 262 19 26 0.06371537 
318 387 42 63 0.06261773 
88 326 54 55 0.058755413 
326 288 49 61 0.05841069 
583 358 94 104 0.05738333 
660 297 18 20 0.055175297 
279 297 13 18 0.055023592 
771 279 30 42 0.05145946 
394 -2 45 45 0.05108357 
234 395 41 40 0.046103276 
730 411 97 131 0.045967925 
76 63 55 76 0.04524227 
646 313 13 18 0.04343825 
998 65 26 37 0.04112614 
611 252 12 15 0.039530344 
651 307 16 22 0.039252333 
780 325 43 58 0.03906803 
602 307 32 41 0.038933225 
707 275 15 20 0.037549086 
931 108 46 53 0.037413407 
679 149 44 53 0.037218884 
509 469 42 45 0.036508743 
569 188 12 16 0.03645948 
619 267 20 27 0.036083095 
877 6 58 66 0.035043288 
747 259 48 61 0.033611618 
735 433 58 87 0.03323589 
450 158 130 191 0.03305782 
184 393 146 114 0.032860544 
623 296 29 37 0.032777496 
701 225 17 22 0.03245217 
1013 48 10 16 0.031704478 
333 295 14 16 0.03155834 
661 302 24 29 0.031554736 
704 267 26 35 0.030878913 
612 261 13 17 0.030619394 
100 351 54 64 0.030106923 
331 400 53 72 0.029934546 
692 198 30 37 0.029930273 
687 363 34 39 0.029929565 
800 0 53 59 0.029720949 
652 395 86 118 0.028564729 
788 250 35 40 0.026671788 
630 252 20 25 0.026592739 
629 291 14 18 0.026347846 
411 403 30 37 0.0263196 
705 250 46 59 0.025561852 
828 301 36 42 0.025485592 
624 317 44 57 0.02527289 
654 301 13 16 0.024775043 
649 331 40 51 0.024705669 
728 238 55 68 0.024296544 
457 52 9 12 0.023501286 
218 396 68 65 0.023242531 
298 409 51 71 0.022696361 
869 584 118 118 0.022504631 
736 167 394 407 0.02198546 
694 285 17 23 0.021410879 
699 291 17 24 0.021366334 
591 329 55 69 0.021297147 
696 211 10 14 0.020987574 
607 64 15 22 0.020869343 
621 237 10 13 0.020691378 
773 303 30 46 0.020642985 
300 285 43 56 0.020637777 
920 24 54 68 0.020635793 
664 253 11 16 0.020624649 
759 243 49 62 0.020617658 
781 285 31 46 0.020540964 
632 312 17 24 0.020498032 
931 178 57 81 0.020119455 
