2_Demonstration_Demonstrators_2_306
92
45 390 10 13 0.3094866 
124 327 15 17 0.27087164 
110 414 13 17 0.24686147 
0 482 13 22 0.2391225 
167 334 11 13 0.23408219 
151 419 13 17 0.202828 
165 429 11 14 0.19325843 
718 153 39 45 0.14099473 
189 363 10 13 0.11990552 
47 393 12 16 0.1104935 
863 346 83 137 0.09697412 
112 397 12 16 0.093744464 
184 428 14 18 0.091130786 
206 393 9 11 0.09041973 
37 381 11 15 0.084751 
141 408 14 21 0.07942927 
212 373 9 12 0.07932729 
732 550 23 28 0.077342644 
202 397 10 12 0.07433321 
239 373 8 11 0.07346377 
164 422 12 15 0.07276365 
714 485 16 21 0.06836773 
210 368 8 10 0.06682182 
68 373 9 12 0.064757876 
271 366 9 14 0.06332136 
157 427 13 16 0.058626294 
34 403 12 15 0.057138547 
234 375 7 10 0.056427576 
183 405 12 16 0.053461164 
187 381 11 14 0.052264005 
648 491 12 16 0.050886855 
582 490 14 15 0.047988974 
7 361 14 20 0.045883868 
62 570 14 17 0.04586736 
149 406 11 15 0.044882104 
62 387 14 16 0.044454243 
141 395 10 15 0.04217904 
32 378 11 15 0.041630674 
43 384 11 14 0.03937111 
133 404 16 20 0.038834095 
35 374 11 14 0.038475014 
190 424 9 13 0.03514931 
144 487 11 14 0.034555253 
37 396 11 15 0.032725763 
247 384 8 11 0.031951167 
156 414 14 17 0.031308107 
5 419 12 18 0.031290445 
56 371 12 14 0.030389238 
172 429 11 15 0.03030617 
102 417 16 19 0.029635586 
223 383 8 10 0.029319357 
149 382 11 13 0.029109653 
85 369 11 16 0.028681984 
62 380 13 16 0.028439038 
691 -41 386 471 0.028175632 
633 522 43 50 0.027846955 
0 382 6 12 0.027615279 
11 328 15 20 0.027388727 
94 364 15 18 0.027004505 
192 446 9 11 0.026287884 
199 380 10 13 0.025848567 
247 388 9 12 0.02571277 
185 360 10 12 0.025556045 
232 392 8 10 0.025433289 
142 389 11 15 0.024884475 
125 409 16 21 0.024554333 
152 387 10 14 0.024442323 
246 368 8 11 0.024146333 
39 383 18 24 0.02404761 
81 365 11 15 0.02368441 
131 441 13 16 0.023548376 
142 478 10 13 0.02337446 
52 389 13 17 0.022879992 
223 391 8 11 0.022766506 
141 425 14 17 0.022625357 
163 414 12 15 0.022571262 
214 378 10 13 0.02237487 
742 595 45 45 0.022211006 
69 368 10 13 0.022118725 
706 118 19 25 0.022039786 
172 421 11 15 0.02185372 
113 400 15 20 0.021319821 
533 454 12 15 0.021274041 
189 371 10 14 0.021152118 
133 414 18 22 0.021141171 
223 375 9 11 0.021007726 
155 429 22 26 0.021000305 
1 354 12 18 0.020726379 
851 493 27 30 0.020561574 
173 436 9 13 0.020300917 
4 412 18 30 0.020267606 
61 367 12 14 0.020098995 
