2_Demonstration_Demonstration_Or_Protest_2_102
293
424 607 24 32 0.9743492 
979 511 18 25 0.9655231 
672 543 21 27 0.93376535 
759 575 16 21 0.92406106 
952 488 17 20 0.86827564 
773 540 14 19 0.83406186 
403 605 22 30 0.80769086 
266 583 20 25 0.66148114 
77 605 27 31 0.6264441 
1004 500 14 18 0.6253355 
313 579 13 16 0.5101326 
799 527 14 18 0.40652955 
332 543 16 17 0.37483037 
449 583 22 27 0.32045195 
777 516 11 13 0.28712487 
628 584 20 29 0.28439063 
785 554 14 20 0.28397518 
657 572 24 31 0.28266367 
243 590 15 21 0.22874767 
700 538 19 27 0.2260095 
439 578 20 27 0.22214386 
757 531 13 17 0.21537873 
0 636 8 15 0.21494697 
458 580 23 27 0.17523976 
798 518 13 17 0.16765071 
235 602 16 20 0.16610815 
285 539 14 18 0.16403069 
839 497 18 20 0.15806098 
443 491 12 17 0.15370023 
62 645 14 19 0.13859501 
686 540 23 29 0.1370982 
362 518 9 12 0.13444152 
907 515 15 19 0.13390717 
564 613 27 32 0.13377263 
390 609 24 27 0.11903441 
439 574 11 17 0.112934195 
686 517 12 15 0.111461885 
772 438 12 15 0.11001035 
840 525 12 14 0.10700177 
228 512 14 18 0.10687177 
549 600 44 50 0.10561475 
631 568 14 20 0.10423149 
728 503 9 13 0.103753954 
270 551 10 13 0.10011644 
780 535 11 14 0.097702324 
235 467 14 18 0.09748735 
333 522 15 17 0.09247408 
606 587 13 16 0.09177397 
362 539 13 16 0.09019922 
14 667 14 18 0.088783525 
700 550 16 23 0.08862271 
835 583 18 23 0.07940798 
779 510 12 16 0.078664415 
901 521 15 19 0.076926865 
993 395 10 13 0.07685014 
421 488 9 11 0.07615028 
792 524 13 17 0.07527532 
834 552 17 23 0.073340595 
985 507 15 22 0.07292628 
248 585 21 28 0.071667746 
862 501 12 16 0.07160232 
1011 534 12 19 0.07088108 
707 560 13 19 0.06971179 
416 489 10 12 0.06931464 
1003 475 10 13 0.06923111 
728 614 21 29 0.06865436 
789 498 10 14 0.06858609 
862 545 14 18 0.063557245 
365 547 13 16 0.06294308 
1005 536 13 20 0.06254086 
771 468 11 14 0.06180475 
753 537 12 17 0.0596826 
779 544 14 21 0.058845446 
572 612 16 21 0.058545157 
38 657 21 25 0.05851736 
367 554 12 15 0.058310844 
561 625 26 33 0.05814704 
382 611 15 19 0.054316755 
827 522 14 18 0.054268945 
261 591 22 29 0.053355236 
888 504 12 17 0.053045448 
400 515 15 17 0.051225703 
798 497 11 15 0.050241135 
960 490 14 17 0.05015001 
994 569 14 17 0.049393915 
680 516 11 15 0.049096785 
751 568 20 27 0.04879504 
640 590 16 22 0.048478305 
813 571 20 26 0.04802333 
237 579 17 22 0.047753476 
610 583 21 27 0.04752992 
170 556 16 19 0.047453173 
5 660 12 18 0.04702216 
702 513 14 17 0.04540144 
788 538 13 19 0.045283113 
822 396 14 18 0.045148272 
949 348 13 17 0.04343168 
706 533 13 19 0.042844422 
249 552 15 18 0.042826094 
422 510 10 12 0.042500243 
899 430 9 11 0.04223527 
781 523 11 14 0.04206092 
621 586 17 25 0.04198161 
564 609 16 22 0.041686002 
708 511 13 15 0.040820047 
912 463 9 12 0.040545896 
739 490 22 27 0.040532313 
622 641 26 33 0.040503714 
68 641 23 31 0.040365823 
48 633 13 17 0.040272024 
23 619 12 14 0.04019454 
678 670 16 18 0.03992673 
189 495 24 31 0.0399082 
551 601 27 32 0.039619297 
624 662 17 20 0.039546795 
334 561 15 18 0.03944852 
824 413 11 13 0.039385673 
571 605 13 17 0.039339438 
758 524 226 210 0.03923472 
899 493 20 27 0.038467605 
333 532 16 18 0.0382462 
632 560 10 12 0.037604123 
799 509 13 18 0.037114386 
222 508 25 32 0.03681421 
352 537 12 16 0.036536984 
474 419 13 17 0.036096748 
718 547 12 19 0.035826836 
804 496 14 17 0.035403557 
645 584 24 31 0.034884475 
91 592 15 20 0.03474414 
784 495 11 14 0.034735568 
791 517 12 16 0.034726754 
279 615 15 20 0.034602962 
228 550 25 28 0.034555774 
839 480 22 28 0.034434076 
914 438 10 12 0.034239925 
643 630 28 36 0.03418973 
762 530 17 23 0.034135215 
811 524 12 18 0.033408582 
437 486 22 28 0.033309445 
843 578 16 23 0.03323756 
329 548 22 26 0.033154685 
847 411 13 16 0.03274058 
770 337 24 32 0.032569487 
737 564 23 32 0.032385636 
59 430 27 34 0.03228763 
263 549 10 14 0.03220828 
596 595 16 23 0.032017015 
928 464 9 12 0.031958524 
665 367 16 19 0.03178778 
813 496 12 17 0.031665996 
973 487 9 11 0.031527307 
372 550 10 13 0.031507287 
827 420 10 14 0.03147304 
32 662 13 15 0.031243576 
206 565 14 20 0.031021407 
227 561 15 17 0.030858412 
843 559 13 20 0.030685734 
233 474 12 15 0.030506222 
847 495 20 27 0.030221464 
666 475 11 15 0.0300758 
468 574 16 21 0.029704906 
603 591 17 23 0.029684193 
784 502 19 27 0.029606469 
589 656 15 20 0.029547166 
771 492 13 16 0.029457444 
749 547 14 19 0.029244397 
649 308 28 36 0.029217208 
458 596 19 24 0.029207531 
660 410 13 17 0.029137112 
636 577 24 30 0.029094044 
732 553 23 33 0.029001415 
-36 75 159 261 0.028721867 
716 509 11 15 0.028668161 
836 570 15 19 0.028649896 
759 326 43 55 0.028033495 
928 439 10 12 0.028033203 
432 570 13 18 0.027953412 
994 430 9 12 0.02794463 
595 633 13 15 0.027736919 
19 673 12 14 0.027722899 
957 510 14 20 0.0276216 
595 620 22 29 0.027573222 
334 508 14 17 0.02740023 
254 467 13 18 0.027380563 
364 633 15 22 0.027180988 
450 572 17 21 0.027149439 
691 516 13 16 0.026923936 
633 641 17 23 0.026814016 
492 572 13 17 0.026764473 
230 578 39 44 0.026624259 
445 634 17 24 0.026576718 
601 320 40 53 0.026489867 
812 584 13 17 0.02636703 
53 648 19 26 0.026218597 
863 483 11 14 0.02610602 
90 584 16 19 0.026105098 
672 518 11 13 0.025912125 
965 488 11 14 0.025902076 
216 555 28 33 0.025832191 
910 469 12 16 0.025824511 
644 438 11 14 0.025697459 
908 497 15 19 0.025417885 
47 568 10 13 0.025321072 
46 517 9 11 0.025264552 
701 565 16 23 0.02522699 
6 658 20 28 0.02513454 
638 558 10 14 0.025025358 
942 483 12 16 0.024985148 
741 553 15 20 0.024732964 
160 514 12 14 0.024727814 
621 312 17 19 0.024726404 
762 525 13 17 0.024719901 
277 547 12 16 0.024497157 
175 471 11 13 0.024423862 
666 602 16 22 0.024423825 
401 617 19 25 0.024386153 
1000 462 8 10 0.02419098 
767 437 20 24 0.024184475 
557 608 16 19 0.024139153 
615 651 27 33 0.02405572 
838 447 9 12 0.024054058 
581 613 23 32 0.023976043 
797 536 13 17 0.023928445 
894 494 11 16 0.02388102 
704 519 21 28 0.02386806 
577 624 16 20 0.023825523 
230 595 18 20 0.023772646 
865 538 15 20 0.023703098 
221 608 16 19 0.023697888 
308 670 12 14 0.023606086 
582 633 27 31 0.023465341 
794 547 13 18 0.023369513 
838 373 12 15 0.023318505 
971 548 12 14 0.023287602 
633 398 23 28 0.023273235 
961 495 15 20 0.02319901 
42 518 8 10 0.02308948 
844 571 14 20 0.023089254 
318 639 11 12 0.023002924 
779 496 19 24 0.022878783 
89 603 17 22 0.022740196 
220 538 13 17 0.022720287 
125 512 13 17 0.022704802 
215 513 16 20 0.022649014 
217 610 11 15 0.022593766 
727 531 13 17 0.022540914 
803 534 14 18 0.022529045 
665 469 11 14 0.0225068 
403 123 31 37 0.022430245 
912 454 10 12 0.022428619 
896 527 12 18 0.0223724 
312 659 13 15 0.022368236 
219 522 30 38 0.022256305 
904 400 9 11 0.022225408 
365 490 13 18 0.02203271 
463 584 27 33 0.02199501 
990 500 13 18 0.021993093 
797 470 16 19 0.02190983 
66 525 12 15 0.021878691 
977 447 11 14 0.021857288 
223 368 9 13 0.021814054 
349 567 22 29 0.021797985 
723 546 15 22 0.021742947 
732 493 20 26 0.021697424 
676 530 27 32 0.021679558 
666 556 26 33 0.021657161 
990 563 23 30 0.021541178 
951 477 12 15 0.021515729 
738 625 13 18 0.021344988 
82 621 19 24 0.02121903 
243 25 106 130 0.021181911 
548 627 29 36 0.021158261 
438 460 10 12 0.021041412 
682 510 10 14 0.021036858 
453 491 11 16 0.02099323 
422 502 12 15 0.020899998 
767 356 26 34 0.020842068 
612 583 13 16 0.020839281 
450 26 25 31 0.020834707 
643 556 14 17 0.020644542 
776 520 21 24 0.020589419 
651 313 17 21 0.020585336 
536 604 28 32 0.020558756 
850 405 12 15 0.020362426 
794 494 21 26 0.020288715 
217 537 28 38 0.020282868 
870 478 10 13 0.020274287 
741 486 16 19 0.020274226 
713 601 25 32 0.020260558 
679 512 20 25 0.020227447 
588 640 16 18 0.02019438 
968 542 11 14 0.020131564 
