2_Demonstration_Protesters_2_91
71
961 209 34 41 0.9995079 
342 241 23 30 0.97972006 
785 241 19 25 0.967035 
396 243 16 22 0.91813755 
591 257 13 18 0.728328 
631 250 13 18 0.67819023 
658 273 15 19 0.56068885 
314 309 17 20 0.5103254 
588 309 26 31 0.2661638 
813 248 21 26 0.25525323 
538 243 15 17 0.17407359 
757 460 52 51 0.16219045 
922 224 15 17 0.15853295 
535 256 14 19 0.13622174 
727 467 36 46 0.115819864 
538 264 14 18 0.10761915 
341 236 17 23 0.102331094 
897 263 28 38 0.086496785 
539 250 15 19 0.07961918 
908 249 14 17 0.074899636 
601 233 11 16 0.0737178 
730 256 16 19 0.066397734 
828 360 16 22 0.062043346 
826 251 17 22 0.060834013 
526 249 12 19 0.05882572 
902 246 14 18 0.048942804 
900 248 24 30 0.0487623 
547 249 11 17 0.04512164 
667 274 11 16 0.04501598 
624 259 11 16 0.040284038 
520 247 12 17 0.040208213 
623 267 11 13 0.03964794 
736 198 10 13 0.039353948 
772 426 29 32 0.038480554 
349 210 12 14 0.038269404 
799 214 24 26 0.03810395 
455 -42 461 494 0.03807215 
860 229 16 22 0.03427928 
447 249 14 20 0.03412712 
604 320 13 18 0.03315925 
807 457 41 48 0.03247039 
293 198 13 15 0.030724375 
609 191 9 10 0.03038328 
257 182 8 11 0.030001746 
808 251 14 19 0.029388923 
732 217 25 30 0.029383443 
604 261 9 13 0.028258419 
583 252 11 17 0.027278239 
746 223 15 20 0.026669446 
-15 62 208 305 0.02621942 
535 322 10 11 0.02601988 
-45 9 369 491 0.025838725 
844 332 12 15 0.025600862 
615 253 10 13 0.024753759 
784 460 32 42 0.024697646 
576 306 41 51 0.024382943 
647 273 14 19 0.024292791 
925 368 19 20 0.023932733 
532 273 13 17 0.023836194 
315 313 24 26 0.023690838 
586 257 11 18 0.023251928 
735 189 11 14 0.02319827 
622 245 12 15 0.02304061 
719 261 11 15 0.022717789 
615 267 11 14 0.022613026 
751 196 11 14 0.022369036 
336 234 15 22 0.02219879 
581 246 10 14 0.021831721 
819 213 17 20 0.02155137 
382 243 22 29 0.021213802 
621 276 12 16 0.02110671 
