2_Demonstration_Demonstration_Or_Protest_2_430
115
109 238 52 70 0.9991284 
489 127 59 98 0.9979658 
285 206 51 71 0.9969854 
349 181 45 61 0.9948602 
607 129 46 62 0.993437 
677 117 60 90 0.9934187 
760 147 46 62 0.97044545 
859 222 44 55 0.9144149 
660 108 51 73 0.90748185 
363 504 61 70 0.641122 
18 362 56 76 0.5454579 
813 125 25 37 0.4901319 
858 171 43 53 0.48842448 
236 220 31 33 0.42931896 
759 112 44 61 0.2999145 
23 261 32 38 0.28144225 
0 140 27 55 0.20022252 
62 217 14 16 0.15518597 
655 105 37 45 0.15477239 
858 161 30 42 0.11417677 
407 188 42 55 0.106167994 
135 370 47 50 0.10148868 
724 76 12 14 0.09385684 
434 471 82 98 0.093490504 
428 219 42 60 0.08361213 
829 467 31 37 0.08323978 
970 525 36 48 0.0778274 
779 123 26 40 0.06295047 
539 42 17 24 0.06265924 
995 353 14 19 0.062434636 
514 98 19 21 0.06231454 
26 337 56 73 0.061674096 
419 469 57 80 0.060912866 
33 315 51 60 0.060827803 
56 306 28 39 0.060381748 
382 481 79 91 0.059009273 
18 268 20 23 0.05726575 
802 124 25 34 0.05674178 
192 417 47 58 0.0535633 
421 409 44 61 0.052896712 
234 428 36 51 0.049474 
777 127 42 59 0.048558366 
615 115 36 45 0.041828055 
835 550 29 29 0.040783197 
117 215 14 17 0.040096976 
30 248 42 51 0.040053472 
180 187 26 36 0.03991221 
469 109 49 66 0.038520914 
434 -4 102 131 0.036643755 
480 495 64 68 0.035448715 
325 507 73 65 0.03393384 
28 276 19 24 0.032739103 
187 414 31 44 0.03244039 
356 427 44 55 0.032435942 
491 101 51 68 0.032211203 
770 100 45 55 0.032070525 
725 127 72 92 0.031439863 
112 216 30 32 0.03018339 
962 510 31 50 0.029586583 
7 271 28 35 0.029106468 
370 422 29 33 0.028764399 
184 202 41 49 0.028209142 
3 369 95 122 0.028119087 
194 395 54 54 0.027629245 
647 116 37 50 0.027392454 
193 216 17 20 0.027196212 
333 434 13 16 0.027127318 
31 272 33 37 0.026989525 
806 142 16 22 0.026894178 
478 79 28 31 0.02670838 
8 254 32 36 0.026241103 
859 165 19 27 0.026020639 
366 395 12 15 0.02535406 
185 430 34 55 0.025283573 
799 525 42 50 0.025245508 
55 217 25 28 0.025122093 
474 93 28 32 0.02448404 
684 103 34 49 0.024224913 
322 441 16 18 0.023912946 
380 411 28 35 0.023912225 
42 302 31 38 0.023862815 
996 343 12 18 0.023797786 
199 220 40 47 0.023649544 
468 187 35 47 0.02362338 
793 462 28 33 0.02348833 
185 202 23 32 0.023279337 
823 127 28 38 0.02310756 
822 485 31 38 0.023072938 
86 203 45 55 0.022924408 
861 550 26 28 0.022806717 
180 201 14 20 0.022738207 
0 281 20 33 0.022620337 
352 141 10 14 0.022331327 
535 36 12 18 0.022307184 
801 475 26 32 0.02216677 
446 522 69 52 0.022093717 
722 71 11 14 0.022067549 
221 226 13 18 0.022018285 
625 101 47 60 0.021786034 
424 475 33 53 0.021690518 
239 407 35 51 0.021585204 
410 441 47 76 0.02148968 
101 211 47 61 0.021329304 
382 179 49 60 0.021282364 
919 228 30 38 0.021180743 
281 502 53 65 0.021060696 
349 531 55 47 0.020942926 
5 152 44 64 0.020899968 
720 72 20 24 0.020885773 
761 108 28 40 0.020820543 
798 488 22 29 0.020775557 
186 238 40 50 0.020715015 
817 114 28 35 0.020283245 
380 430 17 21 0.020168798 
525 45 41 57 0.020155657 
