2_Demonstration_Demonstrators_2_196
1576
182 723 11 15 0.92981046 
87 717 12 13 0.860649 
150 723 13 17 0.75163764 
208 694 12 15 0.6858028 
35 735 12 14 0.66248006 
739 621 10 13 0.6303449 
156 744 13 16 0.6301193 
107 666 13 17 0.6298255 
295 462 9 12 0.6118619 
444 309 12 17 0.505364 
414 613 8 11 0.4750926 
445 607 10 13 0.45037442 
374 709 13 17 0.4403665 
478 606 10 12 0.43879017 
832 679 9 12 0.423096 
133 695 17 21 0.39336455 
278 581 10 13 0.385824 
622 204 13 15 0.37564716 
642 630 9 12 0.36096013 
942 658 11 14 0.3519047 
926 630 10 11 0.34164813 
63 366 8 10 0.3291112 
64 484 11 13 0.32374588 
510 581 10 13 0.31835043 
637 669 10 15 0.30923384 
406 316 11 15 0.30567342 
93 499 10 13 0.30405664 
302 300 9 11 0.29674613 
503 688 12 16 0.28736296 
491 587 11 14 0.28463402 
175 471 8 10 0.2806164 
273 462 8 11 0.27954125 
477 643 11 14 0.27247584 
436 532 9 11 0.27010474 
721 502 9 12 0.26387855 
347 722 12 16 0.26330182 
25 486 9 11 0.26203418 
192 464 7 9 0.26084432 
198 499 9 12 0.25982904 
369 441 8 11 0.24594356 
148 639 9 12 0.24336044 
125 648 12 17 0.23858726 
191 374 8 10 0.23299387 
108 350 9 12 0.22956422 
599 324 13 15 0.22868742 
180 359 8 11 0.22719209 
185 295 9 12 0.225813 
807 653 12 15 0.22537808 
69 480 9 11 0.22368447 
581 400 16 18 0.22186635 
311 270 8 11 0.21732487 
142 361 8 10 0.21329638 
250 342 8 11 0.21315749 
80 545 10 12 0.21148074 
159 359 11 12 0.20989312 
236 509 9 13 0.20947072 
32 571 8 11 0.20921023 
134 511 10 13 0.20721552 
408 322 11 15 0.20520316 
386 488 8 11 0.20435055 
257 472 9 12 0.20102778 
83 748 12 15 0.20102577 
522 605 10 14 0.20038418 
585 552 9 10 0.2000086 
319 310 9 12 0.19890918 
56 669 10 11 0.19781668 
583 390 9 11 0.1963498 
349 632 13 18 0.19626087 
222 470 8 10 0.18999602 
684 716 11 13 0.18989408 
193 697 9 13 0.1877181 
466 473 9 11 0.18646595 
20 233 14 20 0.18530427 
144 494 11 13 0.18437394 
711 632 13 17 0.17933534 
943 648 9 11 0.17819518 
524 524 9 12 0.17751603 
249 723 13 17 0.17734723 
341 509 8 10 0.17730096 
67 532 11 14 0.17540088 
824 654 9 12 0.17400989 
337 340 10 12 0.17394271 
628 422 10 12 0.17333692 
460 376 10 12 0.17112657 
826 697 15 18 0.16888751 
752 527 10 12 0.16756028 
586 587 12 17 0.16705342 
161 493 9 12 0.16577995 
373 279 10 13 0.16387978 
342 332 9 13 0.16321047 
63 361 7 9 0.16242398 
302 514 10 15 0.16229427 
903 636 8 10 0.16204178 
520 38 8 11 0.16186403 
431 291 10 12 0.1613635 
232 685 11 15 0.15952638 
273 254 7 8 0.1578312 
767 647 11 15 0.15765405 
393 563 10 12 0.15752089 
357 536 8 11 0.15728764 
674 694 16 21 0.15663032 
762 733 11 14 0.15365776 
360 608 10 13 0.15217347 
0 504 7 12 0.1508464 
175 478 9 11 0.15008564 
239 605 9 12 0.14991266 
645 635 9 12 0.14806437 
735 626 12 16 0.14621758 
206 309 8 10 0.14614992 
112 375 9 12 0.146021 
756 615 15 18 0.14562161 
150 343 8 10 0.14376993 
297 351 7 9 0.1434219 
325 343 8 12 0.14244917 
405 262 10 13 0.1417337 
628 611 10 14 0.14033099 
230 431 7 9 0.13969423 
340 556 9 12 0.1396366 
161 446 9 11 0.1388199 
177 363 9 12 0.13537659 
343 328 9 12 0.13504733 
278 486 9 11 0.1350272 
478 582 12 14 0.13492952 
126 733 14 19 0.13425875 
147 475 12 14 0.13416307 
446 584 8 11 0.13292384 
318 709 10 13 0.13278154 
343 296 8 10 0.13250376 
125 711 10 14 0.13196963 
599 438 9 12 0.13162346 
64 371 8 10 0.13058628 
751 610 15 17 0.12436528 
807 693 11 14 0.12387084 
88 375 9 11 0.1232725 
161 452 10 13 0.12311657 
486 579 13 17 0.12287557 
57 498 10 13 0.12287526 
223 439 8 11 0.12259564 
483 568 10 12 0.12236896 
242 495 7 10 0.12207419 
435 267 12 15 0.12179582 
484 319 13 18 0.12176327 
310 423 9 11 0.12174476 
523 519 9 12 0.12081615 
145 220 8 10 0.12028059 
632 662 10 13 0.1201239 
486 573 10 14 0.119919434 
531 340 12 17 0.119552076 
91 446 8 10 0.1186771 
784 614 12 14 0.11830803 
113 214 7 10 0.118246265 
767 711 14 19 0.117088765 
44 550 9 12 0.11588634 
445 598 10 12 0.11545077 
167 461 8 10 0.11475296 
105 518 10 13 0.11377455 
231 445 9 11 0.113610394 
346 660 12 16 0.11355359 
687 740 14 20 0.11290069 
423 659 11 14 0.11152264 
370 365 8 12 0.11091224 
163 748 14 16 0.10960989 
410 556 10 11 0.10951985 
755 591 13 16 0.10939899 
79 501 9 12 0.10886878 
445 589 9 11 0.10863539 
405 332 11 15 0.108507 
357 303 7 10 0.10713578 
675 446 11 14 0.105521895 
257 295 8 11 0.10519754 
389 252 11 13 0.10492189 
416 635 12 14 0.10482578 
623 533 25 36 0.10430609 
433 528 10 13 0.10416569 
102 711 12 17 0.103812575 
85 525 8 12 0.10220484 
924 661 9 12 0.10209711 
228 485 9 11 0.1007104 
742 616 12 15 0.10068054 
181 351 7 11 0.100358225 
880 388 12 15 0.09905377 
746 714 14 19 0.099016234 
112 296 8 11 0.09836158 
630 518 11 15 0.09833253 
620 440 10 13 0.09819665 
456 379 12 15 0.09770569 
295 312 8 11 0.097693175 
24 567 8 10 0.097448766 
277 454 8 12 0.09732594 
246 652 9 11 0.096020855 
190 581 10 13 0.09600159 
226 431 7 10 0.09542466 
707 668 12 16 0.09541834 
300 681 16 20 0.095326394 
1005 329 15 20 0.09498005 
294 316 8 11 0.09469585 
128 206 8 11 0.094644435 
234 189 9 10 0.09418561 
441 583 9 10 0.09395923 
366 738 14 17 0.0932395 
561 647 10 12 0.0925255 
855 711 10 13 0.09223262 
87 311 9 11 0.09189641 
296 343 7 9 0.091886155 
926 568 9 11 0.091108255 
238 457 9 10 0.08974447 
254 510 8 11 0.08944036 
8 574 9 12 0.088666394 
81 471 7 10 0.08861541 
344 540 9 11 0.08841248 
29 623 8 10 0.08828002 
110 748 13 18 0.08809341 
200 672 9 11 0.08806761 
407 623 10 13 0.08798891 
2 563 9 13 0.087644964 
110 356 8 10 0.08757702 
831 164 9 11 0.08751724 
597 660 12 16 0.08744666 
894 645 8 12 0.086815715 
103 573 8 9 0.08439204 
919 637 11 13 0.084316075 
73 445 7 9 0.08413591 
218 320 7 9 0.082915686 
757 688 14 18 0.082687944 
576 577 10 15 0.082615614 
454 604 9 13 0.08260965 
170 750 14 16 0.08258579 
756 625 12 16 0.082557544 
914 731 14 19 0.08211842 
512 585 10 14 0.08186462 
93 336 8 11 0.081763156 
557 470 10 12 0.08163567 
23 480 8 11 0.08144608 
195 496 8 11 0.080861755 
143 247 8 10 0.08049614 
231 438 10 13 0.08036882 
120 247 8 10 0.080351904 
125 366 8 11 0.079943195 
919 653 12 14 0.07992745 
419 629 11 13 0.07978891 
504 601 9 11 0.07933259 
254 501 9 12 0.07932977 
126 357 7 10 0.07905101 
780 713 14 18 0.07859663 
217 445 7 10 0.078426465 
336 493 8 10 0.07824108 
188 301 9 11 0.07803297 
430 415 8 10 0.07764545 
968 654 11 15 0.07750675 
295 415 8 9 0.07736037 
101 465 8 10 0.0772275 
265 381 8 10 0.07716756 
182 215 7 9 0.07703891 
300 463 8 11 0.07677678 
349 223 9 12 0.07666746 
399 642 10 14 0.076372005 
327 396 8 12 0.07618132 
525 533 9 12 0.07550132 
56 477 9 12 0.075211585 
223 478 10 12 0.07508962 
300 734 17 23 0.07480894 
128 744 16 19 0.074778415 
150 348 8 9 0.07475823 
159 333 7 10 0.07475589 
17 751 8 10 0.07451384 
24 663 8 11 0.074499175 
518 373 10 11 0.07447074 
95 295 7 10 0.07426505 
200 684 10 14 0.073924415 
61 492 11 13 0.073680416 
754 566 10 13 0.07353006 
143 729 14 18 0.073422134 
533 472 9 12 0.07276594 
159 441 8 10 0.0725415 
205 677 9 12 0.07214412 
436 554 14 17 0.07203513 
14 709 11 13 0.072023384 
437 478 8 11 0.0712278 
923 163 12 15 0.071176164 
670 453 14 18 0.070934236 
237 319 7 10 0.070599414 
66 528 9 11 0.07049377 
755 603 16 19 0.07009681 
93 748 12 15 0.070087455 
714 748 12 13 0.07000453 
464 743 10 11 0.06985374 
206 687 11 14 0.069825165 
334 535 8 12 0.06979218 
54 181 9 10 0.06964433 
15 589 10 12 0.06903958 
605 663 12 14 0.06902019 
286 295 7 10 0.06900107 
232 455 8 10 0.06878283 
257 301 8 10 0.06855824 
111 447 9 10 0.06834901 
319 305 7 9 0.06830743 
200 676 10 14 0.0682587 
89 496 10 12 0.06809717 
463 322 11 13 0.06761889 
61 718 9 12 0.06761704 
409 575 9 10 0.06720139 
422 427 12 14 0.0667332 
503 427 10 13 0.06666969 
461 543 12 14 0.06642111 
636 674 14 20 0.066112556 
403 338 12 16 0.0654034 
353 535 8 11 0.06530351 
178 215 7 10 0.06517322 
125 351 10 11 0.06495665 
29 492 9 12 0.064624794 
90 722 14 17 0.064614445 
302 351 6 9 0.064539306 
269 428 9 11 0.06440092 
532 740 12 15 0.064338066 
199 694 9 13 0.06431486 
363 646 12 14 0.064299986 
296 430 8 10 0.064229466 
613 500 11 13 0.06421109 
265 423 9 12 0.06383906 
898 638 8 11 0.06382524 
22 742 10 12 0.063680455 
41 544 8 11 0.06362633 
526 546 14 17 0.06344482 
125 335 10 13 0.06313711 
78 478 9 12 0.063058525 
487 596 10 12 0.06299177 
288 388 9 11 0.062989555 
371 725 15 18 0.06293632 
486 626 11 14 0.06285173 
158 651 10 14 0.062756084 
229 471 8 10 0.062716976 
201 365 9 10 0.0627096 
173 399 10 12 0.062588006 
90 709 14 18 0.06253772 
230 679 9 12 0.06231703 
713 740 14 15 0.062263172 
272 686 10 12 0.06218485 
543 419 12 16 0.062026646 
838 161 8 10 0.062002376 
658 638 8 11 0.06197023 
160 215 8 10 0.0619466 
130 185 7 9 0.06192281 
417 424 10 13 0.061452083 
304 410 7 9 0.06138697 
527 450 9 12 0.061167896 
181 640 10 11 0.061127882 
321 346 9 12 0.06096765 
0 190 9 13 0.060659178 
96 463 9 10 0.060491532 
15 543 9 12 0.06039953 
115 744 15 19 0.060278706 
822 647 9 13 0.060261406 
248 423 8 10 0.06022039 
56 717 11 14 0.059958804 
582 580 12 17 0.059945855 
838 670 11 14 0.05992549 
222 326 7 10 0.05966887 
113 233 9 11 0.05958219 
335 488 9 10 0.059536297 
182 415 9 12 0.05940385 
301 643 9 13 0.059298076 
431 102 8 12 0.059244554 
335 540 8 12 0.059212543 
338 518 9 12 0.059193917 
46 204 13 15 0.059048403 
133 686 13 17 0.059035104 
114 471 9 11 0.058896076 
162 384 8 10 0.058716863 
233 311 7 10 0.058704987 
237 439 9 11 0.05863843 
748 634 12 14 0.058614716 
848 727 11 14 0.058590252 
144 641 12 15 0.058546003 
25 623 8 12 0.058462057 
0 516 9 12 0.05840295 
486 312 12 15 0.05825589 
184 326 7 9 0.058155697 
729 628 12 15 0.05814901 
660 572 15 18 0.058078017 
218 440 7 10 0.05803282 
461 605 9 11 0.057999603 
7 591 9 12 0.05776075 
750 629 12 15 0.057748653 
521 530 10 13 0.057687946 
583 445 10 13 0.057635583 
111 328 7 8 0.057523504 
224 312 7 9 0.057223912 
517 588 9 11 0.056940004 
89 455 8 11 0.05673843 
554 439 15 18 0.056690484 
694 695 12 15 0.056660723 
350 496 7 9 0.05665417 
236 184 9 11 0.056640103 
947 714 17 20 0.056620747 
146 240 8 9 0.056588415 
343 494 7 10 0.056518532 
216 327 8 9 0.05639083 
128 200 7 10 0.056308046 
87 742 12 16 0.05622999 
343 627 14 19 0.05615792 
959 662 10 13 0.055723637 
486 614 10 13 0.055680964 
488 350 7 10 0.05559207 
144 485 12 14 0.05524648 
364 727 21 26 0.055000454 
302 533 8 11 0.054985154 
214 717 11 14 0.054897793 
144 375 10 12 0.05485611 
665 447 23 31 0.054761976 
553 504 9 11 0.054698333 
576 398 12 16 0.054680504 
84 713 18 22 0.054498177 
312 275 8 11 0.054378863 
111 487 8 10 0.054364573 
200 345 7 10 0.0543044 
89 336 9 11 0.05426905 
222 319 7 9 0.054248847 
294 422 9 11 0.05419607 
0 469 7 12 0.054057088 
121 198 8 10 0.05393731 
958 744 14 18 0.053927857 
76 392 8 10 0.053242177 
353 301 8 12 0.053151302 
70 232 11 14 0.05312961 
256 310 7 9 0.052984968 
280 432 8 11 0.05296845 
9 683 13 16 0.05289473 
794 750 15 16 0.052839387 
191 647 9 11 0.052808788 
589 656 13 18 0.052688442 
773 604 10 13 0.052658424 
409 606 10 13 0.05235853 
206 304 9 11 0.052297223 
565 589 10 14 0.05226058 
13 573 8 10 0.05220808 
912 651 11 14 0.052178234 
166 384 8 9 0.052152712 
257 526 9 11 0.052141383 
623 414 9 13 0.05209898 
480 601 9 12 0.052084323 
295 408 7 9 0.051900487 
365 607 9 12 0.051667027 
692 620 13 18 0.051504333 
175 639 11 13 0.051202726 
813 636 10 13 0.051197402 
150 221 8 10 0.05116371 
524 38 10 11 0.051161963 
161 238 9 11 0.051109593 
519 559 13 17 0.051038776 
333 612 10 12 0.050897956 
130 645 12 16 0.0508919 
621 653 10 13 0.050800193 
235 687 13 18 0.05078168 
33 454 9 11 0.050522264 
23 473 9 11 0.05033927 
161 459 10 12 0.05020771 
583 409 14 17 0.049902674 
131 541 12 16 0.049747944 
56 473 8 10 0.04969095 
257 462 9 11 0.049584843 
0 704 7 12 0.049542468 
518 581 9 13 0.049504682 
191 586 11 15 0.049388293 
84 694 13 15 0.049356647 
3 246 11 14 0.04934287 
474 606 10 12 0.049123496 
242 653 9 11 0.048887532 
478 739 13 15 0.04884528 
119 486 10 11 0.048744496 
23 372 9 12 0.048743457 
388 534 10 12 0.048611 
436 291 10 12 0.04855984 
443 554 10 15 0.048443176 
344 622 11 14 0.048409417 
422 548 10 13 0.048391014 
344 614 10 11 0.048276074 
249 272 7 9 0.048170332 
719 662 13 17 0.048080564 
240 295 7 10 0.04807226 
479 550 10 13 0.04807163 
337 502 8 12 0.04806001 
305 422 9 12 0.04803802 
150 591 11 13 0.04803521 
344 227 10 12 0.047932982 
525 610 9 12 0.04778291 
138 249 8 10 0.047712784 
313 469 7 10 0.047706164 
484 581 20 25 0.047648378 
154 728 15 18 0.04761297 
135 231 8 10 0.04751645 
238 501 10 14 0.04746918 
727 648 10 12 0.047429737 
955 670 16 20 0.04741549 
1012 179 10 14 0.047365975 
360 344 8 11 0.047269426 
89 304 7 9 0.047166545 
520 369 11 12 0.046691407 
349 600 10 13 0.04658892 
938 654 20 24 0.04646736 
168 502 9 12 0.04641785 
342 597 10 12 0.046364732 
235 515 11 15 0.046317656 
717 522 15 19 0.04629529 
386 375 7 10 0.046245616 
261 296 7 10 0.04615704 
451 348 11 14 0.046152085 
414 553 10 11 0.046025276 
184 190 7 9 0.045998044 
134 185 8 9 0.045994572 
337 327 8 12 0.045977227 
88 460 8 11 0.04596159 
111 639 9 11 0.045954946 
290 421 8 10 0.045946494 
301 469 9 10 0.045904603 
416 80 8 10 0.04585264 
104 343 9 11 0.04579324 
327 659 13 16 0.045700643 
597 635 10 12 0.045639895 
120 254 8 10 0.045471482 
625 520 22 31 0.0451945 
96 252 9 11 0.045171335 
329 288 6 9 0.045121096 
360 237 7 10 0.045080807 
70 716 9 13 0.045078605 
754 531 12 14 0.045029517 
159 222 7 9 0.04501664 
150 239 8 10 0.045001145 
702 583 10 13 0.044912696 
702 635 13 19 0.044728097 
224 305 8 9 0.044708367 
13 492 10 12 0.044575408 
200 334 8 9 0.044569183 
430 751 11 12 0.04455914 
70 174 9 11 0.044533946 
381 30 9 11 0.044514872 
250 278 7 10 0.044437375 
494 693 11 14 0.044341113 
639 484 10 14 0.04428632 
175 557 12 15 0.044194777 
408 454 11 13 0.04418691 
214 453 9 12 0.04408486 
529 54 9 11 0.044066694 
65 175 9 11 0.044050165 
749 581 11 14 0.044034988 
169 478 9 12 0.044012208 
119 479 9 10 0.043990336 
208 349 7 10 0.043938156 
43 236 14 17 0.0439293 
281 265 6 9 0.043818787 
580 638 13 17 0.0437325 
732 533 10 12 0.043711808 
260 475 9 12 0.043690182 
143 198 8 10 0.0436327 
694 555 13 16 0.0436239 
672 700 21 27 0.043621164 
623 604 14 18 0.043573022 
553 643 23 28 0.043516893 
789 630 14 17 0.04350948 
351 604 10 14 0.04336566 
121 367 9 11 0.043212183 
202 304 7 10 0.04316058 
30 711 8 11 0.04314723 
910 401 17 19 0.043143574 
664 707 25 31 0.04311039 
25 183 9 12 0.043079764 
337 552 9 13 0.04303586 
297 286 7 9 0.043023087 
181 558 10 13 0.042952694 
46 554 9 12 0.04294537 
281 303 8 9 0.042931996 
37 502 9 11 0.04266273 
39 525 9 12 0.042625684 
298 295 8 11 0.04256374 
158 328 7 10 0.042517766 
843 669 12 14 0.042436127 
166 237 9 12 0.04230052 
193 369 7 10 0.04229254 
392 -66 430 486 0.04228551 
145 349 8 10 0.04221783 
15 568 9 11 0.04217234 
392 366 8 11 0.042131137 
152 335 8 11 0.042115133 
205 360 8 11 0.041998945 
7 579 8 12 0.041963484 
308 678 14 19 0.04195427 
80 732 10 14 0.041904423 
118 215 7 10 0.041863397 
284 286 9 11 0.041831646 
166 388 8 9 0.041800972 
382 514 14 18 0.041789267 
763 721 15 18 0.04169492 
103 558 10 12 0.04169308 
0 276 11 18 0.04168937 
405 638 10 13 0.041516848 
94 311 8 10 0.04145512 
233 625 9 12 0.041425038 
191 240 8 10 0.04126566 
323 699 12 16 0.0412328 
702 619 11 16 0.041210674 
165 487 9 12 0.04111962 
442 714 15 20 0.041022994 
233 366 9 10 0.041010935 
145 422 9 11 0.040998336 
174 255 8 10 0.04097384 
452 285 13 16 0.040954877 
499 751 15 15 0.0409518 
104 513 9 11 0.040781397 
255 397 9 11 0.040693194 
853 724 10 13 0.040636364 
901 671 12 14 0.0405731 
216 190 7 9 0.040555846 
101 750 13 17 0.040549718 
1008 181 10 13 0.04053216 
253 336 8 10 0.040521257 
612 148 15 20 0.040447842 
312 463 8 11 0.040391766 
958 733 13 16 0.040386595 
104 673 12 15 0.040336322 
347 333 9 11 0.040334914 
808 751 12 14 0.04027967 
233 382 10 12 0.040276937 
304 414 8 10 0.040261436 
523 553 15 20 0.04023498 
909 163 10 12 0.040210474 
297 355 8 11 0.040206928 
897 632 9 11 0.040132303 
484 605 10 12 0.040066134 
229 478 9 12 0.04000313 
118 735 19 26 0.039988767 
917 643 12 15 0.039982267 
249 510 9 13 0.03996537 
270 541 9 12 0.03995403 
295 324 8 11 0.039916806 
351 612 9 13 0.0397986 
701 547 15 20 0.03965417 
582 418 15 20 0.039624993 
293 383 8 11 0.03959613 
479 556 11 13 0.039569158 
144 472 11 13 0.039557524 
103 248 7 11 0.03938127 
302 309 8 11 0.03933769 
86 729 13 16 0.039291255 
366 628 12 16 0.039248288 
848 716 11 13 0.039239652 
652 590 12 16 0.03917011 
170 375 7 9 0.03910072 
164 532 11 15 0.03910003 
553 489 8 11 0.039082985 
430 596 9 12 0.03908282 
69 180 9 11 0.039056864 
537 642 12 19 0.038991198 
715 733 13 16 0.038946025 
217 475 9 12 0.038943138 
432 275 11 13 0.0388553 
376 608 9 11 0.038827784 
150 216 8 10 0.03875281 
89 296 8 10 0.038743015 
21 543 9 12 0.03866252 
201 319 7 9 0.038660415 
431 580 9 10 0.038642343 
776 749 12 14 0.038603656 
44 738 11 14 0.03855011 
634 545 13 17 0.038512073 
600 503 9 11 0.038472775 
290 415 8 11 0.038471807 
97 568 8 10 0.038431976 
423 624 9 12 0.038339596 
254 496 9 11 0.038292762 
133 206 8 10 0.03826751 
641 134 7 10 0.038244374 
340 239 10 12 0.038166452 
885 654 12 14 0.038095277 
916 630 21 25 0.038082242 
154 718 13 16 0.038068816 
285 578 12 16 0.038013022 
319 689 13 18 0.037999325 
224 465 8 10 0.037820447 
825 684 11 13 0.037799448 
652 410 50 69 0.037774652 
310 511 10 13 0.037646625 
476 617 13 17 0.03761588 
160 209 8 10 0.037608895 
4 658 12 15 0.037493564 
441 597 10 12 0.03748358 
246 573 9 14 0.037428316 
78 741 12 16 0.037409108 
582 486 8 10 0.03739351 
158 677 10 13 0.03731587 
706 675 12 15 0.03730345 
615 452 12 16 0.037292343 
160 255 7 9 0.037265476 
286 302 8 10 0.037233274 
144 429 8 11 0.037121143 
105 368 8 10 0.037108235 
254 573 14 18 0.03705421 
85 582 9 12 0.03701685 
186 374 8 11 0.037002355 
349 384 7 9 0.03698647 
119 684 12 16 0.036962226 
48 707 9 12 0.036943708 
217 335 7 9 0.036931023 
48 471 8 10 0.036926698 
190 652 10 12 0.03689459 
783 734 11 13 0.03689033 
824 160 9 11 0.036860064 
154 327 8 10 0.03680422 
474 583 10 14 0.03675567 
558 488 8 10 0.036746025 
70 538 12 15 0.03673482 
943 691 11 15 0.03669555 
200 328 8 10 0.036640286 
329 612 9 12 0.036608882 
837 684 10 13 0.036512263 
207 486 8 11 0.036268294 
81 583 9 12 0.03626249 
138 367 9 10 0.03623774 
989 732 12 15 0.036234092 
77 168 9 10 0.036217395 
285 366 9 11 0.036187343 
693 602 12 16 0.03618652 
145 463 8 10 0.036131065 
287 454 10 14 0.036061946 
566 594 14 18 0.036025092 
339 596 9 12 0.03601534 
371 705 22 27 0.03598466 
145 414 9 11 0.0359765 
278 481 10 11 0.035964407 
59 664 11 12 0.035957757 
232 397 10 11 0.035916347 
232 522 12 16 0.03589119 
110 523 11 15 0.035890944 
97 279 8 10 0.035889998 
643 668 13 17 0.03584945 
608 126 8 10 0.035815507 
234 359 8 10 0.03576161 
1 230 9 14 0.03575449 
514 376 9 11 0.03562209 
47 512 9 11 0.03553715 
70 461 8 10 0.035533085 
912 645 12 14 0.03547548 
911 637 10 12 0.035472553 
185 209 6 8 0.03546816 
474 612 11 15 0.035446025 
106 381 8 11 0.035434946 
899 598 17 22 0.03543173 
239 572 11 14 0.035411347 
147 381 10 13 0.03540184 
289 406 8 11 0.035393387 
433 492 10 13 0.035393324 
36 653 11 13 0.035373606 
222 350 7 9 0.03536346 
175 465 7 10 0.03529243 
95 398 7 10 0.035162557 
15 487 9 11 0.035119306 
237 627 9 13 0.035113387 
94 360 8 10 0.03506085 
230 549 9 12 0.034998827 
428 652 10 14 0.034918502 
183 644 9 11 0.034881264 
142 398 7 9 0.034804303 
436 539 11 13 0.034795333 
763 618 11 14 0.034753565 
185 321 8 10 0.03474008 
230 425 8 10 0.034737743 
24 571 10 11 0.0347241 
52 206 11 12 0.034687676 
113 221 8 10 0.034685645 
946 653 12 16 0.034653254 
308 743 15 20 0.034616847 
182 654 11 12 0.034608666 
38 462 8 10 0.034604393 
296 279 8 10 0.034556847 
120 222 8 10 0.03453318 
143 271 9 10 0.034499995 
116 375 9 11 0.034488775 
272 535 9 11 0.034413226 
415 642 13 16 0.034402966 
254 516 9 12 0.034394953 
377 31 9 11 0.034371015 
238 324 7 10 0.034358434 
392 360 7 11 0.034349024 
20 725 11 14 0.034340452 
232 388 11 13 0.03431191 
79 724 11 15 0.034271687 
247 658 11 15 0.03422767 
390 272 8 11 0.034217786 
988 707 13 17 0.03418753 
196 589 11 13 0.034151144 
92 699 13 16 0.034121305 
68 374 9 10 0.03398164 
916 586 17 22 0.03393796 
199 558 9 11 0.03389281 
695 614 20 27 0.033847176 
363 130 23 30 0.033817794 
168 686 10 13 0.03372564 
921 160 9 12 0.033697363 
838 694 11 14 0.033680376 
350 296 8 10 0.0334746 
104 271 8 10 0.033421032 
176 550 10 12 0.033406597 
208 345 7 9 0.03338203 
238 414 10 10 0.033374384 
669 645 12 16 0.03322838 
112 209 8 10 0.03320864 
470 741 11 13 0.033189148 
174 373 8 10 0.033166815 
39 614 9 13 0.033157427 
510 650 10 14 0.033139624 
463 334 12 15 0.03312756 
304 334 7 9 0.033118837 
708 621 11 14 0.03311255 
581 572 12 16 0.03309178 
216 343 8 9 0.033067487 
78 174 8 10 0.033026297 
544 366 8 12 0.033025376 
207 253 7 10 0.033017598 
527 346 12 15 0.032935895 
545 492 8 10 0.03293011 
862 718 9 12 0.032888938 
314 683 14 19 0.032877408 
892 651 10 14 0.03281872 
109 559 10 12 0.032806847 
101 568 9 11 0.03277689 
349 341 9 11 0.032752007 
128 190 8 9 0.032745082 
225 426 8 9 0.03274054 
633 377 27 38 0.032683767 
808 731 11 13 0.03263637 
839 751 14 15 0.03263191 
369 714 12 16 0.032626104 
5 230 9 11 0.032622896 
109 334 8 10 0.03261704 
216 350 7 10 0.032603096 
278 468 9 11 0.032572236 
925 689 15 20 0.03256017 
392 677 11 13 0.03255262 
279 406 8 10 0.032535937 
769 661 10 14 0.032533363 
297 639 10 13 0.032514613 
492 462 11 15 0.032492783 
60 723 10 12 0.032490186 
505 109 8 10 0.03246999 
342 524 9 12 0.032409195 
33 392 8 10 0.032394554 
104 238 8 10 0.03236188 
142 446 7 10 0.032329645 
703 534 10 12 0.03231112 
9 596 10 12 0.032302063 
439 561 12 16 0.032295607 
877 174 11 14 0.032259822 
372 373 8 11 0.032255042 
41 591 10 13 0.032245412 
281 436 8 11 0.032221437 
352 540 8 11 0.032120936 
103 278 7 10 0.03211614 
682 692 14 19 0.032071438 
247 488 7 9 0.03206504 
185 700 10 12 0.032032598 
117 232 8 10 0.031972494 
96 287 8 10 0.031951245 
192 509 10 13 0.031883832 
991 175 8 10 0.0318753 
185 382 7 10 0.031848505 
413 620 11 15 0.031833448 
183 334 7 10 0.031788304 
86 191 9 11 0.031773463 
249 295 8 10 0.03176938 
368 380 8 10 0.03171801 
126 223 8 9 0.031706207 
634 522 14 18 0.03162596 
743 603 11 15 0.031581428 
963 651 20 28 0.03156781 
437 484 10 13 0.031533945 
254 347 8 11 0.03148227 
740 632 14 17 0.031387154 
740 597 12 16 0.03130057 
137 253 8 10 0.031291094 
413 448 10 12 0.031261552 
391 372 7 11 0.031259518 
356 628 12 17 0.031259444 
487 104 7 9 0.03125088 
277 255 6 8 0.03121757 
925 644 11 14 0.031085877 
708 660 13 18 0.031079836 
237 312 8 10 0.03098833 
676 710 22 25 0.030954268 
254 287 7 9 0.03094015 
150 677 12 15 0.03093285 
678 733 12 16 0.03092099 
110 644 10 12 0.030899556 
569 476 8 10 0.030837836 
310 595 13 16 0.030811897 
317 539 9 12 0.03068468 
246 580 10 13 0.030678736 
793 95 8 10 0.030661006 
448 286 10 13 0.030645162 
94 692 12 16 0.030590914 
846 661 11 13 0.030588739 
776 677 9 12 0.030578226 
383 277 9 13 0.030556075 
595 324 11 14 0.03051259 
224 684 10 14 0.030507486 
295 533 10 13 0.030495638 
190 320 7 9 0.030467039 
29 604 10 12 0.030434595 
141 480 20 25 0.030387783 
290 311 8 10 0.030364988 
215 303 8 10 0.03032599 
5 517 9 11 0.03031155 
750 700 11 14 0.030310538 
160 231 8 10 0.030305048 
585 501 10 13 0.030271227 
822 743 12 14 0.03026031 
256 455 10 13 0.030250825 
342 349 9 10 0.030237706 
599 496 10 11 0.03021157 
931 635 12 15 0.03017224 
587 424 13 16 0.03016351 
125 247 8 9 0.030143084 
636 555 11 15 0.030140316 
32 747 10 13 0.030139353 
627 210 13 15 0.030132957 
33 459 10 13 0.030105822 
185 246 8 10 0.030053638 
1 590 9 12 0.030037602 
312 541 10 11 0.030014396 
326 358 8 10 0.029979475 
984 735 23 27 0.029935244 
414 630 18 24 0.0299117 
302 477 9 10 0.02989357 
772 629 11 14 0.029891927 
15 150 7 9 0.029855795 
191 207 7 9 0.029846143 
772 636 12 15 0.029818418 
271 639 10 12 0.029803023 
693 732 12 18 0.029757725 
128 383 8 11 0.029749477 
263 462 8 10 0.029747885 
330 540 8 12 0.029730948 
327 293 7 9 0.029721376 
598 584 12 18 0.029718624 
492 612 11 14 0.029713826 
136 430 8 10 0.02967538 
474 639 19 24 0.029660927 
297 511 11 15 0.029600618 
32 655 10 12 0.029591454 
117 238 9 12 0.029552793 
384 533 9 12 0.0295435 
638 623 11 14 0.02953148 
254 701 9 12 0.029498374 
457 546 13 16 0.029489176 
343 564 10 13 0.029481713 
630 512 10 13 0.029443236 
200 488 8 10 0.029411431 
144 231 8 9 0.029407449 
771 644 13 17 0.029394064 
135 485 9 12 0.029393079 
32 727 10 14 0.029391376 
535 533 10 13 0.029388458 
545 373 9 11 0.029368863 
281 366 9 11 0.029350556 
757 714 13 17 0.029343981 
149 632 11 13 0.029339023 
252 655 9 11 0.029304877 
462 491 12 17 0.029282024 
430 605 9 13 0.029281605 
510 412 9 12 0.029278008 
124 636 12 17 0.029259475 
533 79 11 12 0.02923903 
121 207 7 10 0.02922413 
862 723 10 13 0.029205453 
70 415 7 9 0.029197102 
102 312 8 10 0.029183904 
248 711 11 13 0.029109357 
491 576 11 13 0.029092232 
198 223 7 10 0.029074924 
421 666 12 15 0.029074801 
32 616 9 12 0.029033445 
392 384 9 11 0.028991975 
454 343 10 14 0.02896517 
397 254 11 14 0.02895615 
565 582 11 14 0.028932616 
803 620 13 15 0.028917767 
880 632 9 11 0.028911443 
692 636 15 18 0.028871452 
127 501 10 12 0.028834112 
99 691 12 16 0.028830139 
372 245 10 11 0.028801447 
921 623 10 13 0.028791059 
505 576 10 14 0.028789973 
14 669 10 12 0.02877751 
206 319 8 9 0.028773183 
509 603 10 14 0.028763779 
167 208 7 10 0.02874522 
179 479 9 12 0.028691752 
57 484 10 13 0.028686088 
119 492 11 14 0.028653268 
303 328 8 10 0.028622998 
327 643 12 14 0.028613837 
73 749 10 14 0.028601462 
623 597 11 14 0.02859578 
336 523 9 13 0.028595049 
65 165 9 11 0.028586162 
501 609 12 15 0.028585833 
239 566 10 13 0.028558249 
828 750 10 13 0.028532885 
693 726 10 14 0.028515903 
128 213 8 10 0.028515553 
86 230 8 11 0.028495206 
95 654 11 14 0.028461277 
116 689 15 19 0.028403563 
895 622 10 12 0.028356934 
87 428 8 10 0.028352275 
829 743 10 12 0.028337494 
54 709 11 15 0.028281113 
551 385 11 15 0.028236609 
525 577 12 15 0.028231079 
885 684 10 14 0.028218841 
53 189 10 12 0.028187504 
628 199 13 17 0.028174067 
46 722 11 14 0.028092934 
134 199 8 10 0.028081367 
89 441 8 11 0.028069528 
984 706 25 32 0.028064186 
185 579 10 13 0.028045436 
386 541 9 11 0.02801037 
232 336 8 9 0.028006976 
460 477 21 29 0.027976992 
119 262 8 10 0.027975554 
166 506 12 15 0.027968861 
533 637 23 30 0.027963206 
260 546 13 16 0.02796054 
645 347 11 14 0.027959486 
286 437 8 10 0.02794744 
947 684 13 18 0.027920743 
231 305 7 8 0.027919767 
318 429 8 10 0.027913073 
258 532 9 11 0.027858756 
231 503 18 24 0.027767701 
165 677 10 13 0.027764792 
615 345 10 13 0.027758371 
21 221 14 17 0.02774888 
246 462 10 12 0.027736563 
312 535 9 11 0.02771776 
387 508 12 16 0.02769169 
387 522 12 16 0.027627446 
1 581 9 13 0.027618084 
877 537 9 11 0.027608993 
636 204 12 13 0.027577858 
160 270 8 10 0.027540216 
614 325 8 12 0.027519315 
198 382 8 10 0.027507167 
110 368 9 11 0.027434051 
709 651 12 15 0.027404435 
160 352 7 9 0.027388781 
441 603 17 21 0.027355134 
239 540 10 14 0.027331615 
780 677 10 12 0.027302781 
27 221 11 14 0.0272951 
567 504 11 12 0.02728717 
253 279 8 10 0.027276086 
193 629 9 11 0.027262675 
167 215 7 9 0.027243527 
1 195 10 14 0.02724283 
726 530 13 16 0.02722521 
145 262 8 10 0.027204564 
495 414 9 12 0.027204458 
40 519 8 12 0.027122486 
530 164 9 11 0.027066134 
430 314 13 15 0.02706172 
820 505 28 37 0.027040008 
106 708 13 18 0.02701048 
543 488 8 11 0.026992768 
174 667 14 16 0.026987117 
937 653 12 16 0.026962636 
508 525 12 15 0.026938727 
764 603 13 16 0.026925117 
782 740 11 13 0.026919974 
45 545 10 12 0.026915263 
339 295 8 10 0.026897812 
29 187 9 11 0.026891463 
86 520 9 12 0.026887117 
373 260 10 12 0.026849128 
281 281 8 10 0.026845085 
121 192 7 9 0.02684113 
106 374 9 11 0.026798815 
668 719 15 18 0.0267721 
9 707 10 14 0.02675598 
520 600 10 14 0.0267398 
884 613 9 12 0.026717452 
430 406 10 14 0.026683573 
232 375 9 11 0.026658643 
264 279 7 10 0.026655639 
766 700 13 17 0.02663993 
296 436 8 10 0.02658323 
328 638 10 13 0.02657107 
248 428 8 10 0.026487362 
805 599 14 19 0.026479477 
357 308 9 10 0.026466573 
276 575 19 24 0.026434343 
695 653 12 15 0.026376372 
702 653 11 15 0.026371995 
278 564 10 14 0.02634327 
751 741 11 15 0.026302375 
724 725 11 14 0.026299993 
88 494 19 24 0.026279118 
124 703 20 24 0.026267694 
93 302 8 10 0.02625804 
576 642 11 16 0.026255447 
635 530 14 18 0.026254004 
311 328 8 9 0.026252279 
772 717 14 19 0.026228167 
677 437 12 14 0.026183205 
208 453 9 11 0.026176237 
207 556 12 16 0.026159657 
1008 175 11 14 0.026146201 
9 534 9 11 0.026133958 
413 341 11 16 0.02609591 
115 718 21 29 0.02606576 
958 689 13 16 0.026041169 
158 638 9 12 0.026037151 
560 580 11 13 0.026032742 
600 508 10 12 0.025972094 
889 646 10 13 0.025949677 
72 723 10 13 0.025946235 
798 660 13 16 0.025943978 
509 710 32 36 0.02593573 
9 487 9 11 0.0259258 
948 661 19 26 0.025909461 
104 295 8 10 0.025902687 
468 323 11 15 0.025896393 
80 496 8 10 0.025892861 
325 316 9 11 0.025885737 
581 648 22 29 0.025878903 
433 471 9 12 0.025877342 
150 388 9 11 0.025852723 
932 690 15 21 0.025846552 
314 310 9 11 0.025809059 
546 672 26 30 0.025793169 
903 180 9 13 0.025791043 
206 461 9 12 0.025747182 
61 565 9 11 0.02573141 
271 527 8 10 0.025712978 
102 158 9 10 0.025685297 
296 606 8 9 0.02567495 
645 436 41 55 0.025672723 
750 537 16 20 0.025657656 
396 276 10 13 0.025653634 
422 543 10 12 0.025644327 
515 38 8 11 0.025640491 
180 483 10 13 0.025638673 
887 632 8 10 0.025606714 
290 317 8 11 0.025589734 
527 679 9 12 0.025578782 
281 269 7 8 0.025568532 
302 524 10 14 0.025559856 
182 221 7 10 0.025545698 
219 691 13 16 0.025537616 
397 524 12 16 0.025487853 
654 667 11 14 0.025467552 
23 639 11 13 0.025467338 
385 271 10 13 0.025452515 
185 718 15 18 0.025449751 
148 556 13 16 0.025419084 
496 606 9 12 0.025416592 
65 160 8 11 0.025412234 
231 406 11 13 0.025392039 
839 662 11 14 0.02537834 
78 235 10 12 0.02535415 
197 390 9 11 0.025349401 
150 245 8 10 0.02534015 
590 577 22 29 0.025336657 
111 739 13 18 0.025312636 
40 532 8 11 0.02528995 
272 303 7 10 0.025287695 
365 349 9 11 0.025282996 
462 553 11 13 0.025275845 
193 349 8 11 0.025267333 
215 495 8 10 0.025256816 
198 515 10 12 0.02515181 
411 284 13 15 0.025108363 
31 715 8 12 0.025098035 
159 539 12 15 0.02508958 
296 600 7 10 0.025081836 
691 40 230 282 0.025071781 
588 444 10 14 0.025057372 
806 626 13 16 0.025056524 
115 674 14 18 0.025020938 
24 692 10 14 0.025006065 
335 287 7 9 0.025004437 
349 422 8 11 0.024980418 
249 469 9 12 0.024942886 
70 166 10 12 0.024941217 
397 247 8 11 0.024933286 
197 507 11 14 0.02492879 
206 374 9 10 0.024927555 
812 727 11 13 0.024924615 
45 607 11 13 0.02492071 
81 182 8 10 0.02489885 
79 454 8 11 0.024859292 
336 222 9 11 0.024857191 
174 492 10 12 0.024841858 
493 566 10 12 0.024831403 
570 644 24 33 0.024821766 
852 661 10 13 0.024810439 
14 510 10 12 0.024795013 
77 447 7 9 0.024793586 
563 654 14 21 0.024782622 
625 572 10 13 0.024782116 
104 328 8 9 0.024772266 
859 750 14 16 0.024770742 
302 287 7 10 0.024757463 
739 577 14 18 0.024754724 
687 557 12 16 0.024745954 
308 148 9 11 0.024730248 
24 238 16 20 0.024726046 
190 639 10 12 0.024713844 
846 655 11 13 0.02467887 
634 479 9 14 0.02465938 
70 519 10 11 0.02460131 
782 607 11 14 0.024600968 
96 328 7 9 0.02458086 
301 114 42 49 0.02457479 
70 189 8 11 0.024553608 
357 219 10 13 0.024548696 
287 431 8 11 0.024546312 
144 388 8 12 0.024535084 
411 697 13 17 0.024506792 
368 692 24 30 0.024498507 
399 365 9 12 0.024490964 
190 309 8 10 0.02446559 
254 422 8 10 0.024410954 
249 318 8 11 0.024398757 
233 504 10 13 0.024397345 
489 321 14 18 0.02438499 
1006 692 12 16 0.024356658 
360 323 9 12 0.02435013 
113 501 8 11 0.024336953 
923 623 21 26 0.024330392 
113 182 8 10 0.024318818 
135 214 9 11 0.024306297 
651 748 14 18 0.024302037 
252 646 9 12 0.024266532 
380 739 12 17 0.024262412 
374 360 9 12 0.024240812 
4 280 12 17 0.024237715 
480 351 8 11 0.024196716 
112 255 7 9 0.024194097 
925 668 11 13 0.024187298 
161 264 8 10 0.024181208 
750 137 8 11 0.024119034 
428 622 10 12 0.024111843 
47 751 10 12 0.024100639 
387 121 14 16 0.024093324 
102 205 8 10 0.024015049 
637 445 10 15 0.02399585 
94 215 7 10 0.023978382 
352 527 7 10 0.023954455 
392 659 13 17 0.023923166 
814 645 10 13 0.023914613 
17 240 11 16 0.023910588 
241 302 8 10 0.023907937 
335 481 7 9 0.023883149 
77 507 10 12 0.023878625 
807 167 8 9 0.023837574 
137 445 8 10 0.023836965 
378 610 12 15 0.023782289 
681 157 9 12 0.023781382 
113 245 8 11 0.02376647 
622 666 11 14 0.023759376 
132 535 10 12 0.023744935 
467 540 11 13 0.02373819 
138 373 8 10 0.023691049 
152 207 7 10 0.023680056 
78 531 10 14 0.023678944 
483 554 12 15 0.023671139 
617 407 10 13 0.02365403 
672 406 25 36 0.02365271 
185 239 8 10 0.023649978 
588 220 10 12 0.023597019 
827 677 11 15 0.023589177 
521 730 29 31 0.02358707 
176 208 7 9 0.023582028 
626 681 27 37 0.023562426 
916 645 21 26 0.023521334 
246 494 8 11 0.023498617 
208 327 7 10 0.02347432 
483 104 7 9 0.023437807 
677 601 13 18 0.02342433 
998 183 11 14 0.023410492 
1002 617 16 19 0.023392178 
36 572 9 13 0.023388939 
820 648 19 26 0.023374707 
627 655 11 14 0.023369987 
130 509 10 12 0.02336857 
310 265 10 13 0.023354637 
32 500 9 12 0.02330793 
764 748 12 15 0.02330208 
0 166 7 10 0.023301685 
142 659 11 14 0.023298671 
82 716 12 15 0.023272976 
312 441 9 11 0.023270573 
222 541 11 15 0.023249386 
36 727 12 16 0.023245543 
73 548 11 14 0.023226699 
272 574 10 14 0.023170164 
515 378 12 16 0.023170086 
47 211 11 14 0.023153657 
22 175 8 10 0.023144942 
897 675 11 14 0.023132721 
224 548 10 14 0.023124138 
174 247 8 11 0.023113357 
112 493 9 13 0.0231073 
362 445 10 12 0.023102023 
661 715 16 20 0.0230817 
106 447 9 11 0.02305632 
86 531 9 12 0.023056 
271 564 11 14 0.023048954 
173 277 9 11 0.023044426 
225 375 8 11 0.023038875 
370 283 11 13 0.023030117 
558 504 8 11 0.023023117 
74 396 8 10 0.023019575 
265 700 13 15 0.02301588 
567 486 8 10 0.02299773 
630 468 10 12 0.022929344 
588 643 12 16 0.022909066 
681 596 22 30 0.022872197 
80 697 13 17 0.0228719 
100 684 13 16 0.02284914 
19 710 12 13 0.022844369 
130 722 21 26 0.022824515 
167 638 10 13 0.022823673 
292 388 10 11 0.0228166 
801 168 8 10 0.022798685 
282 293 8 10 0.022776794 
368 359 9 13 0.022775818 
137 223 8 9 0.022775568 
486 31 8 11 0.022748247 
284 573 21 27 0.022745045 
111 288 7 9 0.02273732 
116 300 8 11 0.022730848 
237 359 9 10 0.022729125 
378 515 11 16 0.022718858 
142 253 9 11 0.022691283 
310 415 7 10 0.02267443 
628 617 12 15 0.022646729 
120 278 9 10 0.022638008 
828 721 14 15 0.02263247 
323 311 9 12 0.022631498 
47 191 12 13 0.022603502 
481 312 11 15 0.02259946 
509 111 7 9 0.022574136 
53 220 10 13 0.022563465 
520 347 11 14 0.022526696 
544 380 11 15 0.022523569 
177 414 9 12 0.022520397 
274 586 11 14 0.022516796 
154 557 12 14 0.022515114 
62 509 8 11 0.022495555 
352 216 9 11 0.022495236 
1014 100 9 13 0.022494087 
93 505 12 13 0.022487622 
293 399 9 11 0.022457149 
62 518 9 11 0.02244776 
116 296 9 10 0.022393236 
16 370 11 14 0.0223764 
204 501 8 12 0.022360658 
415 346 12 16 0.022342019 
708 640 14 17 0.022295061 
123 339 9 12 0.022284752 
718 494 20 25 0.022243511 
955 657 21 28 0.022230875 
143 184 7 9 0.022223258 
387 247 9 11 0.022213753 
267 546 12 15 0.022213003 
886 636 10 13 0.022206457 
835 697 12 16 0.022199575 
58 674 13 16 0.02219355 
25 229 13 18 0.022174714 
541 679 16 20 0.022150708 
24 447 8 11 0.022140382 
775 743 10 13 0.022139875 
256 612 11 15 0.02213807 
175 311 8 10 0.0221277 
62 559 9 12 0.022126265 
656 580 12 16 0.022071809 
225 390 8 10 0.022066904 
304 446 9 11 0.02201726 
652 579 23 27 0.022013074 
767 637 11 15 0.022009684 
550 366 9 11 0.022004029 
87 367 10 13 0.021974808 
555 385 13 17 0.021972517 
430 611 10 13 0.021960448 
639 626 17 22 0.021943854 
708 206 11 12 0.021933213 
120 574 9 11 0.021924283 
177 335 8 10 0.0219231 
111 190 8 9 0.021913035 
159 671 10 12 0.021907387 
249 667 12 15 0.021901594 
328 437 9 11 0.021884749 
216 358 9 10 0.021839052 
252 659 13 16 0.021826042 
102 200 8 10 0.021815935 
280 372 9 11 0.0217938 
242 343 8 10 0.021779679 
47 533 9 11 0.021757128 
1 182 9 14 0.021754185 
56 384 9 11 0.02175392 
69 491 10 12 0.021748526 
687 654 11 14 0.021733036 
189 421 9 10 0.02171324 
104 582 10 12 0.021691985 
419 649 19 23 0.021683712 
362 408 8 9 0.02168267 
126 328 8 8 0.02167949 
670 394 52 73 0.021645606 
393 612 10 14 0.021641737 
101 654 10 13 0.02157132 
237 375 9 11 0.021568533 
357 586 13 16 0.021563651 
309 295 8 10 0.021557499 
16 124 107 137 0.021549968 
200 230 7 10 0.02154525 
953 731 22 30 0.021527369 
272 479 9 12 0.021466084 
516 166 10 12 0.02145985 
55 390 9 12 0.021457318 
832 673 12 14 0.021451013 
533 614 10 14 0.021444064 
33 159 7 10 0.02142445 
262 415 9 11 0.02140535 
242 540 13 15 0.0214008 
573 478 8 9 0.02139202 
335 627 11 15 0.021387957 
169 254 8 10 0.021375362 
200 208 7 9 0.02136108 
239 420 10 12 0.021357693 
329 94 11 12 0.021354493 
577 389 11 14 0.021353442 
801 653 11 15 0.021346064 
226 677 10 14 0.021337913 
839 655 10 12 0.021337718 
78 676 12 16 0.021335663 
247 379 9 12 0.021331336 
350 350 9 10 0.02132728 
250 326 7 10 0.021322643 
161 197 8 10 0.021316398 
544 400 9 11 0.021295182 
431 592 8 11 0.02128377 
89 222 8 11 0.021279195 
479 626 12 16 0.021265158 
93 380 8 11 0.021258352 
166 232 9 12 0.02125362 
277 637 9 12 0.02122422 
430 550 14 15 0.021202417 
663 539 11 13 0.021200271 
342 655 14 17 0.021192776 
135 389 10 13 0.021181252 
358 320 9 10 0.021163326 
709 614 11 14 0.021157676 
183 232 7 9 0.021156272 
254 391 10 12 0.021153923 
81 196 9 11 0.021149943 
177 654 10 13 0.021144232 
65 189 9 11 0.021136366 
429 533 22 24 0.021110184 
372 230 9 10 0.021101046 
338 243 9 12 0.021098616 
135 478 10 12 0.021098485 
503 413 10 13 0.021093572 
373 381 8 10 0.021077491 
742 540 12 15 0.02106499 
311 334 8 9 0.021055201 
782 596 11 14 0.0210433 
93 366 9 12 0.021033261 
304 428 8 11 0.021032622 
327 205 11 12 0.021032035 
565 621 13 15 0.021007452 
751 589 20 25 0.020957496 
244 566 9 12 0.020946758 
349 682 11 17 0.020944152 
285 566 11 14 0.020919122 
341 592 10 12 0.020909404 
550 464 11 12 0.020887552 
396 515 11 15 0.020883642 
417 660 12 15 0.02087853 
126 279 8 10 0.020872947 
780 643 12 16 0.020865625 
334 700 11 16 0.020857086 
82 191 9 11 0.020853272 
338 301 9 11 0.020835733 
326 627 11 15 0.020832874 
156 683 12 15 0.020823529 
21 732 12 15 0.020821162 
78 484 9 11 0.020813337 
330 492 9 12 0.020808678 
76 737 20 27 0.020801166 
468 518 12 16 0.020783437 
464 524 12 14 0.020778831 
301 606 10 11 0.020776533 
178 190 7 9 0.020755522 
134 502 9 12 0.020751499 
104 286 8 10 0.020748522 
70 659 12 14 0.020741023 
257 248 7 9 0.020739235 
760 652 10 13 0.020717196 
436 402 13 15 0.020681977 
401 310 11 14 0.02066653 
293 686 16 22 0.02066179 
5 509 9 13 0.020648265 
217 432 8 10 0.020642478 
470 349 9 13 0.020635204 
812 754 13 13 0.020603204 
629 444 12 16 0.0205924 
172 502 10 12 0.020582238 
505 694 24 30 0.02057186 
815 742 12 14 0.020568071 
790 665 13 16 0.020554382 
453 143 10 11 0.02055075 
558 632 23 29 0.020545097 
119 710 21 25 0.02053306 
703 713 12 16 0.02053241 
350 518 10 13 0.020519454 
97 467 9 12 0.020499507 
440 573 9 11 0.02049367 
169 271 7 10 0.020470658 
96 559 9 11 0.020463832 
461 450 15 19 0.020456444 
152 319 7 10 0.02045225 
105 487 8 10 0.02043068 
925 706 13 17 0.020425625 
343 682 11 17 0.020425076 
369 461 11 14 0.020421121 
329 327 8 11 0.020397604 
757 680 12 13 0.020391058 
872 622 9 12 0.02038554 
656 642 11 14 0.02037392 
687 608 21 32 0.020340964 
350 564 12 16 0.020334823 
185 255 8 9 0.020328565 
774 621 11 13 0.020325903 
307 270 7 10 0.020315196 
635 419 12 16 0.020300752 
222 490 11 14 0.020278558 
190 558 9 11 0.020278187 
136 263 7 9 0.020251341 
695 547 14 18 0.020238006 
607 149 13 17 0.02023034 
614 659 14 17 0.020218343 
125 494 10 13 0.0202127 
33 517 9 12 0.020176036 
87 742 20 25 0.020174664 
446 388 11 15 0.020169372 
182 343 7 10 0.020168139 
311 302 8 10 0.020142857 
48 219 11 13 0.020141827 
570 588 20 27 0.020136792 
237 366 9 10 0.020118365 
174 674 14 17 0.020113755 
37 494 11 13 0.020112589 
14 557 9 11 0.020095523 
172 692 11 13 0.020091807 
470 549 10 12 0.020088911 
6 502 9 13 0.020088289 
174 231 8 10 0.020080766 
615 444 20 27 0.020078106 
809 657 13 16 0.020042803 
95 685 11 14 0.020031208 
436 301 21 27 0.020014063 
350 500 8 10 0.020012928 
710 743 20 23 0.020009916 
565 572 13 16 0.02000969 
269 692 11 14 0.020008883 
