2_Demonstration_Demonstration_Or_Protest_2_32
260
454 1061 54 70 0.9975858 
726 1099 61 76 0.997431 
629 1064 27 36 0.997267 
524 1144 63 96 0.9962205 
238 1242 84 107 0.9939626 
516 1060 29 37 0.9937669 
334 1032 32 39 0.98576385 
304 1091 54 74 0.9783012 
895 1023 24 27 0.9725375 
169 1086 56 71 0.96779335 
865 1107 31 34 0.96548015 
530 1110 35 48 0.9186228 
426 1030 34 47 0.9044327 
936 1080 20 24 0.8887572 
986 1049 25 30 0.8445912 
575 1079 24 33 0.83948237 
285 1073 54 71 0.79014415 
48 1049 40 47 0.7687916 
703 1099 36 57 0.7309443 
370 1032 23 30 0.7213415 
824 1095 26 39 0.7211939 
491 1018 14 21 0.5212339 
551 1021 13 16 0.5185065 
926 1027 20 25 0.486585 
293 1031 28 35 0.48626116 
750 1076 23 26 0.478982 
980 1059 18 22 0.40491322 
631 1034 14 17 0.36936668 
970 999 20 30 0.26106933 
970 1171 14 21 0.2607904 
603 1013 12 16 0.25672415 
708 1086 28 33 0.25126675 
662 1048 12 14 0.2282762 
962 1051 14 19 0.21923774 
398 1032 26 32 0.2159962 
777 1061 16 21 0.21454221 
547 1061 16 24 0.20487615 
-3 1254 58 106 0.20366304 
912 1151 24 35 0.19970489 
940 1052 18 21 0.19880168 
117 501 243 220 0.19758338 
273 1056 35 51 0.19711876 
586 1037 15 20 0.19253366 
633 1158 17 21 0.19025677 
5 990 76 117 0.16608825 
961 1064 16 21 0.16013719 
808 1060 10 12 0.1555613 
972 1126 17 22 0.1491558 
724 1055 17 20 0.14877889 
524 1029 21 25 0.14476608 
581 1117 28 39 0.14297941 
721 1063 23 28 0.13406968 
385 1047 28 34 0.13108842 
114 1220 32 36 0.12652884 
328 928 24 30 0.12576672 
976 1039 24 32 0.12552522 
954 1146 17 19 0.11409115 
197 1038 27 33 0.11311926 
701 1093 28 41 0.11178698 
862 1028 14 16 0.1117785 
1012 987 12 21 0.10085553 
714 1074 27 34 0.09226211 
867 1032 15 19 0.09161936 
614 1039 9 11 0.09041729 
693 1044 12 15 0.08478069 
824 1058 11 14 0.08195843 
596 1122 15 22 0.07986618 
13 150 27 43 0.07740351 
879 1075 25 27 0.07560695 
998 1052 19 24 0.0753319 
972 1058 19 26 0.07420993 
443 1010 17 20 0.072907366 
912 1022 22 28 0.070172705 
751 1019 12 13 0.068720184 
0 149 21 41 0.06844258 
925 1020 17 22 0.067715056 
970 1112 24 31 0.066505075 
33 223 167 286 0.06421255 
928 1065 22 29 0.06266073 
936 1062 22 28 0.06235414 
317 1044 32 35 0.060365625 
629 1104 23 29 0.06034026 
568 1044 11 14 0.058707554 
1002 1162 15 20 0.058369476 
603 1047 14 20 0.055966366 
585 1068 17 22 0.054579824 
943 986 13 16 0.054562856 
810 1086 30 42 0.053778663 
40 204 42 56 0.052533686 
452 1152 53 66 0.05240328 
843 1058 12 15 0.052361805 
862 1082 15 18 0.051874455 
546 1043 15 21 0.051809337 
635 1039 15 19 0.05168554 
608 1037 10 12 0.05163183 
923 974 16 20 0.05078652 
624 1022 10 12 0.050657447 
765 1054 10 13 0.049659252 
646 1044 13 16 0.049135923 
630 1061 16 23 0.048668467 
315 1050 53 60 0.04822746 
768 1032 8 10 0.047950987 
877 1102 29 35 0.04529844 
756 1030 10 12 0.04513075 
588 1122 16 22 0.044944745 
1006 1016 16 19 0.044590548 
945 1186 16 19 0.04418746 
249 1066 43 59 0.043594312 
693 1111 29 41 0.043560352 
613 1043 13 18 0.043061003 
656 1044 19 23 0.04293247 
381 848 9 10 0.0413833 
971 1046 17 22 0.0410983 
965 1067 20 28 0.039936155 
500 979 29 39 0.0395174 
432 1017 27 38 0.039381683 
226 1068 41 57 0.038758047 
974 1038 16 20 0.03837573 
0 645 38 62 0.037197705 
929 1107 16 23 0.037173886 
280 1041 50 62 0.03711097 
975 988 14 20 0.03684517 
576 1028 12 15 0.03657065 
738 1070 26 29 0.036438134 
238 577 123 141 0.035935417 
616 1002 10 13 0.035766724 
645 1049 16 20 0.035667498 
946 1057 22 28 0.03467747 
557 1105 42 51 0.034397725 
790 1130 43 57 0.03432738 
978 1099 24 29 0.03421851 
283 1037 29 37 0.033595223 
868 1085 31 36 0.033558574 
693 944 13 17 0.033209477 
22 198 40 47 0.033108678 
255 1135 40 59 0.032757428 
195 1080 50 68 0.032668177 
605 1008 12 15 0.032408137 
268 1147 43 56 0.032386817 
541 1102 32 40 0.03235373 
897 1149 28 35 0.032017924 
154 1071 52 70 0.03197927 
765 1054 23 25 0.03149406 
533 1033 19 26 0.031150276 
965 1003 17 23 0.030898768 
729 825 9 12 0.03084071 
837 1091 14 22 0.03079151 
953 1075 22 27 0.030682905 
828 1052 12 16 0.030575223 
572 1037 20 26 0.030319316 
860 1037 15 20 0.030126192 
350 1036 38 48 0.030048704 
1011 1077 13 19 0.030045548 
522 1101 27 39 0.029953165 
580 1028 14 18 0.029916488 
651 970 13 17 0.029796224 
864 1080 24 27 0.029587992 
135 431 385 358 0.029121116 
336 932 15 17 0.028699772 
572 1050 11 15 0.028663063 
511 1110 45 62 0.02865898 
176 1037 10 14 0.028581709 
417 1023 29 44 0.02849562 
607 1118 21 32 0.028435979 
508 1094 25 35 0.028326515 
830 1047 11 13 0.028317867 
979 1121 22 30 0.02814541 
603 1123 14 22 0.028129749 
800 1038 9 12 0.028016545 
490 1002 26 35 0.027787687 
775 1044 14 15 0.027679054 
533 1061 25 33 0.027572827 
580 1023 12 14 0.027565751 
772 1069 17 20 0.027450068 
982 1160 27 32 0.027293328 
625 1028 10 14 0.027290056 
918 1068 23 28 0.027275022 
616 1129 39 51 0.02723707 
61 391 191 278 0.027161358 
753 1037 9 12 0.027150404 
724 1088 30 36 0.027079603 
574 1036 11 15 0.027028209 
915 1140 16 24 0.027018402 
623 1036 11 16 0.026768062 
999 1157 13 18 0.026665598 
700 979 11 13 0.026595898 
302 1044 33 39 0.026537089 
670 831 12 14 0.02651929 
575 1077 15 20 0.02636227 
531 1022 15 18 0.026268683 
742 1053 10 14 0.025898373 
619 1043 13 18 0.025590645 
122 1183 17 20 0.02554175 
620 1132 12 16 0.02534768 
665 1050 14 17 0.025208578 
775 1053 12 15 0.025104046 
560 1086 30 38 0.024950594 
533 1012 11 13 0.024915325 
819 1053 21 25 0.024892448 
852 933 12 16 0.024822008 
622 1106 15 19 0.024701318 
623 1140 11 14 0.024552071 
107 551 147 258 0.024450356 
741 1030 9 13 0.02423238 
418 985 18 20 0.024216443 
962 1157 20 29 0.02408125 
388 1042 18 23 0.02397818 
954 1150 22 30 0.023954798 
735 1031 9 12 0.023828361 
611 977 15 19 0.0238231 
916 738 25 27 0.023519974 
733 1045 12 15 0.023490796 
746 1074 51 65 0.023339255 
63 1112 33 35 0.02333259 
812 1065 11 14 0.023309026 
616 1113 24 33 0.0233072 
891 1102 25 30 0.023237627 
955 1133 25 27 0.02322775 
668 979 9 14 0.023108287 
758 1036 9 11 0.022976577 
725 1047 13 16 0.022941802 
721 1051 14 18 0.022871343 
27 187 29 34 0.022735335 
755 1072 15 17 0.022671012 
760 1058 12 14 0.022663107 
800 1054 12 14 0.02229692 
679 1029 9 12 0.022286842 
888 1026 14 19 0.022260973 
823 1047 10 12 0.022196041 
361 851 12 15 0.022106389 
668 974 9 13 0.022060724 
1007 1105 15 20 0.021697244 
815 1045 10 12 0.021681301 
807 1056 19 24 0.021664795 
236 1075 23 37 0.021505939 
331 1094 56 73 0.021474544 
646 1052 24 32 0.02140909 
318 1053 15 20 0.02127153 
536 1023 18 24 0.021238456 
995 1036 15 19 0.02096384 
621 1162 15 18 0.02094364 
981 1091 18 20 0.020893766 
870 1037 22 28 0.02085236 
4 140 30 40 0.02077178 
874 1028 14 18 0.020754429 
834 1049 19 25 0.020626094 
798 960 10 12 0.020538356 
377 1045 18 23 0.02049936 
933 1056 17 21 0.02048998 
657 1103 17 22 0.020471705 
892 965 11 13 0.020383239 
851 1106 27 34 0.020365644 
67 1117 18 19 0.020359535 
135 1070 47 64 0.020324843 
628 1116 18 22 0.020288017 
381 852 11 13 0.020287186 
117 1184 27 34 0.020155605 
930 1017 22 28 0.02006949 
-2 1006 49 86 0.020065896 
201 1034 20 21 0.020032378 
