2_Demonstration_Demonstrators_2_700
190
254 149 89 111 0.998276 
639 53 11 12 0.20027128 
534 171 10 13 0.18014145 
551 104 10 12 0.16312498 
568 92 10 13 0.15001991 
536 55 9 11 0.14427671 
560 140 9 11 0.13272144 
416 233 394 526 0.12708354 
525 69 9 11 0.1139365 
510 72 8 11 0.102471925 
583 28 9 11 0.09696058 
544 102 8 12 0.094857484 
259 473 14 18 0.09140432 
569 70 9 12 0.09074461 
1004 336 13 18 0.08805494 
644 49 9 11 0.0857387 
197 1 14 16 0.07677606 
527 78 9 11 0.06720897 
535 80 8 11 0.063548245 
78 37 11 15 0.05928111 
524 62 11 13 0.053994242 
638 69 12 14 0.052100945 
482 343 235 346 0.052015882 
177 40 15 19 0.051600873 
504 6 10 11 0.051555857 
529 37 9 12 0.051339816 
542 47 9 12 0.050440013 
633 91 10 12 0.050205562 
527 103 7 10 0.04924281 
516 203 13 16 0.04897825 
519 26 10 13 0.04885658 
544 95 8 10 0.046795376 
435 511 64 58 0.046580408 
584 68 8 11 0.046368908 
552 87 9 11 0.046177823 
623 47 10 11 0.046001937 
560 60 9 11 0.045277 
654 95 9 11 0.045237664 
536 47 9 11 0.045219924 
527 56 8 10 0.045113903 
622 86 9 12 0.04503184 
607 79 9 11 0.04436995 
553 52 9 12 0.044123672 
573 152 9 11 0.04410783 
542 53 8 11 0.04403222 
363 557 22 29 0.0438803 
704 45 11 14 0.0436016 
244 467 11 14 0.043135136 
469 178 12 15 0.043089304 
593 62 9 13 0.042872276 
955 381 13 18 0.04232838 
508 14 10 11 0.041806072 
585 92 9 11 0.04165132 
510 53 8 11 0.041250277 
557 54 10 11 0.04118239 
532 235 13 16 0.039468795 
567 63 7 10 0.038782723 
518 47 8 9 0.037457705 
493 156 11 14 0.037353475 
519 4 9 11 0.03677017 
519 94 8 10 0.036756158 
544 107 9 12 0.036439966 
179 50 16 20 0.036383986 
593 57 8 10 0.03630388 
506 -47 433 475 0.03609529 
537 102 8 10 0.035855956 
455 102 12 15 0.03564253 
583 36 12 15 0.03552881 
552 153 8 10 0.03505696 
687 6 9 12 0.034701165 
493 267 14 18 0.03448801 
524 291 12 16 0.034251057 
184 8 12 16 0.03386445 
511 40 9 11 0.033766456 
534 13 10 12 0.033686694 
568 38 9 11 0.03335979 
558 86 9 12 0.033285476 
551 92 8 11 0.033122394 
988 366 9 12 0.033026155 
537 119 7 9 0.033011984 
567 21 11 13 0.032785874 
633 54 10 11 0.032706987 
517 183 11 13 0.032702383 
486 181 11 14 0.032516096 
652 79 10 13 0.032471307 
189 4 14 16 0.03246316 
617 85 9 12 0.032049786 
525 29 10 13 0.03194995 
504 54 9 10 0.031774756 
521 77 7 11 0.031758547 
720 0 12 10 0.030570261 
506 72 8 10 0.030524874 
503 93 9 10 0.030111142 
543 79 9 10 0.02990077 
521 55 8 9 0.02984026 
574 88 9 12 0.029797185 
943 400 12 16 0.029306864 
543 39 10 11 0.029178953 
119 46 14 18 0.028678292 
108 5 12 14 0.028660927 
945 344 9 11 0.028606972 
652 85 11 12 0.028375562 
505 39 8 10 0.028031604 
650 96 10 11 0.02791923 
590 85 11 14 0.027913768 
379 65 411 471 0.027498743 
536 95 7 10 0.02731726 
518 87 8 10 0.027258592 
512 46 8 11 0.026957234 
700 66 11 12 0.026804075 
623 105 10 12 0.02660157 
305 462 9 11 0.026330886 
590 93 9 11 0.02617563 
616 64 10 12 0.026145065 
534 31 9 12 0.025929064 
565 142 9 11 0.025845537 
99 38 13 16 0.025740689 
582 63 9 12 0.025595898 
621 78 11 13 0.025495188 
542 119 7 10 0.025405673 
510 198 14 16 0.025345443 
572 14 10 13 0.024961315 
617 103 9 11 0.0249501 
151 72 14 17 0.024746306 
497 47 8 10 0.024744587 
561 79 8 10 0.02471962 
631 22 9 10 0.024711266 
264 9 13 18 0.02469723 
109 131 15 18 0.024630425 
182 260 10 13 0.024629416 
573 39 10 12 0.02456778 
606 85 8 11 0.024480028 
653 7 11 13 0.024400422 
578 55 8 10 0.024268067 
561 159 7 9 0.02421156 
559 37 9 10 0.024057101 
545 191 9 11 0.023858525 
598 55 8 11 0.02376801 
573 21 10 12 0.023731384 
661 37 10 13 0.023692181 
148 382 16 21 0.023618646 
549 77 9 11 0.023613188 
583 43 10 12 0.023484107 
621 65 10 11 0.023406027 
995 412 12 16 0.023261571 
599 85 10 12 0.02319914 
513 172 9 11 0.023178501 
926 367 9 10 0.023133507 
222 469 11 15 0.023058653 
566 29 9 11 0.023013089 
518 39 9 11 0.02287711 
1007 366 8 11 0.022728488 
687 1 10 10 0.022651121 
293 591 24 28 0.022494879 
529 167 10 12 0.022473875 
599 68 8 11 0.022404877 
582 1 9 9 0.022314508 
591 13 9 11 0.022207048 
606 71 9 11 0.02220124 
531 84 8 11 0.022193922 
953 368 8 11 0.022116598 
509 103 9 11 0.022075353 
285 467 14 18 0.022042017 
513 28 9 11 0.021926586 
631 76 10 13 0.021684108 
633 69 10 13 0.02163885 
618 46 9 12 0.021595431 
529 150 8 10 0.021514941 
550 70 9 12 0.02150492 
623 37 10 13 0.021490352 
511 22 9 12 0.021446126 
512 143 9 11 0.021421613 
984 384 13 18 0.021217436 
552 62 9 10 0.021141822 
614 79 10 12 0.020880247 
537 127 8 10 0.02085224 
338 506 15 20 0.020832991 
606 53 9 11 0.020686856 
926 351 9 10 0.020635646 
565 136 9 11 0.020626923 
535 252 11 14 0.020584114 
484 8 9 10 0.020580733 
576 1 8 9 0.020539097 
507 230 12 14 0.020450804 
30 287 9 12 0.020353006 
526 127 8 10 0.020330464 
556 47 11 13 0.0203193 
637 59 12 15 0.020300312 
538 134 8 10 0.02020425 
140 52 11 14 0.020047331 
