2_Demonstration_Political_Rally_2_584
30
649 505 125 148 0.99960107 
206 188 38 53 0.98089474 
233 409 48 61 0.9318267 
253 675 111 194 0.529672 
38 573 57 106 0.29511255 
9 579 97 154 0.23066747 
25 654 108 136 0.08136286 
164 659 181 236 0.06787303 
868 520 55 69 0.050094772 
92 671 88 115 0.044359487 
875 1025 47 76 0.04057136 
899 532 34 43 0.03769231 
82 716 66 81 0.03372622 
113 668 113 169 0.033688385 
771 611 44 57 0.03216939 
841 474 100 124 0.031288892 
46 549 96 135 0.030734899 
863 306 51 66 0.029956074 
591 373 15 18 0.029686026 
45 -23 215 233 0.02917753 
745 1133 50 76 0.028706547 
977 1091 12 17 0.027946044 
492 453 11 12 0.026619172 
288 712 64 131 0.026458926 
307 167 45 76 0.024969202 
101 520 55 81 0.023995627 
53 575 36 60 0.023853866 
851 554 55 65 0.021311067 
851 496 58 71 0.021210771 
472 983 107 151 0.020391943 
