2_Demonstration_Protesters_2_92
168
244 300 30 37 0.99785715 
259 430 57 74 0.99181795 
735 347 64 76 0.98502386 
345 331 22 30 0.9265026 
197 326 25 35 0.92567146 
88 513 72 140 0.91159415 
687 340 34 44 0.8862489 
428 301 15 21 0.88408726 
316 319 24 36 0.8566541 
381 312 23 30 0.8184039 
826 329 35 47 0.8078859 
497 322 27 31 0.7327884 
590 327 13 21 0.676543 
116 310 19 23 0.67482394 
649 299 25 32 0.53945917 
938 314 24 34 0.5096207 
91 295 11 15 0.4622521 
61 340 42 54 0.45814583 
790 469 48 62 0.3656045 
97 325 18 20 0.3381734 
720 495 28 37 0.336697 
5 387 49 77 0.30793178 
467 301 18 24 0.29936412 
924 727 46 38 0.25929084 
854 423 48 67 0.25649825 
926 365 22 37 0.25614154 
189 295 16 19 0.25581357 
1 312 33 47 0.25547013 
166 306 13 15 0.25100288 
70 419 56 73 0.23673347 
328 326 23 33 0.21119048 
422 458 10 14 0.14475138 
656 302 33 36 0.12521838 
295 379 40 50 0.1224569 
276 332 33 37 0.11830735 
196 526 53 61 0.1067867 
648 306 15 21 0.0986548 
146 374 24 40 0.0930822 
493 322 17 25 0.091788694 
725 484 33 40 0.09142927 
173 303 11 15 0.091359995 
666 437 50 67 0.09088511 
123 390 24 35 0.08781996 
99 437 37 47 0.08513586 
129 376 36 49 0.08503057 
7 324 49 66 0.08465109 
584 323 14 21 0.08387057 
21 397 56 74 0.08218504 
66 452 90 125 0.081646375 
140 316 13 17 0.08119625 
947 307 36 47 0.08036567 
377 314 39 48 0.07861098 
219 289 13 17 0.07726306 
132 314 12 17 0.07493386 
596 321 23 30 0.07225354 
980 390 33 46 0.07094395 
983 295 32 40 0.067593396 
185 292 13 17 0.06465727 
119 439 31 47 0.06213902 
110 377 40 57 0.062122453 
609 427 18 22 0.05945672 
487 330 12 17 0.059295945 
142 307 13 17 0.05741055 
392 320 18 23 0.056270093 
181 320 15 21 0.055003356 
473 299 23 29 0.05104941 
758 571 52 69 0.05018714 
38 356 51 64 0.05016497 
971 302 30 38 0.04874403 
1001 436 23 35 0.048577767 
585 317 24 32 0.047347736 
939 453 23 33 0.046371378 
289 320 35 38 0.04614126 
158 321 14 20 0.045428272 
980 357 50 69 0.04490729 
163 313 14 20 0.043390892 
198 416 42 65 0.043375988 
118 304 16 18 0.043359924 
375 313 15 21 0.043002527 
89 330 25 35 0.042111102 
496 296 30 37 0.041873094 
148 327 15 19 0.04111625 
148 303 11 14 0.04105648 
15 425 99 104 0.040600985 
953 325 17 25 0.04054779 
34 283 14 16 0.040519435 
182 284 12 15 0.040438548 
832 336 52 61 0.040361106 
48 392 54 76 0.040164664 
277 303 28 37 0.039643086 
363 554 14 18 0.039198373 
-1 338 36 55 0.038735494 
146 316 13 17 0.03839925 
-2 492 62 86 0.03834801 
727 462 43 50 0.038104057 
588 155 14 16 0.037901033 
91 295 20 25 0.037328113 
911 717 40 48 0.036899783 
564 346 10 13 0.036719155 
731 404 55 66 0.036450572 
165 294 9 12 0.034189142 
486 322 14 19 0.03417218 
366 302 10 14 0.03400198 
633 482 16 19 0.03344376 
265 342 44 51 0.033438146 
129 354 22 29 0.03289325 
957 329 27 36 0.032507658 
88 350 29 41 0.03218642 
672 311 20 23 0.032102145 
261 308 26 34 0.03175661 
588 320 15 19 0.031596236 
280 329 21 26 0.031541098 
711 440 50 62 0.031282395 
820 367 26 37 0.0311935 
13 307 30 36 0.03098032 
456 700 20 22 0.030949421 
193 317 24 30 0.030626522 
306 399 18 24 0.030361753 
480 303 37 46 0.03024947 
532 459 13 18 0.030174233 
99 389 44 66 0.029595248 
842 371 56 71 0.029245412 
49 346 38 40 0.028871309 
105 322 16 21 0.028427668 
401 313 17 22 0.028222635 
397 349 31 33 0.027983742 
973 395 26 35 0.026696349 
-1 391 31 53 0.02632843 
189 316 15 20 0.026327945 
604 329 26 30 0.026327584 
28 306 15 20 0.025732523 
31 491 102 125 0.025373353 
173 320 15 21 0.025072526 
266 313 15 21 0.025053082 
149 291 11 13 0.024851445 
99 295 11 13 0.024707709 
80 347 20 29 0.024705479 
508 328 23 24 0.024368444 
373 367 21 28 0.024312655 
740 440 49 57 0.024285909 
544 430 10 13 0.024127353 
257 355 31 38 0.024080219 
908 357 37 52 0.023928769 
156 339 13 17 0.02386545 
33 279 11 13 0.023403166 
497 314 21 27 0.023134707 
989 410 31 46 0.023081772 
1010 442 14 23 0.022712963 
750 544 44 59 0.022711953 
971 330 30 34 0.022665212 
683 540 27 40 0.022426749 
908 351 24 32 0.022393713 
322 306 24 39 0.022199966 
74 371 51 77 0.021755917 
457 536 17 24 0.0216027 
161 293 9 12 0.021434272 
163 321 21 29 0.021424476 
608 540 22 29 0.021341264 
1 409 34 63 0.021310152 
895 352 26 36 0.021001512 
111 318 24 28 0.020995362 
112 351 27 33 0.020422496 
14 531 102 140 0.020169232 
166 408 46 65 0.020144401 
488 572 15 18 0.020133242 
827 370 32 43 0.020089282 
90 351 14 23 0.020021593 
181 279 11 13 0.020016117 
