2_Demonstration_Demonstration_Or_Protest_2_600
628
150 308 35 41 0.9991222 
46 238 73 91 0.9963981 
891 280 46 75 0.99310774 
868 223 25 29 0.9842933 
479 301 27 32 0.97764117 
678 351 32 46 0.9707501 
221 389 36 50 0.9647491 
817 304 33 50 0.9482566 
833 117 11 15 0.9217861 
379 148 17 19 0.9213261 
946 402 36 49 0.9158515 
852 138 13 19 0.90108246 
637 149 19 23 0.8851856 
254 109 11 14 0.87454885 
733 151 11 14 0.85998654 
285 149 13 15 0.8179076 
124 111 12 16 0.7519006 
958 124 13 16 0.75040436 
660 120 10 13 0.74345946 
598 109 10 13 0.7261468 
55 151 19 22 0.71778154 
951 269 29 35 0.71229386 
732 110 11 14 0.6991314 
435 107 11 14 0.6795416 
190 144 19 22 0.67686486 
240 164 14 17 0.67578906 
77 102 12 15 0.67214817 
687 103 11 13 0.65014625 
458 429 108 113 0.6470301 
703 129 11 14 0.63003033 
111 35 10 12 0.62447524 
24 104 14 18 0.6079921 
227 102 11 14 0.6040868 
540 112 10 13 0.57876384 
0 156 11 17 0.5766526 
507 146 15 19 0.56208503 
500 108 11 14 0.542355 
899 125 10 14 0.52889526 
341 312 23 27 0.50984246 
941 147 13 17 0.50800174 
564 126 12 15 0.5020707 
799 150 11 14 0.5000754 
84 46 11 13 0.47099146 
30 152 17 21 0.46869072 
615 95 12 13 0.4488141 
400 106 13 15 0.41912404 
372 110 11 14 0.4039882 
152 55 8 10 0.40265715 
541 216 12 14 0.40170482 
918 147 13 16 0.39696 
709 157 10 12 0.3691008 
310 105 14 16 0.3687665 
397 183 14 16 0.35951474 
773 119 10 12 0.3427969 
197 279 22 27 0.3242823 
78 170 15 18 0.3237099 
793 117 11 13 0.3156768 
479 108 11 12 0.3025906 
301 222 15 17 0.3013015 
267 229 18 22 0.3008621 
792 111 10 12 0.29517394 
221 48 9 12 0.2845106 
407 125 12 15 0.2796552 
848 135 12 17 0.2620584 
756 179 11 13 0.25615287 
759 118 10 12 0.25497952 
635 111 8 9 0.24996603 
5 31 10 13 0.24714306 
241 56 9 11 0.24365088 
819 112 8 11 0.24048294 
69 47 8 10 0.2377178 
462 128 12 16 0.2363087 
273 59 10 12 0.23499033 
102 156 12 16 0.22339766 
168 101 12 16 0.22047727 
182 120 11 14 0.20222847 
505 191 10 14 0.1997467 
30 46 8 11 0.19822918 
545 167 10 14 0.19601314 
827 137 13 15 0.18951796 
741 190 12 14 0.1887591 
919 113 9 11 0.18743436 
965 265 22 27 0.1869931 
139 147 15 19 0.18458192 
433 104 10 12 0.18037133 
406 118 11 13 0.17423451 
729 153 12 15 0.17341237 
911 112 9 11 0.16998303 
639 358 24 37 0.1696094 
433 171 10 13 0.16885205 
629 122 11 15 0.16807112 
798 142 12 15 0.16322823 
604 110 9 13 0.15628584 
288 155 15 17 0.1553793 
848 112 9 10 0.15221825 
925 165 14 19 0.15051608 
753 117 9 11 0.14698078 
725 142 9 12 0.14523457 
999 86 11 14 0.1394886 
637 118 9 11 0.13506678 
886 148 13 16 0.13240618 
432 87 9 12 0.13237561 
813 125 9 12 0.13197681 
884 111 9 11 0.13182846 
620 98 9 12 0.13047943 
221 125 12 16 0.1289154 
696 172 11 12 0.12746452 
539 189 11 13 0.12671243 
740 151 10 13 0.12413346 
984 142 8 11 0.12333615 
774 188 9 12 0.12119855 
762 198 9 13 0.117205255 
262 187 11 14 0.116657786 
148 167 18 22 0.11587242 
850 290 46 65 0.113453835 
637 144 13 16 0.113380425 
430 154 12 14 0.1113804 
240 75 9 12 0.111302204 
988 387 32 40 0.11120244 
339 102 11 14 0.10997346 
511 317 17 19 0.10990436 
764 203 10 12 0.10954626 
562 109 9 12 0.1095179 
709 109 8 11 0.10938801 
133 151 15 19 0.10786223 
767 118 10 12 0.107077666 
215 125 12 15 0.10704797 
664 364 38 44 0.10546842 
561 118 10 13 0.10524991 
156 127 15 18 0.10522881 
954 265 20 23 0.104399316 
672 166 8 11 0.10374876 
470 159 10 13 0.1034439 
512 133 10 12 0.10298557 
28 142 15 18 0.10255154 
895 128 11 15 0.10073167 
887 141 12 13 0.09943601 
390 119 9 12 0.098139904 
467 125 11 14 0.097328864 
897 269 31 51 0.097273424 
537 183 9 12 0.096760415 
912 387 33 36 0.09667706 
1006 117 10 16 0.09503577 
889 134 10 13 0.09440475 
632 118 11 15 0.093949586 
422 119 10 12 0.093108565 
695 168 9 12 0.093004815 
913 135 12 14 0.09201382 
795 303 42 55 0.09171972 
537 66 10 13 0.091326825 
181 442 105 101 0.090962164 
497 105 11 12 0.09049162 
976 116 9 12 0.0895714 
454 113 9 11 0.08898637 
423 184 12 14 0.088836886 
813 133 9 12 0.08870247 
137 172 24 26 0.08694832 
582 111 8 10 0.08623689 
423 141 10 12 0.08592296 
823 116 10 13 0.08338257 
21 145 17 22 0.08263127 
915 136 19 24 0.08222114 
814 151 10 12 0.081787534 
766 158 8 11 0.080948345 
57 61 8 9 0.0804839 
110 128 10 13 0.07985516 
928 111 9 12 0.078811154 
631 624 31 32 0.078575 
786 308 27 43 0.07834616 
609 158 11 13 0.07792861 
932 108 10 12 0.07764026 
721 150 9 12 0.07719523 
304 108 12 14 0.077102475 
232 63 8 10 0.077042885 
131 141 15 19 0.07673334 
881 115 9 11 0.07672107 
856 143 16 19 0.07596477 
303 129 11 15 0.07572986 
758 167 11 12 0.07449048 
962 329 28 44 0.074194886 
946 141 12 17 0.07394256 
904 148 9 12 0.07356731 
436 167 12 14 0.073169135 
834 180 11 14 0.072369464 
816 115 10 13 0.07206933 
831 289 40 62 0.071968764 
316 125 15 18 0.07183664 
680 199 12 15 0.07180186 
803 153 12 15 0.07128693 
127 147 13 17 0.070917405 
63 142 12 15 0.07056848 
464 110 9 12 0.07042696 
480 165 10 13 0.070110954 
469 118 9 11 0.069866285 
717 190 11 13 0.06983581 
970 226 20 22 0.069224626 
679 108 10 11 0.06903649 
983 119 8 11 0.068736725 
980 307 33 38 0.06824654 
153 127 11 14 0.06690077 
986 124 9 13 0.06668917 
907 111 8 11 0.065479115 
963 130 11 14 0.0650644 
940 350 25 30 0.06482747 
477 159 11 13 0.06474806 
829 154 11 15 0.06445124 
86 41 9 12 0.06331359 
463 176 10 12 0.06326995 
83 106 10 13 0.06302051 
783 111 9 10 0.062971264 
987 131 11 15 0.062018745 
759 113 9 12 0.06193327 
815 179 12 14 0.061745804 
1013 117 9 15 0.061572045 
549 132 10 13 0.061003253 
655 134 9 12 0.060594145 
750 150 9 11 0.060282152 
418 325 16 20 0.05999295 
589 133 10 13 0.059887014 
901 118 11 14 0.059531562 
929 168 16 20 0.058974728 
935 142 12 15 0.058962185 
564 104 9 11 0.058719534 
922 156 13 17 0.0586864 
515 339 16 20 0.058157068 
107 36 10 12 0.05804541 
334 95 10 12 0.058008958 
61 61 8 9 0.057997704 
661 142 10 14 0.05728652 
424 168 9 12 0.05728591 
983 400 26 38 0.0569567 
833 102 9 11 0.056917273 
324 226 14 16 0.056613512 
345 156 16 19 0.05604338 
656 140 11 14 0.055813644 
136 185 25 28 0.054590918 
950 340 25 37 0.054563046 
261 127 11 14 0.054415256 
232 68 8 12 0.05439147 
510 181 9 12 0.054281697 
13 126 10 13 0.054179385 
839 157 12 15 0.054042406 
647 131 11 13 0.054002795 
844 156 11 15 0.0537761 
114 30 11 14 0.052908897 
432 80 8 10 0.052654624 
868 255 17 23 0.052597992 
594 106 8 11 0.052537408 
823 155 11 14 0.052289404 
480 171 11 13 0.052281555 
246 72 9 11 0.051819902 
127 131 13 16 0.051616788 
519 139 11 14 0.051406283 
471 111 8 12 0.051323373 
795 122 10 13 0.05076108 
435 93 10 12 0.050505385 
437 112 11 14 0.05045234 
222 120 10 12 0.04974779 
830 148 12 15 0.049669594 
767 188 12 15 0.049476206 
994 86 9 13 0.04937727 
704 120 10 13 0.048806164 
632 104 9 11 0.0486742 
414 119 9 13 0.048513804 
975 142 10 12 0.04850102 
630 164 12 16 0.04806453 
972 221 15 17 0.04800253 
767 182 11 14 0.04767656 
769 151 8 10 0.047481958 
590 127 9 12 0.046971373 
464 157 12 15 0.04696269 
405 224 12 16 0.046771575 
535 193 13 16 0.04666896 
865 235 28 37 0.046317995 
224 59 9 12 0.04622523 
968 314 33 48 0.046017736 
0 155 18 26 0.045972593 
138 386 44 44 0.04579644 
85 97 10 12 0.045738462 
242 218 21 25 0.04573163 
96 133 10 13 0.04570509 
912 147 11 15 0.04552964 
752 272 18 20 0.045506533 
765 165 9 11 0.0452538 
227 128 13 16 0.045216724 
838 134 10 13 0.045181688 
637 122 11 14 0.045000695 
662 130 10 13 0.04499883 
180 402 51 56 0.04499274 
372 124 13 16 0.044970907 
430 62 8 9 0.044752654 
943 133 13 14 0.044453986 
687 126 9 12 0.04444848 
252 137 14 18 0.044214565 
242 30 8 12 0.04408168 
608 99 9 12 0.043688998 
127 176 40 47 0.043469768 
425 148 11 13 0.042905398 
966 141 11 14 0.042624 
232 163 12 18 0.042428058 
360 181 11 14 0.042119976 
151 48 10 13 0.041839916 
626 121 9 12 0.04166604 
688 130 11 15 0.041351434 
257 184 12 17 0.04128314 
610 95 10 13 0.041064113 
749 188 10 13 0.040931627 
211 189 13 16 0.040694624 
935 154 12 15 0.04060627 
776 112 9 11 0.040319424 
375 105 9 12 0.040313974 
622 147 12 14 0.040205278 
329 172 15 18 0.040151518 
448 109 9 12 0.04007409 
62 156 20 27 0.039716788 
691 106 10 13 0.039496057 
837 101 8 11 0.039475396 
301 182 13 16 0.03946595 
759 312 39 55 0.039367683 
538 216 22 25 0.039163005 
138 161 23 25 0.039135844 
599 130 9 13 0.039052255 
500 374 31 41 0.038968194 
681 119 9 11 0.0389076 
70 162 20 27 0.03859125 
785 134 8 11 0.03858989 
588 137 12 16 0.038410004 
836 112 10 13 0.038396064 
8 147 22 28 0.038282137 
705 151 11 13 0.038251147 
973 134 11 12 0.038184814 
759 190 9 13 0.038130756 
356 110 10 11 0.038070545 
134 178 14 18 0.03780982 
792 216 10 11 0.037445895 
127 263 28 33 0.037443437 
163 131 13 16 0.037346978 
853 111 9 11 0.03678267 
185 64 7 10 0.036591355 
70 51 9 11 0.03646525 
933 102 9 12 0.03646296 
106 162 14 17 0.036390517 
405 96 9 11 0.036059752 
96 127 9 13 0.035939813 
989 118 11 13 0.03591089 
767 172 10 13 0.03590091 
380 156 15 20 0.035898887 
1 193 11 18 0.035892125 
823 150 10 13 0.03578155 
710 178 12 15 0.035569336 
855 117 9 11 0.035546064 
325 232 18 21 0.035541486 
190 65 8 10 0.035466608 
291 168 13 16 0.035155296 
126 163 13 17 0.035117846 
23 96 11 15 0.03502713 
773 150 9 11 0.03467043 
297 94 8 10 0.034579974 
695 179 14 18 0.03446305 
962 398 31 45 0.034259647 
127 170 13 17 0.034245294 
483 167 13 14 0.034206267 
301 95 9 11 0.03418655 
512 128 9 11 0.034151427 
800 165 10 13 0.03401553 
243 172 15 22 0.03393454 
45 152 18 25 0.03386668 
855 126 12 14 0.033854336 
188 414 68 71 0.03367396 
69 135 11 14 0.033654917 
185 69 8 11 0.033639587 
871 116 9 11 0.033476632 
51 157 23 32 0.03343726 
399 113 13 16 0.033405025 
814 141 9 12 0.033387057 
277 176 14 18 0.03336851 
736 95 9 11 0.033236492 
863 118 8 11 0.033033103 
205 402 40 43 0.03303229 
877 174 16 23 0.032992594 
414 147 9 13 0.03298876 
65 146 15 20 0.0329677 
425 426 45 63 0.03295428 
144 48 8 11 0.032922216 
708 118 10 13 0.032834444 
448 78 8 10 0.03260037 
835 149 12 15 0.03247317 
1002 313 16 23 0.03244136 
656 114 9 11 0.032316357 
73 95 10 12 0.032312125 
485 103 10 12 0.032075733 
944 261 24 32 0.032011755 
62 55 9 10 0.031901594 
129 453 68 73 0.03181413 
432 103 17 21 0.031791013 
325 115 12 15 0.03176754 
137 48 9 10 0.03172223 
501 422 131 125 0.031694617 
411 130 11 15 0.031653784 
791 220 12 14 0.03141869 
598 180 11 13 0.031414308 
413 103 8 11 0.03126888 
972 122 11 14 0.0310917 
695 129 12 17 0.03100851 
416 172 10 12 0.030999962 
189 69 8 11 0.03096024 
1005 92 9 11 0.030819934 
126 153 13 18 0.030716285 
896 122 11 13 0.030538771 
535 158 10 12 0.030536184 
949 131 12 14 0.030469498 
975 158 10 12 0.030465301 
969 147 10 13 0.03044362 
170 138 13 16 0.030346861 
215 120 11 13 0.030310826 
455 77 9 11 0.030296607 
851 218 30 34 0.030290155 
425 86 10 13 0.030189492 
867 147 13 17 0.030157033 
933 138 19 24 0.030016208 
246 36 9 11 0.029991394 
506 326 24 26 0.029877458 
33 191 22 27 0.02984131 
258 114 11 14 0.029814485 
144 61 10 12 0.029801482 
263 21 9 11 0.029705372 
782 117 9 12 0.029703928 
793 142 9 12 0.029664801 
705 104 10 13 0.029528929 
537 107 17 21 0.029465865 
921 414 31 37 0.029285746 
157 61 9 10 0.029229177 
72 86 9 11 0.029228756 
315 197 11 14 0.029126545 
34 161 20 29 0.029079461 
315 114 15 19 0.029071126 
766 113 9 10 0.02901452 
391 319 12 17 0.028861072 
525 172 10 12 0.02878448 
971 268 26 34 0.028696975 
453 163 10 13 0.028592441 
231 55 8 10 0.028364597 
14 98 13 18 0.028342541 
710 161 11 14 0.028332591 
112 109 9 13 0.028290601 
909 173 11 16 0.028116692 
638 629 16 19 0.02793374 
414 140 10 14 0.027905922 
438 78 8 11 0.027888445 
463 79 8 10 0.027880806 
147 154 15 19 0.027818128 
309 127 15 18 0.027751425 
236 119 11 13 0.027693944 
672 78 9 12 0.027685445 
666 125 10 13 0.027571335 
230 48 8 10 0.027490335 
96 38 9 10 0.027449831 
927 175 13 18 0.027432831 
593 114 10 13 0.027320363 
116 169 14 19 0.027220612 
1015 109 10 15 0.027163474 
517 68 11 12 0.027081098 
707 138 13 16 0.027079953 
462 85 9 11 0.027064255 
735 315 42 55 0.027061801 
632 147 13 19 0.027047873 
811 253 13 14 0.026979567 
172 95 11 15 0.026807752 
872 111 9 11 0.026742475 
381 110 9 12 0.026693799 
406 138 13 16 0.026690222 
434 157 12 15 0.026666872 
277 162 15 18 0.026597742 
804 166 12 14 0.026567187 
112 239 46 59 0.026414763 
932 149 22 25 0.026341652 
664 166 11 15 0.026230052 
966 180 10 13 0.026229845 
69 41 10 13 0.026126271 
592 179 12 13 0.026027506 
31 50 8 11 0.025939152 
209 276 17 24 0.025661744 
429 180 10 14 0.025544915 
0 308 20 45 0.025427368 
217 40 8 11 0.025418436 
270 164 12 16 0.025417468 
176 116 12 15 0.025369627 
983 146 9 12 0.025336174 
25 40 9 12 0.025260767 
661 113 9 11 0.025258116 
17 93 19 27 0.02519987 
651 352 40 49 0.025128424 
959 136 13 17 0.025103414 
243 60 9 11 0.02509477 
990 308 16 19 0.02507244 
861 124 11 14 0.025010046 
984 125 18 25 0.024939785 
674 108 9 11 0.024909833 
131 161 16 20 0.024856402 
805 141 10 12 0.024801908 
794 149 10 13 0.024642022 
608 152 10 11 0.024625959 
910 125 11 13 0.024611348 
677 85 8 11 0.024484005 
929 94 8 10 0.024436342 
145 54 9 11 0.024343595 
156 47 11 13 0.024336655 
422 135 10 12 0.0243046 
1006 226 14 22 0.024265321 
780 188 9 13 0.024185702 
221 177 14 20 0.024155876 
502 144 14 17 0.024081975 
772 173 10 12 0.023993159 
1005 79 9 11 0.02397781 
858 133 14 18 0.023915263 
265 55 8 11 0.0239022 
175 55 8 10 0.023720901 
496 103 18 22 0.023705263 
980 260 15 18 0.023701945 
383 116 10 13 0.023687499 
234 125 12 15 0.023670329 
106 28 20 25 0.023589678 
359 173 12 15 0.023586223 
118 163 12 16 0.023580644 
71 126 11 14 0.023567496 
789 134 9 12 0.023526635 
518 174 12 13 0.023415845 
937 163 15 18 0.023379987 
792 105 10 12 0.02326961 
293 276 111 125 0.023180835 
819 172 12 16 0.023154898 
504 55 9 11 0.023148093 
81 50 10 12 0.023076933 
103 131 11 15 0.023020187 
130 115 13 15 0.023010202 
456 86 9 11 0.02289642 
967 174 10 14 0.02289528 
357 118 10 12 0.022829624 
726 137 10 12 0.022811309 
446 164 10 13 0.022776391 
36 174 15 21 0.022755241 
774 167 9 11 0.022727467 
177 118 19 22 0.022592697 
964 119 11 14 0.022581527 
131 167 21 25 0.02258023 
232 374 44 65 0.02252592 
317 79 9 12 0.022494636 
269 54 19 23 0.022470687 
6 25 9 12 0.022468813 
643 143 12 15 0.022351883 
495 311 27 31 0.022306306 
351 102 10 13 0.022158694 
296 131 11 15 0.022115938 
969 290 36 48 0.02209283 
573 157 10 12 0.022084622 
264 79 9 11 0.022059852 
205 156 11 15 0.021986948 
996 314 26 36 0.021966437 
614 150 10 13 0.021892384 
284 168 14 18 0.021875711 
824 105 8 11 0.021872604 
595 104 17 23 0.02177517 
13 118 11 14 0.02176131 
252 165 10 14 0.02175704 
640 132 11 15 0.021753363 
79 69 11 14 0.021723723 
712 186 12 15 0.021714471 
395 189 17 20 0.021702101 
699 185 12 17 0.021669373 
183 130 12 16 0.021652242 
677 79 8 11 0.021652076 
973 261 15 20 0.021508222 
1005 268 12 16 0.021491453 
93 157 20 25 0.021482456 
0 184 19 30 0.021480357 
585 127 9 11 0.021468403 
148 47 20 25 0.02146191 
205 187 22 27 0.021450125 
813 166 11 15 0.021426056 
622 154 11 15 0.021416195 
585 165 9 11 0.021387134 
224 95 12 15 0.02131952 
947 152 15 16 0.021311147 
891 152 12 15 0.021304693 
215 68 8 11 0.021264177 
496 141 9 14 0.021246985 
752 169 17 22 0.02121997 
727 411 125 140 0.0211886 
119 102 11 15 0.021136126 
870 124 10 12 0.021088896 
956 163 13 17 0.021065522 
637 104 9 11 0.021061897 
785 140 9 11 0.021028742 
878 153 12 15 0.021009956 
768 113 19 23 0.020982733 
260 136 15 20 0.020934794 
799 136 10 12 0.020874675 
568 159 9 12 0.020869546 
352 118 10 12 0.020853406 
400 125 12 15 0.02085331 
134 26 12 14 0.020832706 
999 120 15 19 0.020828838 
38 130 12 16 0.02080544 
105 44 9 11 0.020781305 
423 78 9 11 0.020776385 
833 97 9 11 0.020746607 
613 91 18 22 0.02070571 
263 176 19 25 0.020662667 
1000 80 11 14 0.020656975 
583 139 11 15 0.020643475 
565 134 12 17 0.020640073 
446 70 9 10 0.020580662 
210 177 15 19 0.020516373 
838 96 9 11 0.020494105 
673 103 9 11 0.020477798 
505 59 10 12 0.020462686 
172 172 12 15 0.02044607 
221 41 9 11 0.020440277 
547 190 12 14 0.020421436 
240 49 8 10 0.020388763 
255 125 10 13 0.020361817 
589 160 10 12 0.020317182 
508 351 27 33 0.020160489 
97 30 8 10 0.020124208 
463 103 9 12 0.020078147 
63 15 8 10 0.02006385 
696 158 9 12 0.020043282 
702 165 10 13 0.02003297 
