2_Demonstration_Protesters_2_796
54
404 236 154 194 0.996745 
676 77 47 56 0.9828545 
608 134 34 40 0.9816984 
489 126 34 47 0.95116085 
601 58 25 31 0.9506426 
524 99 23 27 0.8811527 
353 71 35 43 0.85600257 
353 126 28 32 0.8512339 
568 97 21 25 0.6289229 
581 140 22 31 0.3563126 
483 74 18 22 0.21104838 
340 75 31 40 0.15857866 
555 78 17 24 0.14712004 
388 19 26 33 0.14207472 
532 81 16 18 0.14143398 
476 185 36 49 0.12714577 
281 68 26 33 0.099423364 
312 161 24 30 0.08781431 
263 160 24 27 0.05419807 
525 83 23 29 0.051806524 
357 183 22 27 0.04785814 
572 83 15 20 0.04589569 
427 77 16 18 0.044428527 
82 386 30 38 0.044071957 
393 17 38 51 0.04148557 
802 362 16 22 0.04098962 
412 43 25 31 0.040640716 
394 5 30 30 0.03943589 
575 91 18 23 0.03884159 
253 111 24 32 0.038376056 
330 131 15 21 0.033867225 
-81 31 370 526 0.032904536 
604 53 17 23 0.03063173 
268 42 25 30 0.030216914 
225 275 33 36 0.027927378 
456 85 27 32 0.027097007 
566 104 29 37 0.026012367 
424 122 47 56 0.025944198 
506 77 20 28 0.025392076 
366 84 21 25 0.02476655 
617 156 387 457 0.02453924 
492 70 21 30 0.023894712 
408 0 23 23 0.023876304 
418 167 16 22 0.0230815 
564 89 19 26 0.022449696 
562 77 17 22 0.02237706 
118 383 28 37 0.021822145 
343 163 38 46 0.021144873 
1 139 15 21 0.020986324 
433 73 17 21 0.02093661 
516 87 24 32 0.020808939 
-4 0 176 236 0.0205626 
281 125 27 35 0.0202986 
535 98 17 22 0.020021377 
