2_Demonstration_Demonstration_Or_Protest_2_644
185
146 181 26 33 0.9990759 
101 237 29 41 0.99839586 
232 65 25 32 0.9971576 
821 278 23 29 0.99309605 
878 309 28 36 0.988525 
767 287 25 34 0.9838472 
331 89 21 30 0.98107415 
931 275 22 28 0.9737476 
175 173 21 28 0.9456752 
852 272 19 24 0.9381369 
20 32 19 22 0.93124866 
834 141 18 24 0.90321565 
644 238 19 23 0.8456124 
403 240 21 26 0.84430385 
489 315 18 24 0.78081036 
655 274 27 33 0.7202752 
369 247 22 27 0.7150968 
427 230 22 31 0.66587174 
966 263 31 37 0.6637283 
653 293 25 36 0.6070921 
295 236 13 19 0.5836774 
716 246 21 34 0.5546556 
560 278 24 31 0.4756995 
571 122 14 19 0.45751387 
237 219 14 20 0.39585114 
519 274 21 27 0.3931201 
540 195 16 20 0.36378324 
203 55 24 37 0.29801852 
475 294 16 21 0.28813368 
418 236 22 30 0.25255096 
211 49 14 18 0.23555475 
270 285 20 31 0.23218209 
553 244 16 20 0.21044506 
700 259 25 36 0.20583828 
523 266 16 20 0.19543187 
513 247 16 19 0.17216298 
594 273 14 21 0.16851643 
315 154 17 23 0.15562746 
445 283 17 22 0.14308508 
503 197 12 15 0.13999481 
474 161 15 18 0.13791923 
384 246 17 22 0.13296615 
562 152 46 64 0.12212679 
525 150 17 21 0.10492106 
478 276 15 17 0.10366346 
478 305 22 26 0.102053486 
164 175 21 29 0.100445405 
865 432 37 35 0.097292654 
171 292 16 18 0.09333433 
470 209 13 16 0.08532454 
478 187 13 16 0.081271574 
354 248 24 30 0.07994884 
475 283 17 21 0.077958666 
214 63 27 33 0.07678748 
867 351 27 34 0.073846504 
640 114 11 15 0.07375821 
436 229 14 21 0.07161014 
504 227 11 17 0.071569875 
342 315 12 15 0.071257554 
317 91 26 33 0.06899859 
502 267 11 16 0.06249673 
732 96 15 18 0.061256573 
644 112 14 17 0.05914277 
498 243 13 19 0.056756478 
658 268 21 24 0.055314787 
710 245 17 27 0.055139825 
542 268 15 21 0.055099178 
223 170 14 19 0.05443708 
535 111 86 127 0.05233892 
538 152 15 21 0.04840696 
461 231 15 20 0.048352625 
805 177 13 16 0.048236273 
159 293 29 30 0.04756011 
440 234 13 19 0.04652009 
494 248 13 18 0.046467274 
655 308 32 40 0.044765275 
954 267 28 34 0.044665486 
196 718 26 33 0.042898573 
944 230 12 15 0.042395048 
592 148 12 17 0.04129771 
160 280 27 31 0.03980145 
515 258 17 21 0.039137784 
531 261 14 18 0.039136168 
556 137 12 17 0.03802096 
96 177 15 19 0.037755907 
451 284 22 28 0.03772037 
144 290 52 49 0.037490316 
471 274 13 19 0.03712654 
429 284 13 19 0.036783833 
484 182 12 15 0.036725413 
477 182 12 15 0.036257643 
32 107 40 50 0.035382614 
644 282 27 35 0.035321098 
830 150 14 22 0.034403678 
426 323 27 29 0.03434129 
549 250 23 31 0.033596307 
211 727 14 21 0.033477228 
577 271 23 33 0.033343155 
174 166 15 19 0.032976378 
558 229 12 14 0.032730713 
590 254 12 17 0.032267205 
20 190 35 42 0.032097645 
439 257 12 17 0.03203496 
510 163 12 19 0.03147545 
984 269 18 24 0.031048143 
431 6 29 35 0.031028599 
435 279 21 28 0.030913496 
0 224 19 32 0.030290091 
533 157 16 22 0.030257035 
641 297 29 38 0.030219886 
530 272 15 21 0.029872086 
222 703 16 20 0.029282972 
149 303 32 31 0.029210668 
144 256 45 49 0.029121535 
202 140 26 28 0.028999234 
483 268 15 19 0.028976161 
830 163 12 19 0.028780967 
85 247 25 33 0.028674537 
271 276 12 18 0.02857241 
507 221 12 16 0.028384715 
411 294 25 31 0.028284036 
198 69 15 21 0.028216382 
500 168 15 18 0.027906548 
775 297 28 35 0.027775805 
458 122 15 18 0.027693566 
78 2 25 28 0.027543997 
339 201 15 21 0.027402721 
260 617 14 17 0.027236717 
460 297 15 20 0.027126353 
32 91 33 40 0.026983706 
550 265 24 33 0.026941251 
869 322 28 36 0.02682106 
-2 341 34 46 0.026315225 
495 264 13 19 0.026311584 
409 210 14 18 0.026264252 
864 336 25 32 0.025812753 
496 237 12 16 0.025654634 
566 163 27 38 0.025628474 
515 239 14 17 0.025300944 
466 227 14 19 0.025249777 
471 185 13 18 0.025224201 
632 115 11 15 0.024995336 
518 154 15 19 0.024985831 
32 32 15 20 0.024907928 
409 310 17 24 0.024770062 
486 251 13 17 0.024764027 
473 203 15 19 0.024713857 
301 232 20 26 0.024639167 
490 297 16 22 0.024475072 
33 246 16 21 0.024252322 
550 139 12 17 0.02416752 
495 194 13 17 0.024069712 
525 280 22 29 0.023426196 
455 228 14 19 0.023252245 
401 194 23 27 0.023235207 
470 169 14 19 0.02318538 
580 256 23 31 0.023101361 
565 265 25 37 0.022879839 
581 253 15 19 0.022340769 
425 279 22 30 0.022267798 
269 299 16 26 0.022199713 
594 286 16 22 0.022161076 
588 186 13 19 0.0221266 
533 169 13 17 0.022050034 
434 316 17 18 0.02198525 
350 248 17 23 0.021978416 
611 259 14 18 0.021870008 
508 266 14 19 0.021738617 
482 163 13 17 0.021083975 
503 208 13 17 0.02091482 
260 278 35 50 0.020882443 
718 254 32 39 0.020867413 
595 142 14 17 0.020795481 
327 263 12 16 0.020675289 
523 252 14 17 0.020636803 
141 309 28 31 0.020560581 
463 210 13 16 0.020469807 
286 213 10 13 0.020391103 
562 236 13 17 0.02032394 
443 167 16 19 0.020243002 
532 170 52 63 0.020181218 
273 271 9 13 0.020174453 
605 259 14 17 0.020094348 
542 141 13 18 0.0200563 
498 310 25 34 0.020020382 
