2_Demonstration_Protesters_2_714
39
399 480 54 65 0.9940813 
190 424 62 69 0.9908529 
623 382 67 84 0.9740259 
329 603 54 63 0.2896727 
419 288 18 23 0.1618726 
24 302 28 35 0.11068266 
412 262 29 37 0.074328244 
872 242 15 18 0.06799848 
378 352 18 23 0.06767038 
411 291 21 26 0.058309723 
676 158 18 23 0.05652642 
26 318 29 37 0.055402987 
671 459 88 129 0.04620426 
381 249 14 20 0.045432795 
615 298 69 83 0.042665508 
547 230 194 265 0.042602513 
602 319 95 111 0.040171605 
308 277 14 19 0.0368989 
715 375 51 67 0.035044298 
916 222 15 18 0.0339655 
366 159 14 19 0.033237103 
401 296 17 23 0.033009395 
358 476 27 35 0.03263813 
253 288 16 18 0.030374642 
485 158 375 418 0.028639369 
605 204 12 16 0.02740295 
470 551 52 58 0.02685264 
587 237 129 153 0.026790284 
594 475 16 22 0.02451953 
867 602 15 20 0.024176685 
561 407 42 49 0.022740697 
554 400 29 38 0.02269892 
351 236 12 17 0.022523537 
290 438 31 39 0.022145862 
567 308 96 105 0.02207911 
46 347 32 36 0.0216331 
266 530 28 34 0.020884013 
564 331 63 67 0.0206372 
557 460 15 22 0.020169426 
