2_Demonstration_Demonstration_Or_Protest_2_816
150
140 280 53 68 0.9993309 
815 80 38 47 0.99797314 
348 264 49 70 0.99779546 
217 256 48 69 0.997593 
793 225 38 51 0.9949645 
722 2 38 52 0.99324954 
93 64 39 50 0.9924332 
14 170 43 50 0.99177504 
680 202 41 56 0.98977715 
447 63 34 49 0.9859869 
302 149 43 52 0.98485214 
863 171 40 54 0.98371243 
494 159 42 53 0.98270375 
683 65 35 48 0.98230195 
357 398 48 58 0.9745782 
460 220 46 59 0.9735807 
316 210 44 50 0.9601965 
575 122 44 50 0.95631135 
633 171 32 45 0.94957757 
182 200 46 55 0.94608754 
436 197 30 49 0.9406549 
357 5 30 32 0.93341947 
303 -3 43 45 0.9196611 
110 2 33 25 0.8988358 
890 5 23 30 0.80354553 
780 284 45 59 0.79217523 
490 2 26 30 0.76812994 
598 227 50 60 0.6281921 
970 144 38 45 0.6158865 
391 0 25 28 0.6087761 
311 486 89 115 0.47120652 
640 26 35 38 0.43576667 
161 -1 33 28 0.42946172 
203 159 17 19 0.37819305 
642 146 38 38 0.33355147 
193 163 28 35 0.25673553 
505 104 30 38 0.20683917 
460 278 22 30 0.18747877 
175 2 20 20 0.17747821 
103 535 61 71 0.17044488 
545 300 30 42 0.15305328 
1002 84 23 44 0.12835392 
53 -2 34 30 0.112255245 
842 19 41 50 0.103309296 
618 123 24 33 0.103265055 
587 246 41 55 0.096769914 
885 376 51 60 0.0929728 
167 98 25 33 0.08974576 
371 3 29 29 0.08002827 
0 33 21 45 0.07363461 
631 233 44 58 0.0727678 
176 185 38 46 0.06867193 
181 507 47 62 0.061908558 
165 86 25 31 0.055581372 
871 66 40 51 0.054486264 
986 436 39 70 0.054453794 
572 261 42 58 0.054409605 
584 397 59 69 0.049500957 
0 -2 20 21 0.04942901 
845 16 18 21 0.04687239 
635 156 30 38 0.046471406 
92 506 63 79 0.04317763 
614 201 52 63 0.04291294 
464 450 51 59 0.042612705 
218 28 41 48 0.040328275 
431 185 29 42 0.03850383 
166 8 29 38 0.038096458 
257 3 33 42 0.037920598 
650 243 32 42 0.03790837 
709 616 17 22 0.037735812 
281 187 20 24 0.037509672 
345 9 31 37 0.037370022 
158 2 20 20 0.037140824 
23 136 30 35 0.03670595 
227 526 58 60 0.036247443 
530 285 40 50 0.035702247 
665 266 39 58 0.03506594 
570 379 47 62 0.035053045 
396 446 45 61 0.03480939 
434 4 15 18 0.034630608 
874 -1 39 43 0.033788104 
451 265 38 52 0.033721387 
654 251 40 58 0.033599865 
977 106 42 62 0.033228867 
12 -1 27 32 0.032245446 
163 548 57 74 0.032122232 
877 97 34 39 0.032041255 
169 183 29 38 0.031913888 
314 469 60 72 0.031809878 
979 92 36 44 0.031741112 
200 147 25 28 0.031539377 
650 26 45 56 0.031335473 
478 3 27 33 0.03126736 
123 -1 33 28 0.03114457 
846 5 34 33 0.030832464 
180 104 26 34 0.030590817 
640 259 40 63 0.030068906 
491 128 42 53 0.029379426 
186 525 56 69 0.029377256 
698 390 93 123 0.029259907 
768 60 42 49 0.029211458 
259 226 35 45 0.029174002 
892 345 55 71 0.028969241 
171 110 25 33 0.02858068 
1010 94 15 26 0.02844857 
906 420 81 126 0.028396757 
867 357 88 105 0.02837296 
334 240 51 62 0.02818331 
428 214 35 55 0.027955981 
838 320 48 56 0.027862389 
300 463 50 62 0.027611632 
575 401 93 112 0.027594373 
503 3 18 22 0.026882263 
231 59 29 31 0.02662815 
303 602 19 23 0.026611079 
975 510 36 44 0.026591618 
164 76 13 17 0.026560819 
0 67 18 33 0.026524924 
349 11 18 20 0.026442902 
511 116 33 41 0.026397737 
962 420 67 121 0.025867026 
132 518 51 73 0.02533792 
171 160 40 49 0.024980724 
545 278 42 53 0.024768176 
401 8 27 34 0.024619278 
124 520 233 233 0.024205448 
632 138 34 39 0.024199286 
212 24 26 33 0.024182923 
880 395 85 117 0.02393599 
899 66 30 41 0.023458486 
209 4 47 49 0.022809176 
990 66 33 48 0.022808153 
618 133 30 40 0.022737859 
246 218 29 44 0.022619132 
117 494 57 72 0.02204391 
885 85 33 40 0.022022445 
181 16 26 34 0.021927034 
753 119 45 61 0.02185799 
854 41 42 53 0.021508427 
176 90 18 22 0.021507759 
641 8 38 42 0.020947399 
183 30 37 46 0.020814849 
191 225 51 64 0.02077937 
274 169 24 31 0.020690888 
535 1 45 47 0.020634249 
370 453 47 62 0.020585489 
664 371 52 63 0.020486005 
485 76 29 38 0.020395223 
845 350 55 70 0.02028591 
679 279 39 51 0.020014498 
