2_Demonstration_Demonstration_Or_Protest_2_176
59
542 291 31 40 0.99864036 
66 298 32 42 0.9956228 
752 278 31 44 0.99443996 
356 301 29 34 0.9128087 
569 292 29 37 0.8552518 
476 318 22 28 0.6105248 
816 321 18 22 0.55264306 
631 307 26 28 0.4949547 
133 329 15 19 0.42496064 
938 324 16 19 0.16102178 
255 326 11 14 0.1555664 
609 495 15 18 0.123038284 
142 314 13 19 0.103732795 
10 314 14 23 0.1033798 
459 333 12 15 0.09521621 
936 317 13 14 0.06720745 
192 334 11 14 0.061296336 
137 320 17 23 0.059342057 
871 514 13 16 0.05544077 
447 184 10 11 0.052633338 
225 375 7 9 0.05184673 
433 195 13 17 0.051513486 
396 317 16 23 0.039049815 
625 315 35 42 0.038213942 
592 491 10 11 0.03738615 
201 375 8 10 0.037371837 
583 293 27 37 0.035842676 
194 337 13 16 0.034956798 
424 386 8 9 0.032228846 
441 248 9 11 0.031747106 
377 189 11 14 0.031311702 
919 359 9 10 0.03104652 
574 283 16 19 0.030910516 
874 326 13 16 0.03077644 
488 322 15 19 0.030265978 
375 4 12 14 0.028863167 
269 322 11 15 0.028297247 
471 329 13 16 0.028035821 
989 22 15 22 0.026185058 
695 297 41 48 0.024864677 
442 253 9 11 0.024497043 
279 379 8 12 0.023943752 
46 309 13 18 0.023845483 
555 296 34 40 0.023760986 
822 132 14 17 0.023754794 
376 203 10 13 0.02322433 
545 126 10 12 0.023139566 
596 492 11 13 0.02297298 
828 316 13 17 0.022917561 
347 289 46 56 0.022574805 
154 288 18 21 0.0225721 
448 196 12 15 0.021638658 
230 332 13 15 0.02154281 
915 311 13 17 0.02109514 
254 319 18 25 0.021057228 
429 263 9 11 0.020995513 
647 304 18 22 0.020893622 
492 317 12 16 0.020715611 
-2 359 25 43 0.02015464 
