2_Demonstration_Demonstrators_2_329
96
252 96 61 77 0.9996309 
203 47 49 64 0.9990606 
376 97 25 32 0.9981534 
931 182 33 38 0.9981141 
709 164 25 35 0.99710804 
859 165 40 49 0.9950138 
113 31 38 50 0.9849557 
792 189 21 28 0.9689005 
131 89 50 55 0.9529275 
664 150 24 32 0.9241259 
961 192 22 30 0.9207806 
729 168 23 29 0.9197192 
980 221 25 31 0.9123365 
683 228 28 38 0.87200177 
28 1 47 52 0.85920256 
605 174 11 14 0.82647663 
620 156 10 12 0.64523154 
808 211 21 30 0.33391854 
769 210 24 35 0.23033465 
646 161 14 21 0.19720025 
905 168 23 34 0.18403184 
1005 220 16 22 0.16074334 
591 158 11 14 0.15105027 
789 255 16 22 0.1145562 
600 198 8 11 0.11243522 
551 210 13 16 0.11236104 
909 165 15 18 0.1038132 
715 157 35 46 0.095788784 
955 208 26 34 0.09479876 
598 165 10 12 0.08872992 
755 211 29 36 0.07573716 
802 192 22 28 0.07525803 
654 152 21 29 0.07146076 
585 144 7 10 0.07052784 
777 204 34 48 0.059757896 
950 184 27 34 0.051637746 
991 221 21 25 0.051449463 
987 213 15 18 0.04963001 
741 214 29 35 0.047935076 
640 161 14 18 0.047835276 
586 158 9 12 0.04680407 
6 222 24 39 0.04499391 
779 209 15 23 0.044387665 
978 202 15 19 0.04335749 
380 125 25 32 0.042644884 
58 501 16 20 0.04186219 
793 316 38 56 0.041589584 
957 204 18 24 0.04124236 
972 214 25 34 0.04081732 
666 163 16 24 0.04017269 
585 148 8 11 0.039347474 
794 203 38 49 0.03870212 
967 189 17 20 0.038068023 
71 51 31 36 0.036874045 
948 294 13 17 0.036721148 
882 406 55 73 0.036381546 
605 150 9 12 0.03485207 
585 164 9 12 0.03452933 
813 202 16 21 0.033943824 
646 177 12 16 0.033900253 
602 179 10 14 0.03322978 
602 144 8 10 0.033189744 
623 181 10 12 0.03304407 
372 93 41 52 0.032386024 
606 156 11 13 0.032055773 
49 10 39 43 0.03130277 
615 151 19 22 0.031203724 
600 189 10 13 0.030559484 
760 185 25 29 0.028675936 
738 220 18 25 0.027823597 
599 149 10 12 0.026855215 
631 157 10 13 0.026635418 
786 198 23 33 0.026424402 
592 182 8 11 0.026210388 
10 0 43 39 0.026180418 
575 150 8 11 0.026180316 
467 65 15 18 0.0256254 
562 206 14 19 0.025149 
604 197 9 13 0.024505997 
-5 213 47 68 0.024449954 
994 212 16 20 0.02439611 
416 110 57 71 0.024369568 
373 145 13 19 0.02425924 
568 182 9 12 0.023168012 
565 166 9 11 0.023080887 
721 217 25 34 0.022639476 
115 59 48 57 0.022330062 
684 177 25 31 0.02227341 
91 2 20 20 0.02211477 
980 209 17 21 0.021939179 
376 135 27 39 0.021667132 
590 152 9 11 0.021461261 
704 178 29 37 0.021121232 
759 216 40 46 0.02108421 
-1 1 36 44 0.020937819 
1002 281 24 46 0.020113107 
