2_Demonstration_Demonstration_Or_Protest_2_183
44
291 327 94 119 0.9996934 
103 511 49 54 0.9718625 
798 433 19 22 0.18766236 
4 498 20 33 0.15632185 
43 527 24 28 0.12331576 
834 586 56 51 0.062439512 
29 510 42 51 0.062186006 
758 361 13 15 0.05884215 
12 529 24 30 0.05624982 
115 908 38 53 0.055696655 
189 569 17 22 0.055233367 
7 512 26 35 0.044408623 
5 502 43 59 0.04430487 
862 487 11 12 0.04261234 
253 536 372 501 0.04234226 
23 505 27 34 0.037486855 
988 443 23 31 0.037080508 
13 496 24 36 0.03706437 
49 607 57 64 0.03584909 
864 509 16 20 0.033844035 
562 708 15 21 0.03241083 
66 1052 47 60 0.03173856 
178 560 16 22 0.03141425 
641 476 11 13 0.030491222 
66 560 49 57 0.030196697 
193 855 105 136 0.028384687 
38 632 58 54 0.028007638 
19 517 27 33 0.027263904 
799 444 24 28 0.026753765 
660 477 13 16 0.026407555 
868 562 17 18 0.02603198 
696 464 9 11 0.025893513 
835 808 15 23 0.025893405 
1011 440 13 24 0.02575302 
660 472 11 14 0.025643114 
57 529 15 21 0.024349684 
1000 440 21 31 0.024177961 
0 509 14 23 0.023781223 
218 634 49 54 0.022708677 
610 632 20 21 0.022567164 
195 565 15 21 0.022294262 
41 514 19 23 0.021052653 
172 556 15 21 0.020257529 
28 502 16 23 0.020026473 
