2_Demonstration_Demonstration_Or_Protest_2_402
417
476 125 45 52 0.9946884 
797 124 57 66 0.9904298 
313 150 61 71 0.9860647 
387 111 56 63 0.98362654 
187 151 56 65 0.9790469 
672 140 61 66 0.927953 
609 112 51 57 0.9215314 
916 9 18 23 0.7348876 
484 70 15 20 0.67412627 
970 73 13 16 0.4436231 
521 29 9 13 0.34623626 
497 14 9 11 0.3380289 
154 157 17 22 0.33514887 
480 55 11 14 0.3161752 
393 69 10 13 0.28124344 
478 37 10 12 0.27708063 
443 68 14 18 0.27581412 
309 16 10 13 0.26932076 
253 250 13 16 0.24669808 
328 59 9 11 0.23966953 
388 443 23 27 0.23287973 
444 63 10 13 0.22495145 
414 44 10 12 0.22253907 
844 28 15 19 0.21188624 
153 103 17 21 0.20569645 
977 16 11 14 0.19470236 
974 106 14 19 0.19139469 
445 23 8 10 0.19066094 
549 12 11 14 0.18949571 
499 21 9 12 0.18892682 
971 179 12 16 0.18331634 
519 61 9 12 0.17599107 
319 56 9 12 0.16971299 
486 14 10 12 0.159051 
370 491 18 21 0.15757452 
532 46 10 12 0.15756558 
518 54 8 11 0.15065283 
454 54 9 12 0.14830618 
91 221 12 15 0.14444655 
503 104 25 30 0.14220327 
333 56 8 11 0.14033435 
840 62 28 32 0.13766654 
486 20 10 12 0.13753244 
479 43 10 13 0.13720463 
446 30 9 12 0.13697205 
519 22 10 13 0.13688938 
518 15 8 11 0.13484049 
212 253 16 19 0.13412248 
463 12 11 13 0.1308988 
314 56 8 11 0.12627046 
496 43 10 12 0.12558232 
431 32 9 12 0.12341632 
983 35 9 12 0.11985116 
683 92 11 13 0.11889956 
397 47 8 11 0.11880598 
320 38 8 11 0.11821178 
360 62 7 10 0.11582763 
319 33 7 9 0.115826696 
726 88 11 14 0.11239527 
463 44 9 11 0.111753546 
647 66 14 15 0.109165944 
595 28 13 17 0.102112144 
312 61 9 11 0.10205619 
981 204 10 13 0.10151643 
992 125 13 16 0.10097902 
433 37 8 10 0.10081013 
373 20 8 11 0.09895684 
974 59 13 17 0.09839169 
397 31 8 12 0.0975991 
176 93 15 19 0.09697949 
400 52 7 10 0.096823946 
978 284 13 14 0.096409045 
346 54 8 10 0.09619064 
351 54 8 11 0.09559209 
420 38 9 11 0.0945316 
393 38 9 10 0.09376979 
415 29 10 13 0.09049023 
473 37 10 12 0.09015131 
404 69 11 12 0.08905558 
313 72 9 12 0.087806165 
93 213 11 13 0.08688444 
480 75 21 28 0.08641423 
410 46 9 11 0.08426998 
839 14 26 31 0.08416189 
533 68 10 12 0.08283238 
156 10 25 29 0.08037153 
520 67 9 13 0.08023362 
519 34 10 12 0.07984607 
706 11 10 12 0.07929171 
918 226 12 15 0.07887308 
421 31 10 12 0.077852346 
593 83 11 13 0.076909885 
369 17 8 10 0.07652725 
352 28 9 11 0.07586771 
455 47 9 11 0.0758115 
1014 355 9 13 0.07515705 
358 56 8 11 0.07481582 
357 78 8 11 0.074371494 
374 39 8 10 0.07330971 
164 70 16 19 0.07323672 
527 15 9 10 0.072891295 
327 40 10 11 0.07236544 
310 45 8 11 0.07217038 
527 23 10 12 0.07188604 
617 28 14 18 0.07137699 
448 56 10 12 0.06977038 
238 194 22 30 0.06892898 
160 105 23 30 0.06694922 
432 61 9 11 0.066937506 
358 22 8 11 0.06645902 
286 45 9 12 0.064123645 
301 452 22 25 0.06396335 
357 30 8 11 0.06081918 
172 97 22 27 0.06035665 
163 125 15 19 0.059129182 
993 221 10 13 0.059026513 
333 38 9 11 0.05854344 
159 52 26 33 0.058376327 
414 63 9 11 0.057439648 
995 115 12 17 0.057188775 
413 68 9 10 0.056504853 
424 61 8 11 0.05534856 
500 7 9 12 0.055281777 
438 35 9 12 0.054879893 
607 70 10 14 0.05437913 
368 38 8 11 0.05384311 
361 37 8 11 0.053472187 
863 243 14 17 0.053396143 
532 100 13 16 0.05326711 
517 47 10 13 0.0529519 
440 30 10 13 0.05268265 
1010 213 12 16 0.052645728 
408 64 9 12 0.052547697 
471 73 11 14 0.052410454 
385 77 9 11 0.051732067 
383 425 13 16 0.05136244 
391 32 10 12 0.051121257 
534 40 10 12 0.051074397 
525 63 11 13 0.05106353 
414 52 11 12 0.050663617 
397 72 13 15 0.050551426 
1000 310 11 12 0.050489202 
83 196 10 13 0.049756292 
414 285 11 13 0.049192134 
319 15 9 12 0.04876985 
154 5 15 17 0.04867557 
550 18 12 13 0.048571974 
334 86 8 10 0.04853831 
305 18 10 13 0.04821148 
329 544 9 10 0.047959257 
325 23 8 10 0.0477478 
579 45 10 12 0.04772831 
857 52 14 17 0.047618743 
754 271 11 14 0.04729914 
338 14 8 10 0.04727739 
393 0 9 10 0.047254257 
95 208 11 12 0.047225226 
311 7 8 10 0.046580486 
384 8 9 11 0.04589679 
925 237 13 16 0.045502227 
398 65 9 12 0.044882476 
367 512 14 18 0.044707816 
430 56 9 12 0.04466974 
175 367 11 14 0.044490516 
835 18 14 18 0.044393186 
542 39 10 13 0.04437304 
335 33 8 10 0.044163752 
312 39 9 12 0.043999664 
575 15 9 11 0.043833993 
390 15 10 13 0.04370608 
411 39 10 12 0.04327852 
440 15 9 12 0.04306631 
343 22 10 11 0.043007646 
457 14 10 11 0.042713985 
772 10 18 23 0.042572755 
176 43 16 18 0.042173896 
689 30 11 14 0.04215846 
481 13 10 12 0.04202121 
252 327 10 14 0.04191436 
391 52 10 12 0.041874938 
375 45 7 9 0.04152584 
527 39 11 12 0.041484337 
539 127 10 13 0.041171324 
102 213 9 12 0.04099237 
285 28 10 12 0.04095128 
444 15 10 12 0.040651493 
691 34 12 15 0.040001262 
352 90 10 13 0.039881025 
487 9 9 11 0.03975193 
447 34 10 13 0.03968074 
500 40 9 12 0.03965885 
980 341 9 12 0.039434806 
847 260 12 16 0.039036844 
409 29 10 12 0.038906775 
318 432 13 16 0.038758904 
284 319 10 13 0.038520478 
528 52 11 13 0.038225874 
640 29 11 13 0.037760686 
844 78 17 19 0.037502017 
857 5 13 14 0.037501328 
315 31 8 10 0.0372594 
983 302 10 12 0.03683332 
413 22 12 15 0.03666557 
438 0 10 9 0.036564622 
515 102 22 27 0.03656206 
154 208 15 18 0.03641168 
592 62 10 13 0.03628759 
454 30 11 13 0.036198758 
281 292 10 12 0.0360205 
336 79 8 11 0.03562942 
407 54 9 10 0.03561885 
977 205 10 15 0.03561343 
967 322 11 15 0.035606697 
349 48 9 11 0.03560468 
484 38 10 12 0.03550761 
613 69 10 13 0.035431262 
579 22 9 11 0.03541394 
990 91 12 16 0.03538963 
974 212 14 20 0.035344336 
764 86 10 13 0.03522886 
384 55 8 10 0.03511934 
288 232 13 16 0.034818836 
289 220 12 17 0.034769222 
980 0 13 12 0.03465706 
1002 205 10 13 0.034465145 
990 301 10 13 0.034443825 
327 32 9 11 0.03442719 
973 10 21 26 0.03435849 
726 12 10 13 0.03432653 
339 469 10 13 0.034324147 
630 111 35 40 0.034147363 
386 71 9 12 0.034003694 
448 72 14 18 0.03374615 
93 145 11 15 0.033729047 
353 72 9 11 0.033451192 
235 2 14 15 0.033332597 
998 303 9 10 0.032757655 
922 103 13 16 0.03266679 
100 220 11 15 0.03196567 
485 28 11 13 0.03147957 
155 158 25 34 0.03146378 
343 78 9 12 0.0314532 
630 66 11 14 0.031417686 
534 95 10 14 0.03137586 
913 47 10 12 0.03127861 
432 46 9 10 0.0310635 
974 118 12 16 0.031018855 
569 36 9 12 0.0310132 
386 31 9 11 0.0309915 
353 60 9 12 0.030881824 
461 18 13 14 0.030647691 
1000 37 11 13 0.030638942 
918 157 11 14 0.03060318 
421 21 10 14 0.030465977 
985 322 11 14 0.030378822 
975 50 13 16 0.030325372 
153 120 26 32 0.030199602 
342 39 9 10 0.030150257 
913 220 11 16 0.030001046 
772 95 22 26 0.02987193 
330 86 8 10 0.029684221 
397 21 9 12 0.02965004 
445 345 39 48 0.02952278 
360 17 9 11 0.029514585 
173 110 15 19 0.02947249 
414 429 14 17 0.029446691 
693 24 11 13 0.029446634 
285 51 10 12 0.029427664 
369 44 9 10 0.029210795 
329 79 8 11 0.029128026 
385 37 9 11 0.029109841 
214 248 13 14 0.029048324 
968 79 14 18 0.028861072 
414 14 11 13 0.028714856 
597 68 11 14 0.028545976 
1010 357 9 12 0.028480748 
349 104 11 13 0.028345168 
358 69 8 11 0.028310403 
485 45 11 13 0.028035237 
373 32 9 11 0.028018935 
335 71 8 10 0.027963873 
419 44 10 12 0.027809955 
970 63 20 25 0.027789945 
333 542 9 11 0.027776713 
316 76 9 12 0.027731912 
550 44 10 12 0.027683893 
501 27 9 11 0.027659874 
977 27 10 14 0.027655002 
472 473 11 12 0.027632456 
609 263 9 12 0.027617944 
365 62 9 11 0.027579917 
240 169 42 53 0.027489895 
628 36 10 13 0.027432965 
154 150 15 19 0.027106615 
284 99 11 16 0.027070869 
384 13 9 12 0.027059892 
460 28 11 14 0.027050158 
593 35 11 13 0.027004478 
591 56 11 13 0.026949191 
767 152 13 18 0.026939915 
725 22 11 14 0.026785249 
771 147 13 17 0.026673518 
718 373 12 15 0.026519286 
622 68 10 12 0.02649518 
319 21 8 11 0.026492843 
484 61 12 14 0.026485711 
521 175 24 30 0.026404181 
991 338 12 13 0.026338667 
534 29 10 11 0.026281597 
975 38 10 14 0.026232542 
326 14 8 10 0.02615014 
493 52 12 15 0.026071338 
974 201 40 61 0.026021762 
268 318 9 12 0.025999852 
334 95 9 10 0.025828253 
555 21 12 14 0.025815763 
638 62 10 13 0.02575761 
454 37 10 13 0.025592102 
180 88 11 14 0.025558202 
472 43 9 12 0.025488185 
343 72 8 11 0.025442319 
275 460 12 18 0.02541566 
439 56 11 13 0.025226193 
384 46 8 11 0.025005236 
386 21 9 11 0.024931999 
1011 84 11 18 0.024860669 
367 31 9 11 0.024805577 
513 19 11 14 0.024793366 
616 46 11 13 0.024772916 
312 96 8 10 0.0247348 
937 21 10 13 0.024690304 
557 113 11 15 0.024685884 
164 178 12 18 0.024607247 
979 217 23 31 0.024598328 
568 100 10 13 0.024548663 
45 191 9 12 0.02451026 
357 527 10 13 0.024464317 
581 40 10 12 0.02437476 
175 317 11 15 0.02437424 
332 44 10 12 0.024328748 
144 281 14 16 0.024294876 
343 60 9 11 0.024265291 
432 21 9 11 0.024158264 
561 83 10 13 0.024040718 
478 0 9 9 0.023905268 
210 162 48 59 0.023891887 
541 31 11 12 0.023860889 
916 25 12 16 0.023772297 
520 74 10 13 0.02373473 
918 78 11 13 0.023678234 
155 47 12 15 0.023540264 
327 492 14 18 0.023511687 
991 390 10 12 0.02340127 
584 125 11 14 0.023354566 
990 235 14 17 0.023334442 
495 27 9 12 0.023315337 
356 85 10 15 0.023282858 
903 208 10 13 0.023155859 
21 120 9 11 0.023131814 
147 374 12 16 0.023062466 
566 55 8 11 0.02299542 
513 28 11 14 0.022952655 
344 28 9 12 0.022925053 
532 13 9 12 0.022906745 
1003 208 19 27 0.022817597 
76 168 13 18 0.022731759 
1005 220 19 34 0.022657238 
982 93 12 16 0.022606643 
761 137 24 35 0.02258101 
677 87 19 24 0.022357153 
935 71 10 12 0.022120373 
486 89 22 30 0.022046115 
977 246 10 13 0.021982178 
998 141 12 14 0.021824878 
438 45 9 11 0.021760862 
981 226 13 18 0.021751069 
87 93 11 15 0.02173851 
1006 304 9 11 0.021622404 
626 396 13 18 0.021493105 
473 54 11 12 0.021488886 
997 340 10 12 0.021451527 
970 174 22 27 0.021450114 
990 220 22 31 0.021399248 
365 56 10 11 0.02137982 
588 139 11 17 0.021357005 
338 20 9 12 0.021350238 
581 14 8 11 0.021326996 
325 49 20 25 0.021173324 
108 102 13 17 0.021130014 
459 53 11 14 0.02109766 
639 67 12 14 0.021086128 
376 9 8 10 0.021070998 
523 63 18 23 0.021035794 
621 15 13 16 0.020898184 
256 158 32 49 0.02089338 
991 47 9 13 0.020887911 
582 54 10 13 0.020801924 
345 48 8 10 0.02077433 
87 215 19 25 0.020758567 
566 84 10 12 0.020654332 
150 84 12 16 0.020644452 
595 76 12 16 0.02058561 
152 36 10 12 0.020530934 
415 8 9 10 0.020473931 
396 15 9 12 0.020461606 
424 475 10 12 0.020372288 
995 86 15 21 0.020336185 
456 22 9 11 0.020281726 
974 201 21 28 0.02027367 
408 22 11 14 0.020260302 
472 0 10 9 0.020254426 
461 111 29 36 0.020200895 
479 8 10 12 0.02013627 
973 279 20 24 0.020127332 
162 169 15 21 0.020054268 
777 77 10 12 0.020051962 
921 145 10 12 0.020039931 
