2_Demonstration_Political_Rally_2_456
222
397 310 29 36 0.9970362 
149 360 27 35 0.994333 
83 373 24 35 0.7686008 
813 215 17 21 0.6539913 
642 307 15 20 0.6390647 
488 332 18 21 0.5639368 
708 251 13 17 0.3792218 
599 251 13 16 0.37787846 
356 209 13 19 0.37557086 
500 256 16 22 0.27722153 
630 215 8 11 0.26386988 
595 257 14 16 0.22759835 
618 283 11 15 0.20959449 
515 217 23 27 0.2043309 
198 245 14 17 0.20215432 
624 252 10 12 0.19875136 
662 217 12 15 0.17562643 
487 239 21 31 0.16090667 
636 230 10 12 0.15992703 
631 220 9 11 0.14979911 
629 260 10 14 0.14248298 
468 240 13 17 0.14234714 
558 245 10 15 0.13771096 
771 228 12 16 0.13566567 
662 258 15 22 0.13476528 
932 214 13 17 0.12641461 
629 253 10 13 0.1262408 
632 305 22 27 0.123665564 
709 228 14 17 0.118381314 
712 274 12 15 0.112708926 
659 238 11 13 0.11177647 
857 231 11 14 0.103708684 
663 208 10 12 0.10185832 
695 243 10 13 0.10178475 
467 270 20 24 0.09506037 
572 249 16 21 0.09174521 
525 249 13 17 0.08918755 
669 220 12 15 0.08785634 
663 287 12 14 0.08640646 
685 243 10 12 0.08220767 
702 247 13 16 0.0816551 
61 378 26 32 0.080922626 
713 249 14 18 0.08051146 
350 204 14 21 0.07686506 
765 215 18 20 0.07651114 
510 225 23 29 0.07627956 
426 247 18 24 0.0749206 
807 215 15 20 0.07406547 
950 227 14 18 0.07293 
993 207 15 19 0.071946174 
563 246 19 26 0.065808356 
94 386 24 34 0.064883284 
630 248 10 12 0.0637533 
502 234 23 30 0.06279202 
552 252 12 18 0.05821416 
292 245 13 18 0.057453584 
783 236 10 14 0.056601696 
566 238 10 13 0.055917013 
925 211 23 27 0.055459585 
679 244 13 15 0.055456337 
637 236 11 14 0.054783206 
669 253 12 17 0.054202326 
692 268 11 15 0.05339605 
978 269 13 17 0.053279392 
476 239 21 27 0.053239338 
654 265 15 18 0.05082623 
531 240 16 21 0.05019561 
702 235 13 15 0.050153792 
710 222 14 16 0.049056776 
668 213 12 14 0.048440583 
597 265 14 16 0.048234254 
800 217 11 16 0.04706656 
461 240 15 19 0.04681397 
636 223 9 11 0.046778426 
520 228 23 27 0.046557847 
939 214 12 17 0.046048425 
647 268 11 14 0.045963906 
622 300 10 13 0.045901272 
616 216 8 10 0.045540135 
825 192 10 12 0.044780612 
191 242 16 18 0.04457197 
828 194 10 13 0.043918718 
714 235 15 17 0.0437459 
700 299 15 16 0.043312974 
967 238 12 15 0.04313408 
637 242 12 15 0.042766597 
571 266 14 16 0.04239721 
972 237 14 17 0.04210866 
672 357 11 15 0.041998677 
776 318 8 12 0.04176176 
648 214 9 11 0.041698378 
508 355 12 15 0.039940294 
658 219 10 14 0.039854884 
704 255 13 17 0.039528985 
663 201 8 10 0.0387816 
696 310 13 17 0.03830231 
291 204 15 22 0.03768081 
670 227 11 13 0.037559148 
429 229 14 18 0.035802662 
649 310 15 20 0.035752002 
149 249 16 19 0.035475187 
913 209 25 33 0.03525572 
580 268 11 14 0.03518644 
427 231 23 28 0.035115965 
615 278 18 24 0.03486787 
631 208 9 11 0.034755018 
669 207 11 13 0.03434841 
649 208 8 10 0.034236357 
361 205 15 21 0.034167584 
640 285 11 14 0.033725426 
622 267 12 16 0.03347097 
625 208 8 11 0.03304923 
606 239 11 14 0.032889456 
661 228 11 14 0.032214634 
947 295 14 18 0.031963695 
700 275 12 17 0.031704083 
959 300 12 15 0.031693313 
460 223 15 21 0.03167703 
972 141 12 15 0.031644795 
464 240 22 29 0.031404857 
612 237 11 13 0.03133891 
675 221 10 13 0.031000415 
505 294 23 31 0.030368395 
655 251 14 17 0.03025831 
675 249 13 16 0.030046143 
646 252 11 14 0.030033238 
537 234 17 22 0.029972363 
923 224 15 21 0.029969182 
616 289 11 17 0.029738829 
221 288 10 13 0.029691432 
552 244 11 17 0.029457359 
656 231 10 13 0.029377276 
628 353 15 22 0.029357225 
672 200 10 12 0.029203493 
477 333 39 48 0.029188382 
725 330 12 14 0.028636415 
695 274 12 16 0.028545402 
502 232 15 21 0.028511232 
597 298 16 20 0.028310636 
644 243 12 16 0.028293446 
719 214 11 14 0.028183475 
392 365 43 59 0.028151907 
466 220 11 16 0.02810489 
683 309 21 30 0.028030943 
939 219 21 26 0.028000161 
870 215 9 11 0.027614756 
723 220 13 16 0.027358325 
458 247 15 21 0.027018515 
634 288 24 31 0.026905188 
628 342 11 15 0.026619846 
714 222 21 25 0.026599105 
980 208 15 20 0.026300054 
495 336 17 19 0.026253028 
78 381 17 23 0.026110165 
661 307 13 19 0.02606675 
815 198 11 12 0.02541064 
625 219 10 12 0.025268506 
710 280 12 15 0.025194818 
181 220 23 28 0.025067799 
941 235 13 16 0.02479609 
491 340 25 27 0.024776423 
692 261 13 16 0.024689842 
182 251 11 14 0.024609644 
639 290 12 16 0.024459757 
673 339 11 14 0.024325004 
670 236 10 13 0.024314808 
766 205 14 18 0.024187028 
678 230 10 12 0.024015814 
174 242 13 16 0.023980701 
676 213 10 12 0.023946656 
636 252 11 15 0.023774175 
591 221 10 11 0.023748541 
734 222 11 14 0.023634478 
217 274 11 14 0.023523018 
225 222 26 32 0.023353316 
647 221 10 11 0.023241913 
440 205 12 15 0.023195757 
615 251 10 13 0.023192711 
268 269 18 22 0.023170749 
695 250 13 17 0.023169836 
868 219 11 14 0.023146713 
879 214 10 13 0.023073783 
983 201 22 28 0.02293412 
863 224 10 13 0.022781309 
676 205 10 13 0.022670064 
723 203 12 15 0.022608375 
219 267 13 16 0.022607822 
554 243 19 26 0.022433462 
722 243 12 16 0.022324162 
821 256 17 20 0.022247745 
656 208 9 11 0.022207545 
723 211 13 16 0.02215331 
540 334 16 18 0.022055732 
530 217 17 21 0.021898896 
180 243 12 16 0.021822637 
714 186 221 227 0.021812383 
460 215 13 18 0.021736426 
382 204 11 18 0.021677177 
409 245 23 33 0.02157748 
637 206 9 11 0.021512743 
625 255 19 24 0.021421272 
654 234 18 22 0.021414168 
512 245 20 28 0.021364719 
613 245 11 14 0.021354513 
615 270 11 14 0.021254404 
466 227 13 18 0.021002442 
813 205 14 18 0.02097281 
691 306 23 29 0.020811107 
165 213 26 29 0.02066791 
351 215 13 18 0.020605361 
64 361 39 49 0.020566981 
623 306 14 19 0.020517157 
429 221 12 15 0.020338178 
99 397 25 32 0.020238368 
571 238 12 13 0.0202381 
174 145 42 52 0.020161053 
820 205 14 17 0.0201581 
855 224 18 24 0.020148197 
855 215 9 11 0.020062359 
579 256 15 19 0.020053836 
678 180 9 13 0.020035533 
277 242 15 18 0.020027492 
