2_Demonstration_Demonstration_Or_Protest_2_771
61
468 127 100 134 0.9999429 
672 471 28 35 0.999132 
134 454 21 26 0.91335523 
691 164 13 17 0.497398 
160 64 53 68 0.44215196 
732 172 13 17 0.36434197 
802 498 20 23 0.29311514 
760 166 11 14 0.2697371 
51 484 16 21 0.23924565 
760 170 14 19 0.2078394 
2 480 17 20 0.17402591 
731 179 16 23 0.16239807 
970 323 9 13 0.13531587 
99 484 16 19 0.11750156 
631 432 9 12 0.10843832 
953 325 9 11 0.097679086 
892 330 10 14 0.08306062 
218 376 16 21 0.079683304 
1014 348 9 13 0.058404345 
728 166 14 17 0.05615673 
234 244 11 13 0.05584184 
954 320 8 10 0.0504581 
868 476 51 59 0.047150087 
670 393 9 10 0.046915166 
257 277 9 11 0.04054695 
150 31 86 108 0.037700914 
966 398 9 10 0.035032336 
191 409 10 15 0.030391261 
317 359 14 18 0.030301057 
693 365 9 11 0.02928996 
208 365 28 34 0.02873497 
197 406 10 13 0.028498782 
667 177 13 15 0.028387884 
648 393 10 11 0.027649613 
301 291 12 16 0.027544163 
1011 492 11 17 0.02753795 
196 277 13 17 0.02726135 
735 315 12 16 0.026737789 
700 485 14 18 0.025794072 
108 451 10 14 0.025793303 
293 286 13 15 0.025681267 
701 190 10 13 0.024788005 
379 359 16 20 0.024379726 
375 312 13 17 0.02365577 
692 173 15 18 0.023650717 
767 198 10 12 0.02335065 
309 299 11 15 0.023189984 
698 170 12 16 0.022998279 
963 398 8 10 0.022480365 
58 475 17 24 0.022272632 
269 337 13 16 0.022251707 
42 482 28 32 0.02214029 
81 145 15 19 0.022052031 
968 344 8 10 0.022017077 
950 398 7 10 0.021451268 
315 105 109 129 0.021124553 
710 268 11 12 0.021095674 
921 318 9 11 0.020782182 
1014 268 9 15 0.020520782 
938 318 8 10 0.020403884 
197 54 49 67 0.020132743 
