2_Demonstration_Demonstration_Or_Protest_2_453
98
60 308 34 43 0.9984408 
396 261 45 60 0.9975177 
476 234 82 108 0.9941884 
755 327 22 28 0.99104136 
573 324 30 36 0.98987645 
691 311 21 28 0.9868303 
607 294 25 33 0.98265207 
13 294 37 51 0.9777713 
737 311 17 21 0.9567448 
805 308 20 27 0.94791263 
648 281 21 28 0.9320953 
722 318 17 20 0.85970926 
718 338 18 23 0.83111006 
662 308 20 25 0.7743866 
268 335 21 25 0.6926873 
196 277 56 71 0.65981084 
910 316 23 31 0.3790804 
905 290 48 64 0.37810302 
675 250 15 22 0.18793194 
637 287 15 20 0.18043749 
778 308 12 16 0.16557403 
804 273 14 19 0.13795568 
798 313 17 21 0.12048598 
336 314 28 33 0.11386536 
562 509 35 37 0.112018846 
550 145 29 38 0.10604171 
172 277 52 67 0.103441365 
807 347 13 17 0.093125276 
831 332 13 18 0.09075279 
96 602 33 34 0.09051345 
651 388 12 17 0.089614935 
916 307 28 40 0.08456331 
238 317 15 20 0.07398005 
286 323 16 20 0.07170934 
168 285 35 41 0.061289504 
557 323 11 16 0.05991083 
302 263 27 32 0.057278357 
714 74 15 21 0.05534525 
665 386 17 18 0.052504756 
156 310 12 18 0.051734485 
5 522 46 39 0.051655557 
810 341 13 17 0.049896933 
263 324 37 46 0.048593342 
799 279 14 16 0.047904946 
922 275 58 80 0.0446911 
812 303 14 19 0.042072278 
661 389 25 28 0.041937575 
785 354 18 21 0.041220076 
289 320 23 26 0.040420406 
29 320 29 35 0.03915771 
181 439 51 55 0.039010566 
549 313 23 32 0.038040478 
709 78 16 23 0.03803499 
555 152 17 21 0.037645087 
814 307 18 23 0.03755929 
828 296 23 33 0.037453733 
755 304 11 13 0.037240688 
731 314 19 25 0.036406424 
671 312 15 21 0.035725813 
716 362 15 17 0.035577483 
230 304 26 35 0.03549962 
746 319 23 30 0.035443734 
617 291 23 29 0.034882043 
660 299 15 21 0.03460432 
596 268 12 16 0.034087677 
684 236 13 18 0.03407087 
884 307 52 64 0.031560123 
148 302 21 30 0.030311521 
558 258 11 14 0.030124458 
561 316 26 34 0.030090015 
708 365 24 27 0.029524885 
747 307 15 19 0.028950356 
549 293 12 15 0.028128497 
847 302 83 103 0.027835313 
827 344 14 18 0.027449872 
299 281 29 35 0.027128749 
559 328 12 18 0.026944296 
710 11 16 20 0.026907034 
792 314 14 19 0.026667282 
741 363 13 15 0.02633559 
662 288 20 28 0.02591302 
42 328 16 22 0.025458612 
741 329 14 20 0.025189212 
650 387 21 28 0.02488253 
655 306 18 24 0.024468875 
733 284 15 18 0.02446135 
312 272 16 20 0.02431844 
692 369 13 18 0.02371971 
750 536 32 39 0.023645118 
675 262 15 19 0.023156831 
684 351 16 21 0.022431463 
284 268 31 35 0.022383103 
805 270 23 29 0.022367388 
681 242 16 22 0.022297585 
84 312 24 33 0.02226979 
786 365 18 22 0.021794608 
603 268 12 16 0.021423573 
712 276 10 15 0.02101359 
