2_Demonstration_Political_Rally_2_5
2567
320 234 25 37 0.99120706 
748 411 28 34 0.9871918 
692 391 32 44 0.9734982 
133 463 26 38 0.95703197 
673 335 18 21 0.9196834 
931 359 15 21 0.90299904 
865 449 30 36 0.8920831 
594 394 27 34 0.8710386 
724 380 22 30 0.8595115 
823 384 28 34 0.85212916 
652 310 18 23 0.84701145 
437 121 30 43 0.8292895 
787 382 24 28 0.8192626 
678 296 15 18 0.81794953 
715 423 16 21 0.7817893 
932 440 14 18 0.73904335 
973 341 12 15 0.7355657 
185 234 27 33 0.72128266 
866 421 28 33 0.71230125 
867 283 13 17 0.6924764 
477 274 17 22 0.65389305 
950 171 9 12 0.6519603 
844 423 21 26 0.63619846 
35 274 17 21 0.6104338 
788 308 13 17 0.6048827 
34 259 14 18 0.6034087 
694 270 10 14 0.57379514 
850 347 13 17 0.5442477 
720 267 13 15 0.5436173 
352 223 11 14 0.54054725 
30 193 13 18 0.53236127 
30 480 31 40 0.51409316 
641 218 10 13 0.51299465 
815 268 8 11 0.5091981 
184 181 9 12 0.5075509 
876 365 17 19 0.5068075 
654 332 14 17 0.503553 
928 232 9 12 0.50004 
868 433 31 40 0.49935833 
718 332 13 17 0.49920255 
371 301 14 20 0.49632105 
57 297 18 21 0.47565705 
346 300 16 20 0.46568984 
694 228 13 16 0.4485021 
886 329 15 19 0.4159183 
852 223 9 12 0.40433764 
712 385 23 32 0.39817217 
789 239 11 13 0.39748773 
797 461 34 41 0.3968281 
654 232 11 12 0.39620486 
627 294 11 13 0.3851112 
624 230 9 12 0.3800943 
769 253 10 13 0.36928257 
749 245 13 15 0.36330318 
928 246 10 13 0.3596243 
882 82 7 9 0.3574236 
62 141 9 11 0.35427916 
901 109 9 12 0.35276487 
565 239 10 11 0.34851527 
628 309 12 16 0.3465031 
749 380 16 20 0.34273285 
868 351 12 14 0.34044966 
906 142 7 10 0.33898008 
860 316 11 13 0.3383313 
664 198 12 15 0.33318412 
838 240 9 12 0.33286723 
165 180 8 11 0.33016866 
992 166 10 12 0.32951742 
702 128 8 11 0.3279656 
829 378 18 22 0.31841847 
629 352 21 26 0.3169586 
900 248 10 12 0.3167241 
649 237 9 12 0.3145392 
1000 117 8 10 0.3137582 
90 196 10 12 0.3112268 
582 343 15 23 0.30804247 
717 351 17 21 0.30511278 
983 125 8 11 0.30328608 
574 302 9 12 0.301641 
945 255 9 11 0.29587498 
554 220 9 11 0.2951674 
759 164 7 10 0.2920794 
869 246 9 12 0.28935355 
585 284 12 15 0.2881845 
797 137 8 10 0.28798687 
93 92 8 10 0.2871177 
927 176 8 11 0.28587058 
571 274 11 14 0.28507364 
985 101 8 11 0.28157306 
992 439 26 40 0.2803541 
958 160 8 12 0.2792769 
668 246 11 14 0.27901188 
556 355 21 26 0.27873862 
796 159 9 10 0.2759482 
736 225 9 11 0.27452528 
631 118 8 9 0.2732611 
679 95 8 12 0.27191192 
815 240 8 10 0.27149335 
947 384 16 21 0.26760212 
783 86 7 9 0.26656523 
118 238 7 11 0.2657829 
56 207 10 12 0.26371193 
748 264 16 18 0.26126474 
838 300 10 13 0.26110932 
634 316 10 14 0.26046926 
566 198 8 10 0.25990838 
69 188 9 11 0.25930703 
881 301 10 13 0.25843796 
951 86 9 11 0.2582858 
16 117 10 13 0.25592265 
621 324 15 19 0.25342166 
679 150 7 10 0.24815822 
88 243 12 14 0.24694991 
989 102 7 10 0.24345213 
952 235 10 12 0.24146128 
504 262 11 14 0.24045259 
874 402 18 21 0.24003968 
751 92 9 10 0.2390991 
78 49 8 9 0.23780689 
545 401 16 20 0.23397225 
233 196 9 11 0.23288997 
572 306 13 18 0.23249263 
89 191 10 12 0.23216832 
646 369 16 22 0.23180369 
557 128 8 9 0.22574808 
879 181 9 11 0.2233385 
937 263 8 10 0.22184542 
648 246 10 12 0.22163436 
51 244 11 13 0.21925133 
834 245 9 12 0.21883777 
609 246 9 11 0.21712701 
145 135 8 10 0.21697411 
861 182 9 11 0.21371612 
911 295 10 13 0.21323815 
671 79 7 10 0.21310009 
942 285 11 13 0.21096085 
789 284 9 11 0.20923366 
756 263 13 15 0.20917372 
177 165 8 10 0.20551562 
752 88 9 10 0.20450708 
703 406 24 34 0.20427756 
880 232 9 10 0.2041299 
713 112 7 10 0.2027734 
775 48 8 10 0.20247212 
513 362 17 18 0.20238392 
663 160 8 10 0.2015094 
111 92 9 11 0.20143415 
318 109 7 10 0.20101269 
813 166 9 11 0.19780082 
673 95 8 11 0.19545966 
698 236 12 13 0.19506477 
962 102 9 11 0.1940152 
753 165 8 10 0.19267529 
869 410 23 27 0.19187766 
32 81 8 11 0.19187604 
648 251 11 14 0.19124365 
152 493 24 29 0.1907866 
599 88 7 9 0.19061081 
121 29 8 10 0.19009203 
105 188 10 12 0.18933286 
974 41 7 9 0.18836892 
864 281 11 13 0.18797958 
647 63 8 11 0.18676531 
105 148 8 10 0.18481784 
685 214 11 13 0.18466859 
720 135 7 10 0.18433158 
673 102 7 10 0.18395899 
801 96 7 9 0.18382657 
949 373 17 21 0.18161048 
991 354 15 19 0.18018568 
135 185 7 9 0.17907465 
688 78 8 9 0.1786374 
21 111 9 11 0.1772914 
20 115 9 12 0.17546254 
598 377 26 29 0.17419137 
556 215 9 12 0.17286055 
174 112 8 10 0.17124304 
150 223 9 12 0.17090829 
30 140 8 11 0.17083761 
885 80 8 10 0.17057961 
641 133 7 10 0.1701714 
53 228 10 12 0.16998935 
590 17 7 10 0.1695762 
320 80 7 9 0.16956365 
105 184 9 11 0.16945301 
871 369 15 17 0.16927302 
774 102 7 9 0.16880691 
713 86 8 10 0.16783392 
255 61 8 9 0.16774072 
600 175 8 11 0.16698168 
24 135 9 12 0.16646017 
873 64 7 9 0.16631353 
936 292 10 12 0.16452396 
630 56 9 10 0.16452067 
108 214 9 11 0.16442002 
15 229 12 14 0.16432108 
600 135 7 9 0.16377711 
812 141 9 12 0.16356878 
91 237 13 15 0.16345792 
889 206 8 10 0.16187108 
536 152 8 11 0.16160296 
672 86 8 10 0.16146147 
806 118 8 11 0.16070102 
750 221 9 10 0.16050708 
512 239 9 11 0.1603893 
912 224 9 12 0.15983532 
594 112 6 9 0.1597939 
718 247 9 11 0.1593757 
0 276 12 19 0.15933838 
951 80 7 8 0.15915604 
626 237 9 11 0.15864572 
670 223 11 13 0.1579961 
500 229 10 11 0.1578243 
837 254 9 13 0.15771966 
735 65 7 9 0.15768993 
120 246 9 11 0.15740274 
1005 33 7 9 0.1569601 
710 143 7 9 0.15547237 
625 54 7 10 0.15530328 
801 117 9 11 0.15467566 
917 71 7 10 0.15464438 
609 128 8 9 0.15404277 
832 100 8 10 0.15255035 
934 80 7 9 0.15231927 
911 55 7 9 0.1519936 
786 111 8 10 0.15198928 
154 183 8 11 0.15162289 
833 7 7 9 0.15093492 
566 14 8 10 0.15051569 
793 264 8 10 0.15000583 
716 274 15 18 0.14918934 
678 55 7 9 0.14864177 
561 245 9 11 0.1476892 
665 142 7 9 0.14684913 
7 187 12 15 0.14640658 
159 127 7 9 0.14614418 
1009 87 7 9 0.14563882 
706 142 8 10 0.14561644 
1006 70 7 9 0.14520457 
832 145 8 11 0.14507563 
807 49 7 9 0.14491516 
702 88 8 11 0.14460759 
902 104 8 11 0.14459813 
742 222 10 12 0.144462 
959 120 7 8 0.14424492 
656 109 8 10 0.14296277 
317 142 10 11 0.14231573 
984 96 8 11 0.14214206 
671 110 8 9 0.14212026 
679 216 9 11 0.14176448 
722 128 7 9 0.14164911 
879 294 10 12 0.14008968 
984 79 7 9 0.13999434 
915 409 14 18 0.13954195 
540 284 10 13 0.13946989 
957 150 8 11 0.13926099 
928 157 8 11 0.13897732 
31 134 10 14 0.13883874 
38 132 8 12 0.13806467 
775 167 9 10 0.13780153 
560 152 7 9 0.13776958 
721 160 8 10 0.13771977 
991 184 9 11 0.13694806 
615 145 7 9 0.13574052 
1008 298 11 14 0.13545935 
536 230 8 10 0.13285801 
626 298 14 18 0.13232464 
111 191 8 10 0.13203615 
56 224 9 13 0.13143814 
95 254 10 12 0.13118367 
791 103 8 9 0.13101402 
881 333 12 14 0.13091427 
798 175 8 10 0.13075502 
513 86 8 10 0.13059744 
470 368 23 28 0.1305197 
812 331 15 18 0.13043395 
718 308 13 18 0.13009599 
896 172 9 12 0.13008188 
657 174 8 10 0.13003471 
64 182 10 13 0.12930417 
65 157 10 13 0.12903404 
919 253 8 11 0.12848824 
983 121 7 10 0.12847513 
698 93 8 10 0.12817875 
628 230 9 13 0.12743402 
829 269 8 11 0.1270941 
110 145 7 9 0.1268262 
558 94 8 9 0.12634139 
994 171 10 12 0.12529787 
793 55 6 8 0.12479663 
1006 94 7 10 0.12470776 
581 247 8 11 0.12457612 
806 338 16 20 0.12450672 
615 48 7 10 0.124389164 
717 86 8 11 0.12436544 
577 246 9 10 0.124140374 
243 166 8 11 0.12405606 
886 277 9 13 0.12369412 
570 49 7 9 0.12362495 
903 174 8 11 0.122922644 
726 158 8 10 0.12261467 
665 250 11 14 0.121908285 
638 79 7 10 0.121847734 
917 295 11 13 0.121693015 
640 56 7 9 0.12128783 
776 174 7 10 0.12118442 
670 135 7 9 0.12104333 
713 207 10 12 0.120537445 
103 145 8 9 0.12009135 
120 80 8 9 0.11930708 
120 182 7 9 0.11890276 
949 144 9 11 0.11821592 
632 152 8 9 0.118205205 
570 135 7 9 0.11777873 
3 481 15 22 0.11770316 
945 135 8 10 0.11673373 
0 109 8 11 0.116654076 
81 143 8 9 0.11641518 
541 230 8 10 0.116281815 
357 87 8 10 0.115994945 
61 223 9 12 0.1156206 
913 96 7 9 0.115450434 
822 14 7 9 0.11538718 
513 208 8 10 0.11522896 
128 94 9 11 0.115139835 
96 24 7 10 0.114598885 
889 47 8 10 0.11458372 
893 47 9 11 0.11455706 
967 181 9 12 0.11428151 
518 149 8 10 0.11387547 
236 215 14 20 0.11350031 
711 151 7 9 0.113465674 
950 149 9 11 0.11330032 
979 347 11 16 0.11310834 
343 133 9 10 0.112900786 
542 262 9 11 0.11276502 
640 112 7 9 0.11249471 
625 95 8 11 0.112352066 
713 80 7 9 0.11155002 
751 239 13 16 0.1115378 
150 161 8 10 0.1114543 
952 407 28 33 0.11124204 
721 39 7 9 0.11083331 
368 270 11 13 0.11051865 
616 166 8 10 0.109829955 
767 121 9 10 0.109715484 
897 168 7 10 0.10913234 
908 325 10 14 0.10896306 
900 310 11 12 0.108411156 
495 104 9 10 0.108065784 
81 174 9 11 0.108023904 
729 93 8 9 0.10786262 
944 300 12 15 0.10778352 
579 153 7 9 0.10751469 
103 296 16 19 0.10718674 
585 39 7 9 0.107127845 
859 418 23 30 0.10682813 
160 134 7 10 0.10610612 
1006 175 9 11 0.10584083 
494 222 10 12 0.10582004 
620 373 21 27 0.10576671 
102 256 10 11 0.10548944 
112 196 9 12 0.105449736 
146 141 9 11 0.10542589 
526 260 8 11 0.10540399 
822 247 8 10 0.10539923 
793 166 9 12 0.10525547 
584 167 8 10 0.10507818 
584 158 8 10 0.105059505 
97 144 8 10 0.10492 
601 360 22 27 0.10472947 
159 181 8 11 0.10468898 
981 173 8 11 0.10454547 
535 132 8 10 0.10453245 
135 94 7 9 0.10411419 
934 432 21 28 0.10403107 
534 128 8 10 0.10394294 
898 251 9 11 0.10385881 
958 38 8 10 0.10370482 
263 118 8 10 0.10344634 
583 291 12 15 0.10341578 
834 167 8 10 0.10314768 
567 8 8 10 0.102989085 
200 142 7 9 0.102909066 
712 189 9 11 0.102695465 
312 111 8 10 0.10230085 
634 79 8 11 0.101638876 
832 175 8 10 0.101484746 
511 309 11 14 0.101375096 
112 166 8 11 0.10093698 
664 128 7 9 0.10072934 
655 104 7 10 0.100406066 
975 175 10 11 0.09997468 
712 250 11 14 0.09996046 
201 119 8 10 0.099902496 
519 144 8 10 0.09989898 
624 87 8 10 0.09960993 
938 348 14 18 0.099150665 
62 96 8 11 0.0991459 
54 126 11 13 0.09895013 
610 78 7 9 0.0989294 
190 183 8 11 0.09891313 
863 221 8 11 0.098743714 
716 251 12 14 0.09850541 
47 236 14 16 0.09835859 
697 181 9 11 0.09830189 
948 282 11 14 0.09807717 
362 337 27 31 0.09754008 
678 287 14 19 0.0974311 
950 56 7 9 0.09740453 
103 128 9 11 0.09705125 
50 85 8 11 0.096635595 
681 121 7 10 0.096581444 
318 105 8 9 0.096439324 
94 278 10 13 0.096439056 
599 111 8 9 0.096433684 
742 261 15 19 0.096370906 
657 32 7 9 0.09611966 
158 103 7 10 0.095970966 
121 253 10 13 0.09564078 
606 65 8 9 0.095482886 
121 103 9 11 0.09537315 
645 132 9 11 0.09530456 
183 186 11 13 0.09528565 
863 262 10 12 0.09517877 
869 15 8 11 0.09516681 
944 103 8 10 0.095102265 
989 96 7 10 0.09491287 
849 341 12 15 0.09482548 
768 215 9 11 0.094766095 
870 264 9 11 0.094333574 
72 68 9 11 0.0942425 
918 0 7 8 0.094230525 
0 188 10 15 0.09397724 
602 64 7 10 0.09395537 
94 229 11 14 0.093688875 
673 151 8 10 0.09352945 
139 158 7 10 0.093293965 
895 293 10 13 0.09312131 
214 190 8 11 0.09278657 
698 128 8 11 0.092757575 
973 402 18 21 0.09267298 
915 442 21 26 0.09234889 
920 176 8 10 0.09218726 
795 353 14 16 0.091929436 
722 166 8 10 0.09188001 
386 97 7 9 0.0917975 
745 215 8 10 0.091784924 
940 290 13 15 0.091686375 
143 177 7 9 0.09158255 
937 355 15 19 0.09143318 
862 161 8 11 0.091421686 
682 6 8 10 0.09133121 
593 96 7 9 0.09123501 
129 184 8 10 0.09117607 
0 91 9 14 0.09115096 
963 379 15 19 0.09111908 
239 41 8 9 0.09110608 
128 70 8 10 0.09094651 
741 159 8 10 0.09081314 
813 160 9 11 0.09072522 
584 97 7 9 0.09053179 
586 15 7 9 0.090112895 
728 104 8 9 0.0900742 
823 57 8 10 0.09007267 
618 23 7 10 0.09005942 
681 126 7 9 0.08983612 
864 253 10 12 0.08975805 
65 102 8 10 0.089669816 
491 268 12 14 0.08963849 
537 247 7 10 0.08961172 
156 243 13 18 0.08950938 
87 143 6 9 0.08937194 
272 80 7 8 0.08930772 
663 182 8 10 0.08893923 
734 151 9 11 0.08892995 
653 94 7 10 0.088881634 
720 141 8 9 0.08886897 
912 175 7 10 0.08886104 
191 78 7 9 0.08872663 
153 104 8 10 0.08843304 
689 73 8 10 0.088410236 
594 87 7 8 0.08832642 
213 259 14 18 0.0880265 
815 172 9 11 0.088016495 
47 184 10 13 0.08790809 
272 87 7 10 0.08778619 
960 133 9 10 0.08773978 
609 149 8 10 0.08739929 
864 240 8 10 0.087111175 
215 15 7 9 0.0870306 
305 120 8 10 0.08691743 
64 149 9 12 0.08690063 
665 136 7 10 0.086808585 
625 112 7 10 0.08666776 
678 275 13 15 0.0866398 
755 161 8 10 0.086582124 
736 165 8 11 0.08646752 
488 104 8 11 0.08642246 
1001 102 8 9 0.08632793 
70 198 10 13 0.08616942 
592 251 10 13 0.08613677 
664 110 7 10 0.08609068 
657 38 8 11 0.08584203 
662 282 11 16 0.085766554 
550 104 7 9 0.08558403 
608 71 8 10 0.0855059 
184 177 8 11 0.08546634 
739 227 11 14 0.08536418 
839 260 9 10 0.08515348 
92 111 9 11 0.08495292 
651 366 23 26 0.08493954 
970 388 15 19 0.08476416 
200 166 8 10 0.084738694 
862 188 8 10 0.08439307 
777 392 21 29 0.08433962 
204 250 13 18 0.08425559 
687 120 7 9 0.084202096 
744 103 8 9 0.0841412 
857 70 8 10 0.08403527 
943 259 9 12 0.08402068 
977 80 7 10 0.083963156 
135 88 7 9 0.083933786 
745 78 8 10 0.08388335 
904 318 11 15 0.083835706 
481 109 9 12 0.083774805 
823 291 10 13 0.083723426 
934 55 7 9 0.0836166 
55 132 11 14 0.08334717 
232 32 7 8 0.0833233 
12 223 12 14 0.08332105 
880 407 17 21 0.0831976 
39 313 17 19 0.08296095 
184 22 7 9 0.08285273 
142 160 8 10 0.082567744 
609 53 7 9 0.082542285 
745 57 7 9 0.08239978 
784 243 10 12 0.082368344 
576 174 8 11 0.082300715 
903 71 8 10 0.082230136 
916 371 15 21 0.082051374 
615 207 7 10 0.081976146 
229 173 7 9 0.08178689 
757 47 7 10 0.08161735 
959 232 9 11 0.08132722 
120 259 11 15 0.08127935 
181 89 8 10 0.081197515 
175 117 7 9 0.08104538 
578 308 15 19 0.08092886 
895 285 9 13 0.08090674 
622 224 10 12 0.08070281 
818 15 8 9 0.08038964 
738 377 22 29 0.080219 
726 350 19 26 0.08021626 
311 71 7 9 0.08020058 
634 157 7 10 0.08008838 
577 156 7 9 0.08008812 
224 167 8 11 0.07994797 
537 278 11 13 0.079873934 
527 240 8 11 0.0798397 
370 352 16 19 0.079829 
181 166 7 10 0.07977806 
829 286 10 12 0.07961074 
93 224 9 11 0.079489455 
574 134 7 10 0.07931726 
896 71 6 9 0.079256244 
809 278 8 11 0.07862728 
761 323 16 18 0.07858951 
356 313 46 65 0.078271106 
176 143 7 9 0.07824167 
614 127 7 10 0.07811608 
824 421 23 28 0.07799498 
562 79 8 9 0.077940375 
384 101 7 10 0.077730976 
945 148 10 12 0.07771361 
663 45 7 9 0.07754915 
668 354 16 19 0.07744016 
251 324 13 16 0.077362046 
586 135 8 10 0.07727916 
215 176 7 9 0.077256046 
64 108 10 12 0.0771857 
172 227 25 31 0.076994 
519 136 8 9 0.076821074 
943 280 10 13 0.07675705 
95 259 12 14 0.0766189 
1005 111 8 11 0.07657572 
918 95 8 10 0.07645342 
815 105 7 9 0.07637351 
781 370 24 27 0.07601394 
800 55 8 9 0.075915106 
656 281 12 17 0.07584989 
770 95 8 10 0.0758292 
1013 88 7 10 0.075828575 
125 208 9 12 0.07582063 
888 119 8 10 0.07567781 
729 152 8 10 0.07547828 
607 105 7 9 0.0754509 
718 300 12 17 0.07535993 
126 100 8 12 0.07535199 
607 110 8 9 0.07533637 
743 248 14 16 0.07521245 
517 85 9 11 0.07519945 
78 87 7 10 0.075148284 
718 211 9 11 0.075099096 
952 47 8 11 0.074991845 
624 71 7 8 0.07488373 
-1 229 8 13 0.07487196 
929 46 8 9 0.07485446 
591 137 7 10 0.07467048 
806 95 7 9 0.074627064 
609 48 9 10 0.074438944 
246 109 8 11 0.074399814 
792 79 8 10 0.07437499 
855 46 7 9 0.07436261 
830 262 10 12 0.07433184 
937 86 7 9 0.07416882 
600 231 8 10 0.07414842 
710 353 16 19 0.074083656 
231 103 8 10 0.074038565 
47 94 8 10 0.07393983 
907 198 12 15 0.07391218 
610 120 7 8 0.07383754 
249 62 8 9 0.07378861 
903 160 8 10 0.07369461 
618 328 22 27 0.073576406 
32 264 19 24 0.07357212 
544 168 8 10 0.073225245 
281 118 9 11 0.07319334 
825 111 7 9 0.07316911 
661 175 9 10 0.07309439 
745 134 8 10 0.07308118 
78 181 10 12 0.072914 
549 6 8 10 0.07288661 
56 94 9 11 0.072675586 
105 7 8 9 0.072671466 
856 32 7 8 0.0726662 
575 221 8 11 0.07261301 
390 96 6 9 0.07257718 
248 261 23 28 0.072545886 
130 64 7 9 0.07248111 
717 197 9 11 0.07231437 
117 190 8 11 0.07230429 
483 244 11 13 0.07228891 
129 136 7 9 0.0721906 
672 215 9 11 0.07195257 
887 174 9 10 0.07176485 
373 262 12 16 0.07173338 
152 188 9 10 0.071641974 
793 173 8 11 0.071521886 
344 128 9 10 0.071521886 
713 269 11 14 0.07148232 
576 86 7 9 0.071449146 
968 255 10 11 0.07139081 
623 48 7 9 0.071094126 
577 82 7 9 0.07086302 
775 159 8 11 0.07081466 
577 217 7 9 0.070812434 
798 263 7 10 0.0707366 
649 15 8 10 0.07065148 
744 61 7 10 0.07061271 
475 363 17 20 0.07060882 
687 85 8 10 0.0705662 
583 81 7 9 0.07053902 
42 260 13 16 0.07053184 
87 228 14 16 0.07050531 
304 56 6 9 0.07038819 
633 136 7 9 0.070362546 
47 134 9 11 0.070362054 
41 157 10 13 0.070234224 
654 8 7 9 0.070166744 
665 70 8 10 0.070043124 
631 246 8 10 0.07003392 
861 301 9 11 0.070018 
119 175 8 10 0.069976434 
286 125 9 11 0.069952354 
623 134 7 9 0.06992494 
689 47 7 8 0.0695602 
1016 44 7 10 0.06952018 
880 277 10 13 0.06947334 
857 64 6 8 0.069258444 
670 258 13 14 0.069245785 
214 182 7 10 0.06899498 
72 80 8 11 0.068973176 
8 119 9 12 0.06889693 
100 469 25 33 0.06886282 
700 243 11 15 0.06863938 
102 24 7 10 0.068632856 
833 87 8 9 0.06856195 
70 136 9 10 0.06851686 
650 420 26 35 0.06842324 
48 71 7 10 0.06835557 
718 63 7 9 0.06825183 
1014 174 8 11 0.068135 
700 225 10 12 0.06812523 
382 39 7 9 0.068075076 
615 223 10 13 0.0680478 
778 86 8 9 0.068045184 
238 151 7 9 0.06796788 
208 103 7 9 0.06788047 
111 254 7 10 0.06787919 
211 95 7 9 0.06782354 
944 235 11 12 0.067756 
880 102 8 10 0.06752093 
625 62 8 10 0.06749031 
601 104 7 9 0.06748522 
990 78 7 9 0.067484364 
588 279 12 15 0.067440875 
720 339 14 18 0.06742906 
824 80 7 9 0.06737124 
783 263 8 9 0.06729059 
687 191 8 10 0.06719444 
1003 37 8 11 0.06710699 
933 63 8 9 0.06710433 
612 304 14 18 0.0670877 
718 110 8 11 0.06705821 
601 129 7 9 0.067040905 
966 95 8 10 0.06688922 
753 71 7 9 0.06686595 
390 68 7 11 0.06667098 
773 97 8 9 0.06666383 
656 168 8 9 0.06664552 
101 132 10 11 0.066581696 
270 39 9 10 0.06657956 
806 354 14 16 0.066438265 
855 215 8 11 0.066350326 
621 24 7 10 0.06631494 
192 158 8 9 0.06629803 
775 22 6 8 0.066164486 
890 246 7 11 0.06609284 
873 48 8 10 0.06601168 
943 219 9 10 0.066005744 
950 92 8 11 0.06594469 
774 260 8 11 0.06592129 
543 254 9 12 0.06590421 
503 159 8 10 0.06575173 
287 72 8 10 0.06569997 
881 177 9 11 0.06567426 
210 15 7 9 0.06561967 
926 140 7 9 0.06561764 
697 62 7 9 0.06552031 
769 7 8 10 0.0654898 
129 141 8 9 0.06548064 
838 427 16 21 0.06538988 
580 300 11 14 0.06516091 
950 387 22 25 0.065160885 
669 286 12 16 0.06515702 
696 176 8 10 0.06502415 
807 125 8 10 0.064977616 
0 300 8 15 0.064876355 
121 212 9 11 0.06471133 
688 268 11 15 0.06463126 
856 239 9 11 0.064597055 
831 181 8 10 0.064590685 
607 176 10 11 0.06438988 
639 151 8 10 0.06427773 
640 71 7 9 0.06426976 
527 159 8 10 0.06414721 
30 61 8 10 0.06410385 
14 122 10 13 0.06361891 
756 307 15 18 0.06356841 
822 253 8 11 0.063378654 
935 268 9 12 0.06336926 
118 55 8 11 0.06327883 
647 258 11 13 0.06318375 
775 182 7 9 0.063160755 
887 103 8 9 0.06304733 
136 102 8 10 0.06300114 
117 198 8 11 0.06295272 
118 61 8 10 0.06294833 
824 183 8 9 0.062887095 
71 31 7 9 0.06285976 
974 350 12 18 0.06280911 
190 154 8 9 0.06279221 
930 153 8 10 0.0626989 
124 247 9 12 0.06261271 
110 184 8 10 0.06245373 
647 87 9 11 0.062430885 
120 110 8 10 0.062425278 
895 239 8 10 0.06230553 
897 103 8 10 0.062111896 
648 68 7 10 0.062031426 
824 268 9 11 0.061973725 
848 119 7 9 0.061802197 
55 101 10 11 0.0617909 
543 329 13 16 0.061783686 
885 309 9 12 0.061769422 
649 232 9 11 0.061750814 
448 141 18 24 0.06174236 
608 213 8 10 0.061734185 
870 240 9 10 0.061724506 
886 261 8 10 0.061650347 
198 182 8 10 0.061627176 
869 396 17 20 0.061613146 
637 346 21 25 0.0616111 
934 253 8 11 0.061518397 
223 146 8 9 0.061505683 
131 188 8 11 0.06143669 
961 401 23 26 0.061423913 
223 120 8 10 0.06141435 
857 253 9 12 0.061378937 
550 296 10 13 0.061225392 
729 110 9 11 0.061148666 
229 55 8 10 0.061143257 
903 87 7 9 0.0611256 
928 276 9 13 0.061110307 
930 40 7 10 0.060998637 
855 311 11 14 0.060988806 
546 14 7 10 0.060926545 
817 79 7 8 0.06087838 
584 118 7 9 0.060815632 
1014 94 7 10 0.06080368 
158 237 11 15 0.060803134 
585 31 8 9 0.060555447 
386 63 8 12 0.060484868 
49 205 10 13 0.060086835 
566 351 19 28 0.06004786 
959 64 7 9 0.06002808 
670 159 8 10 0.059979882 
230 218 14 20 0.05996078 
182 160 8 10 0.0599484 
736 145 7 8 0.059939142 
582 204 8 10 0.05977083 
591 346 18 21 0.059667084 
660 228 10 13 0.05954718 
825 87 6 9 0.059493966 
597 251 10 13 0.05947145 
978 125 8 11 0.05940958 
590 165 8 10 0.059387784 
689 143 8 10 0.059360854 
37 307 16 17 0.059357308 
503 165 7 9 0.05924784 
904 230 10 11 0.059206136 
231 87 9 12 0.059147496 
554 119 8 10 0.05912279 
949 134 8 10 0.05909743 
87 183 9 11 0.059054997 
176 7 7 9 0.059030313 
704 71 8 9 0.059009835 
662 38 8 12 0.05895424 
498 326 14 17 0.058864873 
840 41 7 9 0.05886319 
639 158 8 9 0.05885336 
874 54 7 10 0.058773227 
575 296 11 15 0.058673263 
639 85 8 11 0.05865433 
392 47 8 9 0.058616802 
182 143 6 8 0.058615796 
360 23 8 10 0.05854625 
295 104 8 10 0.05854265 
990 128 8 10 0.058380485 
967 408 24 28 0.058379225 
313 23 7 10 0.058370132 
937 339 14 17 0.0583131 
631 207 8 11 0.058266558 
679 61 7 10 0.057936788 
202 48 7 9 0.057836317 
360 39 7 8 0.057825793 
233 14 7 9 0.057762828 
297 63 7 8 0.05760081 
678 49 8 9 0.057597347 
972 180 10 12 0.057596102 
625 80 7 9 0.057554934 
648 110 7 10 0.05753351 
933 175 9 11 0.057515606 
712 116 7 10 0.057426184 
604 355 16 20 0.057410594 
114 455 46 55 0.057365894 
484 268 15 19 0.05731641 
97 127 8 10 0.057226583 
934 151 8 11 0.057191893 
609 144 8 10 0.0570931 
849 40 6 9 0.057016853 
863 102 7 10 0.056922182 
933 46 7 10 0.0569069 
658 394 15 21 0.05685251 
951 61 7 9 0.05680266 
239 31 7 9 0.0568015 
921 247 8 11 0.056749728 
828 315 11 14 0.056675978 
296 109 8 10 0.0566365 
23 79 9 11 0.056600466 
744 166 7 10 0.05658646 
630 366 20 26 0.05657289 
30 296 16 20 0.056465335 
551 111 7 9 0.05637242 
584 112 7 9 0.056370787 
40 172 9 12 0.056313988 
896 300 10 13 0.056245204 
945 416 37 43 0.056199316 
559 209 8 10 0.056148782 
54 180 10 13 0.056131035 
768 102 9 10 0.05610729 
886 317 10 13 0.05609641 
15 135 10 11 0.056074444 
811 346 15 18 0.056028727 
338 39 7 8 0.05600321 
846 413 23 28 0.055998545 
11 183 12 15 0.05593801 
798 79 7 9 0.055891015 
159 121 7 9 0.055767428 
121 151 7 9 0.055704717 
348 222 19 24 0.055667147 
908 331 12 17 0.05563133 
573 48 8 10 0.05563066 
686 199 10 11 0.05561953 
823 263 9 12 0.055574697 
511 176 9 11 0.055393603 
730 64 7 10 0.055324532 
63 15 6 9 0.055233303 
29 182 11 14 0.05518198 
246 25 7 9 0.055173673 
234 185 8 11 0.05516032 
714 63 8 10 0.055101078 
125 266 11 14 0.054987025 
52 259 10 13 0.054939248 
872 97 8 9 0.054936126 
838 198 7 9 0.05493548 
567 232 9 11 0.05491855 
100 229 10 13 0.05490843 
310 118 8 10 0.05480447 
872 32 7 9 0.054789208 
885 232 8 11 0.05478269 
968 87 8 10 0.05469503 
632 253 10 12 0.054676328 
819 324 13 17 0.054581184 
526 57 8 9 0.05452027 
837 101 7 9 0.054516293 
986 187 11 14 0.05432923 
247 7 8 9 0.05429377 
646 56 7 9 0.054289788 
1004 117 8 10 0.054287635 
627 117 8 10 0.05422066 
740 352 19 22 0.054200515 
657 135 7 9 0.0540253 
248 104 7 9 0.053996716 
259 118 8 10 0.053991377 
601 152 6 8 0.053876642 
578 205 8 10 0.05383723 
960 71 7 9 0.05376647 
38 80 8 11 0.05376476 
849 206 8 10 0.053700086 
717 190 10 11 0.053695492 
719 104 8 10 0.05366921 
811 270 9 11 0.05366697 
142 182 8 10 0.05364687 
761 111 7 8 0.05340526 
736 158 9 11 0.05335394 
897 151 7 9 0.05329821 
969 347 12 15 0.053208373 
997 181 10 11 0.053204816 
608 193 7 9 0.053158727 
777 39 8 8 0.053083163 
773 7 8 10 0.0530528 
885 295 9 12 0.05302738 
945 168 10 12 0.05302394 
865 290 10 14 0.052975066 
687 159 8 10 0.052960888 
104 221 9 11 0.052912317 
168 40 7 10 0.052860722 
889 71 7 9 0.052827224 
329 56 8 9 0.052751243 
686 219 10 13 0.052749943 
733 111 8 10 0.052704837 
817 61 8 9 0.05268835 
967 393 21 25 0.052651882 
791 31 7 9 0.052633766 
233 203 10 12 0.052577253 
665 190 10 12 0.052553114 
145 57 7 9 0.05251641 
641 176 8 10 0.052491136 
383 47 8 10 0.05242734 
735 15 8 10 0.052409045 
778 137 7 10 0.0523939 
55 64 8 10 0.052391194 
598 93 8 10 0.05230869 
781 385 19 23 0.05229936 
569 64 8 10 0.05213247 
718 80 7 10 0.052095957 
79 167 8 11 0.05208798 
58 174 8 12 0.05204019 
633 143 7 9 0.05202889 
823 301 10 14 0.05197459 
902 375 14 19 0.051959366 
190 120 8 9 0.051952526 
240 145 7 9 0.051952034 
617 161 8 9 0.051944308 
991 87 7 9 0.051895935 
558 132 7 10 0.051840007 
609 374 18 23 0.05182082 
664 360 24 29 0.051766504 
837 346 12 16 0.051753238 
991 109 9 11 0.0517168 
225 55 8 11 0.05170109 
566 262 9 11 0.05168584 
927 96 7 9 0.051632896 
62 46 7 9 0.051628888 
208 175 7 10 0.051626693 
135 63 6 8 0.051575493 
793 50 6 8 0.051548705 
335 56 7 8 0.051533572 
659 44 7 10 0.051489532 
659 159 8 10 0.05146586 
550 14 7 10 0.051458042 
293 8 8 9 0.051418316 
136 111 8 9 0.05138622 
494 216 9 11 0.05137148 
871 231 9 10 0.051327184 
7 135 10 11 0.051284064 
904 295 10 12 0.051200088 
207 54 7 9 0.051177222 
25 180 10 14 0.051158357 
227 88 7 9 0.051112317 
235 189 9 13 0.05106721 
507 254 13 16 0.050848998 
839 78 7 10 0.050793126 
929 88 6 8 0.05076647 
614 72 8 10 0.050742857 
88 32 8 10 0.050725613 
833 215 8 11 0.050723456 
685 102 8 9 0.05071395 
975 56 8 9 0.05059412 
144 61 7 9 0.050569236 
320 85 7 9 0.050462134 
809 160 9 11 0.05045668 
873 68 7 10 0.050453175 
268 227 12 16 0.050427895 
2 486 21 29 0.05040519 
129 88 8 11 0.050356407 
567 80 7 9 0.050299313 
232 9 8 9 0.05023207 
767 32 6 9 0.050187092 
48 79 7 11 0.05013026 
200 63 7 9 0.05011294 
87 216 10 12 0.050070107 
920 47 7 10 0.05006364 
191 176 8 10 0.050018266 
933 71 8 9 0.05001494 
654 79 8 9 0.049984913 
1007 79 8 10 0.049982015 
782 37 7 9 0.049966406 
698 56 7 9 0.049901363 
931 79 7 9 0.04987336 
769 88 7 9 0.049856007 
694 72 8 10 0.049780734 
944 128 9 11 0.04975859 
814 136 8 11 0.049749814 
70 163 10 13 0.04974896 
646 152 7 9 0.049736645 
778 80 8 10 0.049680077 
580 251 12 13 0.04965057 
854 7 7 8 0.04964351 
382 79 7 10 0.04957747 
933 181 9 11 0.049553372 
240 8 8 9 0.04953372 
794 140 8 10 0.049496695 
167 23 7 9 0.049467456 
215 129 7 9 0.049398858 
312 136 10 11 0.049311623 
544 173 8 10 0.049284954 
608 240 10 12 0.04928399 
713 158 7 9 0.049283374 
583 189 7 10 0.04924399 
353 302 16 20 0.0492102 
784 33 7 10 0.0491001 
609 209 7 9 0.048996974 
881 432 17 22 0.04894125 
947 62 8 10 0.048843704 
151 249 13 17 0.048816048 
622 314 15 20 0.048784513 
878 63 8 10 0.04871321 
837 96 7 9 0.048712455 
217 39 7 9 0.04867406 
69 151 9 11 0.0485081 
239 270 11 14 0.048391033 
528 166 7 8 0.048390023 
834 71 7 8 0.048377916 
649 169 7 8 0.04837369 
817 252 9 12 0.04833899 
855 136 8 10 0.04832574 
69 141 8 11 0.048232015 
286 55 7 9 0.04822097 
957 349 11 13 0.04821291 
944 87 7 10 0.04811438 
379 134 10 12 0.0481134 
783 301 13 18 0.04808348 
62 41 7 9 0.04806181 
720 172 9 11 0.04805144 
89 276 10 13 0.048043616 
273 93 7 10 0.047982033 
65 80 8 10 0.04796852 
17 79 8 11 0.047848444 
768 142 7 9 0.0477866 
228 168 9 11 0.04777087 
208 128 7 10 0.04776919 
920 32 8 9 0.047759775 
74 38 8 9 0.047745068 
880 256 9 11 0.047743242 
63 55 7 9 0.04772059 
940 431 28 35 0.047667805 
189 16 8 9 0.04765908 
151 31 8 10 0.047657385 
259 234 15 19 0.047624253 
150 136 7 9 0.047589883 
791 116 8 10 0.04753848 
832 46 7 9 0.047463175 
66 23 7 9 0.047448553 
587 413 30 34 0.04743966 
51 250 12 16 0.047437485 
831 277 8 12 0.047427963 
306 72 7 9 0.047351245 
824 126 9 11 0.04734432 
592 38 7 9 0.04730355 
331 231 21 32 0.047297113 
847 23 7 8 0.047285743 
944 378 15 21 0.04718874 
641 47 7 9 0.047185924 
904 47 7 9 0.04707176 
664 224 9 11 0.047064744 
839 72 6 8 0.047048174 
264 112 8 11 0.04704089 
219 167 6 9 0.047010817 
528 150 8 11 0.04697812 
639 247 8 11 0.046972487 
281 56 7 9 0.046967916 
881 261 8 10 0.046965636 
622 359 22 27 0.046954304 
135 134 8 9 0.046898086 
312 14 7 9 0.046842173 
732 87 9 12 0.04680716 
624 183 7 9 0.04674291 
581 221 8 11 0.046693087 
513 7 8 10 0.04668067 
862 77 8 10 0.046630733 
285 120 8 9 0.046614807 
712 55 7 9 0.046599653 
984 46 7 10 0.0465978 
903 39 7 10 0.046559826 
69 103 8 10 0.046478923 
1002 64 7 10 0.046450976 
768 159 7 10 0.046440013 
368 219 11 14 0.04642796 
254 237 13 16 0.04640504 
945 110 8 10 0.046389323 
729 80 7 9 0.046311904 
219 120 7 9 0.04627221 
878 54 8 9 0.046263404 
670 72 8 10 0.046258714 
343 292 13 18 0.04625606 
975 112 8 10 0.046184104 
129 119 8 9 0.046177175 
474 258 23 29 0.04615556 
319 63 8 10 0.046109345 
185 16 7 10 0.0460196 
837 87 8 10 0.04601906 
975 45 7 9 0.04595249 
534 119 8 10 0.04594115 
812 387 25 31 0.04588485 
919 38 7 9 0.0458794 
566 270 18 23 0.045828044 
129 57 6 9 0.045776106 
687 125 7 10 0.045687128 
203 54 7 9 0.045676257 
864 40 7 9 0.045665655 
661 238 10 13 0.045647644 
575 64 7 9 0.045629617 
607 230 9 10 0.045584552 
960 109 9 11 0.045583993 
14 140 10 11 0.045525007 
995 434 17 25 0.045432065 
887 111 8 9 0.045413133 
798 232 8 10 0.045283638 
585 128 8 10 0.045273677 
567 128 7 9 0.045201007 
566 401 21 29 0.045163315 
570 87 7 8 0.045142632 
353 121 7 10 0.045117725 
653 87 8 10 0.045101188 
602 69 8 10 0.045001615 
191 32 8 10 0.04492254 
727 207 9 12 0.044912577 
79 262 10 15 0.044906635 
575 344 15 21 0.044815987 
94 203 9 11 0.04468284 
856 245 9 11 0.04467937 
560 156 8 9 0.04466763 
845 315 13 16 0.044577587 
906 369 18 25 0.044503827 
504 152 8 9 0.044503458 
971 382 13 16 0.044357896 
839 277 10 13 0.04433746 
353 218 9 12 0.04432088 
53 69 8 11 0.04429853 
872 183 8 10 0.044270765 
320 23 6 9 0.044256628 
869 166 10 12 0.04422252 
904 96 8 9 0.044221174 
171 111 7 10 0.044190045 
961 96 8 10 0.044155404 
240 88 8 9 0.044146344 
695 149 6 8 0.04414448 
716 292 13 17 0.04413126 
905 64 7 9 0.044109818 
75 53 8 10 0.04409861 
93 118 8 10 0.044089895 
902 167 8 10 0.044009987 
109 127 8 11 0.043984734 
191 64 8 9 0.04393882 
793 97 7 9 0.043928754 
112 111 8 10 0.043925423 
24 104 8 10 0.04390798 
59 211 10 13 0.043888412 
958 144 9 11 0.04380127 
903 115 9 11 0.04380011 
70 24 7 9 0.04374227 
642 62 8 11 0.043736998 
778 71 7 9 0.043662738 
971 56 7 8 0.043638602 
401 86 8 10 0.043622736 
200 174 8 10 0.04361227 
541 268 10 13 0.04354821 
127 168 7 10 0.043523513 
930 56 7 8 0.043497697 
512 212 8 10 0.043482203 
553 131 8 11 0.04347481 
314 105 8 9 0.043463375 
703 56 7 9 0.043454707 
79 93 8 10 0.04342033 
312 64 7 8 0.043358874 
702 102 7 9 0.04335528 
519 244 9 11 0.04332408 
153 120 7 9 0.043237418 
552 248 7 10 0.043211706 
87 269 9 11 0.043132603 
694 145 7 8 0.04305512 
497 96 8 9 0.043016165 
280 22 7 9 0.042983394 
689 166 8 10 0.042927727 
44 150 10 12 0.042902913 
359 110 7 9 0.042893786 
943 95 8 10 0.042870693 
1000 47 7 10 0.04286351 
342 143 9 11 0.04284397 
706 149 7 10 0.0428066 
823 72 7 9 0.042798046 
646 335 16 20 0.04278952 
8 227 12 16 0.042776924 
734 117 8 10 0.042766277 
520 80 8 10 0.04273686 
1016 108 7 11 0.042731363 
855 40 7 8 0.04252794 
979 413 16 23 0.04248133 
960 262 10 11 0.042474113 
295 13 8 10 0.04246796 
774 248 9 12 0.042467497 
857 78 7 10 0.04238182 
758 53 7 9 0.042360287 
513 144 8 10 0.042357117 
248 143 7 9 0.042311713 
193 136 7 9 0.042309728 
887 238 8 10 0.042285293 
934 331 15 19 0.04227493 
858 111 8 9 0.04226491 
751 230 10 12 0.042241078 
162 15 7 10 0.042232916 
662 64 9 10 0.042225186 
677 174 8 10 0.04220899 
1015 101 9 12 0.042190522 
125 28 7 10 0.042145308 
221 207 9 11 0.042121287 
136 152 8 10 0.042117715 
981 451 26 39 0.042110045 
589 161 8 10 0.04208056 
360 30 7 10 0.04203738 
563 253 10 13 0.042026736 
690 229 11 14 0.041983668 
264 46 7 8 0.041963197 
777 32 7 9 0.04193957 
272 5 7 9 0.041927878 
558 175 8 10 0.041898623 
651 104 7 9 0.04188488 
680 145 7 10 0.0418243 
624 288 10 14 0.04173843 
910 404 16 19 0.041720275 
824 119 8 10 0.04167408 
113 246 9 12 0.04163271 
849 45 8 10 0.041604243 
607 197 8 9 0.04159538 
384 53 8 9 0.0415952 
616 64 7 9 0.04156122 
460 116 11 16 0.041548073 
544 110 7 8 0.041545566 
183 62 7 9 0.041471116 
886 254 9 11 0.041408636 
345 71 8 9 0.041343857 
312 212 10 12 0.041328542 
613 293 12 14 0.041316845 
773 15 8 10 0.041293312 
880 450 27 32 0.04123615 
541 248 9 10 0.041212313 
43 72 7 9 0.041165043 
735 234 11 14 0.04115573 
914 39 7 9 0.041102882 
888 40 7 9 0.041065462 
262 228 13 16 0.041038852 
9 124 9 12 0.040992074 
280 190 13 14 0.040986855 
653 14 8 10 0.040986013 
701 252 12 14 0.040954415 
929 119 8 9 0.04094562 
856 321 12 17 0.040935103 
598 40 7 10 0.04090408 
161 176 8 11 0.040902883 
536 239 9 11 0.040896565 
768 23 8 9 0.04086971 
693 77 8 9 0.040867466 
821 316 12 16 0.04086365 
687 150 8 10 0.04083914 
90 88 8 10 0.04080012 
71 247 9 11 0.040700614 
846 286 10 12 0.040691733 
700 259 12 16 0.040642973 
629 376 23 30 0.040620644 
249 57 7 9 0.040609986 
901 237 11 12 0.040573657 
217 150 7 9 0.0405731 
535 253 9 11 0.04054484 
304 171 9 13 0.04045695 
977 7 8 9 0.04044841 
702 63 7 9 0.040418908 
242 24 7 10 0.040399235 
158 234 21 28 0.040383007 
704 119 7 9 0.040340472 
960 182 9 11 0.040313974 
567 69 8 10 0.0403052 
0 290 10 18 0.04027957 
56 110 9 11 0.040264823 
629 100 8 10 0.04019279 
910 448 17 23 0.04018275 
878 48 7 9 0.040161382 
45 166 9 11 0.04016101 
773 290 13 16 0.040158242 
606 86 8 10 0.0401559 
712 296 12 17 0.040069617 
807 181 9 11 0.04005898 
117 86 9 11 0.039982647 
808 174 9 11 0.039957996 
1001 78 8 10 0.03994777 
1004 246 10 13 0.039935943 
802 48 7 10 0.039929297 
664 151 7 9 0.03991239 
781 135 8 10 0.039905973 
965 259 12 14 0.03988526 
1005 102 8 10 0.0398362 
148 476 26 37 0.03982882 
875 284 11 14 0.039822638 
264 71 8 9 0.039790593 
216 46 7 10 0.03972666 
701 176 8 10 0.039712306 
93 269 11 14 0.039695095 
136 79 7 11 0.039673273 
862 71 7 10 0.039646294 
729 47 7 8 0.039609417 
536 224 8 11 0.039602626 
838 148 7 11 0.039592236 
585 23 7 9 0.039579798 
680 134 7 9 0.03950816 
566 110 7 9 0.039468825 
542 49 7 9 0.039375454 
937 102 7 10 0.03936754 
762 119 9 12 0.039324384 
327 80 7 9 0.039320275 
367 290 22 26 0.03928833 
607 133 7 9 0.03928707 
209 71 7 9 0.039230004 
866 21 8 9 0.03921834 
349 71 8 9 0.039215215 
922 136 8 11 0.039167505 
209 182 8 10 0.039161343 
512 54 7 9 0.039146308 
566 105 7 9 0.03907202 
898 158 8 10 0.03904731 
890 333 16 20 0.039039914 
554 209 8 9 0.039023776 
890 97 7 9 0.039007984 
63 161 10 14 0.039004978 
280 17 7 9 0.03898275 
703 112 7 9 0.038963713 
222 213 10 12 0.03895718 
551 183 8 10 0.038908646 
767 197 8 11 0.03890374 
538 112 7 8 0.03890049 
751 53 8 10 0.038896367 
886 181 8 11 0.038864594 
977 95 8 9 0.0387477 
566 204 9 11 0.038716972 
337 103 8 10 0.038697805 
559 89 7 9 0.038676634 
959 34 8 9 0.03863393 
111 232 10 13 0.038629316 
555 95 7 9 0.03861143 
224 124 8 10 0.03854222 
120 48 7 9 0.038497932 
989 447 15 23 0.0384945 
809 102 7 10 0.038485367 
144 164 8 10 0.038485333 
782 71 8 10 0.038478084 
934 277 10 13 0.03846316 
609 22 7 9 0.0384496 
335 72 7 8 0.038437866 
491 338 26 30 0.03843073 
904 78 7 9 0.03839551 
568 31 7 10 0.038365863 
344 284 11 15 0.038337648 
371 274 14 18 0.0383043 
858 165 10 11 0.03826936 
319 72 7 9 0.038267527 
593 103 6 9 0.038260553 
614 240 8 10 0.038221322 
826 104 7 9 0.038203318 
614 174 8 10 0.038190123 
343 57 8 9 0.038169924 
812 274 11 14 0.038113594 
166 232 14 19 0.03804096 
423 8 8 9 0.03804053 
956 342 10 13 0.038027592 
31 284 23 27 0.037986282 
624 38 8 10 0.037958454 
296 32 7 9 0.037940618 
997 378 15 20 0.03790637 
360 14 9 11 0.037888028 
830 292 11 14 0.037819985 
226 104 7 9 0.03779636 
660 385 23 31 0.03778759 
337 87 7 8 0.0377438 
830 308 10 14 0.0377394 
686 205 12 13 0.037648093 
938 95 7 10 0.037636615 
341 111 7 9 0.03760546 
857 176 10 11 0.03759571 
977 119 9 10 0.03759229 
779 363 18 21 0.037544478 
841 335 9 12 0.037539728 
929 62 8 10 0.03747794 
87 104 8 10 0.037464153 
803 391 16 21 0.03744561 
625 244 10 11 0.0374308 
701 199 9 12 0.03742274 
96 78 8 10 0.037389856 
144 22 7 9 0.037388764 
581 172 8 11 0.037362546 
525 144 8 9 0.037341386 
990 73 7 9 0.037338164 
855 271 9 12 0.037288185 
973 189 10 13 0.037284974 
558 168 8 10 0.037232734 
574 282 11 14 0.037210822 
909 136 8 10 0.037177864 
207 151 7 9 0.037175495 
520 260 9 13 0.037114937 
56 25 7 8 0.03710205 
782 291 12 15 0.037074715 
574 240 9 11 0.03706636 
208 49 7 9 0.037059445 
58 40 7 9 0.037026674 
215 160 7 9 0.03701655 
799 8 7 9 0.036998123 
415 40 8 10 0.036976147 
684 275 12 15 0.036970887 
518 212 8 10 0.036949817 
914 1 8 9 0.036894083 
621 29 9 11 0.03687674 
583 102 7 9 0.036842935 
756 310 22 26 0.03682781 
970 80 8 9 0.03681671 
710 423 26 34 0.03680221 
802 87 7 9 0.03678286 
320 47 7 8 0.03676028 
925 295 10 12 0.03674998 
176 46 7 8 0.036693677 
145 15 8 10 0.036661834 
796 237 9 12 0.036660288 
121 71 7 9 0.036625933 
305 31 8 9 0.03658519 
0 101 8 14 0.036580436 
767 64 8 9 0.036570113 
582 239 8 10 0.036568075 
771 54 7 9 0.03656474 
806 283 9 13 0.036548194 
697 111 8 10 0.03645648 
19 234 12 14 0.036454685 
839 316 11 16 0.03644663 
97 72 7 10 0.036403723 
16 85 9 11 0.03637587 
856 141 8 11 0.036368195 
906 55 8 10 0.036347307 
639 143 7 9 0.036318704 
337 24 6 8 0.03630302 
941 370 14 19 0.0362446 
162 23 7 9 0.036234457 
728 117 8 10 0.036167823 
223 190 9 11 0.036119886 
278 93 8 10 0.036119502 
297 118 8 10 0.036118902 
578 120 6 8 0.036093567 
222 40 6 9 0.036058493 
37 181 12 15 0.03605382 
954 404 19 22 0.036047477 
90 14 8 11 0.036035143 
234 39 7 9 0.036007445 
847 175 8 10 0.035959307 
743 209 8 10 0.03593864 
724 245 10 12 0.03590561 
121 117 8 10 0.035905372 
149 14 7 10 0.03589172 
393 40 7 9 0.0358726 
837 145 7 10 0.03586417 
858 189 8 10 0.035837233 
363 233 25 36 0.035787053 
351 289 44 66 0.035786554 
244 171 9 12 0.035774127 
949 260 10 11 0.035741497 
711 280 15 18 0.035717603 
278 78 7 10 0.035692032 
667 78 8 10 0.03568633 
622 160 7 9 0.03557029 
625 4 9 11 0.03556519 
545 104 8 10 0.0355439 
598 237 10 11 0.035525247 
799 14 7 8 0.035497338 
750 7 8 9 0.035494465 
127 151 7 10 0.03548087 
246 46 8 10 0.03547762 
110 207 9 11 0.035470583 
78 68 8 11 0.035441317 
727 144 7 8 0.03542412 
502 314 13 16 0.03537615 
559 259 11 15 0.03537547 
592 63 7 9 0.03535599 
312 87 8 9 0.035326052 
150 216 9 12 0.03532407 
647 174 7 10 0.03529334 
775 152 8 10 0.035270926 
97 133 10 12 0.035270844 
208 63 7 8 0.035265476 
305 24 7 9 0.035249677 
343 64 8 9 0.035198864 
920 311 10 13 0.035158433 
751 79 8 10 0.03511165 
784 63 8 10 0.03510869 
56 119 10 12 0.03509831 
600 200 7 10 0.035095487 
917 167 8 10 0.035091106 
367 260 20 26 0.035079196 
336 32 6 8 0.03505041 
871 189 8 10 0.035044134 
805 324 15 17 0.035012484 
928 102 7 9 0.03501002 
849 94 7 9 0.034978874 
757 86 8 10 0.034960147 
912 166 7 10 0.034938637 
159 198 9 11 0.034912862 
893 190 9 12 0.03490062 
238 158 9 11 0.034889318 
223 60 8 10 0.034871593 
103 195 11 13 0.03484186 
207 111 7 9 0.03484175 
792 233 10 12 0.034838118 
910 192 9 11 0.03480199 
872 38 7 9 0.034777317 
703 40 7 10 0.034763847 
297 88 8 10 0.034755968 
874 357 17 19 0.034750793 
353 39 7 9 0.034749866 
650 343 17 21 0.034702875 
947 71 7 8 0.034698065 
970 39 7 10 0.034698002 
513 149 9 11 0.034676544 
485 199 9 12 0.0346557 
979 245 13 15 0.034630563 
858 55 8 10 0.034621466 
952 180 9 11 0.03461006 
377 32 8 10 0.03458525 
48 102 9 11 0.034552924 
832 80 8 10 0.034537386 
21 126 10 12 0.034531202 
904 137 9 11 0.03450482 
342 41 8 9 0.034474984 
895 180 9 11 0.034470234 
648 40 8 9 0.034446 
206 145 7 8 0.034431234 
94 165 9 11 0.034412947 
327 14 8 10 0.034399748 
358 56 7 8 0.03434001 
787 292 13 15 0.03431813 
103 208 10 11 0.034281284 
665 257 11 15 0.0342765 
607 250 10 13 0.03425468 
642 15 7 9 0.034202967 
814 319 13 15 0.03419581 
90 23 8 10 0.034145974 
167 63 6 9 0.034138106 
343 119 9 11 0.034137975 
610 223 8 11 0.03413276 
57 165 8 11 0.03412553 
967 110 8 10 0.034121618 
206 256 14 18 0.034118544 
337 64 7 9 0.03410746 
79 39 7 9 0.034091193 
573 403 25 34 0.034077045 
152 177 8 9 0.034028035 
945 49 8 10 0.03402238 
919 54 7 9 0.034012333 
757 72 7 9 0.034002192 
901 328 13 19 0.03399672 
494 263 12 15 0.033988524 
246 285 13 15 0.033967867 
190 37 7 9 0.03391313 
33 46 6 8 0.033901587 
810 31 8 10 0.033881836 
48 222 13 16 0.033873547 
864 368 14 18 0.03386506 
862 57 7 8 0.03386326 
402 80 8 9 0.03385099 
144 190 8 10 0.033845406 
353 80 7 9 0.033827975 
529 134 8 10 0.033818565 
298 94 7 9 0.033808284 
911 126 8 10 0.033774734 
614 77 7 10 0.03376392 
989 372 15 19 0.033758417 
46 141 8 11 0.033757873 
359 103 7 10 0.033692297 
93 56 8 10 0.03369066 
984 85 7 9 0.03368964 
126 77 9 11 0.033657167 
722 298 15 20 0.033603653 
808 136 9 10 0.03357619 
206 119 7 10 0.03355532 
743 141 8 10 0.033495933 
138 23 7 9 0.033489056 
119 168 8 11 0.033461407 
656 153 7 8 0.033454705 
278 88 7 9 0.033422712 
807 89 8 9 0.033422552 
544 300 12 17 0.033387467 
1012 191 10 13 0.0333688 
945 80 7 9 0.033360094 
60 244 11 15 0.03333893 
951 72 7 9 0.0333257 
0 115 9 13 0.033314567 
880 216 8 9 0.03328743 
648 79 7 9 0.033266135 
662 32 7 9 0.033195697 
166 15 7 9 0.03316998 
17 94 8 10 0.033151165 
967 128 7 10 0.033145323 
712 260 13 17 0.03313408 
261 62 7 10 0.03311641 
153 48 6 9 0.03304905 
987 411 13 19 0.033040676 
217 62 6 9 0.033035208 
1 487 11 19 0.03299704 
720 56 7 8 0.032974884 
929 111 7 9 0.032959536 
675 245 11 14 0.032944676 
782 167 8 10 0.032881297 
919 113 7 9 0.032848164 
95 214 8 11 0.03282353 
874 348 14 17 0.032821666 
969 247 10 11 0.032805305 
159 142 8 10 0.032804113 
860 349 18 24 0.032790136 
584 86 6 8 0.03276371 
689 32 8 10 0.032744884 
782 174 8 10 0.03273603 
336 95 8 9 0.03272751 
177 40 6 9 0.03270154 
712 250 21 24 0.032692537 
861 396 17 19 0.032679282 
295 72 7 9 0.032654155 
958 174 8 11 0.03264192 
126 175 7 8 0.032637935 
994 55 7 8 0.032630283 
744 8 8 10 0.03262681 
233 93 8 11 0.032605827 
191 112 8 9 0.03260436 
23 173 11 14 0.032601114 
215 273 13 19 0.032596428 
543 136 7 10 0.032519914 
537 169 7 9 0.032519832 
0 235 8 13 0.032513924 
378 84 8 11 0.03250583 
39 140 9 11 0.032504674 
993 133 8 11 0.032481436 
77 198 9 12 0.032471653 
560 111 7 9 0.032439534 
17 102 8 10 0.03243946 
919 360 19 27 0.03243676 
296 127 7 9 0.03243551 
352 143 10 12 0.032423392 
379 103 7 10 0.03241395 
415 65 7 9 0.032400183 
490 221 10 12 0.03239822 
155 127 7 9 0.032367803 
710 240 10 11 0.032364666 
53 79 8 11 0.032322038 
725 134 7 10 0.032315586 
554 151 8 10 0.032301318 
999 53 6 9 0.032294177 
77 127 9 10 0.0322924 
766 109 8 9 0.032273266 
640 180 8 10 0.03226241 
202 104 7 9 0.032255147 
902 31 8 10 0.03221942 
774 119 7 10 0.032200426 
313 46 6 8 0.032186512 
751 111 7 10 0.032121453 
134 7 8 9 0.03211455 
957 283 12 14 0.03206804 
953 119 7 10 0.032065526 
761 125 10 12 0.03205917 
530 120 8 10 0.032048028 
777 189 8 11 0.032035522 
127 112 8 9 0.032012552 
183 103 8 10 0.031999346 
231 125 8 10 0.031997927 
674 252 13 15 0.03199059 
541 238 9 11 0.031980846 
570 223 9 10 0.031969007 
746 96 7 9 0.03190259 
541 151 7 11 0.03189731 
649 22 7 9 0.031895652 
549 252 10 13 0.03189333 
176 199 9 10 0.031884722 
853 207 9 11 0.03188159 
216 205 9 12 0.03187643 
682 2 8 9 0.031860005 
761 104 9 10 0.03182202 
578 103 8 9 0.03181303 
550 393 22 31 0.03180789 
520 157 9 11 0.031728238 
584 184 7 10 0.031712357 
632 84 8 10 0.0317123 
724 252 11 15 0.031668417 
44 195 12 14 0.031667188 
215 33 7 8 0.031654224 
991 5 9 9 0.031629544 
944 248 11 13 0.03158303 
289 88 6 9 0.031572007 
949 103 8 10 0.03153678 
321 39 7 9 0.031520754 
888 169 9 10 0.031508747 
217 145 7 9 0.031496424 
162 63 8 10 0.031491183 
22 187 14 20 0.031480677 
799 72 8 10 0.031466577 
582 229 8 10 0.031464305 
247 79 7 10 0.03142692 
276 226 12 16 0.031426497 
224 23 7 9 0.031406373 
391 16 7 8 0.031390592 
847 183 7 10 0.03138372 
798 268 7 10 0.031372953 
741 152 9 11 0.031337492 
336 46 8 10 0.031320173 
260 285 12 16 0.03131221 
771 47 8 11 0.03127429 
808 263 10 12 0.031266015 
382 32 8 10 0.031250924 
705 47 7 8 0.03118247 
675 261 15 16 0.031179791 
879 33 7 9 0.031165605 
398 40 7 8 0.031162683 
134 70 7 10 0.031129735 
386 69 8 11 0.031124767 
551 3 8 8 0.031109355 
1015 39 8 11 0.031102613 
689 39 8 9 0.031098498 
720 119 8 10 0.031087004 
910 160 7 10 0.031059742 
246 41 8 10 0.031058742 
871 175 8 10 0.031040102 
327 119 8 9 0.031029863 
912 119 7 9 0.031020887 
343 221 11 16 0.030984696 
142 128 8 9 0.03095924 
671 275 13 17 0.030934865 
522 55 7 10 0.030931845 
968 186 9 13 0.030878706 
32 128 11 14 0.030878223 
152 149 7 9 0.030793829 
966 71 8 8 0.030775554 
844 275 11 14 0.030743562 
679 168 8 8 0.030736059 
566 158 8 9 0.03073193 
894 97 7 9 0.030719226 
879 38 7 9 0.030702148 
501 198 9 12 0.03066725 
209 30 7 9 0.030656453 
307 245 31 34 0.030652605 
735 21 7 10 0.03064911 
22 251 13 18 0.030619463 
380 277 13 17 0.03056107 
865 230 9 11 0.030561024 
950 127 8 11 0.030553937 
145 119 8 10 0.030550485 
78 135 9 11 0.030537453 
114 80 8 10 0.030519847 
889 199 9 13 0.030482361 
600 206 8 9 0.030477837 
794 15 6 9 0.030473387 
735 78 8 10 0.030470062 
177 63 7 8 0.030408185 
840 56 8 9 0.030395083 
360 275 10 14 0.030392328 
378 139 9 12 0.030372888 
520 72 8 10 0.030354496 
583 45 9 10 0.03030445 
207 158 8 10 0.030302076 
167 56 7 9 0.030299738 
892 198 10 12 0.030298239 
823 40 8 9 0.030291585 
94 9 9 10 0.030269673 
792 61 7 9 0.030242825 
771 220 12 13 0.030238925 
358 217 9 12 0.030169895 
133 278 12 15 0.030166198 
879 271 10 12 0.03009303 
928 125 8 10 0.030047009 
271 45 7 9 0.03004466 
919 5 7 9 0.030026585 
745 127 8 10 0.03001301 
552 361 15 19 0.029992664 
673 175 8 10 0.029990558 
176 105 8 9 0.0299739 
441 38 7 9 0.029946575 
693 167 8 10 0.029917028 
985 73 8 10 0.029909015 
736 8 9 10 0.0298839 
337 144 9 11 0.029858269 
270 112 8 10 0.029847482 
847 16 8 10 0.029830987 
607 404 18 22 0.02981722 
321 126 9 10 0.029814107 
186 152 7 9 0.029739061 
154 95 7 9 0.029729955 
182 194 10 12 0.029695602 
600 46 7 10 0.029691625 
840 192 7 10 0.02967351 
563 15 7 9 0.029640047 
814 32 8 10 0.029624121 
190 126 7 9 0.029604478 
687 111 7 9 0.029581482 
511 80 9 11 0.029576365 
894 127 8 10 0.029526772 
727 182 8 10 0.029516073 
934 119 7 10 0.02951561 
505 214 9 10 0.02949577 
624 214 8 9 0.029485105 
607 392 18 25 0.02946919 
756 251 13 16 0.029457083 
214 196 9 11 0.029451247 
670 143 7 9 0.029443674 
184 56 7 9 0.029399812 
297 79 7 8 0.029399414 
151 55 7 9 0.02939333 
593 200 7 9 0.029384986 
846 334 10 14 0.029337505 
695 263 12 16 0.02931329 
761 132 9 13 0.02927232 
781 190 8 11 0.0292668 
887 282 10 14 0.029243657 
303 88 8 10 0.029240161 
658 117 7 9 0.029169582 
817 354 14 17 0.029166266 
1001 416 23 26 0.029148873 
122 133 8 11 0.029143248 
880 7 7 10 0.029123066 
844 321 13 18 0.029111668 
352 56 8 9 0.029110987 
729 223 8 11 0.029107349 
950 111 8 10 0.029073928 
862 174 11 13 0.029073542 
833 199 9 11 0.029057015 
450 120 18 25 0.029049138 
888 213 9 12 0.029046949 
327 63 8 9 0.029027283 
764 266 11 14 0.02902115 
615 103 8 10 0.02897881 
57 46 7 9 0.028974751 
785 116 7 10 0.028972473 
711 49 6 8 0.028962847 
552 167 8 10 0.028952787 
57 160 10 12 0.02893809 
583 9 7 8 0.028919041 
415 79 7 9 0.028914442 
243 275 28 31 0.028914427 
440 32 7 9 0.028902108 
806 72 7 9 0.02889347 
642 378 21 30 0.02886711 
371 278 21 28 0.028852383 
561 104 7 8 0.028845262 
898 31 8 10 0.028841361 
823 22 7 9 0.028819893 
270 220 12 17 0.02881405 
674 47 7 9 0.028802643 
142 251 13 16 0.028797455 
864 96 8 10 0.02878872 
558 46 8 10 0.028747136 
741 270 15 19 0.028744556 
864 268 9 11 0.02871501 
733 47 7 9 0.02866754 
680 80 7 9 0.028655378 
658 181 9 11 0.02861371 
199 31 8 9 0.028592056 
881 110 7 9 0.028577348 
734 104 8 9 0.02851959 
654 63 8 11 0.028518703 
838 214 8 12 0.028499413 
841 323 10 14 0.02847123 
557 268 10 13 0.028414043 
542 292 10 13 0.028363181 
767 403 24 29 0.02834303 
576 24 8 9 0.028342117 
263 16 7 10 0.028324245 
0 134 8 12 0.028303452 
177 174 8 11 0.028280241 
671 40 7 9 0.028267005 
24 39 8 10 0.028235035 
829 110 8 10 0.028226428 
297 47 7 10 0.028177753 
734 259 12 17 0.028127544 
911 419 22 29 0.028115219 
240 290 27 31 0.028114755 
624 129 8 10 0.028111504 
920 89 7 8 0.028099079 
328 97 8 9 0.02809379 
696 119 7 9 0.028064132 
911 48 8 9 0.028052496 
282 71 7 10 0.028033586 
592 117 7 9 0.028020132 
958 266 13 16 0.028019693 
362 269 24 30 0.028009662 
722 282 13 16 0.028003905 
929 167 9 11 0.027955981 
581 216 8 10 0.027872382 
144 215 9 12 0.027865121 
242 62 7 9 0.02784547 
158 108 8 11 0.027839428 
717 184 9 11 0.027838409 
834 13 7 9 0.02783059 
908 413 19 23 0.027822046 
237 275 11 15 0.027805965 
576 14 7 10 0.02779762 
537 174 7 8 0.027786775 
888 190 9 11 0.027782021 
601 159 8 9 0.02777022 
1006 65 7 10 0.02775227 
103 177 9 11 0.02774535 
657 129 7 9 0.027726645 
9 21 7 9 0.027725033 
273 16 7 9 0.027710304 
838 159 8 11 0.027706144 
953 32 8 9 0.027685855 
23 72 8 9 0.02767564 
137 176 7 9 0.027646374 
113 174 9 10 0.027642118 
904 148 8 10 0.027632905 
313 80 7 9 0.027600802 
621 166 8 10 0.027561707 
183 137 8 9 0.027556574 
166 135 8 9 0.027531723 
112 260 10 13 0.027523123 
950 347 12 15 0.027520802 
190 22 8 10 0.027493555 
837 343 20 24 0.027488569 
5 235 12 15 0.027488546 
288 62 7 9 0.027476072 
889 51 8 10 0.027423559 
290 104 7 9 0.027418254 
382 55 19 26 0.027410958 
499 394 15 16 0.027396634 
337 119 7 10 0.027329553 
672 268 13 16 0.027319146 
352 23 7 9 0.027279668 
837 7 8 9 0.027271545 
136 128 8 9 0.027230697 
735 253 11 15 0.027225045 
327 48 8 10 0.027199605 
758 79 7 10 0.027192064 
850 31 6 8 0.027184462 
984 169 8 11 0.02717355 
904 127 8 10 0.027164053 
859 341 12 15 0.027095962 
935 168 8 10 0.02709496 
95 159 9 11 0.027075808 
95 183 9 11 0.027066376 
407 78 7 10 0.027042523 
265 40 8 10 0.027028756 
745 120 7 9 0.027002713 
629 258 12 14 0.027001698 
821 240 8 10 0.02699802 
303 93 8 10 0.026992 
647 351 23 27 0.026945885 
824 307 11 15 0.02693536 
582 283 20 24 0.02693101 
331 219 38 50 0.026918765 
552 175 8 10 0.026898907 
170 167 8 9 0.026837109 
824 9 7 9 0.026832502 
751 32 8 10 0.026811544 
552 227 10 12 0.02680892 
56 29 7 9 0.02676506 
77 189 9 11 0.02676128 
233 73 8 8 0.026744392 
110 132 8 11 0.026728448 
111 14 8 10 0.026722936 
716 401 25 34 0.026722439 
567 23 8 9 0.026710054 
157 227 11 16 0.026672555 
65 29 7 9 0.026670864 
832 363 24 29 0.026663324 
185 227 20 24 0.02665392 
201 15 8 9 0.026616585 
919 229 11 13 0.026609858 
992 219 12 17 0.026596632 
924 211 11 13 0.026552264 
335 80 8 9 0.026545923 
936 298 9 13 0.02653226 
575 128 7 10 0.026525415 
89 149 7 9 0.026507199 
384 14 7 10 0.026495093 
975 85 8 9 0.026490105 
863 63 6 8 0.026481483 
928 261 10 12 0.026451146 
14 22 8 9 0.026449183 
-1 224 7 12 0.026432795 
182 178 19 24 0.026425079 
847 191 7 10 0.026423868 
143 247 10 12 0.026382163 
872 111 7 10 0.026350472 
855 86 8 10 0.02634943 
912 276 9 11 0.026346251 
799 61 9 10 0.02633426 
799 152 8 10 0.026329603 
191 48 6 9 0.0262468 
945 118 8 9 0.026245704 
856 276 10 12 0.026209649 
153 87 7 9 0.026197027 
975 169 10 11 0.026195265 
882 384 17 19 0.026188698 
768 38 7 9 0.026177598 
956 44 9 11 0.026164824 
631 213 8 11 0.026162347 
392 32 8 9 0.026153676 
617 134 7 9 0.026146475 
509 303 21 26 0.026136989 
993 48 7 10 0.02610546 
735 196 10 12 0.026105236 
770 152 7 10 0.026069328 
781 253 10 13 0.026058426 
665 242 18 23 0.02603516 
353 31 7 9 0.02603042 
560 40 7 10 0.026017724 
685 95 8 11 0.026014421 
578 95 6 9 0.02601001 
651 400 25 34 0.025997594 
676 239 11 12 0.025991196 
256 199 9 11 0.025988655 
104 158 9 11 0.025970552 
607 40 8 10 0.025968293 
702 205 9 12 0.025967106 
913 5 8 10 0.025957845 
889 124 8 10 0.025946436 
973 251 12 14 0.025912138 
549 261 11 15 0.025888123 
384 23 7 8 0.025849044 
325 141 7 11 0.025848873 
670 342 16 20 0.025844384 
879 167 9 12 0.025839744 
577 200 8 10 0.025833458 
200 160 7 9 0.02582418 
617 6 9 10 0.025792593 
409 24 6 9 0.02576008 
646 46 8 10 0.025759475 
811 427 26 28 0.025752675 
975 61 7 10 0.025729904 
497 337 16 19 0.02572816 
816 120 7 9 0.025716472 
638 212 17 22 0.025714424 
697 102 8 10 0.02566018 
792 151 9 11 0.025659706 
304 61 7 9 0.025647609 
205 167 7 9 0.025611857 
769 175 8 10 0.02559305 
225 31 7 9 0.02558097 
422 14 8 9 0.025553916 
150 8 7 9 0.025536329 
158 96 7 9 0.025533874 
881 120 8 9 0.025489904 
578 190 7 9 0.025485704 
825 149 9 10 0.025444506 
864 47 7 9 0.02542542 
735 39 8 10 0.025413498 
415 45 8 9 0.02541057 
482 252 12 16 0.02541005 
1002 441 16 24 0.025401808 
777 109 7 10 0.02539654 
799 99 7 10 0.025367465 
960 255 9 11 0.025360327 
825 47 8 9 0.025358275 
312 10 7 8 0.02535244 
827 322 12 16 0.025321325 
348 288 25 31 0.02530709 
185 119 9 10 0.025304472 
805 302 10 13 0.025300931 
536 261 9 10 0.025264611 
554 87 8 10 0.025247471 
726 188 9 11 0.025241314 
915 223 10 12 0.025240103 
934 111 8 9 0.025239704 
968 63 8 9 0.02522828 
793 73 8 10 0.0252243 
600 142 8 9 0.025207615 
569 176 7 9 0.025192996 
888 409 15 20 0.025189063 
826 143 9 12 0.025181323 
894 223 8 10 0.025166579 
681 31 7 9 0.025151366 
567 194 7 9 0.025118083 
589 32 9 10 0.02510152 
713 92 8 9 0.025096023 
127 127 8 9 0.025086308 
833 65 6 8 0.025075786 
191 72 8 10 0.025072204 
795 314 12 15 0.025051128 
893 279 9 13 0.025050193 
58 15 8 9 0.025026591 
592 238 8 11 0.025023613 
344 23 8 9 0.024985472 
515 321 16 18 0.024981465 
233 145 6 8 0.024973836 
424 30 7 9 0.024969967 
76 80 8 10 0.024957404 
350 124 8 10 0.024934862 
694 47 7 8 0.024905572 
48 127 11 13 0.024901308 
553 158 7 9 0.02489153 
184 38 7 9 0.024874832 
895 40 8 9 0.024837142 
615 53 7 10 0.024818754 
754 38 7 9 0.024814658 
714 314 11 17 0.024807997 
408 72 8 10 0.024803327 
718 240 9 12 0.024795184 
581 269 10 13 0.024795104 
354 104 7 9 0.024786275 
833 41 7 9 0.024769666 
201 25 7 8 0.024739532 
401 55 8 10 0.024696726 
872 8 8 10 0.024669774 
119 8 8 9 0.024647156 
703 352 15 21 0.02459557 
608 300 14 17 0.024581615 
712 175 9 11 0.024572928 
761 140 8 11 0.024570772 
810 334 21 26 0.024563028 
689 173 9 10 0.024556994 
726 174 7 9 0.024551017 
681 157 7 10 0.024541466 
346 15 7 9 0.024524318 
591 81 7 9 0.024515722 
759 39 7 9 0.02450864 
648 230 19 23 0.024489405 
664 104 7 10 0.024473717 
548 277 12 16 0.024461579 
878 295 18 23 0.024456743 
341 224 19 29 0.024452494 
614 111 8 10 0.024448296 
693 230 19 23 0.024439134 
782 128 9 10 0.024433712 
22 292 13 18 0.024401529 
81 32 8 10 0.024392318 
776 63 7 10 0.02437849 
671 165 7 10 0.024358727 
960 127 10 12 0.024355525 
895 314 11 15 0.024349276 
145 221 10 14 0.024343275 
327 31 7 9 0.024331734 
222 217 14 20 0.0243214 
118 233 9 12 0.02424813 
766 229 12 14 0.024242213 
512 72 7 10 0.024190316 
944 156 9 11 0.024182156 
810 243 10 12 0.024157844 
238 263 22 28 0.024151377 
905 332 19 26 0.024150975 
530 231 8 10 0.024142558 
209 133 8 10 0.024136279 
321 31 6 9 0.024116462 
711 70 7 9 0.024103718 
145 31 8 11 0.024103157 
79 253 10 13 0.024102934 
985 130 9 12 0.024083925 
596 175 7 10 0.024079941 
947 231 20 23 0.024073066 
518 182 8 9 0.024060883 
561 234 18 23 0.024036875 
992 30 8 9 0.024033157 
506 80 7 10 0.024029087 
515 13 8 9 0.024028245 
152 80 8 9 0.024019169 
275 22 7 9 0.024016015 
984 2 8 8 0.024011916 
514 136 8 10 0.024003679 
577 39 7 9 0.023996944 
101 78 8 10 0.023975145 
179 93 8 10 0.023930022 
762 302 16 18 0.02390272 
997 134 8 11 0.023863137 
785 105 8 9 0.023862202 
87 136 8 11 0.023846203 
422 40 8 10 0.023823243 
762 7 8 9 0.023808654 
295 133 8 10 0.023798887 
194 167 8 9 0.023786312 
551 267 10 14 0.02370959 
886 40 19 25 0.023704387 
378 126 8 10 0.023677932 
169 143 7 9 0.023669282 
854 333 13 17 0.023663966 
194 141 8 10 0.023652785 
920 407 17 22 0.023646288 
850 214 9 11 0.023636062 
824 31 8 9 0.023623029 
241 80 7 10 0.02361024 
312 56 7 10 0.023604572 
765 235 11 13 0.023575984 
306 39 8 9 0.023563137 
995 223 14 20 0.023561934 
630 223 8 11 0.023559693 
120 144 6 8 0.023556678 
96 175 8 10 0.023523968 
251 283 16 17 0.023521608 
522 61 7 10 0.023499371 
110 159 8 11 0.023494601 
918 76 7 10 0.02349292 
654 23 7 9 0.023491528 
983 6 9 10 0.023482671 
607 93 7 9 0.023479184 
601 56 6 8 0.023477156 
775 197 9 13 0.02347493 
104 111 9 10 0.023450501 
112 103 8 10 0.023442466 
895 232 9 11 0.023438677 
666 95 8 10 0.023436539 
170 150 7 9 0.023434693 
327 23 7 9 0.023434427 
678 393 29 36 0.023419345 
575 415 29 36 0.02341929 
666 86 8 10 0.023418484 
4 110 9 12 0.023402758 
312 30 6 9 0.023399495 
758 221 8 11 0.023397356 
800 23 7 8 0.023395006 
750 319 24 29 0.023394722 
79 147 9 11 0.023367215 
144 109 8 10 0.023358632 
232 79 8 10 0.023329303 
997 141 8 12 0.023328796 
613 252 10 12 0.023308413 
622 175 8 10 0.023292178 
719 222 9 11 0.023288101 
105 13 9 10 0.02327275 
856 295 11 13 0.023268765 
937 134 8 11 0.023254875 
42 96 8 9 0.023252327 
767 80 8 9 0.0232431 
934 413 27 33 0.023236912 
359 8 9 10 0.023226904 
913 252 9 11 0.023218576 
81 103 8 9 0.02321369 
85 261 12 16 0.023205893 
558 180 9 11 0.02320124 
897 65 6 8 0.023198104 
119 94 9 12 0.023171624 
503 317 23 27 0.023170732 
39 295 21 24 0.023161555 
850 8 7 8 0.023146251 
328 214 10 13 0.023134211 
545 79 7 9 0.023122046 
806 449 27 33 0.023112321 
799 179 8 11 0.023093034 
117 282 49 60 0.0230897 
200 137 6 9 0.023083027 
775 267 10 13 0.02307877 
955 365 15 17 0.023078104 
8 476 16 21 0.023073468 
828 333 12 15 0.023071831 
686 55 8 9 0.023058493 
64 198 10 12 0.023054827 
400 104 8 9 0.023047935 
32 41 6 9 0.023019884 
104 104 7 8 0.023011534 
631 183 8 10 0.02300777 
25 180 21 27 0.022995519 
177 23 7 9 0.02297919 
23 85 9 11 0.022963155 
4 185 19 27 0.022962347 
328 127 7 9 0.022946743 
423 23 8 10 0.022938332 
611 285 14 16 0.02293802 
86 186 18 23 0.022906289 
901 195 21 25 0.02288627 
542 223 8 10 0.022869777 
964 264 14 16 0.02286688 
845 292 10 13 0.022824205 
470 109 10 14 0.022822479 
23 95 7 10 0.022795273 
372 218 15 19 0.022770304 
638 118 7 9 0.02276901 
920 160 9 11 0.022765119 
896 133 8 10 0.022758989 
558 1 8 8 0.022731725 
721 152 7 9 0.02271962 
818 9 7 9 0.022710728 
13 291 13 18 0.022703227 
655 69 8 11 0.022699133 
992 25 8 10 0.022682413 
713 104 9 10 0.022680797 
700 273 12 16 0.022679282 
712 325 14 19 0.022661401 
857 103 8 10 0.02265672 
986 424 22 33 0.02263861 
174 204 11 11 0.022630038 
924 226 20 23 0.02261319 
572 415 14 19 0.022606058 
670 240 10 12 0.022596441 
617 40 7 9 0.022576118 
136 57 7 9 0.02255559 
782 268 9 11 0.022554817 
1011 435 14 21 0.022554684 
51 187 11 14 0.022554317 
919 287 9 11 0.022548614 
889 434 16 21 0.02254606 
844 359 16 21 0.022530597 
781 159 8 11 0.022530273 
192 94 8 10 0.0224927 
126 47 7 9 0.022454113 
695 199 9 12 0.022434764 
341 103 8 10 0.02243278 
614 213 8 10 0.022412816 
935 127 8 10 0.022397924 
31 57 8 9 0.022362942 
276 264 13 19 0.02235786 
257 111 8 10 0.022351028 
895 52 7 10 0.022339297 
313 95 7 8 0.02232791 
1011 415 14 19 0.02231665 
832 296 20 24 0.022316325 
599 168 8 9 0.022316098 
825 131 9 12 0.022305518 
591 55 7 9 0.022289095 
272 32 8 10 0.022283485 
376 14 9 10 0.022278463 
923 404 25 33 0.022275545 
864 32 7 9 0.022273887 
244 289 17 19 0.02227148 
880 74 17 23 0.02225857 
641 41 7 9 0.022244934 
937 446 17 21 0.022212608 
133 118 8 10 0.022211676 
179 189 9 12 0.022210775 
832 340 12 16 0.022162221 
583 54 10 10 0.022155007 
832 219 10 13 0.022151496 
831 204 8 10 0.022142025 
965 238 9 11 0.02213434 
857 307 18 23 0.022130134 
310 172 9 12 0.022111196 
574 53 7 10 0.022111053 
848 200 7 8 0.022077845 
102 208 19 24 0.022040892 
497 89 8 9 0.02203242 
543 53 7 9 0.022032049 
591 127 7 9 0.022027934 
1015 168 9 11 0.022025162 
1016 31 7 11 0.022017658 
312 40 6 8 0.022013994 
470 117 10 15 0.02197431 
722 46 7 9 0.021964058 
870 223 9 12 0.021937575 
749 387 24 27 0.021927297 
816 94 7 8 0.021878574 
661 358 17 22 0.021869944 
625 338 16 20 0.021857675 
703 166 9 10 0.021852558 
727 265 96 114 0.021846678 
996 211 13 17 0.021844162 
25 45 8 10 0.021839952 
663 119 7 9 0.021837508 
768 166 7 10 0.021834452 
973 154 12 14 0.021817839 
799 221 7 10 0.021811185 
591 400 18 22 0.021808315 
583 63 8 10 0.021743357 
537 270 10 12 0.021719972 
450 110 49 59 0.021688132 
145 37 8 10 0.021683127 
128 276 12 15 0.021681808 
9 72 7 9 0.021672342 
305 15 7 9 0.02165266 
940 395 24 29 0.021651339 
149 222 19 25 0.021650068 
838 175 8 9 0.021633482 
272 198 10 12 0.021631896 
813 149 8 10 0.021631727 
489 273 14 17 0.0216038 
340 295 74 105 0.021588134 
935 224 7 9 0.021583712 
231 109 7 9 0.021575324 
287 48 7 9 0.021560563 
288 30 7 9 0.02152896 
23 32 8 8 0.021512248 
958 88 8 10 0.021510907 
784 104 18 24 0.021506004 
816 38 7 10 0.021488324 
736 1 8 9 0.021460043 
596 370 18 21 0.02143708 
998 5 8 9 0.021416105 
236 205 12 15 0.021407573 
202 125 8 10 0.021387301 
304 48 7 9 0.02138419 
630 38 9 11 0.021363541 
224 15 7 9 0.021357365 
4 313 23 29 0.021357244 
271 73 8 9 0.021352936 
911 62 7 9 0.021350438 
979 210 11 13 0.021330122 
207 8 8 9 0.021320727 
252 291 15 18 0.021314273 
328 72 7 9 0.021310845 
360 62 6 9 0.021291748 
970 46 7 9 0.02127388 
766 135 9 11 0.021268098 
445 105 28 38 0.021262426 
351 274 25 32 0.021257384 
705 79 8 9 0.021256983 
582 260 10 13 0.02125554 
550 71 8 10 0.021241978 
599 118 8 9 0.02123376 
669 182 9 11 0.02121502 
871 387 23 27 0.0212131 
134 221 11 14 0.021197427 
488 227 11 14 0.021186389 
327 135 7 11 0.021186348 
304 79 8 8 0.02114744 
920 64 7 9 0.021145197 
103 247 10 12 0.02114139 
567 119 7 9 0.02112384 
260 222 20 28 0.021122353 
731 362 13 19 0.02110615 
946 166 18 23 0.021100476 
320 118 8 10 0.021095533 
535 278 19 24 0.021093277 
89 275 21 27 0.021089867 
840 15 7 10 0.02107393 
109 469 29 36 0.02106867 
989 426 12 20 0.021058448 
792 23 6 8 0.021056449 
754 154 19 24 0.021053065 
965 133 8 10 0.02101483 
896 242 18 23 0.021012122 
81 246 10 12 0.020997018 
744 31 7 10 0.020973327 
377 23 8 9 0.020970976 
767 277 11 13 0.020952763 
200 112 7 8 0.020949222 
105 119 8 10 0.02092459 
201 151 7 9 0.02091555 
629 311 17 23 0.020912882 
280 62 6 9 0.020901656 
663 55 8 9 0.02089734 
877 332 20 24 0.02088946 
719 93 7 9 0.020884903 
816 109 8 10 0.0208825 
966 166 9 11 0.020876896 
169 118 8 9 0.020872112 
693 204 11 13 0.02086105 
792 128 19 24 0.020856446 
235 234 12 15 0.020807574 
983 56 6 8 0.020798428 
780 477 29 30 0.020778326 
761 0 8 9 0.020777648 
698 82 19 24 0.020762602 
984 109 8 11 0.020723794 
616 17 7 10 0.02071918 
256 127 9 11 0.02070214 
656 206 8 11 0.020689849 
839 283 10 14 0.020682814 
957 311 10 12 0.02068271 
749 80 19 24 0.020674538 
550 189 8 11 0.020673746 
840 270 10 12 0.020665359 
809 466 19 24 0.02064914 
401 61 8 11 0.020641102 
738 405 28 36 0.02064053 
398 47 7 9 0.020639509 
138 164 7 10 0.020624576 
29 103 8 10 0.020618409 
991 259 11 15 0.020608777 
175 149 7 9 0.020608623 
197 255 14 17 0.020606525 
999 125 9 10 0.02058566 
501 103 8 10 0.020585248 
561 73 8 10 0.020570356 
592 182 8 10 0.020530194 
932 234 10 14 0.020517888 
160 39 8 10 0.020515742 
25 56 7 9 0.020512272 
623 252 10 12 0.020511717 
72 94 8 11 0.020507062 
695 32 7 9 0.020500395 
918 117 8 10 0.020439051 
734 206 9 12 0.020427324 
254 102 8 10 0.020425195 
490 258 20 25 0.020420684 
663 23 8 9 0.020416105 
511 232 9 11 0.020414388 
621 393 13 19 0.020414036 
13 486 29 34 0.020410424 
586 142 8 9 0.020407325 
238 93 8 9 0.020395229 
802 355 22 25 0.020388108 
145 249 24 27 0.020384833 
486 237 11 15 0.020383343 
490 216 8 11 0.020352688 
607 159 8 9 0.020326464 
382 109 8 10 0.020307094 
825 95 7 9 0.020304259 
674 8 7 9 0.020289106 
733 283 13 17 0.020287214 
761 172 9 11 0.02026585 
243 211 13 19 0.02025686 
560 6 21 26 0.02025087 
951 315 11 13 0.020248858 
423 46 7 8 0.020241652 
185 31 7 10 0.020229818 
-1 205 7 13 0.02022196 
709 228 11 13 0.020211479 
923 237 9 12 0.020209968 
591 272 10 12 0.020207688 
169 46 7 9 0.02019252 
359 301 27 34 0.020152017 
860 331 12 16 0.0201511 
752 152 8 10 0.02013986 
107 94 8 10 0.020110192 
313 147 10 13 0.020101918 
672 129 8 9 0.020098737 
376 65 7 9 0.020091407 
239 14 7 9 0.020074291 
551 120 18 25 0.0200698 
847 417 38 48 0.02006127 
214 133 8 9 0.020057593 
559 23 7 9 0.020056816 
964 231 10 12 0.020030236 
104 2 7 9 0.020017978 
