2_Demonstration_Demonstration_Or_Protest_2_813
148
537 356 22 30 0.96593696 
253 333 22 31 0.6962744 
803 287 19 23 0.6771568 
837 378 17 22 0.6535132 
701 456 13 21 0.40164265 
471 366 19 26 0.36435902 
703 391 11 15 0.28009087 
895 391 24 26 0.26654822 
495 368 18 29 0.26650792 
653 445 15 18 0.25529718 
478 363 20 31 0.24003646 
234 334 25 32 0.22978304 
717 474 14 18 0.20676076 
884 382 20 30 0.20527914 
662 390 10 13 0.18328325 
668 442 14 19 0.165773 
871 379 21 29 0.15617725 
707 449 13 24 0.15107793 
463 387 13 16 0.14553274 
328 352 21 25 0.12664433 
448 367 10 14 0.0994732 
488 359 9 12 0.09926968 
395 534 22 31 0.09874088 
445 332 8 11 0.098203495 
685 456 14 18 0.09783733 
906 393 22 28 0.09509357 
481 336 9 11 0.091418415 
694 452 15 20 0.08821697 
712 475 21 30 0.08211487 
311 349 12 19 0.077361025 
315 352 15 20 0.07577108 
842 371 24 30 0.07214815 
354 364 14 19 0.07101744 
649 435 15 18 0.0689122 
320 342 11 17 0.06813961 
639 445 11 16 0.065001585 
648 431 11 14 0.064608574 
353 394 9 13 0.06415492 
483 338 12 15 0.063529186 
678 452 12 17 0.06278798 
750 270 10 13 0.061855722 
481 556 8 11 0.05877139 
912 349 9 11 0.0586765 
806 317 11 15 0.058622517 
462 373 21 26 0.05825072 
702 444 13 21 0.054761413 
385 341 10 13 0.054748975 
685 444 14 18 0.052810147 
22 4 15 18 0.052302025 
101 18 14 20 0.051023785 
646 443 15 17 0.049699187 
602 368 15 16 0.049462784 
529 358 20 33 0.047928043 
324 347 14 18 0.046860225 
568 347 11 18 0.0462315 
541 350 14 21 0.044866752 
337 349 15 19 0.044296008 
574 348 10 15 0.044145335 
917 376 17 24 0.044063393 
856 348 9 12 0.043960344 
-1 54 10 17 0.042147536 
658 435 20 26 0.041884612 
863 355 12 15 0.041694477 
856 374 22 29 0.040459767 
33 2 15 18 0.039158083 
423 391 10 12 0.03803342 
839 539 10 12 0.037362672 
480 359 10 15 0.036915917 
442 328 9 12 0.036130585 
700 386 19 24 0.035616014 
581 348 11 14 0.035448007 
721 483 12 18 0.035428837 
110 34 13 18 0.035232 
623 349 10 13 0.035205778 
511 350 12 15 0.035015237 
351 357 13 17 0.034799915 
504 373 17 23 0.033592306 
383 324 9 12 0.03357997 
350 368 14 21 0.032139488 
658 454 16 20 0.032052267 
493 357 10 16 0.031362854 
722 470 11 16 0.030790484 
870 526 15 20 0.03069643 
28 0 14 15 0.030655615 
908 408 16 19 0.030492283 
206 472 9 12 0.03027988 
16 9 13 17 0.029758798 
385 318 9 12 0.029756434 
777 309 10 14 0.029717112 
553 354 16 23 0.029685713 
493 362 14 24 0.029573005 
509 332 10 12 0.029487774 
516 354 13 19 0.028942922 
636 363 10 13 0.02849503 
447 359 9 12 0.028334796 
658 384 19 25 0.028208347 
97 20 11 15 0.027939742 
356 392 12 15 0.027367946 
424 340 8 12 0.027027955 
92 351 8 10 0.026392628 
697 389 12 17 0.026231678 
517 361 14 22 0.02615248 
861 351 11 14 0.025970355 
838 564 12 17 0.02596522 
45 5 12 14 0.025685487 
620 426 13 16 0.02558877 
341 370 13 18 0.025550013 
526 355 14 24 0.025375687 
871 390 26 35 0.025263267 
860 361 14 19 0.025104912 
445 366 19 25 0.02469063 
141 37 11 14 0.024589341 
506 361 17 23 0.024485178 
709 382 10 13 0.02377332 
384 335 10 12 0.023695957 
516 416 22 26 0.023540182 
264 333 15 26 0.023537338 
55 6 11 12 0.023226785 
457 319 8 9 0.022228708 
611 370 13 16 0.022054058 
380 542 40 49 0.021988213 
440 357 10 12 0.021841014 
715 458 13 18 0.021581514 
664 423 24 29 0.021498471 
826 402 13 17 0.021394435 
839 387 24 32 0.02129762 
416 335 9 11 0.02128252 
750 323 13 18 0.021264505 
630 397 11 13 0.021191726 
500 355 14 19 0.021146057 
648 449 22 26 0.021107875 
413 516 13 17 0.021034867 
917 364 10 14 0.020892534 
455 386 15 18 0.020847937 
648 423 10 13 0.02073176 
650 302 40 47 0.02072809 
-1 12 9 13 0.020686194 
116 28 12 16 0.020634172 
401 255 8 9 0.02058649 
409 326 9 12 0.020430882 
599 387 13 16 0.020414503 
353 316 11 15 0.020402158 
79 6 12 15 0.020324443 
468 395 10 13 0.020307284 
482 262 8 11 0.020304646 
694 461 15 21 0.020298442 
639 382 8 12 0.020179553 
385 313 8 11 0.02016658 
