2_Demonstration_Protesters_2_54
256
21 211 22 27 0.99020314 
418 101 16 22 0.987217 
333 66 16 18 0.9861789 
521 68 16 21 0.9846569 
314 144 17 20 0.97920555 
296 86 13 18 0.96206945 
172 162 17 22 0.9590524 
150 208 21 24 0.9399294 
16 162 20 23 0.9270312 
808 106 17 20 0.92205286 
392 74 14 19 0.9113115 
679 126 17 21 0.91024965 
601 143 16 19 0.9072419 
526 139 17 20 0.8497915 
440 135 16 22 0.8497059 
548 58 15 17 0.8157835 
227 166 18 20 0.7915997 
873 139 13 18 0.78200775 
412 269 21 27 0.7036336 
364 78 13 16 0.61857903 
86 59 9 12 0.61626446 
279 54 9 11 0.52837604 
687 163 16 18 0.483003 
73 99 12 15 0.46595567 
173 51 8 11 0.46040013 
328 108 12 15 0.34247175 
781 142 10 13 0.24092907 
103 86 10 12 0.22691321 
457 164 18 21 0.2171482 
207 105 14 18 0.2119148 
405 271 18 21 0.2066361 
372 149 11 14 0.19177786 
948 53 11 15 0.18904643 
348 106 11 14 0.16363122 
146 55 9 11 0.15644108 
347 226 23 30 0.1545549 
524 146 20 25 0.14748536 
823 139 12 17 0.1473547 
278 77 12 15 0.1376188 
632 182 11 16 0.1315246 
145 60 9 10 0.10574742 
590 106 12 15 0.10487487 
94 78 11 14 0.103389814 
144 168 17 21 0.10262707 
48 73 11 15 0.09937906 
250 143 17 20 0.099106714 
132 124 11 14 0.090305045 
429 224 14 18 0.088997 
646 138 13 17 0.08897436 
459 316 17 20 0.08604391 
432 141 21 26 0.08185112 
159 65 8 9 0.07963293 
2 395 10 17 0.0791221 
620 163 15 19 0.068972185 
327 30 10 11 0.068790674 
287 29 9 11 0.06704417 
269 189 12 15 0.06653603 
312 30 10 11 0.06651848 
264 28 11 13 0.0652985 
784 137 9 12 0.06448725 
426 267 14 19 0.06397341 
107 87 11 13 0.063961014 
279 28 10 11 0.061313145 
15 293 12 14 0.06125892 
818 99 16 21 0.058978345 
80 83 12 14 0.05831918 
671 14 13 17 0.05803567 
798 117 12 16 0.057101306 
300 61 10 11 0.05701552 
100 79 10 14 0.056309786 
418 259 18 24 0.056246914 
502 111 12 15 0.055647247 
32 133 11 15 0.05475903 
221 156 17 22 0.054612473 
712 184 10 12 0.052673817 
540 141 12 16 0.051084805 
604 113 13 16 0.05051135 
381 56 14 17 0.050289337 
397 268 17 22 0.049755283 
828 97 15 19 0.04971437 
61 227 11 14 0.049008198 
150 61 9 10 0.048858456 
543 90 11 14 0.0479983 
331 101 14 18 0.04720746 
350 44 13 14 0.04716712 
83 55 9 12 0.04703501 
230 117 10 13 0.04688402 
301 56 9 10 0.046501126 
87 67 11 13 0.04443888 
538 120 14 17 0.04395597 
96 189 9 13 0.04371239 
59 91 13 17 0.043588426 
317 30 10 11 0.043210644 
79 77 10 14 0.04319354 
274 77 9 13 0.043156527 
284 258 11 14 0.04312668 
292 30 10 11 0.043004345 
543 146 13 20 0.042895246 
262 85 10 13 0.042597502 
153 160 22 29 0.042499874 
75 104 13 17 0.042216565 
191 125 10 13 0.04175396 
84 81 15 18 0.04157592 
403 125 22 28 0.041477 
854 107 11 13 0.041003153 
457 302 9 12 0.040671363 
369 76 16 18 0.039932575 
269 34 12 15 0.039684564 
316 23 9 11 0.039634895 
206 95 10 13 0.03953668 
273 61 9 12 0.03905249 
1001 71 8 9 0.03867309 
59 300 11 16 0.038500722 
806 183 11 13 0.03849629 
303 35 11 13 0.038473107 
783 173 12 14 0.03842882 
272 132 12 16 0.03842114 
651 143 15 18 0.038295005 
277 36 12 13 0.03825475 
186 189 18 22 0.03807007 
754 184 15 17 0.038004432 
492 122 11 16 0.03797918 
134 130 11 13 0.037960958 
90 59 11 14 0.037753887 
145 69 8 11 0.037734102 
326 34 10 12 0.03744079 
270 84 10 14 0.03734197 
283 77 12 15 0.03724236 
788 133 10 14 0.037044067 
71 87 20 26 0.03685874 
182 69 8 11 0.03629713 
262 53 9 12 0.036118407 
547 141 10 14 0.035731774 
444 334 14 16 0.035727113 
272 123 10 14 0.035549987 
597 133 16 21 0.03530198 
319 35 10 12 0.03519494 
820 166 9 11 0.034896847 
488 174 12 14 0.034855343 
322 176 16 19 0.03367713 
150 69 9 11 0.03322566 
840 211 11 15 0.033221126 
92 90 13 16 0.033188257 
309 242 15 16 0.033081014 
329 22 9 11 0.033040047 
262 108 13 15 0.032985285 
56 86 9 13 0.03285635 
554 98 16 20 0.032219797 
563 178 13 17 0.03188091 
363 85 15 19 0.031743288 
268 24 12 12 0.03169241 
262 180 14 17 0.031506203 
549 91 11 15 0.031417962 
269 92 10 13 0.03140885 
286 122 15 18 0.031285834 
201 87 10 11 0.030490661 
459 330 14 15 0.030458711 
854 224 13 16 0.030271199 
850 218 24 31 0.030034686 
339 238 16 20 0.02986373 
946 82 15 19 0.029847475 
293 181 20 25 0.029763715 
941 48 20 25 0.02962964 
284 54 9 11 0.029532941 
667 115 24 29 0.029502874 
660 108 15 19 0.0293316 
609 138 15 20 0.02927356 
597 110 12 14 0.029270783 
467 308 15 18 0.029203057 
430 343 10 12 0.029141324 
143 210 19 21 0.029010192 
275 73 19 24 0.028926468 
614 123 14 18 0.028793758 
448 137 14 20 0.028696053 
246 122 13 17 0.028619245 
343 123 12 15 0.02848829 
128 118 12 16 0.028266164 
655 112 13 17 0.028259033 
396 170 14 18 0.02820109 
716 188 11 12 0.028072353 
320 61 10 13 0.027981298 
174 59 9 11 0.027802441 
82 56 19 23 0.027798072 
629 172 11 17 0.027357882 
343 101 12 18 0.027278554 
88 74 20 23 0.027271468 
321 106 12 16 0.027210928 
854 233 26 33 0.027075244 
73 76 11 13 0.027029194 
420 252 13 17 0.026857799 
330 145 15 19 0.026488688 
297 55 9 11 0.026324643 
287 36 11 13 0.026310839 
423 223 24 30 0.02630419 
414 176 15 19 0.026159566 
47 103 10 12 0.02609628 
287 69 9 12 0.026064219 
93 71 10 13 0.026060566 
874 125 16 18 0.025933437 
271 48 9 11 0.02572619 
270 116 11 16 0.02568118 
183 133 8 11 0.025604026 
318 89 12 15 0.025334349 
182 65 8 9 0.025026472 
269 146 13 18 0.0247882 
262 193 15 18 0.02478767 
941 88 15 19 0.024630666 
46 55 9 11 0.024395498 
429 360 13 16 0.024348376 
341 330 13 17 0.024283418 
293 23 9 11 0.024196574 
305 23 8 10 0.024069812 
60 86 11 14 0.023889573 
177 71 9 11 0.023794502 
231 124 13 15 0.023649527 
334 37 10 12 0.02359544 
246 49 12 15 0.023480505 
168 60 9 11 0.023377787 
294 36 9 12 0.023066426 
748 239 11 13 0.022934943 
599 125 13 16 0.022742199 
153 268 14 16 0.022706972 
257 138 17 21 0.022555342 
560 131 11 15 0.022488123 
70 84 13 16 0.022235153 
991 55 9 11 0.0220866 
262 33 13 15 0.021979704 
213 70 11 12 0.021746676 
176 77 9 11 0.021615958 
813 96 13 16 0.02158633 
146 50 9 11 0.021529282 
342 38 12 14 0.0214997 
546 86 21 26 0.021381939 
452 332 16 17 0.0213731 
882 132 13 17 0.021222705 
470 299 12 14 0.021201143 
941 77 15 18 0.021192556 
286 62 9 12 0.021188343 
751 174 11 13 0.021175696 
190 109 9 14 0.021118524 
235 60 12 13 0.020971201 
840 151 9 12 0.02094097 
264 62 8 11 0.02091375 
866 139 13 16 0.020875325 
404 177 13 17 0.020849284 
10 149 25 31 0.020839594 
860 101 10 13 0.020806784 
261 234 14 17 0.020698708 
678 301 9 13 0.020583136 
860 94 10 13 0.020457944 
275 187 13 18 0.020440772 
359 72 11 15 0.020426368 
343 116 11 15 0.020110006 
256 81 8 10 0.020097531 
574 117 13 14 0.020097418 
780 153 14 17 0.020055475 
