2_Demonstration_Demonstration_Or_Protest_2_76
32
160 316 116 148 0.99978584 
20 362 115 139 0.99978346 
571 236 103 141 0.9985487 
702 215 107 148 0.9971512 
330 387 77 107 0.9263183 
548 353 26 35 0.3752616 
616 213 115 167 0.30165446 
521 198 61 76 0.27442494 
582 161 30 38 0.19643539 
532 332 50 76 0.15590163 
530 268 104 137 0.10857059 
593 149 17 19 0.08677563 
544 212 92 125 0.071038164 
536 219 61 88 0.06330139 
0 207 46 76 0.062275626 
302 442 36 48 0.06040254 
427 87 17 20 0.059531 
446 341 40 63 0.039656725 
228 177 16 19 0.037858225 
495 281 93 126 0.034084644 
2 235 31 45 0.030404277 
147 81 55 68 0.029186958 
426 155 18 21 0.027947556 
562 363 34 50 0.027885038 
276 198 15 19 0.027074553 
572 167 32 48 0.026697386 
122 61 58 76 0.024778837 
129 57 34 48 0.024536198 
-8 159 68 129 0.02361548 
277 188 14 19 0.020883229 
286 541 35 30 0.02072702 
48 120 102 149 0.020371072 
