2_Demonstration_Demonstration_Or_Protest_2_615
68
759 256 28 33 0.99934834 
2 266 34 42 0.9991042 
37 248 33 43 0.9986313 
429 249 32 38 0.9980868 
287 220 34 41 0.9979906 
895 243 32 36 0.9975998 
118 250 34 43 0.99731797 
826 251 29 33 0.99667054 
942 243 32 37 0.995849 
506 268 24 34 0.99522734 
559 243 25 31 0.9952082 
610 259 24 30 0.9822112 
675 255 20 27 0.91461366 
181 250 29 31 0.8766291 
718 269 20 25 0.48771513 
652 271 23 26 0.3758758 
532 249 22 26 0.18805848 
375 207 43 57 0.1649806 
548 245 23 30 0.13060169 
358 273 23 30 0.11981854 
336 214 31 40 0.113745235 
661 264 22 28 0.0979644 
710 266 20 31 0.09319678 
535 282 25 27 0.08896209 
525 233 24 28 0.083162904 
590 292 16 19 0.07701539 
323 217 28 37 0.05515557 
538 243 15 19 0.053519275 
357 192 39 44 0.039449546 
304 219 30 40 0.03880001 
728 269 18 22 0.0382289 
618 253 16 20 0.03799108 
191 255 27 32 0.037915982 
614 267 25 32 0.037721317 
794 226 29 37 0.0372207 
1011 243 12 17 0.036949664 
624 261 18 25 0.036060728 
165 265 12 17 0.035807148 
405 226 46 57 0.0356681 
700 270 18 26 0.035452075 
629 265 24 31 0.03511939 
494 244 23 26 0.033179853 
758 203 14 17 0.03275599 
653 261 18 22 0.031708904 
674 266 18 24 0.027983561 
796 208 45 57 0.027243337 
339 223 18 22 0.026972122 
807 230 40 50 0.026374819 
636 246 15 18 0.02598422 
420 213 16 17 0.025753302 
809 253 27 34 0.025462415 
393 229 18 25 0.025102118 
579 248 15 21 0.025042268 
166 246 23 33 0.024655584 
523 227 16 19 0.02385967 
808 284 13 16 0.02374677 
628 251 13 18 0.023446951 
684 258 21 30 0.022800574 
3 223 21 29 0.022778874 
359 256 36 53 0.022703797 
162 258 23 29 0.022622626 
336 193 52 65 0.022414148 
378 262 30 38 0.020730896 
674 279 16 20 0.020582518 
505 239 21 27 0.020524185 
669 259 18 25 0.020378152 
552 467 27 32 0.020350957 
511 234 13 19 0.020161029 
