2_Demonstration_Demonstrators_2_517
168
802 109 35 43 0.9989249 
463 359 66 78 0.9989058 
704 129 51 62 0.9986959 
884 98 34 37 0.9979298 
137 289 79 93 0.9975084 
778 293 77 96 0.99731255 
656 147 28 41 0.99637187 
168 126 43 53 0.99546826 
504 111 40 49 0.9945392 
109 92 30 35 0.9942215 
988 86 24 27 0.9937775 
788 89 26 30 0.9782245 
258 122 42 60 0.97742 
426 74 17 22 0.964881 
919 104 24 28 0.88434047 
216 105 25 31 0.823571 
612 67 17 20 0.74675184 
698 77 13 17 0.65774703 
485 97 15 20 0.61030895 
471 113 27 35 0.5635789 
767 65 15 18 0.50463086 
625 0 28 30 0.49786106 
636 59 12 16 0.38611904 
240 86 17 21 0.35096893 
588 118 22 29 0.33310166 
897 306 32 41 0.3158015 
618 359 36 40 0.24117824 
569 90 16 21 0.19238178 
529 69 8 10 0.17166457 
551 66 9 12 0.16644712 
859 86 13 19 0.16482314 
546 123 16 21 0.1594567 
671 46 9 12 0.14585619 
559 70 9 11 0.12559345 
515 84 12 15 0.11476688 
147 97 12 16 0.11351628 
220 101 15 18 0.11022376 
1012 90 13 21 0.10001193 
477 106 18 20 0.08524411 
283 108 15 20 0.08253186 
700 72 11 14 0.076719895 
687 146 14 19 0.076472946 
181 77 9 12 0.07595283 
221 98 10 12 0.0745928 
533 69 8 10 0.0719604 
680 54 9 11 0.0717992 
545 68 9 11 0.0654428 
445 63 8 11 0.06374124 
630 52 16 21 0.06257384 
719 78 8 11 0.059353054 
711 61 8 10 0.058594324 
456 35 11 15 0.056593694 
720 57 8 10 0.056013998 
509 69 8 11 0.05580988 
655 62 10 13 0.054403476 
719 85 10 12 0.0541451 
262 117 29 34 0.05377125 
541 77 11 13 0.05289191 
710 79 10 12 0.05156288 
781 91 17 21 0.051432356 
513 79 10 13 0.050690886 
303 43 14 18 0.05053787 
537 48 9 11 0.050383527 
719 92 15 17 0.049555693 
619 62 16 22 0.04951247 
196 67 11 13 0.04887098 
628 64 13 17 0.047968935 
455 44 10 13 0.04769663 
744 77 10 15 0.047672644 
557 64 9 12 0.047579832 
729 46 9 12 0.0471773 
462 54 9 10 0.047125608 
875 92 13 19 0.04617978 
181 84 10 15 0.04591988 
921 119 24 32 0.04527276 
568 95 24 34 0.044967744 
482 108 26 37 0.044112593 
400 4 11 13 0.043464717 
495 30 10 13 0.04265705 
679 139 29 36 0.042363267 
550 29 8 11 0.04196845 
690 35 9 12 0.041426927 
578 106 27 36 0.041241452 
644 61 10 14 0.040158555 
175 75 11 15 0.03969456 
602 54 41 50 0.03887475 
273 107 26 33 0.038528416 
245 80 13 16 0.03833498 
537 78 9 11 0.038075905 
560 75 9 12 0.03776455 
677 48 10 12 0.036675036 
606 61 16 21 0.036359586 
519 62 8 11 0.036196336 
889 85 28 34 0.03473237 
175 82 12 17 0.033565905 
444 68 12 14 0.033485275 
748 84 13 17 0.033130363 
720 72 8 11 0.033112902 
894 30 10 13 0.03258733 
11 493 59 72 0.032112822 
141 92 21 26 0.03211219 
421 368 29 39 0.03205802 
866 89 19 27 0.030977597 
487 45 8 10 0.030766819 
662 61 9 12 0.030466605 
565 71 9 11 0.030404942 
670 60 9 13 0.03031975 
926 133 16 21 0.03021894 
496 15 9 11 0.029971987 
634 12 16 19 0.029742166 
735 56 8 10 0.029675387 
724 78 9 12 0.029001713 
676 109 18 22 0.028915942 
646 53 10 14 0.028897058 
271 102 42 61 0.028890539 
688 84 10 14 0.028769221 
455 75 11 14 0.0285213 
639 6 17 21 0.028505092 
226 100 25 31 0.02833099 
445 83 12 15 0.02830901 
646 65 11 15 0.02827597 
641 0 14 13 0.028237868 
366 0 9 10 0.028175209 
81 58 29 34 0.027797827 
526 75 10 12 0.027358154 
486 36 11 14 0.027274063 
468 108 15 17 0.02725664 
251 88 13 19 0.026968554 
653 54 10 14 0.026785277 
719 61 8 9 0.02626957 
749 89 15 20 0.025989415 
456 51 9 11 0.025947185 
598 68 11 15 0.025784124 
469 115 18 23 0.0256784 
182 72 9 13 0.025615599 
518 39 7 10 0.025011262 
690 5 9 11 0.02497368 
449 44 11 14 0.02492389 
456 92 10 14 0.02477409 
873 89 23 32 0.0246142 
695 85 14 18 0.024563167 
736 61 10 12 0.024399498 
519 56 8 10 0.024378799 
559 92 11 14 0.024139224 
967 114 25 31 0.02407962 
551 86 10 13 0.023955278 
412 21 12 16 0.023924336 
648 329 15 18 0.023910413 
539 51 10 13 0.023446904 
449 5 9 12 0.023317518 
493 96 23 29 0.023179606 
512 90 13 17 0.022978194 
723 86 11 13 0.022623273 
677 113 28 36 0.022521798 
460 45 10 13 0.022340123 
904 34 11 13 0.02230575 
-3 464 55 86 0.022297109 
926 47 10 12 0.022281656 
85 62 17 20 0.022225354 
211 313 27 43 0.021548005 
261 89 13 18 0.021503957 
737 76 11 16 0.021380637 
741 339 35 51 0.02121789 
257 41 15 18 0.020600183 
584 58 46 55 0.020533906 
468 91 12 13 0.020501725 
462 87 10 12 0.020209542 
476 5 10 11 0.020139815 
