25_Soldier_Patrol_Soldier_Patrol_25_761
76
686 90 46 52 0.9918305 
800 88 54 64 0.9890168 
312 69 44 49 0.98646647 
492 104 42 47 0.9781833 
165 66 42 48 0.96837014 
158 145 38 46 0.38291994 
327 181 29 33 0.2024791 
436 596 11 13 0.10588739 
407 622 8 11 0.09371314 
838 161 60 76 0.09171551 
264 494 27 26 0.08756978 
990 348 35 45 0.07242503 
872 387 30 31 0.06982788 
332 190 36 35 0.06747429 
970 348 38 51 0.052133054 
446 591 9 12 0.05040444 
996 397 29 49 0.04872439 
432 603 10 13 0.048309714 
418 190 24 29 0.047601163 
985 111 9 12 0.046035953 
762 186 35 41 0.044554688 
420 598 11 13 0.0441453 
431 625 11 13 0.042680133 
393 87 10 12 0.04256333 
364 530 22 26 0.042192634 
316 610 25 30 0.041081224 
835 87 49 59 0.040636167 
743 232 27 32 0.040418204 
20 581 17 21 0.039156843 
849 374 44 47 0.038754664 
413 623 9 11 0.038326193 
439 606 10 13 0.037668034 
390 614 9 10 0.036440484 
958 79 8 11 0.03568895 
416 629 9 11 0.03489945 
399 629 10 11 0.034331072 
275 210 12 17 0.033009347 
433 593 10 12 0.03283011 
432 613 11 13 0.032058164 
990 111 11 14 0.032017462 
391 336 13 19 0.031747125 
1000 74 19 29 0.03173103 
441 121 8 10 0.03159715 
401 623 10 13 0.031118374 
438 624 11 13 0.030789107 
404 119 9 12 0.03062894 
415 613 10 13 0.03042835 
417 170 27 31 0.030196052 
828 1 24 28 0.029869612 
326 619 26 27 0.029578587 
421 612 11 13 0.02947488 
864 93 42 53 0.029117947 
5 503 12 19 0.028959282 
786 66 47 68 0.028588757 
445 607 9 12 0.027630275 
844 123 55 69 0.027025998 
420 592 10 11 0.02676804 
388 661 11 14 0.025735827 
257 120 8 10 0.025722556 
423 629 11 12 0.025355386 
143 129 34 56 0.0252113 
298 505 14 18 0.025001135 
348 162 42 50 0.024864933 
381 621 11 13 0.0246956 
994 104 25 31 0.02457901 
384 614 10 13 0.024278928 
422 187 13 16 0.023831662 
248 88 9 10 0.023740487 
907 416 31 38 0.023116259 
928 80 8 11 0.022703227 
403 203 11 14 0.022554459 
958 4 13 13 0.022000587 
299 576 24 32 0.021140642 
432 589 20 24 0.020981705 
308 170 42 57 0.020582654 
0 496 21 32 0.020277184 
