25_Soldier_Patrol_Soldier_Patrol_25_882
18
801 499 133 109 0.8524681 
802 521 38 40 0.08828772 
215 209 15 20 0.07435688 
730 514 15 20 0.055735867 
-21 2 154 238 0.051884983 
522 483 93 109 0.03505399 
404 527 68 61 0.033552412 
679 464 27 29 0.02929597 
407 499 97 109 0.027113682 
726 146 12 16 0.026773684 
795 520 83 71 0.025754793 
903 518 8 12 0.02449595 
812 510 14 14 0.022413917 
776 517 23 34 0.02147276 
829 486 13 16 0.021206735 
855 516 72 69 0.02103609 
899 531 31 37 0.020897334 
795 514 29 35 0.020664277 
