25_Soldier_Patrol_Soldier_Patrol_25_173
68
275 110 109 141 0.94106793 
453 136 11 13 0.26745665 
517 141 11 13 0.24245152 
469 147 14 18 0.2354689 
558 159 12 16 0.19382809 
311 134 117 147 0.17791575 
580 185 21 35 0.15472884 
580 151 10 13 0.13999622 
476 147 13 17 0.11834414 
374 216 58 71 0.095729455 
520 207 12 13 0.094301425 
484 148 12 15 0.08792449 
565 155 12 16 0.08766221 
120 258 64 79 0.086719826 
430 117 11 14 0.08185428 
347 187 92 114 0.081022926 
552 159 12 15 0.07944449 
597 157 12 16 0.07932143 
573 150 15 19 0.07107644 
465 141 10 14 0.07000074 
579 184 39 57 0.068759896 
469 159 12 16 0.062830515 
521 209 17 20 0.06198258 
439 143 11 16 0.059854448 
447 139 11 15 0.05902997 
245 76 171 228 0.057571054 
223 107 104 124 0.05355496 
429 186 11 13 0.052965064 
455 148 10 16 0.051902395 
592 156 11 15 0.05179753 
513 143 15 20 0.048995823 
558 212 13 17 0.04211973 
544 340 34 35 0.042090878 
258 147 38 49 0.042019747 
533 153 11 14 0.039459977 
603 158 13 16 0.03807852 
295 303 35 36 0.036349904 
368 43 10 12 0.035871293 
526 150 11 15 0.033127602 
514 217 18 21 0.03225994 
494 208 12 15 0.03153437 
595 155 21 26 0.031327024 
606 196 14 20 0.030122602 
380 57 42 55 0.029524906 
555 207 28 34 0.029215392 
614 157 11 14 0.029061237 
465 152 14 19 0.027584823 
597 190 29 37 0.02690254 
394 238 35 43 0.026258629 
501 281 42 49 0.026213398 
609 157 46 57 0.025937244 
444 146 12 17 0.02514923 
598 153 10 12 0.02440588 
508 223 16 19 0.024263443 
426 114 20 25 0.023129491 
627 156 22 31 0.02285149 
492 152 13 17 0.022502031 
616 160 24 33 0.022418411 
566 199 30 39 0.022214187 
453 140 21 29 0.022198545 
542 155 12 15 0.022125386 
560 152 11 13 0.022090264 
637 161 13 17 0.0217594 
543 319 11 15 0.020554468 
460 136 11 14 0.020445406 
611 169 17 22 0.020369057 
398 47 12 14 0.020175405 
345 53 56 58 0.020015862 
