25_Soldier_Patrol_Soldier_Patrol_25_936
19
470 212 480 527 0.99385685 
209 105 55 64 0.9870604 
219 300 343 483 0.8051525 
228 485 68 81 0.369339 
361 317 401 505 0.3071942 
144 370 210 335 0.23900306 
202 475 112 141 0.19672297 
40 209 381 498 0.10780421 
633 19 324 476 0.07755046 
108 146 22 26 0.07533456 
272 448 135 165 0.03791392 
105 154 19 23 0.03791317 
222 495 33 49 0.033872783 
120 146 18 21 0.033385094 
236 454 114 130 0.028261576 
18 344 61 90 0.026900532 
464 361 117 174 0.022828894 
695 268 310 374 0.022254558 
70 217 92 117 0.020516848 
