25_Soldier_Patrol_Soldier_Patrol_25_1029
70
555 328 30 39 0.9990545 
119 436 64 82 0.9989379 
511 381 41 68 0.99860966 
581 142 30 41 0.9981547 
154 200 50 57 0.9977241 
255 361 56 69 0.9971301 
609 298 38 43 0.9966011 
660 311 36 40 0.99656266 
499 184 33 43 0.9951428 
456 182 44 54 0.9851564 
872 171 41 45 0.9795243 
249 183 40 49 0.9785519 
736 145 56 72 0.9756693 
656 195 27 36 0.95075303 
716 186 33 44 0.9025662 
727 170 44 59 0.510037 
385 183 9 11 0.34662518 
406 184 9 12 0.18675196 
982 243 41 65 0.16209044 
405 165 10 14 0.15935443 
746 331 24 32 0.15069017 
435 163 8 10 0.1378487 
969 530 55 113 0.12570535 
400 186 10 13 0.113417424 
678 400 37 44 0.100868076 
755 123 58 78 0.0939691 
216 329 40 51 0.08167994 
655 198 16 25 0.07985713 
625 226 16 20 0.079263166 
412 204 9 13 0.075240545 
850 88 26 32 0.07280893 
388 185 10 14 0.06685991 
422 175 9 11 0.056827407 
412 199 9 12 0.055548012 
945 304 61 74 0.054280426 
958 284 58 67 0.05116107 
541 168 14 16 0.04787435 
667 201 29 33 0.046872113 
596 222 24 27 0.044035096 
736 337 38 51 0.042656064 
259 618 15 18 0.04209425 
701 185 12 19 0.0398697 
534 389 46 61 0.038006384 
548 164 11 15 0.035130247 
378 183 10 11 0.03426842 
126 585 29 31 0.033918902 
733 356 28 38 0.031638265 
284 46 18 20 0.031010423 
609 138 24 30 0.030969506 
567 396 29 36 0.03005898 
472 404 33 47 0.029991008 
537 158 21 28 0.028388752 
149 197 32 42 0.028145233 
259 96 13 17 0.027157513 
645 315 27 33 0.026166987 
415 183 9 11 0.024753582 
384 178 9 12 0.02226801 
400 110 9 11 0.021566449 
717 337 39 54 0.021442264 
594 140 28 37 0.021438565 
750 207 31 38 0.021382397 
101 417 53 71 0.021340357 
679 210 28 34 0.02109069 
652 178 27 36 0.021075249 
740 361 17 23 0.021018421 
195 205 25 36 0.020939024 
90 427 29 44 0.020691572 
842 184 45 53 0.020180538 
877 80 26 31 0.02016475 
381 182 19 24 0.020093858 
