25_Soldier_Patrol_Soldier_Patrol_25_873
113
489 134 41 46 0.9927763 
412 142 32 34 0.99050575 
746 109 26 27 0.9884 
231 190 22 23 0.85099274 
104 206 13 15 0.52746284 
452 201 28 32 0.35571194 
38 450 132 104 0.3159594 
66 214 9 12 0.30687073 
329 180 15 17 0.29530507 
388 178 22 28 0.1724921 
781 -1 181 131 0.16899185 
142 220 13 17 0.16105267 
46 230 10 12 0.15699454 
570 140 31 37 0.14048086 
92 191 9 11 0.13586147 
479 82 17 22 0.1117208 
408 228 27 31 0.09324334 
87 240 8 10 0.087195374 
464 306 16 20 0.07867078 
438 210 28 35 0.074534975 
74 476 149 98 0.071044706 
549 143 24 30 0.069553256 
326 242 12 14 0.06436784 
292 169 11 16 0.0637903 
226 200 24 27 0.06221406 
741 211 14 18 0.06213026 
473 238 16 25 0.06162209 
221 197 11 15 0.05638395 
515 253 17 22 0.04913037 
727 3 57 61 0.048243415 
288 162 14 19 0.048230436 
823 201 12 15 0.04738679 
212 292 17 20 0.045264106 
217 193 8 11 0.044998523 
698 113 21 27 0.043095972 
451 325 11 14 0.04271419 
457 23 90 132 0.042711202 
468 75 26 34 0.042518426 
750 199 11 14 0.041929506 
107 220 11 13 0.041713588 
78 213 9 11 0.040181648 
68 218 11 13 0.040039454 
343 194 16 19 0.039192062 
280 198 9 11 0.039056115 
125 226 9 12 0.03665692 
459 244 27 32 0.036606584 
539 111 15 21 0.036194116 
356 201 16 18 0.03603269 
117 206 10 13 0.035975285 
217 206 24 28 0.034602378 
47 295 11 14 0.034458924 
52 230 9 12 0.033265762 
954 223 48 63 0.033074513 
78 223 9 11 0.032436047 
20 199 12 13 0.032325145 
229 175 10 12 0.03213838 
252 193 10 16 0.032011505 
108 200 12 14 0.031444807 
4 524 37 42 0.03100027 
228 548 34 26 0.030776823 
207 220 10 13 0.02971747 
79 207 9 12 0.029707516 
481 284 27 34 0.029402563 
126 282 14 16 0.029257385 
418 158 28 33 0.028946377 
197 236 13 16 0.028794268 
527 102 27 35 0.028337382 
468 173 18 22 0.027659182 
713 188 16 20 0.027637938 
145 214 14 16 0.02730295 
773 212 11 15 0.02716298 
346 192 22 26 0.027014215 
79 229 8 9 0.026954317 
285 143 10 12 0.026756763 
676 83 15 20 0.02673385 
958 234 27 39 0.02652148 
751 239 12 14 0.026285749 
286 148 12 13 0.025913294 
420 222 27 32 0.025820151 
138 221 10 14 0.025595998 
288 262 11 16 0.024970932 
395 175 14 17 0.024789479 
215 203 14 16 0.024784464 
599 258 15 21 0.024495305 
459 214 31 36 0.024458548 
526 276 14 17 0.024274517 
96 223 10 12 0.024078248 
781 197 11 14 0.024062531 
64 210 9 11 0.023295907 
488 93 52 70 0.023191204 
62 209 17 22 0.02287597 
100 477 14 16 0.022776555 
25 252 8 12 0.022639887 
142 233 11 15 0.02243983 
242 182 15 19 0.022425769 
71 278 8 11 0.022228302 
363 198 16 18 0.022167228 
463 64 52 68 0.02212658 
445 309 11 14 0.02199414 
45 246 9 10 0.021913705 
82 239 9 10 0.021743946 
220 221 17 21 0.021739192 
830 17 94 61 0.021660354 
493 39 62 83 0.021438261 
213 212 14 19 0.021225827 
325 174 16 19 0.021116072 
157 501 33 34 0.021100363 
112 189 9 11 0.021075621 
372 259 16 18 0.021041982 
33 262 9 11 0.020630153 
480 240 16 21 0.020301834 
787 278 14 14 0.020154987 
41 292 11 14 0.020061065 
