25_Soldier_Patrol_Soldier_Patrol_25_527
38
755 190 30 37 0.99952924 
330 197 49 64 0.998114 
108 284 36 47 0.99606246 
863 152 46 59 0.99457437 
698 158 29 46 0.9885571 
509 269 25 27 0.9805362 
542 281 22 27 0.18691134 
443 193 483 492 0.097816035 
515 296 28 32 0.09647344 
726 370 15 18 0.054916576 
99 441 14 17 0.048417334 
547 276 16 19 0.045802012 
93 444 14 19 0.04573016 
665 148 39 59 0.04153488 
507 270 38 46 0.040388547 
529 301 15 20 0.038978305 
19 18 32 33 0.037502512 
644 145 44 63 0.036206663 
780 317 20 26 0.033956725 
95 422 10 12 0.033936054 
116 463 11 12 0.03329327 
552 288 15 18 0.032911275 
87 427 12 14 0.030228268 
538 429 16 21 0.028387671 
807 175 24 31 0.028097255 
705 153 18 28 0.027962636 
168 301 13 16 0.026308969 
64 276 47 65 0.026256796 
290 336 84 102 0.025863694 
690 145 31 44 0.023819467 
794 176 25 32 0.023511762 
897 119 10 11 0.02350867 
442 370 49 62 0.023402175 
102 406 12 15 0.02314542 
464 281 13 19 0.022934597 
800 140 220 265 0.022263888 
533 288 28 31 0.021234231 
119 435 13 17 0.020358773 
