25_Soldier_Patrol_Soldier_Patrol_25_679
77
86 180 29 35 0.99926084 
122 197 38 47 0.99918824 
598 151 82 104 0.99804187 
434 62 38 44 0.99678457 
201 173 45 51 0.99432737 
309 98 27 29 0.9935661 
308 128 39 49 0.99280953 
867 35 41 52 0.98982275 
492 149 32 39 0.97835106 
33 122 16 20 0.8884855 
56 166 20 27 0.28528345 
32 210 24 29 0.18928193 
21 167 22 29 0.17907111 
507 146 29 36 0.16158961 
52 141 13 16 0.14106259 
50 178 23 30 0.13464618 
67 165 14 17 0.10706435 
75 141 15 18 0.09744564 
27 154 21 27 0.08098989 
3 203 15 22 0.07627554 
36 150 14 19 0.07474673 
52 151 16 20 0.07118854 
277 130 21 35 0.06973622 
23 142 12 14 0.06964422 
36 205 16 19 0.06555142 
42 150 20 26 0.06055644 
135 149 12 14 0.0583479 
20 181 16 22 0.056203526 
92 154 14 17 0.0546287 
29 170 24 31 0.05336216 
998 181 11 14 0.049532164 
14 154 11 16 0.0488648 
23 162 16 20 0.04610237 
65 175 17 23 0.04576147 
159 159 13 16 0.04528874 
39 202 24 30 0.04434632 
21 147 13 17 0.04032892 
522 148 20 25 0.039144974 
997 55 10 12 0.038394485 
21 156 14 17 0.038134824 
42 129 13 18 0.035770226 
53 191 25 33 0.03515503 
348 384 11 15 0.034492332 
8 156 11 16 0.033993896 
84 148 12 15 0.03367546 
5 164 10 14 0.03265837 
49 201 17 22 0.031572808 
88 231 16 21 0.030394768 
388 201 25 28 0.03024525 
29 148 15 19 0.029803978 
13 157 23 31 0.0297931 
23 121 15 19 0.029057765 
47 170 17 22 0.028710581 
455 283 30 31 0.028183257 
114 173 20 26 0.027569758 
56 147 14 17 0.026756315 
69 159 12 15 0.0267242 
3 171 11 17 0.026533987 
-13 92 420 482 0.026168035 
54 103 12 15 0.025746597 
58 156 14 17 0.025735648 
248 143 38 50 0.025612654 
94 140 11 13 0.024734184 
536 2 10 9 0.024537856 
85 143 10 13 0.02449539 
302 99 41 53 0.024260094 
6 148 12 16 0.023971444 
22 130 15 19 0.02382103 
28 219 24 34 0.023605945 
940 268 12 16 0.022873433 
47 184 17 20 0.022595556 
300 283 14 20 0.022530686 
86 160 15 19 0.02236365 
317 329 18 21 0.02145806 
107 234 17 21 0.02132392 
11 146 22 28 0.020636708 
795 183 11 13 0.020602843 
