25_Soldier_Patrol_Soldier_Patrol_25_912
19
332 273 32 37 0.99807954 
1000 22 14 20 0.20244768 
968 384 18 21 0.15125501 
290 324 37 46 0.07418902 
847 526 14 18 0.05378614 
963 377 40 54 0.04222812 
125 482 51 56 0.041032523 
856 464 24 33 0.03589016 
998 10 21 30 0.033865776 
958 91 53 89 0.03194216 
608 519 164 217 0.031257797 
1000 29 19 22 0.024380906 
639 272 44 55 0.022394635 
899 360 17 21 0.022302149 
453 187 21 30 0.022056064 
843 351 18 21 0.022015298 
364 345 30 38 0.021215782 
761 299 9 14 0.021050088 
166 -37 201 244 0.020110598 
