25_Soldier_Patrol_Soldier_Patrol_25_463
21
800 113 33 54 0.99442154 
351 175 41 61 0.99375486 
782 152 39 51 0.7895993 
173 170 48 63 0.20052463 
761 140 44 59 0.06224111 
172 318 10 12 0.059293203 
722 136 49 62 0.04739426 
165 236 23 28 0.044713873 
912 302 11 13 0.039750006 
788 122 32 44 0.035462927 
423 421 39 49 0.030241169 
871 459 9 10 0.029042795 
283 151 43 56 0.02643095 
178 144 33 39 0.025879228 
268 185 44 58 0.025393154 
329 188 38 42 0.024129352 
901 220 26 30 0.024014553 
498 262 32 38 0.02243686 
149 259 15 17 0.021172255 
254 154 37 50 0.02015485 
187 188 50 64 0.020041827 
