25_Soldier_Patrol_Soldier_Patrol_25_728
31
605 92 120 153 0.99955565 
164 282 14 18 0.102598034 
144 237 11 13 0.043020483 
102 271 506 506 0.037138745 
815 398 45 45 0.036368005 
165 227 11 13 0.033006594 
997 334 10 12 0.032554343 
101 495 15 18 0.032096438 
147 231 11 14 0.031920347 
269 499 12 14 0.030213887 
1001 335 24 33 0.030168023 
260 477 14 17 0.02971362 
311 383 16 22 0.029142909 
167 235 14 17 0.028711626 
431 346 14 15 0.028429275 
481 328 7 9 0.027836764 
197 510 10 12 0.027719352 
779 383 26 29 0.026472138 
278 492 12 15 0.025635215 
334 288 13 17 0.02404671 
318 360 14 18 0.023956284 
160 271 24 31 0.023828078 
518 271 11 12 0.023606926 
161 222 11 14 0.022925407 
282 485 14 16 0.022371273 
354 475 13 16 0.021438591 
159 277 15 19 0.021366829 
673 382 45 53 0.02104515 
256 526 10 12 0.020296272 
344 119 8 10 0.020016365 
384 448 35 40 0.020009393 
