25_Soldier_Patrol_Soldier_Patrol_25_1046
29
254 397 24 33 0.98737854 
746 390 33 45 0.9765693 
856 339 42 68 0.8244618 
788 391 19 27 0.18531325 
674 396 17 23 0.060190883 
739 405 28 36 0.044906918 
531 34 165 222 0.041893817 
771 388 16 20 0.040583126 
888 336 50 64 0.03816158 
863 287 55 67 0.03448768 
727 422 21 29 0.031725995 
675 960 26 33 0.028716667 
896 233 41 53 0.027628895 
841 408 16 24 0.026822304 
779 394 16 21 0.026645401 
749 387 15 20 0.02616813 
850 371 30 45 0.02539446 
99 593 32 33 0.025366453 
872 250 51 65 0.023751333 
718 428 22 28 0.023582174 
52 667 13 16 0.022731673 
780 379 13 18 0.022324912 
833 326 71 114 0.022009263 
918 246 39 52 0.02174348 
839 543 24 30 0.02116103 
848 308 12 15 0.020378202 
953 411 15 19 0.02025859 
761 392 26 33 0.020089336 
221 395 20 30 0.020067222 
