25_Soldier_Patrol_Soldier_Patrol_25_640
22
432 4 236 322 0.9999256 
199 96 50 71 0.075037844 
60 56 17 19 0.037022986 
135 32 33 40 0.03425781 
205 85 35 42 0.032843642 
211 79 52 67 0.032057624 
181 51 47 63 0.03064379 
185 69 53 76 0.029392833 
319 99 50 65 0.028133826 
324 85 19 24 0.025048625 
264 56 29 38 0.024359921 
169 7 30 35 0.024260588 
79 339 15 18 0.024152463 
254 90 44 63 0.0239084 
517 558 11 14 0.023623576 
207 36 46 62 0.023397762 
228 77 30 36 0.022625126 
230 92 49 68 0.021903578 
299 94 46 66 0.021420723 
279 63 25 32 0.020939533 
216 54 50 63 0.02020184 
37 515 31 53 0.02010513 
