25_Soldier_Patrol_Soldier_Patrol_25_59
133
463 90 72 87 0.9939169 
21 52 33 43 0.8502231 
255 520 102 128 0.46016526 
87 80 24 29 0.4188263 
429 210 50 52 0.233178 
473 29 57 60 0.20095605 
566 634 52 64 0.16585043 
69 44 22 27 0.14041893 
700 95 15 19 0.13879247 
569 173 41 50 0.13454978 
583 452 50 62 0.1286842 
157 506 73 114 0.11466071 
132 74 25 34 0.105322056 
117 507 89 97 0.10257915 
381 239 51 57 0.096387856 
156 43 13 16 0.08966639 
679 152 22 28 0.08885124 
167 78 14 19 0.084642 
459 566 27 28 0.076160386 
246 44 14 17 0.07580107 
195 124 11 15 0.07226339 
926 147 15 17 0.06626058 
281 108 17 22 0.06345785 
661 668 16 21 0.06345139 
741 170 16 20 0.060831714 
403 221 56 59 0.05802291 
776 136 22 30 0.057831407 
331 49 15 20 0.056918163 
185 528 97 110 0.056571163 
347 348 49 61 0.05630835 
679 138 22 29 0.054719973 
692 114 14 17 0.054212652 
93 522 74 63 0.053716205 
12 106 26 30 0.052326612 
346 151 28 39 0.05153861 
950 87 12 15 0.05137534 
680 192 17 21 0.05044388 
652 142 15 20 0.049907967 
883 459 12 16 0.046514127 
685 130 16 21 0.046447188 
940 470 78 114 0.04550659 
919 128 16 19 0.043810878 
200 59 10 13 0.043699328 
521 164 48 57 0.04322276 
87 466 177 179 0.04264029 
904 638 43 55 0.041726477 
910 647 27 34 0.04142242 
810 53 13 17 0.041364823 
957 120 14 19 0.040190242 
611 450 55 62 0.04001135 
827 427 25 31 0.03898584 
691 128 13 17 0.03872922 
42 363 16 18 0.038120512 
963 40 13 16 0.03758493 
982 175 21 26 0.036929175 
593 129 27 40 0.036784753 
710 122 15 20 0.036559153 
966 68 12 15 0.036506023 
751 144 15 19 0.03621563 
436 562 15 20 0.035839744 
1013 476 11 18 0.034942836 
868 53 12 15 0.0339792 
371 567 14 18 0.03366413 
669 654 13 17 0.03254607 
384 660 29 34 0.032179635 
886 51 12 13 0.032097954 
909 106 12 15 0.031775557 
904 651 11 16 0.030669989 
246 62 11 14 0.030143606 
370 648 47 55 0.03009623 
920 24 16 18 0.029220494 
867 61 13 15 0.029174374 
477 37 36 38 0.028634181 
540 254 51 66 0.028484803 
606 602 17 21 0.028249593 
829 359 17 19 0.028087545 
406 472 51 65 0.027955048 
967 81 13 16 0.02784849 
586 186 34 42 0.027314244 
964 9 14 18 0.02701722 
735 185 21 27 0.02665424 
664 655 22 31 0.026554858 
861 98 28 36 0.026120944 
838 142 16 21 0.025889901 
1013 109 11 18 0.025885621 
725 88 12 14 0.025733199 
412 120 43 60 0.025433814 
939 129 14 17 0.025363069 
681 166 17 21 0.025221106 
532 559 14 18 0.024996607 
180 116 14 18 0.024555836 
260 125 13 15 0.024233047 
167 507 210 245 0.024137601 
767 212 24 33 0.023959452 
35 61 29 35 0.023954265 
26 123 15 18 0.023746202 
961 516 52 86 0.023706628 
733 76 12 15 0.023583535 
631 153 13 16 0.023559323 
937 559 25 34 0.023469597 
326 532 53 77 0.023430929 
987 565 32 42 0.023409713 
228 62 10 10 0.02338182 
662 439 83 113 0.023223234 
219 95 17 23 0.023191413 
378 11 13 15 0.023122877 
142 91 26 34 0.02293976 
925 84 14 16 0.022672158 
22 476 12 15 0.022554653 
254 125 12 15 0.02254885 
688 142 16 21 0.022532683 
1014 121 11 17 0.022474427 
900 93 11 14 0.022401897 
963 115 12 17 0.022397192 
447 199 49 52 0.022100292 
4 101 39 51 0.022091482 
898 122 15 17 0.021975541 
955 84 12 18 0.021958522 
909 115 13 16 0.021785786 
173 444 12 15 0.02140045 
251 61 12 14 0.021329151 
921 88 23 27 0.021318622 
667 117 16 20 0.021247828 
330 44 12 15 0.021044025 
726 113 14 17 0.021041177 
174 72 12 14 0.020973232 
173 70 21 27 0.020966066 
699 128 14 19 0.020846933 
443 112 53 66 0.020710792 
878 69 12 15 0.020361895 
8 59 28 36 0.020356268 
982 39 22 27 0.020339098 
393 426 37 42 0.02031829 
