25_Soldier_Patrol_Soldier_Patrol_25_1026
55
204 219 47 57 0.94480693 
636 130 11 15 0.89654046 
577 231 24 31 0.66746455 
530 135 15 21 0.4602721 
580 141 10 14 0.21103577 
656 310 12 14 0.1255643 
606 126 9 11 0.11629398 
419 246 16 20 0.07346771 
545 330 12 17 0.06306677 
576 144 11 14 0.058126584 
604 119 10 13 0.053548004 
583 137 10 12 0.048828285 
517 149 12 17 0.048166726 
601 123 11 14 0.045698397 
607 132 9 12 0.044990856 
879 441 17 18 0.043597497 
411 234 24 36 0.042703602 
30 214 8 10 0.042623512 
531 361 12 12 0.04173906 
202 191 57 57 0.041056924 
525 142 17 24 0.037397504 
633 154 23 29 0.037283752 
0 180 25 41 0.036727335 
588 141 10 12 0.03626114 
345 215 10 12 0.035532378 
589 135 9 11 0.035075787 
606 341 9 13 0.033852223 
653 302 20 25 0.033479642 
352 238 9 12 0.030114109 
585 255 45 57 0.030096343 
667 299 11 15 0.029895913 
644 156 15 19 0.028872244 
600 142 9 11 0.027630208 
762 191 7 9 0.026475545 
25 213 9 12 0.026106928 
1 388 10 14 0.025933241 
640 189 11 13 0.025624936 
600 133 10 12 0.02416051 
377 217 15 16 0.02374253 
606 139 10 13 0.02314961 
590 150 8 11 0.022645116 
0 250 9 15 0.022486525 
3 397 12 14 0.02227666 
591 116 10 13 0.021981362 
766 192 7 8 0.02164538 
39 213 8 10 0.021583907 
917 82 103 137 0.02142434 
538 138 12 17 0.020939749 
4 403 13 15 0.020937642 
273 182 97 134 0.020883353 
349 220 8 11 0.020575281 
669 307 11 15 0.020177893 
15 319 106 137 0.020176452 
606 112 9 12 0.020164285 
506 292 9 12 0.020121036 
