25_Soldier_Patrol_Soldier_Patrol_25_121
389
683 87 64 74 0.99874157 
190 84 9 12 0.54446197 
228 194 14 17 0.39222735 
123 157 14 17 0.35834348 
251 142 12 16 0.27556548 
158 72 9 11 0.23056038 
309 92 11 12 0.21999978 
205 208 13 16 0.20113738 
254 115 10 14 0.18546286 
292 35 10 13 0.17888896 
113 179 16 18 0.17788427 
142 71 9 11 0.16927058 
158 93 9 10 0.16505714 
238 60 8 10 0.16154909 
239 13 8 10 0.16087024 
173 222 15 20 0.13431191 
265 95 8 12 0.1337994 
233 56 9 11 0.12890598 
303 14 10 12 0.12637027 
199 86 9 11 0.12466663 
113 102 10 12 0.119125366 
292 78 9 12 0.11768146 
229 165 10 13 0.116955556 
201 190 12 15 0.11666308 
173 84 9 11 0.116371006 
191 171 12 15 0.11587495 
249 109 9 13 0.10917286 
152 86 9 11 0.106632404 
216 69 10 12 0.10558377 
141 94 9 11 0.10508067 
161 111 10 12 0.104131445 
223 31 8 9 0.10194781 
216 77 10 13 0.10107396 
126 187 12 16 0.0993238 
168 78 10 12 0.097117655 
165 103 9 12 0.096800804 
256 71 9 11 0.095210165 
232 93 9 12 0.09118054 
136 197 13 15 0.09069431 
288 30 10 13 0.09015415 
172 210 22 27 0.08965877 
143 102 10 12 0.08903495 
173 79 8 11 0.08787353 
242 31 7 9 0.08427136 
257 13 8 10 0.08392396 
191 63 8 10 0.08214563 
100 139 15 19 0.07975305 
293 7 10 10 0.078827515 
568 264 61 59 0.07858802 
263 87 8 11 0.07816343 
209 16 7 10 0.077616714 
148 251 17 21 0.07717607 
646 390 17 21 0.077137 
302 19 8 11 0.07686425 
183 186 14 16 0.076830655 
220 63 10 12 0.0762247 
223 94 9 12 0.07532858 
221 135 9 11 0.07532219 
193 30 8 11 0.07497479 
220 69 10 12 0.0749336 
215 46 9 11 0.07326936 
351 319 8 10 0.07253838 
192 53 8 10 0.071962245 
216 39 8 10 0.071510755 
129 61 8 10 0.07073703 
198 31 8 10 0.07064696 
258 45 9 11 0.0701744 
246 127 10 12 0.070158675 
204 86 9 11 0.07007717 
135 88 9 10 0.06968126 
132 125 13 16 0.06930229 
304 6 10 12 0.06814421 
216 8 8 9 0.06683488 
246 31 7 10 0.06655911 
177 205 16 20 0.066430286 
258 38 8 11 0.0657583 
238 8 9 10 0.06561247 
288 70 8 9 0.06541046 
117 95 8 10 0.06494743 
198 0 8 8 0.064776175 
245 38 8 10 0.0647625 
224 14 7 9 0.06450362 
290 8 8 9 0.063778415 
248 134 10 13 0.06361539 
357 81 11 12 0.063452266 
53 125 27 30 0.06200224 
207 64 9 11 0.061363205 
7 267 25 32 0.06058696 
233 15 8 9 0.060427837 
149 109 10 12 0.060155585 
185 81 9 12 0.060021047 
222 100 9 12 0.059703317 
177 45 9 11 0.0594869 
120 72 9 11 0.05907456 
92 122 11 15 0.05906335 
302 0 9 9 0.05893905 
656 98 35 42 0.058577795 
165 45 8 11 0.058347516 
296 15 10 11 0.058068693 
216 23 7 9 0.05802063 
171 169 11 15 0.05797534 
222 87 10 12 0.057763215 
268 101 10 11 0.05761365 
279 16 9 11 0.05737477 
181 39 9 11 0.05727669 
308 13 9 11 0.05726503 
167 225 14 18 0.05688316 
256 6 10 12 0.056516264 
14 446 11 14 0.05486638 
306 87 10 13 0.05463104 
167 72 8 10 0.05455837 
286 22 9 11 0.054485943 
127 104 7 9 0.054339316 
609 466 30 34 0.054333683 
154 30 7 9 0.053764626 
128 85 9 12 0.053501546 
160 39 8 9 0.052801427 
217 31 8 10 0.052626837 
195 79 14 15 0.052459754 
238 164 9 12 0.05221943 
238 127 8 11 0.052110158 
149 119 10 12 0.051433343 
200 91 10 12 0.051310472 
167 22 6 9 0.05127665 
209 68 10 12 0.05122514 
153 70 9 11 0.0507966 
283 141 11 15 0.05043517 
146 194 15 18 0.050406527 
344 0 12 11 0.050317276 
352 272 9 10 0.050162196 
125 71 9 10 0.049522907 
298 20 8 11 0.049434982 
223 191 13 16 0.049139045 
247 55 7 10 0.0490596 
113 88 8 11 0.048433144 
139 147 11 14 0.04832568 
165 40 8 10 0.048255656 
138 93 8 10 0.04815907 
280 302 9 11 0.047777608 
207 163 10 12 0.04749235 
208 21 7 10 0.047480386 
261 2 10 10 0.047459565 
160 23 8 10 0.04738158 
178 31 8 10 0.047225915 
253 181 10 12 0.047132522 
74 194 13 18 0.046953555 
142 88 8 10 0.04676648 
95 145 15 18 0.046588432 
133 56 8 10 0.04653168 
197 134 10 13 0.04636151 
223 37 8 9 0.046159454 
138 72 8 10 0.04610641 
236 101 10 14 0.046050597 
153 255 16 21 0.045905083 
112 192 13 18 0.04558476 
230 159 11 14 0.045331333 
153 92 10 12 0.045267023 
104 134 13 17 0.044791844 
270 37 7 10 0.044336855 
235 95 10 12 0.044155844 
190 69 11 12 0.044033583 
27 597 20 23 0.043814253 
223 24 7 9 0.043104634 
230 88 10 12 0.04298669 
279 65 9 11 0.042982142 
216 15 7 9 0.04292569 
246 153 14 17 0.042344194 
213 183 9 11 0.04229046 
234 126 9 11 0.0421821 
129 155 14 17 0.04209142 
216 143 9 12 0.04188947 
373 283 12 14 0.04176274 
222 8 8 10 0.041380428 
126 78 9 11 0.041311912 
247 6 8 10 0.040788542 
173 70 9 11 0.039989214 
142 124 11 13 0.039778616 
204 195 12 13 0.03937611 
240 143 9 11 0.0393469 
287 13 9 11 0.03932056 
794 122 39 48 0.038950697 
200 23 8 10 0.038840484 
155 149 11 14 0.038651664 
269 95 10 12 0.038497295 
342 84 11 15 0.038491618 
196 167 11 13 0.038340334 
102 38 9 12 0.037355773 
130 189 13 16 0.037102167 
707 43 13 15 0.0370999 
166 116 10 12 0.037023887 
257 1 9 10 0.036968097 
224 107 11 14 0.036808506 
184 24 8 10 0.03680434 
199 48 7 10 0.036763743 
209 7 7 8 0.036200486 
254 64 9 11 0.036154564 
320 0 11 9 0.036016516 
255 30 9 12 0.035702296 
88 38 7 9 0.035653632 
94 78 13 14 0.03541381 
183 63 9 10 0.035362788 
6 114 14 19 0.03535485 
131 176 14 18 0.03526964 
191 24 8 9 0.035204433 
256 24 7 10 0.035174754 
220 140 10 12 0.035064038 
203 116 12 13 0.034999017 
237 133 10 12 0.034788698 
234 8 9 10 0.034771454 
101 204 14 19 0.034734435 
262 153 13 17 0.034323227 
209 149 8 11 0.034316346 
252 136 12 14 0.0342706 
119 88 8 10 0.034191713 
304 167 8 12 0.034107838 
182 31 9 10 0.033862848 
215 148 9 12 0.03352845 
319 279 8 9 0.0329717 
247 24 7 9 0.03284408 
211 272 25 33 0.03283321 
240 70 8 10 0.032547366 
10 109 13 16 0.032369144 
726 242 23 30 0.032237556 
93 191 11 15 0.03198633 
213 189 10 13 0.03177988 
184 54 7 9 0.031636745 
277 174 11 14 0.031635337 
15 524 11 14 0.031583775 
278 294 12 13 0.031520467 
261 70 8 11 0.03139768 
200 62 8 11 0.031360943 
278 136 12 14 0.031259704 
247 70 9 11 0.03125826 
138 277 13 16 0.031255487 
135 77 9 11 0.030998262 
143 40 7 8 0.03083677 
350 84 15 16 0.030738143 
86 117 13 17 0.030608466 
148 200 16 19 0.030516706 
644 424 25 33 0.030507613 
104 180 13 16 0.030490799 
231 79 9 11 0.030400716 
234 384 16 20 0.030306198 
186 177 15 18 0.030301971 
247 86 11 13 0.030182272 
19 317 16 20 0.030150823 
239 45 9 11 0.03003681 
209 47 8 10 0.029912379 
153 77 9 11 0.029891461 
147 103 11 14 0.02987735 
231 150 9 11 0.029753912 
224 170 12 14 0.029631823 
230 368 26 32 0.029468244 
198 53 7 9 0.029452229 
181 45 9 12 0.029375806 
620 433 28 36 0.029268524 
180 194 14 16 0.029190265 
158 31 7 9 0.029060636 
207 184 11 13 0.029041566 
366 235 11 12 0.028471414 
356 271 9 11 0.0283072 
168 138 11 15 0.028305039 
133 110 9 11 0.028234525 
218 95 9 12 0.02821668 
38 248 15 18 0.02818505 
129 109 9 11 0.028112924 
288 181 8 12 0.027950248 
209 39 6 9 0.02769273 
96 22 8 10 0.02754561 
593 244 57 55 0.027334515 
2 607 49 71 0.027215714 
246 62 8 11 0.027173432 
190 246 25 31 0.027136141 
156 631 29 37 0.027120762 
262 37 10 12 0.027094912 
174 118 11 14 0.027021661 
121 39 7 9 0.027002072 
151 14 8 10 0.026990147 
175 64 10 11 0.02696275 
263 167 10 13 0.02694484 
177 53 8 9 0.026910707 
173 92 10 12 0.026803976 
273 21 8 11 0.026742512 
152 64 8 10 0.026607739 
199 36 7 10 0.026589548 
49 264 25 33 0.02649318 
232 119 9 12 0.02643954 
131 118 12 14 0.026388014 
117 107 8 12 0.026383545 
165 94 10 12 0.026254449 
127 40 7 8 0.026159955 
282 29 9 11 0.02615551 
-1 574 79 113 0.026116427 
281 7 7 9 0.025935495 
105 176 21 25 0.025891287 
155 204 15 18 0.025832016 
274 15 8 11 0.02580661 
193 1 9 9 0.02576338 
139 232 26 31 0.025690785 
192 140 11 15 0.025601458 
183 167 11 14 0.025570009 
304 100 11 13 0.025546107 
780 188 32 37 0.025415303 
222 55 9 11 0.025361214 
231 23 7 9 0.02524828 
121 437 11 14 0.025085544 
156 189 11 14 0.025055425 
136 49 8 9 0.025018413 
154 23 7 10 0.024804618 
168 31 6 9 0.024790004 
142 47 8 10 0.024710637 
259 139 12 16 0.02467248 
178 24 7 9 0.024651239 
255 203 9 12 0.024567204 
286 382 8 10 0.024473362 
59 270 13 19 0.024449367 
237 104 13 16 0.024406033 
342 80 9 12 0.02411607 
317 95 11 13 0.02405023 
126 92 9 12 0.023968913 
140 198 15 19 0.023930728 
644 382 17 20 0.023861159 
174 217 26 32 0.023773106 
198 69 11 12 0.023747886 
0 505 14 22 0.023679242 
222 158 11 14 0.023678513 
186 76 18 23 0.023650752 
111 77 9 10 0.023630816 
178 403 10 13 0.023568287 
240 23 7 9 0.023427669 
254 86 9 12 0.023421878 
271 367 8 11 0.023345647 
244 163 11 14 0.023340754 
245 15 8 10 0.023272103 
232 394 11 14 0.023212662 
221 148 11 12 0.023171263 
152 47 7 9 0.023168892 
289 0 22 24 0.023138776 
241 147 10 13 0.023130018 
159 124 9 11 0.023095675 
278 94 11 13 0.02300661 
111 57 7 8 0.02287482 
268 149 13 17 0.022835705 
262 24 8 9 0.022457855 
164 204 14 18 0.022455798 
231 70 8 10 0.022421403 
143 164 12 14 0.022413455 
271 292 10 11 0.02240454 
233 142 9 12 0.022353237 
359 326 10 12 0.02232232 
668 421 31 39 0.022261132 
141 211 15 20 0.022051293 
247 77 9 11 0.02202497 
29 523 14 17 0.021992149 
239 78 8 10 0.021982266 
163 223 23 30 0.021721106 
112 46 7 10 0.021717118 
180 244 15 18 0.021572156 
246 46 8 11 0.021563876 
223 0 8 8 0.021470686 
154 245 17 21 0.02143357 
116 233 14 18 0.021399923 
270 4 8 10 0.021366473 
133 493 14 16 0.02134444 
37 157 12 14 0.021238782 
214 159 11 13 0.021231085 
270 47 8 11 0.02118015 
96 62 8 10 0.021142237 
153 55 7 9 0.021128949 
231 48 8 10 0.021097602 
221 46 10 12 0.021042459 
279 78 10 11 0.021032004 
192 16 7 9 0.021018445 
198 6 8 9 0.021013197 
184 91 10 12 0.020998003 
20 523 14 18 0.02080952 
271 64 9 11 0.020751024 
270 52 9 11 0.020676564 
294 91 10 12 0.02061676 
52 154 13 17 0.020585692 
128 130 11 14 0.020583091 
193 6 9 10 0.020582058 
123 169 16 19 0.020552915 
239 1 8 9 0.020492142 
126 408 13 14 0.020400051 
323 99 11 13 0.020389657 
200 241 26 29 0.020213407 
242 375 14 18 0.020191124 
245 102 11 16 0.02010027 
