25_Soldier_Patrol_Soldier_Patrol_25_174
132
110 32 29 37 0.99786794 
637 200 37 48 0.9912068 
394 162 34 38 0.97264636 
293 92 22 28 0.9618469 
371 82 24 28 0.9311215 
203 161 23 27 0.9194003 
341 139 24 33 0.4552625 
253 128 11 14 0.39510205 
338 104 15 18 0.3653272 
301 226 25 31 0.26357177 
146 180 24 27 0.15481976 
284 158 22 26 0.13533093 
247 101 11 13 0.13389848 
613 204 34 39 0.103903025 
552 267 12 16 0.1025627 
270 119 16 20 0.09466082 
165 130 11 15 0.08956026 
58 156 31 36 0.08858683 
250 131 17 22 0.08580554 
251 160 15 17 0.08560176 
345 104 16 19 0.08151513 
223 140 14 18 0.08070317 
164 161 13 16 0.07774465 
271 159 11 15 0.054775164 
688 249 24 29 0.053446542 
220 110 11 12 0.05273206 
238 158 11 16 0.051685687 
215 161 19 24 0.049887307 
533 156 13 16 0.048974242 
307 182 16 21 0.048658796 
102 152 25 27 0.048616 
357 176 15 20 0.048562165 
227 135 12 15 0.04604477 
553 295 27 34 0.045833234 
318 92 10 14 0.045757405 
262 197 24 30 0.0442787 
251 171 15 17 0.04315399 
3 272 13 15 0.041471463 
603 237 12 16 0.041209243 
613 328 27 29 0.040044993 
186 153 14 18 0.03985316 
317 150 13 18 0.039322272 
259 156 13 17 0.03765354 
255 85 10 12 0.037140585 
576 248 23 29 0.036989804 
296 177 43 48 0.036790904 
421 65 13 16 0.03606854 
253 120 19 25 0.035913732 
550 261 22 26 0.03574088 
324 159 15 21 0.03510787 
997 230 8 11 0.034834947 
237 118 9 12 0.03366483 
246 144 24 29 0.033276137 
275 92 13 17 0.033081796 
341 256 18 19 0.03300129 
174 146 14 18 0.032647073 
356 89 13 18 0.030994602 
556 255 11 13 0.030898975 
565 244 10 13 0.030363016 
317 157 16 20 0.030145459 
216 146 23 30 0.02995824 
226 95 9 11 0.029956074 
641 376 30 34 0.029616017 
176 129 24 29 0.029380485 
190 157 22 27 0.029103324 
101 66 440 509 0.028939737 
321 209 14 18 0.02867828 
154 174 15 17 0.02865717 
277 158 13 16 0.02831729 
60 162 16 19 0.028236734 
294 58 13 15 0.028170835 
243 167 23 29 0.028043393 
206 109 9 13 0.027943246 
307 211 27 33 0.027917087 
564 250 13 18 0.027812326 
401 178 22 24 0.027774204 
275 154 23 27 0.027267637 
206 86 10 12 0.026616363 
245 191 16 23 0.02645321 
508 207 11 13 0.026348831 
253 288 40 50 0.026315628 
235 156 23 29 0.026263207 
217 115 11 13 0.026234884 
170 154 16 18 0.026091257 
282 169 24 30 0.025893416 
502 175 9 13 0.025882147 
356 165 23 34 0.025759986 
435 233 19 21 0.025631046 
252 191 23 30 0.025532028 
886 48 8 10 0.025235927 
339 94 16 20 0.025175342 
373 99 18 22 0.02507562 
208 92 9 11 0.024861109 
600 232 21 27 0.024359163 
244 179 17 22 0.024047738 
172 106 16 22 0.023787435 
560 248 24 31 0.023582209 
262 85 10 13 0.023395443 
613 220 28 36 0.023371082 
999 1 11 10 0.023145365 
180 147 16 20 0.022920778 
177 154 24 28 0.022894688 
238 110 10 12 0.022863807 
72 210 12 16 0.022817012 
438 299 24 29 0.02274877 
248 80 9 12 0.022651622 
604 220 24 30 0.022586279 
663 370 12 15 0.02249628 
545 268 11 16 0.02229058 
342 215 14 19 0.022072468 
565 239 9 11 0.021985956 
772 77 11 15 0.021803033 
579 243 16 19 0.02178489 
348 91 16 19 0.021781586 
263 117 11 14 0.02154803 
334 72 11 14 0.021510746 
618 214 20 23 0.02136149 
47 188 12 17 0.021319117 
159 157 13 17 0.021287955 
846 77 10 12 0.021255946 
180 179 15 17 0.02098675 
292 183 26 33 0.020921974 
531 150 21 27 0.020867517 
190 94 9 10 0.02076535 
385 87 15 20 0.020752383 
272 98 13 16 0.020680305 
229 110 10 12 0.020613667 
223 102 10 12 0.020591931 
163 184 15 18 0.020453 
39 167 37 50 0.020370675 
161 123 20 26 0.020258911 
253 93 11 14 0.020207202 
