25_Soldier_Patrol_Soldier_Patrol_25_683
24
683 413 211 211 0.99938 
673 608 56 58 0.42168656 
293 204 14 16 0.13263686 
121 149 368 454 0.0623212 
49 511 8 9 0.037206564 
21 429 9 10 0.028890058 
16 429 9 10 0.028175829 
2 477 8 12 0.027416581 
51 360 35 36 0.027371787 
372 164 405 498 0.023304686 
80 560 8 9 0.023220493 
16 424 8 10 0.02303755 
125 656 9 10 0.022669574 
5 479 9 11 0.022571163 
296 208 16 17 0.022168115 
16 661 9 11 0.022002356 
38 557 10 10 0.021670522 
48 527 8 10 0.021554334 
9 630 8 11 0.021164834 
57 544 8 9 0.020861963 
8 635 10 13 0.020662898 
56 565 8 9 0.020607946 
62 544 9 10 0.020163493 
193 663 8 9 0.020100556 
